  0.13812E+04  0.13812E+04  0.13812E+04  0.13812E+04  0.13812E+04  0.13812E+04
  0.13813E+04  0.13813E+04  0.13813E+04  0.13813E+04  0.13813E+04  0.13813E+04
  0.13813E+04  0.13813E+04  0.13813E+04  0.13813E+04  0.13813E+04  0.13813E+04
  0.13814E+04  0.13814E+04  0.13814E+04  0.13814E+04  0.13814E+04  0.13814E+04
  0.13815E+04  0.13815E+04  0.13815E+04  0.13815E+04  0.13815E+04  0.13815E+04
  0.13816E+04  0.13816E+04  0.13816E+04  0.13816E+04  0.13816E+04  0.13816E+04
  0.13818E+04  0.13818E+04  0.13818E+04  0.13818E+04  0.13818E+04  0.13818E+04
  0.13820E+04  0.13820E+04  0.13820E+04  0.13820E+04  0.13820E+04  0.13820E+04
  0.13824E+04  0.13824E+04  0.13824E+04  0.13824E+04  0.13824E+04  0.13824E+04
  0.13828E+04  0.13828E+04  0.13828E+04  0.13828E+04  0.13828E+04  0.13828E+04
  0.13833E+04  0.13833E+04  0.13833E+04  0.13833E+04  0.13833E+04  0.13833E+04
  0.13840E+04  0.13840E+04  0.13840E+04  0.13840E+04  0.13840E+04  0.13840E+04
  0.13849E+04  0.13849E+04  0.13849E+04  0.13849E+04  0.13849E+04  0.13849E+04
  0.13861E+04  0.13861E+04  0.13861E+04  0.13861E+04  0.13861E+04  0.13861E+04
  0.13877E+04  0.13877E+04  0.13877E+04  0.13877E+04  0.13877E+04  0.13877E+04
  0.13898E+04  0.13898E+04  0.13898E+04  0.13898E+04  0.13898E+04  0.13898E+04
  0.13925E+04  0.13925E+04  0.13925E+04  0.13925E+04  0.13925E+04  0.13925E+04
  0.13961E+04  0.13961E+04  0.13961E+04  0.13961E+04  0.13961E+04  0.13961E+04
  0.14008E+04  0.14008E+04  0.14008E+04  0.14008E+04  0.14008E+04  0.14008E+04
  0.14068E+04  0.14068E+04  0.14068E+04  0.14068E+04  0.14068E+04  0.14068E+04
  0.14146E+04  0.14146E+04  0.14146E+04  0.14146E+04  0.14146E+04  0.14146E+04
  0.14247E+04  0.14247E+04  0.14247E+04  0.14247E+04  0.14247E+04  0.14247E+04
  0.14375E+04  0.14375E+04  0.14375E+04  0.14375E+04  0.14375E+04  0.14375E+04
  0.14538E+04  0.14538E+04  0.14538E+04  0.14538E+04  0.14538E+04  0.14538E+04
  0.14742E+04  0.14742E+04  0.14742E+04  0.14742E+04  0.14742E+04  0.14742E+04
  0.14995E+04  0.14995E+04  0.14995E+04  0.14995E+04  0.14995E+04  0.14995E+04
  0.15303E+04  0.15303E+04  0.15303E+04  0.15303E+04  0.15303E+04  0.15303E+04
  0.15672E+04  0.15672E+04  0.15672E+04  0.15672E+04  0.15672E+04  0.15672E+04
  0.16107E+04  0.16107E+04  0.16107E+04  0.16107E+04  0.16107E+04  0.16107E+04
  0.16607E+04  0.16607E+04  0.16607E+04  0.16607E+04  0.16607E+04  0.16607E+04
  0.17167E+04  0.17167E+04  0.17167E+04  0.17167E+04  0.17167E+04  0.17167E+04
  0.17780E+04  0.17780E+04  0.17780E+04  0.17780E+04  0.17780E+04  0.17780E+04
  0.18429E+04  0.18429E+04  0.18429E+04  0.18429E+04  0.18429E+04  0.18429E+04
  0.19092E+04  0.19092E+04  0.19092E+04  0.19092E+04  0.19092E+04  0.19092E+04
  0.19740E+04  0.19740E+04  0.19740E+04  0.19740E+04  0.19740E+04  0.19741E+04
  0.20344E+04  0.20344E+04  0.20344E+04  0.20344E+04  0.20344E+04  0.20344E+04
  0.20869E+04  0.20869E+04  0.20869E+04  0.20869E+04  0.20869E+04  0.20869E+04
  0.21290E+04  0.21290E+04  0.21290E+04  0.21290E+04  0.21290E+04  0.21290E+04
  0.21596E+04  0.21596E+04  0.21596E+04  0.21596E+04  0.21596E+04  0.21596E+04
  0.21796E+04  0.21796E+04  0.21796E+04  0.21796E+04  0.21796E+04  0.21796E+04
  0.21923E+04  0.21923E+04  0.21923E+04  0.21923E+04  0.21923E+04  0.21923E+04
  0.22018E+04  0.22018E+04  0.22018E+04  0.22018E+04  0.22018E+04  0.22018E+04
  0.22113E+04  0.22113E+04  0.22113E+04  0.22113E+04  0.22113E+04  0.22113E+04
  0.22230E+04  0.22230E+04  0.22230E+04  0.22230E+04  0.22230E+04  0.22230E+04
  0.22381E+04  0.22381E+04  0.22381E+04  0.22381E+04  0.22381E+04  0.22381E+04
  0.22574E+04  0.22574E+04  0.22574E+04  0.22574E+04  0.22574E+04  0.22574E+04
  0.22823E+04  0.22823E+04  0.22823E+04  0.22823E+04  0.22823E+04  0.22823E+04
  0.23138E+04  0.23138E+04  0.23138E+04  0.23138E+04  0.23138E+04  0.23138E+04
  0.23535E+04  0.23535E+04  0.23535E+04  0.23535E+04  0.23535E+04  0.23535E+04
  0.24030E+04  0.24030E+04  0.24030E+04  0.24030E+04  0.24030E+04  0.24030E+04
