 1.661e+00  1.711e+00  1.763e+00  1.816e+00  1.869e+00  1.921e+00  1.969e+00  2.007e+00  2.029e+00  2.023e+00  1.974e+00  1.752e+00  1.397e+00  1.055e+00  7.818e-01  5.766e-01  4.240e-01  3.098e-01  2.238e-01  1.611e-01  1.166e-01  8.438e-02  6.105e-02  4.448e-02  3.274e-02  2.440e-02  1.846e-02  1.421e-02  1.109e-02  8.797e-03  7.186e-03  6.124e-03  5.396e-03  4.903e-03  4.682e-03  4.826e-03  5.296e-03  6.201e-03  7.792e-03  1.076e-02  1.668e-02  2.942e-02  5.789e-02  1.001e-01  1.091e-01  9.478e-02  7.497e-02  5.517e-02  4.033e-02  3.207e-02 	
 1.843e+00  1.911e+00  1.983e+00  2.061e+00  2.144e+00  2.231e+00  2.321e+00  2.408e+00  2.485e+00  2.528e+00  2.488e+00  2.284e+00  1.932e+00  1.508e+00  1.126e+00  8.335e-01  6.177e-01  4.558e-01  3.312e-01  2.378e-01  1.702e-01  1.215e-01  8.635e-02  6.157e-02  4.426e-02  3.225e-02  2.389e-02  1.799e-02  1.373e-02  1.068e-02  8.569e-03  7.173e-03  6.217e-03  5.570e-03  5.268e-03  5.375e-03  5.863e-03  6.846e-03  8.609e-03  1.187e-02  1.859e-02  3.381e-02  6.996e-02  1.264e-01  1.370e-01  1.155e-01  8.895e-02  6.389e-02  4.554e-02  3.554e-02 	
 2.013e+00  2.095e+00  2.185e+00  2.284e+00  2.391e+00  2.509e+00  2.636e+00  2.768e+00  2.894e+00  2.991e+00  3.012e+00  2.798e+00  2.462e+00  2.066e+00  1.630e+00  1.227e+00  9.164e-01  6.842e-01  5.037e-01  3.646e-01  2.614e-01  1.854e-01  1.301e-01  9.106e-02  6.408e-02  4.563e-02  3.299e-02  2.426e-02  1.809e-02  1.376e-02  1.081e-02  8.869e-03  7.551e-03  6.662e-03  6.223e-03  6.292e-03  6.818e-03  7.928e-03  9.936e-03  1.366e-02  2.137e-02  3.891e-02  8.077e-02  1.464e-01  1.586e-01  1.334e-01  1.025e-01  7.356e-02  5.231e-02  4.055e-02 	
 2.160e+00  2.253e+00  2.354e+00  2.465e+00  2.589e+00  2.725e+00  2.875e+00  3.036e+00  3.201e+00  3.347e+00  3.420e+00  3.329e+00  3.007e+00  2.599e+00  2.196e+00  1.766e+00  1.351e+00  1.017e+00  7.555e-01  5.546e-01  4.026e-01  2.874e-01  2.011e-01  1.393e-01  9.643e-02  6.728e-02  4.753e-02  3.410e-02  2.480e-02  1.839e-02  1.409e-02  1.127e-02  9.375e-03  8.107e-03  7.445e-03  7.429e-03  7.979e-03  9.223e-03  1.151e-02  1.579e-02  2.465e-02  4.479e-02  9.286e-02  1.682e-01  1.823e-01  1.534e-01  1.180e-01  8.475e-02  6.028e-02  4.657e-02 	
 2.280e+00  2.376e+00  2.480e+00  2.594e+00  2.719e+00  2.857e+00  3.010e+00  3.177e+00  3.356e+00  3.538e+00  3.694e+00  3.662e+00  3.494e+00  3.156e+00  2.723e+00  2.321e+00  1.910e+00  1.493e+00  1.120e+00  8.292e-01  6.112e-01  4.432e-01  3.132e-01  2.172e-01  1.493e-01  1.027e-01  7.117e-02  4.989e-02  3.539e-02  2.556e-02  1.903e-02  1.478e-02  1.194e-02  1.006e-02  9.026e-03  8.842e-03  9.374e-03  1.075e-02  1.335e-02  1.825e-02  2.843e-02  5.159e-02  1.069e-01  1.936e-01  2.099e-01  1.767e-01  1.361e-01  9.774e-02  6.951e-02  5.360e-02 	
 2.368e+00  2.461e+00  2.560e+00  2.665e+00  2.779e+00  2.901e+00  3.033e+00  3.178e+00  3.336e+00  3.507e+00  3.681e+00  3.824e+00  3.801e+00  3.607e+00  3.295e+00  2.858e+00  2.460e+00  2.069e+00  1.636e+00  1.230e+00  9.145e-01  6.728e-01  4.835e-01  3.397e-01  2.346e-01  1.608e-01  1.101e-01  7.582e-02  5.261e-02  3.704e-02  2.677e-02  2.011e-02  1.571e-02  1.281e-02  1.116e-02  1.066e-02  1.110e-02  1.257e-02  1.551e-02  2.112e-02  3.281e-02  5.944e-02  1.230e-01  2.229e-01  2.419e-01  2.038e-01  1.570e-01  1.128e-01  8.020e-02  6.175e-02 	
 2.426e+00  2.510e+00  2.597e+00  2.686e+00  2.778e+00  2.871e+00  2.965e+00  3.062e+00  3.165e+00  3.285e+00  3.441e+00  3.687e+00  3.837e+00  3.867e+00  3.693e+00  3.426e+00  3.019e+00  2.614e+00  2.218e+00  1.781e+00  1.357e+00  1.008e+00  7.335e-01  5.247e-01  3.682e-01  2.544e-01  1.741e-01  1.188e-01  8.108e-02  5.586e-02  3.927e-02  2.853e-02  2.148e-02  1.687e-02  1.417e-02  1.310e-02  1.330e-02  1.481e-02  1.808e-02  2.448e-02  3.790e-02  6.850e-02  1.416e-01  2.568e-01  2.790e-01  2.352e-01  1.812e-01  1.302e-01  9.259e-02  7.120e-02 	
 2.458e+00  2.530e+00  2.601e+00  2.670e+00  2.735e+00  2.793e+00  2.843e+00  2.883e+00  2.915e+00  2.949e+00  3.024e+00  3.263e+00  3.581e+00  3.823e+00  3.920e+00  3.771e+00  3.542e+00  3.187e+00  2.754e+00  2.354e+00  1.936e+00  1.495e+00  1.100e+00  7.955e-01  5.683e-01  3.998e-01  2.769e-01  1.893e-01  1.283e-01  8.713e-02  5.989e-02  4.219e-02  3.061e-02  2.309e-02  1.858e-02  1.649e-02  1.620e-02  1.763e-02  2.120e-02  2.845e-02  4.382e-02  7.897e-02  1.630e-01  2.958e-01  3.219e-01  2.717e-01  2.094e-01  1.505e-01  1.070e-01  8.218e-02 	
 2.469e+00  2.528e+00  2.583e+00  2.632e+00  2.672e+00  2.701e+00  2.713e+00  2.705e+00  2.674e+00  2.625e+00  2.587e+00  2.742e+00  3.086e+00  3.479e+00  3.779e+00  3.932e+00  3.865e+00  3.660e+00  3.342e+00  2.899e+00  2.503e+00  2.094e+00  1.628e+00  1.195e+00  8.622e-01  6.164e-01  4.351e-01  3.017e-01  2.057e-01  1.391e-01  9.421e-02  6.474e-02  4.542e-02  3.291e-02  2.529e-02  2.139e-02  2.016e-02  2.127e-02  2.505e-02  3.320e-02  5.076e-02  9.108e-02  1.876e-01  3.407e-01  3.717e-01  3.141e-01  2.422e-01  1.741e-01  1.237e-01  9.497e-02 	
 2.466e+00  2.513e+00  2.554e+00  2.587e+00  2.609e+00  2.617e+00  2.608e+00  2.576e+00  2.519e+00  2.435e+00  2.333e+00  2.367e+00  2.579e+00  2.948e+00  3.370e+00  3.747e+00  3.914e+00  3.929e+00  3.747e+00  3.481e+00  3.073e+00  2.655e+00  2.235e+00  1.759e+00  1.297e+00  9.350e-01  6.690e-01  4.731e-01  3.281e-01  2.237e-01  1.511e-01  1.023e-01  6.987e-02  4.882e-02  3.583e-02  2.875e-02  2.579e-02  2.614e-02  2.993e-02  3.896e-02  5.894e-02  1.051e-01  2.159e-01  3.925e-01  4.295e-01  3.636e-01  2.806e-01  2.017e-01  1.433e-01  1.099e-01 	
 2.454e+00  2.491e+00  2.521e+00  2.542e+00  2.554e+00  2.553e+00  2.539e+00  2.509e+00  2.466e+00  2.411e+00  2.350e+00  2.286e+00  2.291e+00  2.478e+00  2.824e+00  3.249e+00  3.639e+00  3.878e+00  3.975e+00  3.825e+00  3.610e+00  3.242e+00  2.784e+00  2.355e+00  1.882e+00  1.405e+00  1.014e+00  7.257e-01  5.131e-01  3.563e-01  2.432e-01  1.642e-01  1.104e-01  7.497e-02  5.275e-02  4.011e-02  3.405e-02  3.288e-02  3.629e-02  4.610e-02  6.868e-02  1.214e-01  2.484e-01  4.522e-01  4.968e-01  4.216e-01  3.257e-01  2.342e-01  1.663e-01  1.275e-01 	
 2.437e+00  2.465e+00  2.487e+00  2.502e+00  2.508e+00  2.505e+00  2.495e+00  2.479e+00  2.464e+00  2.460e+00  2.479e+00  2.428e+00  2.318e+00  2.280e+00  2.386e+00  2.684e+00  3.109e+00  3.512e+00  3.810e+00  3.979e+00  3.925e+00  3.728e+00  3.395e+00  2.915e+00  2.472e+00  2.010e+00  1.523e+00  1.101e+00  7.857e-01  5.551e-01  3.861e-01  2.634e-01  1.768e-01  1.180e-01  8.034e-02  5.812e-02  4.658e-02  4.255e-02  4.484e-02  5.513e-02  8.042e-02  1.404e-01  2.857e-01  5.208e-01  5.753e-01  4.899e-01  3.791e-01  2.727e-01  1.935e-01  1.482e-01 	
 2.416e+00  2.439e+00  2.455e+00  2.465e+00  2.468e+00  2.466e+00  2.459e+00  2.451e+00  2.448e+00  2.460e+00  2.500e+00  2.549e+00  2.503e+00  2.365e+00  2.247e+00  2.317e+00  2.570e+00  2.948e+00  3.374e+00  3.767e+00  3.960e+00  3.990e+00  3.812e+00  3.526e+00  3.056e+00  2.591e+00  2.141e+00  1.645e+00  1.192e+00  8.478e-01  5.981e-01  4.155e-01  2.819e-01  1.878e-01  1.253e-01  8.700e-02  6.604e-02  5.684e-02  5.673e-02  6.688e-02  9.480e-02  1.627e-01  3.284e-01  5.996e-01  6.670e-01  5.707e-01  4.427e-01  3.187e-01  2.260e-01  1.729e-01 	
 2.394e+00  2.412e+00  2.424e+00  2.431e+00  2.432e+00  2.429e+00  2.422e+00  2.413e+00  2.405e+00  2.397e+00  2.386e+00  2.441e+00  2.523e+00  2.518e+00  2.400e+00  2.274e+00  2.266e+00  2.452e+00  2.803e+00  3.236e+00  3.651e+00  3.921e+00  4.047e+00  3.884e+00  3.628e+00  3.190e+00  2.702e+00  2.254e+00  1.760e+00  1.284e+00  9.096e-01  6.395e-01  4.411e-01  2.970e-01  1.972e-01  1.333e-01  9.662e-02  7.846e-02  7.373e-02  8.257e-02  1.127e-01  1.890e-01  3.772e-01  6.898e-01  7.744e-01  6.670e-01  5.191e-01  3.741e-01  2.651e-01  2.026e-01 	
 2.371e+00  2.385e+00  2.394e+00  2.399e+00  2.398e+00  2.393e+00  2.385e+00  2.375e+00  2.362e+00  2.348e+00  2.334e+00  2.328e+00  2.386e+00  2.493e+00  2.544e+00  2.450e+00  2.300e+00  2.256e+00  2.358e+00  2.653e+00  3.085e+00  3.522e+00  3.855e+00  4.051e+00  3.970e+00  3.729e+00  3.332e+00  2.823e+00  2.360e+00  1.871e+00  1.375e+00  9.703e-01  6.744e-01  4.602e-01  3.079e-01  2.059e-01  1.446e-01  1.116e-01  9.861e-02  1.041e-01  1.355e-01  2.201e-01  4.326e-01  7.924e-01  9.003e-01  7.825e-01  6.121e-01  4.420e-01  3.131e-01  2.388e-01 	
 2.348e+00  2.359e+00  2.366e+00  2.368e+00  2.366e+00  2.360e+00  2.351e+00  2.341e+00  2.329e+00  2.321e+00  2.326e+00  2.339e+00  2.329e+00  2.359e+00  2.476e+00  2.572e+00  2.515e+00  2.369e+00  2.236e+00  2.290e+00  2.531e+00  2.926e+00  3.392e+00  3.823e+00  4.032e+00  4.025e+00  3.809e+00  3.463e+00  2.948e+00  2.461e+00  1.976e+00  1.458e+00  1.019e+00  6.975e-01  4.706e-01  3.155e-01  2.182e-01  1.621e-01  1.354e-01  1.341e-01  1.649e-01  2.573e-01  4.953e-01  9.078e-01  1.047e+00  9.219e-01  7.265e-01  5.264e-01  3.727e-01  2.839e-01 	
 2.326e+00  2.334e+00  2.339e+00  2.339e+00  2.336e+00  2.329e+00  2.321e+00  2.310e+00  2.299e+00  2.290e+00  2.282e+00  2.300e+00  2.334e+00  2.332e+00  2.337e+00  2.434e+00  2.540e+00  2.539e+00  2.414e+00  2.269e+00  2.241e+00  2.420e+00  2.789e+00  3.253e+00  3.717e+00  4.005e+00  4.095e+00  3.876e+00  3.560e+00  3.060e+00  2.541e+00  2.045e+00  1.513e+00  1.046e+00  7.048e-01  4.743e-01  3.269e-01  2.376e-01  1.896e-01  1.763e-01  2.033e-01  3.019e-01  5.656e-01  1.036e+00  1.218e+00  1.090e+00  8.690e-01  6.332e-01  4.485e-01  3.409e-01 	
 2.303e+00  2.310e+00  2.313e+00  2.312e+00  2.308e+00  2.301e+00  2.292e+00  2.282e+00  2.272e+00  2.265e+00  2.265e+00  2.271e+00  2.286e+00  2.326e+00  2.339e+00  2.323e+00  2.384e+00  2.501e+00  2.563e+00  2.468e+00  2.306e+00  2.239e+00  2.327e+00  2.635e+00  3.133e+00  3.630e+00  3.954e+00  4.111e+00  3.953e+00  3.651e+00  3.164e+00  2.609e+00  2.083e+00  1.536e+00  1.048e+00  7.013e-01  4.817e-01  3.462e-01  2.677e-01  2.351e-01  2.534e-01  3.553e-01  6.433e-01  1.174e+00  1.411e+00  1.293e+00  1.048e+00  7.707e-01  5.471e-01  4.151e-01 	
 2.282e+00  2.287e+00  2.288e+00  2.287e+00  2.283e+00  2.276e+00  2.267e+00  2.257e+00  2.248e+00  2.240e+00  2.235e+00  2.247e+00  2.268e+00  2.277e+00  2.315e+00  2.348e+00  2.325e+00  2.351e+00  2.476e+00  2.584e+00  2.540e+00  2.382e+00  2.213e+00  2.259e+00  2.545e+00  3.005e+00  3.517e+00  3.923e+00  4.097e+00  4.003e+00  3.712e+00  3.248e+00  2.652e+00  2.086e+00  1.524e+00  1.030e+00  7.011e-01  4.978e-01  3.763e-01  3.155e-01  3.182e-01  4.187e-01  7.276e-01  1.317e+00  1.623e+00  1.532e+00  1.272e+00  9.503e-01  6.783e-01  5.140e-01 	
 2.261e+00  2.265e+00  2.266e+00  2.264e+00  2.259e+00  2.252e+00  2.244e+00  2.235e+00  2.226e+00  2.219e+00  2.217e+00  2.227e+00  2.239e+00  2.264e+00  2.271e+00  2.298e+00  2.344e+00  2.336e+00  2.333e+00  2.429e+00  2.545e+00  2.557e+00  2.420e+00  2.247e+00  2.219e+00  2.439e+00  2.879e+00  3.365e+00  3.836e+00  4.078e+00  4.056e+00  3.739e+00  3.273e+00  2.646e+00  2.041e+00  1.473e+00  1.015e+00  7.102e-01  5.241e-01  4.222e-01  4.003e-01  4.928e-01  8.172e-01  1.459e+00  1.841e+00  1.803e+00  1.548e+00  1.186e+00  8.564e-01  6.495e-01 	
 2.241e+00  2.244e+00  2.244e+00  2.242e+00  2.237e+00  2.231e+00  2.223e+00  2.214e+00  2.206e+00  2.200e+00  2.198e+00  2.203e+00  2.220e+00  2.234e+00  2.259e+00  2.276e+00  2.288e+00  2.332e+00  2.345e+00  2.322e+00  2.372e+00  2.501e+00  2.583e+00  2.470e+00  2.267e+00  2.207e+00  2.348e+00  2.711e+00  3.272e+00  3.771e+00  4.036e+00  4.070e+00  3.748e+00  3.257e+00  2.587e+00  1.960e+00  1.428e+00  1.009e+00  7.272e-01  5.626e-01  5.024e-01  5.782e-01  9.108e-01  1.591e+00  2.049e+00  2.088e+00  1.873e+00  1.491e+00  1.100e+00  8.388e-01 	
 2.222e+00  2.225e+00  2.224e+00  2.222e+00  2.217e+00  2.211e+00  2.203e+00  2.195e+00  2.188e+00  2.182e+00  2.179e+00  2.186e+00  2.200e+00  2.215e+00  2.230e+00  2.247e+00  2.273e+00  2.277e+00  2.314e+00  2.353e+00  2.328e+00  2.346e+00  2.481e+00  2.595e+00  2.520e+00  2.334e+00  2.172e+00  2.255e+00  2.636e+00  3.136e+00  3.681e+00  3.995e+00  4.034e+00  3.716e+00  3.187e+00  2.497e+00  1.887e+00  1.393e+00  1.007e+00  7.495e-01  6.295e-01  6.762e-01  1.008e+00  1.710e+00  2.224e+00  2.353e+00  2.222e+00  1.866e+00  1.430e+00  1.105e+00 	
 2.205e+00  2.206e+00  2.206e+00  2.203e+00  2.199e+00  2.192e+00  2.185e+00  2.178e+00  2.171e+00  2.165e+00  2.163e+00  2.169e+00  2.182e+00  2.196e+00  2.208e+00  2.230e+00  2.240e+00  2.267e+00  2.273e+00  2.297e+00  2.348e+00  2.340e+00  2.324e+00  2.424e+00  2.557e+00  2.559e+00  2.387e+00  2.212e+00  2.225e+00  2.505e+00  3.056e+00  3.565e+00  3.957e+00  3.992e+00  3.632e+00  3.056e+00  2.401e+00  1.819e+00  1.354e+00  9.935e-01  7.886e-01  7.891e-01  1.110e+00  1.815e+00  2.355e+00  2.561e+00  2.543e+00  2.281e+00  1.851e+00  1.469e+00 	
 2.188e+00  2.189e+00  2.189e+00  2.186e+00  2.181e+00  2.176e+00  2.169e+00  2.162e+00  2.155e+00  2.150e+00  2.148e+00  2.154e+00  2.166e+00  2.177e+00  2.193e+00  2.205e+00  2.223e+00  2.235e+00  2.260e+00  2.280e+00  2.286e+00  2.333e+00  2.351e+00  2.317e+00  2.377e+00  2.544e+00  2.623e+00  2.446e+00  2.201e+00  2.185e+00  2.457e+00  2.925e+00  3.522e+00  3.897e+00  3.915e+00  3.526e+00  2.934e+00  2.303e+00  1.736e+00  1.283e+00  9.811e-01  9.185e-01  1.217e+00  1.911e+00  2.449e+00  2.694e+00  2.777e+00  2.663e+00  2.327e+00  1.931e+00 	
 2.172e+00  2.173e+00  2.172e+00  2.170e+00  2.166e+00  2.160e+00  2.154e+00  2.148e+00  2.142e+00  2.137e+00  2.135e+00  2.141e+00  2.150e+00  2.162e+00  2.175e+00  2.186e+00  2.202e+00  2.217e+00  2.233e+00  2.247e+00  2.276e+00  2.277e+00  2.313e+00  2.358e+00  2.322e+00  2.354e+00  2.522e+00  2.586e+00  2.447e+00  2.236e+00  2.154e+00  2.364e+00  2.906e+00  3.460e+00  3.879e+00  3.807e+00  3.402e+00  2.806e+00  2.180e+00  1.606e+00  1.199e+00  1.062e+00  1.329e+00  2.002e+00  2.520e+00  2.768e+00  2.900e+00  2.923e+00  2.755e+00  2.429e+00 	
 2.157e+00  2.158e+00  2.157e+00  2.155e+00  2.151e+00  2.146e+00  2.140e+00  2.135e+00  2.129e+00  2.125e+00  2.123e+00  2.128e+00  2.137e+00  2.148e+00  2.159e+00  2.169e+00  2.183e+00  2.198e+00  2.209e+00  2.232e+00  2.239e+00  2.268e+00  2.272e+00  2.292e+00  2.354e+00  2.329e+00  2.321e+00  2.437e+00  2.561e+00  2.481e+00  2.253e+00  2.179e+00  2.404e+00  2.854e+00  3.477e+00  3.811e+00  3.705e+00  3.257e+00  2.629e+00  1.973e+00  1.442e+00  1.216e+00  1.442e+00  2.084e+00  2.580e+00  2.816e+00  2.947e+00  3.033e+00  3.019e+00  2.830e+00 	
 2.143e+00  2.144e+00  2.143e+00  2.141e+00  2.138e+00  2.133e+00  2.128e+00  2.123e+00  2.117e+00  2.114e+00  2.112e+00  2.117e+00  2.125e+00  2.135e+00  2.144e+00  2.155e+00  2.167e+00  2.180e+00  2.194e+00  2.207e+00  2.225e+00  2.236e+00  2.262e+00  2.285e+00  2.291e+00  2.351e+00  2.344e+00  2.310e+00  2.408e+00  2.591e+00  2.574e+00  2.345e+00  2.200e+00  2.354e+00  2.913e+00  3.503e+00  3.744e+00  3.568e+00  3.053e+00  2.346e+00  1.705e+00  1.379e+00  1.553e+00  2.153e+00  2.621e+00  2.853e+00  2.973e+00  3.053e+00  3.096e+00  3.026e+00 	
 2.129e+00  2.131e+00  2.130e+00  2.128e+00  2.125e+00  2.121e+00  2.116e+00  2.112e+00  2.107e+00  2.103e+00  2.102e+00  2.106e+00  2.114e+00  2.122e+00  2.131e+00  2.142e+00  2.152e+00  2.163e+00  2.177e+00  2.187e+00  2.204e+00  2.218e+00  2.236e+00  2.246e+00  2.282e+00  2.281e+00  2.333e+00  2.356e+00  2.320e+00  2.401e+00  2.551e+00  2.555e+00  2.339e+00  2.220e+00  2.462e+00  2.989e+00  3.473e+00  3.650e+00  3.352e+00  2.700e+00  1.974e+00  1.547e+00  1.661e+00  2.211e+00  2.641e+00  2.864e+00  2.989e+00  3.056e+00  3.085e+00  3.053e+00 	
 2.117e+00  2.118e+00  2.118e+00  2.116e+00  2.114e+00  2.110e+00  2.106e+00  2.102e+00  2.097e+00  2.094e+00  2.093e+00  2.097e+00  2.104e+00  2.111e+00  2.120e+00  2.129e+00  2.138e+00  2.149e+00  2.160e+00  2.171e+00  2.185e+00  2.200e+00  2.208e+00  2.235e+00  2.242e+00  2.275e+00  2.263e+00  2.297e+00  2.353e+00  2.315e+00  2.327e+00  2.504e+00  2.550e+00  2.370e+00  2.230e+00  2.472e+00  2.990e+00  3.455e+00  3.466e+00  2.973e+00  2.229e+00  1.715e+00  1.765e+00  2.257e+00  2.646e+00  2.850e+00  2.972e+00  3.049e+00  3.075e+00  3.040e+00 	
 2.105e+00  2.106e+00  2.106e+00  2.105e+00  2.103e+00  2.100e+00  2.096e+00  2.092e+00  2.089e+00  2.086e+00  2.085e+00  2.088e+00  2.094e+00  2.102e+00  2.109e+00  2.118e+00  2.126e+00  2.136e+00  2.145e+00  2.156e+00  2.168e+00  2.181e+00  2.194e+00  2.209e+00  2.227e+00  2.234e+00  2.272e+00  2.272e+00  2.286e+00  2.358e+00  2.319e+00  2.310e+00  2.481e+00  2.520e+00  2.307e+00  2.217e+00  2.543e+00  3.062e+00  3.345e+00  3.105e+00  2.442e+00  1.873e+00  1.861e+00  2.292e+00  2.638e+00  2.825e+00  2.934e+00  3.008e+00  3.051e+00  3.035e+00 	
 2.093e+00  2.095e+00  2.096e+00  2.095e+00  2.093e+00  2.090e+00  2.087e+00  2.084e+00  2.081e+00  2.078e+00  2.077e+00  2.080e+00  2.086e+00  2.093e+00  2.100e+00  2.107e+00  2.115e+00  2.123e+00  2.133e+00  2.143e+00  2.153e+00  2.165e+00  2.178e+00  2.188e+00  2.205e+00  2.224e+00  2.235e+00  2.251e+00  2.279e+00  2.284e+00  2.367e+00  2.339e+00  2.331e+00  2.471e+00  2.497e+00  2.307e+00  2.306e+00  2.620e+00  3.014e+00  3.063e+00  2.580e+00  2.011e+00  1.947e+00  2.318e+00  2.622e+00  2.789e+00  2.892e+00  2.954e+00  2.990e+00  2.991e+00 	
 2.083e+00  2.085e+00  2.085e+00  2.085e+00  2.084e+00  2.082e+00  2.079e+00  2.076e+00  2.073e+00  2.071e+00  2.070e+00  2.073e+00  2.078e+00  2.084e+00  2.091e+00  2.097e+00  2.105e+00  2.112e+00  2.121e+00  2.130e+00  2.139e+00  2.151e+00  2.161e+00  2.171e+00  2.187e+00  2.203e+00  2.211e+00  2.242e+00  2.248e+00  2.283e+00  2.269e+00  2.344e+00  2.337e+00  2.312e+00  2.459e+00  2.439e+00  2.267e+00  2.306e+00  2.629e+00  2.878e+00  2.624e+00  2.117e+00  2.020e+00  2.335e+00  2.599e+00  2.749e+00  2.841e+00  2.900e+00  2.928e+00  2.923e+00 	
 2.072e+00  2.075e+00  2.076e+00  2.076e+00  2.075e+00  2.074e+00  2.071e+00  2.069e+00  2.067e+00  2.065e+00  2.064e+00  2.067e+00  2.071e+00  2.077e+00  2.083e+00  2.089e+00  2.095e+00  2.102e+00  2.110e+00  2.119e+00  2.128e+00  2.137e+00  2.145e+00  2.158e+00  2.171e+00  2.181e+00  2.200e+00  2.208e+00  2.231e+00  2.240e+00  2.286e+00  2.274e+00  2.328e+00  2.330e+00  2.306e+00  2.446e+00  2.406e+00  2.295e+00  2.390e+00  2.641e+00  2.581e+00  2.186e+00  2.078e+00  2.343e+00  2.572e+00  2.706e+00  2.791e+00  2.842e+00  2.869e+00  2.868e+00 	
 2.062e+00  2.065e+00  2.067e+00  2.067e+00  2.067e+00  2.066e+00  2.064e+00  2.062e+00  2.060e+00  2.059e+00  2.058e+00  2.061e+00  2.065e+00  2.070e+00  2.075e+00  2.081e+00  2.087e+00  2.093e+00  2.100e+00  2.108e+00  2.116e+00  2.125e+00  2.134e+00  2.146e+00  2.154e+00  2.164e+00  2.184e+00  2.187e+00  2.206e+00  2.225e+00  2.218e+00  2.270e+00  2.271e+00  2.325e+00  2.329e+00  2.338e+00  2.451e+00  2.399e+00  2.302e+00  2.433e+00  2.485e+00  2.217e+00  2.119e+00  2.345e+00  2.543e+00  2.662e+00  2.740e+00  2.787e+00  2.811e+00  2.810e+00 	
 2.053e+00  2.056e+00  2.058e+00  2.059e+00  2.060e+00  2.059e+00  2.058e+00  2.056e+00  2.055e+00  2.053e+00  2.053e+00  2.055e+00  2.059e+00  2.064e+00  2.069e+00  2.074e+00  2.079e+00  2.085e+00  2.091e+00  2.098e+00  2.105e+00  2.113e+00  2.121e+00  2.129e+00  2.138e+00  2.152e+00  2.167e+00  2.170e+00  2.190e+00  2.197e+00  2.219e+00  2.231e+00  2.254e+00  2.257e+00  2.324e+00  2.313e+00  2.351e+00  2.437e+00  2.372e+00  2.354e+00  2.395e+00  2.224e+00  2.146e+00  2.340e+00  2.512e+00  2.619e+00  2.690e+00  2.734e+00  2.755e+00  2.756e+00 	
 2.044e+00  2.048e+00  2.050e+00  2.052e+00  2.052e+00  2.052e+00  2.052e+00  2.051e+00  2.049e+00  2.049e+00  2.048e+00  2.051e+00  2.054e+00  2.058e+00  2.063e+00  2.067e+00  2.072e+00  2.078e+00  2.083e+00  2.089e+00  2.096e+00  2.103e+00  2.111e+00  2.120e+00  2.130e+00  2.140e+00  2.147e+00  2.155e+00  2.175e+00  2.177e+00  2.206e+00  2.207e+00  2.231e+00  2.258e+00  2.242e+00  2.307e+00  2.297e+00  2.354e+00  2.415e+00  2.358e+00  2.337e+00  2.220e+00  2.162e+00  2.330e+00  2.481e+00  2.576e+00  2.641e+00  2.682e+00  2.702e+00  2.702e+00 	
 2.035e+00  2.039e+00  2.042e+00  2.044e+00  2.046e+00  2.046e+00  2.046e+00  2.045e+00  2.045e+00  2.044e+00  2.044e+00  2.046e+00  2.049e+00  2.053e+00  2.057e+00  2.061e+00  2.066e+00  2.071e+00  2.076e+00  2.081e+00  2.088e+00  2.094e+00  2.101e+00  2.109e+00  2.117e+00  2.124e+00  2.132e+00  2.146e+00  2.160e+00  2.160e+00  2.184e+00  2.196e+00  2.209e+00  2.215e+00  2.256e+00  2.250e+00  2.295e+00  2.287e+00  2.350e+00  2.362e+00  2.311e+00  2.212e+00  2.170e+00  2.317e+00  2.449e+00  2.535e+00  2.595e+00  2.632e+00  2.651e+00  2.652e+00 	
 2.026e+00  2.031e+00  2.035e+00  2.037e+00  2.039e+00  2.040e+00  2.040e+00  2.040e+00  2.040e+00  2.040e+00  2.040e+00  2.042e+00  2.045e+00  2.048e+00  2.052e+00  2.056e+00  2.060e+00  2.064e+00  2.069e+00  2.074e+00  2.080e+00  2.086e+00  2.092e+00  2.099e+00  2.106e+00  2.113e+00  2.123e+00  2.133e+00  2.139e+00  2.145e+00  2.169e+00  2.181e+00  2.185e+00  2.207e+00  2.210e+00  2.246e+00  2.257e+00  2.287e+00  2.279e+00  2.323e+00  2.292e+00  2.204e+00  2.172e+00  2.301e+00  2.418e+00  2.495e+00  2.550e+00  2.586e+00  2.603e+00  2.604e+00 	
 2.018e+00  2.023e+00  2.027e+00  2.030e+00  2.033e+00  2.034e+00  2.035e+00  2.036e+00  2.036e+00  2.036e+00  2.036e+00  2.038e+00  2.041e+00  2.044e+00  2.047e+00  2.051e+00  2.055e+00  2.059e+00  2.063e+00  2.068e+00  2.073e+00  2.078e+00  2.084e+00  2.090e+00  2.097e+00  2.104e+00  2.113e+00  2.121e+00  2.129e+00  2.141e+00  2.159e+00  2.162e+00  2.161e+00  2.193e+00  2.199e+00  2.212e+00  2.236e+00  2.255e+00  2.277e+00  2.277e+00  2.265e+00  2.194e+00  2.171e+00  2.285e+00  2.388e+00  2.458e+00  2.508e+00  2.541e+00  2.558e+00  2.559e+00 	
 2.009e+00  2.015e+00  2.020e+00  2.024e+00  2.027e+00  2.029e+00  2.030e+00  2.031e+00  2.032e+00  2.032e+00  2.033e+00  2.035e+00  2.037e+00  2.040e+00  2.043e+00  2.046e+00  2.050e+00  2.053e+00  2.057e+00  2.062e+00  2.066e+00  2.071e+00  2.076e+00  2.082e+00  2.088e+00  2.095e+00  2.102e+00  2.109e+00  2.116e+00  2.126e+00  2.135e+00  2.136e+00  2.144e+00  2.174e+00  2.201e+00  2.195e+00  2.212e+00  2.226e+00  2.247e+00  2.256e+00  2.238e+00  2.185e+00  2.168e+00  2.268e+00  2.359e+00  2.422e+00  2.469e+00  2.500e+00  2.515e+00  2.517e+00 	
 2.001e+00  2.007e+00  2.012e+00  2.017e+00  2.021e+00  2.023e+00  2.026e+00  2.027e+00  2.028e+00  2.029e+00  2.030e+00  2.032e+00  2.034e+00  2.037e+00  2.039e+00  2.042e+00  2.045e+00  2.049e+00  2.052e+00  2.056e+00  2.060e+00  2.065e+00  2.070e+00  2.075e+00  2.080e+00  2.086e+00  2.092e+00  2.099e+00  2.107e+00  2.117e+00  2.123e+00  2.129e+00  2.141e+00  2.165e+00  2.190e+00  2.193e+00  2.191e+00  2.210e+00  2.220e+00  2.233e+00  2.219e+00  2.175e+00  2.163e+00  2.251e+00  2.332e+00  2.388e+00  2.432e+00  2.461e+00  2.475e+00  2.477e+00 	
 1.992e+00  1.999e+00  2.005e+00  2.010e+00  2.014e+00  2.018e+00  2.021e+00  2.023e+00  2.025e+00  2.026e+00  2.027e+00  2.029e+00  2.031e+00  2.033e+00  2.036e+00  2.038e+00  2.041e+00  2.044e+00  2.048e+00  2.051e+00  2.055e+00  2.059e+00  2.063e+00  2.068e+00  2.073e+00  2.079e+00  2.084e+00  2.090e+00  2.098e+00  2.105e+00  2.110e+00  2.121e+00  2.138e+00  2.156e+00  2.174e+00  2.183e+00  2.180e+00  2.187e+00  2.204e+00  2.209e+00  2.202e+00  2.165e+00  2.156e+00  2.234e+00  2.306e+00  2.357e+00  2.397e+00  2.424e+00  2.438e+00  2.440e+00 	
 1.983e+00  1.991e+00  1.997e+00  2.003e+00  2.008e+00  2.013e+00  2.016e+00  2.019e+00  2.021e+00  2.023e+00  2.025e+00  2.026e+00  2.028e+00  2.030e+00  2.033e+00  2.035e+00  2.038e+00  2.040e+00  2.043e+00  2.047e+00  2.050e+00  2.054e+00  2.058e+00  2.062e+00  2.067e+00  2.072e+00  2.077e+00  2.082e+00  2.088e+00  2.096e+00  2.101e+00  2.111e+00  2.119e+00  2.131e+00  2.150e+00  2.165e+00  2.170e+00  2.170e+00  2.183e+00  2.192e+00  2.184e+00  2.153e+00  2.148e+00  2.217e+00  2.281e+00  2.328e+00  2.365e+00  2.390e+00  2.404e+00  2.405e+00 	
 1.974e+00  1.982e+00  1.990e+00  1.996e+00  2.002e+00  2.007e+00  2.011e+00  2.015e+00  2.018e+00  2.020e+00  2.022e+00  2.024e+00  2.026e+00  2.028e+00  2.030e+00  2.032e+00  2.034e+00  2.037e+00  2.040e+00  2.042e+00  2.046e+00  2.049e+00  2.053e+00  2.057e+00  2.061e+00  2.065e+00  2.070e+00  2.075e+00  2.080e+00  2.086e+00  2.093e+00  2.100e+00  2.108e+00  2.117e+00  2.125e+00  2.142e+00  2.154e+00  2.159e+00  2.165e+00  2.173e+00  2.168e+00  2.143e+00  2.140e+00  2.201e+00  2.258e+00  2.300e+00  2.334e+00  2.359e+00  2.371e+00  2.373e+00 	
 1.964e+00  1.973e+00  1.981e+00  1.989e+00  1.995e+00  2.001e+00  2.007e+00  2.011e+00  2.015e+00  2.018e+00  2.020e+00  2.022e+00  2.024e+00  2.025e+00  2.027e+00  2.029e+00  2.031e+00  2.034e+00  2.036e+00  2.039e+00  2.042e+00  2.045e+00  2.048e+00  2.052e+00  2.055e+00  2.059e+00  2.064e+00  2.069e+00  2.074e+00  2.079e+00  2.084e+00  2.091e+00  2.098e+00  2.105e+00  2.115e+00  2.122e+00  2.135e+00  2.145e+00  2.152e+00  2.158e+00  2.153e+00  2.133e+00  2.132e+00  2.186e+00  2.237e+00  2.275e+00  2.306e+00  2.329e+00  2.341e+00  2.342e+00 	
 1.954e+00  1.964e+00  1.972e+00  1.981e+00  1.988e+00  1.995e+00  2.001e+00  2.007e+00  2.011e+00  2.015e+00  2.018e+00  2.020e+00  2.022e+00  2.023e+00  2.025e+00  2.027e+00  2.028e+00  2.031e+00  2.033e+00  2.035e+00  2.038e+00  2.041e+00  2.044e+00  2.047e+00  2.050e+00  2.054e+00  2.058e+00  2.063e+00  2.067e+00  2.072e+00  2.077e+00  2.082e+00  2.088e+00  2.095e+00  2.104e+00  2.112e+00  2.119e+00  2.130e+00  2.139e+00  2.144e+00  2.141e+00  2.124e+00  2.124e+00  2.172e+00  2.217e+00  2.252e+00  2.281e+00  2.302e+00  2.314e+00  2.314e+00 	
 1.943e+00  1.953e+00  1.963e+00  1.972e+00  1.980e+00  1.988e+00  1.995e+00  2.002e+00  2.008e+00  2.012e+00  2.016e+00  2.018e+00  2.020e+00  2.021e+00  2.023e+00  2.024e+00  2.026e+00  2.028e+00  2.030e+00  2.032e+00  2.035e+00  2.037e+00  2.040e+00  2.043e+00  2.046e+00  2.049e+00  2.053e+00  2.057e+00  2.061e+00  2.066e+00  2.071e+00  2.076e+00  2.082e+00  2.088e+00  2.095e+00  2.103e+00  2.109e+00  2.117e+00  2.125e+00  2.131e+00  2.129e+00  2.115e+00  2.117e+00  2.159e+00  2.199e+00  2.230e+00  2.257e+00  2.277e+00  2.288e+00  2.288e+00 	
 1.931e+00  1.942e+00  1.952e+00  1.962e+00  1.971e+00  1.980e+00  1.988e+00  1.996e+00  2.003e+00  2.009e+00  2.014e+00  2.017e+00  2.018e+00  2.019e+00  2.021e+00  2.022e+00  2.024e+00  2.026e+00  2.027e+00  2.029e+00  2.032e+00  2.034e+00  2.036e+00  2.039e+00  2.042e+00  2.045e+00  2.048e+00  2.052e+00  2.056e+00  2.060e+00  2.064e+00  2.069e+00  2.075e+00  2.080e+00  2.087e+00  2.094e+00  2.100e+00  2.107e+00  2.114e+00  2.120e+00  2.118e+00  2.107e+00  2.109e+00  2.146e+00  2.182e+00  2.210e+00  2.235e+00  2.254e+00  2.265e+00  2.264e+00 	
 1.919e+00  1.930e+00  1.940e+00  1.951e+00  1.961e+00  1.970e+00  1.979e+00  1.988e+00  1.997e+00  2.005e+00  2.012e+00  2.015e+00  2.017e+00  2.018e+00  2.019e+00  2.020e+00  2.022e+00  2.023e+00  2.025e+00  2.027e+00  2.029e+00  2.031e+00  2.033e+00  2.036e+00  2.038e+00  2.041e+00  2.044e+00  2.048e+00  2.051e+00  2.055e+00  2.059e+00  2.063e+00  2.068e+00  2.073e+00  2.079e+00  2.085e+00  2.091e+00  2.098e+00  2.104e+00  2.109e+00  2.108e+00  2.100e+00  2.102e+00  2.135e+00  2.167e+00  2.192e+00  2.215e+00  2.233e+00  2.243e+00  2.239e+00 	
 1.905e+00  1.916e+00  1.927e+00  1.938e+00  1.948e+00  1.959e+00  1.969e+00  1.978e+00  1.988e+00  1.997e+00  2.006e+00  2.011e+00  2.013e+00  2.015e+00  2.016e+00  2.017e+00  2.019e+00  2.020e+00  2.022e+00  2.024e+00  2.025e+00  2.027e+00  2.029e+00  2.032e+00  2.034e+00  2.037e+00  2.040e+00  2.043e+00  2.046e+00  2.049e+00  2.053e+00  2.057e+00  2.061e+00  2.066e+00  2.071e+00  2.076e+00  2.082e+00  2.088e+00  2.093e+00  2.098e+00  2.098e+00  2.092e+00  2.096e+00  2.123e+00  2.150e+00  2.172e+00  2.191e+00  2.206e+00  2.213e+00  2.206e+00 	
