 6.619e-02  1.000e-08  1.000e-08  1.000e-08  1.000e-08  1.000e-08  1.000e-08  1.000e-08  1.000e-08  1.000e-08  1.000e-08  1.000e-08  1.000e-08  1.305e-02  4.379e-02  7.901e-02  1.171e-01  1.567e-01  1.963e-01  2.350e-01  2.722e-01  3.075e-01  3.408e-01  3.715e-01  4.007e-01  4.274e-01  4.524e-01  4.753e-01  4.968e-01  5.167e-01  5.350e-01  5.522e-01  5.679e-01  5.827e-01  5.963e-01  6.090e-01  6.207e-01  6.319e-01  6.415e-01  6.513e-01  6.603e-01  6.696e-01  6.783e-01  6.876e-01  6.981e-01  7.108e-01  7.260e-01  7.458e-01  7.719e-01  8.078e-01 	
 1.719e-02  1.000e-08  1.000e-08  1.000e-08  1.000e-08  1.000e-08  1.000e-08  1.344e-03  8.224e-03  1.965e-02  3.686e-02  6.059e-02  9.087e-02  1.269e-01  1.670e-01  2.093e-01  2.522e-01  2.942e-01  3.342e-01  3.716e-01  4.061e-01  4.379e-01  4.668e-01  4.928e-01  5.168e-01  5.386e-01  5.584e-01  5.766e-01  5.931e-01  6.084e-01  6.223e-01  6.351e-01  6.470e-01  6.576e-01  6.677e-01  6.768e-01  6.850e-01  6.926e-01  6.997e-01  7.056e-01  7.119e-01  7.171e-01  7.231e-01  7.287e-01  7.353e-01  7.429e-01  7.520e-01  7.639e-01  7.800e-01  8.017e-01 	
 2.127e-03  1.000e-08  1.000e-08  1.000e-08  1.000e-08  1.000e-08  1.500e-03  6.937e-03  1.710e-02  3.391e-02  5.889e-02  9.266e-02  1.345e-01  1.823e-01  2.336e-01  2.855e-01  3.356e-01  3.830e-01  4.258e-01  4.644e-01  4.989e-01  5.297e-01  5.567e-01  5.808e-01  6.021e-01  6.212e-01  6.381e-01  6.534e-01  6.673e-01  6.795e-01  6.908e-01  7.008e-01  7.102e-01  7.188e-01  7.265e-01  7.330e-01  7.397e-01  7.455e-01  7.506e-01  7.556e-01  7.602e-01  7.642e-01  7.684e-01  7.724e-01  7.765e-01  7.818e-01  7.875e-01  7.951e-01  8.054e-01  8.194e-01 	
 1.000e-08  1.000e-08  1.000e-08  1.000e-08  1.000e-08  1.000e-08  2.744e-03  1.117e-02  2.681e-02  5.214e-02  8.863e-02  1.361e-01  1.920e-01  2.529e-01  3.146e-01  3.739e-01  4.283e-01  4.768e-01  5.193e-01  5.561e-01  5.877e-01  6.149e-01  6.384e-01  6.585e-01  6.763e-01  6.913e-01  7.052e-01  7.168e-01  7.270e-01  7.365e-01  7.451e-01  7.530e-01  7.595e-01  7.659e-01  7.717e-01  7.765e-01  7.813e-01  7.853e-01  7.894e-01  7.927e-01  7.961e-01  7.987e-01  8.016e-01  8.043e-01  8.071e-01  8.103e-01  8.140e-01  8.188e-01  8.251e-01  8.342e-01 	
 1.000e-08  1.000e-08  1.000e-08  1.000e-08  1.000e-08  6.306e-05  6.517e-03  2.012e-02  4.432e-02  8.193e-02  1.335e-01  1.969e-01  2.673e-01  3.391e-01  4.076e-01  4.696e-01  5.235e-01  5.692e-01  6.077e-01  6.397e-01  6.664e-01  6.889e-01  7.074e-01  7.234e-01  7.369e-01  7.485e-01  7.583e-01  7.671e-01  7.751e-01  7.816e-01  7.874e-01  7.927e-01  7.975e-01  8.021e-01  8.058e-01  8.091e-01  8.125e-01  8.152e-01  8.178e-01  8.202e-01  8.223e-01  8.241e-01  8.259e-01  8.276e-01  8.293e-01  8.311e-01  8.333e-01  8.361e-01  8.398e-01  8.451e-01 	
 1.000e-08  1.000e-08  1.000e-08  1.000e-08  1.000e-08  2.778e-03  1.348e-02  3.490e-02  7.128e-02  1.248e-01  1.939e-01  2.732e-01  3.554e-01  4.336e-01  5.034e-01  5.628e-01  6.120e-01  6.520e-01  6.839e-01  7.103e-01  7.310e-01  7.485e-01  7.622e-01  7.742e-01  7.841e-01  7.926e-01  7.994e-01  8.056e-01  8.107e-01  8.152e-01  8.191e-01  8.228e-01  8.259e-01  8.286e-01  8.312e-01  8.335e-01  8.355e-01  8.372e-01  8.388e-01  8.402e-01  8.415e-01  8.426e-01  8.435e-01  8.444e-01  8.453e-01  8.461e-01  8.471e-01  8.484e-01  8.503e-01  8.525e-01 	
 1.000e-08  1.000e-08  1.000e-08  1.000e-08  6.412e-05  7.441e-03  2.461e-02  5.723e-02  1.097e-01  1.821e-01  2.690e-01  3.614e-01  4.499e-01  5.283e-01  5.939e-01  6.467e-01  6.886e-01  7.209e-01  7.459e-01  7.662e-01  7.818e-01  7.946e-01  8.044e-01  8.127e-01  8.195e-01  8.253e-01  8.297e-01  8.338e-01  8.372e-01  8.401e-01  8.426e-01  8.447e-01  8.465e-01  8.483e-01  8.497e-01  8.509e-01  8.521e-01  8.530e-01  8.538e-01  8.545e-01  8.553e-01  8.552e-01  8.555e-01  8.561e-01  8.557e-01  8.560e-01  8.561e-01  8.566e-01  8.567e-01  8.577e-01 	
 1.000e-08  1.000e-08  1.000e-08  1.000e-08  2.784e-03  1.489e-02  4.151e-02  8.935e-02  1.614e-01  2.536e-01  3.554e-01  4.548e-01  5.429e-01  6.159e-01  6.733e-01  7.167e-01  7.506e-01  7.755e-01  7.945e-01  8.092e-01  8.202e-01  8.291e-01  8.358e-01  8.414e-01  8.457e-01  8.494e-01  8.522e-01  8.546e-01  8.565e-01  8.582e-01  8.595e-01  8.606e-01  8.616e-01  8.623e-01  8.629e-01  8.633e-01  8.635e-01  8.642e-01  8.635e-01  8.645e-01  8.640e-01  8.641e-01  8.635e-01  8.635e-01  8.632e-01  8.623e-01  8.618e-01  8.616e-01  8.605e-01  8.595e-01 	
 1.000e-08  1.000e-08  1.000e-08  1.496e-05  7.200e-03  2.639e-02  6.621e-02  1.333e-01  2.267e-01  3.362e-01  4.470e-01  5.461e-01  6.276e-01  6.904e-01  7.382e-01  7.730e-01  7.983e-01  8.170e-01  8.305e-01  8.408e-01  8.485e-01  8.541e-01  8.587e-01  8.620e-01  8.647e-01  8.668e-01  8.683e-01  8.695e-01  8.705e-01  8.711e-01  8.713e-01  8.718e-01  8.721e-01  8.721e-01  8.721e-01  8.719e-01  8.718e-01  8.709e-01  8.712e-01  8.703e-01  8.698e-01  8.688e-01  8.682e-01  8.676e-01  8.663e-01  8.654e-01  8.644e-01  8.626e-01  8.615e-01  8.600e-01 	
 1.000e-08  1.000e-08  1.000e-08  2.449e-03  1.416e-02  4.354e-02  1.007e-01  1.899e-01  3.035e-01  4.245e-01  5.364e-01  6.286e-01  6.998e-01  7.514e-01  7.889e-01  8.151e-01  8.337e-01  8.471e-01  8.567e-01  8.636e-01  8.686e-01  8.721e-01  8.748e-01  8.766e-01  8.780e-01  8.789e-01  8.794e-01  8.799e-01  8.800e-01  8.797e-01  8.794e-01  8.790e-01  8.786e-01  8.774e-01  8.769e-01  8.762e-01  8.755e-01  8.747e-01  8.738e-01  8.724e-01  8.714e-01  8.703e-01  8.692e-01  8.680e-01  8.662e-01  8.647e-01  8.631e-01  8.613e-01  8.593e-01  8.570e-01 	
 1.000e-08  1.000e-08  5.718e-04  6.387e-03  2.479e-02  6.805e-02  1.462e-01  2.579e-01  3.868e-01  5.118e-01  6.174e-01  6.982e-01  7.569e-01  7.980e-01  8.262e-01  8.458e-01  8.592e-01  8.685e-01  8.749e-01  8.795e-01  8.825e-01  8.845e-01  8.858e-01  8.868e-01  8.861e-01  8.873e-01  8.861e-01  8.855e-01  8.855e-01  8.842e-01  8.834e-01  8.826e-01  8.816e-01  8.805e-01  8.789e-01  8.772e-01  8.759e-01  8.750e-01  8.731e-01  8.716e-01  8.700e-01  8.683e-01  8.666e-01  8.647e-01  8.628e-01  8.607e-01  8.589e-01  8.566e-01  8.540e-01  8.512e-01 	
 1.000e-08  1.000e-08  3.188e-03  1.257e-02  4.044e-02  1.014e-01  2.027e-01  3.340e-01  4.710e-01  5.918e-01  6.860e-01  7.537e-01  8.004e-01  8.320e-01  8.530e-01  8.673e-01  8.767e-01  8.832e-01  8.873e-01  8.901e-01  8.917e-01  8.920e-01  8.929e-01  8.923e-01  8.916e-01  8.914e-01  8.904e-01  8.888e-01  8.877e-01  8.864e-01  8.846e-01  8.832e-01  8.812e-01  8.791e-01  8.778e-01  8.755e-01  8.737e-01  8.716e-01  8.695e-01  8.674e-01  8.655e-01  8.631e-01  8.607e-01  8.586e-01  8.563e-01  8.536e-01  8.512e-01  8.486e-01  8.455e-01  8.429e-01 	
 1.000e-08  6.958e-04  7.367e-03  2.194e-02  6.242e-02  1.443e-01  2.681e-01  4.130e-01  5.497e-01  6.602e-01  7.403e-01  7.954e-01  8.318e-01  8.558e-01  8.714e-01  8.818e-01  8.883e-01  8.921e-01  8.949e-01  8.961e-01  8.970e-01  8.969e-01  8.965e-01  8.954e-01  8.942e-01  8.924e-01  8.909e-01  8.888e-01  8.871e-01  8.848e-01  8.829e-01  8.808e-01  8.782e-01  8.759e-01  8.731e-01  8.710e-01  8.684e-01  8.657e-01  8.629e-01  8.600e-01  8.574e-01  8.546e-01  8.518e-01  8.489e-01  8.460e-01  8.432e-01  8.401e-01  8.372e-01  8.342e-01  8.310e-01 	
 1.000e-08  4.996e-03  1.388e-02  3.563e-02  9.181e-02  1.960e-01  3.385e-01  4.888e-01  6.180e-01  7.149e-01  7.813e-01  8.250e-01  8.533e-01  8.716e-01  8.833e-01  8.905e-01  8.952e-01  8.982e-01  8.991e-01  8.989e-01  8.991e-01  8.984e-01  8.965e-01  8.953e-01  8.931e-01  8.907e-01  8.886e-01  8.860e-01  8.836e-01  8.811e-01  8.784e-01  8.749e-01  8.723e-01  8.693e-01  8.661e-01  8.632e-01  8.598e-01  8.563e-01  8.531e-01  8.497e-01  8.463e-01  8.431e-01  8.399e-01  8.362e-01  8.331e-01  8.296e-01  8.264e-01  8.228e-01  8.195e-01  8.164e-01 	
 1.000e-08  1.172e-02  2.372e-02  5.474e-02  1.290e-01  2.544e-01  4.092e-01  5.570e-01  6.737e-01  7.561e-01  8.103e-01  8.451e-01  8.673e-01  8.812e-01  8.900e-01  8.959e-01  8.986e-01  8.999e-01  9.001e-01  8.993e-01  8.987e-01  8.969e-01  8.944e-01  8.926e-01  8.897e-01  8.870e-01  8.842e-01  8.808e-01  8.776e-01  8.740e-01  8.709e-01  8.669e-01  8.632e-01  8.597e-01  8.560e-01  8.523e-01  8.484e-01  8.441e-01  8.404e-01  8.365e-01  8.326e-01  8.286e-01  8.249e-01  8.208e-01  8.169e-01  8.130e-01  8.094e-01  8.061e-01  8.022e-01  7.992e-01 	
 6.141e-03  2.200e-02  3.808e-02  8.033e-02  1.735e-01  3.161e-01  4.752e-01  6.139e-01  7.164e-01  7.854e-01  8.297e-01  8.581e-01  8.755e-01  8.863e-01  8.928e-01  8.966e-01  8.988e-01  8.992e-01  8.986e-01  8.971e-01  8.953e-01  8.928e-01  8.903e-01  8.869e-01  8.836e-01  8.802e-01  8.765e-01  8.727e-01  8.686e-01  8.645e-01  8.605e-01  8.560e-01  8.517e-01  8.474e-01  8.429e-01  8.386e-01  8.342e-01  8.294e-01  8.252e-01  8.209e-01  8.165e-01  8.121e-01  8.079e-01  8.037e-01  7.991e-01  7.948e-01  7.912e-01  7.873e-01  7.838e-01  7.803e-01 	
 1.662e-02  3.716e-02  5.824e-02  1.129e-01  2.236e-01  3.773e-01  5.330e-01  6.590e-01  7.474e-01  8.054e-01  8.421e-01  8.645e-01  8.792e-01  8.877e-01  8.926e-01  8.951e-01  8.961e-01  8.956e-01  8.945e-01  8.922e-01  8.895e-01  8.868e-01  8.828e-01  8.792e-01  8.750e-01  8.710e-01  8.664e-01  8.620e-01  8.574e-01  8.524e-01  8.475e-01  8.425e-01  8.377e-01  8.325e-01  8.278e-01  8.227e-01  8.178e-01  8.129e-01  8.082e-01  8.035e-01  7.984e-01  7.939e-01  7.890e-01  7.844e-01  7.802e-01  7.760e-01  7.714e-01  7.676e-01  7.639e-01  7.606e-01 	
 3.248e-02  5.865e-02  8.528e-02  1.526e-01  2.770e-01  4.345e-01  5.812e-01  6.930e-01  7.689e-01  8.174e-01  8.480e-01  8.668e-01  8.786e-01  8.855e-01  8.893e-01  8.910e-01  8.913e-01  8.897e-01  8.876e-01  8.847e-01  8.813e-01  8.777e-01  8.734e-01  8.689e-01  8.638e-01  8.591e-01  8.540e-01  8.486e-01  8.431e-01  8.379e-01  8.321e-01  8.269e-01  8.216e-01  8.159e-01  8.107e-01  8.052e-01  7.999e-01  7.946e-01  7.899e-01  7.845e-01  7.794e-01  7.746e-01  7.701e-01  7.649e-01  7.605e-01  7.560e-01  7.519e-01  7.482e-01  7.447e-01  7.413e-01 	
 5.512e-02  8.754e-02  1.199e-01  1.982e-01  3.314e-01  4.857e-01  6.201e-01  7.176e-01  7.828e-01  8.239e-01  8.494e-01  8.656e-01  8.752e-01  8.811e-01  8.837e-01  8.844e-01  8.838e-01  8.818e-01  8.789e-01  8.750e-01  8.709e-01  8.663e-01  8.613e-01  8.561e-01  8.504e-01  8.448e-01  8.388e-01  8.332e-01  8.275e-01  8.214e-01  8.155e-01  8.099e-01  8.042e-01  7.984e-01  7.926e-01  7.870e-01  7.814e-01  7.759e-01  7.709e-01  7.655e-01  7.606e-01  7.552e-01  7.508e-01  7.459e-01  7.415e-01  7.370e-01  7.328e-01  7.289e-01  7.256e-01  7.221e-01 	
 8.562e-02  1.242e-01  1.616e-01  2.486e-01  3.846e-01  5.302e-01  6.503e-01  7.351e-01  7.904e-01  8.253e-01  8.475e-01  8.612e-01  8.696e-01  8.740e-01  8.757e-01  8.753e-01  8.735e-01  8.706e-01  8.669e-01  8.625e-01  8.574e-01  8.521e-01  8.465e-01  8.407e-01  8.347e-01  8.283e-01  8.220e-01  8.160e-01  8.099e-01  8.036e-01  7.974e-01  7.914e-01  7.853e-01  7.793e-01  7.736e-01  7.681e-01  7.626e-01  7.571e-01  7.517e-01  7.465e-01  7.413e-01  7.365e-01  7.314e-01  7.270e-01  7.226e-01  7.183e-01  7.143e-01  7.104e-01  7.067e-01  7.038e-01 	
 1.240e-01  1.677e-01  2.092e-01  3.014e-01  4.345e-01  5.684e-01  6.736e-01  7.461e-01  7.937e-01  8.237e-01  8.429e-01  8.543e-01  8.612e-01  8.643e-01  8.648e-01  8.637e-01  8.608e-01  8.575e-01  8.527e-01  8.478e-01  8.420e-01  8.364e-01  8.302e-01  8.235e-01  8.174e-01  8.108e-01  8.040e-01  7.976e-01  7.908e-01  7.843e-01  7.784e-01  7.721e-01  7.662e-01  7.599e-01  7.542e-01  7.486e-01  7.433e-01  7.377e-01  7.324e-01  7.271e-01  7.222e-01  7.176e-01  7.124e-01  7.082e-01  7.037e-01  6.993e-01  6.957e-01  6.918e-01  6.888e-01  6.859e-01 	
 1.690e-01  2.157e-01  2.596e-01  3.533e-01  4.797e-01  5.994e-01  6.903e-01  7.525e-01  7.931e-01  8.192e-01  8.353e-01  8.450e-01  8.503e-01  8.524e-01  8.520e-01  8.502e-01  8.468e-01  8.423e-01  8.370e-01  8.313e-01  8.252e-01  8.187e-01  8.120e-01  8.056e-01  7.987e-01  7.921e-01  7.854e-01  7.784e-01  7.719e-01  7.656e-01  7.594e-01  7.530e-01  7.472e-01  7.411e-01  7.354e-01  7.296e-01  7.242e-01  7.192e-01  7.138e-01  7.088e-01  7.042e-01  6.992e-01  6.947e-01  6.902e-01  6.861e-01  6.819e-01  6.783e-01  6.751e-01  6.717e-01  6.688e-01 	
 2.180e-01  2.645e-01  3.092e-01  4.014e-01  5.180e-01  6.235e-01  7.016e-01  7.549e-01  7.896e-01  8.120e-01  8.257e-01  8.336e-01  8.376e-01  8.383e-01  8.372e-01  8.341e-01  8.300e-01  8.251e-01  8.193e-01  8.137e-01  8.069e-01  8.003e-01  7.936e-01  7.865e-01  7.800e-01  7.732e-01  7.667e-01  7.598e-01  7.532e-01  7.470e-01  7.408e-01  7.345e-01  7.286e-01  7.232e-01  7.174e-01  7.119e-01  7.065e-01  7.015e-01  6.964e-01  6.918e-01  6.871e-01  6.826e-01  6.783e-01  6.742e-01  6.704e-01  6.663e-01  6.627e-01  6.595e-01  6.567e-01  6.542e-01 	
 2.676e-01  3.105e-01  3.549e-01  4.431e-01  5.489e-01  6.406e-01  7.074e-01  7.531e-01  7.829e-01  8.022e-01  8.137e-01  8.203e-01  8.226e-01  8.229e-01  8.209e-01  8.171e-01  8.130e-01  8.073e-01  8.014e-01  7.950e-01  7.889e-01  7.820e-01  7.750e-01  7.680e-01  7.617e-01  7.546e-01  7.479e-01  7.416e-01  7.349e-01  7.286e-01  7.226e-01  7.166e-01  7.111e-01  7.051e-01  7.000e-01  6.948e-01  6.897e-01  6.846e-01  6.800e-01  6.756e-01  6.709e-01  6.664e-01  6.625e-01  6.587e-01  6.549e-01  6.513e-01  6.476e-01  6.448e-01  6.420e-01  6.396e-01 	
 3.143e-01  3.516e-01  3.942e-01  4.770e-01  5.713e-01  6.510e-01  7.086e-01  7.477e-01  7.736e-01  7.899e-01  7.999e-01  8.051e-01  8.065e-01  8.060e-01  8.033e-01  7.996e-01  7.947e-01  7.893e-01  7.834e-01  7.770e-01  7.703e-01  7.635e-01  7.567e-01  7.502e-01  7.434e-01  7.365e-01  7.301e-01  7.239e-01  7.175e-01  7.114e-01  7.058e-01  6.998e-01  6.942e-01  6.889e-01  6.838e-01  6.786e-01  6.739e-01  6.694e-01  6.647e-01  6.605e-01  6.561e-01  6.523e-01  6.485e-01  6.448e-01  6.413e-01  6.380e-01  6.348e-01  6.319e-01  6.293e-01  6.271e-01 	
 3.562e-01  3.861e-01  4.269e-01  5.033e-01  5.866e-01  6.555e-01  7.055e-01  7.393e-01  7.620e-01  7.762e-01  7.842e-01  7.885e-01  7.898e-01  7.882e-01  7.854e-01  7.816e-01  7.766e-01  7.712e-01  7.650e-01  7.584e-01  7.522e-01  7.455e-01  7.385e-01  7.322e-01  7.253e-01  7.191e-01  7.128e-01  7.066e-01  7.005e-01  6.947e-01  6.890e-01  6.837e-01  6.781e-01  6.732e-01  6.683e-01  6.636e-01  6.591e-01  6.544e-01  6.504e-01  6.465e-01  6.426e-01  6.387e-01  6.353e-01  6.316e-01  6.286e-01  6.256e-01  6.228e-01  6.200e-01  6.178e-01  6.160e-01 	
 3.916e-01  4.150e-01  4.538e-01  5.228e-01  5.959e-01  6.557e-01  6.989e-01  7.283e-01  7.483e-01  7.604e-01  7.679e-01  7.711e-01  7.717e-01  7.703e-01  7.673e-01  7.632e-01  7.583e-01  7.527e-01  7.465e-01  7.401e-01  7.341e-01  7.273e-01  7.209e-01  7.145e-01  7.082e-01  7.018e-01  6.959e-01  6.901e-01  6.842e-01  6.788e-01  6.731e-01  6.681e-01  6.631e-01  6.583e-01  6.539e-01  6.494e-01  6.451e-01  6.410e-01  6.375e-01  6.333e-01  6.302e-01  6.264e-01  6.234e-01  6.204e-01  6.171e-01  6.142e-01  6.118e-01  6.094e-01  6.076e-01  6.054e-01 	
 4.210e-01  4.385e-01  4.744e-01  5.359e-01  5.995e-01  6.510e-01  6.885e-01  7.147e-01  7.322e-01  7.433e-01  7.497e-01  7.526e-01  7.528e-01  7.514e-01  7.481e-01  7.441e-01  7.390e-01  7.335e-01  7.276e-01  7.218e-01  7.156e-01  7.095e-01  7.030e-01  6.969e-01  6.905e-01  6.849e-01  6.790e-01  6.736e-01  6.681e-01  6.630e-01  6.580e-01  6.531e-01  6.485e-01  6.441e-01  6.401e-01  6.357e-01  6.321e-01  6.285e-01  6.247e-01  6.212e-01  6.182e-01  6.152e-01  6.126e-01  6.097e-01  6.068e-01  6.043e-01  6.020e-01  6.000e-01  5.981e-01  5.964e-01 	
 4.445e-01  4.576e-01  4.905e-01  5.434e-01  5.976e-01  6.422e-01  6.749e-01  6.982e-01  7.140e-01  7.240e-01  7.300e-01  7.325e-01  7.324e-01  7.312e-01  7.281e-01  7.241e-01  7.192e-01  7.140e-01  7.084e-01  7.026e-01  6.967e-01  6.906e-01  6.849e-01  6.792e-01  6.732e-01  6.679e-01  6.624e-01  6.577e-01  6.526e-01  6.477e-01  6.432e-01  6.386e-01  6.349e-01  6.305e-01  6.269e-01  6.230e-01  6.195e-01  6.167e-01  6.130e-01  6.103e-01  6.074e-01  6.048e-01  6.023e-01  5.998e-01  5.975e-01  5.954e-01  5.931e-01  5.912e-01  5.895e-01  5.885e-01 	
 4.625e-01  4.728e-01  5.013e-01  5.460e-01  5.915e-01  6.293e-01  6.583e-01  6.792e-01  6.936e-01  7.027e-01  7.085e-01  7.110e-01  7.112e-01  7.096e-01  7.067e-01  7.032e-01  6.988e-01  6.940e-01  6.886e-01  6.831e-01  6.777e-01  6.723e-01  6.671e-01  6.618e-01  6.566e-01  6.516e-01  6.464e-01  6.422e-01  6.376e-01  6.331e-01  6.294e-01  6.253e-01  6.214e-01  6.182e-01  6.147e-01  6.116e-01  6.083e-01  6.056e-01  6.027e-01  6.002e-01  5.977e-01  5.952e-01  5.931e-01  5.912e-01  5.888e-01  5.869e-01  5.854e-01  5.840e-01  5.827e-01  5.814e-01 	
 4.757e-01  4.841e-01  5.090e-01  5.446e-01  5.823e-01  6.144e-01  6.400e-01  6.589e-01  6.721e-01  6.810e-01  6.865e-01  6.891e-01  6.896e-01  6.885e-01  6.860e-01  6.823e-01  6.785e-01  6.742e-01  6.695e-01  6.645e-01  6.596e-01  6.544e-01  6.496e-01  6.449e-01  6.406e-01  6.360e-01  6.318e-01  6.276e-01  6.235e-01  6.196e-01  6.163e-01  6.128e-01  6.097e-01  6.066e-01  6.037e-01  6.010e-01  5.985e-01  5.959e-01  5.934e-01  5.911e-01  5.890e-01  5.870e-01  5.851e-01  5.832e-01  5.817e-01  5.802e-01  5.785e-01  5.774e-01  5.761e-01  5.753e-01 	
 4.853e-01  4.932e-01  5.136e-01  5.416e-01  5.721e-01  5.994e-01  6.220e-01  6.390e-01  6.516e-01  6.600e-01  6.654e-01  6.679e-01  6.689e-01  6.677e-01  6.657e-01  6.630e-01  6.592e-01  6.550e-01  6.509e-01  6.468e-01  6.424e-01  6.380e-01  6.338e-01  6.299e-01  6.254e-01  6.216e-01  6.179e-01  6.144e-01  6.111e-01  6.075e-01  6.048e-01  6.014e-01  5.992e-01  5.962e-01  5.937e-01  5.916e-01  5.892e-01  5.871e-01  5.852e-01  5.832e-01  5.813e-01  5.798e-01  5.783e-01  5.768e-01  5.753e-01  5.740e-01  5.727e-01  5.718e-01  5.710e-01  5.701e-01 	
 4.920e-01  5.011e-01  5.176e-01  5.390e-01  5.633e-01  5.866e-01  6.062e-01  6.220e-01  6.337e-01  6.415e-01  6.468e-01  6.490e-01  6.502e-01  6.491e-01  6.476e-01  6.450e-01  6.420e-01  6.387e-01  6.346e-01  6.307e-01  6.272e-01  6.234e-01  6.196e-01  6.161e-01  6.124e-01  6.091e-01  6.060e-01  6.029e-01  5.997e-01  5.970e-01  5.945e-01  5.919e-01  5.894e-01  5.872e-01  5.856e-01  5.832e-01  5.812e-01  5.800e-01  5.781e-01  5.766e-01  5.752e-01  5.737e-01  5.727e-01  5.714e-01  5.703e-01  5.690e-01  5.681e-01  5.673e-01  5.669e-01  5.657e-01 	
 4.971e-01  5.082e-01  5.217e-01  5.374e-01  5.571e-01  5.766e-01  5.941e-01  6.080e-01  6.184e-01  6.255e-01  6.300e-01  6.323e-01  6.329e-01  6.325e-01  6.308e-01  6.286e-01  6.260e-01  6.232e-01  6.197e-01  6.165e-01  6.131e-01  6.101e-01  6.068e-01  6.035e-01  6.006e-01  5.979e-01  5.952e-01  5.925e-01  5.899e-01  5.878e-01  5.852e-01  5.835e-01  5.814e-01  5.794e-01  5.782e-01  5.767e-01  5.752e-01  5.737e-01  5.722e-01  5.708e-01  5.698e-01  5.684e-01  5.678e-01  5.665e-01  5.656e-01  5.648e-01  5.639e-01  5.635e-01  5.628e-01  5.624e-01 	
 5.016e-01  5.153e-01  5.262e-01  5.381e-01  5.528e-01  5.690e-01  5.836e-01  5.954e-01  6.046e-01  6.110e-01  6.148e-01  6.170e-01  6.172e-01  6.169e-01  6.155e-01  6.138e-01  6.114e-01  6.087e-01  6.059e-01  6.033e-01  6.007e-01  5.978e-01  5.954e-01  5.926e-01  5.899e-01  5.876e-01  5.857e-01  5.836e-01  5.815e-01  5.798e-01  5.778e-01  5.761e-01  5.746e-01  5.731e-01  5.716e-01  5.705e-01  5.694e-01  5.684e-01  5.670e-01  5.664e-01  5.651e-01  5.642e-01  5.633e-01  5.625e-01  5.621e-01  5.612e-01  5.608e-01  5.604e-01  5.597e-01  5.595e-01 	
 5.063e-01  5.224e-01  5.320e-01  5.396e-01  5.508e-01  5.632e-01  5.756e-01  5.853e-01  5.925e-01  5.977e-01  6.012e-01  6.027e-01  6.033e-01  6.031e-01  6.018e-01  6.002e-01  5.983e-01  5.959e-01  5.938e-01  5.916e-01  5.891e-01  5.871e-01  5.847e-01  5.829e-01  5.810e-01  5.789e-01  5.772e-01  5.754e-01  5.742e-01  5.722e-01  5.714e-01  5.699e-01  5.688e-01  5.678e-01  5.667e-01  5.654e-01  5.647e-01  5.639e-01  5.630e-01  5.624e-01  5.615e-01  5.606e-01  5.602e-01  5.595e-01  5.591e-01  5.587e-01  5.583e-01  5.576e-01  5.577e-01  5.574e-01 	
 5.117e-01  5.304e-01  5.379e-01  5.422e-01  5.496e-01  5.589e-01  5.679e-01  5.757e-01  5.818e-01  5.861e-01  5.889e-01  5.901e-01  5.907e-01  5.902e-01  5.893e-01  5.883e-01  5.868e-01  5.850e-01  5.830e-01  5.814e-01  5.797e-01  5.779e-01  5.760e-01  5.743e-01  5.728e-01  5.716e-01  5.703e-01  5.688e-01  5.677e-01  5.669e-01  5.658e-01  5.647e-01  5.634e-01  5.628e-01  5.619e-01  5.613e-01  5.604e-01  5.600e-01  5.591e-01  5.587e-01  5.583e-01  5.579e-01  5.574e-01  5.570e-01  5.568e-01  5.564e-01  5.562e-01  5.558e-01  5.556e-01  5.553e-01 	
 5.186e-01  5.380e-01  5.441e-01  5.450e-01  5.492e-01  5.553e-01  5.620e-01  5.679e-01  5.724e-01  5.760e-01  5.780e-01  5.789e-01  5.792e-01  5.791e-01  5.785e-01  5.774e-01  5.765e-01  5.752e-01  5.737e-01  5.725e-01  5.711e-01  5.701e-01  5.684e-01  5.671e-01  5.663e-01  5.655e-01  5.644e-01  5.636e-01  5.625e-01  5.619e-01  5.610e-01  5.604e-01  5.598e-01  5.589e-01  5.585e-01  5.581e-01  5.577e-01  5.572e-01  5.568e-01  5.564e-01  5.560e-01  5.556e-01  5.553e-01  5.549e-01  5.547e-01  5.548e-01  5.545e-01  5.543e-01  5.544e-01  5.542e-01 	
 5.261e-01  5.462e-01  5.502e-01  5.483e-01  5.494e-01  5.527e-01  5.568e-01  5.611e-01  5.644e-01  5.673e-01  5.686e-01  5.696e-01  5.699e-01  5.697e-01  5.691e-01  5.686e-01  5.681e-01  5.669e-01  5.659e-01  5.649e-01  5.644e-01  5.631e-01  5.623e-01  5.619e-01  5.611e-01  5.605e-01  5.594e-01  5.588e-01  5.586e-01  5.578e-01  5.576e-01  5.567e-01  5.566e-01  5.561e-01  5.557e-01  5.553e-01  5.553e-01  5.549e-01  5.547e-01  5.543e-01  5.541e-01  5.541e-01  5.534e-01  5.535e-01  5.533e-01  5.533e-01  5.531e-01  5.534e-01  5.532e-01  5.529e-01 	
 5.341e-01  5.537e-01  5.560e-01  5.521e-01  5.502e-01  5.513e-01  5.534e-01  5.559e-01  5.581e-01  5.598e-01  5.608e-01  5.615e-01  5.620e-01  5.618e-01  5.618e-01  5.613e-01  5.610e-01  5.604e-01  5.599e-01  5.593e-01  5.589e-01  5.581e-01  5.577e-01  5.571e-01  5.568e-01  5.566e-01  5.557e-01  5.556e-01  5.554e-01  5.550e-01  5.546e-01  5.544e-01  5.544e-01  5.540e-01  5.541e-01  5.534e-01  5.534e-01  5.535e-01  5.528e-01  5.528e-01  5.526e-01  5.527e-01  5.525e-01  5.523e-01  5.525e-01  5.526e-01  5.524e-01  5.526e-01  5.524e-01  5.527e-01 	
 5.428e-01  5.614e-01  5.622e-01  5.557e-01  5.518e-01  5.503e-01  5.506e-01  5.522e-01  5.532e-01  5.544e-01  5.554e-01  5.558e-01  5.560e-01  5.562e-01  5.559e-01  5.561e-01  5.558e-01  5.557e-01  5.553e-01  5.549e-01  5.546e-01  5.542e-01  5.540e-01  5.541e-01  5.540e-01  5.536e-01  5.534e-01  5.530e-01  5.533e-01  5.529e-01  5.529e-01  5.525e-01  5.525e-01  5.526e-01  5.524e-01  5.524e-01  5.525e-01  5.523e-01  5.523e-01  5.521e-01  5.519e-01  5.517e-01  5.522e-01  5.520e-01  5.518e-01  5.520e-01  5.518e-01  5.521e-01  5.519e-01  5.521e-01 	
 5.513e-01  5.686e-01  5.674e-01  5.593e-01  5.536e-01  5.506e-01  5.493e-01  5.494e-01  5.497e-01  5.505e-01  5.512e-01  5.513e-01  5.515e-01  5.519e-01  5.521e-01  5.520e-01  5.519e-01  5.517e-01  5.518e-01  5.519e-01  5.518e-01  5.519e-01  5.517e-01  5.515e-01  5.516e-01  5.514e-01  5.515e-01  5.518e-01  5.514e-01  5.514e-01  5.515e-01  5.515e-01  5.513e-01  5.513e-01  5.511e-01  5.517e-01  5.514e-01  5.515e-01  5.513e-01  5.515e-01  5.513e-01  5.514e-01  5.516e-01  5.514e-01  5.517e-01  5.515e-01  5.517e-01  5.515e-01  5.518e-01  5.521e-01 	
 5.596e-01  5.751e-01  5.729e-01  5.633e-01  5.560e-01  5.510e-01  5.490e-01  5.480e-01  5.478e-01  5.478e-01  5.478e-01  5.484e-01  5.483e-01  5.492e-01  5.491e-01  5.494e-01  5.493e-01  5.494e-01  5.500e-01  5.498e-01  5.499e-01  5.502e-01  5.498e-01  5.501e-01  5.504e-01  5.505e-01  5.505e-01  5.506e-01  5.506e-01  5.506e-01  5.507e-01  5.505e-01  5.510e-01  5.508e-01  5.508e-01  5.511e-01  5.509e-01  5.514e-01  5.512e-01  5.510e-01  5.513e-01  5.510e-01  5.513e-01  5.511e-01  5.514e-01  5.516e-01  5.514e-01  5.517e-01  5.519e-01  5.522e-01 	
 5.673e-01  5.811e-01  5.775e-01  5.668e-01  5.582e-01  5.526e-01  5.492e-01  5.476e-01  5.465e-01  5.463e-01  5.467e-01  5.466e-01  5.470e-01  5.473e-01  5.472e-01  5.476e-01  5.481e-01  5.482e-01  5.488e-01  5.486e-01  5.489e-01  5.492e-01  5.493e-01  5.496e-01  5.496e-01  5.497e-01  5.497e-01  5.503e-01  5.503e-01  5.501e-01  5.506e-01  5.504e-01  5.505e-01  5.507e-01  5.505e-01  5.510e-01  5.508e-01  5.511e-01  5.509e-01  5.511e-01  5.514e-01  5.512e-01  5.515e-01  5.512e-01  5.515e-01  5.518e-01  5.513e-01  5.516e-01  5.518e-01  5.521e-01 	
 5.747e-01  5.867e-01  5.822e-01  5.705e-01  5.608e-01  5.541e-01  5.502e-01  5.477e-01  5.468e-01  5.463e-01  5.460e-01  5.459e-01  5.465e-01  5.464e-01  5.467e-01  5.473e-01  5.474e-01  5.477e-01  5.483e-01  5.483e-01  5.486e-01  5.489e-01  5.490e-01  5.490e-01  5.491e-01  5.496e-01  5.497e-01  5.502e-01  5.500e-01  5.505e-01  5.503e-01  5.508e-01  5.506e-01  5.509e-01  5.507e-01  5.512e-01  5.510e-01  5.512e-01  5.515e-01  5.513e-01  5.516e-01  5.511e-01  5.513e-01  5.516e-01  5.514e-01  5.517e-01  5.517e-01  5.519e-01  5.522e-01  5.525e-01 	
 5.816e-01  5.918e-01  5.859e-01  5.739e-01  5.633e-01  5.557e-01  5.517e-01  5.487e-01  5.473e-01  5.466e-01  5.460e-01  5.461e-01  5.463e-01  5.466e-01  5.467e-01  5.473e-01  5.471e-01  5.477e-01  5.480e-01  5.480e-01  5.488e-01  5.489e-01  5.489e-01  5.494e-01  5.495e-01  5.495e-01  5.501e-01  5.499e-01  5.504e-01  5.507e-01  5.504e-01  5.510e-01  5.508e-01  5.510e-01  5.513e-01  5.511e-01  5.513e-01  5.511e-01  5.514e-01  5.517e-01  5.517e-01  5.514e-01  5.517e-01  5.520e-01  5.515e-01  5.518e-01  5.520e-01  5.523e-01  5.526e-01  5.528e-01 	
 5.882e-01  5.963e-01  5.894e-01  5.767e-01  5.656e-01  5.581e-01  5.532e-01  5.502e-01  5.483e-01  5.475e-01  5.467e-01  5.468e-01  5.467e-01  5.471e-01  5.472e-01  5.475e-01  5.478e-01  5.481e-01  5.484e-01  5.487e-01  5.487e-01  5.493e-01  5.493e-01  5.499e-01  5.496e-01  5.502e-01  5.502e-01  5.505e-01  5.503e-01  5.508e-01  5.511e-01  5.509e-01  5.511e-01  5.514e-01  5.512e-01  5.514e-01  5.517e-01  5.515e-01  5.518e-01  5.518e-01  5.520e-01  5.518e-01  5.518e-01  5.521e-01  5.519e-01  5.519e-01  5.521e-01  5.524e-01  5.527e-01  5.529e-01 	
 5.950e-01  6.009e-01  5.929e-01  5.794e-01  5.677e-01  5.596e-01  5.544e-01  5.512e-01  5.490e-01  5.482e-01  5.479e-01  5.473e-01  5.476e-01  5.477e-01  5.476e-01  5.481e-01  5.484e-01  5.485e-01  5.488e-01  5.488e-01  5.494e-01  5.494e-01  5.500e-01  5.497e-01  5.503e-01  5.503e-01  5.506e-01  5.509e-01  5.506e-01  5.512e-01  5.514e-01  5.512e-01  5.515e-01  5.518e-01  5.515e-01  5.515e-01  5.518e-01  5.521e-01  5.519e-01  5.519e-01  5.521e-01  5.519e-01  5.519e-01  5.522e-01  5.522e-01  5.525e-01  5.522e-01  5.525e-01  5.533e-01  5.535e-01 	
 6.030e-01  6.051e-01  5.960e-01  5.818e-01  5.700e-01  5.614e-01  5.559e-01  5.528e-01  5.506e-01  5.489e-01  5.485e-01  5.484e-01  5.480e-01  5.481e-01  5.484e-01  5.483e-01  5.486e-01  5.486e-01  5.494e-01  5.495e-01  5.500e-01  5.498e-01  5.503e-01  5.504e-01  5.506e-01  5.504e-01  5.510e-01  5.512e-01  5.510e-01  5.513e-01  5.515e-01  5.513e-01  5.516e-01  5.519e-01  5.519e-01  5.516e-01  5.519e-01  5.522e-01  5.517e-01  5.520e-01  5.520e-01  5.522e-01  5.517e-01  5.520e-01  5.523e-01  5.523e-01  5.526e-01  5.528e-01  5.534e-01  5.541e-01 	
 6.158e-01  6.112e-01  6.006e-01  5.862e-01  5.740e-01  5.651e-01  5.590e-01  5.552e-01  5.531e-01  5.518e-01  5.507e-01  5.503e-01  5.499e-01  5.498e-01  5.501e-01  5.499e-01  5.500e-01  5.503e-01  5.508e-01  5.509e-01  5.506e-01  5.512e-01  5.510e-01  5.515e-01  5.518e-01  5.515e-01  5.518e-01  5.521e-01  5.519e-01  5.521e-01  5.524e-01  5.522e-01  5.525e-01  5.527e-01  5.530e-01  5.525e-01  5.528e-01  5.530e-01  5.530e-01  5.528e-01  5.528e-01  5.531e-01  5.534e-01  5.534e-01  5.536e-01  5.539e-01  5.542e-01  5.547e-01  5.558e-01  5.571e-01 	
