 1.481e-02  3.819e-02  4.971e-02  4.816e-02  4.188e-02  3.517e-02  2.942e-02  2.488e-02  2.145e-02  1.894e-02  1.718e-02  1.603e-02  1.539e-02  1.517e-02  1.532e-02  1.582e-02  1.662e-02  1.772e-02  1.911e-02  2.078e-02  2.273e-02  2.496e-02  2.747e-02  3.028e-02  3.337e-02  3.676e-02  4.045e-02  4.446e-02  4.877e-02  5.340e-02  5.836e-02  6.364e-02  6.925e-02  7.520e-02  8.148e-02  8.810e-02  9.505e-02  1.023e-01  1.100e-01  1.179e-01  1.262e-01  1.347e-01  1.436e-01  1.527e-01  1.620e-01  1.715e-01  1.810e-01  1.904e-01  1.995e-01  2.081e-01 	
 1.638e-02  4.477e-02  5.873e-02  5.662e-02  4.892e-02  4.083e-02  3.399e-02  2.864e-02  2.466e-02  2.179e-02  1.984e-02  1.865e-02  1.808e-02  1.806e-02  1.852e-02  1.944e-02  2.078e-02  2.253e-02  2.469e-02  2.726e-02  3.024e-02  3.364e-02  3.745e-02  4.170e-02  4.638e-02  5.150e-02  5.707e-02  6.309e-02  6.958e-02  7.653e-02  8.396e-02  9.186e-02  1.002e-01  1.091e-01  1.184e-01  1.282e-01  1.385e-01  1.493e-01  1.605e-01  1.722e-01  1.843e-01  1.969e-01  2.098e-01  2.230e-01  2.365e-01  2.501e-01  2.637e-01  2.770e-01  2.896e-01  3.011e-01 	
 1.862e-02  5.183e-02  6.813e-02  6.553e-02  5.652e-02  4.715e-02  3.928e-02  3.320e-02  2.872e-02  2.559e-02  2.357e-02  2.248e-02  2.218e-02  2.260e-02  2.366e-02  2.534e-02  2.763e-02  3.050e-02  3.398e-02  3.805e-02  4.273e-02  4.803e-02  5.394e-02  6.049e-02  6.768e-02  7.551e-02  8.400e-02  9.314e-02  1.029e-01  1.134e-01  1.245e-01  1.363e-01  1.487e-01  1.618e-01  1.755e-01  1.899e-01  2.048e-01  2.204e-01  2.366e-01  2.533e-01  2.706e-01  2.884e-01  3.066e-01  3.252e-01  3.441e-01  3.629e-01  3.816e-01  3.997e-01  4.167e-01  4.319e-01 	
 2.136e-02  5.979e-02  7.858e-02  7.551e-02  6.514e-02  5.440e-02  4.544e-02  3.859e-02  3.365e-02  3.034e-02  2.840e-02  2.762e-02  2.788e-02  2.908e-02  3.117e-02  3.413e-02  3.796e-02  4.264e-02  4.820e-02  5.463e-02  6.195e-02  7.016e-02  7.928e-02  8.931e-02  1.002e-01  1.121e-01  1.248e-01  1.385e-01  1.531e-01  1.685e-01  1.848e-01  2.020e-01  2.200e-01  2.388e-01  2.584e-01  2.788e-01  2.999e-01  3.218e-01  3.443e-01  3.675e-01  3.913e-01  4.157e-01  4.405e-01  4.656e-01  4.909e-01  5.161e-01  5.408e-01  5.646e-01  5.867e-01  6.061e-01 	
 2.458e-02  6.892e-02  9.054e-02  8.699e-02  7.509e-02  6.283e-02  5.268e-02  4.504e-02  3.973e-02  3.641e-02  3.480e-02  3.471e-02  3.598e-02  3.854e-02  4.235e-02  4.740e-02  5.370e-02  6.124e-02  7.004e-02  8.010e-02  9.143e-02  1.040e-01  1.179e-01  1.330e-01  1.494e-01  1.670e-01  1.858e-01  2.057e-01  2.268e-01  2.491e-01  2.724e-01  2.967e-01  3.220e-01  3.482e-01  3.754e-01  4.034e-01  4.321e-01  4.617e-01  4.919e-01  5.228e-01  5.542e-01  5.862e-01  6.185e-01  6.510e-01  6.835e-01  7.156e-01  7.468e-01  7.766e-01  8.040e-01  8.277e-01 	
 2.832e-02  7.948e-02  1.043e-01  1.003e-01  8.664e-02  7.268e-02  6.128e-02  5.293e-02  4.742e-02  4.442e-02  4.362e-02  4.480e-02  4.784e-02  5.267e-02  5.928e-02  6.766e-02  7.781e-02  8.974e-02  1.035e-01  1.189e-01  1.362e-01  1.551e-01  1.758e-01  1.980e-01  2.219e-01  2.473e-01  2.742e-01  3.025e-01  3.322e-01  3.631e-01  3.952e-01  4.283e-01  4.625e-01  4.977e-01  5.337e-01  5.705e-01  6.080e-01  6.462e-01  6.849e-01  7.241e-01  7.638e-01  8.037e-01  8.437e-01  8.837e-01  9.233e-01  9.622e-01  9.997e-01  1.035e+00  1.067e+00  1.095e+00 	
 3.265e-02  9.169e-02  1.203e-01  1.157e-01  1.001e-01  8.429e-02  7.165e-02  6.278e-02  5.747e-02  5.534e-02  5.609e-02  5.952e-02  6.550e-02  7.401e-02  8.502e-02  9.853e-02  1.145e-01  1.330e-01  1.539e-01  1.771e-01  2.026e-01  2.303e-01  2.602e-01  2.920e-01  3.257e-01  3.611e-01  3.982e-01  4.368e-01  4.767e-01  5.179e-01  5.602e-01  6.035e-01  6.477e-01  6.926e-01  7.381e-01  7.842e-01  8.307e-01  8.776e-01  9.247e-01  9.720e-01  1.019e+00  1.067e+00  1.114e+00  1.160e+00  1.206e+00  1.250e+00  1.293e+00  1.332e+00  1.368e+00  1.398e+00 	
 3.767e-02  1.059e-01  1.388e-01  1.335e-01  1.158e-01  9.811e-02  8.439e-02  7.541e-02  7.095e-02  7.063e-02  7.414e-02  8.129e-02  9.200e-02  1.062e-01  1.239e-01  1.451e-01  1.696e-01  1.973e-01  2.282e-01  2.620e-01  2.986e-01  3.377e-01  3.793e-01  4.230e-01  4.687e-01  5.161e-01  5.651e-01  6.155e-01  6.670e-01  7.194e-01  7.727e-01  8.265e-01  8.808e-01  9.354e-01  9.902e-01  1.045e+00  1.100e+00  1.154e+00  1.209e+00  1.262e+00  1.316e+00  1.369e+00  1.421e+00  1.472e+00  1.521e+00  1.569e+00  1.614e+00  1.655e+00  1.692e+00  1.723e+00 	
 4.350e-02  1.223e-01  1.603e-01  1.543e-01  1.343e-01  1.148e-01  1.004e-01  9.203e-02  8.951e-02  9.244e-02  1.005e-01  1.136e-01  1.316e-01  1.544e-01  1.818e-01  2.137e-01  2.499e-01  2.901e-01  3.340e-01  3.813e-01  4.316e-01  4.846e-01  5.399e-01  5.973e-01  6.564e-01  7.168e-01  7.784e-01  8.409e-01  9.039e-01  9.672e-01  1.031e+00  1.094e+00  1.157e+00  1.220e+00  1.282e+00  1.343e+00  1.404e+00  1.464e+00  1.522e+00  1.580e+00  1.636e+00  1.692e+00  1.745e+00  1.797e+00  1.847e+00  1.895e+00  1.939e+00  1.980e+00  2.015e+00  2.043e+00 	
 5.028e-02  1.414e-01  1.854e-01  1.787e-01  1.564e-01  1.353e-01  1.209e-01  1.144e-01  1.155e-01  1.239e-01  1.392e-01  1.613e-01  1.899e-01  2.249e-01  2.657e-01  3.120e-01  3.633e-01  4.191e-01  4.788e-01  5.419e-01  6.079e-01  6.762e-01  7.463e-01  8.179e-01  8.904e-01  9.636e-01  1.037e+00  1.110e+00  1.183e+00  1.255e+00  1.327e+00  1.397e+00  1.466e+00  1.534e+00  1.600e+00  1.664e+00  1.727e+00  1.788e+00  1.847e+00  1.905e+00  1.960e+00  2.013e+00  2.064e+00  2.113e+00  2.160e+00  2.203e+00  2.243e+00  2.279e+00  2.310e+00  2.335e+00 	
 5.820e-02  1.638e-01  2.146e-01  2.073e-01  1.829e-01  1.609e-01  1.479e-01  1.451e-01  1.524e-01  1.693e-01  1.955e-01  2.306e-01  2.740e-01  3.252e-01  3.833e-01  4.475e-01  5.170e-01  5.908e-01  6.683e-01  7.484e-01  8.307e-01  9.143e-01  9.987e-01  1.083e+00  1.168e+00  1.251e+00  1.334e+00  1.415e+00  1.494e+00  1.572e+00  1.647e+00  1.720e+00  1.790e+00  1.858e+00  1.924e+00  1.987e+00  2.047e+00  2.104e+00  2.159e+00  2.212e+00  2.261e+00  2.308e+00  2.353e+00  2.395e+00  2.434e+00  2.470e+00  2.502e+00  2.531e+00  2.555e+00  2.574e+00 	
 6.750e-02  1.900e-01  2.489e-01  2.413e-01  2.152e-01  1.936e-01  1.839e-01  1.876e-01  2.046e-01  2.342e-01  2.758e-01  3.285e-01  3.912e-01  4.626e-01  5.414e-01  6.261e-01  7.155e-01  8.083e-01  9.035e-01  1.000e+00  1.097e+00  1.194e+00  1.289e+00  1.384e+00  1.476e+00  1.565e+00  1.652e+00  1.736e+00  1.816e+00  1.893e+00  1.967e+00  2.037e+00  2.104e+00  2.167e+00  2.226e+00  2.282e+00  2.335e+00  2.384e+00  2.430e+00  2.473e+00  2.513e+00  2.550e+00  2.585e+00  2.616e+00  2.645e+00  2.671e+00  2.694e+00  2.714e+00  2.731e+00  2.743e+00 	
 7.848e-02  2.209e-01  2.894e-01  2.820e-01  2.552e-01  2.358e-01  2.323e-01  2.465e-01  2.778e-01  3.252e-01  3.873e-01  4.623e-01  5.482e-01  6.428e-01  7.441e-01  8.500e-01  9.590e-01  1.070e+00  1.180e+00  1.290e+00  1.398e+00  1.503e+00  1.604e+00  1.702e+00  1.796e+00  1.886e+00  1.971e+00  2.051e+00  2.126e+00  2.197e+00  2.263e+00  2.324e+00  2.381e+00  2.434e+00  2.483e+00  2.527e+00  2.568e+00  2.606e+00  2.640e+00  2.671e+00  2.699e+00  2.724e+00  2.747e+00  2.767e+00  2.785e+00  2.800e+00  2.814e+00  2.825e+00  2.834e+00  2.840e+00 	
 9.154e-02  2.576e-01  3.375e-01  3.312e-01  3.053e-01  2.910e-01  2.978e-01  3.273e-01  3.783e-01  4.489e-01  5.363e-01  6.373e-01  7.486e-01  8.673e-01  9.905e-01  1.116e+00  1.241e+00  1.365e+00  1.486e+00  1.603e+00  1.714e+00  1.821e+00  1.922e+00  2.016e+00  2.105e+00  2.187e+00  2.263e+00  2.333e+00  2.397e+00  2.455e+00  2.508e+00  2.557e+00  2.600e+00  2.639e+00  2.674e+00  2.704e+00  2.732e+00  2.756e+00  2.777e+00  2.795e+00  2.811e+00  2.824e+00  2.835e+00  2.845e+00  2.852e+00  2.858e+00  2.863e+00  2.867e+00  2.870e+00  2.871e+00 	
 1.072e-01  3.015e-01  3.951e-01  3.913e-01  3.687e-01  3.633e-01  3.854e-01  4.359e-01  5.124e-01  6.108e-01  7.266e-01  8.550e-01  9.914e-01  1.132e+00  1.273e+00  1.412e+00  1.548e+00  1.678e+00  1.801e+00  1.917e+00  2.024e+00  2.124e+00  2.216e+00  2.299e+00  2.375e+00  2.443e+00  2.504e+00  2.559e+00  2.607e+00  2.650e+00  2.687e+00  2.720e+00  2.748e+00  2.772e+00  2.792e+00  2.809e+00  2.823e+00  2.835e+00  2.844e+00  2.851e+00  2.856e+00  2.859e+00  2.861e+00  2.862e+00  2.862e+00  2.861e+00  2.859e+00  2.857e+00  2.856e+00  2.854e+00 	
 1.263e-01  3.544e-01  4.645e-01  4.651e-01  4.491e-01  4.575e-01  5.006e-01  5.778e-01  6.841e-01  8.130e-01  9.576e-01  1.111e+00  1.269e+00  1.425e+00  1.577e+00  1.722e+00  1.858e+00  1.985e+00  2.101e+00  2.207e+00  2.302e+00  2.387e+00  2.462e+00  2.529e+00  2.587e+00  2.637e+00  2.680e+00  2.717e+00  2.748e+00  2.774e+00  2.795e+00  2.813e+00  2.826e+00  2.837e+00  2.845e+00  2.850e+00  2.853e+00  2.855e+00  2.855e+00  2.853e+00  2.850e+00  2.847e+00  2.842e+00  2.837e+00  2.832e+00  2.827e+00  2.821e+00  2.816e+00  2.812e+00  2.809e+00 	
 1.498e-01  4.187e-01  5.484e-01  5.561e-01  5.509e-01  5.783e-01  6.478e-01  7.557e-01  8.938e-01  1.052e+00  1.222e+00  1.395e+00  1.565e+00  1.728e+00  1.881e+00  2.021e+00  2.147e+00  2.261e+00  2.361e+00  2.449e+00  2.525e+00  2.589e+00  2.645e+00  2.691e+00  2.729e+00  2.760e+00  2.785e+00  2.805e+00  2.820e+00  2.832e+00  2.839e+00  2.844e+00  2.846e+00  2.847e+00  2.845e+00  2.842e+00  2.838e+00  2.832e+00  2.826e+00  2.819e+00  2.812e+00  2.804e+00  2.796e+00  2.788e+00  2.780e+00  2.772e+00  2.765e+00  2.758e+00  2.753e+00  2.749e+00 	
 1.792e-01  4.975e-01  6.503e-01  6.679e-01  6.780e-01  7.293e-01  8.291e-01  9.692e-01  1.137e+00  1.320e+00  1.507e+00  1.689e+00  1.861e+00  2.018e+00  2.159e+00  2.284e+00  2.391e+00  2.484e+00  2.562e+00  2.627e+00  2.680e+00  2.723e+00  2.757e+00  2.784e+00  2.804e+00  2.818e+00  2.828e+00  2.834e+00  2.837e+00  2.837e+00  2.835e+00  2.831e+00  2.825e+00  2.819e+00  2.811e+00  2.803e+00  2.794e+00  2.785e+00  2.775e+00  2.766e+00  2.756e+00  2.746e+00  2.736e+00  2.727e+00  2.718e+00  2.709e+00  2.701e+00  2.693e+00  2.687e+00  2.683e+00 	
 2.166e-01  5.941e-01  7.732e-01  8.038e-01  8.334e-01  9.123e-01  1.043e+00  1.213e+00  1.404e+00  1.601e+00  1.793e+00  1.971e+00  2.131e+00  2.271e+00  2.390e+00  2.491e+00  2.573e+00  2.640e+00  2.693e+00  2.735e+00  2.766e+00  2.789e+00  2.805e+00  2.815e+00  2.821e+00  2.823e+00  2.822e+00  2.818e+00  2.812e+00  2.805e+00  2.797e+00  2.788e+00  2.778e+00  2.768e+00  2.758e+00  2.747e+00  2.736e+00  2.726e+00  2.715e+00  2.704e+00  2.694e+00  2.684e+00  2.673e+00  2.664e+00  2.654e+00  2.646e+00  2.638e+00  2.630e+00  2.624e+00  2.620e+00 	
 2.649e-01  7.125e-01  9.201e-01  9.662e-01  1.018e+00  1.126e+00  1.285e+00  1.476e+00  1.679e+00  1.877e+00  2.059e+00  2.219e+00  2.355e+00  2.468e+00  2.559e+00  2.631e+00  2.687e+00  2.728e+00  2.758e+00  2.779e+00  2.792e+00  2.799e+00  2.801e+00  2.800e+00  2.795e+00  2.789e+00  2.781e+00  2.771e+00  2.761e+00  2.750e+00  2.739e+00  2.728e+00  2.716e+00  2.705e+00  2.694e+00  2.682e+00  2.671e+00  2.660e+00  2.650e+00  2.639e+00  2.629e+00  2.619e+00  2.610e+00  2.601e+00  2.592e+00  2.584e+00  2.576e+00  2.569e+00  2.564e+00  2.559e+00 	
 3.280e-01  8.564e-01  1.092e+00  1.155e+00  1.231e+00  1.364e+00  1.544e+00  1.745e+00  1.944e+00  2.127e+00  2.285e+00  2.416e+00  2.521e+00  2.602e+00  2.663e+00  2.707e+00  2.738e+00  2.757e+00  2.769e+00  2.773e+00  2.773e+00  2.769e+00  2.762e+00  2.754e+00  2.743e+00  2.732e+00  2.720e+00  2.708e+00  2.696e+00  2.684e+00  2.671e+00  2.659e+00  2.647e+00  2.636e+00  2.624e+00  2.613e+00  2.602e+00  2.592e+00  2.582e+00  2.572e+00  2.563e+00  2.553e+00  2.545e+00  2.536e+00  2.528e+00  2.521e+00  2.514e+00  2.508e+00  2.503e+00  2.499e+00 	
 4.109e-01  1.028e+00  1.289e+00  1.368e+00  1.465e+00  1.617e+00  1.805e+00  2.000e+00  2.180e+00  2.334e+00  2.459e+00  2.555e+00  2.626e+00  2.676e+00  2.710e+00  2.730e+00  2.741e+00  2.745e+00  2.743e+00  2.738e+00  2.729e+00  2.719e+00  2.708e+00  2.695e+00  2.682e+00  2.669e+00  2.656e+00  2.644e+00  2.631e+00  2.619e+00  2.606e+00  2.595e+00  2.583e+00  2.572e+00  2.562e+00  2.552e+00  2.542e+00  2.532e+00  2.523e+00  2.514e+00  2.505e+00  2.497e+00  2.489e+00  2.482e+00  2.475e+00  2.468e+00  2.462e+00  2.456e+00  2.452e+00  2.449e+00 	
 5.197e-01  1.228e+00  1.506e+00  1.597e+00  1.710e+00  1.870e+00  2.051e+00  2.224e+00  2.372e+00  2.489e+00  2.576e+00  2.638e+00  2.678e+00  2.703e+00  2.715e+00  2.719e+00  2.717e+00  2.710e+00  2.701e+00  2.689e+00  2.677e+00  2.664e+00  2.650e+00  2.637e+00  2.623e+00  2.610e+00  2.597e+00  2.585e+00  2.573e+00  2.561e+00  2.550e+00  2.539e+00  2.528e+00  2.518e+00  2.509e+00  2.499e+00  2.491e+00  2.482e+00  2.474e+00  2.466e+00  2.458e+00  2.451e+00  2.443e+00  2.437e+00  2.430e+00  2.424e+00  2.419e+00  2.414e+00  2.409e+00  2.406e+00 	
 6.606e-01  1.453e+00  1.734e+00  1.831e+00  1.951e+00  2.106e+00  2.266e+00  2.406e+00  2.515e+00  2.593e+00  2.646e+00  2.677e+00  2.694e+00  2.699e+00  2.697e+00  2.690e+00  2.679e+00  2.667e+00  2.653e+00  2.639e+00  2.624e+00  2.610e+00  2.596e+00  2.582e+00  2.568e+00  2.555e+00  2.543e+00  2.531e+00  2.520e+00  2.509e+00  2.498e+00  2.488e+00  2.478e+00  2.469e+00  2.460e+00  2.451e+00  2.443e+00  2.435e+00  2.428e+00  2.420e+00  2.413e+00  2.407e+00  2.400e+00  2.394e+00  2.388e+00  2.383e+00  2.378e+00  2.373e+00  2.369e+00  2.367e+00 	
 8.386e-01  1.693e+00  1.963e+00  2.058e+00  2.174e+00  2.312e+00  2.440e+00  2.541e+00  2.611e+00  2.656e+00  2.679e+00  2.688e+00  2.688e+00  2.680e+00  2.669e+00  2.655e+00  2.640e+00  2.624e+00  2.608e+00  2.592e+00  2.577e+00  2.562e+00  2.548e+00  2.534e+00  2.521e+00  2.509e+00  2.497e+00  2.485e+00  2.474e+00  2.464e+00  2.454e+00  2.445e+00  2.436e+00  2.427e+00  2.419e+00  2.411e+00  2.404e+00  2.396e+00  2.389e+00  2.383e+00  2.376e+00  2.370e+00  2.364e+00  2.359e+00  2.353e+00  2.348e+00  2.344e+00  2.339e+00  2.336e+00  2.333e+00 	
 1.055e+00  1.939e+00  2.179e+00  2.263e+00  2.366e+00  2.476e+00  2.567e+00  2.631e+00  2.668e+00  2.685e+00  2.688e+00  2.681e+00  2.669e+00  2.654e+00  2.637e+00  2.619e+00  2.601e+00  2.583e+00  2.566e+00  2.550e+00  2.534e+00  2.519e+00  2.505e+00  2.491e+00  2.479e+00  2.467e+00  2.455e+00  2.444e+00  2.434e+00  2.424e+00  2.415e+00  2.406e+00  2.398e+00  2.390e+00  2.382e+00  2.375e+00  2.367e+00  2.361e+00  2.354e+00  2.348e+00  2.342e+00  2.336e+00  2.331e+00  2.326e+00  2.321e+00  2.316e+00  2.312e+00  2.308e+00  2.305e+00  2.302e+00 	
 1.307e+00  2.173e+00  2.369e+00  2.435e+00  2.514e+00  2.591e+00  2.647e+00  2.679e+00  2.690e+00  2.688e+00  2.676e+00  2.660e+00  2.641e+00  2.621e+00  2.600e+00  2.580e+00  2.561e+00  2.543e+00  2.525e+00  2.509e+00  2.493e+00  2.479e+00  2.465e+00  2.452e+00  2.440e+00  2.428e+00  2.417e+00  2.407e+00  2.397e+00  2.388e+00  2.380e+00  2.371e+00  2.363e+00  2.356e+00  2.349e+00  2.342e+00  2.336e+00  2.329e+00  2.323e+00  2.318e+00  2.312e+00  2.307e+00  2.302e+00  2.297e+00  2.293e+00  2.289e+00  2.285e+00  2.281e+00  2.278e+00  2.276e+00 	
 1.582e+00  2.383e+00  2.523e+00  2.562e+00  2.612e+00  2.656e+00  2.681e+00  2.688e+00  2.681e+00  2.665e+00  2.645e+00  2.623e+00  2.601e+00  2.578e+00  2.557e+00  2.536e+00  2.517e+00  2.499e+00  2.482e+00  2.466e+00  2.451e+00  2.437e+00  2.424e+00  2.412e+00  2.401e+00  2.390e+00  2.380e+00  2.371e+00  2.362e+00  2.353e+00  2.345e+00  2.338e+00  2.330e+00  2.324e+00  2.317e+00  2.311e+00  2.305e+00  2.299e+00  2.294e+00  2.289e+00  2.284e+00  2.279e+00  2.274e+00  2.270e+00  2.266e+00  2.262e+00  2.259e+00  2.255e+00  2.252e+00  2.250e+00 	
 1.864e+00  2.557e+00  2.634e+00  2.641e+00  2.659e+00  2.672e+00  2.673e+00  2.661e+00  2.643e+00  2.620e+00  2.596e+00  2.572e+00  2.549e+00  2.526e+00  2.505e+00  2.486e+00  2.468e+00  2.451e+00  2.435e+00  2.421e+00  2.407e+00  2.395e+00  2.383e+00  2.372e+00  2.362e+00  2.352e+00  2.343e+00  2.334e+00  2.326e+00  2.319e+00  2.312e+00  2.305e+00  2.298e+00  2.292e+00  2.286e+00  2.281e+00  2.276e+00  2.270e+00  2.266e+00  2.261e+00  2.257e+00  2.252e+00  2.248e+00  2.244e+00  2.241e+00  2.237e+00  2.234e+00  2.231e+00  2.229e+00  2.226e+00 	
 2.133e+00  2.686e+00  2.701e+00  2.674e+00  2.661e+00  2.649e+00  2.631e+00  2.609e+00  2.585e+00  2.560e+00  2.535e+00  2.512e+00  2.490e+00  2.469e+00  2.451e+00  2.433e+00  2.417e+00  2.402e+00  2.389e+00  2.376e+00  2.364e+00  2.353e+00  2.343e+00  2.333e+00  2.324e+00  2.316e+00  2.308e+00  2.300e+00  2.293e+00  2.287e+00  2.280e+00  2.274e+00  2.269e+00  2.263e+00  2.258e+00  2.253e+00  2.249e+00  2.244e+00  2.240e+00  2.236e+00  2.232e+00  2.228e+00  2.224e+00  2.221e+00  2.218e+00  2.215e+00  2.212e+00  2.209e+00  2.207e+00  2.205e+00 	
 2.369e+00  2.770e+00  2.727e+00  2.670e+00  2.631e+00  2.601e+00  2.572e+00  2.545e+00  2.519e+00  2.495e+00  2.472e+00  2.451e+00  2.432e+00  2.414e+00  2.398e+00  2.383e+00  2.370e+00  2.357e+00  2.345e+00  2.334e+00  2.324e+00  2.315e+00  2.306e+00  2.298e+00  2.290e+00  2.283e+00  2.276e+00  2.269e+00  2.263e+00  2.258e+00  2.252e+00  2.247e+00  2.242e+00  2.237e+00  2.233e+00  2.228e+00  2.224e+00  2.220e+00  2.216e+00  2.213e+00  2.209e+00  2.206e+00  2.203e+00  2.200e+00  2.197e+00  2.194e+00  2.192e+00  2.189e+00  2.187e+00  2.185e+00 	
 2.559e+00  2.814e+00  2.724e+00  2.642e+00  2.587e+00  2.546e+00  2.513e+00  2.485e+00  2.460e+00  2.438e+00  2.418e+00  2.400e+00  2.383e+00  2.368e+00  2.354e+00  2.341e+00  2.330e+00  2.319e+00  2.309e+00  2.299e+00  2.290e+00  2.282e+00  2.275e+00  2.267e+00  2.261e+00  2.254e+00  2.248e+00  2.243e+00  2.237e+00  2.232e+00  2.227e+00  2.223e+00  2.218e+00  2.214e+00  2.210e+00  2.206e+00  2.203e+00  2.199e+00  2.196e+00  2.193e+00  2.190e+00  2.187e+00  2.184e+00  2.181e+00  2.178e+00  2.176e+00  2.174e+00  2.172e+00  2.170e+00  2.168e+00 	
 2.697e+00  2.824e+00  2.701e+00  2.605e+00  2.542e+00  2.499e+00  2.466e+00  2.439e+00  2.416e+00  2.396e+00  2.378e+00  2.362e+00  2.347e+00  2.334e+00  2.321e+00  2.310e+00  2.299e+00  2.289e+00  2.280e+00  2.272e+00  2.264e+00  2.257e+00  2.250e+00  2.243e+00  2.237e+00  2.231e+00  2.226e+00  2.221e+00  2.216e+00  2.211e+00  2.207e+00  2.203e+00  2.199e+00  2.195e+00  2.191e+00  2.188e+00  2.185e+00  2.181e+00  2.178e+00  2.175e+00  2.173e+00  2.170e+00  2.167e+00  2.165e+00  2.162e+00  2.160e+00  2.158e+00  2.156e+00  2.154e+00  2.153e+00 	
 2.784e+00  2.810e+00  2.668e+00  2.568e+00  2.504e+00  2.461e+00  2.429e+00  2.403e+00  2.382e+00  2.363e+00  2.346e+00  2.331e+00  2.318e+00  2.305e+00  2.294e+00  2.283e+00  2.273e+00  2.264e+00  2.256e+00  2.248e+00  2.241e+00  2.234e+00  2.228e+00  2.222e+00  2.216e+00  2.211e+00  2.206e+00  2.201e+00  2.197e+00  2.193e+00  2.189e+00  2.185e+00  2.181e+00  2.178e+00  2.174e+00  2.171e+00  2.168e+00  2.165e+00  2.162e+00  2.160e+00  2.157e+00  2.155e+00  2.152e+00  2.150e+00  2.148e+00  2.146e+00  2.144e+00  2.142e+00  2.141e+00  2.139e+00 	
 2.827e+00  2.781e+00  2.632e+00  2.533e+00  2.471e+00  2.429e+00  2.397e+00  2.373e+00  2.352e+00  2.334e+00  2.318e+00  2.303e+00  2.291e+00  2.279e+00  2.268e+00  2.258e+00  2.249e+00  2.241e+00  2.233e+00  2.226e+00  2.219e+00  2.213e+00  2.207e+00  2.202e+00  2.197e+00  2.192e+00  2.187e+00  2.183e+00  2.179e+00  2.175e+00  2.172e+00  2.168e+00  2.165e+00  2.162e+00  2.159e+00  2.156e+00  2.153e+00  2.150e+00  2.148e+00  2.145e+00  2.143e+00  2.141e+00  2.139e+00  2.137e+00  2.135e+00  2.133e+00  2.131e+00  2.129e+00  2.128e+00  2.127e+00 	
 2.836e+00  2.743e+00  2.594e+00  2.500e+00  2.440e+00  2.399e+00  2.368e+00  2.344e+00  2.324e+00  2.307e+00  2.292e+00  2.278e+00  2.266e+00  2.255e+00  2.245e+00  2.236e+00  2.228e+00  2.220e+00  2.213e+00  2.206e+00  2.200e+00  2.194e+00  2.189e+00  2.184e+00  2.179e+00  2.175e+00  2.171e+00  2.167e+00  2.163e+00  2.160e+00  2.156e+00  2.153e+00  2.150e+00  2.147e+00  2.144e+00  2.142e+00  2.139e+00  2.137e+00  2.135e+00  2.132e+00  2.130e+00  2.128e+00  2.126e+00  2.125e+00  2.123e+00  2.121e+00  2.119e+00  2.118e+00  2.116e+00  2.115e+00 	
 2.822e+00  2.700e+00  2.556e+00  2.466e+00  2.409e+00  2.369e+00  2.340e+00  2.317e+00  2.298e+00  2.281e+00  2.267e+00  2.254e+00  2.243e+00  2.233e+00  2.223e+00  2.215e+00  2.207e+00  2.200e+00  2.194e+00  2.188e+00  2.182e+00  2.177e+00  2.172e+00  2.168e+00  2.163e+00  2.159e+00  2.155e+00  2.152e+00  2.149e+00  2.145e+00  2.142e+00  2.139e+00  2.137e+00  2.134e+00  2.132e+00  2.129e+00  2.127e+00  2.125e+00  2.123e+00  2.121e+00  2.119e+00  2.117e+00  2.115e+00  2.113e+00  2.112e+00  2.110e+00  2.109e+00  2.107e+00  2.106e+00  2.105e+00 	
 2.792e+00  2.656e+00  2.518e+00  2.433e+00  2.378e+00  2.341e+00  2.313e+00  2.291e+00  2.273e+00  2.257e+00  2.244e+00  2.232e+00  2.222e+00  2.212e+00  2.204e+00  2.196e+00  2.189e+00  2.182e+00  2.177e+00  2.171e+00  2.166e+00  2.161e+00  2.157e+00  2.153e+00  2.149e+00  2.145e+00  2.142e+00  2.138e+00  2.135e+00  2.132e+00  2.130e+00  2.127e+00  2.124e+00  2.122e+00  2.120e+00  2.118e+00  2.116e+00  2.114e+00  2.112e+00  2.110e+00  2.108e+00  2.106e+00  2.105e+00  2.103e+00  2.102e+00  2.100e+00  2.099e+00  2.098e+00  2.096e+00  2.095e+00 	
 2.754e+00  2.611e+00  2.481e+00  2.402e+00  2.350e+00  2.314e+00  2.288e+00  2.267e+00  2.250e+00  2.235e+00  2.223e+00  2.212e+00  2.202e+00  2.194e+00  2.186e+00  2.179e+00  2.172e+00  2.166e+00  2.161e+00  2.156e+00  2.151e+00  2.147e+00  2.143e+00  2.139e+00  2.135e+00  2.132e+00  2.129e+00  2.126e+00  2.123e+00  2.121e+00  2.118e+00  2.116e+00  2.113e+00  2.111e+00  2.109e+00  2.107e+00  2.105e+00  2.103e+00  2.102e+00  2.100e+00  2.099e+00  2.097e+00  2.096e+00  2.094e+00  2.093e+00  2.091e+00  2.090e+00  2.089e+00  2.088e+00  2.087e+00 	
 2.711e+00  2.568e+00  2.446e+00  2.371e+00  2.323e+00  2.289e+00  2.264e+00  2.245e+00  2.229e+00  2.215e+00  2.204e+00  2.194e+00  2.185e+00  2.177e+00  2.170e+00  2.163e+00  2.157e+00  2.152e+00  2.147e+00  2.142e+00  2.138e+00  2.134e+00  2.130e+00  2.127e+00  2.123e+00  2.120e+00  2.118e+00  2.115e+00  2.112e+00  2.110e+00  2.108e+00  2.105e+00  2.103e+00  2.101e+00  2.099e+00  2.098e+00  2.096e+00  2.094e+00  2.093e+00  2.091e+00  2.090e+00  2.088e+00  2.087e+00  2.086e+00  2.085e+00  2.083e+00  2.082e+00  2.081e+00  2.080e+00  2.079e+00 	
 2.666e+00  2.526e+00  2.412e+00  2.343e+00  2.298e+00  2.266e+00  2.243e+00  2.224e+00  2.209e+00  2.197e+00  2.186e+00  2.177e+00  2.169e+00  2.161e+00  2.155e+00  2.149e+00  2.143e+00  2.138e+00  2.134e+00  2.130e+00  2.126e+00  2.122e+00  2.119e+00  2.115e+00  2.112e+00  2.110e+00  2.107e+00  2.105e+00  2.102e+00  2.100e+00  2.098e+00  2.096e+00  2.094e+00  2.092e+00  2.091e+00  2.089e+00  2.087e+00  2.086e+00  2.084e+00  2.083e+00  2.082e+00  2.081e+00  2.079e+00  2.078e+00  2.077e+00  2.076e+00  2.075e+00  2.074e+00  2.073e+00  2.072e+00 	
 2.621e+00  2.487e+00  2.381e+00  2.317e+00  2.274e+00  2.245e+00  2.223e+00  2.206e+00  2.192e+00  2.180e+00  2.170e+00  2.162e+00  2.154e+00  2.147e+00  2.141e+00  2.136e+00  2.131e+00  2.126e+00  2.122e+00  2.118e+00  2.115e+00  2.111e+00  2.108e+00  2.105e+00  2.103e+00  2.100e+00  2.098e+00  2.095e+00  2.093e+00  2.091e+00  2.089e+00  2.087e+00  2.086e+00  2.084e+00  2.083e+00  2.081e+00  2.080e+00  2.078e+00  2.077e+00  2.076e+00  2.075e+00  2.073e+00  2.072e+00  2.071e+00  2.070e+00  2.069e+00  2.068e+00  2.067e+00  2.066e+00  2.065e+00 	
 2.577e+00  2.450e+00  2.351e+00  2.292e+00  2.252e+00  2.225e+00  2.204e+00  2.188e+00  2.176e+00  2.165e+00  2.156e+00  2.148e+00  2.141e+00  2.134e+00  2.129e+00  2.124e+00  2.119e+00  2.115e+00  2.111e+00  2.108e+00  2.104e+00  2.101e+00  2.099e+00  2.096e+00  2.093e+00  2.091e+00  2.089e+00  2.087e+00  2.085e+00  2.083e+00  2.081e+00  2.080e+00  2.078e+00  2.077e+00  2.075e+00  2.074e+00  2.073e+00  2.071e+00  2.070e+00  2.069e+00  2.068e+00  2.067e+00  2.066e+00  2.065e+00  2.064e+00  2.063e+00  2.062e+00  2.061e+00  2.060e+00  2.059e+00 	
 2.535e+00  2.416e+00  2.324e+00  2.269e+00  2.232e+00  2.206e+00  2.187e+00  2.173e+00  2.161e+00  2.151e+00  2.142e+00  2.135e+00  2.128e+00  2.123e+00  2.118e+00  2.113e+00  2.109e+00  2.105e+00  2.101e+00  2.098e+00  2.095e+00  2.092e+00  2.090e+00  2.087e+00  2.085e+00  2.083e+00  2.081e+00  2.079e+00  2.077e+00  2.076e+00  2.074e+00  2.073e+00  2.071e+00  2.070e+00  2.069e+00  2.067e+00  2.066e+00  2.065e+00  2.064e+00  2.063e+00  2.062e+00  2.061e+00  2.060e+00  2.059e+00  2.058e+00  2.057e+00  2.057e+00  2.056e+00  2.055e+00  2.054e+00 	
 2.495e+00  2.383e+00  2.298e+00  2.247e+00  2.213e+00  2.189e+00  2.172e+00  2.158e+00  2.147e+00  2.138e+00  2.130e+00  2.123e+00  2.117e+00  2.112e+00  2.107e+00  2.103e+00  2.099e+00  2.096e+00  2.092e+00  2.090e+00  2.087e+00  2.084e+00  2.082e+00  2.080e+00  2.078e+00  2.076e+00  2.074e+00  2.072e+00  2.071e+00  2.069e+00  2.068e+00  2.066e+00  2.065e+00  2.064e+00  2.063e+00  2.061e+00  2.060e+00  2.059e+00  2.058e+00  2.057e+00  2.056e+00  2.056e+00  2.055e+00  2.054e+00  2.053e+00  2.052e+00  2.052e+00  2.051e+00  2.050e+00  2.049e+00 	
 2.457e+00  2.354e+00  2.275e+00  2.227e+00  2.196e+00  2.174e+00  2.157e+00  2.145e+00  2.134e+00  2.126e+00  2.119e+00  2.113e+00  2.107e+00  2.102e+00  2.098e+00  2.094e+00  2.091e+00  2.087e+00  2.084e+00  2.082e+00  2.079e+00  2.077e+00  2.075e+00  2.073e+00  2.071e+00  2.069e+00  2.067e+00  2.066e+00  2.064e+00  2.063e+00  2.062e+00  2.060e+00  2.059e+00  2.058e+00  2.057e+00  2.056e+00  2.055e+00  2.054e+00  2.053e+00  2.052e+00  2.052e+00  2.051e+00  2.050e+00  2.049e+00  2.049e+00  2.048e+00  2.047e+00  2.046e+00  2.045e+00  2.044e+00 	
 2.421e+00  2.326e+00  2.253e+00  2.209e+00  2.180e+00  2.159e+00  2.144e+00  2.132e+00  2.123e+00  2.115e+00  2.109e+00  2.103e+00  2.098e+00  2.093e+00  2.089e+00  2.086e+00  2.083e+00  2.080e+00  2.077e+00  2.074e+00  2.072e+00  2.070e+00  2.068e+00  2.066e+00  2.065e+00  2.063e+00  2.061e+00  2.060e+00  2.059e+00  2.057e+00  2.056e+00  2.055e+00  2.054e+00  2.053e+00  2.052e+00  2.051e+00  2.050e+00  2.049e+00  2.048e+00  2.048e+00  2.047e+00  2.046e+00  2.046e+00  2.045e+00  2.044e+00  2.044e+00  2.043e+00  2.042e+00  2.041e+00  2.040e+00 	
 2.385e+00  2.300e+00  2.233e+00  2.192e+00  2.165e+00  2.146e+00  2.132e+00  2.121e+00  2.113e+00  2.105e+00  2.099e+00  2.094e+00  2.089e+00  2.085e+00  2.082e+00  2.078e+00  2.075e+00  2.073e+00  2.070e+00  2.068e+00  2.066e+00  2.064e+00  2.062e+00  2.061e+00  2.059e+00  2.057e+00  2.056e+00  2.055e+00  2.054e+00  2.052e+00  2.051e+00  2.050e+00  2.049e+00  2.048e+00  2.047e+00  2.047e+00  2.046e+00  2.045e+00  2.044e+00  2.044e+00  2.043e+00  2.042e+00  2.042e+00  2.041e+00  2.041e+00  2.040e+00  2.039e+00  2.038e+00  2.037e+00  2.036e+00 	
 2.345e+00  2.274e+00  2.213e+00  2.176e+00  2.151e+00  2.134e+00  2.121e+00  2.111e+00  2.103e+00  2.097e+00  2.091e+00  2.086e+00  2.082e+00  2.078e+00  2.075e+00  2.072e+00  2.069e+00  2.067e+00  2.064e+00  2.062e+00  2.060e+00  2.059e+00  2.057e+00  2.055e+00  2.054e+00  2.053e+00  2.051e+00  2.050e+00  2.049e+00  2.048e+00  2.047e+00  2.046e+00  2.045e+00  2.044e+00  2.044e+00  2.043e+00  2.042e+00  2.041e+00  2.041e+00  2.040e+00  2.040e+00  2.039e+00  2.039e+00  2.038e+00  2.037e+00  2.037e+00  2.036e+00  2.035e+00  2.033e+00  2.032e+00 	
 2.288e+00  2.243e+00  2.191e+00  2.158e+00  2.136e+00  2.120e+00  2.109e+00  2.100e+00  2.092e+00  2.086e+00  2.081e+00  2.077e+00  2.073e+00  2.070e+00  2.067e+00  2.064e+00  2.062e+00  2.059e+00  2.057e+00  2.055e+00  2.054e+00  2.052e+00  2.051e+00  2.049e+00  2.048e+00  2.047e+00  2.046e+00  2.045e+00  2.044e+00  2.043e+00  2.042e+00  2.041e+00  2.040e+00  2.039e+00  2.038e+00  2.038e+00  2.037e+00  2.036e+00  2.036e+00  2.035e+00  2.035e+00  2.034e+00  2.033e+00  2.033e+00  2.032e+00  2.031e+00  2.030e+00  2.028e+00  2.026e+00  2.023e+00 	
