 1.488e-03  2.018e-04  3.036e-04  5.656e-04  9.687e-04  1.492e-03  2.123e-03  2.858e-03  3.692e-03  4.624e-03  5.651e-03  6.773e-03  7.990e-03  9.300e-03  1.070e-02  1.220e-02  1.379e-02  1.547e-02  1.725e-02  1.913e-02  2.110e-02  2.316e-02  2.533e-02  2.759e-02  2.996e-02  3.243e-02  3.500e-02  3.768e-02  4.046e-02  4.334e-02  4.634e-02  4.944e-02  5.265e-02  5.596e-02  5.937e-02  6.289e-02  6.651e-02  7.023e-02  7.405e-02  7.796e-02  8.197e-02  8.607e-02  9.029e-02  9.461e-02  9.907e-02  1.037e-01  1.085e-01  1.137e-01  1.192e-01  1.253e-01 	
 5.028e-04 -2.102e-05  3.448e-04  7.882e-04  1.370e-03  2.084e-03  2.927e-03  3.895e-03  4.987e-03  6.203e-03  7.540e-03  9.000e-03  1.058e-02  1.229e-02  1.411e-02  1.606e-02  1.813e-02  2.033e-02  2.266e-02  2.512e-02  2.770e-02  3.042e-02  3.327e-02  3.627e-02  3.939e-02  4.266e-02  4.607e-02  4.962e-02  5.332e-02  5.715e-02  6.112e-02  6.523e-02  6.948e-02  7.385e-02  7.835e-02  8.298e-02  8.772e-02  9.257e-02  9.753e-02  1.026e-01  1.077e-01  1.130e-01  1.183e-01  1.237e-01  1.292e-01  1.348e-01  1.404e-01  1.462e-01  1.520e-01  1.580e-01 	
 2.081e-04  5.356e-06  5.301e-04  1.126e-03  1.896e-03  2.838e-03  3.950e-03  5.229e-03  6.672e-03  8.280e-03  1.005e-02  1.199e-02  1.408e-02  1.635e-02  1.878e-02  2.137e-02  2.414e-02  2.709e-02  3.021e-02  3.351e-02  3.699e-02  4.066e-02  4.451e-02  4.856e-02  5.279e-02  5.721e-02  6.182e-02  6.661e-02  7.159e-02  7.673e-02  8.205e-02  8.752e-02  9.315e-02  9.893e-02  1.048e-01  1.109e-01  1.170e-01  1.233e-01  1.297e-01  1.361e-01  1.426e-01  1.492e-01  1.558e-01  1.625e-01  1.691e-01  1.758e-01  1.824e-01  1.889e-01  1.953e-01  2.016e-01 	
 1.549e-04  1.317e-04  7.871e-04  1.559e-03  2.567e-03  3.808e-03  5.276e-03  6.966e-03  8.875e-03  1.100e-02  1.335e-02  1.592e-02  1.870e-02  2.171e-02  2.496e-02  2.843e-02  3.214e-02  3.609e-02  4.029e-02  4.474e-02  4.944e-02  5.440e-02  5.960e-02  6.504e-02  7.073e-02  7.665e-02  8.280e-02  8.916e-02  9.572e-02  1.025e-01  1.094e-01  1.165e-01  1.237e-01  1.311e-01  1.386e-01  1.461e-01  1.538e-01  1.615e-01  1.693e-01  1.771e-01  1.850e-01  1.928e-01  2.007e-01  2.085e-01  2.162e-01  2.238e-01  2.313e-01  2.385e-01  2.454e-01  2.519e-01 	
 1.904e-04  3.104e-04  1.112e-03  2.116e-03  3.443e-03  5.081e-03  7.021e-03  9.256e-03  1.178e-02  1.460e-02  1.772e-02  2.113e-02  2.485e-02  2.887e-02  3.322e-02  3.789e-02  4.288e-02  4.822e-02  5.388e-02  5.988e-02  6.621e-02  7.285e-02  7.979e-02  8.703e-02  9.454e-02  1.023e-01  1.103e-01  1.185e-01  1.269e-01  1.354e-01  1.441e-01  1.529e-01  1.618e-01  1.708e-01  1.798e-01  1.889e-01  1.980e-01  2.071e-01  2.161e-01  2.252e-01  2.341e-01  2.430e-01  2.519e-01  2.606e-01  2.691e-01  2.774e-01  2.854e-01  2.931e-01  3.003e-01  3.068e-01 	
 2.674e-04  5.357e-04  1.530e-03  2.846e-03  4.597e-03  6.763e-03  9.329e-03  1.229e-02  1.564e-02  1.939e-02  2.353e-02  2.809e-02  3.308e-02  3.849e-02  4.434e-02  5.064e-02  5.738e-02  6.456e-02  7.216e-02  8.017e-02  8.855e-02  9.730e-02  1.064e-01  1.157e-01  1.253e-01  1.352e-01  1.452e-01  1.554e-01  1.656e-01  1.760e-01  1.864e-01  1.968e-01  2.073e-01  2.177e-01  2.280e-01  2.383e-01  2.485e-01  2.587e-01  2.687e-01  2.786e-01  2.883e-01  2.979e-01  3.073e-01  3.165e-01  3.255e-01  3.342e-01  3.424e-01  3.502e-01  3.574e-01  3.638e-01 	
 3.772e-04  8.202e-04  2.075e-03  3.811e-03  6.126e-03  8.991e-03  1.239e-02  1.631e-02  2.077e-02  2.577e-02  3.133e-02  3.746e-02  4.417e-02  5.147e-02  5.936e-02  6.782e-02  7.683e-02  8.636e-02  9.638e-02  1.068e-01  1.176e-01  1.288e-01  1.402e-01  1.519e-01  1.637e-01  1.756e-01  1.876e-01  1.996e-01  2.116e-01  2.235e-01  2.354e-01  2.471e-01  2.588e-01  2.702e-01  2.815e-01  2.927e-01  3.036e-01  3.144e-01  3.249e-01  3.352e-01  3.453e-01  3.551e-01  3.647e-01  3.741e-01  3.831e-01  3.917e-01  3.999e-01  4.075e-01  4.144e-01  4.204e-01 	
 5.260e-04  1.187e-03  2.796e-03  5.090e-03  8.153e-03  1.195e-02  1.646e-02  2.168e-02  2.764e-02  3.435e-02  4.183e-02  5.009e-02  5.913e-02  6.893e-02  7.945e-02  9.064e-02  1.024e-01  1.148e-01  1.275e-01  1.407e-01  1.541e-01  1.677e-01  1.814e-01  1.952e-01  2.090e-01  2.228e-01  2.364e-01  2.499e-01  2.632e-01  2.763e-01  2.892e-01  3.018e-01  3.141e-01  3.261e-01  3.379e-01  3.494e-01  3.605e-01  3.714e-01  3.820e-01  3.923e-01  4.022e-01  4.119e-01  4.213e-01  4.303e-01  4.389e-01  4.472e-01  4.549e-01  4.621e-01  4.685e-01  4.740e-01 	
 7.269e-04  1.667e-03  3.753e-03  6.787e-03  1.084e-02  1.588e-02  2.189e-02  2.888e-02  3.689e-02  4.593e-02  5.600e-02  6.710e-02  7.915e-02  9.209e-02  1.058e-01  1.202e-01  1.351e-01  1.504e-01  1.660e-01  1.818e-01  1.977e-01  2.135e-01  2.292e-01  2.448e-01  2.601e-01  2.752e-01  2.899e-01  3.043e-01  3.184e-01  3.320e-01  3.453e-01  3.581e-01  3.706e-01  3.827e-01  3.943e-01  4.056e-01  4.165e-01  4.270e-01  4.372e-01  4.469e-01  4.564e-01  4.654e-01  4.742e-01  4.825e-01  4.904e-01  4.979e-01  5.049e-01  5.114e-01  5.171e-01  5.220e-01 	
 9.984e-04  2.300e-03  5.024e-03  9.043e-03  1.443e-02  2.114e-02  2.918e-02  3.859e-02  4.938e-02  6.154e-02  7.501e-02  8.968e-02  1.054e-01  1.220e-01  1.393e-01  1.570e-01  1.751e-01  1.933e-01  2.115e-01  2.296e-01  2.474e-01  2.649e-01  2.821e-01  2.988e-01  3.150e-01  3.307e-01  3.459e-01  3.606e-01  3.747e-01  3.884e-01  4.014e-01  4.140e-01  4.261e-01  4.376e-01  4.487e-01  4.593e-01  4.695e-01  4.792e-01  4.885e-01  4.974e-01  5.059e-01  5.140e-01  5.217e-01  5.291e-01  5.360e-01  5.426e-01  5.486e-01  5.542e-01  5.591e-01  5.633e-01 	
 1.365e-03  3.141e-03  6.715e-03  1.205e-02  1.922e-02  2.821e-02  3.903e-02  5.171e-02  6.619e-02  8.236e-02  1.000e-01  1.189e-01  1.387e-01  1.591e-01  1.800e-01  2.009e-01  2.218e-01  2.423e-01  2.626e-01  2.823e-01  3.014e-01  3.198e-01  3.377e-01  3.548e-01  3.712e-01  3.869e-01  4.018e-01  4.161e-01  4.298e-01  4.427e-01  4.551e-01  4.668e-01  4.780e-01  4.885e-01  4.986e-01  5.081e-01  5.171e-01  5.257e-01  5.338e-01  5.415e-01  5.488e-01  5.558e-01  5.623e-01  5.685e-01  5.743e-01  5.797e-01  5.847e-01  5.893e-01  5.933e-01  5.969e-01 	
 1.858e-03  4.258e-03  8.971e-03  1.607e-02  2.567e-02  3.777e-02  5.235e-02  6.933e-02  8.849e-02  1.095e-01  1.319e-01  1.552e-01  1.791e-01  2.032e-01  2.271e-01  2.506e-01  2.736e-01  2.957e-01  3.171e-01  3.376e-01  3.571e-01  3.757e-01  3.933e-01  4.101e-01  4.259e-01  4.409e-01  4.550e-01  4.683e-01  4.808e-01  4.926e-01  5.037e-01  5.141e-01  5.239e-01  5.331e-01  5.418e-01  5.499e-01  5.575e-01  5.647e-01  5.715e-01  5.778e-01  5.838e-01  5.894e-01  5.947e-01  5.997e-01  6.043e-01  6.087e-01  6.127e-01  6.164e-01  6.198e-01  6.228e-01 	
 2.519e-03  5.747e-03  1.199e-02  2.149e-02  3.440e-02  5.069e-02  7.021e-02  9.258e-02  1.173e-01  1.436e-01  1.708e-01  1.985e-01  2.260e-01  2.530e-01  2.791e-01  3.043e-01  3.283e-01  3.511e-01  3.726e-01  3.929e-01  4.120e-01  4.299e-01  4.466e-01  4.622e-01  4.768e-01  4.904e-01  5.030e-01  5.148e-01  5.258e-01  5.360e-01  5.454e-01  5.543e-01  5.624e-01  5.701e-01  5.772e-01  5.838e-01  5.899e-01  5.957e-01  6.011e-01  6.061e-01  6.108e-01  6.152e-01  6.194e-01  6.233e-01  6.270e-01  6.305e-01  6.338e-01  6.369e-01  6.398e-01  6.425e-01 	
 3.405e-03  7.738e-03  1.605e-02  2.882e-02  4.622e-02  6.804e-02  9.370e-02  1.224e-01  1.530e-01  1.846e-01  2.163e-01  2.475e-01  2.776e-01  3.065e-01  3.338e-01  3.594e-01  3.834e-01  4.058e-01  4.266e-01  4.458e-01  4.635e-01  4.799e-01  4.950e-01  5.089e-01  5.217e-01  5.334e-01  5.442e-01  5.540e-01  5.631e-01  5.715e-01  5.792e-01  5.863e-01  5.928e-01  5.988e-01  6.044e-01  6.096e-01  6.144e-01  6.189e-01  6.232e-01  6.271e-01  6.309e-01  6.344e-01  6.378e-01  6.410e-01  6.441e-01  6.471e-01  6.499e-01  6.527e-01  6.554e-01  6.581e-01 	
 4.590e-03  1.041e-02  2.155e-02  3.877e-02  6.213e-02  9.086e-02  1.237e-01  1.590e-01  1.954e-01  2.316e-01  2.668e-01  3.003e-01  3.319e-01  3.613e-01  3.885e-01  4.135e-01  4.365e-01  4.574e-01  4.765e-01  4.938e-01  5.095e-01  5.238e-01  5.367e-01  5.484e-01  5.590e-01  5.686e-01  5.773e-01  5.853e-01  5.925e-01  5.991e-01  6.051e-01  6.107e-01  6.158e-01  6.205e-01  6.250e-01  6.291e-01  6.330e-01  6.367e-01  6.403e-01  6.436e-01  6.469e-01  6.500e-01  6.531e-01  6.561e-01  6.590e-01  6.618e-01  6.646e-01  6.674e-01  6.702e-01  6.729e-01 	
 6.177e-03  1.402e-02  2.905e-02  5.225e-02  8.318e-02  1.200e-01  1.604e-01  2.021e-01  2.434e-01  2.831e-01  3.203e-01  3.548e-01  3.863e-01  4.150e-01  4.409e-01  4.641e-01  4.850e-01  5.036e-01  5.203e-01  5.351e-01  5.483e-01  5.600e-01  5.705e-01  5.799e-01  5.883e-01  5.958e-01  6.026e-01  6.088e-01  6.145e-01  6.196e-01  6.244e-01  6.289e-01  6.331e-01  6.371e-01  6.409e-01  6.445e-01  6.481e-01  6.515e-01  6.548e-01  6.581e-01  6.613e-01  6.645e-01  6.677e-01  6.708e-01  6.739e-01  6.770e-01  6.800e-01  6.830e-01  6.860e-01  6.889e-01 	
 8.304e-03  1.894e-02  3.928e-02  7.033e-02  1.104e-01  1.560e-01  2.037e-01  2.508e-01  2.956e-01  3.370e-01  3.747e-01  4.085e-01  4.386e-01  4.653e-01  4.887e-01  5.093e-01  5.273e-01  5.430e-01  5.567e-01  5.687e-01  5.792e-01  5.885e-01  5.966e-01  6.039e-01  6.104e-01  6.162e-01  6.216e-01  6.265e-01  6.312e-01  6.355e-01  6.397e-01  6.436e-01  6.475e-01  6.512e-01  6.549e-01  6.586e-01  6.622e-01  6.657e-01  6.693e-01  6.728e-01  6.763e-01  6.799e-01  6.834e-01  6.868e-01  6.903e-01  6.937e-01  6.971e-01  7.004e-01  7.036e-01  7.067e-01 	
 1.116e-02  2.568e-02  5.323e-02  9.413e-02  1.444e-01  1.987e-01  2.527e-01  3.036e-01  3.500e-01  3.915e-01  4.279e-01  4.596e-01  4.870e-01  5.105e-01  5.306e-01  5.478e-01  5.624e-01  5.750e-01  5.858e-01  5.951e-01  6.032e-01  6.103e-01  6.167e-01  6.224e-01  6.277e-01  6.326e-01  6.372e-01  6.417e-01  6.460e-01  6.502e-01  6.543e-01  6.583e-01  6.624e-01  6.664e-01  6.704e-01  6.744e-01  6.784e-01  6.824e-01  6.863e-01  6.903e-01  6.943e-01  6.982e-01  7.021e-01  7.059e-01  7.097e-01  7.135e-01  7.171e-01  7.206e-01  7.240e-01  7.271e-01 	
 1.500e-02  3.494e-02  7.208e-02  1.247e-01  1.856e-01  2.477e-01  3.062e-01  3.589e-01  4.050e-01  4.445e-01  4.781e-01  5.062e-01  5.297e-01  5.493e-01  5.655e-01  5.791e-01  5.904e-01  6.000e-01  6.082e-01  6.153e-01  6.217e-01  6.274e-01  6.328e-01  6.378e-01  6.426e-01  6.472e-01  6.518e-01  6.563e-01  6.609e-01  6.654e-01  6.699e-01  6.744e-01  6.789e-01  6.834e-01  6.879e-01  6.923e-01  6.968e-01  7.012e-01  7.056e-01  7.100e-01  7.143e-01  7.186e-01  7.228e-01  7.269e-01  7.310e-01  7.349e-01  7.387e-01  7.423e-01  7.457e-01  7.488e-01 	
 2.018e-02  4.768e-02  9.708e-02  1.627e-01  2.337e-01  3.017e-01  3.625e-01  4.146e-01  4.582e-01  4.941e-01  5.233e-01  5.469e-01  5.658e-01  5.811e-01  5.934e-01  6.036e-01  6.121e-01  6.193e-01  6.257e-01  6.316e-01  6.370e-01  6.421e-01  6.472e-01  6.521e-01  6.570e-01  6.620e-01  6.669e-01  6.719e-01  6.769e-01  6.820e-01  6.870e-01  6.920e-01  6.970e-01  7.020e-01  7.070e-01  7.118e-01  7.167e-01  7.215e-01  7.262e-01  7.308e-01  7.354e-01  7.398e-01  7.442e-01  7.485e-01  7.526e-01  7.566e-01  7.604e-01  7.640e-01  7.674e-01  7.704e-01 	
 2.715e-02  6.505e-02  1.293e-01  2.083e-01  2.876e-01  3.589e-01  4.192e-01  4.684e-01  5.075e-01  5.382e-01  5.621e-01  5.805e-01  5.949e-01  6.062e-01  6.153e-01  6.228e-01  6.294e-01  6.353e-01  6.408e-01  6.462e-01  6.514e-01  6.567e-01  6.620e-01  6.674e-01  6.728e-01  6.783e-01  6.838e-01  6.893e-01  6.949e-01  7.004e-01  7.059e-01  7.113e-01  7.167e-01  7.220e-01  7.272e-01  7.324e-01  7.374e-01  7.423e-01  7.471e-01  7.519e-01  7.565e-01  7.609e-01  7.653e-01  7.695e-01  7.736e-01  7.775e-01  7.812e-01  7.848e-01  7.880e-01  7.909e-01 	
 3.651e-02  8.832e-02  1.695e-01  2.606e-01  3.455e-01  4.170e-01  4.741e-01  5.180e-01  5.511e-01  5.758e-01  5.940e-01  6.076e-01  6.180e-01  6.263e-01  6.332e-01  6.393e-01  6.450e-01  6.505e-01  6.560e-01  6.616e-01  6.673e-01  6.731e-01  6.790e-01  6.850e-01  6.910e-01  6.971e-01  7.031e-01  7.091e-01  7.150e-01  7.209e-01  7.267e-01  7.324e-01  7.379e-01  7.434e-01  7.487e-01  7.538e-01  7.589e-01  7.638e-01  7.686e-01  7.732e-01  7.777e-01  7.820e-01  7.863e-01  7.903e-01  7.942e-01  7.980e-01  8.015e-01  8.049e-01  8.079e-01  8.107e-01 	
 4.895e-02  1.186e-01  2.176e-01  3.185e-01  4.055e-01  4.741e-01  5.253e-01  5.624e-01  5.887e-01  6.073e-01  6.204e-01  6.302e-01  6.378e-01  6.443e-01  6.501e-01  6.558e-01  6.616e-01  6.674e-01  6.734e-01  6.796e-01  6.860e-01  6.924e-01  6.989e-01  7.054e-01  7.119e-01  7.183e-01  7.246e-01  7.309e-01  7.370e-01  7.430e-01  7.489e-01  7.546e-01  7.601e-01  7.655e-01  7.707e-01  7.757e-01  7.806e-01  7.853e-01  7.899e-01  7.943e-01  7.986e-01  8.027e-01  8.066e-01  8.105e-01  8.141e-01  8.176e-01  8.209e-01  8.240e-01  8.268e-01  8.293e-01 	
 6.529e-02  1.564e-01  2.726e-01  3.801e-01  4.657e-01  5.284e-01  5.721e-01  6.016e-01  6.212e-01  6.344e-01  6.437e-01  6.508e-01  6.570e-01  6.627e-01  6.685e-01  6.744e-01  6.806e-01  6.870e-01  6.936e-01  7.004e-01  7.072e-01  7.141e-01  7.209e-01  7.276e-01  7.343e-01  7.408e-01  7.472e-01  7.534e-01  7.595e-01  7.653e-01  7.710e-01  7.765e-01  7.818e-01  7.869e-01  7.919e-01  7.966e-01  8.012e-01  8.056e-01  8.099e-01  8.140e-01  8.179e-01  8.217e-01  8.254e-01  8.289e-01  8.322e-01  8.354e-01  8.384e-01  8.412e-01  8.437e-01  8.460e-01 	
 8.625e-02  2.014e-01  3.324e-01  4.426e-01  5.235e-01  5.783e-01  6.137e-01  6.358e-01  6.498e-01  6.590e-01  6.659e-01  6.718e-01  6.774e-01  6.832e-01  6.893e-01  6.957e-01  7.023e-01  7.092e-01  7.162e-01  7.232e-01  7.302e-01  7.372e-01  7.440e-01  7.507e-01  7.573e-01  7.637e-01  7.698e-01  7.758e-01  7.816e-01  7.871e-01  7.925e-01  7.976e-01  8.026e-01  8.073e-01  8.119e-01  8.163e-01  8.205e-01  8.246e-01  8.285e-01  8.322e-01  8.358e-01  8.392e-01  8.425e-01  8.456e-01  8.486e-01  8.515e-01  8.542e-01  8.567e-01  8.590e-01  8.611e-01 	
 1.123e-01  2.519e-01  3.935e-01  5.023e-01  5.760e-01  6.222e-01  6.496e-01  6.658e-01  6.757e-01  6.826e-01  6.883e-01  6.938e-01  6.996e-01  7.056e-01  7.121e-01  7.188e-01  7.257e-01  7.327e-01  7.398e-01  7.468e-01  7.537e-01  7.604e-01  7.670e-01  7.735e-01  7.797e-01  7.857e-01  7.914e-01  7.970e-01  8.024e-01  8.075e-01  8.124e-01  8.171e-01  8.217e-01  8.260e-01  8.301e-01  8.341e-01  8.379e-01  8.416e-01  8.451e-01  8.484e-01  8.516e-01  8.547e-01  8.576e-01  8.604e-01  8.631e-01  8.656e-01  8.680e-01  8.702e-01  8.723e-01  8.741e-01 	
 1.437e-01  3.054e-01  4.523e-01  5.562e-01  6.213e-01  6.590e-01  6.800e-01  6.920e-01  6.996e-01  7.054e-01  7.109e-01  7.165e-01  7.225e-01  7.288e-01  7.354e-01  7.422e-01  7.491e-01  7.560e-01  7.629e-01  7.696e-01  7.762e-01  7.826e-01  7.888e-01  7.948e-01  8.005e-01  8.061e-01  8.114e-01  8.165e-01  8.214e-01  8.260e-01  8.305e-01  8.348e-01  8.389e-01  8.428e-01  8.465e-01  8.501e-01  8.535e-01  8.567e-01  8.598e-01  8.628e-01  8.656e-01  8.683e-01  8.709e-01  8.734e-01  8.757e-01  8.779e-01  8.800e-01  8.820e-01  8.838e-01  8.855e-01 	
 1.798e-01  3.595e-01  5.066e-01  6.028e-01  6.591e-01  6.897e-01  7.061e-01  7.155e-01  7.220e-01  7.275e-01  7.330e-01  7.388e-01  7.449e-01  7.513e-01  7.579e-01  7.646e-01  7.713e-01  7.779e-01  7.844e-01  7.907e-01  7.968e-01  8.028e-01  8.085e-01  8.140e-01  8.193e-01  8.244e-01  8.292e-01  8.339e-01  8.383e-01  8.425e-01  8.465e-01  8.503e-01  8.540e-01  8.575e-01  8.608e-01  8.640e-01  8.670e-01  8.699e-01  8.726e-01  8.752e-01  8.777e-01  8.801e-01  8.823e-01  8.845e-01  8.865e-01  8.885e-01  8.903e-01  8.920e-01  8.936e-01  8.951e-01 	
 2.201e-01  4.124e-01  5.552e-01  6.426e-01  6.906e-01  7.157e-01  7.289e-01  7.369e-01  7.430e-01  7.485e-01  7.541e-01  7.600e-01  7.661e-01  7.724e-01  7.788e-01  7.852e-01  7.915e-01  7.978e-01  8.039e-01  8.097e-01  8.154e-01  8.209e-01  8.262e-01  8.312e-01  8.360e-01  8.406e-01  8.450e-01  8.492e-01  8.532e-01  8.570e-01  8.605e-01  8.640e-01  8.672e-01  8.703e-01  8.732e-01  8.760e-01  8.787e-01  8.812e-01  8.836e-01  8.859e-01  8.881e-01  8.901e-01  8.921e-01  8.940e-01  8.958e-01  8.974e-01  8.990e-01  9.005e-01  9.020e-01  9.033e-01 	
 2.635e-01  4.628e-01  5.982e-01  6.761e-01  7.172e-01  7.380e-01  7.493e-01  7.566e-01  7.625e-01  7.681e-01  7.738e-01  7.796e-01  7.857e-01  7.918e-01  7.979e-01  8.040e-01  8.100e-01  8.158e-01  8.215e-01  8.269e-01  8.322e-01  8.372e-01  8.420e-01  8.466e-01  8.510e-01  8.551e-01  8.591e-01  8.628e-01  8.664e-01  8.697e-01  8.729e-01  8.759e-01  8.788e-01  8.815e-01  8.841e-01  8.866e-01  8.889e-01  8.911e-01  8.932e-01  8.952e-01  8.970e-01  8.988e-01  9.005e-01  9.021e-01  9.037e-01  9.051e-01  9.065e-01  9.078e-01  9.090e-01  9.102e-01 	
 3.093e-01  5.098e-01  6.357e-01  7.049e-01  7.404e-01  7.585e-01  7.687e-01  7.757e-01  7.816e-01  7.872e-01  7.928e-01  7.986e-01  8.044e-01  8.102e-01  8.160e-01  8.217e-01  8.273e-01  8.327e-01  8.378e-01  8.428e-01  8.476e-01  8.521e-01  8.565e-01  8.606e-01  8.645e-01  8.682e-01  8.717e-01  8.750e-01  8.782e-01  8.811e-01  8.839e-01  8.866e-01  8.891e-01  8.914e-01  8.937e-01  8.958e-01  8.978e-01  8.997e-01  9.015e-01  9.032e-01  9.048e-01  9.063e-01  9.078e-01  9.092e-01  9.105e-01  9.117e-01  9.129e-01  9.140e-01  9.151e-01  9.161e-01 	
 3.561e-01  5.529e-01  6.686e-01  7.303e-01  7.620e-01  7.787e-01  7.885e-01  7.955e-01  8.014e-01  8.069e-01  8.123e-01  8.177e-01  8.232e-01  8.285e-01  8.338e-01  8.390e-01  8.440e-01  8.489e-01  8.535e-01  8.579e-01  8.622e-01  8.662e-01  8.700e-01  8.736e-01  8.770e-01  8.803e-01  8.833e-01  8.862e-01  8.889e-01  8.914e-01  8.939e-01  8.961e-01  8.983e-01  9.003e-01  9.022e-01  9.040e-01  9.057e-01  9.073e-01  9.088e-01  9.102e-01  9.116e-01  9.129e-01  9.141e-01  9.152e-01  9.163e-01  9.174e-01  9.184e-01  9.193e-01  9.203e-01  9.212e-01 	
 4.028e-01  5.918e-01  6.974e-01  7.536e-01  7.832e-01  7.994e-01  8.093e-01  8.163e-01  8.220e-01  8.273e-01  8.323e-01  8.372e-01  8.420e-01  8.468e-01  8.514e-01  8.559e-01  8.603e-01  8.645e-01  8.685e-01  8.723e-01  8.759e-01  8.794e-01  8.827e-01  8.857e-01  8.886e-01  8.914e-01  8.939e-01  8.964e-01  8.987e-01  9.008e-01  9.028e-01  9.047e-01  9.065e-01  9.082e-01  9.098e-01  9.113e-01  9.127e-01  9.140e-01  9.153e-01  9.164e-01  9.175e-01  9.186e-01  9.196e-01  9.205e-01  9.214e-01  9.223e-01  9.231e-01  9.239e-01  9.247e-01  9.255e-01 	
 4.484e-01  6.264e-01  7.229e-01  7.752e-01  8.038e-01  8.200e-01  8.299e-01  8.368e-01  8.422e-01  8.469e-01  8.513e-01  8.556e-01  8.597e-01  8.638e-01  8.677e-01  8.715e-01  8.752e-01  8.787e-01  8.821e-01  8.853e-01  8.883e-01  8.912e-01  8.939e-01  8.965e-01  8.989e-01  9.012e-01  9.033e-01  9.053e-01  9.072e-01  9.089e-01  9.106e-01  9.122e-01  9.136e-01  9.150e-01  9.163e-01  9.175e-01  9.187e-01  9.197e-01  9.207e-01  9.217e-01  9.226e-01  9.234e-01  9.243e-01  9.250e-01  9.257e-01  9.264e-01  9.271e-01  9.278e-01  9.284e-01  9.291e-01 	
 4.919e-01  6.569e-01  7.452e-01  7.946e-01  8.227e-01  8.388e-01  8.487e-01  8.553e-01  8.603e-01  8.645e-01  8.683e-01  8.719e-01  8.753e-01  8.787e-01  8.820e-01  8.852e-01  8.882e-01  8.911e-01  8.939e-01  8.966e-01  8.991e-01  9.014e-01  9.037e-01  9.057e-01  9.077e-01  9.096e-01  9.113e-01  9.129e-01  9.144e-01  9.159e-01  9.172e-01  9.184e-01  9.196e-01  9.207e-01  9.218e-01  9.227e-01  9.236e-01  9.245e-01  9.253e-01  9.261e-01  9.268e-01  9.275e-01  9.281e-01  9.287e-01  9.293e-01  9.299e-01  9.304e-01  9.309e-01  9.315e-01  9.321e-01 	
 5.327e-01  6.835e-01  7.644e-01  8.113e-01  8.388e-01  8.548e-01  8.646e-01  8.709e-01  8.756e-01  8.794e-01  8.827e-01  8.857e-01  8.887e-01  8.915e-01  8.942e-01  8.968e-01  8.993e-01  9.017e-01  9.040e-01  9.062e-01  9.082e-01  9.101e-01  9.119e-01  9.136e-01  9.152e-01  9.166e-01  9.180e-01  9.193e-01  9.205e-01  9.216e-01  9.227e-01  9.237e-01  9.246e-01  9.255e-01  9.263e-01  9.271e-01  9.278e-01  9.285e-01  9.291e-01  9.297e-01  9.302e-01  9.308e-01  9.313e-01  9.317e-01  9.322e-01  9.326e-01  9.331e-01  9.335e-01  9.340e-01  9.345e-01 	
 5.702e-01  7.063e-01  7.803e-01  8.250e-01  8.519e-01  8.678e-01  8.775e-01  8.837e-01  8.882e-01  8.917e-01  8.947e-01  8.973e-01  8.998e-01  9.022e-01  9.045e-01  9.066e-01  9.087e-01  9.106e-01  9.125e-01  9.142e-01  9.158e-01  9.173e-01  9.188e-01  9.201e-01  9.213e-01  9.225e-01  9.236e-01  9.246e-01  9.255e-01  9.264e-01  9.272e-01  9.280e-01  9.287e-01  9.294e-01  9.300e-01  9.306e-01  9.312e-01  9.317e-01  9.322e-01  9.326e-01  9.330e-01  9.334e-01  9.338e-01  9.342e-01  9.346e-01  9.349e-01  9.353e-01  9.356e-01  9.360e-01  9.365e-01 	
 6.042e-01  7.257e-01  7.934e-01  8.360e-01  8.623e-01  8.782e-01  8.879e-01  8.942e-01  8.986e-01  9.019e-01  9.047e-01  9.071e-01  9.092e-01  9.113e-01  9.131e-01  9.149e-01  9.166e-01  9.181e-01  9.196e-01  9.209e-01  9.222e-01  9.234e-01  9.245e-01  9.255e-01  9.265e-01  9.273e-01  9.282e-01  9.289e-01  9.296e-01  9.303e-01  9.309e-01  9.315e-01  9.321e-01  9.326e-01  9.330e-01  9.335e-01  9.339e-01  9.343e-01  9.346e-01  9.350e-01  9.353e-01  9.356e-01  9.359e-01  9.362e-01  9.364e-01  9.367e-01  9.370e-01  9.373e-01  9.376e-01  9.380e-01 	
 6.344e-01  7.419e-01  8.041e-01  8.448e-01  8.706e-01  8.865e-01  8.964e-01  9.028e-01  9.072e-01  9.105e-01  9.131e-01  9.152e-01  9.171e-01  9.188e-01  9.204e-01  9.218e-01  9.231e-01  9.243e-01  9.255e-01  9.265e-01  9.275e-01  9.284e-01  9.292e-01  9.299e-01  9.307e-01  9.313e-01  9.319e-01  9.325e-01  9.330e-01  9.335e-01  9.339e-01  9.344e-01  9.348e-01  9.351e-01  9.355e-01  9.358e-01  9.361e-01  9.364e-01  9.366e-01  9.369e-01  9.371e-01  9.373e-01  9.375e-01  9.377e-01  9.379e-01  9.381e-01  9.384e-01  9.386e-01  9.389e-01  9.393e-01 	
 6.607e-01  7.555e-01  8.127e-01  8.518e-01  8.773e-01  8.933e-01  9.034e-01  9.099e-01  9.143e-01  9.176e-01  9.200e-01  9.220e-01  9.236e-01  9.251e-01  9.263e-01  9.275e-01  9.285e-01  9.294e-01  9.303e-01  9.310e-01  9.317e-01  9.324e-01  9.330e-01  9.335e-01  9.340e-01  9.345e-01  9.349e-01  9.353e-01  9.357e-01  9.360e-01  9.363e-01  9.366e-01  9.369e-01  9.371e-01  9.374e-01  9.376e-01  9.378e-01  9.380e-01  9.382e-01  9.384e-01  9.385e-01  9.387e-01  9.388e-01  9.390e-01  9.391e-01  9.393e-01  9.394e-01  9.396e-01  9.399e-01  9.402e-01 	
 6.833e-01  7.666e-01  8.196e-01  8.574e-01  8.826e-01  8.987e-01  9.089e-01  9.156e-01  9.201e-01  9.233e-01  9.256e-01  9.274e-01  9.289e-01  9.301e-01  9.311e-01  9.320e-01  9.328e-01  9.334e-01  9.341e-01  9.346e-01  9.351e-01  9.355e-01  9.359e-01  9.363e-01  9.366e-01  9.369e-01  9.372e-01  9.375e-01  9.377e-01  9.380e-01  9.382e-01  9.384e-01  9.385e-01  9.387e-01  9.389e-01  9.390e-01  9.391e-01  9.393e-01  9.394e-01  9.395e-01  9.396e-01  9.397e-01  9.398e-01  9.399e-01  9.400e-01  9.401e-01  9.402e-01  9.404e-01  9.406e-01  9.409e-01 	
 7.025e-01  7.757e-01  8.252e-01  8.618e-01  8.868e-01  9.029e-01  9.133e-01  9.201e-01  9.246e-01  9.278e-01  9.300e-01  9.317e-01  9.330e-01  9.340e-01  9.348e-01  9.355e-01  9.361e-01  9.366e-01  9.370e-01  9.373e-01  9.377e-01  9.380e-01  9.382e-01  9.384e-01  9.386e-01  9.388e-01  9.390e-01  9.391e-01  9.393e-01  9.394e-01  9.395e-01  9.397e-01  9.398e-01  9.399e-01  9.400e-01  9.400e-01  9.401e-01  9.402e-01  9.403e-01  9.403e-01  9.404e-01  9.404e-01  9.405e-01  9.406e-01  9.406e-01  9.407e-01  9.408e-01  9.410e-01  9.412e-01  9.415e-01 	
 7.187e-01  7.832e-01  8.297e-01  8.653e-01  8.900e-01  9.062e-01  9.167e-01  9.236e-01  9.281e-01  9.312e-01  9.334e-01  9.349e-01  9.361e-01  9.370e-01  9.376e-01  9.381e-01  9.385e-01  9.389e-01  9.392e-01  9.394e-01  9.396e-01  9.397e-01  9.399e-01  9.400e-01  9.401e-01  9.402e-01  9.403e-01  9.404e-01  9.404e-01  9.405e-01  9.406e-01  9.406e-01  9.407e-01  9.407e-01  9.408e-01  9.408e-01  9.408e-01  9.409e-01  9.409e-01  9.409e-01  9.410e-01  9.410e-01  9.410e-01  9.411e-01  9.411e-01  9.412e-01  9.413e-01  9.414e-01  9.416e-01  9.419e-01 	
 7.322e-01  7.892e-01  8.332e-01  8.680e-01  8.925e-01  9.087e-01  9.193e-01  9.261e-01  9.307e-01  9.338e-01  9.359e-01  9.373e-01  9.384e-01  9.391e-01  9.396e-01  9.400e-01  9.403e-01  9.406e-01  9.407e-01  9.408e-01  9.409e-01  9.410e-01  9.411e-01  9.411e-01  9.412e-01  9.412e-01  9.412e-01  9.412e-01  9.412e-01  9.412e-01  9.413e-01  9.413e-01  9.413e-01  9.413e-01  9.413e-01  9.413e-01  9.413e-01  9.413e-01  9.413e-01  9.414e-01  9.414e-01  9.414e-01  9.414e-01  9.414e-01  9.414e-01  9.415e-01  9.416e-01  9.417e-01  9.419e-01  9.422e-01 	
 7.435e-01  7.941e-01  8.360e-01  8.702e-01  8.944e-01  9.106e-01  9.211e-01  9.280e-01  9.325e-01  9.356e-01  9.376e-01  9.390e-01  9.400e-01  9.406e-01  9.411e-01  9.414e-01  9.416e-01  9.417e-01  9.418e-01  9.419e-01  9.419e-01  9.419e-01  9.419e-01  9.419e-01  9.419e-01  9.418e-01  9.418e-01  9.418e-01  9.418e-01  9.418e-01  9.417e-01  9.417e-01  9.417e-01  9.417e-01  9.417e-01  9.417e-01  9.417e-01  9.416e-01  9.416e-01  9.416e-01  9.416e-01  9.416e-01  9.416e-01  9.416e-01  9.416e-01  9.417e-01  9.417e-01  9.419e-01  9.421e-01  9.424e-01 	
 7.527e-01  7.979e-01  8.382e-01  8.718e-01  8.958e-01  9.119e-01  9.225e-01  9.293e-01  9.338e-01  9.368e-01  9.388e-01  9.401e-01  9.410e-01  9.416e-01  9.420e-01  9.423e-01  9.424e-01  9.425e-01  9.425e-01  9.425e-01  9.425e-01  9.425e-01  9.424e-01  9.424e-01  9.423e-01  9.423e-01  9.422e-01  9.422e-01  9.421e-01  9.421e-01  9.420e-01  9.420e-01  9.420e-01  9.419e-01  9.419e-01  9.419e-01  9.419e-01  9.418e-01  9.418e-01  9.418e-01  9.418e-01  9.418e-01  9.418e-01  9.417e-01  9.418e-01  9.418e-01  9.419e-01  9.420e-01  9.422e-01  9.425e-01 	
 7.604e-01  8.010e-01  8.399e-01  8.730e-01  8.968e-01  9.129e-01  9.234e-01  9.302e-01  9.347e-01  9.377e-01  9.396e-01  9.409e-01  9.417e-01  9.423e-01  9.426e-01  9.428e-01  9.429e-01  9.430e-01  9.430e-01  9.429e-01  9.429e-01  9.428e-01  9.428e-01  9.427e-01  9.426e-01  9.425e-01  9.425e-01  9.424e-01  9.423e-01  9.423e-01  9.422e-01  9.422e-01  9.421e-01  9.421e-01  9.421e-01  9.420e-01  9.420e-01  9.420e-01  9.419e-01  9.419e-01  9.419e-01  9.418e-01  9.418e-01  9.418e-01  9.418e-01  9.419e-01  9.419e-01  9.421e-01  9.423e-01  9.426e-01 	
 7.669e-01  8.037e-01  8.412e-01  8.739e-01  8.976e-01  9.135e-01  9.240e-01  9.308e-01  9.353e-01  9.382e-01  9.401e-01  9.414e-01  9.422e-01  9.427e-01  9.430e-01  9.431e-01  9.432e-01  9.432e-01  9.432e-01  9.432e-01  9.431e-01  9.430e-01  9.429e-01  9.428e-01  9.428e-01  9.427e-01  9.426e-01  9.425e-01  9.424e-01  9.424e-01  9.423e-01  9.423e-01  9.422e-01  9.422e-01  9.421e-01  9.421e-01  9.420e-01  9.420e-01  9.420e-01  9.419e-01  9.419e-01  9.419e-01  9.418e-01  9.418e-01  9.418e-01  9.419e-01  9.419e-01  9.421e-01  9.423e-01  9.427e-01 	
 7.728e-01  8.065e-01  8.428e-01  8.747e-01  8.981e-01  9.140e-01  9.244e-01  9.312e-01  9.356e-01  9.385e-01  9.404e-01  9.416e-01  9.424e-01  9.429e-01  9.432e-01  9.433e-01  9.434e-01  9.434e-01  9.433e-01  9.433e-01  9.432e-01  9.431e-01  9.430e-01  9.429e-01  9.428e-01  9.427e-01  9.426e-01  9.425e-01  9.424e-01  9.423e-01  9.423e-01  9.422e-01  9.422e-01  9.421e-01  9.420e-01  9.420e-01  9.419e-01  9.419e-01  9.419e-01  9.418e-01  9.418e-01  9.417e-01  9.417e-01  9.417e-01  9.417e-01  9.418e-01  9.419e-01  9.421e-01  9.424e-01  9.429e-01 	
 7.792e-01  8.111e-01  8.457e-01  8.763e-01  8.989e-01  9.144e-01  9.247e-01  9.315e-01  9.359e-01  9.388e-01  9.408e-01  9.420e-01  9.428e-01  9.433e-01  9.436e-01  9.438e-01  9.438e-01  9.438e-01  9.438e-01  9.437e-01  9.436e-01  9.435e-01  9.434e-01  9.433e-01  9.432e-01  9.431e-01  9.430e-01  9.429e-01  9.429e-01  9.428e-01  9.427e-01  9.426e-01  9.426e-01  9.425e-01  9.425e-01  9.424e-01  9.424e-01  9.424e-01  9.423e-01  9.423e-01  9.423e-01  9.423e-01  9.423e-01  9.423e-01  9.424e-01  9.425e-01  9.427e-01  9.431e-01  9.436e-01  9.445e-01 	
