 8.009e-03  1.788e-02  1.825e-02  1.330e-02  1.001e-02  8.293e-03  7.428e-03  7.025e-03  6.894e-03  6.939e-03  7.108e-03  7.372e-03  7.713e-03  8.118e-03  8.582e-03  9.099e-03  9.667e-03  1.028e-02  1.094e-02  1.165e-02  1.241e-02  1.321e-02  1.405e-02  1.494e-02  1.588e-02  1.687e-02  1.790e-02  1.898e-02  2.010e-02  2.128e-02  2.251e-02  2.378e-02  2.511e-02  2.649e-02  2.791e-02  2.940e-02  3.093e-02  3.252e-02  3.416e-02  3.586e-02  3.760e-02  3.940e-02  4.126e-02  4.315e-02  4.509e-02  4.706e-02  4.905e-02  5.103e-02  5.298e-02  5.485e-02 	
 8.958e-03  2.124e-02  2.172e-02  1.549e-02  1.151e-02  9.510e-03  8.537e-03  8.108e-03  7.999e-03  8.096e-03  8.339e-03  8.696e-03  9.145e-03  9.675e-03  1.028e-02  1.095e-02  1.168e-02  1.248e-02  1.334e-02  1.426e-02  1.524e-02  1.628e-02  1.738e-02  1.855e-02  1.978e-02  2.107e-02  2.242e-02  2.385e-02  2.534e-02  2.689e-02  2.852e-02  3.021e-02  3.197e-02  3.381e-02  3.572e-02  3.770e-02  3.976e-02  4.190e-02  4.411e-02  4.639e-02  4.876e-02  5.120e-02  5.372e-02  5.630e-02  5.894e-02  6.162e-02  6.433e-02  6.703e-02  6.967e-02  7.218e-02 	
 1.022e-02  2.469e-02  2.531e-02  1.801e-02  1.341e-02  1.114e-02  1.006e-02  9.621e-03  9.552e-03  9.727e-03  1.008e-02  1.057e-02  1.117e-02  1.188e-02  1.268e-02  1.357e-02  1.454e-02  1.560e-02  1.674e-02  1.796e-02  1.927e-02  2.066e-02  2.213e-02  2.369e-02  2.534e-02  2.707e-02  2.890e-02  3.081e-02  3.282e-02  3.492e-02  3.712e-02  3.941e-02  4.181e-02  4.430e-02  4.690e-02  4.960e-02  5.240e-02  5.532e-02  5.834e-02  6.147e-02  6.470e-02  6.805e-02  7.150e-02  7.504e-02  7.867e-02  8.235e-02  8.606e-02  8.976e-02  9.336e-02  9.678e-02 	
 1.173e-02  2.851e-02  2.932e-02  2.097e-02  1.573e-02  1.317e-02  1.200e-02  1.156e-02  1.156e-02  1.186e-02  1.237e-02  1.305e-02  1.388e-02  1.484e-02  1.592e-02  1.712e-02  1.844e-02  1.987e-02  2.141e-02  2.307e-02  2.484e-02  2.673e-02  2.873e-02  3.086e-02  3.311e-02  3.548e-02  3.798e-02  4.060e-02  4.336e-02  4.625e-02  4.928e-02  5.244e-02  5.574e-02  5.919e-02  6.277e-02  6.651e-02  7.040e-02  7.443e-02  7.862e-02  8.297e-02  8.747e-02  9.212e-02  9.692e-02  1.018e-01  1.069e-01  1.120e-01  1.172e-01  1.223e-01  1.273e-01  1.319e-01 	
 1.349e-02  3.286e-02  3.396e-02  2.451e-02  1.858e-02  1.572e-02  1.446e-02  1.406e-02  1.419e-02  1.467e-02  1.542e-02  1.638e-02  1.754e-02  1.887e-02  2.037e-02  2.203e-02  2.384e-02  2.582e-02  2.795e-02  3.023e-02  3.269e-02  3.530e-02  3.808e-02  4.103e-02  4.416e-02  4.746e-02  5.094e-02  5.460e-02  5.845e-02  6.249e-02  6.673e-02  7.116e-02  7.578e-02  8.061e-02  8.565e-02  9.090e-02  9.635e-02  1.020e-01  1.079e-01  1.140e-01  1.204e-01  1.269e-01  1.337e-01  1.406e-01  1.477e-01  1.549e-01  1.621e-01  1.693e-01  1.762e-01  1.826e-01 	
 1.552e-02  3.789e-02  3.942e-02  2.880e-02  2.212e-02  1.895e-02  1.763e-02  1.734e-02  1.767e-02  1.845e-02  1.956e-02  2.095e-02  2.260e-02  2.448e-02  2.659e-02  2.892e-02  3.147e-02  3.424e-02  3.723e-02  4.045e-02  4.390e-02  4.759e-02  5.151e-02  5.568e-02  6.009e-02  6.476e-02  6.969e-02  7.488e-02  8.034e-02  8.606e-02  9.207e-02  9.836e-02  1.049e-01  1.118e-01  1.189e-01  1.264e-01  1.342e-01  1.422e-01  1.506e-01  1.593e-01  1.683e-01  1.776e-01  1.872e-01  1.970e-01  2.071e-01  2.172e-01  2.274e-01  2.374e-01  2.470e-01  2.558e-01 	
 1.788e-02  4.370e-02  4.589e-02  3.406e-02  2.658e-02  2.312e-02  2.182e-02  2.173e-02  2.240e-02  2.363e-02  2.528e-02  2.732e-02  2.969e-02  3.239e-02  3.540e-02  3.873e-02  4.237e-02  4.632e-02  5.060e-02  5.520e-02  6.013e-02  6.540e-02  7.101e-02  7.698e-02  8.330e-02  9.000e-02  9.706e-02  1.045e-01  1.123e-01  1.205e-01  1.292e-01  1.382e-01  1.476e-01  1.574e-01  1.677e-01  1.784e-01  1.895e-01  2.010e-01  2.130e-01  2.254e-01  2.382e-01  2.515e-01  2.651e-01  2.791e-01  2.934e-01  3.077e-01  3.220e-01  3.360e-01  3.493e-01  3.613e-01 	
 2.059e-02  5.046e-02  5.364e-02  4.060e-02  3.231e-02  2.860e-02  2.742e-02  2.769e-02  2.890e-02  3.082e-02  3.331e-02  3.630e-02  3.977e-02  4.369e-02  4.805e-02  5.286e-02  5.812e-02  6.384e-02  7.002e-02  7.667e-02  8.380e-02  9.142e-02  9.955e-02  1.082e-01  1.173e-01  1.270e-01  1.372e-01  1.480e-01  1.593e-01  1.712e-01  1.836e-01  1.966e-01  2.102e-01  2.244e-01  2.391e-01  2.545e-01  2.704e-01  2.869e-01  3.040e-01  3.217e-01  3.400e-01  3.588e-01  3.781e-01  3.978e-01  4.178e-01  4.379e-01  4.578e-01  4.770e-01  4.949e-01  5.108e-01 	
 2.372e-02  5.831e-02  6.299e-02  4.883e-02  3.976e-02  3.590e-02  3.502e-02  3.589e-02  3.796e-02  4.093e-02  4.468e-02  4.912e-02  5.422e-02  5.996e-02  6.635e-02  7.338e-02  8.105e-02  8.940e-02  9.841e-02  1.081e-01  1.185e-01  1.296e-01  1.415e-01  1.541e-01  1.674e-01  1.815e-01  1.963e-01  2.119e-01  2.283e-01  2.455e-01  2.634e-01  2.822e-01  3.017e-01  3.220e-01  3.431e-01  3.650e-01  3.876e-01  4.111e-01  4.352e-01  4.601e-01  4.857e-01  5.119e-01  5.387e-01  5.659e-01  5.932e-01  6.205e-01  6.472e-01  6.727e-01  6.961e-01  7.162e-01 	
 2.734e-02  6.746e-02  7.435e-02  5.930e-02  4.956e-02  4.574e-02  4.544e-02  4.730e-02  5.068e-02  5.528e-02  6.092e-02  6.753e-02  7.509e-02  8.356e-02  9.296e-02  1.033e-01  1.146e-01  1.268e-01  1.401e-01  1.543e-01  1.695e-01  1.858e-01  2.031e-01  2.214e-01  2.408e-01  2.612e-01  2.828e-01  3.053e-01  3.290e-01  3.536e-01  3.794e-01  4.061e-01  4.338e-01  4.625e-01  4.922e-01  5.228e-01  5.542e-01  5.866e-01  6.197e-01  6.536e-01  6.881e-01  7.233e-01  7.589e-01  7.946e-01  8.303e-01  8.653e-01  8.992e-01  9.310e-01  9.594e-01  9.828e-01 	
 3.152e-02  7.818e-02  8.826e-02  7.276e-02  6.258e-02  5.913e-02  5.986e-02  6.329e-02  6.870e-02  7.574e-02  8.424e-02  9.412e-02  1.053e-01  1.179e-01  1.318e-01  1.470e-01  1.636e-01  1.816e-01  2.010e-01  2.219e-01  2.441e-01  2.678e-01  2.930e-01  3.196e-01  3.476e-01  3.770e-01  4.078e-01  4.400e-01  4.735e-01  5.083e-01  5.442e-01  5.814e-01  6.196e-01  6.589e-01  6.990e-01  7.401e-01  7.819e-01  8.243e-01  8.674e-01  9.108e-01  9.546e-01  9.985e-01  1.042e+00  1.086e+00  1.128e+00  1.170e+00  1.209e+00  1.244e+00  1.275e+00  1.300e+00 	
 3.638e-02  9.077e-02  1.054e-01  9.016e-02  8.001e-02  7.745e-02  7.992e-02  8.581e-02  9.431e-02  1.050e-01  1.178e-01  1.325e-01  1.492e-01  1.678e-01  1.882e-01  2.107e-01  2.351e-01  2.614e-01  2.897e-01  3.200e-01  3.523e-01  3.864e-01  4.225e-01  4.604e-01  5.001e-01  5.414e-01  5.844e-01  6.289e-01  6.747e-01  7.218e-01  7.700e-01  8.191e-01  8.689e-01  9.194e-01  9.704e-01  1.022e+00  1.073e+00  1.124e+00  1.175e+00  1.226e+00  1.276e+00  1.325e+00  1.373e+00  1.420e+00  1.464e+00  1.507e+00  1.546e+00  1.581e+00  1.611e+00  1.633e+00 	
 4.202e-02  1.056e-01  1.266e-01  1.128e-01  1.034e-01  1.026e-01  1.079e-01  1.176e-01  1.307e-01  1.470e-01  1.661e-01  1.879e-01  2.125e-01  2.399e-01  2.699e-01  3.027e-01  3.381e-01  3.762e-01  4.170e-01  4.603e-01  5.060e-01  5.541e-01  6.043e-01  6.566e-01  7.106e-01  7.663e-01  8.233e-01  8.814e-01  9.403e-01  9.998e-01  1.059e+00  1.119e+00  1.179e+00  1.237e+00  1.295e+00  1.352e+00  1.408e+00  1.463e+00  1.515e+00  1.567e+00  1.616e+00  1.663e+00  1.709e+00  1.751e+00  1.792e+00  1.829e+00  1.862e+00  1.891e+00  1.915e+00  1.932e+00 	
 4.860e-02  1.232e-01  1.530e-01  1.422e-01  1.349e-01  1.372e-01  1.469e-01  1.622e-01  1.823e-01  2.066e-01  2.349e-01  2.671e-01  3.031e-01  3.429e-01  3.864e-01  4.334e-01  4.840e-01  5.378e-01  5.948e-01  6.547e-01  7.171e-01  7.817e-01  8.482e-01  9.162e-01  9.851e-01  1.055e+00  1.124e+00  1.193e+00  1.262e+00  1.329e+00  1.395e+00  1.459e+00  1.521e+00  1.580e+00  1.637e+00  1.692e+00  1.743e+00  1.792e+00  1.838e+00  1.882e+00  1.922e+00  1.960e+00  1.996e+00  2.028e+00  2.058e+00  2.085e+00  2.109e+00  2.130e+00  2.145e+00  2.156e+00 	
 5.630e-02  1.442e-01  1.857e-01  1.804e-01  1.770e-01  1.843e-01  2.008e-01  2.246e-01  2.547e-01  2.906e-01  3.320e-01  3.787e-01  4.305e-01  4.872e-01  5.486e-01  6.142e-01  6.838e-01  7.569e-01  8.328e-01  9.110e-01  9.908e-01  1.072e+00  1.152e+00  1.233e+00  1.312e+00  1.389e+00  1.465e+00  1.537e+00  1.606e+00  1.672e+00  1.734e+00  1.792e+00  1.846e+00  1.897e+00  1.943e+00  1.987e+00  2.026e+00  2.063e+00  2.096e+00  2.127e+00  2.155e+00  2.180e+00  2.203e+00  2.224e+00  2.242e+00  2.259e+00  2.273e+00  2.285e+00  2.294e+00  2.300e+00 	
 6.538e-02  1.693e-01  2.262e-01  2.296e-01  2.328e-01  2.480e-01  2.744e-01  3.104e-01  3.547e-01  4.068e-01  4.661e-01  5.322e-01  6.046e-01  6.827e-01  7.659e-01  8.531e-01  9.436e-01  1.036e+00  1.130e+00  1.223e+00  1.315e+00  1.406e+00  1.493e+00  1.576e+00  1.655e+00  1.729e+00  1.797e+00  1.861e+00  1.920e+00  1.973e+00  2.022e+00  2.066e+00  2.106e+00  2.141e+00  2.173e+00  2.202e+00  2.227e+00  2.250e+00  2.270e+00  2.288e+00  2.304e+00  2.318e+00  2.330e+00  2.341e+00  2.351e+00  2.359e+00  2.366e+00  2.372e+00  2.376e+00  2.379e+00 	
 7.614e-02  1.996e-01  2.763e-01  2.922e-01  3.056e-01  3.325e-01  3.732e-01  4.260e-01  4.896e-01  5.631e-01  6.454e-01  7.356e-01  8.324e-01  9.344e-01  1.040e+00  1.148e+00  1.255e+00  1.361e+00  1.464e+00  1.562e+00  1.655e+00  1.742e+00  1.821e+00  1.894e+00  1.960e+00  2.019e+00  2.071e+00  2.118e+00  2.159e+00  2.195e+00  2.226e+00  2.253e+00  2.277e+00  2.298e+00  2.316e+00  2.331e+00  2.345e+00  2.356e+00  2.366e+00  2.375e+00  2.382e+00  2.388e+00  2.393e+00  2.398e+00  2.402e+00  2.405e+00  2.407e+00  2.409e+00  2.410e+00  2.411e+00 	
 8.902e-02  2.364e-01  3.378e-01  3.708e-01  3.990e-01  4.424e-01  5.025e-01  5.776e-01  6.659e-01  7.657e-01  8.749e-01  9.913e-01  1.112e+00  1.235e+00  1.357e+00  1.476e+00  1.589e+00  1.695e+00  1.793e+00  1.881e+00  1.960e+00  2.030e+00  2.090e+00  2.143e+00  2.189e+00  2.228e+00  2.261e+00  2.289e+00  2.312e+00  2.332e+00  2.349e+00  2.363e+00  2.374e+00  2.384e+00  2.392e+00  2.398e+00  2.403e+00  2.407e+00  2.411e+00  2.413e+00  2.415e+00  2.416e+00  2.417e+00  2.417e+00  2.417e+00  2.417e+00  2.417e+00  2.416e+00  2.416e+00  2.415e+00 	
 1.046e-01  2.814e-01  4.131e-01  4.682e-01  5.163e-01  5.817e-01  6.669e-01  7.697e-01  8.870e-01  1.015e+00  1.151e+00  1.290e+00  1.427e+00  1.559e+00  1.684e+00  1.798e+00  1.900e+00  1.989e+00  2.067e+00  2.133e+00  2.189e+00  2.236e+00  2.275e+00  2.307e+00  2.333e+00  2.354e+00  2.371e+00  2.385e+00  2.395e+00  2.404e+00  2.411e+00  2.416e+00  2.419e+00  2.422e+00  2.424e+00  2.425e+00  2.425e+00  2.425e+00  2.424e+00  2.423e+00  2.421e+00  2.420e+00  2.418e+00  2.416e+00  2.414e+00  2.412e+00  2.410e+00  2.408e+00  2.406e+00  2.405e+00 	
 1.237e-01  3.371e-01  5.049e-01  5.873e-01  6.609e-01  7.542e-01  8.695e-01  1.003e+00  1.150e+00  1.304e+00  1.457e+00  1.605e+00  1.743e+00  1.866e+00  1.975e+00  2.067e+00  2.144e+00  2.207e+00  2.259e+00  2.300e+00  2.332e+00  2.358e+00  2.378e+00  2.393e+00  2.405e+00  2.414e+00  2.420e+00  2.425e+00  2.428e+00  2.430e+00  2.430e+00  2.430e+00  2.430e+00  2.429e+00  2.427e+00  2.425e+00  2.423e+00  2.420e+00  2.417e+00  2.414e+00  2.411e+00  2.408e+00  2.405e+00  2.402e+00  2.399e+00  2.396e+00  2.393e+00  2.391e+00  2.388e+00  2.386e+00 	
 1.474e-01  4.065e-01  6.166e-01  7.313e-01  8.358e-01  9.615e-01  1.109e+00  1.273e+00  1.442e+00  1.608e+00  1.762e+00  1.900e+00  2.018e+00  2.115e+00  2.194e+00  2.256e+00  2.304e+00  2.341e+00  2.369e+00  2.389e+00  2.404e+00  2.414e+00  2.422e+00  2.426e+00  2.429e+00  2.430e+00  2.430e+00  2.429e+00  2.427e+00  2.425e+00  2.423e+00  2.420e+00  2.416e+00  2.413e+00  2.409e+00  2.406e+00  2.402e+00  2.398e+00  2.394e+00  2.391e+00  2.387e+00  2.383e+00  2.379e+00  2.376e+00  2.372e+00  2.369e+00  2.366e+00  2.363e+00  2.360e+00  2.359e+00 	
 1.773e-01  4.936e-01  7.522e-01  9.028e-01  1.042e+00  1.201e+00  1.378e+00  1.560e+00  1.736e+00  1.893e+00  2.027e+00  2.136e+00  2.221e+00  2.286e+00  2.333e+00  2.368e+00  2.392e+00  2.409e+00  2.420e+00  2.427e+00  2.430e+00  2.432e+00  2.432e+00  2.431e+00  2.429e+00  2.426e+00  2.422e+00  2.419e+00  2.415e+00  2.411e+00  2.406e+00  2.402e+00  2.397e+00  2.393e+00  2.388e+00  2.384e+00  2.380e+00  2.375e+00  2.371e+00  2.367e+00  2.362e+00  2.358e+00  2.354e+00  2.351e+00  2.347e+00  2.343e+00  2.340e+00  2.337e+00  2.335e+00  2.333e+00 	
 2.154e-01  6.029e-01  9.143e-01  1.102e+00  1.274e+00  1.462e+00  1.655e+00  1.838e+00  1.997e+00  2.126e+00  2.225e+00  2.297e+00  2.349e+00  2.384e+00  2.407e+00  2.421e+00  2.430e+00  2.434e+00  2.436e+00  2.435e+00  2.433e+00  2.430e+00  2.427e+00  2.422e+00  2.418e+00  2.413e+00  2.408e+00  2.403e+00  2.398e+00  2.392e+00  2.387e+00  2.382e+00  2.377e+00  2.372e+00  2.367e+00  2.362e+00  2.358e+00  2.353e+00  2.349e+00  2.344e+00  2.340e+00  2.336e+00  2.332e+00  2.328e+00  2.324e+00  2.320e+00  2.317e+00  2.314e+00  2.311e+00  2.309e+00 	
 2.648e-01  7.391e-01  1.104e+00  1.324e+00  1.523e+00  1.725e+00  1.914e+00  2.075e+00  2.200e+00  2.290e+00  2.351e+00  2.391e+00  2.416e+00  2.430e+00  2.437e+00  2.439e+00  2.439e+00  2.436e+00  2.432e+00  2.427e+00  2.422e+00  2.416e+00  2.410e+00  2.404e+00  2.398e+00  2.392e+00  2.385e+00  2.379e+00  2.374e+00  2.368e+00  2.362e+00  2.357e+00  2.351e+00  2.346e+00  2.341e+00  2.336e+00  2.331e+00  2.326e+00  2.322e+00  2.317e+00  2.313e+00  2.309e+00  2.305e+00  2.301e+00  2.298e+00  2.294e+00  2.291e+00  2.288e+00  2.285e+00  2.283e+00 	
 3.293e-01  9.058e-01  1.317e+00  1.560e+00  1.771e+00  1.968e+00  2.131e+00  2.254e+00  2.338e+00  2.390e+00  2.421e+00  2.437e+00  2.444e+00  2.446e+00  2.443e+00  2.439e+00  2.433e+00  2.426e+00  2.419e+00  2.412e+00  2.405e+00  2.397e+00  2.390e+00  2.383e+00  2.376e+00  2.369e+00  2.363e+00  2.356e+00  2.350e+00  2.344e+00  2.338e+00  2.333e+00  2.327e+00  2.322e+00  2.317e+00  2.312e+00  2.307e+00  2.303e+00  2.298e+00  2.294e+00  2.290e+00  2.286e+00  2.282e+00  2.278e+00  2.275e+00  2.271e+00  2.268e+00  2.265e+00  2.263e+00  2.261e+00 	
 4.136e-01  1.104e+00  1.546e+00  1.796e+00  2.000e+00  2.170e+00  2.294e+00  2.375e+00  2.421e+00  2.445e+00  2.455e+00  2.456e+00  2.452e+00  2.445e+00  2.437e+00  2.429e+00  2.419e+00  2.410e+00  2.401e+00  2.392e+00  2.384e+00  2.375e+00  2.367e+00  2.359e+00  2.352e+00  2.345e+00  2.338e+00  2.331e+00  2.325e+00  2.319e+00  2.313e+00  2.308e+00  2.302e+00  2.297e+00  2.292e+00  2.287e+00  2.283e+00  2.278e+00  2.274e+00  2.270e+00  2.266e+00  2.262e+00  2.258e+00  2.255e+00  2.252e+00  2.249e+00  2.246e+00  2.243e+00  2.241e+00  2.239e+00 	
 5.235e-01  1.329e+00  1.778e+00  2.014e+00  2.191e+00  2.320e+00  2.402e+00  2.445e+00  2.464e+00  2.468e+00  2.464e+00  2.456e+00  2.445e+00  2.434e+00  2.423e+00  2.411e+00  2.400e+00  2.390e+00  2.379e+00  2.370e+00  2.360e+00  2.352e+00  2.343e+00  2.336e+00  2.328e+00  2.321e+00  2.314e+00  2.308e+00  2.301e+00  2.295e+00  2.290e+00  2.284e+00  2.279e+00  2.274e+00  2.270e+00  2.265e+00  2.261e+00  2.256e+00  2.252e+00  2.249e+00  2.245e+00  2.241e+00  2.238e+00  2.234e+00  2.231e+00  2.228e+00  2.226e+00  2.223e+00  2.221e+00  2.219e+00 	
 6.646e-01  1.571e+00  1.996e+00  2.196e+00  2.331e+00  2.416e+00  2.459e+00  2.475e+00  2.475e+00  2.467e+00  2.455e+00  2.441e+00  2.427e+00  2.413e+00  2.400e+00  2.387e+00  2.376e+00  2.365e+00  2.354e+00  2.344e+00  2.335e+00  2.326e+00  2.318e+00  2.310e+00  2.303e+00  2.296e+00  2.290e+00  2.283e+00  2.277e+00  2.272e+00  2.266e+00  2.261e+00  2.256e+00  2.252e+00  2.247e+00  2.243e+00  2.239e+00  2.235e+00  2.231e+00  2.228e+00  2.224e+00  2.221e+00  2.218e+00  2.215e+00  2.212e+00  2.209e+00  2.206e+00  2.204e+00  2.202e+00  2.200e+00 	
 8.410e-01  1.812e+00  2.181e+00  2.329e+00  2.417e+00  2.461e+00  2.476e+00  2.473e+00  2.462e+00  2.447e+00  2.431e+00  2.415e+00  2.400e+00  2.385e+00  2.372e+00  2.359e+00  2.348e+00  2.337e+00  2.327e+00  2.317e+00  2.308e+00  2.300e+00  2.292e+00  2.285e+00  2.278e+00  2.271e+00  2.265e+00  2.260e+00  2.254e+00  2.249e+00  2.244e+00  2.239e+00  2.235e+00  2.230e+00  2.226e+00  2.222e+00  2.218e+00  2.215e+00  2.211e+00  2.208e+00  2.205e+00  2.202e+00  2.199e+00  2.196e+00  2.193e+00  2.191e+00  2.188e+00  2.186e+00  2.184e+00  2.182e+00 	
 1.053e+00  2.034e+00  2.321e+00  2.410e+00  2.452e+00  2.465e+00  2.461e+00  2.449e+00  2.432e+00  2.415e+00  2.398e+00  2.382e+00  2.368e+00  2.354e+00  2.341e+00  2.329e+00  2.319e+00  2.308e+00  2.299e+00  2.290e+00  2.282e+00  2.274e+00  2.267e+00  2.261e+00  2.254e+00  2.248e+00  2.243e+00  2.237e+00  2.232e+00  2.227e+00  2.223e+00  2.218e+00  2.214e+00  2.210e+00  2.206e+00  2.203e+00  2.199e+00  2.196e+00  2.193e+00  2.190e+00  2.187e+00  2.184e+00  2.181e+00  2.179e+00  2.176e+00  2.174e+00  2.172e+00  2.170e+00  2.168e+00  2.166e+00 	
 1.294e+00  2.219e+00  2.411e+00  2.445e+00  2.451e+00  2.444e+00  2.430e+00  2.413e+00  2.396e+00  2.379e+00  2.363e+00  2.349e+00  2.335e+00  2.323e+00  2.311e+00  2.301e+00  2.291e+00  2.281e+00  2.273e+00  2.265e+00  2.258e+00  2.251e+00  2.244e+00  2.238e+00  2.232e+00  2.227e+00  2.221e+00  2.217e+00  2.212e+00  2.207e+00  2.203e+00  2.199e+00  2.196e+00  2.192e+00  2.188e+00  2.185e+00  2.182e+00  2.179e+00  2.176e+00  2.173e+00  2.171e+00  2.168e+00  2.165e+00  2.163e+00  2.161e+00  2.159e+00  2.157e+00  2.155e+00  2.153e+00  2.151e+00 	
 1.550e+00  2.360e+00  2.460e+00  2.449e+00  2.433e+00  2.415e+00  2.397e+00  2.380e+00  2.363e+00  2.347e+00  2.333e+00  2.319e+00  2.307e+00  2.295e+00  2.285e+00  2.275e+00  2.266e+00  2.257e+00  2.249e+00  2.242e+00  2.235e+00  2.229e+00  2.223e+00  2.217e+00  2.212e+00  2.207e+00  2.202e+00  2.198e+00  2.193e+00  2.189e+00  2.186e+00  2.182e+00  2.178e+00  2.175e+00  2.172e+00  2.169e+00  2.166e+00  2.163e+00  2.161e+00  2.158e+00  2.156e+00  2.153e+00  2.151e+00  2.149e+00  2.147e+00  2.145e+00  2.143e+00  2.141e+00  2.139e+00  2.138e+00 	
 1.801e+00  2.455e+00  2.478e+00  2.440e+00  2.412e+00  2.391e+00  2.372e+00  2.354e+00  2.338e+00  2.323e+00  2.309e+00  2.296e+00  2.284e+00  2.273e+00  2.263e+00  2.253e+00  2.245e+00  2.237e+00  2.229e+00  2.222e+00  2.216e+00  2.210e+00  2.204e+00  2.199e+00  2.194e+00  2.190e+00  2.185e+00  2.181e+00  2.177e+00  2.173e+00  2.170e+00  2.166e+00  2.163e+00  2.160e+00  2.157e+00  2.154e+00  2.152e+00  2.149e+00  2.147e+00  2.144e+00  2.142e+00  2.140e+00  2.138e+00  2.136e+00  2.134e+00  2.132e+00  2.130e+00  2.129e+00  2.127e+00  2.126e+00 	
 2.026e+00  2.512e+00  2.479e+00  2.427e+00  2.394e+00  2.370e+00  2.350e+00  2.332e+00  2.316e+00  2.301e+00  2.287e+00  2.274e+00  2.263e+00  2.252e+00  2.242e+00  2.233e+00  2.225e+00  2.218e+00  2.211e+00  2.204e+00  2.198e+00  2.193e+00  2.187e+00  2.182e+00  2.178e+00  2.173e+00  2.169e+00  2.166e+00  2.162e+00  2.158e+00  2.155e+00  2.152e+00  2.149e+00  2.146e+00  2.144e+00  2.141e+00  2.139e+00  2.136e+00  2.134e+00  2.132e+00  2.130e+00  2.128e+00  2.126e+00  2.124e+00  2.122e+00  2.121e+00  2.119e+00  2.117e+00  2.116e+00  2.115e+00 	
 2.211e+00  2.539e+00  2.470e+00  2.411e+00  2.375e+00  2.350e+00  2.329e+00  2.310e+00  2.293e+00  2.278e+00  2.265e+00  2.253e+00  2.241e+00  2.231e+00  2.222e+00  2.214e+00  2.206e+00  2.199e+00  2.193e+00  2.187e+00  2.181e+00  2.176e+00  2.171e+00  2.167e+00  2.162e+00  2.158e+00  2.155e+00  2.151e+00  2.148e+00  2.145e+00  2.142e+00  2.139e+00  2.136e+00  2.133e+00  2.131e+00  2.129e+00  2.126e+00  2.124e+00  2.122e+00  2.120e+00  2.118e+00  2.117e+00  2.115e+00  2.113e+00  2.112e+00  2.110e+00  2.109e+00  2.107e+00  2.106e+00  2.104e+00 	
 2.350e+00  2.546e+00  2.455e+00  2.392e+00  2.354e+00  2.328e+00  2.306e+00  2.288e+00  2.271e+00  2.257e+00  2.244e+00  2.232e+00  2.222e+00  2.212e+00  2.204e+00  2.196e+00  2.189e+00  2.182e+00  2.176e+00  2.171e+00  2.166e+00  2.161e+00  2.156e+00  2.152e+00  2.148e+00  2.145e+00  2.141e+00  2.138e+00  2.135e+00  2.132e+00  2.129e+00  2.127e+00  2.124e+00  2.122e+00  2.120e+00  2.117e+00  2.115e+00  2.113e+00  2.112e+00  2.110e+00  2.108e+00  2.106e+00  2.105e+00  2.103e+00  2.102e+00  2.100e+00  2.099e+00  2.098e+00  2.096e+00  2.095e+00 	
 2.445e+00  2.538e+00  2.433e+00  2.370e+00  2.332e+00  2.305e+00  2.283e+00  2.265e+00  2.250e+00  2.236e+00  2.224e+00  2.213e+00  2.203e+00  2.194e+00  2.186e+00  2.179e+00  2.173e+00  2.167e+00  2.161e+00  2.156e+00  2.151e+00  2.147e+00  2.143e+00  2.139e+00  2.135e+00  2.132e+00  2.129e+00  2.126e+00  2.123e+00  2.120e+00  2.118e+00  2.116e+00  2.113e+00  2.111e+00  2.109e+00  2.107e+00  2.105e+00  2.103e+00  2.102e+00  2.100e+00  2.099e+00  2.097e+00  2.096e+00  2.094e+00  2.093e+00  2.092e+00  2.090e+00  2.089e+00  2.088e+00  2.086e+00 	
 2.501e+00  2.519e+00  2.409e+00  2.346e+00  2.308e+00  2.282e+00  2.261e+00  2.244e+00  2.229e+00  2.216e+00  2.205e+00  2.194e+00  2.186e+00  2.177e+00  2.170e+00  2.164e+00  2.158e+00  2.152e+00  2.147e+00  2.142e+00  2.138e+00  2.134e+00  2.130e+00  2.127e+00  2.124e+00  2.120e+00  2.118e+00  2.115e+00  2.112e+00  2.110e+00  2.108e+00  2.105e+00  2.103e+00  2.101e+00  2.099e+00  2.098e+00  2.096e+00  2.094e+00  2.093e+00  2.091e+00  2.090e+00  2.088e+00  2.087e+00  2.086e+00  2.085e+00  2.083e+00  2.082e+00  2.081e+00  2.080e+00  2.079e+00 	
 2.528e+00  2.495e+00  2.383e+00  2.322e+00  2.285e+00  2.260e+00  2.240e+00  2.224e+00  2.210e+00  2.198e+00  2.187e+00  2.178e+00  2.170e+00  2.162e+00  2.155e+00  2.149e+00  2.144e+00  2.139e+00  2.134e+00  2.130e+00  2.126e+00  2.122e+00  2.119e+00  2.116e+00  2.113e+00  2.110e+00  2.107e+00  2.105e+00  2.102e+00  2.100e+00  2.098e+00  2.096e+00  2.094e+00  2.092e+00  2.091e+00  2.089e+00  2.088e+00  2.086e+00  2.085e+00  2.083e+00  2.082e+00  2.081e+00  2.080e+00  2.078e+00  2.077e+00  2.076e+00  2.075e+00  2.074e+00  2.073e+00  2.071e+00 	
 2.534e+00  2.467e+00  2.357e+00  2.298e+00  2.263e+00  2.239e+00  2.220e+00  2.205e+00  2.192e+00  2.181e+00  2.171e+00  2.162e+00  2.155e+00  2.148e+00  2.142e+00  2.136e+00  2.131e+00  2.127e+00  2.122e+00  2.118e+00  2.115e+00  2.112e+00  2.108e+00  2.105e+00  2.103e+00  2.100e+00  2.098e+00  2.096e+00  2.093e+00  2.091e+00  2.089e+00  2.088e+00  2.086e+00  2.084e+00  2.083e+00  2.081e+00  2.080e+00  2.078e+00  2.077e+00  2.076e+00  2.075e+00  2.074e+00  2.073e+00  2.071e+00  2.070e+00  2.069e+00  2.068e+00  2.067e+00  2.066e+00  2.065e+00 	
 2.524e+00  2.437e+00  2.332e+00  2.276e+00  2.243e+00  2.220e+00  2.202e+00  2.188e+00  2.176e+00  2.165e+00  2.156e+00  2.148e+00  2.141e+00  2.135e+00  2.129e+00  2.124e+00  2.120e+00  2.116e+00  2.112e+00  2.108e+00  2.105e+00  2.102e+00  2.099e+00  2.096e+00  2.094e+00  2.091e+00  2.089e+00  2.087e+00  2.085e+00  2.083e+00  2.082e+00  2.080e+00  2.078e+00  2.077e+00  2.075e+00  2.074e+00  2.073e+00  2.072e+00  2.070e+00  2.069e+00  2.068e+00  2.067e+00  2.066e+00  2.065e+00  2.064e+00  2.063e+00  2.062e+00  2.061e+00  2.060e+00  2.059e+00 	
 2.504e+00  2.408e+00  2.308e+00  2.255e+00  2.224e+00  2.202e+00  2.185e+00  2.172e+00  2.161e+00  2.151e+00  2.143e+00  2.135e+00  2.129e+00  2.123e+00  2.118e+00  2.113e+00  2.109e+00  2.105e+00  2.102e+00  2.099e+00  2.096e+00  2.093e+00  2.090e+00  2.088e+00  2.085e+00  2.083e+00  2.081e+00  2.079e+00  2.078e+00  2.076e+00  2.074e+00  2.073e+00  2.071e+00  2.070e+00  2.069e+00  2.068e+00  2.066e+00  2.065e+00  2.064e+00  2.063e+00  2.062e+00  2.061e+00  2.060e+00  2.059e+00  2.059e+00  2.058e+00  2.057e+00  2.056e+00  2.055e+00  2.054e+00 	
 2.478e+00  2.379e+00  2.285e+00  2.236e+00  2.206e+00  2.185e+00  2.170e+00  2.157e+00  2.147e+00  2.138e+00  2.130e+00  2.124e+00  2.118e+00  2.113e+00  2.108e+00  2.104e+00  2.100e+00  2.096e+00  2.093e+00  2.090e+00  2.087e+00  2.085e+00  2.082e+00  2.080e+00  2.078e+00  2.076e+00  2.074e+00  2.072e+00  2.071e+00  2.069e+00  2.068e+00  2.066e+00  2.065e+00  2.064e+00  2.063e+00  2.062e+00  2.060e+00  2.059e+00  2.058e+00  2.058e+00  2.057e+00  2.056e+00  2.055e+00  2.054e+00  2.053e+00  2.053e+00  2.052e+00  2.051e+00  2.050e+00  2.048e+00 	
 2.450e+00  2.351e+00  2.263e+00  2.217e+00  2.189e+00  2.170e+00  2.155e+00  2.144e+00  2.134e+00  2.126e+00  2.119e+00  2.113e+00  2.107e+00  2.103e+00  2.098e+00  2.094e+00  2.091e+00  2.088e+00  2.085e+00  2.082e+00  2.079e+00  2.077e+00  2.075e+00  2.073e+00  2.071e+00  2.069e+00  2.068e+00  2.066e+00  2.065e+00  2.063e+00  2.062e+00  2.061e+00  2.059e+00  2.058e+00  2.057e+00  2.056e+00  2.055e+00  2.054e+00  2.053e+00  2.053e+00  2.052e+00  2.051e+00  2.050e+00  2.049e+00  2.049e+00  2.048e+00  2.047e+00  2.046e+00  2.045e+00  2.044e+00 	
 2.420e+00  2.325e+00  2.243e+00  2.200e+00  2.174e+00  2.156e+00  2.142e+00  2.132e+00  2.123e+00  2.115e+00  2.109e+00  2.103e+00  2.098e+00  2.094e+00  2.090e+00  2.086e+00  2.083e+00  2.080e+00  2.077e+00  2.075e+00  2.072e+00  2.070e+00  2.068e+00  2.066e+00  2.065e+00  2.063e+00  2.062e+00  2.060e+00  2.059e+00  2.058e+00  2.056e+00  2.055e+00  2.054e+00  2.053e+00  2.052e+00  2.051e+00  2.050e+00  2.049e+00  2.049e+00  2.048e+00  2.047e+00  2.046e+00  2.046e+00  2.045e+00  2.044e+00  2.044e+00  2.043e+00  2.042e+00  2.041e+00  2.040e+00 	
 2.390e+00  2.301e+00  2.224e+00  2.184e+00  2.160e+00  2.143e+00  2.130e+00  2.120e+00  2.112e+00  2.105e+00  2.099e+00  2.094e+00  2.090e+00  2.085e+00  2.082e+00  2.079e+00  2.076e+00  2.073e+00  2.070e+00  2.068e+00  2.066e+00  2.064e+00  2.062e+00  2.061e+00  2.059e+00  2.058e+00  2.056e+00  2.055e+00  2.054e+00  2.052e+00  2.051e+00  2.050e+00  2.049e+00  2.048e+00  2.048e+00  2.047e+00  2.046e+00  2.045e+00  2.044e+00  2.044e+00  2.043e+00  2.042e+00  2.042e+00  2.041e+00  2.041e+00  2.040e+00  2.039e+00  2.038e+00  2.037e+00  2.036e+00 	
 2.360e+00  2.278e+00  2.207e+00  2.169e+00  2.147e+00  2.131e+00  2.119e+00  2.110e+00  2.103e+00  2.096e+00  2.091e+00  2.086e+00  2.082e+00  2.078e+00  2.075e+00  2.072e+00  2.069e+00  2.067e+00  2.064e+00  2.062e+00  2.060e+00  2.059e+00  2.057e+00  2.055e+00  2.054e+00  2.053e+00  2.051e+00  2.050e+00  2.049e+00  2.048e+00  2.047e+00  2.046e+00  2.045e+00  2.044e+00  2.043e+00  2.043e+00  2.042e+00  2.041e+00  2.041e+00  2.040e+00  2.039e+00  2.039e+00  2.038e+00  2.038e+00  2.037e+00  2.037e+00  2.036e+00  2.035e+00  2.034e+00  2.032e+00 	
 2.328e+00  2.256e+00  2.190e+00  2.156e+00  2.135e+00  2.120e+00  2.110e+00  2.101e+00  2.094e+00  2.088e+00  2.083e+00  2.079e+00  2.075e+00  2.071e+00  2.068e+00  2.066e+00  2.063e+00  2.061e+00  2.059e+00  2.057e+00  2.055e+00  2.054e+00  2.052e+00  2.051e+00  2.049e+00  2.048e+00  2.047e+00  2.046e+00  2.045e+00  2.044e+00  2.043e+00  2.042e+00  2.041e+00  2.040e+00  2.040e+00  2.039e+00  2.038e+00  2.038e+00  2.037e+00  2.037e+00  2.036e+00  2.036e+00  2.035e+00  2.035e+00  2.034e+00  2.033e+00  2.033e+00  2.032e+00  2.030e+00  2.028e+00 	
 2.290e+00  2.232e+00  2.174e+00  2.143e+00  2.124e+00  2.110e+00  2.100e+00  2.092e+00  2.086e+00  2.081e+00  2.076e+00  2.072e+00  2.069e+00  2.065e+00  2.063e+00  2.060e+00  2.058e+00  2.056e+00  2.054e+00  2.052e+00  2.051e+00  2.049e+00  2.048e+00  2.047e+00  2.045e+00  2.044e+00  2.043e+00  2.042e+00  2.041e+00  2.040e+00  2.040e+00  2.039e+00  2.038e+00  2.037e+00  2.037e+00  2.036e+00  2.035e+00  2.035e+00  2.034e+00  2.034e+00  2.034e+00  2.033e+00  2.033e+00  2.032e+00  2.032e+00  2.031e+00  2.030e+00  2.029e+00  2.027e+00  2.025e+00 	
 2.231e+00  2.202e+00  2.154e+00  2.127e+00  2.110e+00  2.098e+00  2.089e+00  2.082e+00  2.076e+00  2.071e+00  2.067e+00  2.064e+00  2.060e+00  2.058e+00  2.055e+00  2.053e+00  2.051e+00  2.049e+00  2.047e+00  2.046e+00  2.044e+00  2.043e+00  2.042e+00  2.041e+00  2.040e+00  2.039e+00  2.038e+00  2.037e+00  2.036e+00  2.035e+00  2.034e+00  2.034e+00  2.033e+00  2.032e+00  2.032e+00  2.031e+00  2.030e+00  2.030e+00  2.029e+00  2.029e+00  2.028e+00  2.028e+00  2.027e+00  2.027e+00  2.026e+00  2.025e+00  2.024e+00  2.022e+00  2.019e+00  2.015e+00 	
