 1.821e-02  1.657e-02  1.517e-02  1.323e-02  1.120e-02  9.386e-03  7.736e-03  6.299e-03  5.105e-03  4.182e-03  3.448e-03  2.797e-03  2.267e-03  1.846e-03  1.528e-03  1.306e-03  1.095e-03  9.228e-04  7.812e-04  6.632e-04  5.635e-04  4.786e-04  4.056e-04  3.424e-04  2.875e-04  2.411e-04  2.028e-04  1.698e-04  1.401e-04  1.130e-04  8.860e-05  6.827e-05  5.195e-05  3.911e-05  2.849e-05  1.926e-05  1.258e-05  8.142e-06  5.080e-06  3.068e-06  1.779e-06  9.713e-07  4.851e-07  2.017e-07  6.735e-08  2.996e-08  4.441e-08  7.225e-08  7.569e-08  7.034e-08 	
 3.130e-02  2.856e-02  2.619e-02  2.290e-02  1.943e-02  1.631e-02  1.347e-02  1.098e-02  8.915e-03  7.310e-03  6.033e-03  4.897e-03  3.971e-03  3.236e-03  2.680e-03  2.291e-03  1.921e-03  1.620e-03  1.371e-03  1.164e-03  9.896e-04  8.405e-04  7.123e-04  6.014e-04  5.050e-04  4.235e-04  3.563e-04  2.983e-04  2.462e-04  1.986e-04  1.557e-04  1.200e-04  9.130e-05  6.873e-05  5.006e-05  3.385e-05  2.210e-05  1.431e-05  8.927e-06  5.392e-06  3.127e-06  1.707e-06  8.525e-07  3.546e-07  1.184e-07  5.265e-08  7.805e-08  1.270e-07  1.330e-07  1.236e-07 	
 5.312e-02  4.863e-02  4.474e-02  3.926e-02  3.342e-02  2.816e-02  2.332e-02  1.906e-02  1.550e-02  1.274e-02  1.053e-02  8.553e-03  6.944e-03  5.663e-03  4.693e-03  4.014e-03  3.367e-03  2.840e-03  2.406e-03  2.043e-03  1.737e-03  1.475e-03  1.251e-03  1.056e-03  8.869e-04  7.439e-04  6.259e-04  5.240e-04  4.325e-04  3.489e-04  2.736e-04  2.108e-04  1.604e-04  1.208e-04  8.798e-05  5.949e-05  3.884e-05  2.515e-05  1.569e-05  9.476e-06  5.496e-06  3.000e-06  1.498e-06  6.231e-07  2.080e-07  9.253e-08  1.372e-07  2.232e-07  2.338e-07  2.173e-07 	
 8.831e-02  8.127e-02  7.512e-02  6.628e-02  5.675e-02  4.806e-02  3.998e-02  3.282e-02  2.679e-02  2.207e-02  1.828e-02  1.488e-02  1.210e-02  9.884e-03  8.201e-03  7.020e-03  5.892e-03  4.973e-03  4.215e-03  3.581e-03  3.046e-03  2.588e-03  2.195e-03  1.853e-03  1.557e-03  1.306e-03  1.099e-03  9.203e-04  7.597e-04  6.129e-04  4.806e-04  3.704e-04  2.819e-04  2.122e-04  1.546e-04  1.045e-04  6.826e-05  4.419e-05  2.757e-05  1.665e-05  9.658e-06  5.272e-06  2.633e-06  1.095e-06  3.656e-07  1.626e-07  2.411e-07  3.922e-07  4.109e-07  3.819e-07 	
 1.423e-01  1.320e-01  1.228e-01  1.093e-01  9.439e-02  8.057e-02  6.753e-02  5.579e-02  4.579e-02  3.789e-02  3.150e-02  2.574e-02  2.099e-02  1.718e-02  1.428e-02  1.224e-02  1.028e-02  8.690e-03  7.371e-03  6.267e-03  5.333e-03  4.535e-03  3.847e-03  3.250e-03  2.731e-03  2.292e-03  1.929e-03  1.616e-03  1.334e-03  1.076e-03  8.441e-04  6.506e-04  4.952e-04  3.729e-04  2.716e-04  1.837e-04  1.200e-04  7.766e-05  4.845e-05  2.927e-05  1.697e-05  9.266e-06  4.628e-06  1.925e-06  6.425e-07  2.858e-07  4.237e-07  6.893e-07  7.221e-07  6.711e-07 	
 2.195e-01  2.057e-01  1.932e-01  1.739e-01  1.521e-01  1.314e-01  1.114e-01  9.295e-02  7.696e-02  6.413e-02  5.363e-02  4.405e-02  3.608e-02  2.964e-02  2.471e-02  2.123e-02  1.787e-02  1.513e-02  1.285e-02  1.094e-02  9.317e-03  7.929e-03  6.731e-03  5.691e-03  4.785e-03  4.017e-03  3.383e-03  2.834e-03  2.341e-03  1.889e-03  1.482e-03  1.142e-03  8.697e-04  6.549e-04  4.772e-04  3.228e-04  2.108e-04  1.365e-04  8.514e-05  5.143e-05  2.983e-05  1.628e-05  8.133e-06  3.382e-06  1.129e-06  5.023e-07  7.446e-07  1.211e-06  1.269e-06  1.179e-06 	
 3.194e-01  3.031e-01  2.880e-01  2.634e-01  2.344e-01  2.058e-01  1.772e-01  1.501e-01  1.260e-01  1.061e-01  8.956e-02  7.418e-02  6.119e-02  5.057e-02  4.235e-02  3.650e-02  3.084e-02  2.617e-02  2.228e-02  1.900e-02  1.622e-02  1.382e-02  1.175e-02  9.941e-03  8.366e-03  7.030e-03  5.923e-03  4.965e-03  4.103e-03  3.313e-03  2.600e-03  2.005e-03  1.527e-03  1.150e-03  8.381e-04  5.669e-04  3.703e-04  2.398e-04  1.496e-04  9.037e-05  5.241e-05  2.861e-05  1.429e-05  5.944e-06  1.984e-06  8.827e-07  1.309e-06  2.129e-06  2.230e-06  2.073e-06 	
 4.336e-01  4.175e-01  4.020e-01  3.745e-01  3.403e-01  3.051e-01  2.683e-01  2.320e-01  1.983e-01  1.697e-01  1.452e-01  1.218e-01  1.016e-01  8.469e-02  7.145e-02  6.192e-02  5.259e-02  4.482e-02  3.830e-02  3.277e-02  2.804e-02  2.395e-02  2.040e-02  1.730e-02  1.458e-02  1.227e-02  1.035e-02  8.681e-03  7.180e-03  5.802e-03  4.556e-03  3.516e-03  2.679e-03  2.018e-03  1.471e-03  9.956e-04  6.503e-04  4.212e-04  2.628e-04  1.588e-04  9.210e-05  5.028e-05  2.511e-05  1.045e-05  3.487e-06  1.551e-06  2.300e-06  3.742e-06  3.920e-06  3.643e-06 	
 5.466e-01  5.341e-01  5.214e-01  4.953e-01  4.605e-01  4.228e-01  3.812e-01  3.380e-01  2.958e-01  2.586e-01  2.253e-01  1.924e-01  1.631e-01  1.379e-01  1.176e-01  1.028e-01  8.801e-02  7.554e-02  6.493e-02  5.584e-02  4.798e-02  4.114e-02  3.516e-02  2.990e-02  2.526e-02  2.130e-02  1.800e-02  1.513e-02  1.253e-02  1.014e-02  7.970e-03  6.156e-03  4.694e-03  3.539e-03  2.581e-03  1.747e-03  1.142e-03  7.397e-04  4.617e-04  2.789e-04  1.618e-04  8.835e-05  4.413e-05  1.836e-05  6.128e-06  2.726e-06  4.041e-06  6.576e-06  6.889e-06  6.402e-06 	
 6.413e-01  6.360e-01  6.293e-01  6.089e-01  5.789e-01  5.443e-01  5.037e-01  4.590e-01  4.129e-01  3.701e-01  3.301e-01  2.886e-01  2.499e-01  2.153e-01  1.866e-01  1.651e-01  1.431e-01  1.241e-01  1.076e-01  9.330e-02  8.073e-02  6.964e-02  5.983e-02  5.111e-02  4.337e-02  3.669e-02  3.110e-02  2.621e-02  2.176e-02  1.764e-02  1.390e-02  1.075e-02  8.208e-03  6.196e-03  4.523e-03  3.064e-03  2.004e-03  1.298e-03  8.107e-04  4.899e-04  2.842e-04  1.552e-04  7.753e-05  3.225e-05  1.077e-05  4.790e-06  7.102e-06  1.156e-05  1.211e-05  1.125e-05 	
 7.050e-01  7.097e-01  7.118e-01  7.006e-01  6.795e-01  6.527e-01  6.188e-01  5.790e-01  5.356e-01  4.930e-01  4.512e-01  4.053e-01  3.602e-01  3.179e-01  2.814e-01  2.530e-01  2.230e-01  1.963e-01  1.725e-01  1.513e-01  1.323e-01  1.152e-01  9.975e-02  8.585e-02  7.332e-02  6.240e-02  5.315e-02  4.497e-02  3.748e-02  3.050e-02  2.410e-02  1.870e-02  1.431e-02  1.082e-02  7.910e-03  5.366e-03  3.512e-03  2.278e-03  1.423e-03  8.601e-04  4.992e-04  2.726e-04  1.362e-04  5.666e-05  1.892e-05  8.417e-06  1.248e-05  2.030e-05  2.127e-05  1.977e-05 	
 7.410e-01  7.508e-01  7.616e-01  7.613e-01  7.516e-01  7.357e-01  7.122e-01  6.820e-01  6.468e-01  6.104e-01  5.727e-01  5.288e-01  4.833e-01  4.383e-01  3.975e-01  3.646e-01  3.282e-01  2.946e-01  2.635e-01  2.348e-01  2.083e-01  1.838e-01  1.612e-01  1.403e-01  1.210e-01  1.039e-01  8.919e-02  7.599e-02  6.373e-02  5.217e-02  4.144e-02  3.230e-02  2.481e-02  1.881e-02  1.379e-02  9.376e-03  6.147e-03  3.991e-03  2.495e-03  1.509e-03  8.762e-04  4.787e-04  2.392e-04  9.953e-05  3.324e-05  1.479e-05  2.193e-05  3.568e-05  3.738e-05  3.474e-05 	
 7.855e-01  7.862e-01  7.908e-01  7.928e-01  7.918e-01  7.871e-01  7.757e-01  7.574e-01  7.336e-01  7.073e-01  6.783e-01  6.422e-01  6.026e-01  5.612e-01  5.219e-01  4.890e-01  4.507e-01  4.137e-01  3.780e-01  3.437e-01  3.107e-01  2.791e-01  2.489e-01  2.200e-01  1.926e-01  1.676e-01  1.455e-01  1.253e-01  1.061e-01  8.765e-02  7.024e-02  5.514e-02  4.262e-02  3.249e-02  2.391e-02  1.632e-02  1.073e-02  6.980e-03  4.370e-03  2.646e-03  1.537e-03  8.402e-04  4.200e-04  1.748e-04  5.838e-05  2.598e-05  3.852e-05  6.268e-05  6.567e-05  6.103e-05 	
 8.090e-01  8.243e-01  8.321e-01  8.277e-01  8.194e-01  8.140e-01  8.091e-01  8.015e-01  7.899e-01  7.752e-01  7.573e-01  7.322e-01  7.027e-01  6.700e-01  6.374e-01  6.094e-01  5.747e-01  5.396e-01  5.043e-01  4.687e-01  4.330e-01  3.973e-01  3.616e-01  3.262e-01  2.911e-01  2.579e-01  2.276e-01  1.990e-01  1.710e-01  1.432e-01  1.163e-01  9.242e-02  7.214e-02  5.544e-02  4.110e-02  2.823e-02  1.864e-02  1.217e-02  7.636e-03  4.631e-03  2.694e-03  1.473e-03  7.370e-04  3.068e-04  1.025e-04  4.562e-05  6.765e-05  1.101e-04  1.154e-04  1.072e-04 	
 8.144e-01  8.229e-01  8.397e-01  8.535e-01  8.563e-01  8.496e-01  8.377e-01  8.265e-01  8.185e-01  8.125e-01  8.053e-01  7.923e-01  7.746e-01  7.532e-01  7.305e-01  7.104e-01  6.836e-01  6.552e-01  6.251e-01  5.935e-01  5.603e-01  5.255e-01  4.891e-01  4.512e-01  4.121e-01  3.732e-01  3.363e-01  2.999e-01  2.628e-01  2.246e-01  1.860e-01  1.505e-01  1.193e-01  9.287e-02  6.962e-02  4.831e-02  3.216e-02  2.111e-02  1.330e-02  8.087e-03  4.713e-03  2.581e-03  1.292e-03  5.383e-04  1.799e-04  8.009e-05  1.188e-04  1.934e-04  2.026e-04  1.883e-04 	
 8.032e-01  8.277e-01  8.478e-01  8.520e-01  8.555e-01  8.650e-01  8.687e-01  8.624e-01  8.496e-01  8.376e-01  8.298e-01  8.231e-01  8.159e-01  8.060e-01  7.945e-01  7.839e-01  7.669e-01  7.475e-01  7.258e-01  7.016e-01  6.751e-01  6.460e-01  6.141e-01  5.793e-01  5.416e-01  5.023e-01  4.632e-01  4.228e-01  3.797e-01  3.329e-01  2.830e-01  2.347e-01  1.902e-01  1.511e-01  1.153e-01  8.130e-02  5.482e-02  3.630e-02  2.302e-02  1.407e-02  8.223e-03  4.514e-03  2.263e-03  9.436e-04  3.156e-04  1.405e-04  2.085e-04  3.394e-04  3.556e-04  3.306e-04 	
 7.759e-01  8.132e-01  8.313e-01  8.457e-01  8.636e-01  8.678e-01  8.650e-01  8.685e-01  8.733e-01  8.717e-01  8.632e-01  8.500e-01  8.390e-01  8.323e-01  8.288e-01  8.274e-01  8.208e-01  8.114e-01  7.991e-01  7.839e-01  7.659e-01  7.449e-01  7.207e-01  6.931e-01  6.617e-01  6.275e-01  5.919e-01  5.533e-01  5.098e-01  4.600e-01  4.035e-01  3.453e-01  2.884e-01  2.353e-01  1.842e-01  1.332e-01  9.167e-02  6.160e-02  3.949e-02  2.431e-02  1.429e-02  7.870e-03  3.955e-03  1.652e-03  5.530e-04  2.464e-04  3.657e-04  5.955e-04  6.240e-04  5.801e-04 	
 7.112e-01  7.688e-01  7.927e-01  8.260e-01  8.493e-01  8.541e-01  8.683e-01  8.753e-01  8.712e-01  8.703e-01  8.764e-01  8.788e-01  8.730e-01  8.617e-01  8.519e-01  8.490e-01  8.477e-01  8.469e-01  8.439e-01  8.380e-01  8.289e-01  8.166e-01  8.010e-01  7.820e-01  7.592e-01  7.332e-01  7.051e-01  6.731e-01  6.354e-01  5.895e-01  5.343e-01  4.733e-01  4.095e-01  3.458e-01  2.801e-01  2.099e-01  1.488e-01  1.023e-01  6.673e-02  4.160e-02  2.465e-02  1.366e-02  6.891e-03  2.886e-03  9.677e-04  4.316e-04  6.409e-04  1.044e-03  1.094e-03  1.017e-03 	
 6.047e-01  6.687e-01  7.201e-01  7.697e-01  8.108e-01  8.256e-01  8.550e-01  8.599e-01  8.659e-01  8.777e-01  8.788e-01  8.742e-01  8.772e-01  8.831e-01  8.835e-01  8.796e-01  8.714e-01  8.662e-01  8.654e-01  8.661e-01  8.652e-01  8.615e-01  8.544e-01  8.438e-01  8.296e-01  8.125e-01  7.929e-01  7.697e-01  7.409e-01  7.041e-01  6.570e-01  6.018e-01  5.399e-01  4.734e-01  3.994e-01  3.130e-01  2.313e-01  1.644e-01  1.101e-01  7.002e-02  4.208e-02  2.354e-02  1.195e-02  5.027e-03  1.690e-03  7.548e-04  1.122e-03  1.827e-03  1.915e-03  1.781e-03 	
 5.133e-01  5.399e-01  6.064e-01  6.479e-01  7.324e-01  7.588e-01  8.144e-01  8.248e-01  8.485e-01  8.641e-01  8.642e-01  8.763e-01  8.836e-01  8.805e-01  8.809e-01  8.903e-01  8.966e-01  8.957e-01  8.899e-01  8.845e-01  8.827e-01  8.834e-01  8.833e-01  8.806e-01  8.745e-01  8.654e-01  8.540e-01  8.393e-01  8.198e-01  7.934e-01  7.579e-01  7.138e-01  6.614e-01  6.013e-01  5.289e-01  4.362e-01  3.393e-01  2.521e-01  1.755e-01  1.149e-01  7.061e-02  4.012e-02  2.058e-02  8.715e-03  2.942e-03  1.317e-03  1.958e-03  3.192e-03  3.347e-03  3.114e-03 	
 5.561e-01  5.431e-01  5.454e-01  5.676e-01  5.870e-01  6.551e-01  7.148e-01  7.578e-01  7.972e-01  8.276e-01  8.348e-01  8.625e-01  8.678e-01  8.738e-01  8.876e-01  8.922e-01  8.912e-01  8.979e-01  9.072e-01  9.103e-01  9.072e-01  9.018e-01  8.985e-01  8.978e-01  8.974e-01  8.954e-01  8.914e-01  8.842e-01  8.729e-01  8.560e-01  8.317e-01  8.001e-01  7.606e-01  7.126e-01  6.507e-01  5.641e-01  4.638e-01  3.635e-01  2.660e-01  1.818e-01  1.154e-01  6.717e-02  3.504e-02  1.500e-02  5.098e-03  2.289e-03  3.409e-03  5.558e-03  5.831e-03  5.429e-03 	
 5.748e-01  5.949e-01  6.060e-01  6.027e-01  5.901e-01  5.662e-01  5.882e-01  6.482e-01  6.787e-01  7.523e-01  7.667e-01  8.210e-01  8.319e-01  8.555e-01  8.741e-01  8.770e-01  8.923e-01  9.034e-01  9.042e-01  9.072e-01  9.164e-01  9.223e-01  9.216e-01  9.167e-01  9.117e-01  9.096e-01  9.095e-01  9.084e-01  9.042e-01  8.953e-01  8.805e-01  8.599e-01  8.328e-01  7.982e-01  7.509e-01  6.795e-01  5.887e-01  4.880e-01  3.785e-01  2.731e-01  1.815e-01  1.095e-01  5.863e-02  2.555e-02  8.773e-03  3.959e-03  5.905e-03  9.631e-03  1.011e-02  9.424e-03 	
 5.211e-01  5.480e-01  5.885e-01  6.243e-01  6.412e-01  6.329e-01  5.999e-01  5.852e-01  5.988e-01  6.064e-01  6.651e-01  7.167e-01  7.641e-01  8.021e-01  8.380e-01  8.469e-01  8.790e-01  8.885e-01  8.973e-01  9.128e-01  9.174e-01  9.177e-01  9.241e-01  9.310e-01  9.323e-01  9.286e-01  9.238e-01  9.207e-01  9.189e-01  9.156e-01  9.083e-01  8.967e-01  8.800e-01  8.573e-01  8.243e-01  7.708e-01  6.975e-01  6.086e-01  5.010e-01  3.845e-01  2.710e-01  1.719e-01  9.559e-02  4.282e-02  1.494e-02  6.794e-03  1.015e-02  1.656e-02  1.741e-02  1.625e-02 	
 5.377e-01  5.378e-01  5.362e-01  5.470e-01  5.860e-01  6.285e-01  6.499e-01  6.469e-01  6.317e-01  6.151e-01  5.817e-01  5.992e-01  6.527e-01  6.815e-01  7.622e-01  7.785e-01  8.389e-01  8.548e-01  8.807e-01  9.012e-01  9.053e-01  9.196e-01  9.281e-01  9.282e-01  9.304e-01  9.370e-01  9.406e-01  9.390e-01  9.337e-01  9.275e-01  9.215e-01  9.151e-01  9.063e-01  8.933e-01  8.723e-01  8.352e-01  7.809e-01  7.103e-01  6.168e-01  5.037e-01  3.791e-01  2.560e-01  1.501e-01  7.005e-02  2.507e-02  1.153e-02  1.727e-02  2.814e-02  2.964e-02  2.774e-02 	
 5.176e-01  5.344e-01  5.589e-01  5.710e-01  5.572e-01  5.554e-01  5.827e-01  6.237e-01  6.533e-01  6.644e-01  6.526e-01  6.198e-01  6.054e-01  6.125e-01  6.147e-01  6.811e-01  7.338e-01  7.916e-01  8.310e-01  8.706e-01  8.819e-01  9.097e-01  9.164e-01  9.241e-01  9.351e-01  9.372e-01  9.372e-01  9.422e-01  9.463e-01  9.447e-01  9.376e-01  9.283e-01  9.196e-01  9.112e-01  8.988e-01  8.746e-01  8.371e-01  7.855e-01  7.117e-01  6.138e-01  4.931e-01  3.573e-01  2.242e-01  1.107e-01  4.111e-02  1.922e-02  2.886e-02  4.694e-02  4.959e-02  4.660e-02 	
 5.286e-01  5.310e-01  5.267e-01  5.324e-01  5.635e-01  5.835e-01  5.803e-01  5.629e-01  5.669e-01  6.025e-01  6.401e-01  6.635e-01  6.648e-01  6.542e-01  6.380e-01  6.046e-01  6.288e-01  6.839e-01  7.163e-01  8.041e-01  8.247e-01  8.793e-01  8.902e-01  9.125e-01  9.262e-01  9.286e-01  9.398e-01  9.451e-01  9.439e-01  9.446e-01  9.467e-01  9.448e-01  9.374e-01  9.265e-01  9.136e-01  8.951e-01  8.690e-01  8.330e-01  7.787e-01  7.014e-01  5.965e-01  4.636e-01  3.139e-01  1.668e-01  6.528e-02  3.125e-02  4.701e-02  7.606e-02  8.075e-02  7.640e-02 	
 5.271e-01  5.243e-01  5.295e-01  5.451e-01  5.436e-01  5.343e-01  5.569e-01  5.860e-01  5.930e-01  5.741e-01  5.670e-01  5.872e-01  6.293e-01  6.648e-01  6.823e-01  6.771e-01  6.556e-01  6.512e-01  6.608e-01  6.624e-01  7.395e-01  7.950e-01  8.402e-01  8.760e-01  9.030e-01  9.120e-01  9.327e-01  9.362e-01  9.425e-01  9.487e-01  9.466e-01  9.433e-01  9.439e-01  9.421e-01  9.332e-01  9.143e-01  8.890e-01  8.594e-01  8.183e-01  7.598e-01  6.756e-01  5.582e-01  4.079e-01  2.359e-01  9.897e-02  4.899e-02  7.368e-02  1.179e-01  1.262e-01  1.207e-01 	
 5.292e-01  5.275e-01  5.328e-01  5.362e-01  5.304e-01  5.459e-01  5.562e-01  5.421e-01  5.455e-01  5.769e-01  5.965e-01  5.954e-01  5.778e-01  5.750e-01  6.107e-01  6.555e-01  6.911e-01  7.045e-01  7.052e-01  6.949e-01  6.598e-01  6.897e-01  7.520e-01  7.783e-01  8.531e-01  8.678e-01  9.107e-01  9.168e-01  9.350e-01  9.418e-01  9.415e-01  9.471e-01  9.461e-01  9.412e-01  9.385e-01  9.311e-01  9.136e-01  8.858e-01  8.464e-01  7.952e-01  7.259e-01  6.275e-01  4.901e-01  3.093e-01  1.410e-01  7.291e-02  1.094e-01  1.716e-01  1.855e-01  1.805e-01 	
 5.329e-01  5.314e-01  5.334e-01  5.336e-01  5.319e-01  5.427e-01  5.365e-01  5.395e-01  5.588e-01  5.554e-01  5.431e-01  5.599e-01  5.914e-01  6.089e-01  5.922e-01  5.855e-01  6.056e-01  6.561e-01  7.046e-01  7.317e-01  7.284e-01  7.041e-01  7.065e-01  7.253e-01  7.313e-01  7.957e-01  8.492e-01  8.782e-01  9.102e-01  9.243e-01  9.310e-01  9.418e-01  9.400e-01  9.437e-01  9.428e-01  9.322e-01  9.205e-01  9.063e-01  8.787e-01  8.330e-01  7.666e-01  6.756e-01  5.505e-01  3.739e-01  1.860e-01  1.015e-01  1.514e-01  2.298e-01  2.507e-01  2.498e-01 	
 5.358e-01  5.356e-01  5.345e-01  5.359e-01  5.330e-01  5.387e-01  5.328e-01  5.408e-01  5.444e-01  5.360e-01  5.493e-01  5.651e-01  5.527e-01  5.507e-01  5.832e-01  6.144e-01  6.233e-01  6.143e-01  6.108e-01  6.522e-01  7.105e-01  7.466e-01  7.581e-01  7.567e-01  7.500e-01  7.202e-01  7.456e-01  8.108e-01  8.343e-01  8.885e-01  8.998e-01  9.255e-01  9.267e-01  9.393e-01  9.377e-01  9.342e-01  9.274e-01  9.108e-01  8.884e-01  8.594e-01  8.105e-01  7.288e-01  6.059e-01  4.286e-01  2.284e-01  1.314e-01  1.945e-01  2.821e-01  3.073e-01  3.136e-01 	
 5.388e-01  5.383e-01  5.382e-01  5.371e-01  5.363e-01  5.370e-01  5.351e-01  5.378e-01  5.379e-01  5.352e-01  5.476e-01  5.444e-01  5.413e-01  5.642e-01  5.686e-01  5.593e-01  5.736e-01  6.148e-01  6.516e-01  6.383e-01  6.333e-01  6.618e-01  7.198e-01  7.637e-01  7.856e-01  7.810e-01  7.469e-01  7.482e-01  7.770e-01  7.968e-01  8.356e-01  8.842e-01  8.952e-01  9.233e-01  9.244e-01  9.304e-01  9.243e-01  9.135e-01  8.988e-01  8.696e-01  8.267e-01  7.658e-01  6.643e-01  4.902e-01  2.724e-01  1.618e-01  2.359e-01  3.261e-01  3.479e-01  3.578e-01 	
 5.412e-01  5.410e-01  5.406e-01  5.401e-01  5.389e-01  5.376e-01  5.386e-01  5.357e-01  5.387e-01  5.348e-01  5.421e-01  5.371e-01  5.420e-01  5.524e-01  5.430e-01  5.549e-01  5.832e-01  5.799e-01  5.783e-01  6.195e-01  6.624e-01  6.762e-01  6.648e-01  6.613e-01  7.147e-01  7.664e-01  7.928e-01  7.979e-01  7.909e-01  7.837e-01  7.672e-01  7.791e-01  8.415e-01  8.752e-01  8.974e-01  9.144e-01  9.125e-01  9.100e-01  8.982e-01  8.740e-01  8.424e-01  7.863e-01  6.958e-01  5.442e-01  3.235e-01  1.962e-01  2.776e-01  3.679e-01  3.838e-01  3.892e-01 	
 5.433e-01  5.432e-01  5.430e-01  5.424e-01  5.415e-01  5.404e-01  5.392e-01  5.394e-01  5.380e-01  5.379e-01  5.379e-01  5.387e-01  5.385e-01  5.439e-01  5.383e-01  5.538e-01  5.608e-01  5.552e-01  5.879e-01  6.053e-01  5.931e-01  6.237e-01  6.718e-01  7.054e-01  6.832e-01  6.877e-01  7.243e-01  7.773e-01  8.065e-01  8.176e-01  8.079e-01  7.707e-01  7.450e-01  7.902e-01  8.414e-01  8.655e-01  8.880e-01  8.933e-01  8.872e-01  8.705e-01  8.459e-01  7.969e-01  7.222e-01  5.832e-01  3.705e-01  2.347e-01  3.198e-01  4.066e-01  4.198e-01  4.235e-01 	
 5.450e-01  5.451e-01  5.450e-01  5.444e-01  5.436e-01  5.427e-01  5.417e-01  5.409e-01  5.406e-01  5.394e-01  5.392e-01  5.400e-01  5.370e-01  5.417e-01  5.373e-01  5.464e-01  5.477e-01  5.515e-01  5.757e-01  5.683e-01  5.886e-01  6.264e-01  6.195e-01  6.257e-01  6.823e-01  7.126e-01  7.264e-01  7.062e-01  7.185e-01  7.716e-01  7.938e-01  7.987e-01  7.785e-01  7.485e-01  7.511e-01  7.895e-01  8.282e-01  8.468e-01  8.615e-01  8.520e-01  8.364e-01  7.964e-01  7.358e-01  6.131e-01  4.123e-01  2.734e-01  3.603e-01  4.401e-01  4.478e-01  4.505e-01 	
 5.465e-01  5.467e-01  5.467e-01  5.462e-01  5.456e-01  5.448e-01  5.441e-01  5.433e-01  5.425e-01  5.419e-01  5.410e-01  5.406e-01  5.408e-01  5.385e-01  5.409e-01  5.394e-01  5.462e-01  5.444e-01  5.611e-01  5.550e-01  5.832e-01  5.923e-01  5.913e-01  6.380e-01  6.496e-01  6.342e-01  6.817e-01  7.340e-01  7.419e-01  7.233e-01  7.233e-01  7.606e-01  7.940e-01  8.020e-01  7.734e-01  7.303e-01  7.327e-01  7.682e-01  7.931e-01  8.074e-01  8.078e-01  7.801e-01  7.345e-01  6.313e-01  4.492e-01  3.107e-01  3.973e-01  4.690e-01  4.733e-01  4.738e-01 	
 5.476e-01  5.479e-01  5.480e-01  5.477e-01  5.471e-01  5.465e-01  5.459e-01  5.451e-01  5.444e-01  5.438e-01  5.434e-01  5.426e-01  5.421e-01  5.416e-01  5.400e-01  5.422e-01  5.423e-01  5.423e-01  5.511e-01  5.491e-01  5.677e-01  5.692e-01  5.844e-01  6.160e-01  6.028e-01  6.405e-01  6.750e-01  6.594e-01  6.765e-01  7.384e-01  7.468e-01  7.243e-01  7.117e-01  7.545e-01  7.965e-01  7.775e-01  7.251e-01  6.849e-01  6.909e-01  7.186e-01  7.370e-01  7.402e-01  7.138e-01  6.363e-01  4.781e-01  3.461e-01  4.296e-01  4.935e-01  4.945e-01  4.933e-01 	
 5.486e-01  5.489e-01  5.492e-01  5.489e-01  5.485e-01  5.479e-01  5.474e-01  5.468e-01  5.462e-01  5.458e-01  5.455e-01  5.448e-01  5.441e-01  5.433e-01  5.424e-01  5.422e-01  5.432e-01  5.436e-01  5.422e-01  5.508e-01  5.509e-01  5.633e-01  5.687e-01  5.908e-01  5.873e-01  6.281e-01  6.253e-01  6.437e-01  6.921e-01  6.820e-01  6.743e-01  7.212e-01  7.430e-01  7.144e-01  7.079e-01  7.488e-01  7.557e-01  7.207e-01  6.528e-01  6.155e-01  6.290e-01  6.559e-01  6.642e-01  6.245e-01  4.985e-01  3.781e-01  4.569e-01  5.141e-01  5.129e-01  5.110e-01 	
 5.493e-01  5.498e-01  5.501e-01  5.499e-01  5.495e-01  5.491e-01  5.487e-01  5.482e-01  5.477e-01  5.474e-01  5.472e-01  5.466e-01  5.459e-01  5.451e-01  5.445e-01  5.445e-01  5.441e-01  5.443e-01  5.440e-01  5.433e-01  5.489e-01  5.550e-01  5.550e-01  5.762e-01  5.711e-01  6.043e-01  5.993e-01  6.329e-01  6.486e-01  6.442e-01  6.909e-01  6.828e-01  6.715e-01  7.247e-01  7.266e-01  6.692e-01  6.862e-01  7.127e-01  6.911e-01  6.244e-01  5.573e-01  5.500e-01  5.843e-01  5.916e-01  5.090e-01  4.060e-01  4.794e-01  5.315e-01  5.290e-01  5.266e-01 	
 5.499e-01  5.504e-01  5.508e-01  5.507e-01  5.504e-01  5.500e-01  5.497e-01  5.493e-01  5.489e-01  5.487e-01  5.486e-01  5.481e-01  5.475e-01  5.469e-01  5.464e-01  5.462e-01  5.455e-01  5.450e-01  5.444e-01  5.439e-01  5.444e-01  5.489e-01  5.552e-01  5.546e-01  5.685e-01  5.776e-01  5.872e-01  6.092e-01  6.170e-01  6.303e-01  6.562e-01  6.390e-01  6.806e-01  6.673e-01  6.610e-01  7.023e-01  6.654e-01  6.274e-01  6.473e-01  6.517e-01  5.986e-01  5.214e-01  5.033e-01  5.414e-01  5.097e-01  4.294e-01  4.977e-01  5.463e-01  5.432e-01  5.404e-01 	
 5.504e-01  5.509e-01  5.513e-01  5.513e-01  5.511e-01  5.508e-01  5.505e-01  5.502e-01  5.499e-01  5.497e-01  5.498e-01  5.494e-01  5.489e-01  5.484e-01  5.480e-01  5.479e-01  5.473e-01  5.467e-01  5.461e-01  5.455e-01  5.454e-01  5.466e-01  5.499e-01  5.540e-01  5.546e-01  5.619e-01  5.802e-01  5.789e-01  6.045e-01  6.074e-01  6.256e-01  6.215e-01  6.497e-01  6.319e-01  6.701e-01  6.335e-01  6.496e-01  6.562e-01  5.969e-01  5.762e-01  5.881e-01  5.575e-01  4.951e-01  4.939e-01  5.027e-01  4.483e-01  5.124e-01  5.588e-01  5.556e-01  5.527e-01 	
 5.508e-01  5.513e-01  5.518e-01  5.518e-01  5.516e-01  5.514e-01  5.512e-01  5.509e-01  5.506e-01  5.506e-01  5.507e-01  5.504e-01  5.500e-01  5.496e-01  5.493e-01  5.493e-01  5.488e-01  5.482e-01  5.476e-01  5.468e-01  5.464e-01  5.467e-01  5.477e-01  5.493e-01  5.512e-01  5.528e-01  5.595e-01  5.754e-01  5.826e-01  5.837e-01  6.078e-01  5.983e-01  6.205e-01  6.173e-01  6.319e-01  6.192e-01  6.276e-01  5.876e-01  6.099e-01  5.812e-01  5.300e-01  5.320e-01  5.176e-01  4.804e-01  4.932e-01  4.633e-01  5.243e-01  5.695e-01  5.664e-01  5.637e-01 	
 5.510e-01  5.516e-01  5.521e-01  5.522e-01  5.520e-01  5.519e-01  5.517e-01  5.515e-01  5.513e-01  5.513e-01  5.514e-01  5.512e-01  5.509e-01  5.506e-01  5.503e-01  5.505e-01  5.501e-01  5.495e-01  5.490e-01  5.484e-01  5.477e-01  5.475e-01  5.472e-01  5.468e-01  5.473e-01  5.489e-01  5.524e-01  5.592e-01  5.702e-01  5.794e-01  5.766e-01  5.832e-01  6.017e-01  5.937e-01  6.037e-01  6.099e-01  5.835e-01  5.972e-01  5.659e-01  5.519e-01  5.536e-01  5.122e-01  5.035e-01  4.911e-01  4.874e-01  4.752e-01  5.341e-01  5.786e-01  5.759e-01  5.733e-01 	
 5.512e-01  5.519e-01  5.524e-01  5.525e-01  5.523e-01  5.522e-01  5.521e-01  5.519e-01  5.518e-01  5.518e-01  5.520e-01  5.519e-01  5.516e-01  5.513e-01  5.512e-01  5.514e-01  5.511e-01  5.506e-01  5.502e-01  5.497e-01  5.491e-01  5.484e-01  5.482e-01  5.474e-01  5.477e-01  5.494e-01  5.516e-01  5.547e-01  5.596e-01  5.657e-01  5.712e-01  5.736e-01  5.722e-01  5.757e-01  5.899e-01  5.871e-01  5.654e-01  5.774e-01  5.476e-01  5.523e-01  5.211e-01  5.232e-01  5.027e-01  4.953e-01  4.880e-01  4.849e-01  5.421e-01  5.863e-01  5.842e-01  5.819e-01 	
 5.514e-01  5.520e-01  5.526e-01  5.527e-01  5.526e-01  5.525e-01  5.524e-01  5.523e-01  5.521e-01  5.522e-01  5.525e-01  5.524e-01  5.522e-01  5.520e-01  5.519e-01  5.522e-01  5.519e-01  5.515e-01  5.511e-01  5.507e-01  5.502e-01  5.497e-01  5.492e-01  5.487e-01  5.481e-01  5.485e-01  5.487e-01  5.490e-01  5.524e-01  5.566e-01  5.601e-01  5.634e-01  5.669e-01  5.697e-01  5.690e-01  5.622e-01  5.545e-01  5.590e-01  5.448e-01  5.337e-01  5.266e-01  5.145e-01  5.094e-01  4.981e-01  4.923e-01  4.929e-01  5.486e-01  5.928e-01  5.913e-01  5.893e-01 	
 5.515e-01  5.521e-01  5.527e-01  5.528e-01  5.527e-01  5.527e-01  5.526e-01  5.525e-01  5.524e-01  5.526e-01  5.529e-01  5.528e-01  5.526e-01  5.525e-01  5.524e-01  5.528e-01  5.525e-01  5.523e-01  5.519e-01  5.516e-01  5.511e-01  5.507e-01  5.502e-01  5.496e-01  5.491e-01  5.489e-01  5.488e-01  5.484e-01  5.501e-01  5.510e-01  5.503e-01  5.529e-01  5.567e-01  5.592e-01  5.601e-01  5.567e-01  5.530e-01  5.494e-01  5.369e-01  5.284e-01  5.266e-01  5.158e-01  5.113e-01  5.046e-01  4.971e-01  4.997e-01  5.540e-01  5.982e-01  5.974e-01  5.959e-01 	
 5.515e-01  5.522e-01  5.528e-01  5.529e-01  5.529e-01  5.528e-01  5.528e-01  5.527e-01  5.526e-01  5.528e-01  5.531e-01  5.531e-01  5.530e-01  5.528e-01  5.529e-01  5.532e-01  5.531e-01  5.528e-01  5.525e-01  5.522e-01  5.519e-01  5.515e-01  5.511e-01  5.506e-01  5.501e-01  5.497e-01  5.492e-01  5.487e-01  5.485e-01  5.495e-01  5.483e-01  5.503e-01  5.482e-01  5.508e-01  5.516e-01  5.457e-01  5.416e-01  5.375e-01  5.325e-01  5.294e-01  5.258e-01  5.199e-01  5.147e-01  5.088e-01  5.018e-01  5.055e-01  5.585e-01  6.028e-01  6.027e-01  6.015e-01 	
 5.515e-01  5.522e-01  5.528e-01  5.530e-01  5.529e-01  5.529e-01  5.529e-01  5.528e-01  5.528e-01  5.530e-01  5.533e-01  5.533e-01  5.532e-01  5.531e-01  5.532e-01  5.536e-01  5.534e-01  5.533e-01  5.530e-01  5.528e-01  5.525e-01  5.522e-01  5.518e-01  5.514e-01  5.510e-01  5.505e-01  5.500e-01  5.496e-01  5.491e-01  5.488e-01  5.486e-01  5.479e-01  5.466e-01  5.475e-01  5.457e-01  5.437e-01  5.400e-01  5.383e-01  5.347e-01  5.307e-01  5.267e-01  5.227e-01  5.185e-01  5.128e-01  5.061e-01  5.104e-01  5.621e-01  6.066e-01  6.072e-01  6.064e-01 	
 5.515e-01  5.522e-01  5.528e-01  5.530e-01  5.530e-01  5.529e-01  5.529e-01  5.529e-01  5.529e-01  5.531e-01  5.534e-01  5.534e-01  5.534e-01  5.533e-01  5.534e-01  5.539e-01  5.537e-01  5.536e-01  5.534e-01  5.532e-01  5.529e-01  5.527e-01  5.524e-01  5.520e-01  5.517e-01  5.513e-01  5.508e-01  5.502e-01  5.497e-01  5.490e-01  5.484e-01  5.478e-01  5.471e-01  5.462e-01  5.447e-01  5.420e-01  5.392e-01  5.374e-01  5.346e-01  5.313e-01  5.285e-01  5.255e-01  5.217e-01  5.163e-01  5.099e-01  5.146e-01  5.650e-01  6.097e-01  6.110e-01  6.105e-01 	
 5.515e-01  5.522e-01  5.528e-01  5.530e-01  5.530e-01  5.530e-01  5.529e-01  5.529e-01  5.529e-01  5.531e-01  5.535e-01  5.535e-01  5.535e-01  5.535e-01  5.536e-01  5.541e-01  5.540e-01  5.538e-01  5.537e-01  5.535e-01  5.533e-01  5.531e-01  5.528e-01  5.525e-01  5.522e-01  5.519e-01  5.514e-01  5.510e-01  5.504e-01  5.498e-01  5.490e-01  5.482e-01  5.470e-01  5.461e-01  5.444e-01  5.421e-01  5.398e-01  5.376e-01  5.357e-01  5.331e-01  5.307e-01  5.280e-01  5.244e-01  5.192e-01  5.132e-01  5.181e-01  5.674e-01  6.122e-01  6.141e-01  6.141e-01 	
 5.515e-01  5.522e-01  5.528e-01  5.530e-01  5.530e-01  5.529e-01  5.529e-01  5.529e-01  5.529e-01  5.532e-01  5.536e-01  5.536e-01  5.536e-01  5.536e-01  5.537e-01  5.542e-01  5.541e-01  5.540e-01  5.539e-01  5.537e-01  5.536e-01  5.534e-01  5.531e-01  5.529e-01  5.526e-01  5.523e-01  5.520e-01  5.515e-01  5.510e-01  5.504e-01  5.497e-01  5.488e-01  5.477e-01  5.465e-01  5.451e-01  5.430e-01  5.408e-01  5.388e-01  5.369e-01  5.348e-01  5.326e-01  5.300e-01  5.267e-01  5.218e-01  5.160e-01  5.210e-01  5.693e-01  6.143e-01  6.168e-01  6.171e-01 	
