 3.510e-10  7.700e-10  2.234e-09  7.224e-09  1.839e-08  3.750e-08  6.529e-08  1.018e-07  1.465e-07  1.988e-07  2.579e-07  3.231e-07  3.936e-07  4.689e-07  5.484e-07  6.316e-07  7.182e-07  8.076e-07  8.997e-07  9.943e-07  1.091e-06  1.190e-06  1.290e-06  1.393e-06  1.497e-06  1.603e-06  1.710e-06  1.819e-06  1.930e-06  2.042e-06  2.155e-06  2.270e-06  2.386e-06  2.504e-06  2.623e-06  2.744e-06  2.866e-06  2.989e-06  3.114e-06  3.240e-06  3.368e-06  3.497e-06  3.628e-06  3.760e-06  3.893e-06  4.028e-06  4.164e-06  4.301e-06  4.440e-06  4.580e-06 	
 6.169e-10  1.353e-09  3.925e-09  1.270e-08  3.232e-08  6.590e-08  1.147e-07  1.788e-07  2.574e-07  3.493e-07  4.532e-07  5.677e-07  6.917e-07  8.240e-07  9.636e-07  1.110e-06  1.262e-06  1.419e-06  1.581e-06  1.747e-06  1.917e-06  2.090e-06  2.267e-06  2.447e-06  2.630e-06  2.815e-06  3.004e-06  3.195e-06  3.389e-06  3.585e-06  3.784e-06  3.985e-06  4.189e-06  4.396e-06  4.605e-06  4.816e-06  5.030e-06  5.246e-06  5.465e-06  5.687e-06  5.910e-06  6.136e-06  6.365e-06  6.596e-06  6.829e-06  7.065e-06  7.303e-06  7.543e-06  7.786e-06  8.030e-06 	
 1.084e-09  2.378e-09  6.899e-09  2.231e-08  5.680e-08  1.158e-07  2.016e-07  3.143e-07  4.523e-07  6.138e-07  7.962e-07  9.974e-07  1.215e-06  1.448e-06  1.693e-06  1.950e-06  2.216e-06  2.492e-06  2.776e-06  3.068e-06  3.366e-06  3.671e-06  3.981e-06  4.296e-06  4.617e-06  4.943e-06  5.274e-06  5.609e-06  5.948e-06  6.293e-06  6.641e-06  6.994e-06  7.351e-06  7.713e-06  8.079e-06  8.449e-06  8.823e-06  9.201e-06  9.584e-06  9.971e-06  1.036e-05  1.076e-05  1.116e-05  1.156e-05  1.197e-05  1.238e-05  1.279e-05  1.321e-05  1.364e-05  1.406e-05 	
 1.906e-09  4.180e-09  1.212e-08  3.921e-08  9.982e-08  2.035e-07  3.543e-07  5.522e-07  7.948e-07  1.078e-06  1.399e-06  1.752e-06  2.135e-06  2.543e-06  2.973e-06  3.424e-06  3.892e-06  4.377e-06  4.875e-06  5.386e-06  5.909e-06  6.443e-06  6.987e-06  7.540e-06  8.103e-06  8.674e-06  9.253e-06  9.839e-06  1.043e-05  1.104e-05  1.165e-05  1.226e-05  1.289e-05  1.352e-05  1.416e-05  1.480e-05  1.546e-05  1.612e-05  1.678e-05  1.746e-05  1.814e-05  1.883e-05  1.952e-05  2.022e-05  2.093e-05  2.165e-05  2.237e-05  2.310e-05  2.383e-05  2.457e-05 	
 3.349e-09  7.346e-09  2.131e-08  6.890e-08  1.754e-07  3.576e-07  6.225e-07  9.701e-07  1.396e-06  1.894e-06  2.457e-06  3.077e-06  3.749e-06  4.465e-06  5.220e-06  6.011e-06  6.832e-06  7.681e-06  8.555e-06  9.451e-06  1.037e-05  1.130e-05  1.225e-05  1.322e-05  1.421e-05  1.520e-05  1.622e-05  1.724e-05  1.828e-05  1.933e-05  2.040e-05  2.147e-05  2.256e-05  2.366e-05  2.477e-05  2.589e-05  2.703e-05  2.818e-05  2.933e-05  3.050e-05  3.168e-05  3.288e-05  3.408e-05  3.529e-05  3.652e-05  3.775e-05  3.899e-05  4.025e-05  4.151e-05  4.278e-05 	
 5.886e-09  1.291e-08  3.745e-08  1.211e-07  3.082e-07  6.282e-07  1.093e-06  1.704e-06  2.452e-06  3.326e-06  4.314e-06  5.402e-06  6.579e-06  7.835e-06  9.159e-06  1.054e-05  1.198e-05  1.347e-05  1.500e-05  1.657e-05  1.817e-05  1.980e-05  2.147e-05  2.316e-05  2.487e-05  2.661e-05  2.838e-05  3.016e-05  3.197e-05  3.379e-05  3.564e-05  3.751e-05  3.940e-05  4.130e-05  4.322e-05  4.517e-05  4.713e-05  4.911e-05  5.110e-05  5.311e-05  5.514e-05  5.719e-05  5.925e-05  6.133e-05  6.343e-05  6.553e-05  6.766e-05  6.980e-05  7.195e-05  7.411e-05 	
 1.034e-08  2.269e-08  6.580e-08  2.127e-07  5.414e-07  1.103e-06  1.920e-06  2.992e-06  4.304e-06  5.837e-06  7.568e-06  9.476e-06  1.154e-05  1.374e-05  1.605e-05  1.848e-05  2.099e-05  2.359e-05  2.626e-05  2.899e-05  3.178e-05  3.463e-05  3.752e-05  4.046e-05  4.344e-05  4.646e-05  4.952e-05  5.261e-05  5.573e-05  5.889e-05  6.208e-05  6.529e-05  6.854e-05  7.181e-05  7.511e-05  7.844e-05  8.179e-05  8.517e-05  8.857e-05  9.199e-05  9.544e-05  9.891e-05  1.024e-04  1.059e-04  1.095e-04  1.130e-04  1.166e-04  1.202e-04  1.238e-04  1.274e-04 	
 1.818e-08  3.988e-08  1.156e-07  3.737e-07  9.509e-07  1.937e-06  3.371e-06  5.249e-06  7.549e-06  1.023e-05  1.327e-05  1.660e-05  2.021e-05  2.405e-05  2.809e-05  3.231e-05  3.669e-05  4.121e-05  4.585e-05  5.060e-05  5.544e-05  6.037e-05  6.538e-05  7.045e-05  7.560e-05  8.080e-05  8.605e-05  9.135e-05  9.671e-05  1.021e-04  1.075e-04  1.130e-04  1.185e-04  1.241e-04  1.297e-04  1.353e-04  1.410e-04  1.466e-04  1.523e-04  1.581e-04  1.638e-04  1.696e-04  1.754e-04  1.813e-04  1.871e-04  1.930e-04  1.989e-04  2.048e-04  2.107e-04  2.166e-04 	
 3.195e-08  7.008e-08  2.032e-07  6.564e-07  1.669e-06  3.400e-06  5.912e-06  9.202e-06  1.323e-05  1.792e-05  2.321e-05  2.903e-05  3.531e-05  4.199e-05  4.901e-05  5.634e-05  6.393e-05  7.175e-05  7.976e-05  8.794e-05  9.627e-05  1.047e-04  1.133e-04  1.220e-04  1.308e-04  1.396e-04  1.486e-04  1.575e-04  1.666e-04  1.757e-04  1.848e-04  1.940e-04  2.033e-04  2.125e-04  2.218e-04  2.311e-04  2.405e-04  2.498e-04  2.592e-04  2.686e-04  2.780e-04  2.875e-04  2.969e-04  3.063e-04  3.158e-04  3.252e-04  3.347e-04  3.441e-04  3.535e-04  3.630e-04 	
 5.615e-08  1.232e-07  3.569e-07  1.152e-06  2.929e-06  5.960e-06  1.035e-05  1.610e-05  2.312e-05  3.130e-05  4.050e-05  5.060e-05  6.148e-05  7.302e-05  8.515e-05  9.776e-05  1.108e-04  1.242e-04  1.379e-04  1.518e-04  1.660e-04  1.803e-04  1.948e-04  2.095e-04  2.242e-04  2.390e-04  2.539e-04  2.689e-04  2.839e-04  2.989e-04  3.140e-04  3.291e-04  3.442e-04  3.593e-04  3.743e-04  3.894e-04  4.045e-04  4.195e-04  4.345e-04  4.495e-04  4.645e-04  4.794e-04  4.942e-04  5.091e-04  5.238e-04  5.386e-04  5.533e-04  5.679e-04  5.824e-04  5.969e-04 	
 9.868e-08  2.164e-07  6.269e-07  2.022e-06  5.133e-06  1.043e-05  1.810e-05  2.811e-05  4.030e-05  5.446e-05  7.035e-05  8.774e-05  1.064e-04  1.262e-04  1.469e-04  1.683e-04  1.904e-04  2.130e-04  2.361e-04  2.595e-04  2.831e-04  3.070e-04  3.310e-04  3.552e-04  3.794e-04  4.037e-04  4.279e-04  4.522e-04  4.765e-04  5.007e-04  5.248e-04  5.488e-04  5.728e-04  5.967e-04  6.204e-04  6.441e-04  6.676e-04  6.909e-04  7.142e-04  7.373e-04  7.602e-04  7.830e-04  8.057e-04  8.282e-04  8.505e-04  8.727e-04  8.947e-04  9.165e-04  9.382e-04  9.597e-04 	
 1.734e-07  3.803e-07  1.101e-06  3.545e-06  8.981e-06  1.821e-05  3.153e-05  4.884e-05  6.985e-05  9.416e-05  1.213e-04  1.509e-04  1.826e-04  2.159e-04  2.506e-04  2.865e-04  3.232e-04  3.606e-04  3.985e-04  4.368e-04  4.754e-04  5.141e-04  5.529e-04  5.916e-04  6.303e-04  6.688e-04  7.072e-04  7.454e-04  7.833e-04  8.209e-04  8.583e-04  8.954e-04  9.321e-04  9.685e-04  1.005e-03  1.040e-03  1.076e-03  1.111e-03  1.145e-03  1.180e-03  1.214e-03  1.247e-03  1.280e-03  1.313e-03  1.346e-03  1.378e-03  1.409e-03  1.441e-03  1.472e-03  1.503e-03 	
 3.047e-07  6.681e-07  1.931e-06  6.203e-06  1.567e-05  3.167e-05  5.462e-05  8.430e-05  1.201e-04  1.613e-04  2.070e-04  2.565e-04  3.091e-04  3.641e-04  4.211e-04  4.795e-04  5.389e-04  5.991e-04  6.597e-04  7.205e-04  7.814e-04  8.421e-04  9.025e-04  9.625e-04  1.022e-03  1.081e-03  1.139e-03  1.197e-03  1.254e-03  1.310e-03  1.366e-03  1.421e-03  1.475e-03  1.528e-03  1.581e-03  1.633e-03  1.684e-03  1.734e-03  1.784e-03  1.833e-03  1.881e-03  1.928e-03  1.975e-03  2.021e-03  2.067e-03  2.112e-03  2.156e-03  2.199e-03  2.242e-03  2.284e-03 	
 5.355e-07  1.174e-06  3.385e-06  1.083e-05  2.722e-05  5.472e-05  9.385e-05  1.440e-04  2.040e-04  2.724e-04  3.477e-04  4.284e-04  5.135e-04  6.018e-04  6.923e-04  7.844e-04  8.774e-04  9.708e-04  1.064e-03  1.157e-03  1.249e-03  1.341e-03  1.431e-03  1.520e-03  1.608e-03  1.695e-03  1.780e-03  1.863e-03  1.946e-03  2.026e-03  2.106e-03  2.183e-03  2.260e-03  2.335e-03  2.408e-03  2.480e-03  2.551e-03  2.621e-03  2.689e-03  2.756e-03  2.822e-03  2.887e-03  2.950e-03  3.012e-03  3.074e-03  3.134e-03  3.193e-03  3.251e-03  3.309e-03  3.365e-03 	
 9.409e-07  2.061e-06  5.924e-06  1.883e-05  4.696e-05  9.364e-05  1.593e-04  2.424e-04  3.407e-04  4.513e-04  5.716e-04  6.993e-04  8.322e-04  9.687e-04  1.107e-03  1.247e-03  1.387e-03  1.525e-03  1.663e-03  1.799e-03  1.933e-03  2.065e-03  2.194e-03  2.321e-03  2.445e-03  2.566e-03  2.685e-03  2.801e-03  2.914e-03  3.025e-03  3.133e-03  3.239e-03  3.342e-03  3.443e-03  3.542e-03  3.638e-03  3.733e-03  3.825e-03  3.916e-03  4.004e-03  4.091e-03  4.176e-03  4.260e-03  4.342e-03  4.422e-03  4.501e-03  4.578e-03  4.654e-03  4.729e-03  4.802e-03 	
 1.653e-06  3.619e-06  1.034e-05  3.254e-05  8.023e-05  1.581e-04  2.659e-04  4.001e-04  5.562e-04  7.292e-04  9.148e-04  1.109e-03  1.309e-03  1.511e-03  1.714e-03  1.917e-03  2.117e-03  2.315e-03  2.509e-03  2.699e-03  2.884e-03  3.065e-03  3.242e-03  3.414e-03  3.581e-03  3.744e-03  3.903e-03  4.057e-03  4.207e-03  4.353e-03  4.495e-03  4.633e-03  4.768e-03  4.900e-03  5.028e-03  5.153e-03  5.275e-03  5.395e-03  5.511e-03  5.625e-03  5.737e-03  5.846e-03  5.954e-03  6.059e-03  6.162e-03  6.263e-03  6.363e-03  6.461e-03  6.557e-03  6.651e-03 	
 2.903e-06  6.349e-06  1.800e-05  5.575e-05  1.352e-04  2.622e-04  4.342e-04  6.441e-04  8.834e-04  1.144e-03  1.419e-03  1.702e-03  1.989e-03  2.276e-03  2.561e-03  2.841e-03  3.116e-03  3.385e-03  3.646e-03  3.900e-03  4.147e-03  4.386e-03  4.617e-03  4.842e-03  5.059e-03  5.270e-03  5.474e-03  5.672e-03  5.864e-03  6.050e-03  6.232e-03  6.408e-03  6.579e-03  6.746e-03  6.909e-03  7.068e-03  7.223e-03  7.374e-03  7.523e-03  7.668e-03  7.810e-03  7.950e-03  8.087e-03  8.222e-03  8.355e-03  8.486e-03  8.615e-03  8.742e-03  8.868e-03  8.992e-03 	
 5.099e-06  1.113e-05  3.115e-05  9.442e-05  2.240e-04  4.254e-04  6.912e-04  1.008e-03  1.361e-03  1.738e-03  2.128e-03  2.523e-03  2.918e-03  3.309e-03  3.691e-03  4.064e-03  4.426e-03  4.777e-03  5.116e-03  5.443e-03  5.759e-03  6.064e-03  6.358e-03  6.642e-03  6.916e-03  7.181e-03  7.437e-03  7.686e-03  7.927e-03  8.161e-03  8.388e-03  8.610e-03  8.825e-03  9.036e-03  9.242e-03  9.443e-03  9.641e-03  9.835e-03  1.002e-02  1.021e-02  1.040e-02  1.058e-02  1.076e-02  1.094e-02  1.111e-02  1.129e-02  1.146e-02  1.164e-02  1.181e-02  1.198e-02 	
 8.950e-06  1.949e-05  5.357e-05  1.576e-04  3.634e-04  6.731e-04  1.070e-03  1.529e-03  2.030e-03  2.554e-03  3.087e-03  3.618e-03  4.142e-03  4.652e-03  5.148e-03  5.627e-03  6.088e-03  6.533e-03  6.959e-03  7.370e-03  7.765e-03  8.145e-03  8.511e-03  8.864e-03  9.205e-03  9.535e-03  9.855e-03  1.017e-02  1.047e-02  1.076e-02  1.105e-02  1.133e-02  1.161e-02  1.188e-02  1.215e-02  1.241e-02  1.267e-02  1.293e-02  1.318e-02  1.344e-02  1.369e-02  1.394e-02  1.419e-02  1.445e-02  1.470e-02  1.496e-02  1.521e-02  1.547e-02  1.573e-02  1.599e-02 	
 1.570e-05  3.407e-05  9.132e-05  2.586e-04  5.763e-04  1.037e-03  1.608e-03  2.253e-03  2.939e-03  3.642e-03  4.344e-03  5.035e-03  5.708e-03  6.358e-03  6.984e-03  7.584e-03  8.160e-03  8.712e-03  9.242e-03  9.750e-03  1.024e-02  1.071e-02  1.117e-02  1.161e-02  1.204e-02  1.245e-02  1.286e-02  1.325e-02  1.364e-02  1.403e-02  1.441e-02  1.478e-02  1.515e-02  1.552e-02  1.589e-02  1.626e-02  1.664e-02  1.701e-02  1.739e-02  1.777e-02  1.815e-02  1.855e-02  1.895e-02  1.935e-02  1.977e-02  2.019e-02  2.062e-02  2.107e-02  2.152e-02  2.198e-02 	
 2.752e-05  5.942e-05  1.542e-04  4.167e-04  8.928e-04  1.557e-03  2.354e-03  3.230e-03  4.141e-03  5.059e-03  5.962e-03  6.841e-03  7.688e-03  8.501e-03  9.280e-03  1.003e-02  1.074e-02  1.142e-02  1.208e-02  1.272e-02  1.333e-02  1.393e-02  1.451e-02  1.508e-02  1.563e-02  1.618e-02  1.672e-02  1.726e-02  1.780e-02  1.834e-02  1.888e-02  1.943e-02  1.999e-02  2.055e-02  2.113e-02  2.172e-02  2.232e-02  2.294e-02  2.358e-02  2.424e-02  2.492e-02  2.562e-02  2.635e-02  2.710e-02  2.788e-02  2.869e-02  2.952e-02  3.039e-02  3.129e-02  3.222e-02 	
 4.818e-05  1.033e-04  2.575e-04  6.594e-04  1.354e-03  2.285e-03  3.368e-03  4.529e-03  5.714e-03  6.889e-03  8.034e-03  9.138e-03  1.020e-02  1.121e-02  1.218e-02  1.312e-02  1.401e-02  1.488e-02  1.572e-02  1.654e-02  1.735e-02  1.814e-02  1.892e-02  1.971e-02  2.049e-02  2.129e-02  2.209e-02  2.291e-02  2.374e-02  2.460e-02  2.549e-02  2.641e-02  2.736e-02  2.836e-02  2.939e-02  3.047e-02  3.159e-02  3.277e-02  3.400e-02  3.529e-02  3.663e-02  3.804e-02  3.950e-02  4.103e-02  4.262e-02  4.428e-02  4.600e-02  4.779e-02  4.964e-02  5.155e-02 	
 8.419e-05  1.788e-04  4.258e-04  1.028e-03  2.016e-03  3.294e-03  4.738e-03  6.255e-03  7.779e-03  9.274e-03  1.072e-02  1.211e-02  1.345e-02  1.474e-02  1.598e-02  1.718e-02  1.835e-02  1.951e-02  2.065e-02  2.179e-02  2.293e-02  2.409e-02  2.528e-02  2.650e-02  2.775e-02  2.906e-02  3.043e-02  3.186e-02  3.336e-02  3.494e-02  3.660e-02  3.836e-02  4.022e-02  4.218e-02  4.424e-02  4.641e-02  4.870e-02  5.110e-02  5.362e-02  5.626e-02  5.901e-02  6.189e-02  6.488e-02  6.799e-02  7.122e-02  7.456e-02  7.800e-02  8.156e-02  8.522e-02  8.897e-02 	
 1.467e-04  3.081e-04  6.980e-04  1.584e-03  2.970e-03  4.700e-03  6.611e-03  8.584e-03  1.055e-02  1.246e-02  1.432e-02  1.611e-02  1.785e-02  1.955e-02  2.122e-02  2.287e-02  2.453e-02  2.621e-02  2.793e-02  2.971e-02  3.156e-02  3.351e-02  3.556e-02  3.773e-02  4.004e-02  4.250e-02  4.512e-02  4.792e-02  5.089e-02  5.405e-02  5.740e-02  6.095e-02  6.471e-02  6.866e-02  7.282e-02  7.717e-02  8.173e-02  8.647e-02  9.141e-02  9.653e-02  1.018e-01  1.073e-01  1.129e-01  1.187e-01  1.246e-01  1.306e-01  1.367e-01  1.430e-01  1.493e-01  1.557e-01 	
 2.546e-04  5.273e-04  1.137e-03  2.430e-03  4.364e-03  6.707e-03  9.245e-03  1.184e-02  1.441e-02  1.693e-02  1.939e-02  2.181e-02  2.421e-02  2.662e-02  2.907e-02  3.160e-02  3.424e-02  3.703e-02  4.000e-02  4.318e-02  4.659e-02  5.027e-02  5.424e-02  5.850e-02  6.308e-02  6.798e-02  7.322e-02  7.878e-02  8.468e-02  9.089e-02  9.743e-02  1.043e-01  1.114e-01  1.188e-01  1.264e-01  1.343e-01  1.424e-01  1.507e-01  1.592e-01  1.678e-01  1.765e-01  1.853e-01  1.941e-01  2.030e-01  2.120e-01  2.209e-01  2.297e-01  2.385e-01  2.473e-01  2.559e-01 	
 4.393e-04  8.955e-04  1.848e-03  3.741e-03  6.458e-03  9.668e-03  1.310e-02  1.659e-02  2.008e-02  2.354e-02  2.702e-02  3.055e-02  3.419e-02  3.802e-02  4.209e-02  4.648e-02  5.124e-02  5.643e-02  6.209e-02  6.825e-02  7.493e-02  8.216e-02  8.992e-02  9.821e-02  1.070e-01  1.163e-01  1.261e-01  1.362e-01  1.468e-01  1.576e-01  1.688e-01  1.801e-01  1.917e-01  2.033e-01  2.151e-01  2.268e-01  2.386e-01  2.502e-01  2.617e-01  2.731e-01  2.843e-01  2.952e-01  3.059e-01  3.164e-01  3.265e-01  3.363e-01  3.457e-01  3.549e-01  3.637e-01  3.721e-01 	
 7.519e-04  1.506e-03  3.002e-03  5.812e-03  9.697e-03  1.420e-02  1.897e-02  2.387e-02  2.886e-02  3.399e-02  3.935e-02  4.507e-02  5.128e-02  5.809e-02  6.560e-02  7.391e-02  8.304e-02  9.305e-02  1.039e-01  1.156e-01  1.281e-01  1.413e-01  1.551e-01  1.695e-01  1.842e-01  1.993e-01  2.146e-01  2.300e-01  2.454e-01  2.607e-01  2.758e-01  2.906e-01  3.050e-01  3.190e-01  3.326e-01  3.457e-01  3.582e-01  3.701e-01  3.815e-01  3.923e-01  4.025e-01  4.121e-01  4.212e-01  4.297e-01  4.377e-01  4.451e-01  4.521e-01  4.586e-01  4.647e-01  4.703e-01 	
 1.272e-03  2.503e-03  4.880e-03  9.128e-03  1.481e-02  2.130e-02  2.822e-02  3.549e-02  4.319e-02  5.151e-02  6.068e-02  7.092e-02  8.239e-02  9.521e-02  1.094e-01  1.249e-01  1.417e-01  1.596e-01  1.784e-01  1.979e-01  2.179e-01  2.381e-01  2.582e-01  2.782e-01  2.978e-01  3.168e-01  3.351e-01  3.525e-01  3.691e-01  3.847e-01  3.994e-01  4.131e-01  4.258e-01  4.375e-01  4.483e-01  4.582e-01  4.673e-01  4.756e-01  4.832e-01  4.900e-01  4.962e-01  5.019e-01  5.070e-01  5.115e-01  5.157e-01  5.194e-01  5.227e-01  5.257e-01  5.284e-01  5.307e-01 	
 2.121e-03  4.107e-03  7.930e-03  1.448e-02  2.301e-02  3.271e-02  4.330e-02  5.490e-02  6.785e-02  8.253e-02  9.921e-02  1.180e-01  1.390e-01  1.618e-01  1.862e-01  2.118e-01  2.381e-01  2.645e-01  2.907e-01  3.162e-01  3.407e-01  3.639e-01  3.856e-01  4.057e-01  4.242e-01  4.410e-01  4.562e-01  4.698e-01  4.819e-01  4.927e-01  5.022e-01  5.105e-01  5.179e-01  5.242e-01  5.298e-01  5.346e-01  5.387e-01  5.422e-01  5.452e-01  5.478e-01  5.500e-01  5.518e-01  5.533e-01  5.546e-01  5.556e-01  5.564e-01  5.570e-01  5.575e-01  5.579e-01  5.581e-01 	
 3.470e-03  6.656e-03  1.291e-02  2.326e-02  3.648e-02  5.170e-02  6.896e-02  8.876e-02  1.116e-01  1.377e-01  1.669e-01  1.987e-01  2.321e-01  2.664e-01  3.006e-01  3.337e-01  3.652e-01  3.944e-01  4.211e-01  4.451e-01  4.663e-01  4.849e-01  5.010e-01  5.147e-01  5.264e-01  5.362e-01  5.443e-01  5.511e-01  5.566e-01  5.610e-01  5.646e-01  5.674e-01  5.695e-01  5.711e-01  5.723e-01  5.730e-01  5.735e-01  5.737e-01  5.736e-01  5.734e-01  5.731e-01  5.726e-01  5.720e-01  5.714e-01  5.707e-01  5.700e-01  5.693e-01  5.685e-01  5.677e-01  5.669e-01 	
 5.559e-03  1.071e-02  2.124e-02  3.806e-02  5.928e-02  8.426e-02  1.135e-01  1.475e-01  1.859e-01  2.278e-01  2.716e-01  3.154e-01  3.577e-01  3.970e-01  4.326e-01  4.639e-01  4.908e-01  5.135e-01  5.323e-01  5.476e-01  5.598e-01  5.694e-01  5.768e-01  5.823e-01  5.864e-01  5.892e-01  5.911e-01  5.921e-01  5.925e-01  5.924e-01  5.919e-01  5.911e-01  5.901e-01  5.889e-01  5.876e-01  5.862e-01  5.847e-01  5.832e-01  5.817e-01  5.802e-01  5.787e-01  5.773e-01  5.758e-01  5.745e-01  5.731e-01  5.718e-01  5.705e-01  5.693e-01  5.682e-01  5.670e-01 	
 8.722e-03  1.729e-02  3.545e-02  6.331e-02  9.805e-02  1.392e-01  1.868e-01  2.395e-01  2.947e-01  3.492e-01  4.003e-01  4.461e-01  4.855e-01  5.182e-01  5.446e-01  5.653e-01  5.811e-01  5.927e-01  6.010e-01  6.067e-01  6.102e-01  6.121e-01  6.127e-01  6.124e-01  6.114e-01  6.098e-01  6.079e-01  6.057e-01  6.034e-01  6.010e-01  5.985e-01  5.960e-01  5.936e-01  5.912e-01  5.889e-01  5.866e-01  5.845e-01  5.824e-01  5.804e-01  5.785e-01  5.767e-01  5.749e-01  5.733e-01  5.717e-01  5.703e-01  5.689e-01  5.676e-01  5.663e-01  5.651e-01  5.640e-01 	
 1.346e-02  2.835e-02  6.010e-02  1.060e-01  1.614e-01  2.242e-01  2.915e-01  3.585e-01  4.206e-01  4.747e-01  5.194e-01  5.547e-01  5.814e-01  6.008e-01  6.143e-01  6.232e-01  6.284e-01  6.310e-01  6.315e-01  6.306e-01  6.287e-01  6.261e-01  6.230e-01  6.196e-01  6.161e-01  6.125e-01  6.090e-01  6.055e-01  6.021e-01  5.988e-01  5.957e-01  5.927e-01  5.899e-01  5.872e-01  5.847e-01  5.823e-01  5.800e-01  5.779e-01  5.759e-01  5.740e-01  5.723e-01  5.706e-01  5.691e-01  5.676e-01  5.663e-01  5.650e-01  5.638e-01  5.627e-01  5.616e-01  5.607e-01 	
 2.066e-02  4.764e-02  1.024e-01  1.741e-01  2.533e-01  3.342e-01  4.104e-01  4.767e-01  5.303e-01  5.713e-01  6.010e-01  6.214e-01  6.344e-01  6.420e-01  6.455e-01  6.460e-01  6.446e-01  6.418e-01  6.381e-01  6.339e-01  6.294e-01  6.247e-01  6.201e-01  6.156e-01  6.112e-01  6.070e-01  6.030e-01  5.993e-01  5.957e-01  5.924e-01  5.893e-01  5.864e-01  5.836e-01  5.811e-01  5.787e-01  5.765e-01  5.745e-01  5.726e-01  5.708e-01  5.691e-01  5.676e-01  5.662e-01  5.648e-01  5.636e-01  5.624e-01  5.614e-01  5.604e-01  5.594e-01  5.586e-01  5.577e-01 	
 3.200e-02  8.171e-02  1.700e-01  2.681e-01  3.615e-01  4.439e-01  5.113e-01  5.627e-01  5.997e-01  6.246e-01  6.402e-01  6.489e-01  6.526e-01  6.528e-01  6.507e-01  6.470e-01  6.424e-01  6.373e-01  6.319e-01  6.265e-01  6.212e-01  6.161e-01  6.113e-01  6.066e-01  6.023e-01  5.983e-01  5.945e-01  5.910e-01  5.877e-01  5.847e-01  5.819e-01  5.794e-01  5.770e-01  5.748e-01  5.727e-01  5.709e-01  5.691e-01  5.675e-01  5.660e-01  5.647e-01  5.634e-01  5.622e-01  5.611e-01  5.601e-01  5.592e-01  5.583e-01  5.575e-01  5.568e-01  5.561e-01  5.555e-01 	
 5.075e-02  1.393e-01  2.623e-01  3.701e-01  4.561e-01  5.226e-01  5.716e-01  6.059e-01  6.284e-01  6.419e-01  6.487e-01  6.509e-01  6.498e-01  6.467e-01  6.422e-01  6.370e-01  6.314e-01  6.258e-01  6.202e-01  6.149e-01  6.098e-01  6.050e-01  6.005e-01  5.963e-01  5.925e-01  5.889e-01  5.856e-01  5.826e-01  5.798e-01  5.773e-01  5.750e-01  5.728e-01  5.709e-01  5.691e-01  5.674e-01  5.659e-01  5.645e-01  5.632e-01  5.620e-01  5.609e-01  5.599e-01  5.590e-01  5.582e-01  5.574e-01  5.567e-01  5.560e-01  5.554e-01  5.548e-01  5.543e-01  5.538e-01 	
 8.289e-02  2.244e-01  3.601e-01  4.505e-01  5.143e-01  5.611e-01  5.945e-01  6.170e-01  6.308e-01  6.381e-01  6.407e-01  6.400e-01  6.371e-01  6.329e-01  6.279e-01  6.226e-01  6.173e-01  6.120e-01  6.070e-01  6.022e-01  5.977e-01  5.936e-01  5.898e-01  5.863e-01  5.831e-01  5.801e-01  5.774e-01  5.750e-01  5.728e-01  5.707e-01  5.689e-01  5.672e-01  5.656e-01  5.642e-01  5.629e-01  5.617e-01  5.607e-01  5.597e-01  5.588e-01  5.580e-01  5.572e-01  5.565e-01  5.559e-01  5.553e-01  5.548e-01  5.543e-01  5.538e-01  5.534e-01  5.530e-01  5.527e-01 	
 1.370e-01  3.248e-01  4.371e-01  4.976e-01  5.403e-01  5.727e-01  5.963e-01  6.119e-01  6.211e-01  6.253e-01  6.260e-01  6.242e-01  6.210e-01  6.168e-01  6.123e-01  6.075e-01  6.029e-01  5.984e-01  5.942e-01  5.902e-01  5.866e-01  5.832e-01  5.801e-01  5.773e-01  5.748e-01  5.725e-01  5.704e-01  5.685e-01  5.668e-01  5.652e-01  5.638e-01  5.625e-01  5.613e-01  5.603e-01  5.593e-01  5.585e-01  5.577e-01  5.569e-01  5.563e-01  5.557e-01  5.551e-01  5.547e-01  5.542e-01  5.538e-01  5.534e-01  5.531e-01  5.528e-01  5.525e-01  5.522e-01  5.520e-01 	
 2.190e-01  4.151e-01  4.862e-01  5.216e-01  5.498e-01  5.728e-01  5.899e-01  6.012e-01  6.075e-01  6.100e-01  6.098e-01  6.079e-01  6.048e-01  6.012e-01  5.974e-01  5.935e-01  5.897e-01  5.861e-01  5.828e-01  5.797e-01  5.768e-01  5.743e-01  5.719e-01  5.698e-01  5.679e-01  5.662e-01  5.646e-01  5.632e-01  5.619e-01  5.608e-01  5.598e-01  5.589e-01  5.580e-01  5.573e-01  5.566e-01  5.560e-01  5.554e-01  5.549e-01  5.545e-01  5.540e-01  5.537e-01  5.533e-01  5.530e-01  5.528e-01  5.525e-01  5.523e-01  5.521e-01  5.519e-01  5.517e-01  5.516e-01 	
 3.203e-01  4.797e-01  5.149e-01  5.334e-01  5.516e-01  5.679e-01  5.803e-01  5.884e-01  5.928e-01  5.944e-01  5.940e-01  5.923e-01  5.898e-01  5.870e-01  5.840e-01  5.810e-01  5.782e-01  5.755e-01  5.730e-01  5.707e-01  5.687e-01  5.668e-01  5.651e-01  5.636e-01  5.623e-01  5.611e-01  5.600e-01  5.590e-01  5.582e-01  5.574e-01  5.567e-01  5.561e-01  5.555e-01  5.550e-01  5.545e-01  5.541e-01  5.538e-01  5.535e-01  5.532e-01  5.529e-01  5.527e-01  5.524e-01  5.523e-01  5.521e-01  5.519e-01  5.518e-01  5.517e-01  5.516e-01  5.515e-01  5.514e-01 	
 4.161e-01  5.198e-01  5.312e-01  5.384e-01  5.494e-01  5.605e-01  5.694e-01  5.753e-01  5.785e-01  5.797e-01  5.795e-01  5.783e-01  5.765e-01  5.746e-01  5.725e-01  5.704e-01  5.685e-01  5.667e-01  5.650e-01  5.635e-01  5.621e-01  5.609e-01  5.598e-01  5.588e-01  5.579e-01  5.571e-01  5.564e-01  5.558e-01  5.553e-01  5.548e-01  5.544e-01  5.540e-01  5.537e-01  5.534e-01  5.531e-01  5.529e-01  5.526e-01  5.525e-01  5.523e-01  5.521e-01  5.520e-01  5.519e-01  5.518e-01  5.517e-01  5.516e-01  5.515e-01  5.515e-01  5.514e-01  5.514e-01  5.513e-01 	
 4.863e-01  5.440e-01  5.415e-01  5.411e-01  5.466e-01  5.536e-01  5.597e-01  5.639e-01  5.663e-01  5.673e-01  5.674e-01  5.667e-01  5.657e-01  5.645e-01  5.633e-01  5.620e-01  5.609e-01  5.598e-01  5.588e-01  5.579e-01  5.571e-01  5.564e-01  5.557e-01  5.552e-01  5.547e-01  5.543e-01  5.539e-01  5.536e-01  5.533e-01  5.530e-01  5.528e-01  5.526e-01  5.524e-01  5.523e-01  5.522e-01  5.520e-01  5.519e-01  5.519e-01  5.518e-01  5.517e-01  5.517e-01  5.516e-01  5.516e-01  5.515e-01  5.515e-01  5.515e-01  5.515e-01  5.514e-01  5.514e-01  5.514e-01 	
 5.297e-01  5.595e-01  5.490e-01  5.433e-01  5.444e-01  5.482e-01  5.520e-01  5.549e-01  5.567e-01  5.577e-01  5.580e-01  5.579e-01  5.575e-01  5.570e-01  5.564e-01  5.558e-01  5.553e-01  5.548e-01  5.543e-01  5.539e-01  5.536e-01  5.532e-01  5.530e-01  5.527e-01  5.525e-01  5.524e-01  5.522e-01  5.521e-01  5.520e-01  5.519e-01  5.518e-01  5.518e-01  5.517e-01  5.517e-01  5.516e-01  5.516e-01  5.516e-01  5.516e-01  5.516e-01  5.516e-01  5.516e-01  5.516e-01  5.516e-01  5.516e-01  5.516e-01  5.516e-01  5.516e-01  5.516e-01  5.516e-01  5.516e-01 	
 5.552e-01  5.704e-01  5.553e-01  5.457e-01  5.435e-01  5.447e-01  5.467e-01  5.486e-01  5.500e-01  5.509e-01  5.514e-01  5.517e-01  5.518e-01  5.518e-01  5.518e-01  5.517e-01  5.516e-01  5.515e-01  5.514e-01  5.514e-01  5.513e-01  5.513e-01  5.513e-01  5.513e-01  5.513e-01  5.513e-01  5.513e-01  5.513e-01  5.513e-01  5.513e-01  5.514e-01  5.514e-01  5.514e-01  5.514e-01  5.515e-01  5.515e-01  5.515e-01  5.516e-01  5.516e-01  5.516e-01  5.516e-01  5.517e-01  5.517e-01  5.517e-01  5.517e-01  5.518e-01  5.518e-01  5.518e-01  5.518e-01  5.518e-01 	
 5.710e-01  5.789e-01  5.610e-01  5.486e-01  5.438e-01  5.430e-01  5.437e-01  5.449e-01  5.459e-01  5.468e-01  5.475e-01  5.480e-01  5.484e-01  5.488e-01  5.491e-01  5.493e-01  5.495e-01  5.497e-01  5.499e-01  5.500e-01  5.502e-01  5.503e-01  5.505e-01  5.506e-01  5.507e-01  5.508e-01  5.509e-01  5.510e-01  5.511e-01  5.512e-01  5.513e-01  5.513e-01  5.514e-01  5.515e-01  5.515e-01  5.516e-01  5.517e-01  5.517e-01  5.518e-01  5.518e-01  5.518e-01  5.519e-01  5.519e-01  5.519e-01  5.520e-01  5.520e-01  5.520e-01  5.521e-01  5.521e-01  5.521e-01 	
 5.822e-01  5.860e-01  5.661e-01  5.518e-01  5.452e-01  5.430e-01  5.427e-01  5.433e-01  5.440e-01  5.448e-01  5.456e-01  5.463e-01  5.469e-01  5.474e-01  5.479e-01  5.483e-01  5.487e-01  5.490e-01  5.493e-01  5.496e-01  5.498e-01  5.501e-01  5.503e-01  5.505e-01  5.507e-01  5.508e-01  5.510e-01  5.511e-01  5.512e-01  5.513e-01  5.514e-01  5.515e-01  5.516e-01  5.517e-01  5.518e-01  5.518e-01  5.519e-01  5.520e-01  5.520e-01  5.521e-01  5.521e-01  5.522e-01  5.522e-01  5.522e-01  5.523e-01  5.523e-01  5.523e-01  5.523e-01  5.524e-01  5.524e-01 	
 5.909e-01  5.920e-01  5.707e-01  5.550e-01  5.472e-01  5.440e-01  5.431e-01  5.432e-01  5.438e-01  5.445e-01  5.452e-01  5.459e-01  5.466e-01  5.472e-01  5.477e-01  5.482e-01  5.487e-01  5.490e-01  5.494e-01  5.497e-01  5.500e-01  5.503e-01  5.505e-01  5.507e-01  5.509e-01  5.511e-01  5.512e-01  5.514e-01  5.515e-01  5.516e-01  5.518e-01  5.518e-01  5.519e-01  5.520e-01  5.521e-01  5.522e-01  5.522e-01  5.523e-01  5.523e-01  5.524e-01  5.524e-01  5.524e-01  5.525e-01  5.525e-01  5.525e-01  5.526e-01  5.526e-01  5.526e-01  5.526e-01  5.526e-01 	
 5.983e-01  5.974e-01  5.749e-01  5.583e-01  5.496e-01  5.457e-01  5.443e-01  5.441e-01  5.445e-01  5.451e-01  5.457e-01  5.464e-01  5.470e-01  5.476e-01  5.482e-01  5.486e-01  5.491e-01  5.495e-01  5.498e-01  5.502e-01  5.504e-01  5.507e-01  5.509e-01  5.511e-01  5.513e-01  5.515e-01  5.516e-01  5.518e-01  5.519e-01  5.520e-01  5.521e-01  5.522e-01  5.523e-01  5.524e-01  5.524e-01  5.525e-01  5.525e-01  5.526e-01  5.526e-01  5.527e-01  5.527e-01  5.527e-01  5.527e-01  5.528e-01  5.528e-01  5.528e-01  5.528e-01  5.528e-01  5.529e-01  5.529e-01 	
 6.048e-01  6.020e-01  5.786e-01  5.612e-01  5.520e-01  5.476e-01  5.459e-01  5.454e-01  5.456e-01  5.461e-01  5.466e-01  5.472e-01  5.478e-01  5.483e-01  5.488e-01  5.493e-01  5.497e-01  5.501e-01  5.504e-01  5.507e-01  5.509e-01  5.512e-01  5.514e-01  5.516e-01  5.518e-01  5.519e-01  5.520e-01  5.522e-01  5.523e-01  5.524e-01  5.525e-01  5.525e-01  5.526e-01  5.527e-01  5.527e-01  5.528e-01  5.528e-01  5.528e-01  5.529e-01  5.529e-01  5.529e-01  5.530e-01  5.530e-01  5.530e-01  5.530e-01  5.530e-01  5.530e-01  5.530e-01  5.530e-01  5.530e-01 	
 6.106e-01  6.061e-01  5.818e-01  5.638e-01  5.541e-01  5.495e-01  5.475e-01  5.468e-01  5.468e-01  5.471e-01  5.476e-01  5.481e-01  5.486e-01  5.491e-01  5.495e-01  5.499e-01  5.503e-01  5.506e-01  5.509e-01  5.512e-01  5.514e-01  5.516e-01  5.518e-01  5.520e-01  5.521e-01  5.523e-01  5.524e-01  5.525e-01  5.526e-01  5.527e-01  5.527e-01  5.528e-01  5.529e-01  5.529e-01  5.530e-01  5.530e-01  5.530e-01  5.531e-01  5.531e-01  5.531e-01  5.531e-01  5.531e-01  5.531e-01  5.532e-01  5.532e-01  5.532e-01  5.532e-01  5.532e-01  5.532e-01  5.532e-01 	
