 7.984e-01  7.854e-01  7.721e-01  7.583e-01  7.440e-01  7.290e-01  7.131e-01  6.960e-01  6.770e-01  6.554e-01  6.313e-01  6.057e-01  5.593e-01  4.845e-01  3.943e-01  3.089e-01  2.402e-01  1.865e-01  1.457e-01  1.152e-01  9.201e-02  7.385e-02  5.934e-02  4.773e-02  3.838e-02  3.084e-02  2.477e-02  1.988e-02  1.593e-02  1.276e-02  1.021e-02  8.144e-03  6.479e-03  5.146e-03  4.083e-03  3.216e-03  2.535e-03  2.007e-03  1.595e-03  1.251e-03  9.741e-04  7.457e-04  5.596e-04  4.287e-04  3.665e-04  3.376e-04  3.316e-04  3.891e-04  6.119e-04  1.382e-03 	
 8.154e-01  8.035e-01  7.913e-01  7.790e-01  7.664e-01  7.535e-01  7.402e-01  7.261e-01  7.106e-01  6.923e-01  6.673e-01  6.372e-01  6.102e-01  5.674e-01  4.956e-01  4.055e-01  3.194e-01  2.479e-01  1.922e-01  1.505e-01  1.193e-01  9.539e-02  7.667e-02  6.172e-02  4.969e-02  4.004e-02  3.229e-02  2.599e-02  2.090e-02  1.680e-02  1.350e-02  1.081e-02  8.630e-03  6.880e-03  5.472e-03  4.323e-03  3.414e-03  2.699e-03  2.133e-03  1.658e-03  1.264e-03  9.315e-04  6.530e-04  4.335e-04  3.053e-04  2.188e-04  1.410e-04  6.693e-05  1.015e-04  5.761e-04 	
 8.317e-01  8.206e-01  8.095e-01  7.983e-01  7.870e-01  7.758e-01  7.646e-01  7.534e-01  7.418e-01  7.294e-01  7.154e-01  6.821e-01  6.448e-01  6.173e-01  5.834e-01  5.209e-01  4.339e-01  3.457e-01  2.685e-01  2.080e-01  1.627e-01  1.286e-01  1.025e-01  8.215e-02  6.602e-02  5.318e-02  4.289e-02  3.456e-02  2.781e-02  2.237e-02  1.798e-02  1.442e-02  1.153e-02  9.201e-03  7.325e-03  5.801e-03  4.594e-03  3.642e-03  2.886e-03  2.260e-03  1.739e-03  1.297e-03  9.270e-04  6.440e-04  4.816e-04  3.752e-04  2.850e-04  2.055e-04  2.000e-04  4.947e-04 	
 8.471e-01  8.367e-01  8.262e-01  8.156e-01  8.052e-01  7.949e-01  7.850e-01  7.754e-01  7.663e-01  7.570e-01  7.451e-01  7.264e-01  6.919e-01  6.529e-01  6.241e-01  5.968e-01  5.433e-01  4.630e-01  3.728e-01  2.909e-01  2.258e-01  1.760e-01  1.383e-01  1.098e-01  8.782e-02  7.056e-02  5.684e-02  4.581e-02  3.688e-02  2.969e-02  2.387e-02  1.915e-02  1.533e-02  1.224e-02  9.749e-03  7.731e-03  6.130e-03  4.866e-03  3.863e-03  3.035e-03  2.346e-03  1.761e-03  1.271e-03  9.030e-04  6.946e-04  5.621e-04  4.583e-04  3.816e-04  3.659e-04  5.635e-04 	
 8.616e-01  8.515e-01  8.413e-01  8.310e-01  8.206e-01  8.104e-01  8.004e-01  7.909e-01  7.821e-01  7.736e-01  7.643e-01  7.456e-01  7.269e-01  6.995e-01  6.613e-01  6.300e-01  6.057e-01  5.629e-01  4.905e-01  4.005e-01  3.155e-01  2.448e-01  1.897e-01  1.485e-01  1.175e-01  9.382e-02  7.533e-02  6.064e-02  4.882e-02  3.931e-02  3.163e-02  2.539e-02  2.034e-02  1.625e-02  1.295e-02  1.028e-02  8.154e-03  6.478e-03  5.145e-03  4.049e-03  3.137e-03  2.361e-03  1.711e-03  1.225e-03  9.517e-04  7.801e-04  6.524e-04  5.709e-04  5.499e-04  6.882e-04 	
 8.752e-01  8.652e-01  8.550e-01  8.445e-01  8.337e-01  8.226e-01  8.113e-01  8.001e-01  7.894e-01  7.796e-01  7.705e-01  7.603e-01  7.440e-01  7.283e-01  7.082e-01  6.723e-01  6.383e-01  6.132e-01  5.800e-01  5.163e-01  4.293e-01  3.411e-01  2.642e-01  2.044e-01  1.595e-01  1.258e-01  1.003e-01  8.038e-02  6.461e-02  5.201e-02  4.186e-02  3.362e-02  2.695e-02  2.154e-02  1.717e-02  1.364e-02  1.083e-02  8.610e-03  6.841e-03  5.390e-03  4.181e-03  3.152e-03  2.289e-03  1.646e-03  1.284e-03  1.058e-03  8.953e-04  8.017e-04  7.752e-04  8.698e-04 	
 8.881e-01  8.782e-01  8.679e-01  8.570e-01  8.453e-01  8.328e-01  8.193e-01  8.050e-01  7.902e-01  7.760e-01  7.644e-01  7.566e-01  7.506e-01  7.426e-01  7.302e-01  7.154e-01  6.835e-01  6.463e-01  6.193e-01  5.925e-01  5.385e-01  4.573e-01  3.666e-01  2.852e-01  2.206e-01  1.715e-01  1.348e-01  1.071e-01  8.571e-02  6.884e-02  5.537e-02  4.449e-02  3.568e-02  2.854e-02  2.276e-02  1.809e-02  1.438e-02  1.143e-02  9.089e-03  7.167e-03  5.564e-03  4.200e-03  3.055e-03  2.203e-03  1.722e-03  1.424e-03  1.212e-03  1.099e-03  1.066e-03  1.124e-03 	
 9.006e-01  8.909e-01  8.805e-01  8.693e-01  8.569e-01  8.430e-01  8.273e-01  8.093e-01  7.888e-01  7.667e-01  7.463e-01  7.368e-01  7.386e-01  7.431e-01  7.431e-01  7.319e-01  7.194e-01  6.930e-01  6.548e-01  6.248e-01  6.009e-01  5.576e-01  4.839e-01  3.932e-01  3.079e-01  2.379e-01  1.842e-01  1.445e-01  1.145e-01  9.142e-02  7.332e-02  5.885e-02  4.720e-02  3.778e-02  3.015e-02  2.398e-02  1.907e-02  1.517e-02  1.207e-02  9.522e-03  7.399e-03  5.591e-03  4.072e-03  2.943e-03  2.303e-03  1.907e-03  1.629e-03  1.488e-03  1.447e-03  1.472e-03 	
 9.129e-01  9.035e-01  8.933e-01  8.822e-01  8.698e-01  8.554e-01  8.386e-01  8.182e-01  7.932e-01  7.624e-01  7.271e-01  7.042e-01  7.100e-01  7.242e-01  7.367e-01  7.432e-01  7.349e-01  7.222e-01  7.024e-01  6.657e-01  6.319e-01  6.076e-01  5.746e-01  5.089e-01  4.200e-01  3.315e-01  2.561e-01  1.984e-01  1.550e-01  1.224e-01  9.746e-02  7.797e-02  6.246e-02  4.999e-02  3.991e-02  3.177e-02  2.528e-02  2.013e-02  1.601e-02  1.264e-02  9.833e-03  7.438e-03  5.424e-03  3.926e-03  3.074e-03  2.546e-03  2.179e-03  2.000e-03  1.949e-03  1.944e-03 	
 9.251e-01  9.162e-01  9.067e-01  8.962e-01  8.846e-01  8.712e-01  8.554e-01  8.362e-01  8.120e-01  7.802e-01  7.373e-01  6.909e-01  6.780e-01  6.887e-01  7.130e-01  7.313e-01  7.398e-01  7.351e-01  7.239e-01  7.091e-01  6.762e-01  6.389e-01  6.130e-01  5.863e-01  5.300e-01  4.464e-01  3.556e-01  2.764e-01  2.138e-01  1.664e-01  1.308e-01  1.038e-01  8.281e-02  6.616e-02  5.281e-02  4.205e-02  3.349e-02  2.668e-02  2.124e-02  1.678e-02  1.306e-02  9.891e-03  7.222e-03  5.235e-03  4.099e-03  3.394e-03  2.907e-03  2.676e-03  2.611e-03  2.576e-03 	
 9.370e-01  9.289e-01  9.203e-01  9.110e-01  9.009e-01  8.897e-01  8.770e-01  8.625e-01  8.453e-01  8.243e-01  7.969e-01  7.404e-01  6.825e-01  6.585e-01  6.742e-01  6.998e-01  7.227e-01  7.340e-01  7.358e-01  7.249e-01  7.122e-01  6.848e-01  6.462e-01  6.178e-01  5.948e-01  5.495e-01  4.728e-01  3.818e-01  2.982e-01  2.302e-01  1.782e-01  1.397e-01  1.105e-01  8.781e-02  6.993e-02  5.566e-02  4.434e-02  3.535e-02  2.815e-02  2.227e-02  1.735e-02  1.315e-02  9.618e-03  6.979e-03  5.462e-03  4.518e-03  3.869e-03  3.567e-03  3.487e-03  3.421e-03 	
 9.485e-01  9.412e-01  9.336e-01  9.257e-01  9.174e-01  9.088e-01  8.997e-01  8.904e-01  8.812e-01  8.720e-01  8.610e-01  8.212e-01  7.502e-01  6.811e-01  6.507e-01  6.558e-01  6.872e-01  7.112e-01  7.271e-01  7.350e-01  7.261e-01  7.138e-01  6.938e-01  6.565e-01  6.250e-01  6.030e-01  5.682e-01  4.982e-01  4.082e-01  3.206e-01  2.471e-01  1.913e-01  1.492e-01  1.174e-01  9.290e-02  7.375e-02  5.870e-02  4.681e-02  3.730e-02  2.953e-02  2.303e-02  1.749e-02  1.281e-02  9.309e-03  7.277e-03  6.009e-03  5.141e-03  4.743e-03  4.642e-03  4.545e-03 	
 9.592e-01  9.526e-01  9.460e-01  9.394e-01  9.327e-01  9.260e-01  9.195e-01  9.134e-01  9.078e-01  9.028e-01  8.962e-01  8.760e-01  8.301e-01  7.616e-01  6.872e-01  6.394e-01  6.474e-01  6.693e-01  6.995e-01  7.201e-01  7.295e-01  7.247e-01  7.145e-01  7.000e-01  6.670e-01  6.321e-01  6.091e-01  5.809e-01  5.202e-01  4.340e-01  3.432e-01  2.658e-01  2.051e-01  1.590e-01  1.244e-01  9.813e-02  7.786e-02  6.201e-02  4.942e-02  3.915e-02  3.057e-02  2.325e-02  1.708e-02  1.243e-02  9.698e-03  7.989e-03  6.822e-03  6.292e-03  6.166e-03  6.035e-03 	
 9.688e-01  9.629e-01  9.570e-01  9.512e-01  9.456e-01  9.400e-01  9.346e-01  9.292e-01  9.236e-01  9.167e-01  9.059e-01  8.928e-01  8.740e-01  8.386e-01  7.780e-01  7.012e-01  6.479e-01  6.325e-01  6.552e-01  6.841e-01  7.084e-01  7.211e-01  7.243e-01  7.145e-01  7.037e-01  6.764e-01  6.390e-01  6.144e-01  5.907e-01  5.408e-01  4.596e-01  3.677e-01  2.853e-01  2.191e-01  1.689e-01  1.318e-01  1.038e-01  8.234e-02  6.553e-02  5.192e-02  4.059e-02  3.094e-02  2.279e-02  1.662e-02  1.294e-02  1.062e-02  9.044e-03  8.332e-03  8.172e-03  8.004e-03 	
 9.772e-01  9.717e-01  9.663e-01  9.611e-01  9.559e-01  9.507e-01  9.455e-01  9.399e-01  9.333e-01  9.248e-01  9.128e-01  8.970e-01  8.842e-01  8.718e-01  8.456e-01  7.942e-01  7.207e-01  6.555e-01  6.293e-01  6.357e-01  6.675e-01  6.935e-01  7.122e-01  7.227e-01  7.164e-01  7.074e-01  6.869e-01  6.499e-01  6.217e-01  6.004e-01  5.609e-01  4.842e-01  3.917e-01  3.045e-01  2.329e-01  1.795e-01  1.397e-01  1.100e-01  8.712e-02  6.894e-02  5.393e-02  4.121e-02  3.048e-02  2.228e-02  1.729e-02  1.413e-02  1.198e-02  1.101e-02  1.081e-02  1.060e-02 	
 9.843e-01  9.791e-01  9.739e-01  9.689e-01  9.638e-01  9.587e-01  9.533e-01  9.474e-01  9.406e-01  9.322e-01  9.219e-01  9.080e-01  8.905e-01  8.769e-01  8.690e-01  8.527e-01  8.103e-01  7.451e-01  6.714e-01  6.190e-01  6.230e-01  6.447e-01  6.795e-01  7.032e-01  7.183e-01  7.167e-01  7.097e-01  6.946e-01  6.612e-01  6.292e-01  6.084e-01  5.749e-01  5.059e-01  4.143e-01  3.228e-01  2.480e-01  1.909e-01  1.484e-01  1.166e-01  9.188e-02  7.181e-02  5.498e-02  4.085e-02  2.998e-02  2.319e-02  1.883e-02  1.587e-02  1.454e-02  1.426e-02  1.401e-02 	
 9.902e-01  9.850e-01  9.799e-01  9.749e-01  9.698e-01  9.645e-01  9.590e-01  9.530e-01  9.462e-01  9.383e-01  9.285e-01  9.168e-01  9.032e-01  8.870e-01  8.733e-01  8.685e-01  8.588e-01  8.285e-01  7.694e-01  6.879e-01  6.256e-01  6.034e-01  6.276e-01  6.605e-01  6.933e-01  7.133e-01  7.182e-01  7.109e-01  7.002e-01  6.717e-01  6.367e-01  6.155e-01  5.872e-01  5.261e-01  4.357e-01  3.425e-01  2.639e-01  2.032e-01  1.577e-01  1.234e-01  9.607e-02  7.361e-02  5.499e-02  4.055e-02  3.125e-02  2.516e-02  2.105e-02  1.917e-02  1.878e-02  1.847e-02 	
 9.949e-01  9.897e-01  9.846e-01  9.794e-01  9.741e-01  9.688e-01  9.631e-01  9.570e-01  9.504e-01  9.431e-01  9.351e-01  9.254e-01  9.131e-01  9.008e-01  8.874e-01  8.740e-01  8.680e-01  8.612e-01  8.382e-01  7.862e-01  7.073e-01  6.304e-01  5.965e-01  6.032e-01  6.467e-01  6.830e-01  7.075e-01  7.189e-01  7.138e-01  7.062e-01  6.840e-01  6.493e-01  6.254e-01  6.004e-01  5.463e-01  4.570e-01  3.628e-01  2.808e-01  2.162e-01  1.676e-01  1.296e-01  9.918e-02  7.446e-02  5.528e-02  4.243e-02  3.381e-02  2.797e-02  2.525e-02  2.468e-02  2.430e-02 	
 9.986e-01  9.933e-01  9.880e-01  9.827e-01  9.772e-01  9.716e-01  9.658e-01  9.597e-01  9.531e-01  9.461e-01  9.385e-01  9.312e-01  9.227e-01  9.112e-01  9.002e-01  8.890e-01  8.743e-01  8.636e-01  8.593e-01  8.449e-01  8.008e-01  7.275e-01  6.414e-01  5.791e-01  5.933e-01  6.274e-01  6.718e-01  6.993e-01  7.174e-01  7.165e-01  7.115e-01  6.950e-01  6.629e-01  6.363e-01  6.140e-01  5.628e-01  4.784e-01  3.839e-01  2.984e-01  2.305e-01  1.770e-01  1.349e-01  1.017e-01  7.615e-02  5.822e-02  4.582e-02  3.736e-02  3.330e-02  3.237e-02  3.188e-02 	
 9.900e-01  9.960e-01  9.905e-01  9.849e-01  9.793e-01  9.735e-01  9.675e-01  9.613e-01  9.548e-01  9.480e-01  9.412e-01  9.351e-01  9.285e-01  9.215e-01  9.112e-01  9.004e-01  8.899e-01  8.755e-01  8.627e-01  8.587e-01  8.489e-01  8.154e-01  7.477e-01  6.530e-01  5.872e-01  5.720e-01  6.129e-01  6.567e-01  6.939e-01  7.160e-01  7.204e-01  7.165e-01  7.051e-01  6.765e-01  6.478e-01  6.265e-01  5.802e-01  5.007e-01  4.057e-01  3.177e-01  2.439e-01  1.853e-01  1.403e-01  1.062e-01  8.102e-02  6.288e-02  5.033e-02  4.405e-02  4.241e-02  4.172e-02 	
 9.900e-01  9.978e-01  9.921e-01  9.864e-01  9.805e-01  9.746e-01  9.685e-01  9.621e-01  9.557e-01  9.492e-01  9.428e-01  9.377e-01  9.330e-01  9.274e-01  9.213e-01  9.132e-01  9.020e-01  8.914e-01  8.788e-01  8.643e-01  8.553e-01  8.465e-01  8.200e-01  7.587e-01  6.654e-01  5.817e-01  5.665e-01  5.928e-01  6.457e-01  6.873e-01  7.158e-01  7.268e-01  7.245e-01  7.172e-01  6.921e-01  6.643e-01  6.412e-01  5.991e-01  5.237e-01  4.279e-01  3.348e-01  2.558e-01  1.949e-01  1.498e-01  1.145e-01  8.770e-02  6.871e-02  5.870e-02  5.562e-02  5.448e-02 	
 9.900e-01  9.991e-01  9.932e-01  9.873e-01  9.812e-01  9.751e-01  9.688e-01  9.625e-01  9.561e-01  9.497e-01  9.438e-01  9.396e-01  9.362e-01  9.324e-01  9.274e-01  9.215e-01  9.145e-01  9.033e-01  8.925e-01  8.805e-01  8.624e-01  8.468e-01  8.394e-01  8.212e-01  7.668e-01  6.786e-01  5.936e-01  5.479e-01  5.825e-01  6.315e-01  6.834e-01  7.145e-01  7.334e-01  7.348e-01  7.308e-01  7.095e-01  6.811e-01  6.567e-01  6.184e-01  5.430e-01  4.455e-01  3.488e-01  2.700e-01  2.120e-01  1.636e-01  1.243e-01  9.538e-02  7.910e-02  7.318e-02  7.107e-02 	
 9.900e-01  9.900e-01  9.938e-01  9.877e-01  9.815e-01  9.752e-01  9.689e-01  9.625e-01  9.561e-01  9.500e-01  9.444e-01  9.408e-01  9.383e-01  9.358e-01  9.323e-01  9.282e-01  9.221e-01  9.155e-01  9.049e-01  8.926e-01  8.795e-01  8.604e-01  8.415e-01  8.342e-01  8.207e-01  7.773e-01  6.974e-01  6.018e-01  5.578e-01  5.663e-01  6.258e-01  6.809e-01  7.205e-01  7.431e-01  7.471e-01  7.447e-01  7.262e-01  6.977e-01  6.722e-01  6.329e-01  5.575e-01  4.584e-01  3.657e-01  2.958e-01  2.332e-01  1.778e-01  1.345e-01  1.081e-01  9.691e-02  9.274e-02 	
 9.900e-01  9.900e-01  9.941e-01  9.878e-01  9.814e-01  9.751e-01  9.687e-01  9.623e-01  9.560e-01  9.501e-01  9.449e-01  9.416e-01  9.397e-01  9.380e-01  9.359e-01  9.327e-01  9.286e-01  9.225e-01  9.161e-01  9.070e-01  8.926e-01  8.779e-01  8.602e-01  8.394e-01  8.276e-01  8.184e-01  7.851e-01  7.141e-01  6.225e-01  5.491e-01  5.667e-01  6.214e-01  6.818e-01  7.285e-01  7.570e-01  7.644e-01  7.606e-01  7.439e-01  7.156e-01  6.899e-01  6.468e-01  5.677e-01  4.735e-01  3.971e-01  3.243e-01  2.524e-01  1.909e-01  1.497e-01  1.293e-01  1.211e-01 	
 9.900e-01  9.900e-01  9.942e-01  9.877e-01  9.812e-01  9.748e-01  9.683e-01  9.620e-01  9.559e-01  9.501e-01  9.452e-01  9.422e-01  9.406e-01  9.395e-01  9.382e-01  9.360e-01  9.331e-01  9.288e-01  9.232e-01  9.161e-01  9.070e-01  8.913e-01  8.750e-01  8.573e-01  8.337e-01  8.182e-01  8.136e-01  7.949e-01  7.329e-01  6.359e-01  5.659e-01  5.630e-01  6.220e-01  6.938e-01  7.450e-01  7.737e-01  7.815e-01  7.772e-01  7.634e-01  7.382e-01  7.094e-01  6.577e-01  5.763e-01  5.014e-01  4.286e-01  3.474e-01  2.682e-01  2.081e-01  1.735e-01  1.582e-01 	
 9.900e-01  9.900e-01  9.940e-01  9.875e-01  9.809e-01  9.744e-01  9.680e-01  9.617e-01  9.557e-01  9.501e-01  9.454e-01  9.426e-01  9.412e-01  9.405e-01  9.397e-01  9.383e-01  9.362e-01  9.332e-01  9.291e-01  9.240e-01  9.155e-01  9.054e-01  8.893e-01  8.703e-01  8.531e-01  8.313e-01  8.144e-01  8.124e-01  7.955e-01  7.419e-01  6.528e-01  5.677e-01  5.769e-01  6.409e-01  7.116e-01  7.651e-01  7.919e-01  7.989e-01  7.949e-01  7.835e-01  7.603e-01  7.236e-01  6.589e-01  5.899e-01  5.268e-01  4.513e-01  3.647e-01  2.864e-01  2.333e-01  2.067e-01 	
 9.900e-01  9.900e-01  9.938e-01  9.872e-01  9.806e-01  9.740e-01  9.676e-01  9.614e-01  9.555e-01  9.501e-01  9.455e-01  9.429e-01  9.417e-01  9.411e-01  9.406e-01  9.398e-01  9.384e-01  9.362e-01  9.334e-01  9.294e-01  9.233e-01  9.140e-01  9.031e-01  8.881e-01  8.677e-01  8.514e-01  8.314e-01  8.097e-01  8.036e-01  7.917e-01  7.485e-01  6.655e-01  5.974e-01  5.940e-01  6.579e-01  7.393e-01  7.878e-01  8.114e-01  8.182e-01  8.159e-01  8.038e-01  7.739e-01  7.194e-01  6.547e-01  6.018e-01  5.426e-01  4.667e-01  3.822e-01  3.121e-01  2.706e-01 	
 9.900e-01  9.900e-01  9.936e-01  9.868e-01  9.802e-01  9.736e-01  9.672e-01  9.611e-01  9.553e-01  9.501e-01  9.457e-01  9.431e-01  9.420e-01  9.416e-01  9.413e-01  9.408e-01  9.398e-01  9.382e-01  9.363e-01  9.334e-01  9.290e-01  9.221e-01  9.124e-01  8.995e-01  8.858e-01  8.651e-01  8.483e-01  8.283e-01  8.056e-01  7.974e-01  7.962e-01  7.576e-01  6.788e-01  6.022e-01  6.150e-01  7.006e-01  7.678e-01  8.107e-01  8.327e-01  8.403e-01  8.373e-01  8.150e-01  7.652e-01  7.023e-01  6.542e-01  6.071e-01  5.503e-01  4.798e-01  4.074e-01  3.533e-01 	
 9.900e-01  9.900e-01  9.933e-01  9.865e-01  9.798e-01  9.733e-01  9.669e-01  9.608e-01  9.551e-01  9.500e-01  9.458e-01  9.433e-01  9.422e-01  9.419e-01  9.417e-01  9.414e-01  9.407e-01  9.395e-01  9.382e-01  9.362e-01  9.330e-01  9.280e-01  9.205e-01  9.110e-01  8.973e-01  8.833e-01  8.624e-01  8.429e-01  8.259e-01  8.072e-01  7.974e-01  7.975e-01  7.644e-01  6.921e-01  6.327e-01  6.635e-01  7.320e-01  7.963e-01  8.358e-01  8.572e-01  8.628e-01  8.477e-01  8.013e-01  7.395e-01  6.945e-01  6.525e-01  6.058e-01  5.552e-01  5.004e-01  4.484e-01 	
 9.900e-01  9.900e-01  9.930e-01  9.862e-01  9.795e-01  9.729e-01  9.666e-01  9.606e-01  9.550e-01  9.500e-01  9.459e-01  9.435e-01  9.424e-01  9.421e-01  9.420e-01  9.418e-01  9.412e-01  9.403e-01  9.394e-01  9.381e-01  9.359e-01  9.322e-01  9.268e-01  9.191e-01  9.085e-01  8.944e-01  8.806e-01  8.606e-01  8.392e-01  8.256e-01  8.085e-01  7.975e-01  7.985e-01  7.703e-01  7.023e-01  6.565e-01  6.948e-01  7.703e-01  8.293e-01  8.652e-01  8.817e-01  8.731e-01  8.297e-01  7.684e-01  7.261e-01  6.894e-01  6.476e-01  6.051e-01  5.670e-01  5.304e-01 	
 9.900e-01  9.999e-01  9.928e-01  9.859e-01  9.792e-01  9.726e-01  9.663e-01  9.604e-01  9.549e-01  9.500e-01  9.459e-01  9.436e-01  9.426e-01  9.423e-01  9.422e-01  9.420e-01  9.416e-01  9.408e-01  9.402e-01  9.394e-01  9.378e-01  9.352e-01  9.315e-01  9.254e-01  9.170e-01  9.058e-01  8.916e-01  8.759e-01  8.584e-01  8.372e-01  8.265e-01  8.146e-01  8.057e-01  8.065e-01  7.836e-01  7.219e-01  6.984e-01  7.455e-01  8.131e-01  8.647e-01  8.941e-01  8.924e-01  8.520e-01  7.911e-01  7.506e-01  7.177e-01  6.824e-01  6.449e-01  6.114e-01  5.831e-01 	
 9.900e-01  9.997e-01  9.926e-01  9.857e-01  9.789e-01  9.724e-01  9.661e-01  9.602e-01  9.547e-01  9.499e-01  9.460e-01  9.437e-01  9.427e-01  9.424e-01  9.424e-01  9.422e-01  9.419e-01  9.412e-01  9.406e-01  9.401e-01  9.390e-01  9.373e-01  9.347e-01  9.303e-01  9.239e-01  9.149e-01  9.025e-01  8.891e-01  8.731e-01  8.582e-01  8.379e-01  8.305e-01  8.226e-01  8.144e-01  8.178e-01  7.885e-01  7.395e-01  7.363e-01  7.929e-01  8.585e-01  9.008e-01  9.069e-01  8.693e-01  8.089e-01  7.701e-01  7.403e-01  7.086e-01  6.776e-01  6.498e-01  6.240e-01 	
 9.900e-01  9.997e-01  9.925e-01  9.855e-01  9.787e-01  9.721e-01  9.659e-01  9.600e-01  9.546e-01  9.499e-01  9.460e-01  9.437e-01  9.428e-01  9.425e-01  9.425e-01  9.424e-01  9.420e-01  9.414e-01  9.410e-01  9.406e-01  9.398e-01  9.385e-01  9.368e-01  9.341e-01  9.294e-01  9.222e-01  9.130e-01  9.001e-01  8.863e-01  8.712e-01  8.609e-01  8.454e-01  8.377e-01  8.317e-01  8.272e-01  8.298e-01  8.063e-01  7.760e-01  7.927e-01  8.538e-01  9.041e-01  9.172e-01  8.826e-01  8.229e-01  7.854e-01  7.580e-01  7.301e-01  7.030e-01  6.809e-01  6.613e-01 	
 9.900e-01  9.997e-01  9.925e-01  9.854e-01  9.786e-01  9.720e-01  9.657e-01  9.599e-01  9.545e-01  9.498e-01  9.460e-01  9.438e-01  9.428e-01  9.426e-01  9.426e-01  9.425e-01  9.422e-01  9.416e-01  9.412e-01  9.409e-01  9.402e-01  9.394e-01  9.384e-01  9.367e-01  9.333e-01  9.279e-01  9.208e-01  9.101e-01  8.984e-01  8.856e-01  8.710e-01  8.636e-01  8.523e-01  8.465e-01  8.446e-01  8.462e-01  8.491e-01  8.314e-01  8.193e-01  8.573e-01  9.073e-01  9.248e-01  8.928e-01  8.338e-01  7.975e-01  7.722e-01  7.469e-01  7.234e-01  7.050e-01  6.891e-01 	
 9.900e-01  9.998e-01  9.925e-01  9.854e-01  9.785e-01  9.719e-01  9.656e-01  9.598e-01  9.545e-01  9.498e-01  9.461e-01  9.438e-01  9.429e-01  9.427e-01  9.427e-01  9.426e-01  9.423e-01  9.418e-01  9.414e-01  9.411e-01  9.405e-01  9.398e-01  9.392e-01  9.381e-01  9.360e-01  9.325e-01  9.270e-01  9.187e-01  9.090e-01  8.971e-01  8.865e-01  8.767e-01  8.684e-01  8.589e-01  8.580e-01  8.593e-01  8.670e-01  8.719e-01  8.662e-01  8.775e-01  9.144e-01  9.315e-01  9.007e-01  8.424e-01  8.071e-01  7.834e-01  7.603e-01  7.396e-01  7.245e-01  7.119e-01 	
 9.900e-01  9.900e-01  9.927e-01  9.855e-01  9.785e-01  9.719e-01  9.656e-01  9.597e-01  9.544e-01  9.498e-01  9.461e-01  9.438e-01  9.429e-01  9.427e-01  9.427e-01  9.427e-01  9.424e-01  9.419e-01  9.415e-01  9.412e-01  9.407e-01  9.401e-01  9.398e-01  9.393e-01  9.381e-01  9.358e-01  9.315e-01  9.252e-01  9.175e-01  9.067e-01  8.976e-01  8.877e-01  8.798e-01  8.750e-01  8.687e-01  8.735e-01  8.791e-01  8.908e-01  9.007e-01  9.057e-01  9.263e-01  9.382e-01  9.071e-01  8.492e-01  8.148e-01  7.924e-01  7.710e-01  7.525e-01  7.399e-01  7.298e-01 	
 9.900e-01  9.900e-01  9.929e-01  9.856e-01  9.786e-01  9.719e-01  9.656e-01  9.597e-01  9.544e-01  9.498e-01  9.460e-01  9.439e-01  9.429e-01  9.428e-01  9.428e-01  9.428e-01  9.425e-01  9.419e-01  9.416e-01  9.413e-01  9.409e-01  9.403e-01  9.401e-01  9.399e-01  9.393e-01  9.377e-01  9.349e-01  9.307e-01  9.244e-01  9.155e-01  9.072e-01  8.993e-01  8.924e-01  8.869e-01  8.867e-01  8.847e-01  8.930e-01  9.028e-01  9.174e-01  9.281e-01  9.398e-01  9.447e-01  9.124e-01  8.546e-01  8.209e-01  7.996e-01  7.795e-01  7.627e-01  7.522e-01  7.444e-01 	
 9.900e-01  9.900e-01  9.933e-01  9.859e-01  9.788e-01  9.720e-01  9.656e-01  9.597e-01  9.544e-01  9.498e-01  9.460e-01  9.439e-01  9.429e-01  9.428e-01  9.428e-01  9.428e-01  9.425e-01  9.420e-01  9.417e-01  9.414e-01  9.410e-01  9.405e-01  9.403e-01  9.403e-01  9.400e-01  9.392e-01  9.376e-01  9.346e-01  9.295e-01  9.227e-01  9.164e-01  9.099e-01  9.032e-01  8.994e-01  8.961e-01  8.996e-01  9.041e-01  9.155e-01  9.276e-01  9.414e-01  9.508e-01  9.504e-01  9.167e-01  8.590e-01  8.258e-01  8.053e-01  7.863e-01  7.709e-01  7.620e-01  7.560e-01 	
 9.900e-01  9.900e-01  9.938e-01  9.863e-01  9.791e-01  9.722e-01  9.658e-01  9.598e-01  9.544e-01  9.498e-01  9.460e-01  9.438e-01  9.429e-01  9.428e-01  9.428e-01  9.428e-01  9.425e-01  9.420e-01  9.417e-01  9.415e-01  9.410e-01  9.406e-01  9.405e-01  9.405e-01  9.404e-01  9.401e-01  9.393e-01  9.373e-01  9.338e-01  9.292e-01  9.241e-01  9.181e-01  9.125e-01  9.100e-01  9.079e-01  9.107e-01  9.164e-01  9.250e-01  9.374e-01  9.493e-01  9.581e-01  9.550e-01  9.203e-01  8.625e-01  8.297e-01  8.099e-01  7.917e-01  7.774e-01  7.699e-01  7.653e-01 	
 9.900e-01  9.900e-01  9.945e-01  9.869e-01  9.796e-01  9.726e-01  9.660e-01  9.599e-01  9.545e-01  9.498e-01  9.460e-01  9.438e-01  9.429e-01  9.428e-01  9.428e-01  9.428e-01  9.426e-01  9.421e-01  9.418e-01  9.416e-01  9.411e-01  9.406e-01  9.406e-01  9.406e-01  9.407e-01  9.406e-01  9.402e-01  9.391e-01  9.368e-01  9.336e-01  9.294e-01  9.247e-01  9.208e-01  9.190e-01  9.191e-01  9.208e-01  9.266e-01  9.341e-01  9.440e-01  9.551e-01  9.628e-01  9.584e-01  9.231e-01  8.654e-01  8.329e-01  8.135e-01  7.960e-01  7.826e-01  7.761e-01  7.728e-01 	
 9.900e-01  9.900e-01  9.954e-01  9.876e-01  9.801e-01  9.730e-01  9.663e-01  9.601e-01  9.546e-01  9.498e-01  9.460e-01  9.438e-01  9.429e-01  9.428e-01  9.428e-01  9.428e-01  9.426e-01  9.421e-01  9.418e-01  9.416e-01  9.411e-01  9.407e-01  9.406e-01  9.407e-01  9.408e-01  9.409e-01  9.408e-01  9.403e-01  9.390e-01  9.370e-01  9.340e-01  9.308e-01  9.282e-01  9.269e-01  9.276e-01  9.302e-01  9.345e-01  9.419e-01  9.497e-01  9.591e-01  9.660e-01  9.610e-01  9.254e-01  8.677e-01  8.354e-01  8.164e-01  7.994e-01  7.867e-01  7.811e-01  7.788e-01 	
 9.900e-01  9.900e-01  9.966e-01  9.886e-01  9.809e-01  9.736e-01  9.668e-01  9.604e-01  9.548e-01  9.499e-01  9.460e-01  9.438e-01  9.429e-01  9.427e-01  9.428e-01  9.428e-01  9.426e-01  9.421e-01  9.418e-01  9.416e-01  9.412e-01  9.407e-01  9.407e-01  9.408e-01  9.409e-01  9.411e-01  9.412e-01  9.410e-01  9.404e-01  9.392e-01  9.373e-01  9.355e-01  9.341e-01  9.334e-01  9.343e-01  9.374e-01  9.414e-01  9.473e-01  9.545e-01  9.620e-01  9.682e-01  9.629e-01  9.273e-01  8.695e-01  8.374e-01  8.187e-01  8.021e-01  7.899e-01  7.851e-01  7.837e-01 	
 9.900e-01  9.900e-01  9.980e-01  9.898e-01  9.820e-01  9.744e-01  9.674e-01  9.609e-01  9.550e-01  9.500e-01  9.460e-01  9.438e-01  9.428e-01  9.427e-01  9.428e-01  9.428e-01  9.426e-01  9.421e-01  9.418e-01  9.416e-01  9.412e-01  9.408e-01  9.407e-01  9.408e-01  9.410e-01  9.412e-01  9.414e-01  9.414e-01  9.412e-01  9.407e-01  9.397e-01  9.388e-01  9.379e-01  9.376e-01  9.391e-01  9.425e-01  9.467e-01  9.515e-01  9.576e-01  9.643e-01  9.696e-01  9.643e-01  9.287e-01  8.710e-01  8.390e-01  8.204e-01  8.041e-01  7.924e-01  7.883e-01  7.876e-01 	
 9.900e-01  9.900e-01  9.998e-01  9.914e-01  9.833e-01  9.755e-01  9.682e-01  9.614e-01  9.553e-01  9.501e-01  9.460e-01  9.437e-01  9.428e-01  9.427e-01  9.428e-01  9.428e-01  9.425e-01  9.421e-01  9.418e-01  9.416e-01  9.412e-01  9.408e-01  9.407e-01  9.408e-01  9.410e-01  9.412e-01  9.415e-01  9.416e-01  9.417e-01  9.416e-01  9.414e-01  9.410e-01  9.408e-01  9.412e-01  9.426e-01  9.462e-01  9.504e-01  9.548e-01  9.597e-01  9.657e-01  9.708e-01  9.654e-01  9.299e-01  8.722e-01  8.402e-01  8.218e-01  8.057e-01  7.944e-01  7.907e-01  7.906e-01 	
 9.900e-01  9.900e-01  9.900e-01  9.933e-01  9.849e-01  9.769e-01  9.693e-01  9.622e-01  9.558e-01  9.503e-01  9.461e-01  9.437e-01  9.428e-01  9.426e-01  9.427e-01  9.427e-01  9.425e-01  9.420e-01  9.418e-01  9.416e-01  9.412e-01  9.408e-01  9.407e-01  9.408e-01  9.410e-01  9.413e-01  9.415e-01  9.418e-01  9.420e-01  9.422e-01  9.423e-01  9.425e-01  9.430e-01  9.437e-01  9.457e-01  9.489e-01  9.528e-01  9.569e-01  9.612e-01  9.667e-01  9.716e-01  9.663e-01  9.309e-01  8.731e-01  8.411e-01  8.229e-01  8.069e-01  7.959e-01  7.926e-01  7.931e-01 	
 9.900e-01  9.900e-01  9.900e-01  9.957e-01  9.871e-01  9.787e-01  9.707e-01  9.633e-01  9.565e-01  9.507e-01  9.461e-01  9.436e-01  9.427e-01  9.426e-01  9.427e-01  9.427e-01  9.425e-01  9.420e-01  9.417e-01  9.416e-01  9.412e-01  9.407e-01  9.407e-01  9.408e-01  9.411e-01  9.413e-01  9.415e-01  9.418e-01  9.422e-01  9.426e-01  9.429e-01  9.435e-01  9.443e-01  9.455e-01  9.478e-01  9.510e-01  9.545e-01  9.582e-01  9.622e-01  9.674e-01  9.723e-01  9.670e-01  9.317e-01  8.739e-01  8.418e-01  8.236e-01  8.078e-01  7.970e-01  7.941e-01  7.950e-01 	
 9.900e-01  9.900e-01  9.900e-01  9.988e-01  9.899e-01  9.812e-01  9.728e-01  9.648e-01  9.575e-01  9.512e-01  9.462e-01  9.436e-01  9.426e-01  9.425e-01  9.426e-01  9.426e-01  9.424e-01  9.420e-01  9.417e-01  9.415e-01  9.411e-01  9.407e-01  9.407e-01  9.408e-01  9.410e-01  9.413e-01  9.415e-01  9.418e-01  9.422e-01  9.427e-01  9.433e-01  9.440e-01  9.452e-01  9.468e-01  9.492e-01  9.524e-01  9.557e-01  9.590e-01  9.629e-01  9.680e-01  9.728e-01  9.676e-01  9.323e-01  8.744e-01  8.423e-01  8.241e-01  8.084e-01  7.977e-01  7.951e-01  7.965e-01 	
 9.900e-01  9.900e-01  9.900e-01  9.900e-01  9.934e-01  9.844e-01  9.756e-01  9.671e-01  9.592e-01  9.521e-01  9.464e-01  9.434e-01  9.424e-01  9.423e-01  9.425e-01  9.425e-01  9.423e-01  9.418e-01  9.416e-01  9.414e-01  9.410e-01  9.406e-01  9.406e-01  9.407e-01  9.410e-01  9.412e-01  9.415e-01  9.418e-01  9.422e-01  9.427e-01  9.434e-01  9.443e-01  9.456e-01  9.474e-01  9.500e-01  9.532e-01  9.564e-01  9.597e-01  9.634e-01  9.685e-01  9.733e-01  9.681e-01  9.329e-01  8.748e-01  8.426e-01  8.243e-01  8.086e-01  7.980e-01  7.957e-01  7.976e-01 	
 9.900e-01  9.900e-01  9.900e-01  9.900e-01  9.979e-01  9.886e-01  9.795e-01  9.706e-01  9.620e-01  9.540e-01  9.471e-01  9.435e-01  9.423e-01  9.422e-01  9.423e-01  9.424e-01  9.422e-01  9.417e-01  9.415e-01  9.413e-01  9.409e-01  9.405e-01  9.405e-01  9.407e-01  9.409e-01  9.412e-01  9.414e-01  9.418e-01  9.422e-01  9.427e-01  9.435e-01  9.444e-01  9.459e-01  9.478e-01  9.505e-01  9.537e-01  9.569e-01  9.601e-01  9.637e-01  9.687e-01  9.734e-01  9.682e-01  9.331e-01  8.752e-01  8.430e-01  8.247e-01  8.089e-01  7.984e-01  7.963e-01  7.987e-01 	
 9.900e-01  9.900e-01  9.900e-01  9.900e-01  9.900e-01  9.941e-01  9.849e-01  9.758e-01  9.669e-01  9.582e-01  9.500e-01  9.455e-01  9.439e-01  9.435e-01  9.433e-01  9.433e-01  9.430e-01  9.425e-01  9.422e-01  9.420e-01  9.417e-01  9.413e-01  9.412e-01  9.413e-01  9.416e-01  9.418e-01  9.421e-01  9.424e-01  9.429e-01  9.434e-01  9.441e-01  9.452e-01  9.467e-01  9.486e-01  9.512e-01  9.543e-01  9.573e-01  9.602e-01  9.634e-01  9.672e-01  9.700e-01  9.639e-01  9.313e-01  8.776e-01  8.469e-01  8.282e-01  8.123e-01  8.021e-01  7.996e-01  8.016e-01 	
