-3.385e-03 -1.035e-03 -7.082e-04 -4.180e-04 -1.450e-04  1.375e-04  4.421e-04  7.751e-04  1.140e-03  1.539e-03  1.974e-03  2.446e-03  2.954e-03  3.500e-03  4.084e-03  4.707e-03  5.368e-03  6.068e-03  6.806e-03  7.583e-03  8.399e-03  9.255e-03  1.015e-02  1.108e-02  1.205e-02  1.307e-02  1.412e-02  1.521e-02  1.634e-02  1.751e-02  1.872e-02  1.996e-02  2.125e-02  2.258e-02  2.394e-02  2.534e-02  2.679e-02  2.827e-02  2.979e-02  3.134e-02  3.295e-02  3.459e-02  3.630e-02  3.807e-02  3.992e-02  4.188e-02  4.399e-02  4.630e-02  4.889e-02  5.187e-02 	
-1.233e-03  2.000e-04  3.015e-04  5.235e-04  7.771e-04  1.070e-03  1.409e-03  1.794e-03  2.229e-03  2.714e-03  3.250e-03  3.837e-03  4.476e-03  5.165e-03  5.907e-03  6.700e-03  7.546e-03  8.443e-03  9.391e-03  1.039e-02  1.145e-02  1.255e-02  1.371e-02  1.492e-02  1.618e-02  1.749e-02  1.886e-02  2.027e-02  2.175e-02  2.327e-02  2.484e-02  2.647e-02  2.815e-02  2.988e-02  3.166e-02  3.349e-02  3.538e-02  3.731e-02  3.929e-02  4.132e-02  4.340e-02  4.553e-02  4.773e-02  5.000e-02  5.235e-02  5.480e-02  5.738e-02  6.013e-02  6.310e-02  6.636e-02 	
-5.175e-04  5.832e-04  5.866e-04  8.056e-04  1.093e-03  1.448e-03  1.873e-03  2.367e-03  2.932e-03  3.566e-03  4.269e-03  5.043e-03  5.886e-03  6.799e-03  7.781e-03  8.833e-03  9.954e-03  1.114e-02  1.240e-02  1.373e-02  1.513e-02  1.660e-02  1.814e-02  1.975e-02  2.143e-02  2.317e-02  2.499e-02  2.688e-02  2.884e-02  3.087e-02  3.297e-02  3.515e-02  3.739e-02  3.970e-02  4.208e-02  4.453e-02  4.705e-02  4.964e-02  5.229e-02  5.501e-02  5.780e-02  6.065e-02  6.358e-02  6.659e-02  6.968e-02  7.286e-02  7.616e-02  7.959e-02  8.319e-02  8.699e-02 	
-2.906e-04  6.907e-04  6.959e-04  9.804e-04  1.362e-03  1.838e-03  2.407e-03  3.069e-03  3.823e-03  4.669e-03  5.608e-03  6.638e-03  7.760e-03  8.974e-03  1.028e-02  1.168e-02  1.317e-02  1.475e-02  1.642e-02  1.819e-02  2.005e-02  2.200e-02  2.404e-02  2.618e-02  2.841e-02  3.074e-02  3.316e-02  3.567e-02  3.828e-02  4.098e-02  4.378e-02  4.667e-02  4.965e-02  5.273e-02  5.590e-02  5.916e-02  6.251e-02  6.596e-02  6.949e-02  7.311e-02  7.681e-02  8.060e-02  8.448e-02  8.843e-02  9.248e-02  9.660e-02  1.008e-01  1.051e-01  1.095e-01  1.140e-01 	
-2.149e-04  7.466e-04  8.280e-04  1.227e-03  1.750e-03  2.393e-03  3.157e-03  4.042e-03  5.047e-03  6.174e-03  7.421e-03  8.789e-03  1.028e-02  1.189e-02  1.362e-02  1.548e-02  1.745e-02  1.955e-02  2.177e-02  2.412e-02  2.659e-02  2.918e-02  3.190e-02  3.474e-02  3.771e-02  4.080e-02  4.402e-02  4.736e-02  5.083e-02  5.442e-02  5.814e-02  6.198e-02  6.594e-02  7.002e-02  7.422e-02  7.854e-02  8.297e-02  8.752e-02  9.218e-02  9.694e-02  1.018e-01  1.068e-01  1.118e-01  1.170e-01  1.222e-01  1.274e-01  1.328e-01  1.381e-01  1.434e-01  1.487e-01 	
-1.701e-04  8.335e-04  1.042e-03  1.594e-03  2.300e-03  3.161e-03  4.179e-03  5.356e-03  6.691e-03  8.186e-03  9.840e-03  1.165e-02  1.363e-02  1.577e-02  1.806e-02  2.052e-02  2.315e-02  2.593e-02  2.889e-02  3.200e-02  3.528e-02  3.873e-02  4.235e-02  4.613e-02  5.007e-02  5.419e-02  5.846e-02  6.290e-02  6.750e-02  7.226e-02  7.718e-02  8.225e-02  8.747e-02  9.283e-02  9.835e-02  1.040e-01  1.098e-01  1.157e-01  1.217e-01  1.279e-01  1.342e-01  1.406e-01  1.470e-01  1.535e-01  1.601e-01  1.667e-01  1.732e-01  1.797e-01  1.860e-01  1.920e-01 	
-1.136e-04  9.817e-04  1.358e-03  2.106e-03  3.049e-03  4.195e-03  5.547e-03  7.108e-03  8.878e-03  1.086e-02  1.305e-02  1.546e-02  1.808e-02  2.091e-02  2.396e-02  2.723e-02  3.072e-02  3.442e-02  3.835e-02  4.250e-02  4.686e-02  5.145e-02  5.625e-02  6.127e-02  6.650e-02  7.195e-02  7.760e-02  8.346e-02  8.952e-02  9.577e-02  1.022e-01  1.088e-01  1.156e-01  1.226e-01  1.297e-01  1.369e-01  1.443e-01  1.519e-01  1.595e-01  1.673e-01  1.751e-01  1.831e-01  1.911e-01  1.991e-01  2.071e-01  2.150e-01  2.228e-01  2.303e-01  2.375e-01  2.441e-01 	
-2.879e-05  1.207e-03  1.797e-03  2.797e-03  4.051e-03  5.572e-03  7.365e-03  9.435e-03  1.178e-02  1.441e-02  1.732e-02  2.051e-02  2.399e-02  2.776e-02  3.181e-02  3.616e-02  4.080e-02  4.572e-02  5.094e-02  5.645e-02  6.225e-02  6.833e-02  7.469e-02  8.132e-02  8.821e-02  9.536e-02  1.028e-01  1.104e-01  1.182e-01  1.263e-01  1.346e-01  1.430e-01  1.517e-01  1.605e-01  1.694e-01  1.785e-01  1.876e-01  1.969e-01  2.063e-01  2.157e-01  2.252e-01  2.347e-01  2.442e-01  2.536e-01  2.629e-01  2.720e-01  2.808e-01  2.892e-01  2.970e-01  3.040e-01 	
 9.424e-05  1.527e-03  2.390e-03  3.720e-03  5.385e-03  7.402e-03  9.780e-03  1.252e-02  1.564e-02  1.912e-02  2.299e-02  2.723e-02  3.186e-02  3.687e-02  4.226e-02  4.804e-02  5.421e-02  6.075e-02  6.768e-02  7.497e-02  8.262e-02  9.061e-02  9.895e-02  1.076e-01  1.165e-01  1.258e-01  1.353e-01  1.450e-01  1.550e-01  1.652e-01  1.755e-01  1.860e-01  1.966e-01  2.073e-01  2.181e-01  2.290e-01  2.399e-01  2.508e-01  2.618e-01  2.726e-01  2.835e-01  2.942e-01  3.048e-01  3.153e-01  3.255e-01  3.353e-01  3.448e-01  3.536e-01  3.616e-01  3.685e-01 	
 2.661e-04  1.966e-03  3.182e-03  4.948e-03  7.157e-03  9.832e-03  1.299e-02  1.663e-02  2.076e-02  2.540e-02  3.053e-02  3.618e-02  4.233e-02  4.900e-02  5.617e-02  6.385e-02  7.202e-02  8.067e-02  8.978e-02  9.933e-02  1.093e-01  1.197e-01  1.304e-01  1.415e-01  1.528e-01  1.645e-01  1.764e-01  1.884e-01  2.006e-01  2.130e-01  2.254e-01  2.379e-01  2.504e-01  2.629e-01  2.753e-01  2.877e-01  2.999e-01  3.121e-01  3.241e-01  3.359e-01  3.475e-01  3.589e-01  3.700e-01  3.808e-01  3.912e-01  4.011e-01  4.104e-01  4.190e-01  4.267e-01  4.331e-01 	
 5.013e-04  2.558e-03  4.238e-03  6.582e-03  9.512e-03  1.306e-02  1.725e-02  2.209e-02  2.758e-02  3.375e-02  4.059e-02  4.810e-02  5.629e-02  6.514e-02  7.464e-02  8.477e-02  9.549e-02  1.068e-01  1.186e-01  1.309e-01  1.437e-01  1.568e-01  1.703e-01  1.840e-01  1.980e-01  2.121e-01  2.264e-01  2.407e-01  2.550e-01  2.693e-01  2.835e-01  2.975e-01  3.114e-01  3.251e-01  3.385e-01  3.517e-01  3.646e-01  3.771e-01  3.894e-01  4.013e-01  4.128e-01  4.240e-01  4.347e-01  4.450e-01  4.548e-01  4.640e-01  4.726e-01  4.804e-01  4.873e-01  4.929e-01 	
 8.197e-04  3.352e-03  5.643e-03  8.753e-03  1.264e-02  1.736e-02  2.292e-02  2.936e-02  3.668e-02  4.489e-02  5.400e-02  6.398e-02  7.482e-02  8.650e-02  9.896e-02  1.122e-01  1.260e-01  1.405e-01  1.555e-01  1.709e-01  1.867e-01  2.028e-01  2.190e-01  2.354e-01  2.518e-01  2.682e-01  2.844e-01  3.005e-01  3.163e-01  3.318e-01  3.469e-01  3.617e-01  3.761e-01  3.900e-01  4.034e-01  4.164e-01  4.289e-01  4.409e-01  4.524e-01  4.635e-01  4.740e-01  4.841e-01  4.937e-01  5.028e-01  5.114e-01  5.194e-01  5.268e-01  5.335e-01  5.394e-01  5.442e-01 	
 1.249e-03  4.412e-03  7.510e-03  1.164e-02  1.681e-02  2.308e-02  3.049e-02  3.907e-02  4.883e-02  5.976e-02  7.183e-02  8.502e-02  9.925e-02  1.144e-01  1.305e-01  1.473e-01  1.648e-01  1.828e-01  2.012e-01  2.198e-01  2.386e-01  2.573e-01  2.760e-01  2.944e-01  3.126e-01  3.304e-01  3.477e-01  3.644e-01  3.807e-01  3.963e-01  4.113e-01  4.256e-01  4.393e-01  4.523e-01  4.648e-01  4.765e-01  4.877e-01  4.983e-01  5.084e-01  5.179e-01  5.269e-01  5.355e-01  5.436e-01  5.512e-01  5.584e-01  5.651e-01  5.712e-01  5.769e-01  5.819e-01  5.861e-01 	
 1.824e-03  5.823e-03  9.994e-03  1.548e-02  2.236e-02  3.073e-02  4.062e-02  5.205e-02  6.503e-02  7.951e-02  9.539e-02  1.126e-01  1.309e-01  1.503e-01  1.705e-01  1.913e-01  2.125e-01  2.339e-01  2.554e-01  2.768e-01  2.978e-01  3.185e-01  3.385e-01  3.579e-01  3.766e-01  3.945e-01  4.115e-01  4.277e-01  4.430e-01  4.575e-01  4.711e-01  4.840e-01  4.960e-01  5.074e-01  5.180e-01  5.280e-01  5.374e-01  5.463e-01  5.546e-01  5.625e-01  5.700e-01  5.771e-01  5.838e-01  5.901e-01  5.961e-01  6.018e-01  6.071e-01  6.120e-01  6.164e-01  6.203e-01 	
 2.596e-03  7.702e-03  1.330e-02  2.061e-02  2.980e-02  4.096e-02  5.416e-02  6.938e-02  8.655e-02  1.055e-01  1.261e-01  1.481e-01  1.711e-01  1.950e-01  2.194e-01  2.440e-01  2.685e-01  2.927e-01  3.163e-01  3.392e-01  3.613e-01  3.823e-01  4.023e-01  4.211e-01  4.388e-01  4.554e-01  4.708e-01  4.853e-01  4.987e-01  5.111e-01  5.228e-01  5.336e-01  5.437e-01  5.531e-01  5.619e-01  5.703e-01  5.781e-01  5.855e-01  5.925e-01  5.992e-01  6.056e-01  6.117e-01  6.175e-01  6.231e-01  6.285e-01  6.336e-01  6.384e-01  6.429e-01  6.471e-01  6.508e-01 	
 3.629e-03  1.020e-02  1.771e-02  2.749e-02  3.977e-02  5.470e-02  7.229e-02  9.240e-02  1.148e-01  1.392e-01  1.653e-01  1.924e-01  2.203e-01  2.485e-01  2.764e-01  3.039e-01  3.304e-01  3.559e-01  3.800e-01  4.027e-01  4.239e-01  4.437e-01  4.619e-01  4.787e-01  4.942e-01  5.084e-01  5.215e-01  5.336e-01  5.447e-01  5.551e-01  5.647e-01  5.737e-01  5.821e-01  5.900e-01  5.975e-01  6.047e-01  6.115e-01  6.180e-01  6.243e-01  6.303e-01  6.362e-01  6.419e-01  6.474e-01  6.527e-01  6.579e-01  6.628e-01  6.675e-01  6.720e-01  6.760e-01  6.797e-01 	
 5.012e-03  1.355e-02  2.363e-02  3.673e-02  5.321e-02  7.315e-02  9.641e-02  1.227e-01  1.514e-01  1.819e-01  2.137e-01  2.458e-01  2.779e-01  3.091e-01  3.391e-01  3.676e-01  3.942e-01  4.188e-01  4.414e-01  4.620e-01  4.808e-01  4.978e-01  5.132e-01  5.273e-01  5.400e-01  5.517e-01  5.625e-01  5.724e-01  5.816e-01  5.903e-01  5.984e-01  6.062e-01  6.135e-01  6.206e-01  6.274e-01  6.340e-01  6.403e-01  6.465e-01  6.525e-01  6.584e-01  6.641e-01  6.697e-01  6.751e-01  6.804e-01  6.856e-01  6.905e-01  6.952e-01  6.997e-01  7.038e-01  7.075e-01 	
 6.864e-03  1.802e-02  3.159e-02  4.923e-02  7.134e-02  9.782e-02  1.282e-01  1.617e-01  1.973e-01  2.341e-01  2.709e-01  3.069e-01  3.413e-01  3.735e-01  4.032e-01  4.302e-01  4.546e-01  4.765e-01  4.960e-01  5.134e-01  5.289e-01  5.429e-01  5.555e-01  5.669e-01  5.775e-01  5.872e-01  5.964e-01  6.049e-01  6.131e-01  6.209e-01  6.284e-01  6.356e-01  6.426e-01  6.494e-01  6.560e-01  6.625e-01  6.688e-01  6.749e-01  6.810e-01  6.869e-01  6.926e-01  6.982e-01  7.037e-01  7.090e-01  7.142e-01  7.191e-01  7.238e-01  7.282e-01  7.322e-01  7.357e-01 	
 9.345e-03  2.403e-02  4.238e-02  6.619e-02  9.574e-02  1.305e-01  1.693e-01  2.107e-01  2.530e-01  2.949e-01  3.349e-01  3.722e-01  4.061e-01  4.365e-01  4.633e-01  4.868e-01  5.073e-01  5.253e-01  5.411e-01  5.551e-01  5.677e-01  5.791e-01  5.896e-01  5.994e-01  6.085e-01  6.173e-01  6.256e-01  6.336e-01  6.414e-01  6.490e-01  6.563e-01  6.635e-01  6.705e-01  6.773e-01  6.840e-01  6.905e-01  6.968e-01  7.031e-01  7.091e-01  7.150e-01  7.208e-01  7.264e-01  7.319e-01  7.371e-01  7.422e-01  7.470e-01  7.516e-01  7.558e-01  7.596e-01  7.629e-01 	
 1.267e-02  3.215e-02  5.705e-02  8.915e-02  1.282e-01  1.728e-01  2.207e-01  2.695e-01  3.169e-01  3.612e-01  4.013e-01  4.365e-01  4.669e-01  4.929e-01  5.151e-01  5.340e-01  5.502e-01  5.645e-01  5.771e-01  5.886e-01  5.991e-01  6.090e-01  6.184e-01  6.274e-01  6.360e-01  6.444e-01  6.526e-01  6.606e-01  6.683e-01  6.760e-01  6.834e-01  6.906e-01  6.977e-01  7.046e-01  7.113e-01  7.179e-01  7.243e-01  7.305e-01  7.365e-01  7.423e-01  7.480e-01  7.535e-01  7.587e-01  7.638e-01  7.687e-01  7.733e-01  7.777e-01  7.817e-01  7.853e-01  7.884e-01 	
 1.714e-02  4.314e-02  7.697e-02  1.199e-01  1.706e-01  2.259e-01  2.822e-01  3.361e-01  3.852e-01  4.280e-01  4.643e-01  4.944e-01  5.192e-01  5.397e-01  5.568e-01  5.715e-01  5.844e-01  5.961e-01  6.068e-01  6.169e-01  6.266e-01  6.359e-01  6.450e-01  6.538e-01  6.624e-01  6.709e-01  6.792e-01  6.873e-01  6.952e-01  7.028e-01  7.103e-01  7.176e-01  7.247e-01  7.315e-01  7.382e-01  7.446e-01  7.508e-01  7.568e-01  7.626e-01  7.682e-01  7.736e-01  7.788e-01  7.839e-01  7.886e-01  7.932e-01  7.975e-01  8.016e-01  8.053e-01  8.086e-01  8.115e-01 	
 2.314e-02  5.800e-02  1.037e-01  1.602e-01  2.238e-01  2.891e-01  3.510e-01  4.059e-01  4.520e-01  4.893e-01  5.189e-01  5.424e-01  5.613e-01  5.769e-01  5.903e-01  6.023e-01  6.133e-01  6.238e-01  6.338e-01  6.436e-01  6.532e-01  6.625e-01  6.717e-01  6.808e-01  6.896e-01  6.982e-01  7.065e-01  7.147e-01  7.226e-01  7.302e-01  7.376e-01  7.447e-01  7.516e-01  7.583e-01  7.646e-01  7.708e-01  7.767e-01  7.824e-01  7.878e-01  7.931e-01  7.981e-01  8.029e-01  8.075e-01  8.119e-01  8.161e-01  8.201e-01  8.238e-01  8.271e-01  8.301e-01  8.327e-01 	
 3.118e-02  7.792e-02  1.390e-01  2.112e-01  2.874e-01  3.597e-01  4.223e-01  4.729e-01  5.119e-01  5.413e-01  5.636e-01  5.811e-01  5.954e-01  6.079e-01  6.194e-01  6.302e-01  6.407e-01  6.509e-01  6.611e-01  6.710e-01  6.808e-01  6.904e-01  6.998e-01  7.089e-01  7.177e-01  7.263e-01  7.346e-01  7.426e-01  7.503e-01  7.576e-01  7.647e-01  7.715e-01  7.780e-01  7.843e-01  7.902e-01  7.959e-01  8.014e-01  8.066e-01  8.116e-01  8.164e-01  8.210e-01  8.253e-01  8.295e-01  8.334e-01  8.372e-01  8.407e-01  8.439e-01  8.469e-01  8.495e-01  8.517e-01 	
 4.189e-02  1.042e-01  1.839e-01  2.726e-01  3.586e-01  4.325e-01  4.901e-01  5.322e-01  5.621e-01  5.837e-01  6.001e-01  6.135e-01  6.254e-01  6.366e-01  6.474e-01  6.581e-01  6.687e-01  6.792e-01  6.895e-01  6.996e-01  7.095e-01  7.190e-01  7.283e-01  7.373e-01  7.459e-01  7.541e-01  7.620e-01  7.696e-01  7.768e-01  7.837e-01  7.903e-01  7.966e-01  8.026e-01  8.083e-01  8.137e-01  8.189e-01  8.238e-01  8.285e-01  8.329e-01  8.372e-01  8.412e-01  8.451e-01  8.487e-01  8.522e-01  8.555e-01  8.585e-01  8.614e-01  8.640e-01  8.662e-01  8.682e-01 	
 5.602e-02  1.379e-01  2.385e-01  3.419e-01  4.325e-01  5.018e-01  5.500e-01  5.821e-01  6.037e-01  6.194e-01  6.322e-01  6.437e-01  6.548e-01  6.657e-01  6.766e-01  6.874e-01  6.981e-01  7.087e-01  7.189e-01  7.289e-01  7.385e-01  7.478e-01  7.566e-01  7.651e-01  7.732e-01  7.809e-01  7.882e-01  7.952e-01  8.018e-01  8.081e-01  8.140e-01  8.197e-01  8.250e-01  8.301e-01  8.349e-01  8.395e-01  8.438e-01  8.480e-01  8.519e-01  8.556e-01  8.591e-01  8.625e-01  8.656e-01  8.686e-01  8.714e-01  8.741e-01  8.765e-01  8.787e-01  8.807e-01  8.823e-01 	
 7.440e-02  1.796e-01  3.012e-01  4.148e-01  5.032e-01  5.631e-01  6.004e-01  6.236e-01  6.395e-01  6.520e-01  6.633e-01  6.743e-01  6.852e-01  6.962e-01  7.071e-01  7.178e-01  7.283e-01  7.385e-01  7.484e-01  7.578e-01  7.668e-01  7.754e-01  7.836e-01  7.913e-01  7.987e-01  8.056e-01  8.122e-01  8.185e-01  8.243e-01  8.299e-01  8.352e-01  8.401e-01  8.448e-01  8.493e-01  8.535e-01  8.575e-01  8.612e-01  8.648e-01  8.681e-01  8.713e-01  8.743e-01  8.772e-01  8.799e-01  8.825e-01  8.849e-01  8.871e-01  8.891e-01  8.910e-01  8.926e-01  8.940e-01 	
 9.783e-02  2.290e-01  3.688e-01  4.858e-01  5.662e-01  6.145e-01  6.422e-01  6.594e-01  6.721e-01  6.832e-01  6.940e-01  7.048e-01  7.157e-01  7.264e-01  7.370e-01  7.473e-01  7.572e-01  7.668e-01  7.759e-01  7.846e-01  7.928e-01  8.006e-01  8.079e-01  8.149e-01  8.214e-01  8.276e-01  8.334e-01  8.389e-01  8.441e-01  8.489e-01  8.535e-01  8.578e-01  8.619e-01  8.657e-01  8.694e-01  8.728e-01  8.760e-01  8.790e-01  8.819e-01  8.846e-01  8.872e-01  8.896e-01  8.919e-01  8.940e-01  8.960e-01  8.979e-01  8.996e-01  9.012e-01  9.025e-01  9.037e-01 	
 1.270e-01  2.849e-01  4.373e-01  5.506e-01  6.196e-01  6.571e-01  6.779e-01  6.916e-01  7.027e-01  7.132e-01  7.237e-01  7.342e-01  7.446e-01  7.548e-01  7.647e-01  7.743e-01  7.834e-01  7.921e-01  8.003e-01  8.082e-01  8.155e-01  8.225e-01  8.290e-01  8.352e-01  8.409e-01  8.464e-01  8.515e-01  8.563e-01  8.608e-01  8.650e-01  8.690e-01  8.727e-01  8.762e-01  8.795e-01  8.826e-01  8.855e-01  8.882e-01  8.908e-01  8.933e-01  8.955e-01  8.977e-01  8.997e-01  9.017e-01  9.035e-01  9.051e-01  9.067e-01  9.081e-01  9.094e-01  9.105e-01  9.115e-01 	
 1.622e-01  3.450e-01  5.029e-01  6.071e-01  6.640e-01  6.930e-01  7.093e-01  7.210e-01  7.313e-01  7.413e-01  7.513e-01  7.612e-01  7.709e-01  7.804e-01  7.895e-01  7.982e-01  8.064e-01  8.143e-01  8.217e-01  8.286e-01  8.352e-01  8.414e-01  8.471e-01  8.526e-01  8.576e-01  8.624e-01  8.668e-01  8.710e-01  8.749e-01  8.785e-01  8.819e-01  8.851e-01  8.881e-01  8.909e-01  8.936e-01  8.960e-01  8.984e-01  9.005e-01  9.026e-01  9.045e-01  9.063e-01  9.080e-01  9.096e-01  9.111e-01  9.125e-01  9.138e-01  9.150e-01  9.161e-01  9.170e-01  9.177e-01 	
 2.036e-01  4.071e-01  5.631e-01  6.550e-01  7.010e-01  7.237e-01  7.372e-01  7.476e-01  7.573e-01  7.667e-01  7.761e-01  7.853e-01  7.943e-01  8.029e-01  8.112e-01  8.191e-01  8.265e-01  8.335e-01  8.401e-01  8.463e-01  8.522e-01  8.576e-01  8.627e-01  8.674e-01  8.718e-01  8.760e-01  8.798e-01  8.834e-01  8.868e-01  8.899e-01  8.928e-01  8.956e-01  8.981e-01  9.005e-01  9.027e-01  9.048e-01  9.067e-01  9.086e-01  9.103e-01  9.119e-01  9.134e-01  9.148e-01  9.161e-01  9.174e-01  9.185e-01  9.196e-01  9.206e-01  9.214e-01  9.222e-01  9.227e-01 	
 2.508e-01  4.685e-01  6.165e-01  6.956e-01  7.329e-01  7.514e-01  7.630e-01  7.726e-01  7.815e-01  7.903e-01  7.989e-01  8.073e-01  8.154e-01  8.232e-01  8.307e-01  8.377e-01  8.443e-01  8.506e-01  8.564e-01  8.619e-01  8.670e-01  8.718e-01  8.762e-01  8.803e-01  8.841e-01  8.877e-01  8.910e-01  8.941e-01  8.969e-01  8.996e-01  9.020e-01  9.043e-01  9.065e-01  9.085e-01  9.103e-01  9.121e-01  9.137e-01  9.152e-01  9.166e-01  9.179e-01  9.192e-01  9.204e-01  9.214e-01  9.225e-01  9.234e-01  9.243e-01  9.251e-01  9.258e-01  9.263e-01  9.268e-01 	
 3.028e-01  5.269e-01  6.630e-01  7.308e-01  7.621e-01  7.781e-01  7.885e-01  7.971e-01  8.052e-01  8.130e-01  8.207e-01  8.281e-01  8.353e-01  8.422e-01  8.487e-01  8.549e-01  8.607e-01  8.661e-01  8.712e-01  8.759e-01  8.803e-01  8.844e-01  8.882e-01  8.917e-01  8.949e-01  8.979e-01  9.007e-01  9.033e-01  9.056e-01  9.079e-01  9.099e-01  9.118e-01  9.136e-01  9.152e-01  9.168e-01  9.182e-01  9.195e-01  9.207e-01  9.219e-01  9.230e-01  9.240e-01  9.250e-01  9.258e-01  9.267e-01  9.274e-01  9.281e-01  9.288e-01  9.293e-01  9.297e-01  9.300e-01 	
 3.577e-01  5.798e-01  7.028e-01  7.621e-01  7.898e-01  8.043e-01  8.137e-01  8.213e-01  8.283e-01  8.350e-01  8.415e-01  8.479e-01  8.540e-01  8.599e-01  8.654e-01  8.707e-01  8.756e-01  8.802e-01  8.845e-01  8.885e-01  8.922e-01  8.956e-01  8.987e-01  9.016e-01  9.043e-01  9.068e-01  9.091e-01  9.112e-01  9.132e-01  9.150e-01  9.166e-01  9.182e-01  9.196e-01  9.209e-01  9.222e-01  9.233e-01  9.244e-01  9.254e-01  9.263e-01  9.272e-01  9.280e-01  9.288e-01  9.295e-01  9.301e-01  9.307e-01  9.313e-01  9.318e-01  9.322e-01  9.325e-01  9.327e-01 	
 4.131e-01  6.263e-01  7.367e-01  7.900e-01  8.155e-01  8.288e-01  8.372e-01  8.436e-01  8.494e-01  8.549e-01  8.603e-01  8.656e-01  8.707e-01  8.755e-01  8.802e-01  8.845e-01  8.886e-01  8.925e-01  8.960e-01  8.993e-01  9.023e-01  9.051e-01  9.077e-01  9.101e-01  9.123e-01  9.143e-01  9.161e-01  9.178e-01  9.194e-01  9.208e-01  9.222e-01  9.234e-01  9.246e-01  9.256e-01  9.266e-01  9.275e-01  9.284e-01  9.291e-01  9.299e-01  9.306e-01  9.312e-01  9.318e-01  9.324e-01  9.329e-01  9.334e-01  9.338e-01  9.342e-01  9.345e-01  9.347e-01  9.347e-01 	
 4.670e-01  6.659e-01  7.649e-01  8.138e-01  8.377e-01  8.500e-01  8.573e-01  8.628e-01  8.675e-01  8.720e-01  8.764e-01  8.807e-01  8.848e-01  8.889e-01  8.927e-01  8.963e-01  8.996e-01  9.028e-01  9.057e-01  9.083e-01  9.108e-01  9.131e-01  9.152e-01  9.171e-01  9.188e-01  9.204e-01  9.219e-01  9.232e-01  9.245e-01  9.256e-01  9.267e-01  9.277e-01  9.286e-01  9.294e-01  9.302e-01  9.309e-01  9.315e-01  9.322e-01  9.327e-01  9.333e-01  9.338e-01  9.343e-01  9.347e-01  9.351e-01  9.355e-01  9.358e-01  9.361e-01  9.363e-01  9.364e-01  9.363e-01 	
 5.173e-01  6.989e-01  7.879e-01  8.332e-01  8.558e-01  8.673e-01  8.740e-01  8.786e-01  8.826e-01  8.863e-01  8.899e-01  8.934e-01  8.968e-01  9.001e-01  9.033e-01  9.062e-01  9.089e-01  9.114e-01  9.138e-01  9.159e-01  9.179e-01  9.197e-01  9.213e-01  9.228e-01  9.242e-01  9.254e-01  9.266e-01  9.276e-01  9.286e-01  9.295e-01  9.303e-01  9.311e-01  9.318e-01  9.324e-01  9.330e-01  9.336e-01  9.341e-01  9.346e-01  9.350e-01  9.354e-01  9.358e-01  9.362e-01  9.366e-01  9.369e-01  9.372e-01  9.374e-01  9.376e-01  9.377e-01  9.377e-01  9.375e-01 	
 5.629e-01  7.260e-01  8.060e-01  8.485e-01  8.701e-01  8.812e-01  8.874e-01  8.916e-01  8.950e-01  8.982e-01  9.012e-01  9.041e-01  9.069e-01  9.096e-01  9.121e-01  9.144e-01  9.166e-01  9.186e-01  9.204e-01  9.221e-01  9.237e-01  9.250e-01  9.263e-01  9.275e-01  9.285e-01  9.295e-01  9.304e-01  9.312e-01  9.319e-01  9.326e-01  9.332e-01  9.338e-01  9.343e-01  9.348e-01  9.353e-01  9.357e-01  9.361e-01  9.365e-01  9.368e-01  9.371e-01  9.374e-01  9.377e-01  9.380e-01  9.383e-01  9.385e-01  9.386e-01  9.387e-01  9.388e-01  9.387e-01  9.384e-01 	
 6.033e-01  7.481e-01  8.202e-01  8.604e-01  8.814e-01  8.924e-01  8.984e-01  9.024e-01  9.055e-01  9.082e-01  9.107e-01  9.131e-01  9.154e-01  9.175e-01  9.195e-01  9.213e-01  9.230e-01  9.246e-01  9.260e-01  9.272e-01  9.284e-01  9.294e-01  9.304e-01  9.313e-01  9.321e-01  9.328e-01  9.334e-01  9.340e-01  9.346e-01  9.351e-01  9.355e-01  9.360e-01  9.364e-01  9.367e-01  9.371e-01  9.374e-01  9.377e-01  9.380e-01  9.382e-01  9.385e-01  9.387e-01  9.389e-01  9.392e-01  9.393e-01  9.395e-01  9.396e-01  9.397e-01  9.396e-01  9.394e-01  9.390e-01 	
 6.384e-01  7.662e-01  8.316e-01  8.698e-01  8.906e-01  9.015e-01  9.076e-01  9.115e-01  9.143e-01  9.167e-01  9.188e-01  9.207e-01  9.225e-01  9.241e-01  9.257e-01  9.270e-01  9.283e-01  9.294e-01  9.305e-01  9.314e-01  9.322e-01  9.330e-01  9.337e-01  9.343e-01  9.349e-01  9.354e-01  9.359e-01  9.363e-01  9.367e-01  9.370e-01  9.374e-01  9.377e-01  9.380e-01  9.382e-01  9.385e-01  9.387e-01  9.389e-01  9.391e-01  9.393e-01  9.395e-01  9.397e-01  9.399e-01  9.401e-01  9.402e-01  9.403e-01  9.404e-01  9.404e-01  9.402e-01  9.399e-01  9.394e-01 	
 6.683e-01  7.813e-01  8.410e-01  8.776e-01  8.981e-01  9.091e-01  9.153e-01  9.191e-01  9.217e-01  9.238e-01  9.255e-01  9.270e-01  9.284e-01  9.296e-01  9.307e-01  9.317e-01  9.326e-01  9.334e-01  9.341e-01  9.347e-01  9.353e-01  9.358e-01  9.363e-01  9.367e-01  9.371e-01  9.374e-01  9.378e-01  9.381e-01  9.383e-01  9.386e-01  9.388e-01  9.390e-01  9.392e-01  9.394e-01  9.396e-01  9.397e-01  9.399e-01  9.401e-01  9.402e-01  9.404e-01  9.405e-01  9.407e-01  9.408e-01  9.409e-01  9.410e-01  9.410e-01  9.409e-01  9.407e-01  9.403e-01  9.395e-01 	
 6.934e-01  7.944e-01  8.497e-01  8.848e-01  9.049e-01  9.158e-01  9.219e-01  9.255e-01  9.279e-01  9.296e-01  9.310e-01  9.321e-01  9.331e-01  9.340e-01  9.347e-01  9.354e-01  9.360e-01  9.365e-01  9.369e-01  9.373e-01  9.377e-01  9.380e-01  9.383e-01  9.386e-01  9.388e-01  9.391e-01  9.393e-01  9.394e-01  9.396e-01  9.398e-01  9.399e-01  9.401e-01  9.402e-01  9.403e-01  9.404e-01  9.406e-01  9.407e-01  9.408e-01  9.409e-01  9.411e-01  9.412e-01  9.413e-01  9.414e-01  9.415e-01  9.416e-01  9.415e-01  9.414e-01  9.410e-01  9.404e-01  9.394e-01 	
 7.134e-01  8.055e-01  8.584e-01  8.926e-01  9.121e-01  9.227e-01  9.285e-01  9.317e-01  9.337e-01  9.350e-01  9.359e-01  9.367e-01  9.372e-01  9.377e-01  9.381e-01  9.385e-01  9.388e-01  9.390e-01  9.393e-01  9.395e-01  9.397e-01  9.398e-01  9.400e-01  9.401e-01  9.402e-01  9.403e-01  9.405e-01  9.405e-01  9.406e-01  9.407e-01  9.408e-01  9.409e-01  9.410e-01  9.411e-01  9.411e-01  9.412e-01  9.413e-01  9.414e-01  9.415e-01  9.417e-01  9.418e-01  9.419e-01  9.420e-01  9.421e-01  9.421e-01  9.420e-01  9.418e-01  9.413e-01  9.404e-01  9.389e-01 	
 7.263e-01  8.124e-01  8.660e-01  9.010e-01  9.210e-01  9.316e-01  9.371e-01  9.399e-01  9.413e-01  9.420e-01  9.423e-01  9.425e-01  9.425e-01  9.425e-01  9.424e-01  9.423e-01  9.423e-01  9.422e-01  9.421e-01  9.421e-01  9.420e-01  9.420e-01  9.419e-01  9.419e-01  9.419e-01  9.419e-01  9.418e-01  9.418e-01  9.418e-01  9.418e-01  9.418e-01  9.418e-01  9.419e-01  9.419e-01  9.419e-01  9.420e-01  9.421e-01  9.421e-01  9.422e-01  9.424e-01  9.425e-01  9.427e-01  9.428e-01  9.429e-01  9.429e-01  9.427e-01  9.423e-01  9.415e-01  9.401e-01  9.379e-01 	
 7.248e-01  8.061e-01  8.633e-01  9.027e-01  9.261e-01  9.391e-01  9.461e-01  9.498e-01  9.516e-01  9.524e-01  9.527e-01  9.526e-01  9.523e-01  9.519e-01  9.514e-01  9.510e-01  9.505e-01  9.500e-01  9.496e-01  9.492e-01  9.488e-01  9.484e-01  9.480e-01  9.477e-01  9.474e-01  9.471e-01  9.468e-01  9.466e-01  9.464e-01  9.461e-01  9.459e-01  9.458e-01  9.456e-01  9.455e-01  9.454e-01  9.453e-01  9.453e-01  9.453e-01  9.453e-01  9.454e-01  9.455e-01  9.457e-01  9.458e-01  9.458e-01  9.456e-01  9.452e-01  9.443e-01  9.427e-01  9.402e-01  9.362e-01 	
 6.890e-01  7.613e-01  8.195e-01  8.638e-01  8.934e-01  9.125e-01  9.251e-01  9.336e-01  9.395e-01  9.438e-01  9.470e-01  9.494e-01  9.513e-01  9.528e-01  9.539e-01  9.549e-01  9.556e-01  9.562e-01  9.567e-01  9.571e-01  9.574e-01  9.577e-01  9.579e-01  9.580e-01  9.581e-01  9.582e-01  9.583e-01  9.583e-01  9.583e-01  9.584e-01  9.583e-01  9.583e-01  9.583e-01  9.583e-01  9.583e-01  9.584e-01  9.584e-01  9.585e-01  9.586e-01  9.587e-01  9.588e-01  9.588e-01  9.585e-01  9.579e-01  9.567e-01  9.546e-01  9.514e-01  9.465e-01  9.393e-01  9.291e-01 	
 5.636e-01  6.150e-01  6.577e-01  6.919e-01  7.163e-01  7.338e-01  7.468e-01  7.572e-01  7.657e-01  7.731e-01  7.795e-01  7.854e-01  7.907e-01  7.956e-01  8.001e-01  8.043e-01  8.083e-01  8.120e-01  8.155e-01  8.188e-01  8.219e-01  8.249e-01  8.277e-01  8.304e-01  8.330e-01  8.354e-01  8.378e-01  8.400e-01  8.422e-01  8.442e-01  8.462e-01  8.482e-01  8.500e-01  8.518e-01  8.535e-01  8.552e-01  8.569e-01  8.585e-01  8.600e-01  8.615e-01  8.629e-01  8.641e-01  8.649e-01  8.652e-01  8.646e-01  8.623e-01  8.574e-01  8.483e-01  8.326e-01  8.070e-01 	
 1.923e-01  2.035e-01  2.065e-01  2.057e-01  2.016e-01  1.957e-01  1.890e-01  1.823e-01  1.756e-01  1.693e-01  1.634e-01  1.578e-01  1.525e-01  1.476e-01  1.430e-01  1.387e-01  1.346e-01  1.308e-01  1.272e-01  1.238e-01  1.206e-01  1.175e-01  1.146e-01  1.119e-01  1.093e-01  1.068e-01  1.044e-01  1.022e-01  1.000e-01  9.795e-02  9.598e-02  9.409e-02  9.227e-02  9.052e-02  8.884e-02  8.720e-02  8.562e-02  8.408e-02  8.260e-02  8.120e-02  7.991e-02  7.881e-02  7.804e-02  7.785e-02  7.863e-02  8.101e-02  8.601e-02  9.517e-02  1.108e-01  1.365e-01 	
 5.990e-02  5.371e-02  4.271e-02  3.257e-02  2.362e-02  1.615e-02  1.007e-02  5.171e-03  1.212e-03 -1.999e-03 -4.616e-03 -6.760e-03 -8.526e-03 -9.985e-03 -1.119e-02 -1.220e-02 -1.303e-02 -1.372e-02 -1.429e-02 -1.476e-02 -1.515e-02 -1.546e-02 -1.572e-02 -1.592e-02 -1.607e-02 -1.618e-02 -1.626e-02 -1.631e-02 -1.634e-02 -1.635e-02 -1.634e-02 -1.632e-02 -1.629e-02 -1.627e-02 -1.625e-02 -1.625e-02 -1.626e-02 -1.630e-02 -1.635e-02 -1.640e-02 -1.641e-02 -1.630e-02 -1.598e-02 -1.529e-02 -1.403e-02 -1.191e-02 -8.585e-03 -3.617e-03  3.563e-03  1.373e-02 	
 9.936e-03  1.370e-04 -7.314e-03 -1.097e-02 -1.276e-02 -1.348e-02 -1.359e-02 -1.335e-02 -1.291e-02 -1.236e-02 -1.177e-02 -1.117e-02 -1.057e-02 -9.982e-03 -9.421e-03 -8.887e-03 -8.382e-03 -7.904e-03 -7.455e-03 -7.031e-03 -6.633e-03 -6.259e-03 -5.907e-03 -5.575e-03 -5.263e-03 -4.969e-03 -4.691e-03 -4.429e-03 -4.182e-03 -3.950e-03 -3.733e-03 -3.531e-03 -3.346e-03 -3.182e-03 -3.040e-03 -2.926e-03 -2.843e-03 -2.796e-03 -2.787e-03 -2.813e-03 -2.866e-03 -2.927e-03 -2.962e-03 -2.917e-03 -2.710e-03 -2.229e-03 -1.317e-03  2.359e-04  2.713e-03  6.502e-03 	
-1.766e-02 -2.707e-02 -2.788e-02 -2.512e-02 -2.189e-02 -1.894e-02 -1.642e-02 -1.432e-02 -1.258e-02 -1.113e-02 -9.920e-03 -8.904e-03 -8.044e-03 -7.311e-03 -6.681e-03 -6.137e-03 -5.663e-03 -5.247e-03 -4.880e-03 -4.554e-03 -4.262e-03 -4.000e-03 -3.763e-03 -3.548e-03 -3.351e-03 -3.170e-03 -3.002e-03 -2.847e-03 -2.702e-03 -2.567e-03 -2.441e-03 -2.323e-03 -2.213e-03 -2.112e-03 -2.021e-03 -1.941e-03 -1.873e-03 -1.818e-03 -1.776e-03 -1.746e-03 -1.724e-03 -1.703e-03 -1.667e-03 -1.596e-03 -1.454e-03 -1.194e-03 -7.490e-04 -2.833e-05  1.094e-03  2.791e-03 	
