 2.253e-02  2.528e-02  3.074e-02  3.401e-02  3.392e-02  3.178e-02  2.884e-02  2.581e-02  2.299e-02  2.051e-02  1.838e-02  1.659e-02  1.511e-02  1.393e-02  1.302e-02  1.236e-02  1.193e-02  1.173e-02  1.174e-02  1.196e-02  1.238e-02  1.301e-02  1.385e-02  1.490e-02  1.617e-02  1.766e-02  1.937e-02  2.132e-02  2.351e-02  2.595e-02  2.863e-02  3.158e-02  3.478e-02  3.824e-02  4.197e-02  4.597e-02  5.024e-02  5.478e-02  5.960e-02  6.468e-02  7.002e-02  7.563e-02  8.147e-02  8.755e-02  9.382e-02  1.003e-01  1.068e-01  1.133e-01  1.197e-01  1.259e-01 	
 2.548e-02  2.871e-02  3.546e-02  3.960e-02  3.959e-02  3.706e-02  3.357e-02  3.001e-02  2.672e-02  2.386e-02  2.143e-02  1.943e-02  1.784e-02  1.662e-02  1.575e-02  1.521e-02  1.499e-02  1.507e-02  1.545e-02  1.614e-02  1.712e-02  1.841e-02  2.001e-02  2.194e-02  2.419e-02  2.678e-02  2.972e-02  3.301e-02  3.667e-02  4.070e-02  4.510e-02  4.989e-02  5.506e-02  6.062e-02  6.658e-02  7.294e-02  7.969e-02  8.684e-02  9.439e-02  1.023e-01  1.107e-01  1.193e-01  1.284e-01  1.377e-01  1.473e-01  1.571e-01  1.669e-01  1.766e-01  1.858e-01  1.943e-01 	
 2.916e-02  3.293e-02  4.087e-02  4.575e-02  4.575e-02  4.282e-02  3.882e-02  3.475e-02  3.105e-02  2.787e-02  2.524e-02  2.315e-02  2.157e-02  2.049e-02  1.988e-02  1.971e-02  1.999e-02  2.069e-02  2.184e-02  2.342e-02  2.546e-02  2.795e-02  3.092e-02  3.437e-02  3.831e-02  4.276e-02  4.773e-02  5.322e-02  5.924e-02  6.580e-02  7.290e-02  8.055e-02  8.876e-02  9.751e-02  1.068e-01  1.167e-01  1.271e-01  1.380e-01  1.495e-01  1.615e-01  1.741e-01  1.871e-01  2.005e-01  2.144e-01  2.285e-01  2.428e-01  2.570e-01  2.708e-01  2.839e-01  2.957e-01 	
 3.351e-02  3.791e-02  4.710e-02  5.274e-02  5.276e-02  4.942e-02  4.488e-02  4.030e-02  3.620e-02  3.275e-02  3.001e-02  2.797e-02  2.660e-02  2.590e-02  2.582e-02  2.638e-02  2.756e-02  2.937e-02  3.181e-02  3.491e-02  3.867e-02  4.311e-02  4.825e-02  5.410e-02  6.067e-02  6.798e-02  7.602e-02  8.482e-02  9.436e-02  1.047e-01  1.157e-01  1.275e-01  1.400e-01  1.533e-01  1.674e-01  1.821e-01  1.976e-01  2.137e-01  2.306e-01  2.481e-01  2.662e-01  2.850e-01  3.042e-01  3.239e-01  3.438e-01  3.639e-01  3.837e-01  4.029e-01  4.208e-01  4.366e-01 	
 3.856e-02  4.368e-02  5.430e-02  6.082e-02  6.087e-02  5.709e-02  5.199e-02  4.691e-02  4.246e-02  3.886e-02  3.618e-02  3.443e-02  3.360e-02  3.366e-02  3.461e-02  3.644e-02  3.918e-02  4.282e-02  4.740e-02  5.293e-02  5.943e-02  6.692e-02  7.542e-02  8.492e-02  9.545e-02  1.070e-01  1.196e-01  1.332e-01  1.478e-01  1.634e-01  1.799e-01  1.975e-01  2.160e-01  2.355e-01  2.558e-01  2.770e-01  2.991e-01  3.220e-01  3.457e-01  3.702e-01  3.954e-01  4.212e-01  4.475e-01  4.743e-01  5.012e-01  5.281e-01  5.545e-01  5.798e-01  6.032e-01  6.236e-01 	
 4.439e-02  5.035e-02  6.263e-02  7.017e-02  7.030e-02  6.607e-02  6.041e-02  5.489e-02  5.023e-02  4.672e-02  4.443e-02  4.341e-02  4.363e-02  4.510e-02  4.782e-02  5.181e-02  5.710e-02  6.371e-02  7.166e-02  8.097e-02  9.166e-02  1.037e-01  1.172e-01  1.321e-01  1.483e-01  1.659e-01  1.848e-01  2.051e-01  2.266e-01  2.494e-01  2.733e-01  2.984e-01  3.247e-01  3.520e-01  3.803e-01  4.096e-01  4.398e-01  4.708e-01  5.027e-01  5.353e-01  5.687e-01  6.025e-01  6.369e-01  6.715e-01  7.061e-01  7.404e-01  7.738e-01  8.055e-01  8.346e-01  8.597e-01 	
 5.110e-02  5.806e-02  7.227e-02  8.103e-02  8.130e-02  7.666e-02  7.051e-02  6.473e-02  6.015e-02  5.713e-02  5.579e-02  5.618e-02  5.830e-02  6.218e-02  6.783e-02  7.531e-02  8.462e-02  9.581e-02  1.089e-01  1.238e-01  1.407e-01  1.594e-01  1.800e-01  2.023e-01  2.264e-01  2.521e-01  2.795e-01  3.085e-01  3.389e-01  3.708e-01  4.039e-01  4.383e-01  4.739e-01  5.105e-01  5.481e-01  5.867e-01  6.261e-01  6.662e-01  7.070e-01  7.485e-01  7.904e-01  8.327e-01  8.752e-01  9.178e-01  9.599e-01  1.001e+00  1.041e+00  1.079e+00  1.113e+00  1.142e+00 	
 5.883e-02  6.696e-02  8.345e-02  9.368e-02  9.421e-02  8.926e-02  8.283e-02  7.712e-02  7.314e-02  7.131e-02  7.181e-02  7.469e-02  8.000e-02  8.779e-02  9.809e-02  1.109e-01  1.263e-01  1.443e-01  1.648e-01  1.879e-01  2.133e-01  2.411e-01  2.712e-01  3.034e-01  3.376e-01  3.738e-01  4.117e-01  4.513e-01  4.925e-01  5.350e-01  5.788e-01  6.237e-01  6.696e-01  7.165e-01  7.640e-01  8.123e-01  8.611e-01  9.103e-01  9.599e-01  1.010e+00  1.060e+00  1.110e+00  1.159e+00  1.209e+00  1.257e+00  1.304e+00  1.349e+00  1.391e+00  1.429e+00  1.460e+00 	
 6.772e-02  7.726e-02  9.645e-02  1.085e-01  1.095e-01  1.044e-01  9.812e-02  9.310e-02  9.057e-02  9.104e-02  9.474e-02  1.018e-01  1.122e-01  1.260e-01  1.434e-01  1.641e-01  1.884e-01  2.159e-01  2.467e-01  2.806e-01  3.174e-01  3.569e-01  3.989e-01  4.433e-01  4.898e-01  5.383e-01  5.884e-01  6.400e-01  6.930e-01  7.471e-01  8.021e-01  8.578e-01  9.142e-01  9.709e-01  1.028e+00  1.085e+00  1.142e+00  1.199e+00  1.256e+00  1.313e+00  1.369e+00  1.424e+00  1.479e+00  1.532e+00  1.584e+00  1.634e+00  1.682e+00  1.725e+00  1.764e+00  1.795e+00 	
 7.794e-02  8.919e-02  1.116e-01  1.259e-01  1.277e-01  1.230e-01  1.175e-01  1.142e-01  1.144e-01  1.189e-01  1.278e-01  1.413e-01  1.595e-01  1.824e-01  2.098e-01  2.418e-01  2.780e-01  3.184e-01  3.625e-01  4.100e-01  4.608e-01  5.143e-01  5.704e-01  6.287e-01  6.888e-01  7.506e-01  8.135e-01  8.775e-01  9.422e-01  1.007e+00  1.073e+00  1.138e+00  1.204e+00  1.268e+00  1.333e+00  1.397e+00  1.459e+00  1.522e+00  1.582e+00  1.642e+00  1.701e+00  1.758e+00  1.814e+00  1.868e+00  1.920e+00  1.969e+00  2.015e+00  2.056e+00  2.093e+00  2.122e+00 	
 8.971e-02  1.031e-01  1.294e-01  1.465e-01  1.497e-01  1.462e-01  1.426e-01  1.425e-01  1.476e-01  1.584e-01  1.754e-01  1.987e-01  2.282e-01  2.637e-01  3.050e-01  3.517e-01  4.033e-01  4.595e-01  5.197e-01  5.833e-01  6.499e-01  7.190e-01  7.901e-01  8.628e-01  9.365e-01  1.011e+00  1.086e+00  1.161e+00  1.236e+00  1.310e+00  1.383e+00  1.455e+00  1.526e+00  1.596e+00  1.664e+00  1.730e+00  1.794e+00  1.857e+00  1.918e+00  1.976e+00  2.033e+00  2.087e+00  2.140e+00  2.189e+00  2.236e+00  2.280e+00  2.321e+00  2.357e+00  2.387e+00  2.411e+00 	
 1.032e-01  1.192e-01  1.504e-01  1.712e-01  1.766e-01  1.756e-01  1.757e-01  1.811e-01  1.937e-01  2.144e-01  2.433e-01  2.804e-01  3.253e-01  3.775e-01  4.364e-01  5.013e-01  5.713e-01  6.457e-01  7.237e-01  8.046e-01  8.876e-01  9.720e-01  1.057e+00  1.143e+00  1.228e+00  1.313e+00  1.397e+00  1.480e+00  1.560e+00  1.639e+00  1.716e+00  1.790e+00  1.862e+00  1.931e+00  1.997e+00  2.061e+00  2.122e+00  2.180e+00  2.235e+00  2.287e+00  2.337e+00  2.384e+00  2.428e+00  2.469e+00  2.507e+00  2.542e+00  2.574e+00  2.602e+00  2.625e+00  2.642e+00 	
 1.188e-01  1.382e-01  1.754e-01  2.010e-01  2.101e-01  2.133e-01  2.196e-01  2.338e-01  2.580e-01  2.928e-01  3.382e-01  3.937e-01  4.584e-01  5.312e-01  6.110e-01  6.965e-01  7.865e-01  8.800e-01  9.758e-01  1.073e+00  1.171e+00  1.268e+00  1.365e+00  1.459e+00  1.552e+00  1.643e+00  1.730e+00  1.815e+00  1.896e+00  1.974e+00  2.047e+00  2.118e+00  2.184e+00  2.247e+00  2.306e+00  2.361e+00  2.413e+00  2.461e+00  2.506e+00  2.548e+00  2.587e+00  2.622e+00  2.655e+00  2.684e+00  2.711e+00  2.735e+00  2.757e+00  2.775e+00  2.789e+00  2.800e+00 	
 1.367e-01  1.604e-01  2.053e-01  2.375e-01  2.523e-01  2.624e-01  2.784e-01  3.056e-01  3.461e-01  4.002e-01  4.671e-01  5.455e-01  6.337e-01  7.298e-01  8.321e-01  9.389e-01  1.048e+00  1.159e+00  1.270e+00  1.380e+00  1.488e+00  1.594e+00  1.695e+00  1.794e+00  1.887e+00  1.977e+00  2.061e+00  2.141e+00  2.215e+00  2.285e+00  2.350e+00  2.410e+00  2.465e+00  2.516e+00  2.563e+00  2.605e+00  2.644e+00  2.679e+00  2.711e+00  2.739e+00  2.764e+00  2.787e+00  2.806e+00  2.824e+00  2.839e+00  2.852e+00  2.862e+00  2.871e+00  2.878e+00  2.882e+00 	
 1.573e-01  1.868e-01  2.416e-01  2.827e-01  3.059e-01  3.265e-01  3.567e-01  4.021e-01  4.643e-01  5.427e-01  6.353e-01  7.398e-01  8.534e-01  9.734e-01  1.097e+00  1.223e+00  1.348e+00  1.472e+00  1.593e+00  1.709e+00  1.820e+00  1.926e+00  2.026e+00  2.119e+00  2.206e+00  2.286e+00  2.360e+00  2.428e+00  2.490e+00  2.545e+00  2.596e+00  2.641e+00  2.681e+00  2.717e+00  2.748e+00  2.776e+00  2.800e+00  2.820e+00  2.838e+00  2.852e+00  2.865e+00  2.874e+00  2.882e+00  2.889e+00  2.893e+00  2.896e+00  2.898e+00  2.899e+00  2.900e+00  2.899e+00 	
 1.810e-01  2.183e-01  2.858e-01  3.389e-01  3.741e-01  4.098e-01  4.593e-01  5.282e-01  6.170e-01  7.235e-01  8.443e-01  9.755e-01  1.113e+00  1.254e+00  1.395e+00  1.534e+00  1.668e+00  1.797e+00  1.919e+00  2.033e+00  2.138e+00  2.236e+00  2.324e+00  2.405e+00  2.477e+00  2.542e+00  2.600e+00  2.651e+00  2.695e+00  2.734e+00  2.767e+00  2.795e+00  2.819e+00  2.839e+00  2.855e+00  2.868e+00  2.878e+00  2.885e+00  2.890e+00  2.894e+00  2.895e+00  2.895e+00  2.894e+00  2.892e+00  2.888e+00  2.885e+00  2.881e+00  2.877e+00  2.873e+00  2.870e+00 	
 2.082e-01  2.561e-01  3.401e-01  4.090e-01  4.606e-01  5.165e-01  5.907e-01  6.878e-01  8.066e-01  9.428e-01  1.091e+00  1.246e+00  1.404e+00  1.559e+00  1.709e+00  1.852e+00  1.985e+00  2.109e+00  2.222e+00  2.323e+00  2.414e+00  2.495e+00  2.566e+00  2.628e+00  2.681e+00  2.726e+00  2.764e+00  2.796e+00  2.822e+00  2.842e+00  2.859e+00  2.871e+00  2.880e+00  2.886e+00  2.890e+00  2.891e+00  2.890e+00  2.888e+00  2.884e+00  2.879e+00  2.873e+00  2.867e+00  2.859e+00  2.852e+00  2.844e+00  2.836e+00  2.828e+00  2.822e+00  2.816e+00  2.811e+00 	
 2.395e-01  3.017e-01  4.068e-01  4.959e-01  5.690e-01  6.502e-01  7.537e-01  8.822e-01  1.032e+00  1.196e+00  1.367e+00  1.539e+00  1.707e+00  1.866e+00  2.014e+00  2.150e+00  2.271e+00  2.379e+00  2.474e+00  2.555e+00  2.625e+00  2.683e+00  2.732e+00  2.772e+00  2.804e+00  2.829e+00  2.848e+00  2.862e+00  2.872e+00  2.878e+00  2.881e+00  2.881e+00  2.879e+00  2.875e+00  2.869e+00  2.863e+00  2.855e+00  2.846e+00  2.837e+00  2.827e+00  2.818e+00  2.807e+00  2.797e+00  2.787e+00  2.777e+00  2.767e+00  2.758e+00  2.750e+00  2.744e+00  2.738e+00 	
 2.754e-01  3.568e-01  4.883e-01  6.026e-01  7.019e-01  8.128e-01  9.482e-01  1.108e+00  1.285e+00  1.470e+00  1.654e+00  1.832e+00  1.997e+00  2.148e+00  2.281e+00  2.398e+00  2.498e+00  2.582e+00  2.652e+00  2.708e+00  2.754e+00  2.789e+00  2.816e+00  2.835e+00  2.849e+00  2.857e+00  2.861e+00  2.862e+00  2.860e+00  2.855e+00  2.849e+00  2.841e+00  2.832e+00  2.822e+00  2.812e+00  2.801e+00  2.790e+00  2.778e+00  2.767e+00  2.755e+00  2.744e+00  2.733e+00  2.721e+00  2.711e+00  2.700e+00  2.691e+00  2.682e+00  2.674e+00  2.667e+00  2.662e+00 	
 3.164e-01  4.232e-01  5.870e-01  7.311e-01  8.607e-01  1.004e+00  1.170e+00  1.357e+00  1.552e+00  1.747e+00  1.932e+00  2.101e+00  2.250e+00  2.379e+00  2.488e+00  2.577e+00  2.649e+00  2.706e+00  2.749e+00  2.782e+00  2.805e+00  2.820e+00  2.829e+00  2.832e+00  2.832e+00  2.829e+00  2.823e+00  2.815e+00  2.805e+00  2.795e+00  2.784e+00  2.772e+00  2.760e+00  2.748e+00  2.736e+00  2.723e+00  2.711e+00  2.699e+00  2.688e+00  2.676e+00  2.665e+00  2.654e+00  2.644e+00  2.633e+00  2.624e+00  2.615e+00  2.606e+00  2.599e+00  2.593e+00  2.589e+00 	
 3.631e-01  5.028e-01  7.045e-01  8.821e-01  1.044e+00  1.218e+00  1.411e+00  1.614e+00  1.816e+00  2.006e+00  2.175e+00  2.321e+00  2.443e+00  2.542e+00  2.619e+00  2.679e+00  2.722e+00  2.753e+00  2.774e+00  2.786e+00  2.792e+00  2.793e+00  2.789e+00  2.783e+00  2.775e+00  2.764e+00  2.753e+00  2.741e+00  2.729e+00  2.717e+00  2.704e+00  2.691e+00  2.679e+00  2.667e+00  2.655e+00  2.643e+00  2.631e+00  2.620e+00  2.610e+00  2.599e+00  2.589e+00  2.579e+00  2.570e+00  2.561e+00  2.552e+00  2.544e+00  2.537e+00  2.530e+00  2.525e+00  2.521e+00 	
 4.159e-01  5.967e-01  8.411e-01  1.054e+00  1.247e+00  1.447e+00  1.657e+00  1.864e+00  2.056e+00  2.225e+00  2.366e+00  2.479e+00  2.567e+00  2.633e+00  2.680e+00  2.712e+00  2.732e+00  2.743e+00  2.747e+00  2.745e+00  2.740e+00  2.732e+00  2.722e+00  2.711e+00  2.699e+00  2.687e+00  2.674e+00  2.661e+00  2.648e+00  2.636e+00  2.624e+00  2.612e+00  2.600e+00  2.589e+00  2.578e+00  2.568e+00  2.558e+00  2.548e+00  2.538e+00  2.529e+00  2.520e+00  2.512e+00  2.504e+00  2.496e+00  2.489e+00  2.482e+00  2.475e+00  2.470e+00  2.465e+00  2.462e+00 	
 4.751e-01  7.057e-01  9.957e-01  1.243e+00  1.463e+00  1.679e+00  1.891e+00  2.086e+00  2.255e+00  2.391e+00  2.497e+00  2.575e+00  2.630e+00  2.667e+00  2.689e+00  2.700e+00  2.704e+00  2.702e+00  2.695e+00  2.687e+00  2.676e+00  2.664e+00  2.652e+00  2.639e+00  2.626e+00  2.613e+00  2.601e+00  2.589e+00  2.577e+00  2.566e+00  2.554e+00  2.544e+00  2.534e+00  2.524e+00  2.514e+00  2.505e+00  2.496e+00  2.487e+00  2.479e+00  2.471e+00  2.464e+00  2.456e+00  2.449e+00  2.442e+00  2.436e+00  2.430e+00  2.424e+00  2.420e+00  2.416e+00  2.413e+00 	
 5.406e-01  8.293e-01  1.165e+00  1.441e+00  1.679e+00  1.899e+00  2.099e+00  2.269e+00  2.404e+00  2.505e+00  2.576e+00  2.622e+00  2.651e+00  2.666e+00  2.671e+00  2.670e+00  2.664e+00  2.655e+00  2.644e+00  2.631e+00  2.619e+00  2.606e+00  2.593e+00  2.580e+00  2.567e+00  2.555e+00  2.543e+00  2.532e+00  2.521e+00  2.511e+00  2.501e+00  2.491e+00  2.482e+00  2.473e+00  2.464e+00  2.456e+00  2.448e+00  2.440e+00  2.432e+00  2.425e+00  2.418e+00  2.412e+00  2.405e+00  2.399e+00  2.394e+00  2.388e+00  2.383e+00  2.379e+00  2.375e+00  2.373e+00 	
 6.117e-01  9.646e-01  1.342e+00  1.639e+00  1.883e+00  2.093e+00  2.267e+00  2.404e+00  2.503e+00  2.570e+00  2.613e+00  2.636e+00  2.647e+00  2.649e+00  2.645e+00  2.636e+00  2.626e+00  2.614e+00  2.601e+00  2.587e+00  2.574e+00  2.561e+00  2.548e+00  2.535e+00  2.523e+00  2.511e+00  2.500e+00  2.489e+00  2.479e+00  2.469e+00  2.460e+00  2.450e+00  2.442e+00  2.433e+00  2.425e+00  2.417e+00  2.410e+00  2.403e+00  2.396e+00  2.389e+00  2.383e+00  2.376e+00  2.371e+00  2.365e+00  2.360e+00  2.354e+00  2.350e+00  2.346e+00  2.342e+00  2.339e+00 	
 6.873e-01  1.107e+00  1.519e+00  1.826e+00  2.061e+00  2.247e+00  2.389e+00  2.490e+00  2.556e+00  2.597e+00  2.618e+00  2.627e+00  2.626e+00  2.621e+00  2.611e+00  2.600e+00  2.587e+00  2.573e+00  2.560e+00  2.546e+00  2.533e+00  2.520e+00  2.507e+00  2.495e+00  2.483e+00  2.472e+00  2.461e+00  2.451e+00  2.441e+00  2.432e+00  2.423e+00  2.414e+00  2.406e+00  2.398e+00  2.390e+00  2.383e+00  2.376e+00  2.369e+00  2.362e+00  2.356e+00  2.350e+00  2.344e+00  2.339e+00  2.334e+00  2.329e+00  2.324e+00  2.320e+00  2.316e+00  2.312e+00  2.309e+00 	
 7.663e-01  1.253e+00  1.688e+00  1.992e+00  2.205e+00  2.358e+00  2.464e+00  2.531e+00  2.570e+00  2.590e+00  2.596e+00  2.595e+00  2.587e+00  2.577e+00  2.564e+00  2.551e+00  2.537e+00  2.523e+00  2.510e+00  2.496e+00  2.483e+00  2.471e+00  2.459e+00  2.448e+00  2.437e+00  2.426e+00  2.416e+00  2.407e+00  2.398e+00  2.389e+00  2.381e+00  2.373e+00  2.366e+00  2.359e+00  2.352e+00  2.345e+00  2.339e+00  2.333e+00  2.327e+00  2.321e+00  2.316e+00  2.311e+00  2.306e+00  2.301e+00  2.297e+00  2.292e+00  2.288e+00  2.285e+00  2.282e+00  2.279e+00 	
 8.479e-01  1.395e+00  1.841e+00  2.126e+00  2.309e+00  2.426e+00  2.497e+00  2.536e+00  2.555e+00  2.559e+00  2.555e+00  2.546e+00  2.535e+00  2.521e+00  2.507e+00  2.493e+00  2.479e+00  2.466e+00  2.453e+00  2.440e+00  2.428e+00  2.417e+00  2.406e+00  2.396e+00  2.386e+00  2.377e+00  2.369e+00  2.360e+00  2.352e+00  2.345e+00  2.338e+00  2.331e+00  2.325e+00  2.318e+00  2.312e+00  2.307e+00  2.301e+00  2.296e+00  2.291e+00  2.286e+00  2.282e+00  2.277e+00  2.273e+00  2.269e+00  2.265e+00  2.261e+00  2.258e+00  2.255e+00  2.252e+00  2.250e+00 	
 9.321e-01  1.529e+00  1.970e+00  2.227e+00  2.374e+00  2.457e+00  2.501e+00  2.520e+00  2.524e+00  2.520e+00  2.511e+00  2.499e+00  2.485e+00  2.472e+00  2.458e+00  2.444e+00  2.431e+00  2.419e+00  2.407e+00  2.395e+00  2.385e+00  2.375e+00  2.365e+00  2.356e+00  2.347e+00  2.339e+00  2.332e+00  2.324e+00  2.317e+00  2.311e+00  2.304e+00  2.298e+00  2.293e+00  2.287e+00  2.282e+00  2.277e+00  2.272e+00  2.267e+00  2.263e+00  2.258e+00  2.254e+00  2.250e+00  2.247e+00  2.243e+00  2.239e+00  2.236e+00  2.233e+00  2.230e+00  2.228e+00  2.226e+00 	
 1.019e+00  1.653e+00  2.075e+00  2.296e+00  2.407e+00  2.462e+00  2.486e+00  2.493e+00  2.490e+00  2.482e+00  2.471e+00  2.458e+00  2.445e+00  2.432e+00  2.420e+00  2.407e+00  2.395e+00  2.384e+00  2.373e+00  2.363e+00  2.353e+00  2.344e+00  2.335e+00  2.327e+00  2.319e+00  2.312e+00  2.305e+00  2.298e+00  2.291e+00  2.285e+00  2.279e+00  2.274e+00  2.269e+00  2.263e+00  2.259e+00  2.254e+00  2.249e+00  2.245e+00  2.241e+00  2.237e+00  2.233e+00  2.230e+00  2.226e+00  2.223e+00  2.219e+00  2.216e+00  2.213e+00  2.211e+00  2.209e+00  2.207e+00 	
 1.108e+00  1.762e+00  2.152e+00  2.335e+00  2.417e+00  2.451e+00  2.462e+00  2.461e+00  2.453e+00  2.443e+00  2.430e+00  2.418e+00  2.405e+00  2.392e+00  2.380e+00  2.368e+00  2.357e+00  2.347e+00  2.337e+00  2.327e+00  2.318e+00  2.310e+00  2.302e+00  2.294e+00  2.287e+00  2.280e+00  2.274e+00  2.268e+00  2.262e+00  2.257e+00  2.251e+00  2.246e+00  2.242e+00  2.237e+00  2.233e+00  2.229e+00  2.225e+00  2.221e+00  2.217e+00  2.214e+00  2.210e+00  2.207e+00  2.204e+00  2.201e+00  2.198e+00  2.195e+00  2.193e+00  2.190e+00  2.188e+00  2.187e+00 	
 1.199e+00  1.854e+00  2.205e+00  2.353e+00  2.411e+00  2.430e+00  2.433e+00  2.427e+00  2.417e+00  2.405e+00  2.393e+00  2.380e+00  2.368e+00  2.356e+00  2.345e+00  2.334e+00  2.324e+00  2.314e+00  2.305e+00  2.297e+00  2.288e+00  2.281e+00  2.274e+00  2.267e+00  2.261e+00  2.254e+00  2.249e+00  2.243e+00  2.238e+00  2.233e+00  2.228e+00  2.224e+00  2.220e+00  2.215e+00  2.212e+00  2.208e+00  2.204e+00  2.201e+00  2.197e+00  2.194e+00  2.191e+00  2.188e+00  2.185e+00  2.183e+00  2.180e+00  2.178e+00  2.175e+00  2.173e+00  2.171e+00  2.170e+00 	
 1.290e+00  1.930e+00  2.239e+00  2.356e+00  2.396e+00  2.406e+00  2.403e+00  2.395e+00  2.384e+00  2.372e+00  2.360e+00  2.348e+00  2.336e+00  2.325e+00  2.315e+00  2.305e+00  2.295e+00  2.287e+00  2.278e+00  2.270e+00  2.263e+00  2.256e+00  2.249e+00  2.243e+00  2.237e+00  2.232e+00  2.227e+00  2.222e+00  2.217e+00  2.212e+00  2.208e+00  2.204e+00  2.200e+00  2.196e+00  2.193e+00  2.189e+00  2.186e+00  2.183e+00  2.180e+00  2.177e+00  2.174e+00  2.171e+00  2.169e+00  2.166e+00  2.164e+00  2.162e+00  2.159e+00  2.158e+00  2.156e+00  2.154e+00 	
 1.378e+00  1.991e+00  2.258e+00  2.350e+00  2.377e+00  2.380e+00  2.374e+00  2.364e+00  2.352e+00  2.340e+00  2.328e+00  2.317e+00  2.306e+00  2.295e+00  2.286e+00  2.276e+00  2.268e+00  2.260e+00  2.252e+00  2.245e+00  2.238e+00  2.232e+00  2.226e+00  2.220e+00  2.215e+00  2.210e+00  2.205e+00  2.201e+00  2.196e+00  2.192e+00  2.188e+00  2.185e+00  2.181e+00  2.178e+00  2.174e+00  2.171e+00  2.168e+00  2.166e+00  2.163e+00  2.160e+00  2.158e+00  2.155e+00  2.153e+00  2.151e+00  2.149e+00  2.147e+00  2.145e+00  2.143e+00  2.141e+00  2.140e+00 	
 1.463e+00  2.039e+00  2.266e+00  2.338e+00  2.356e+00  2.355e+00  2.346e+00  2.335e+00  2.323e+00  2.311e+00  2.300e+00  2.289e+00  2.279e+00  2.269e+00  2.260e+00  2.251e+00  2.243e+00  2.236e+00  2.229e+00  2.222e+00  2.216e+00  2.210e+00  2.205e+00  2.200e+00  2.195e+00  2.190e+00  2.186e+00  2.182e+00  2.178e+00  2.174e+00  2.171e+00  2.167e+00  2.164e+00  2.161e+00  2.158e+00  2.156e+00  2.153e+00  2.150e+00  2.148e+00  2.145e+00  2.143e+00  2.141e+00  2.139e+00  2.137e+00  2.135e+00  2.133e+00  2.131e+00  2.130e+00  2.128e+00  2.127e+00 	
 1.547e+00  2.077e+00  2.269e+00  2.325e+00  2.335e+00  2.330e+00  2.320e+00  2.309e+00  2.297e+00  2.286e+00  2.275e+00  2.265e+00  2.255e+00  2.246e+00  2.238e+00  2.230e+00  2.223e+00  2.216e+00  2.210e+00  2.204e+00  2.198e+00  2.193e+00  2.188e+00  2.183e+00  2.179e+00  2.175e+00  2.171e+00  2.167e+00  2.163e+00  2.160e+00  2.157e+00  2.153e+00  2.151e+00  2.148e+00  2.145e+00  2.142e+00  2.140e+00  2.138e+00  2.135e+00  2.133e+00  2.131e+00  2.129e+00  2.127e+00  2.125e+00  2.123e+00  2.122e+00  2.120e+00  2.119e+00  2.117e+00  2.116e+00 	
 1.628e+00  2.108e+00  2.268e+00  2.309e+00  2.314e+00  2.307e+00  2.296e+00  2.284e+00  2.273e+00  2.262e+00  2.252e+00  2.242e+00  2.233e+00  2.225e+00  2.217e+00  2.210e+00  2.203e+00  2.197e+00  2.191e+00  2.186e+00  2.180e+00  2.176e+00  2.171e+00  2.167e+00  2.163e+00  2.159e+00  2.155e+00  2.152e+00  2.148e+00  2.145e+00  2.142e+00  2.140e+00  2.137e+00  2.134e+00  2.132e+00  2.130e+00  2.127e+00  2.125e+00  2.123e+00  2.121e+00  2.119e+00  2.117e+00  2.116e+00  2.114e+00  2.112e+00  2.111e+00  2.109e+00  2.108e+00  2.107e+00  2.105e+00 	
 1.707e+00  2.134e+00  2.264e+00  2.294e+00  2.294e+00  2.285e+00  2.273e+00  2.262e+00  2.251e+00  2.240e+00  2.230e+00  2.221e+00  2.213e+00  2.205e+00  2.198e+00  2.191e+00  2.185e+00  2.179e+00  2.174e+00  2.169e+00  2.164e+00  2.160e+00  2.155e+00  2.151e+00  2.148e+00  2.144e+00  2.141e+00  2.138e+00  2.135e+00  2.132e+00  2.129e+00  2.127e+00  2.124e+00  2.122e+00  2.120e+00  2.118e+00  2.116e+00  2.114e+00  2.112e+00  2.110e+00  2.108e+00  2.107e+00  2.105e+00  2.104e+00  2.102e+00  2.101e+00  2.099e+00  2.098e+00  2.097e+00  2.096e+00 	
 1.785e+00  2.156e+00  2.259e+00  2.279e+00  2.275e+00  2.265e+00  2.253e+00  2.241e+00  2.230e+00  2.220e+00  2.211e+00  2.202e+00  2.194e+00  2.187e+00  2.180e+00  2.174e+00  2.169e+00  2.163e+00  2.158e+00  2.154e+00  2.149e+00  2.145e+00  2.142e+00  2.138e+00  2.135e+00  2.131e+00  2.128e+00  2.126e+00  2.123e+00  2.120e+00  2.118e+00  2.116e+00  2.113e+00  2.111e+00  2.109e+00  2.107e+00  2.105e+00  2.104e+00  2.102e+00  2.100e+00  2.099e+00  2.097e+00  2.096e+00  2.094e+00  2.093e+00  2.092e+00  2.090e+00  2.089e+00  2.088e+00  2.087e+00 	
 1.860e+00  2.174e+00  2.253e+00  2.264e+00  2.257e+00  2.246e+00  2.233e+00  2.222e+00  2.211e+00  2.202e+00  2.193e+00  2.185e+00  2.178e+00  2.171e+00  2.165e+00  2.159e+00  2.154e+00  2.149e+00  2.144e+00  2.140e+00  2.136e+00  2.133e+00  2.129e+00  2.126e+00  2.123e+00  2.120e+00  2.117e+00  2.114e+00  2.112e+00  2.110e+00  2.107e+00  2.105e+00  2.103e+00  2.101e+00  2.099e+00  2.098e+00  2.096e+00  2.094e+00  2.093e+00  2.091e+00  2.090e+00  2.089e+00  2.087e+00  2.086e+00  2.085e+00  2.084e+00  2.082e+00  2.081e+00  2.080e+00  2.079e+00 	
 1.930e+00  2.188e+00  2.245e+00  2.250e+00  2.240e+00  2.228e+00  2.216e+00  2.204e+00  2.194e+00  2.185e+00  2.177e+00  2.169e+00  2.162e+00  2.156e+00  2.150e+00  2.145e+00  2.140e+00  2.136e+00  2.132e+00  2.128e+00  2.124e+00  2.121e+00  2.117e+00  2.114e+00  2.112e+00  2.109e+00  2.106e+00  2.104e+00  2.102e+00  2.100e+00  2.098e+00  2.096e+00  2.094e+00  2.092e+00  2.091e+00  2.089e+00  2.087e+00  2.086e+00  2.084e+00  2.083e+00  2.082e+00  2.081e+00  2.079e+00  2.078e+00  2.077e+00  2.076e+00  2.075e+00  2.074e+00  2.073e+00  2.072e+00 	
 1.992e+00  2.199e+00  2.237e+00  2.235e+00  2.223e+00  2.210e+00  2.198e+00  2.188e+00  2.178e+00  2.169e+00  2.162e+00  2.155e+00  2.148e+00  2.143e+00  2.137e+00  2.132e+00  2.128e+00  2.124e+00  2.120e+00  2.116e+00  2.113e+00  2.110e+00  2.107e+00  2.104e+00  2.102e+00  2.099e+00  2.097e+00  2.095e+00  2.093e+00  2.091e+00  2.089e+00  2.087e+00  2.086e+00  2.084e+00  2.082e+00  2.081e+00  2.080e+00  2.078e+00  2.077e+00  2.076e+00  2.075e+00  2.073e+00  2.072e+00  2.071e+00  2.070e+00  2.069e+00  2.068e+00  2.067e+00  2.066e+00  2.065e+00 	
 2.042e+00  2.204e+00  2.226e+00  2.219e+00  2.206e+00  2.193e+00  2.181e+00  2.171e+00  2.162e+00  2.154e+00  2.147e+00  2.141e+00  2.135e+00  2.130e+00  2.125e+00  2.120e+00  2.116e+00  2.113e+00  2.109e+00  2.106e+00  2.103e+00  2.100e+00  2.097e+00  2.095e+00  2.093e+00  2.090e+00  2.088e+00  2.086e+00  2.084e+00  2.083e+00  2.081e+00  2.079e+00  2.078e+00  2.076e+00  2.075e+00  2.074e+00  2.072e+00  2.071e+00  2.070e+00  2.069e+00  2.068e+00  2.067e+00  2.066e+00  2.065e+00  2.064e+00  2.063e+00  2.062e+00  2.061e+00  2.060e+00  2.059e+00 	
 2.080e+00  2.205e+00  2.214e+00  2.203e+00  2.189e+00  2.176e+00  2.165e+00  2.155e+00  2.147e+00  2.140e+00  2.134e+00  2.128e+00  2.123e+00  2.118e+00  2.113e+00  2.109e+00  2.106e+00  2.102e+00  2.099e+00  2.096e+00  2.094e+00  2.091e+00  2.089e+00  2.086e+00  2.084e+00  2.082e+00  2.080e+00  2.079e+00  2.077e+00  2.075e+00  2.074e+00  2.072e+00  2.071e+00  2.070e+00  2.068e+00  2.067e+00  2.066e+00  2.065e+00  2.064e+00  2.063e+00  2.062e+00  2.061e+00  2.060e+00  2.059e+00  2.058e+00  2.058e+00  2.057e+00  2.056e+00  2.055e+00  2.054e+00 	
 2.107e+00  2.202e+00  2.201e+00  2.187e+00  2.173e+00  2.160e+00  2.149e+00  2.141e+00  2.133e+00  2.126e+00  2.121e+00  2.116e+00  2.111e+00  2.107e+00  2.103e+00  2.099e+00  2.096e+00  2.093e+00  2.090e+00  2.087e+00  2.085e+00  2.083e+00  2.080e+00  2.078e+00  2.077e+00  2.075e+00  2.073e+00  2.071e+00  2.070e+00  2.068e+00  2.067e+00  2.066e+00  2.065e+00  2.063e+00  2.062e+00  2.061e+00  2.060e+00  2.059e+00  2.058e+00  2.057e+00  2.056e+00  2.056e+00  2.055e+00  2.054e+00  2.053e+00  2.052e+00  2.052e+00  2.051e+00  2.050e+00  2.049e+00 	
 2.126e+00  2.197e+00  2.188e+00  2.172e+00  2.157e+00  2.144e+00  2.135e+00  2.127e+00  2.120e+00  2.114e+00  2.109e+00  2.104e+00  2.100e+00  2.096e+00  2.093e+00  2.090e+00  2.087e+00  2.084e+00  2.082e+00  2.079e+00  2.077e+00  2.075e+00  2.073e+00  2.071e+00  2.070e+00  2.068e+00  2.066e+00  2.065e+00  2.064e+00  2.062e+00  2.061e+00  2.060e+00  2.059e+00  2.058e+00  2.057e+00  2.056e+00  2.055e+00  2.054e+00  2.053e+00  2.052e+00  2.051e+00  2.051e+00  2.050e+00  2.049e+00  2.048e+00  2.048e+00  2.047e+00  2.046e+00  2.045e+00  2.044e+00 	
 2.139e+00  2.190e+00  2.175e+00  2.157e+00  2.142e+00  2.130e+00  2.121e+00  2.114e+00  2.108e+00  2.102e+00  2.098e+00  2.094e+00  2.090e+00  2.087e+00  2.084e+00  2.081e+00  2.078e+00  2.076e+00  2.074e+00  2.072e+00  2.070e+00  2.068e+00  2.066e+00  2.065e+00  2.063e+00  2.062e+00  2.060e+00  2.059e+00  2.058e+00  2.056e+00  2.055e+00  2.054e+00  2.053e+00  2.052e+00  2.051e+00  2.050e+00  2.050e+00  2.049e+00  2.048e+00  2.047e+00  2.047e+00  2.046e+00  2.045e+00  2.045e+00  2.044e+00  2.043e+00  2.043e+00  2.042e+00  2.041e+00  2.040e+00 	
 2.144e+00  2.182e+00  2.163e+00  2.144e+00  2.128e+00  2.117e+00  2.108e+00  2.102e+00  2.097e+00  2.092e+00  2.088e+00  2.085e+00  2.081e+00  2.078e+00  2.076e+00  2.073e+00  2.071e+00  2.069e+00  2.067e+00  2.065e+00  2.063e+00  2.062e+00  2.060e+00  2.059e+00  2.057e+00  2.056e+00  2.055e+00  2.054e+00  2.052e+00  2.051e+00  2.050e+00  2.049e+00  2.049e+00  2.048e+00  2.047e+00  2.046e+00  2.045e+00  2.045e+00  2.044e+00  2.043e+00  2.043e+00  2.042e+00  2.041e+00  2.041e+00  2.040e+00  2.040e+00  2.039e+00  2.038e+00  2.037e+00  2.036e+00 	
 2.139e+00  2.170e+00  2.150e+00  2.130e+00  2.115e+00  2.105e+00  2.097e+00  2.091e+00  2.086e+00  2.083e+00  2.079e+00  2.076e+00  2.073e+00  2.071e+00  2.069e+00  2.066e+00  2.064e+00  2.063e+00  2.061e+00  2.059e+00  2.058e+00  2.056e+00  2.055e+00  2.053e+00  2.052e+00  2.051e+00  2.050e+00  2.049e+00  2.048e+00  2.047e+00  2.046e+00  2.045e+00  2.044e+00  2.044e+00  2.043e+00  2.042e+00  2.041e+00  2.041e+00  2.040e+00  2.040e+00  2.039e+00  2.039e+00  2.038e+00  2.038e+00  2.037e+00  2.036e+00  2.036e+00  2.035e+00  2.033e+00  2.032e+00 	
 2.113e+00  2.152e+00  2.134e+00  2.115e+00  2.101e+00  2.092e+00  2.085e+00  2.080e+00  2.076e+00  2.072e+00  2.069e+00  2.067e+00  2.064e+00  2.062e+00  2.060e+00  2.058e+00  2.057e+00  2.055e+00  2.054e+00  2.052e+00  2.051e+00  2.050e+00  2.048e+00  2.047e+00  2.046e+00  2.045e+00  2.044e+00  2.043e+00  2.042e+00  2.041e+00  2.041e+00  2.040e+00  2.039e+00  2.038e+00  2.038e+00  2.037e+00  2.036e+00  2.036e+00  2.035e+00  2.035e+00  2.034e+00  2.034e+00  2.033e+00  2.032e+00  2.032e+00  2.031e+00  2.030e+00  2.028e+00  2.026e+00  2.024e+00 	
