 1.533e-03  2.956e-04  1.986e-04  1.418e-04  1.108e-04  9.229e-05  8.038e-05  7.233e-05  6.671e-05  6.271e-05  5.983e-05  5.776e-05  5.629e-05  5.529e-05  5.464e-05  5.428e-05  5.416e-05  5.423e-05  5.447e-05  5.486e-05  5.538e-05  5.602e-05  5.676e-05  5.761e-05  5.856e-05  5.959e-05  6.071e-05  6.191e-05  6.315e-05  6.441e-05  6.564e-05  6.675e-05  6.764e-05  6.819e-05  6.824e-05  6.767e-05  6.640e-05  6.452e-05  6.245e-05  6.111e-05  6.234e-05  6.932e-05  8.728e-05  1.244e-04  1.930e-04  3.115e-04  5.067e-04  8.172e-04  1.299e-03  2.033e-03 	
 4.717e-04 -1.563e-04 -9.373e-05 -8.691e-05 -8.158e-05 -7.699e-05 -7.328e-05 -7.033e-05 -6.802e-05 -6.622e-05 -6.485e-05 -6.383e-05 -6.311e-05 -6.265e-05 -6.242e-05 -6.239e-05 -6.256e-05 -6.290e-05 -6.341e-05 -6.408e-05 -6.492e-05 -6.592e-05 -6.708e-05 -6.842e-05 -6.993e-05 -7.165e-05 -7.359e-05 -7.578e-05 -7.828e-05 -8.117e-05 -8.458e-05 -8.868e-05 -9.370e-05 -9.998e-05 -1.079e-04 -1.179e-04 -1.304e-04 -1.458e-04 -1.641e-04 -1.850e-04 -2.072e-04 -2.281e-04 -2.433e-04 -2.456e-04 -2.245e-04 -1.650e-04 -4.597e-05  1.610e-04  4.954e-04  1.012e-03 	
 1.211e-04 -2.680e-04 -1.359e-04 -1.060e-04 -8.811e-05 -7.585e-05 -6.709e-05 -6.058e-05 -5.558e-05 -5.166e-05 -4.853e-05 -4.600e-05 -4.392e-05 -4.222e-05 -4.082e-05 -3.967e-05 -3.874e-05 -3.800e-05 -3.742e-05 -3.699e-05 -3.670e-05 -3.655e-05 -3.652e-05 -3.661e-05 -3.682e-05 -3.716e-05 -3.763e-05 -3.825e-05 -3.905e-05 -4.011e-05 -4.150e-05 -4.337e-05 -4.594e-05 -4.947e-05 -5.433e-05 -6.092e-05 -6.970e-05 -8.103e-05 -9.511e-05 -1.117e-04 -1.300e-04 -1.480e-04 -1.620e-04 -1.661e-04 -1.514e-04 -1.050e-04 -8.640e-06  1.630e-04  4.449e-04  8.864e-04 	
 1.138e-05 -2.677e-04 -1.154e-04 -8.465e-05 -6.772e-05 -5.681e-05 -4.936e-05 -4.403e-05 -4.005e-05 -3.699e-05 -3.459e-05 -3.268e-05 -3.115e-05 -2.991e-05 -2.890e-05 -2.810e-05 -2.746e-05 -2.697e-05 -2.662e-05 -2.638e-05 -2.625e-05 -2.624e-05 -2.632e-05 -2.651e-05 -2.679e-05 -2.718e-05 -2.769e-05 -2.832e-05 -2.912e-05 -3.014e-05 -3.146e-05 -3.321e-05 -3.560e-05 -3.887e-05 -4.336e-05 -4.946e-05 -5.758e-05 -6.808e-05 -8.116e-05 -9.663e-05 -1.137e-04 -1.304e-04 -1.435e-04 -1.473e-04 -1.334e-04 -8.961e-05  1.531e-06  1.641e-04  4.316e-04  8.513e-04 	
-2.225e-05 -2.411e-04 -9.339e-05 -6.903e-05 -5.617e-05 -4.797e-05 -4.240e-05 -3.841e-05 -3.542e-05 -3.311e-05 -3.128e-05 -2.982e-05 -2.863e-05 -2.767e-05 -2.689e-05 -2.627e-05 -2.579e-05 -2.543e-05 -2.518e-05 -2.503e-05 -2.498e-05 -2.502e-05 -2.516e-05 -2.539e-05 -2.572e-05 -2.614e-05 -2.668e-05 -2.734e-05 -2.817e-05 -2.921e-05 -3.055e-05 -3.232e-05 -3.471e-05 -3.797e-05 -4.244e-05 -4.849e-05 -5.654e-05 -6.694e-05 -7.988e-05 -9.518e-05 -1.120e-04 -1.286e-04 -1.414e-04 -1.451e-04 -1.313e-04 -8.768e-05  2.913e-06  1.645e-04  4.305e-04  8.479e-04 	
-3.648e-05 -2.166e-04 -8.214e-05 -6.380e-05 -5.386e-05 -4.722e-05 -4.255e-05 -3.909e-05 -3.642e-05 -3.429e-05 -3.257e-05 -3.116e-05 -3.000e-05 -2.904e-05 -2.825e-05 -2.760e-05 -2.709e-05 -2.670e-05 -2.641e-05 -2.623e-05 -2.615e-05 -2.616e-05 -2.628e-05 -2.648e-05 -2.679e-05 -2.720e-05 -2.773e-05 -2.839e-05 -2.921e-05 -3.025e-05 -3.160e-05 -3.340e-05 -3.583e-05 -3.916e-05 -4.371e-05 -4.989e-05 -5.810e-05 -6.872e-05 -8.193e-05 -9.755e-05 -1.147e-04 -1.316e-04 -1.448e-04 -1.486e-04 -1.345e-04 -8.999e-05  2.538e-06  1.676e-04  4.395e-04  8.662e-04 	
-4.946e-05 -2.012e-04 -8.034e-05 -6.568e-05 -5.706e-05 -5.094e-05 -4.643e-05 -4.298e-05 -4.024e-05 -3.801e-05 -3.616e-05 -3.463e-05 -3.334e-05 -3.225e-05 -3.135e-05 -3.060e-05 -2.999e-05 -2.951e-05 -2.914e-05 -2.889e-05 -2.874e-05 -2.870e-05 -2.876e-05 -2.893e-05 -2.920e-05 -2.959e-05 -3.010e-05 -3.075e-05 -3.158e-05 -3.264e-05 -3.402e-05 -3.587e-05 -3.839e-05 -4.184e-05 -4.659e-05 -5.302e-05 -6.159e-05 -7.267e-05 -8.647e-05 -1.028e-04 -1.208e-04 -1.384e-04 -1.522e-04 -1.563e-04 -1.417e-04 -9.533e-05  1.132e-06  1.733e-04  4.570e-04  9.024e-04 	
-6.623e-05 -1.952e-04 -8.511e-05 -7.221e-05 -6.398e-05 -5.784e-05 -5.317e-05 -4.948e-05 -4.649e-05 -4.401e-05 -4.193e-05 -4.017e-05 -3.866e-05 -3.738e-05 -3.630e-05 -3.538e-05 -3.462e-05 -3.400e-05 -3.351e-05 -3.315e-05 -3.290e-05 -3.277e-05 -3.276e-05 -3.287e-05 -3.309e-05 -3.344e-05 -3.392e-05 -3.456e-05 -3.539e-05 -3.647e-05 -3.790e-05 -3.984e-05 -4.248e-05 -4.613e-05 -5.115e-05 -5.797e-05 -6.708e-05 -7.886e-05 -9.355e-05 -1.109e-04 -1.301e-04 -1.490e-04 -1.637e-04 -1.682e-04 -1.528e-04 -1.037e-04 -1.324e-06  1.816e-04  4.831e-04  9.566e-04 	
-8.796e-05 -1.975e-04 -9.493e-05 -8.269e-05 -7.451e-05 -6.819e-05 -6.324e-05 -5.921e-05 -5.586e-05 -5.302e-05 -5.059e-05 -4.849e-05 -4.668e-05 -4.511e-05 -4.375e-05 -4.259e-05 -4.160e-05 -4.077e-05 -4.009e-05 -3.955e-05 -3.915e-05 -3.889e-05 -3.876e-05 -3.877e-05 -3.891e-05 -3.919e-05 -3.962e-05 -4.023e-05 -4.105e-05 -4.215e-05 -4.364e-05 -4.567e-05 -4.848e-05 -5.238e-05 -5.778e-05 -6.515e-05 -7.499e-05 -8.775e-05 -1.037e-04 -1.225e-04 -1.434e-04 -1.639e-04 -1.800e-04 -1.850e-04 -1.686e-04 -1.157e-04 -5.146e-06  1.926e-04  5.186e-04  1.031e-03 	
-1.153e-04 -2.081e-04 -1.099e-04 -9.769e-05 -8.949e-05 -8.306e-05 -7.786e-05 -7.349e-05 -6.972e-05 -6.643e-05 -6.354e-05 -6.098e-05 -5.872e-05 -5.672e-05 -5.496e-05 -5.342e-05 -5.208e-05 -5.092e-05 -4.995e-05 -4.914e-05 -4.850e-05 -4.802e-05 -4.770e-05 -4.754e-05 -4.754e-05 -4.770e-05 -4.804e-05 -4.858e-05 -4.937e-05 -5.047e-05 -5.201e-05 -5.415e-05 -5.717e-05 -6.140e-05 -6.729e-05 -7.537e-05 -8.619e-05 -1.003e-04 -1.178e-04 -1.387e-04 -1.618e-04 -1.846e-04 -2.026e-04 -2.083e-04 -1.905e-04 -1.325e-04 -1.100e-05  2.066e-04  5.658e-04  1.130e-03 	
-1.496e-04 -2.292e-04 -1.325e-04 -1.193e-04 -1.108e-04 -1.043e-04 -9.894e-05 -9.434e-05 -9.022e-05 -8.648e-05 -8.307e-05 -7.995e-05 -7.710e-05 -7.452e-05 -7.218e-05 -7.009e-05 -6.822e-05 -6.656e-05 -6.512e-05 -6.389e-05 -6.285e-05 -6.201e-05 -6.136e-05 -6.091e-05 -6.065e-05 -6.060e-05 -6.076e-05 -6.116e-05 -6.185e-05 -6.291e-05 -6.447e-05 -6.673e-05 -6.998e-05 -7.462e-05 -8.115e-05 -9.016e-05 -1.023e-04 -1.181e-04 -1.379e-04 -1.615e-04 -1.876e-04 -2.135e-04 -2.340e-04 -2.408e-04 -2.212e-04 -1.564e-04 -2.014e-05  2.243e-04  6.280e-04  1.263e-03 	
-1.935e-04 -2.666e-04 -1.697e-04 -1.538e-04 -1.435e-04 -1.359e-04 -1.300e-04 -1.251e-04 -1.206e-04 -1.165e-04 -1.126e-04 -1.090e-04 -1.055e-04 -1.023e-04 -9.922e-05 -9.641e-05 -9.382e-05 -9.145e-05 -8.932e-05 -8.742e-05 -8.576e-05 -8.433e-05 -8.315e-05 -8.220e-05 -8.149e-05 -8.103e-05 -8.085e-05 -8.096e-05 -8.142e-05 -8.232e-05 -8.383e-05 -8.616e-05 -8.967e-05 -9.479e-05 -1.021e-04 -1.124e-04 -1.262e-04 -1.444e-04 -1.673e-04 -1.946e-04 -2.249e-04 -2.550e-04 -2.791e-04 -2.874e-04 -2.654e-04 -1.913e-04 -3.491e-05  2.463e-04  7.111e-04  1.442e-03 	
-2.506e-04 -3.319e-04 -2.390e-04 -2.198e-04 -2.048e-04 -1.928e-04 -1.834e-04 -1.757e-04 -1.692e-04 -1.635e-04 -1.585e-04 -1.539e-04 -1.496e-04 -1.455e-04 -1.417e-04 -1.381e-04 -1.347e-04 -1.315e-04 -1.286e-04 -1.259e-04 -1.234e-04 -1.212e-04 -1.192e-04 -1.175e-04 -1.161e-04 -1.150e-04 -1.143e-04 -1.138e-04 -1.139e-04 -1.144e-04 -1.157e-04 -1.180e-04 -1.217e-04 -1.274e-04 -1.358e-04 -1.476e-04 -1.639e-04 -1.854e-04 -2.126e-04 -2.451e-04 -2.813e-04 -3.175e-04 -3.467e-04 -3.574e-04 -3.320e-04 -2.450e-04 -6.008e-05  2.730e-04  8.243e-04  1.692e-03 	
-3.245e-04 -4.433e-04 -3.775e-04 -3.680e-04 -3.512e-04 -3.318e-04 -3.124e-04 -2.941e-04 -2.777e-04 -2.631e-04 -2.504e-04 -2.394e-04 -2.299e-04 -2.216e-04 -2.143e-04 -2.080e-04 -2.023e-04 -1.973e-04 -1.927e-04 -1.886e-04 -1.850e-04 -1.817e-04 -1.787e-04 -1.761e-04 -1.739e-04 -1.720e-04 -1.705e-04 -1.694e-04 -1.689e-04 -1.690e-04 -1.700e-04 -1.723e-04 -1.763e-04 -1.828e-04 -1.926e-04 -2.069e-04 -2.266e-04 -2.530e-04 -2.866e-04 -3.270e-04 -3.723e-04 -4.177e-04 -4.547e-04 -4.691e-04 -4.391e-04 -3.329e-04 -1.059e-04  3.043e-04  9.840e-04  2.055e-03 	
-4.140e-04 -6.170e-04 -6.408e-04 -7.013e-04 -7.273e-04 -7.275e-04 -7.098e-04 -6.803e-04 -6.441e-04 -6.048e-04 -5.650e-04 -5.266e-04 -4.907e-04 -4.580e-04 -4.287e-04 -4.028e-04 -3.800e-04 -3.603e-04 -3.431e-04 -3.283e-04 -3.156e-04 -3.046e-04 -2.953e-04 -2.873e-04 -2.805e-04 -2.748e-04 -2.702e-04 -2.665e-04 -2.638e-04 -2.622e-04 -2.620e-04 -2.636e-04 -2.678e-04 -2.753e-04 -2.873e-04 -3.054e-04 -3.311e-04 -3.656e-04 -4.101e-04 -4.639e-04 -5.246e-04 -5.860e-04 -6.369e-04 -6.586e-04 -6.225e-04 -4.872e-04 -1.940e-04  3.383e-04  1.222e-03  2.615e-03 	
-5.023e-04 -8.278e-04 -1.038e-03 -1.313e-03 -1.539e-03 -1.707e-03 -1.817e-03 -1.874e-03 -1.886e-03 -1.861e-03 -1.809e-03 -1.736e-03 -1.650e-03 -1.558e-03 -1.462e-03 -1.368e-03 -1.276e-03 -1.190e-03 -1.109e-03 -1.035e-03 -9.664e-04 -9.044e-04 -8.483e-04 -7.977e-04 -7.522e-04 -7.116e-04 -6.753e-04 -6.430e-04 -6.147e-04 -5.903e-04 -5.700e-04 -5.542e-04 -5.438e-04 -5.401e-04 -5.449e-04 -5.601e-04 -5.881e-04 -6.310e-04 -6.901e-04 -7.649e-04 -8.517e-04 -9.416e-04 -1.018e-03 -1.055e-03 -1.010e-03 -8.249e-04 -4.157e-04  3.322e-04  1.577e-03  3.539e-03 	
-5.333e-04 -8.955e-04 -1.259e-03 -1.833e-03 -2.452e-03 -3.061e-03 -3.623e-03 -4.113e-03 -4.517e-03 -4.831e-03 -5.056e-03 -5.197e-03 -5.265e-03 -5.270e-03 -5.224e-03 -5.137e-03 -5.021e-03 -4.882e-03 -4.730e-03 -4.568e-03 -4.403e-03 -4.238e-03 -4.074e-03 -3.914e-03 -3.759e-03 -3.610e-03 -3.467e-03 -3.331e-03 -3.203e-03 -3.082e-03 -2.969e-03 -2.866e-03 -2.774e-03 -2.696e-03 -2.636e-03 -2.595e-03 -2.580e-03 -2.592e-03 -2.634e-03 -2.705e-03 -2.796e-03 -2.893e-03 -2.964e-03 -2.965e-03 -2.824e-03 -2.445e-03 -1.692e-03 -3.836e-04  1.727e-03  4.977e-03 	
-3.562e-04 -2.395e-04  3.582e-05  6.414e-05 -7.004e-05 -3.526e-04 -7.663e-04 -1.294e-03 -1.915e-03 -2.609e-03 -3.350e-03 -4.113e-03 -4.874e-03 -5.611e-03 -6.306e-03 -6.948e-03 -7.530e-03 -8.049e-03 -8.506e-03 -8.905e-03 -9.249e-03 -9.546e-03 -9.799e-03 -1.001e-02 -1.020e-02 -1.035e-02 -1.048e-02 -1.060e-02 -1.069e-02 -1.077e-02 -1.084e-02 -1.091e-02 -1.097e-02 -1.103e-02 -1.110e-02 -1.119e-02 -1.129e-02 -1.140e-02 -1.154e-02 -1.167e-02 -1.177e-02 -1.179e-02 -1.166e-02 -1.125e-02 -1.040e-02 -8.896e-03 -6.471e-03 -2.775e-03  2.644e-03  1.040e-02 	
 4.193e-04  2.603e-03  6.460e-03  1.147e-02  1.755e-02  2.445e-02  3.181e-02  3.924e-02  4.638e-02  5.288e-02  5.852e-02  6.315e-02  6.675e-02  6.935e-02  7.106e-02  7.202e-02  7.238e-02  7.226e-02  7.181e-02  7.110e-02  7.024e-02  6.927e-02  6.825e-02  6.721e-02  6.617e-02  6.515e-02  6.415e-02  6.318e-02  6.224e-02  6.134e-02  6.047e-02  5.962e-02  5.881e-02  5.802e-02  5.724e-02  5.648e-02  5.573e-02  5.500e-02  5.427e-02  5.358e-02  5.295e-02  5.244e-02  5.216e-02  5.228e-02  5.310e-02  5.509e-02  5.899e-02  6.594e-02  7.766e-02  9.667e-02 	
 2.868e-03  1.125e-02  2.606e-02  4.705e-02  7.414e-02  1.066e-01  1.433e-01  1.826e-01  2.226e-01  2.619e-01  2.988e-01  3.325e-01  3.624e-01  3.883e-01  4.103e-01  4.288e-01  4.442e-01  4.572e-01  4.682e-01  4.775e-01  4.857e-01  4.929e-01  4.995e-01  5.056e-01  5.112e-01  5.167e-01  5.219e-01  5.270e-01  5.319e-01  5.368e-01  5.416e-01  5.463e-01  5.509e-01  5.555e-01  5.600e-01  5.644e-01  5.688e-01  5.731e-01  5.773e-01  5.814e-01  5.854e-01  5.891e-01  5.926e-01  5.957e-01  5.979e-01  5.990e-01  5.982e-01  5.945e-01  5.860e-01  5.706e-01 	
 4.776e-03  1.815e-02  4.195e-02  7.572e-02  1.185e-01  1.683e-01  2.220e-01  2.766e-01  3.290e-01  3.771e-01  4.192e-01  4.550e-01  4.844e-01  5.081e-01  5.270e-01  5.420e-01  5.540e-01  5.637e-01  5.717e-01  5.785e-01  5.846e-01  5.900e-01  5.951e-01  6.000e-01  6.047e-01  6.092e-01  6.137e-01  6.181e-01  6.224e-01  6.267e-01  6.309e-01  6.351e-01  6.392e-01  6.432e-01  6.472e-01  6.510e-01  6.548e-01  6.585e-01  6.622e-01  6.657e-01  6.691e-01  6.724e-01  6.753e-01  6.779e-01  6.800e-01  6.813e-01  6.817e-01  6.807e-01  6.779e-01  6.728e-01 	
 6.857e-03  2.559e-02  5.867e-02  1.048e-01  1.612e-01  2.237e-01  2.873e-01  3.475e-01  4.010e-01  4.460e-01  4.821e-01  5.102e-01  5.316e-01  5.477e-01  5.598e-01  5.692e-01  5.768e-01  5.831e-01  5.887e-01  5.938e-01  5.987e-01  6.034e-01  6.081e-01  6.127e-01  6.172e-01  6.218e-01  6.262e-01  6.307e-01  6.350e-01  6.393e-01  6.435e-01  6.476e-01  6.516e-01  6.555e-01  6.593e-01  6.630e-01  6.666e-01  6.701e-01  6.734e-01  6.768e-01  6.800e-01  6.830e-01  6.860e-01  6.888e-01  6.913e-01  6.935e-01  6.952e-01  6.962e-01  6.964e-01  6.953e-01 	
 9.519e-03  3.500e-02  7.938e-02  1.394e-01  2.097e-01  2.830e-01  3.525e-01  4.130e-01  4.621e-01  4.998e-01  5.275e-01  5.475e-01  5.618e-01  5.724e-01  5.806e-01  5.874e-01  5.933e-01  5.988e-01  6.040e-01  6.092e-01  6.143e-01  6.194e-01  6.245e-01  6.295e-01  6.344e-01  6.393e-01  6.440e-01  6.487e-01  6.531e-01  6.575e-01  6.617e-01  6.657e-01  6.696e-01  6.734e-01  6.770e-01  6.805e-01  6.839e-01  6.871e-01  6.902e-01  6.932e-01  6.961e-01  6.989e-01  7.015e-01  7.040e-01  7.063e-01  7.084e-01  7.102e-01  7.115e-01  7.122e-01  7.122e-01 	
 1.313e-02  4.764e-02  1.063e-01  1.824e-01  2.663e-01  3.476e-01  4.184e-01  4.746e-01  5.161e-01  5.452e-01  5.652e-01  5.790e-01  5.890e-01  5.968e-01  6.033e-01  6.092e-01  6.148e-01  6.203e-01  6.258e-01  6.312e-01  6.365e-01  6.418e-01  6.470e-01  6.520e-01  6.569e-01  6.616e-01  6.661e-01  6.705e-01  6.747e-01  6.787e-01  6.826e-01  6.862e-01  6.897e-01  6.931e-01  6.963e-01  6.994e-01  7.023e-01  7.051e-01  7.078e-01  7.104e-01  7.129e-01  7.153e-01  7.176e-01  7.197e-01  7.217e-01  7.235e-01  7.250e-01  7.263e-01  7.271e-01  7.274e-01 	
 1.813e-02  6.480e-02  1.412e-01  2.346e-01  3.301e-01  4.152e-01  4.828e-01  5.318e-01  5.654e-01  5.876e-01  6.025e-01  6.129e-01  6.209e-01  6.275e-01  6.335e-01  6.391e-01  6.446e-01  6.499e-01  6.551e-01  6.602e-01  6.652e-01  6.699e-01  6.745e-01  6.789e-01  6.831e-01  6.872e-01  6.910e-01  6.947e-01  6.981e-01  7.015e-01  7.046e-01  7.076e-01  7.105e-01  7.132e-01  7.158e-01  7.183e-01  7.207e-01  7.229e-01  7.251e-01  7.272e-01  7.292e-01  7.311e-01  7.330e-01  7.347e-01  7.363e-01  7.378e-01  7.391e-01  7.401e-01  7.408e-01  7.411e-01 	
 2.507e-02  8.791e-02  1.853e-01  2.956e-01  3.988e-01  4.826e-01  5.436e-01  5.849e-01  6.118e-01  6.294e-01  6.413e-01  6.500e-01  6.570e-01  6.629e-01  6.683e-01  6.733e-01  6.781e-01  6.826e-01  6.869e-01  6.909e-01  6.948e-01  6.986e-01  7.021e-01  7.054e-01  7.086e-01  7.117e-01  7.145e-01  7.173e-01  7.199e-01  7.224e-01  7.248e-01  7.270e-01  7.292e-01  7.313e-01  7.332e-01  7.351e-01  7.369e-01  7.387e-01  7.404e-01  7.420e-01  7.436e-01  7.450e-01  7.465e-01  7.478e-01  7.491e-01  7.503e-01  7.513e-01  7.521e-01  7.527e-01  7.529e-01 	
 3.466e-02  1.184e-01  2.390e-01  3.632e-01  4.684e-01  5.461e-01  5.985e-01  6.321e-01  6.534e-01  6.674e-01  6.770e-01  6.842e-01  6.899e-01  6.947e-01  6.989e-01  7.027e-01  7.063e-01  7.096e-01  7.127e-01  7.156e-01  7.184e-01  7.210e-01  7.235e-01  7.259e-01  7.282e-01  7.304e-01  7.324e-01  7.345e-01  7.364e-01  7.382e-01  7.400e-01  7.417e-01  7.434e-01  7.449e-01  7.465e-01  7.479e-01  7.494e-01  7.507e-01  7.521e-01  7.533e-01  7.546e-01  7.558e-01  7.569e-01  7.580e-01  7.591e-01  7.600e-01  7.608e-01  7.615e-01  7.620e-01  7.623e-01 	
 4.778e-02  1.576e-01  3.013e-01  4.341e-01  5.354e-01  6.036e-01  6.466e-01  6.731e-01  6.896e-01  7.003e-01  7.075e-01  7.128e-01  7.168e-01  7.201e-01  7.229e-01  7.254e-01  7.276e-01  7.298e-01  7.318e-01  7.337e-01  7.356e-01  7.374e-01  7.391e-01  7.408e-01  7.425e-01  7.441e-01  7.456e-01  7.471e-01  7.486e-01  7.501e-01  7.514e-01  7.528e-01  7.541e-01  7.554e-01  7.566e-01  7.578e-01  7.590e-01  7.601e-01  7.612e-01  7.623e-01  7.633e-01  7.643e-01  7.652e-01  7.662e-01  7.670e-01  7.678e-01  7.686e-01  7.692e-01  7.696e-01  7.699e-01 	
 6.547e-02  2.062e-01  3.704e-01  5.049e-01  5.975e-01  6.554e-01  6.900e-01  7.106e-01  7.230e-01  7.306e-01  7.354e-01  7.386e-01  7.408e-01  7.424e-01  7.437e-01  7.448e-01  7.459e-01  7.470e-01  7.480e-01  7.491e-01  7.502e-01  7.513e-01  7.524e-01  7.536e-01  7.547e-01  7.558e-01  7.570e-01  7.581e-01  7.592e-01  7.603e-01  7.614e-01  7.625e-01  7.635e-01  7.645e-01  7.655e-01  7.665e-01  7.674e-01  7.684e-01  7.693e-01  7.701e-01  7.710e-01  7.718e-01  7.726e-01  7.734e-01  7.742e-01  7.748e-01  7.754e-01  7.760e-01  7.764e-01  7.766e-01 	
 8.887e-02  2.641e-01  4.428e-01  5.723e-01  6.539e-01  7.023e-01  7.305e-01  7.468e-01  7.560e-01  7.610e-01  7.635e-01  7.646e-01  7.649e-01  7.648e-01  7.645e-01  7.643e-01  7.641e-01  7.641e-01  7.641e-01  7.643e-01  7.646e-01  7.650e-01  7.654e-01  7.660e-01  7.666e-01  7.672e-01  7.679e-01  7.686e-01  7.693e-01  7.701e-01  7.708e-01  7.716e-01  7.723e-01  7.731e-01  7.738e-01  7.746e-01  7.753e-01  7.760e-01  7.767e-01  7.774e-01  7.781e-01  7.788e-01  7.794e-01  7.800e-01  7.806e-01  7.812e-01  7.817e-01  7.821e-01  7.824e-01  7.826e-01 	
 1.191e-01  3.297e-01  5.146e-01  6.335e-01  7.034e-01  7.437e-01  7.666e-01  7.792e-01  7.856e-01  7.881e-01  7.883e-01  7.874e-01  7.858e-01  7.841e-01  7.824e-01  7.809e-01  7.796e-01  7.786e-01  7.778e-01  7.772e-01  7.768e-01  7.766e-01  7.765e-01  7.765e-01  7.767e-01  7.769e-01  7.772e-01  7.776e-01  7.780e-01  7.784e-01  7.789e-01  7.794e-01  7.799e-01  7.804e-01  7.810e-01  7.815e-01  7.821e-01  7.826e-01  7.832e-01  7.837e-01  7.842e-01  7.848e-01  7.853e-01  7.858e-01  7.862e-01  7.867e-01  7.871e-01  7.875e-01  7.877e-01  7.879e-01 	
 1.569e-01  4.000e-01  5.821e-01  6.869e-01  7.453e-01  7.783e-01  7.965e-01  8.058e-01  8.093e-01  8.095e-01  8.078e-01  8.051e-01  8.020e-01  7.990e-01  7.962e-01  7.938e-01  7.917e-01  7.899e-01  7.885e-01  7.873e-01  7.864e-01  7.857e-01  7.853e-01  7.849e-01  7.848e-01  7.847e-01  7.847e-01  7.848e-01  7.850e-01  7.852e-01  7.855e-01  7.858e-01  7.862e-01  7.865e-01  7.869e-01  7.873e-01  7.877e-01  7.881e-01  7.885e-01  7.890e-01  7.894e-01  7.898e-01  7.902e-01  7.906e-01  7.910e-01  7.914e-01  7.917e-01  7.920e-01  7.922e-01  7.924e-01 	
 2.027e-01  4.714e-01  6.426e-01  7.320e-01  7.802e-01  8.070e-01  8.214e-01  8.278e-01  8.292e-01  8.275e-01  8.242e-01  8.202e-01  8.160e-01  8.120e-01  8.084e-01  8.051e-01  8.024e-01  8.000e-01  7.981e-01  7.964e-01  7.951e-01  7.941e-01  7.933e-01  7.926e-01  7.922e-01  7.918e-01  7.916e-01  7.915e-01  7.915e-01  7.915e-01  7.916e-01  7.917e-01  7.919e-01  7.921e-01  7.924e-01  7.926e-01  7.929e-01  7.932e-01  7.935e-01  7.939e-01  7.942e-01  7.945e-01  7.948e-01  7.951e-01  7.955e-01  7.957e-01  7.960e-01  7.962e-01  7.964e-01  7.965e-01 	
 2.561e-01  5.403e-01  6.948e-01  7.691e-01  8.087e-01  8.308e-01  8.422e-01  8.465e-01  8.462e-01  8.431e-01  8.386e-01  8.335e-01  8.284e-01  8.235e-01  8.192e-01  8.153e-01  8.120e-01  8.091e-01  8.067e-01  8.047e-01  8.030e-01  8.016e-01  8.005e-01  7.995e-01  7.988e-01  7.983e-01  7.978e-01  7.975e-01  7.973e-01  7.972e-01  7.971e-01  7.971e-01  7.971e-01  7.972e-01  7.973e-01  7.974e-01  7.976e-01  7.978e-01  7.980e-01  7.982e-01  7.984e-01  7.987e-01  7.989e-01  7.991e-01  7.994e-01  7.996e-01  7.998e-01  8.000e-01  8.001e-01  8.002e-01 	
 3.158e-01  6.036e-01  7.383e-01  7.989e-01  8.314e-01  8.497e-01  8.587e-01  8.614e-01  8.598e-01  8.556e-01  8.501e-01  8.441e-01  8.383e-01  8.328e-01  8.279e-01  8.235e-01  8.197e-01  8.165e-01  8.137e-01  8.114e-01  8.094e-01  8.077e-01  8.064e-01  8.052e-01  8.043e-01  8.036e-01  8.030e-01  8.025e-01  8.021e-01  8.018e-01  8.016e-01  8.015e-01  8.014e-01  8.014e-01  8.014e-01  8.014e-01  8.015e-01  8.016e-01  8.017e-01  8.019e-01  8.020e-01  8.022e-01  8.024e-01  8.025e-01  8.027e-01  8.029e-01  8.030e-01  8.032e-01  8.033e-01  8.033e-01 	
 3.799e-01  6.596e-01  7.735e-01  8.223e-01  8.492e-01  8.646e-01  8.720e-01  8.735e-01  8.709e-01  8.659e-01  8.598e-01  8.532e-01  8.468e-01  8.408e-01  8.355e-01  8.307e-01  8.265e-01  8.230e-01  8.199e-01  8.173e-01  8.151e-01  8.132e-01  8.116e-01  8.103e-01  8.092e-01  8.083e-01  8.075e-01  8.069e-01  8.064e-01  8.060e-01  8.057e-01  8.055e-01  8.053e-01  8.051e-01  8.051e-01  8.050e-01  8.050e-01  8.050e-01  8.051e-01  8.051e-01  8.052e-01  8.053e-01  8.054e-01  8.056e-01  8.057e-01  8.058e-01  8.059e-01  8.060e-01  8.061e-01  8.061e-01 	
 4.454e-01  7.074e-01  8.014e-01  8.404e-01  8.630e-01  8.765e-01  8.828e-01  8.835e-01  8.803e-01  8.748e-01  8.681e-01  8.611e-01  8.543e-01  8.479e-01  8.422e-01  8.371e-01  8.327e-01  8.288e-01  8.255e-01  8.226e-01  8.202e-01  8.182e-01  8.164e-01  8.149e-01  8.137e-01  8.126e-01  8.117e-01  8.110e-01  8.104e-01  8.099e-01  8.094e-01  8.091e-01  8.088e-01  8.086e-01  8.085e-01  8.083e-01  8.083e-01  8.082e-01  8.082e-01  8.082e-01  8.082e-01  8.082e-01  8.083e-01  8.084e-01  8.084e-01  8.085e-01  8.086e-01  8.086e-01  8.087e-01  8.087e-01 	
 5.090e-01  7.467e-01  8.230e-01  8.542e-01  8.736e-01  8.856e-01  8.912e-01  8.914e-01  8.879e-01  8.820e-01  8.749e-01  8.676e-01  8.605e-01  8.538e-01  8.478e-01  8.425e-01  8.378e-01  8.337e-01  8.302e-01  8.272e-01  8.246e-01  8.224e-01  8.205e-01  8.188e-01  8.175e-01  8.163e-01  8.153e-01  8.144e-01  8.137e-01  8.131e-01  8.126e-01  8.122e-01  8.119e-01  8.116e-01  8.113e-01  8.112e-01  8.110e-01  8.109e-01  8.108e-01  8.108e-01  8.107e-01  8.107e-01  8.107e-01  8.108e-01  8.108e-01  8.108e-01  8.108e-01  8.109e-01  8.109e-01  8.109e-01 	
 5.678e-01  7.782e-01  8.392e-01  8.644e-01  8.815e-01  8.926e-01  8.976e-01  8.976e-01  8.938e-01  8.877e-01  8.804e-01  8.729e-01  8.655e-01  8.587e-01  8.525e-01  8.469e-01  8.421e-01  8.378e-01  8.342e-01  8.310e-01  8.283e-01  8.259e-01  8.239e-01  8.222e-01  8.207e-01  8.195e-01  8.184e-01  8.174e-01  8.166e-01  8.160e-01  8.154e-01  8.149e-01  8.145e-01  8.142e-01  8.139e-01  8.136e-01  8.134e-01  8.133e-01  8.131e-01  8.131e-01  8.130e-01  8.129e-01  8.129e-01  8.129e-01  8.129e-01  8.129e-01  8.129e-01  8.129e-01  8.129e-01  8.128e-01 	
 6.193e-01  8.026e-01  8.512e-01  8.719e-01  8.873e-01  8.978e-01  9.026e-01  9.024e-01  8.985e-01  8.923e-01  8.849e-01  8.772e-01  8.697e-01  8.627e-01  8.564e-01  8.507e-01  8.457e-01  8.414e-01  8.376e-01  8.343e-01  8.315e-01  8.290e-01  8.269e-01  8.251e-01  8.236e-01  8.222e-01  8.211e-01  8.201e-01  8.192e-01  8.185e-01  8.178e-01  8.173e-01  8.168e-01  8.164e-01  8.161e-01  8.158e-01  8.156e-01  8.154e-01  8.152e-01  8.151e-01  8.150e-01  8.149e-01  8.148e-01  8.148e-01  8.147e-01  8.147e-01  8.147e-01  8.146e-01  8.146e-01  8.146e-01 	
 6.622e-01  8.210e-01  8.598e-01  8.771e-01  8.914e-01  9.015e-01  9.062e-01  9.061e-01  9.022e-01  8.960e-01  8.886e-01  8.809e-01  8.733e-01  8.662e-01  8.598e-01  8.541e-01  8.490e-01  8.445e-01  8.406e-01  8.373e-01  8.344e-01  8.318e-01  8.297e-01  8.278e-01  8.261e-01  8.247e-01  8.235e-01  8.224e-01  8.215e-01  8.207e-01  8.201e-01  8.195e-01  8.189e-01  8.185e-01  8.181e-01  8.178e-01  8.175e-01  8.173e-01  8.171e-01  8.169e-01  8.168e-01  8.166e-01  8.165e-01  8.165e-01  8.164e-01  8.163e-01  8.163e-01  8.162e-01  8.162e-01  8.162e-01 	
 6.962e-01  8.344e-01  8.655e-01  8.803e-01  8.938e-01  9.037e-01  9.086e-01  9.086e-01  9.049e-01  8.988e-01  8.915e-01  8.838e-01  8.763e-01  8.692e-01  8.627e-01  8.569e-01  8.518e-01  8.473e-01  8.433e-01  8.399e-01  8.369e-01  8.343e-01  8.321e-01  8.301e-01  8.284e-01  8.270e-01  8.257e-01  8.246e-01  8.236e-01  8.228e-01  8.220e-01  8.214e-01  8.208e-01  8.203e-01  8.199e-01  8.195e-01  8.192e-01  8.189e-01  8.187e-01  8.185e-01  8.183e-01  8.182e-01  8.180e-01  8.179e-01  8.178e-01  8.177e-01  8.177e-01  8.176e-01  8.176e-01  8.175e-01 	
 7.219e-01  8.438e-01  8.690e-01  8.818e-01  8.948e-01  9.047e-01  9.098e-01  9.101e-01  9.066e-01  9.007e-01  8.936e-01  8.860e-01  8.785e-01  8.714e-01  8.650e-01  8.592e-01  8.540e-01  8.495e-01  8.455e-01  8.420e-01  8.390e-01  8.363e-01  8.341e-01  8.321e-01  8.303e-01  8.288e-01  8.275e-01  8.263e-01  8.253e-01  8.245e-01  8.237e-01  8.230e-01  8.224e-01  8.219e-01  8.215e-01  8.211e-01  8.207e-01  8.204e-01  8.201e-01  8.199e-01  8.197e-01  8.195e-01  8.194e-01  8.192e-01  8.191e-01  8.190e-01  8.189e-01  8.189e-01  8.188e-01  8.188e-01 	
 7.403e-01  8.501e-01  8.710e-01  8.824e-01  8.950e-01  9.051e-01  9.105e-01  9.110e-01  9.078e-01  9.022e-01  8.952e-01  8.877e-01  8.803e-01  8.733e-01  8.668e-01  8.610e-01  8.559e-01  8.513e-01  8.473e-01  8.438e-01  8.407e-01  8.381e-01  8.357e-01  8.337e-01  8.319e-01  8.304e-01  8.290e-01  8.278e-01  8.268e-01  8.259e-01  8.251e-01  8.244e-01  8.238e-01  8.232e-01  8.227e-01  8.223e-01  8.219e-01  8.216e-01  8.213e-01  8.211e-01  8.208e-01  8.206e-01  8.205e-01  8.203e-01  8.202e-01  8.201e-01  8.200e-01  8.199e-01  8.198e-01  8.198e-01 	
 7.530e-01  8.543e-01  8.718e-01  8.821e-01  8.944e-01  9.047e-01  9.104e-01  9.113e-01  9.084e-01  9.031e-01  8.963e-01  8.890e-01  8.817e-01  8.747e-01  8.683e-01  8.626e-01  8.574e-01  8.529e-01  8.488e-01  8.453e-01  8.423e-01  8.396e-01  8.372e-01  8.352e-01  8.334e-01  8.318e-01  8.304e-01  8.292e-01  8.281e-01  8.272e-01  8.264e-01  8.256e-01  8.250e-01  8.244e-01  8.239e-01  8.235e-01  8.231e-01  8.227e-01  8.224e-01  8.222e-01  8.219e-01  8.217e-01  8.215e-01  8.213e-01  8.212e-01  8.211e-01  8.209e-01  8.209e-01  8.208e-01  8.208e-01 	
 7.619e-01  8.569e-01  8.720e-01  8.814e-01  8.936e-01  9.041e-01  9.101e-01  9.114e-01  9.089e-01  9.037e-01  8.972e-01  8.900e-01  8.829e-01  8.760e-01  8.697e-01  8.639e-01  8.588e-01  8.542e-01  8.502e-01  8.467e-01  8.436e-01  8.409e-01  8.385e-01  8.365e-01  8.346e-01  8.330e-01  8.316e-01  8.304e-01  8.293e-01  8.284e-01  8.275e-01  8.268e-01  8.261e-01  8.255e-01  8.250e-01  8.245e-01  8.241e-01  8.237e-01  8.234e-01  8.231e-01  8.229e-01  8.226e-01  8.224e-01  8.222e-01  8.221e-01  8.219e-01  8.218e-01  8.217e-01  8.217e-01  8.216e-01 	
 7.682e-01  8.587e-01  8.720e-01  8.806e-01  8.928e-01  9.035e-01  9.098e-01  9.114e-01  9.092e-01  9.043e-01  8.979e-01  8.909e-01  8.839e-01  8.771e-01  8.708e-01  8.651e-01  8.600e-01  8.555e-01  8.514e-01  8.479e-01  8.448e-01  8.421e-01  8.397e-01  8.376e-01  8.358e-01  8.341e-01  8.327e-01  8.315e-01  8.304e-01  8.294e-01  8.285e-01  8.277e-01  8.271e-01  8.265e-01  8.259e-01  8.254e-01  8.250e-01  8.246e-01  8.243e-01  8.240e-01  8.237e-01  8.234e-01  8.232e-01  8.230e-01  8.228e-01  8.227e-01  8.226e-01  8.225e-01  8.224e-01  8.224e-01 	
 7.727e-01  8.599e-01  8.718e-01  8.799e-01  8.920e-01  9.029e-01  9.095e-01  9.114e-01  9.094e-01  9.047e-01  8.985e-01  8.917e-01  8.847e-01  8.780e-01  8.718e-01  8.661e-01  8.610e-01  8.564e-01  8.524e-01  8.489e-01  8.458e-01  8.430e-01  8.406e-01  8.385e-01  8.367e-01  8.350e-01  8.336e-01  8.323e-01  8.312e-01  8.302e-01  8.293e-01  8.285e-01  8.278e-01  8.272e-01  8.266e-01  8.261e-01  8.257e-01  8.253e-01  8.249e-01  8.246e-01  8.243e-01  8.240e-01  8.238e-01  8.236e-01  8.234e-01  8.233e-01  8.231e-01  8.231e-01  8.230e-01  8.231e-01 	
 7.765e-01  8.604e-01  8.717e-01  8.795e-01  8.914e-01  9.023e-01  9.091e-01  9.112e-01  9.094e-01  9.050e-01  8.990e-01  8.923e-01  8.854e-01  8.788e-01  8.726e-01  8.670e-01  8.619e-01  8.573e-01  8.533e-01  8.498e-01  8.466e-01  8.439e-01  8.415e-01  8.393e-01  8.375e-01  8.358e-01  8.344e-01  8.331e-01  8.319e-01  8.309e-01  8.300e-01  8.292e-01  8.285e-01  8.279e-01  8.273e-01  8.268e-01  8.263e-01  8.259e-01  8.255e-01  8.252e-01  8.249e-01  8.246e-01  8.243e-01  8.241e-01  8.239e-01  8.238e-01  8.237e-01  8.237e-01  8.237e-01  8.238e-01 	
 7.815e-01  8.603e-01  8.721e-01  8.800e-01  8.914e-01  9.016e-01  9.081e-01  9.102e-01  9.087e-01  9.046e-01  8.990e-01  8.927e-01  8.861e-01  8.797e-01  8.737e-01  8.682e-01  8.632e-01  8.588e-01  8.548e-01  8.513e-01  8.481e-01  8.454e-01  8.430e-01  8.408e-01  8.389e-01  8.372e-01  8.357e-01  8.344e-01  8.333e-01  8.322e-01  8.313e-01  8.305e-01  8.297e-01  8.291e-01  8.285e-01  8.279e-01  8.274e-01  8.270e-01  8.266e-01  8.263e-01  8.260e-01  8.257e-01  8.254e-01  8.252e-01  8.251e-01  8.250e-01  8.249e-01  8.250e-01  8.252e-01  8.256e-01 	
