 1.110e-01  1.000e-08  1.000e-08  1.000e-08  1.000e-08  1.000e-08  1.000e-08  1.000e-08  1.000e-08  1.000e-08  1.000e-08  1.000e-08  1.000e-08  9.024e-03  3.793e-02  7.655e-02  1.251e-01  1.829e-01  2.481e-01  3.185e-01  3.912e-01  4.633e-01  5.323e-01  5.965e-01  6.549e-01  7.061e-01  7.522e-01  7.913e-01  8.248e-01  8.532e-01  8.774e-01  8.974e-01  9.146e-01  9.289e-01  9.409e-01  9.511e-01  9.592e-01  9.662e-01  9.721e-01  9.774e-01  9.824e-01  9.874e-01  9.936e-01  9.900e-01  9.900e-01  9.900e-01  9.900e-01  9.900e-01  9.900e-01  9.900e-01 	
 2.498e-02  1.000e-08  1.000e-08  1.000e-08  1.000e-08  1.000e-08  1.000e-08  1.000e-08  2.090e-03  9.769e-03  2.200e-02  4.037e-02  6.648e-02  1.019e-01  1.473e-01  2.028e-01  2.669e-01  3.377e-01  4.120e-01  4.860e-01  5.575e-01  6.236e-01  6.832e-01  7.352e-01  7.797e-01  8.174e-01  8.489e-01  8.752e-01  8.966e-01  9.140e-01  9.284e-01  9.401e-01  9.495e-01  9.573e-01  9.632e-01  9.679e-01  9.715e-01  9.743e-01  9.762e-01  9.775e-01  9.783e-01  9.807e-01  9.813e-01  9.847e-01  9.891e-01  9.968e-01  9.900e-01  9.900e-01  9.900e-01  9.900e-01 	
 4.287e-04  1.000e-08  1.000e-08  1.000e-08  1.000e-08  1.000e-08  1.000e-08  3.729e-03  1.080e-02  2.266e-02  4.120e-02  6.847e-02  1.062e-01  1.552e-01  2.153e-01  2.849e-01  3.609e-01  4.399e-01  5.174e-01  5.905e-01  6.567e-01  7.152e-01  7.652e-01  8.074e-01  8.426e-01  8.714e-01  8.948e-01  9.139e-01  9.296e-01  9.422e-01  9.525e-01  9.610e-01  9.677e-01  9.732e-01  9.775e-01  9.811e-01  9.835e-01  9.862e-01  9.880e-01  9.895e-01  9.897e-01  9.909e-01  9.920e-01  9.935e-01  9.961e-01  9.900e-01  9.900e-01  9.900e-01  9.900e-01  9.900e-01 	
 1.000e-08  1.000e-08  1.000e-08  1.000e-08  1.000e-08  1.000e-08  2.843e-03  8.993e-03  2.006e-02  3.832e-02  6.611e-02  1.055e-01  1.578e-01  2.224e-01  2.973e-01  3.785e-01  4.615e-01  5.424e-01  6.171e-01  6.835e-01  7.409e-01  7.894e-01  8.292e-01  8.619e-01  8.884e-01  9.097e-01  9.270e-01  9.407e-01  9.519e-01  9.608e-01  9.680e-01  9.741e-01  9.793e-01  9.830e-01  9.857e-01  9.890e-01  9.904e-01  9.925e-01  9.935e-01  9.944e-01  9.951e-01  9.958e-01  9.964e-01  9.975e-01  9.991e-01  9.900e-01  9.900e-01  9.900e-01  9.900e-01  9.900e-01 	
 1.000e-08  1.000e-08  1.000e-08  1.000e-08  2.356e-04  2.773e-03  7.907e-03  1.781e-02  3.509e-02  6.266e-02  1.030e-01  1.577e-01  2.262e-01  3.057e-01  3.921e-01  4.794e-01  5.630e-01  6.394e-01  7.059e-01  7.625e-01  8.092e-01  8.473e-01  8.779e-01  9.024e-01  9.218e-01  9.374e-01  9.498e-01  9.595e-01  9.675e-01  9.737e-01  9.794e-01  9.833e-01  9.866e-01  9.894e-01  9.918e-01  9.935e-01  9.950e-01  9.960e-01  9.971e-01  9.976e-01  9.980e-01  9.983e-01  9.989e-01  9.994e-01  9.900e-01  9.900e-01  9.900e-01  9.900e-01  9.900e-01  9.900e-01 	
 1.000e-08  1.000e-08  1.000e-08  1.034e-03  3.570e-03  7.745e-03  1.609e-02  3.165e-02  5.787e-02  9.797e-02  1.539e-01  2.253e-01  3.092e-01  4.000e-01  4.916e-01  5.785e-01  6.564e-01  7.234e-01  7.794e-01  8.250e-01  8.616e-01  8.908e-01  9.138e-01  9.311e-01  9.454e-01  9.566e-01  9.659e-01  9.727e-01  9.784e-01  9.824e-01  9.865e-01  9.893e-01  9.914e-01  9.932e-01  9.950e-01  9.961e-01  9.970e-01  9.981e-01  9.986e-01  9.991e-01  9.993e-01  9.997e-01  9.998e-01  9.900e-01  9.900e-01  9.900e-01  9.900e-01  9.900e-01  9.900e-01  9.900e-01 	
 1.000e-08  1.000e-08  4.729e-04  4.822e-03  8.750e-03  1.550e-02  2.868e-02  5.237e-02  9.066e-02  1.463e-01  2.194e-01  3.067e-01  4.019e-01  4.979e-01  5.881e-01  6.682e-01  7.361e-01  7.920e-01  8.366e-01  8.724e-01  8.998e-01  9.216e-01  9.383e-01  9.516e-01  9.616e-01  9.699e-01  9.760e-01  9.809e-01  9.850e-01  9.879e-01  9.906e-01  9.927e-01  9.941e-01  9.955e-01  9.967e-01  9.974e-01  9.981e-01  9.988e-01  9.993e-01  9.995e-01  9.997e-01  9.999e-01  9.900e-01  9.900e-01  9.900e-01  9.900e-01  9.900e-01  9.900e-01  9.900e-01  9.900e-01 	
 1.000e-08  1.000e-08  4.388e-03  1.057e-02  1.670e-02  2.736e-02  4.752e-02  8.233e-02  1.358e-01  2.088e-01  2.983e-01  3.975e-01  4.978e-01  5.918e-01  6.746e-01  7.444e-01  8.005e-01  8.455e-01  8.799e-01  9.063e-01  9.273e-01  9.432e-01  9.554e-01  9.651e-01  9.725e-01  9.781e-01  9.828e-01  9.863e-01  9.888e-01  9.912e-01  9.929e-01  9.944e-01  9.957e-01  9.965e-01  9.974e-01  9.979e-01  9.984e-01  9.988e-01  9.992e-01  9.990e-01  9.991e-01  9.991e-01  9.900e-01  9.992e-01  9.900e-01  9.900e-01  9.900e-01  9.900e-01  9.900e-01  9.900e-01 	
 1.000e-08  1.000e-08  1.024e-02  1.927e-02  2.874e-02  4.515e-02  7.495e-02  1.238e-01  1.944e-01  2.844e-01  3.864e-01  4.909e-01  5.892e-01  6.757e-01  7.469e-01  8.050e-01  8.498e-01  8.847e-01  9.108e-01  9.309e-01  9.461e-01  9.577e-01  9.669e-01  9.738e-01  9.792e-01  9.833e-01  9.866e-01  9.892e-01  9.912e-01  9.928e-01  9.941e-01  9.952e-01  9.960e-01  9.967e-01  9.971e-01  9.982e-01  9.982e-01  9.983e-01  9.984e-01  9.985e-01  9.985e-01  9.993e-01  9.986e-01  9.993e-01  9.994e-01  9.988e-01  9.982e-01  9.988e-01  9.989e-01  9.994e-01 	
 1.000e-08  1.000e-08  1.898e-02  3.229e-02  4.668e-02  7.106e-02  1.133e-01  1.785e-01  2.663e-01  3.696e-01  4.779e-01  5.810e-01  6.715e-01  7.456e-01  8.055e-01  8.511e-01  8.863e-01  9.124e-01  9.321e-01  9.473e-01  9.586e-01  9.675e-01  9.741e-01  9.792e-01  9.832e-01  9.861e-01  9.887e-01  9.907e-01  9.921e-01  9.940e-01  9.944e-01  9.956e-01  9.950e-01  9.968e-01  9.970e-01  9.971e-01  9.979e-01  9.974e-01  9.981e-01  9.982e-01  9.982e-01  9.983e-01  9.983e-01  9.984e-01  9.979e-01  9.980e-01  9.975e-01  9.976e-01  9.971e-01  9.967e-01 	
 1.000e-08  3.083e-03  3.178e-02  5.128e-02  7.261e-02  1.074e-01  1.643e-01  2.462e-01  3.480e-01  4.590e-01  5.664e-01  6.613e-01  7.397e-01  8.017e-01  8.492e-01  8.851e-01  9.120e-01  9.319e-01  9.467e-01  9.582e-01  9.666e-01  9.732e-01  9.782e-01  9.820e-01  9.853e-01  9.876e-01  9.899e-01  9.905e-01  9.919e-01  9.931e-01  9.942e-01  9.945e-01  9.954e-01  9.956e-01  9.958e-01  9.965e-01  9.967e-01  9.968e-01  9.969e-01  9.975e-01  9.975e-01  9.976e-01  9.972e-01  9.977e-01  9.978e-01  9.974e-01  9.970e-01  9.966e-01  9.966e-01  9.959e-01 	
 1.000e-08  1.012e-02  4.995e-02  7.804e-02  1.086e-01  1.559e-01  2.282e-01  3.247e-01  4.355e-01  5.462e-01  6.461e-01  7.293e-01  7.947e-01  8.445e-01  8.818e-01  9.092e-01  9.296e-01  9.449e-01  9.562e-01  9.648e-01  9.714e-01  9.764e-01  9.811e-01  9.834e-01  9.862e-01  9.878e-01  9.893e-01  9.905e-01  9.923e-01  9.927e-01  9.930e-01  9.939e-01  9.941e-01  9.948e-01  9.955e-01  9.956e-01  9.958e-01  9.959e-01  9.964e-01  9.965e-01  9.966e-01  9.966e-01  9.967e-01  9.972e-01  9.972e-01  9.969e-01  9.969e-01  9.962e-01  9.958e-01  9.951e-01 	
 1.000e-08  1.987e-02  7.457e-02  1.140e-01  1.559e-01  2.170e-01  3.036e-01  4.099e-01  5.221e-01  6.260e-01  7.141e-01  7.836e-01  8.362e-01  8.754e-01  9.043e-01  9.255e-01  9.413e-01  9.530e-01  9.619e-01  9.683e-01  9.735e-01  9.779e-01  9.810e-01  9.842e-01  9.858e-01  9.872e-01  9.890e-01  9.901e-01  9.910e-01  9.914e-01  9.927e-01  9.929e-01  9.936e-01  9.942e-01  9.944e-01  9.949e-01  9.950e-01  9.955e-01  9.960e-01  9.961e-01  9.961e-01  9.966e-01  9.966e-01  9.966e-01  9.970e-01  9.967e-01  9.964e-01  9.960e-01  9.961e-01  9.950e-01 	
 1.000e-08  3.290e-02  1.062e-01  1.593e-01  2.140e-01  2.885e-01  3.858e-01  4.954e-01  6.021e-01  6.944e-01  7.684e-01  8.247e-01  8.663e-01  8.970e-01  9.195e-01  9.360e-01  9.488e-01  9.577e-01  9.654e-01  9.703e-01  9.751e-01  9.780e-01  9.811e-01  9.833e-01  9.852e-01  9.863e-01  9.879e-01  9.888e-01  9.901e-01  9.908e-01  9.915e-01  9.921e-01  9.927e-01  9.932e-01  9.938e-01  9.942e-01  9.943e-01  9.948e-01  9.948e-01  9.953e-01  9.957e-01  9.957e-01  9.964e-01  9.961e-01  9.965e-01  9.965e-01  9.965e-01  9.965e-01  9.958e-01  9.955e-01 	
 1.000e-08  4.944e-02  1.441e-01  2.123e-01  2.801e-01  3.654e-01  4.676e-01  5.737e-01  6.698e-01  7.483e-01  8.089e-01  8.537e-01  8.866e-01  9.107e-01  9.289e-01  9.419e-01  9.518e-01  9.599e-01  9.655e-01  9.702e-01  9.742e-01  9.772e-01  9.798e-01  9.821e-01  9.837e-01  9.856e-01  9.869e-01  9.876e-01  9.888e-01  9.898e-01  9.904e-01  9.909e-01  9.918e-01  9.923e-01  9.931e-01  9.932e-01  9.936e-01  9.943e-01  9.944e-01  9.951e-01  9.951e-01  9.955e-01  9.958e-01  9.958e-01  9.962e-01  9.962e-01  9.962e-01  9.962e-01  9.959e-01  9.959e-01 	
 1.000e-08  6.945e-02  1.861e-01  2.694e-01  3.488e-01  4.412e-01  5.426e-01  6.399e-01  7.227e-01  7.877e-01  8.366e-01  8.725e-01  8.994e-01  9.187e-01  9.333e-01  9.439e-01  9.526e-01  9.594e-01  9.646e-01  9.690e-01  9.729e-01  9.754e-01  9.781e-01  9.800e-01  9.822e-01  9.835e-01  9.850e-01  9.860e-01  9.874e-01  9.879e-01  9.892e-01  9.900e-01  9.904e-01  9.912e-01  9.919e-01  9.923e-01  9.927e-01  9.934e-01  9.938e-01  9.941e-01  9.945e-01  9.948e-01  9.952e-01  9.952e-01  9.958e-01  9.955e-01  9.958e-01  9.958e-01  9.958e-01  9.955e-01 	
 1.207e-03  9.258e-02  2.293e-01  3.257e-01  4.140e-01  5.092e-01  6.056e-01  6.919e-01  7.620e-01  8.154e-01  8.551e-01  8.844e-01  9.053e-01  9.217e-01  9.345e-01  9.438e-01  9.516e-01  9.578e-01  9.626e-01  9.669e-01  9.706e-01  9.731e-01  9.758e-01  9.779e-01  9.799e-01  9.817e-01  9.830e-01  9.843e-01  9.855e-01  9.870e-01  9.878e-01  9.885e-01  9.896e-01  9.903e-01  9.907e-01  9.914e-01  9.920e-01  9.924e-01  9.927e-01  9.934e-01  9.937e-01  9.937e-01  9.944e-01  9.944e-01  9.947e-01  9.951e-01  9.954e-01  9.950e-01  9.950e-01  9.954e-01 	
 7.474e-03  1.187e-01  2.709e-01  3.767e-01  4.705e-01  5.652e-01  6.544e-01  7.300e-01  7.890e-01  8.334e-01  8.661e-01  8.908e-01  9.086e-01  9.228e-01  9.340e-01  9.423e-01  9.498e-01  9.554e-01  9.600e-01  9.644e-01  9.676e-01  9.709e-01  9.736e-01  9.758e-01  9.779e-01  9.799e-01  9.814e-01  9.829e-01  9.840e-01  9.851e-01  9.861e-01  9.872e-01  9.878e-01  9.885e-01  9.895e-01  9.899e-01  9.905e-01  9.912e-01  9.919e-01  9.922e-01  9.925e-01  9.932e-01  9.936e-01  9.935e-01  9.939e-01  9.942e-01  9.946e-01  9.949e-01  9.945e-01  9.949e-01 	
 1.656e-02  1.479e-01  3.099e-01  4.203e-01  5.163e-01  6.077e-01  6.888e-01  7.544e-01  8.047e-01  8.422e-01  8.706e-01  8.914e-01  9.079e-01  9.204e-01  9.307e-01  9.387e-01  9.456e-01  9.512e-01  9.563e-01  9.605e-01  9.641e-01  9.674e-01  9.702e-01  9.728e-01  9.747e-01  9.769e-01  9.787e-01  9.801e-01  9.811e-01  9.828e-01  9.839e-01  9.849e-01  9.859e-01  9.869e-01  9.872e-01  9.882e-01  9.889e-01  9.896e-01  9.899e-01  9.906e-01  9.909e-01  9.916e-01  9.923e-01  9.923e-01  9.930e-01  9.929e-01  9.933e-01  9.936e-01  9.940e-01  9.940e-01 	
 2.930e-02  1.806e-01  3.463e-01  4.579e-01  5.528e-01  6.385e-01  7.119e-01  7.686e-01  8.125e-01  8.449e-01  8.696e-01  8.881e-01  9.031e-01  9.151e-01  9.248e-01  9.329e-01  9.400e-01  9.457e-01  9.509e-01  9.551e-01  9.590e-01  9.624e-01  9.654e-01  9.682e-01  9.707e-01  9.728e-01  9.745e-01  9.762e-01  9.783e-01  9.796e-01  9.806e-01  9.820e-01  9.830e-01  9.840e-01  9.850e-01  9.860e-01  9.867e-01  9.874e-01  9.881e-01  9.888e-01  9.895e-01  9.898e-01  9.902e-01  9.909e-01  9.912e-01  9.916e-01  9.923e-01  9.923e-01  9.927e-01  9.930e-01 	
 4.649e-02  2.164e-01  3.815e-01  4.911e-01  5.826e-01  6.622e-01  7.271e-01  7.776e-01  8.150e-01  8.430e-01  8.653e-01  8.828e-01  8.964e-01  9.079e-01  9.179e-01  9.257e-01  9.331e-01  9.393e-01  9.445e-01  9.490e-01  9.531e-01  9.567e-01  9.602e-01  9.630e-01  9.658e-01  9.685e-01  9.706e-01  9.726e-01  9.743e-01  9.757e-01  9.774e-01  9.788e-01  9.798e-01  9.809e-01  9.819e-01  9.834e-01  9.844e-01  9.851e-01  9.858e-01  9.865e-01  9.873e-01  9.880e-01  9.883e-01  9.891e-01  9.898e-01  9.902e-01  9.905e-01  9.913e-01  9.917e-01  9.921e-01 	
 6.881e-02  2.546e-01  4.151e-01  5.204e-01  6.068e-01  6.792e-01  7.363e-01  7.795e-01  8.127e-01  8.378e-01  8.580e-01  8.741e-01  8.874e-01  8.986e-01  9.082e-01  9.167e-01  9.239e-01  9.304e-01  9.359e-01  9.413e-01  9.456e-01  9.499e-01  9.537e-01  9.568e-01  9.600e-01  9.624e-01  9.648e-01  9.673e-01  9.698e-01  9.715e-01  9.729e-01  9.747e-01  9.765e-01  9.780e-01  9.791e-01  9.801e-01  9.812e-01  9.823e-01  9.835e-01  9.842e-01  9.853e-01  9.857e-01  9.864e-01  9.872e-01  9.875e-01  9.883e-01  9.891e-01  9.895e-01  9.903e-01  9.907e-01 	
 9.676e-02  2.928e-01  4.455e-01  5.450e-01  6.249e-01  6.903e-01  7.398e-01  7.780e-01  8.067e-01  8.298e-01  8.478e-01  8.633e-01  8.760e-01  8.871e-01  8.970e-01  9.059e-01  9.135e-01  9.201e-01  9.265e-01  9.319e-01  9.372e-01  9.418e-01  9.457e-01  9.496e-01  9.532e-01  9.564e-01  9.592e-01  9.618e-01  9.643e-01  9.665e-01  9.691e-01  9.705e-01  9.724e-01  9.739e-01  9.757e-01  9.768e-01  9.784e-01  9.795e-01  9.806e-01  9.818e-01  9.825e-01  9.837e-01  9.845e-01  9.853e-01  9.856e-01  9.864e-01  9.872e-01  9.876e-01  9.884e-01  9.892e-01 	
 1.305e-01  3.294e-01  4.714e-01  5.642e-01  6.373e-01  6.946e-01  7.384e-01  7.713e-01  7.970e-01  8.176e-01  8.346e-01  8.497e-01  8.623e-01  8.736e-01  8.839e-01  8.929e-01  9.013e-01  9.089e-01  9.157e-01  9.221e-01  9.275e-01  9.328e-01  9.375e-01  9.419e-01  9.462e-01  9.499e-01  9.532e-01  9.562e-01  9.591e-01  9.614e-01  9.636e-01  9.663e-01  9.682e-01  9.701e-01  9.720e-01  9.731e-01  9.747e-01  9.762e-01  9.778e-01  9.790e-01  9.801e-01  9.809e-01  9.821e-01  9.829e-01  9.837e-01  9.845e-01  9.853e-01  9.861e-01  9.869e-01  9.874e-01 	
 1.699e-01  3.635e-01  4.929e-01  5.780e-01  6.437e-01  6.937e-01  7.322e-01  7.608e-01  7.839e-01  8.031e-01  8.194e-01  8.338e-01  8.470e-01  8.584e-01  8.692e-01  8.794e-01  8.880e-01  8.963e-01  9.039e-01  9.111e-01  9.176e-01  9.235e-01  9.286e-01  9.337e-01  9.386e-01  9.427e-01  9.464e-01  9.502e-01  9.532e-01  9.563e-01  9.585e-01  9.616e-01  9.636e-01  9.659e-01  9.678e-01  9.698e-01  9.714e-01  9.730e-01  9.745e-01  9.757e-01  9.769e-01  9.785e-01  9.793e-01  9.805e-01  9.814e-01  9.826e-01  9.830e-01  9.838e-01  9.851e-01  9.863e-01 	
 2.140e-01  3.943e-01  5.101e-01  5.871e-01  6.453e-01  6.889e-01  7.221e-01  7.474e-01  7.684e-01  7.859e-01  8.021e-01  8.165e-01  8.302e-01  8.420e-01  8.541e-01  8.646e-01  8.744e-01  8.838e-01  8.922e-01  9.002e-01  9.072e-01  9.139e-01  9.198e-01  9.255e-01  9.307e-01  9.353e-01  9.399e-01  9.437e-01  9.472e-01  9.502e-01  9.534e-01  9.565e-01  9.589e-01  9.616e-01  9.640e-01  9.660e-01  9.676e-01  9.696e-01  9.716e-01  9.728e-01  9.745e-01  9.757e-01  9.769e-01  9.777e-01  9.790e-01  9.802e-01  9.810e-01  9.819e-01  9.831e-01  9.844e-01 	
 2.616e-01  4.216e-01  5.230e-01  5.909e-01  6.417e-01  6.798e-01  7.082e-01  7.305e-01  7.498e-01  7.668e-01  7.827e-01  7.973e-01  8.118e-01  8.246e-01  8.374e-01  8.491e-01  8.601e-01  8.704e-01  8.797e-01  8.886e-01  8.965e-01  9.037e-01  9.105e-01  9.167e-01  9.224e-01  9.279e-01  9.329e-01  9.369e-01  9.412e-01  9.452e-01  9.483e-01  9.515e-01  9.544e-01  9.572e-01  9.596e-01  9.620e-01  9.641e-01  9.661e-01  9.682e-01  9.698e-01  9.715e-01  9.727e-01  9.744e-01  9.757e-01  9.765e-01  9.782e-01  9.795e-01  9.803e-01  9.812e-01  9.824e-01 	
 3.108e-01  4.461e-01  5.323e-01  5.917e-01  6.349e-01  6.669e-01  6.916e-01  7.118e-01  7.292e-01  7.460e-01  7.620e-01  7.773e-01  7.921e-01  8.064e-01  8.201e-01  8.327e-01  8.451e-01  8.560e-01  8.663e-01  8.762e-01  8.851e-01  8.933e-01  9.011e-01  9.078e-01  9.145e-01  9.201e-01  9.253e-01  9.305e-01  9.349e-01  9.390e-01  9.427e-01  9.464e-01  9.497e-01  9.530e-01  9.559e-01  9.580e-01  9.609e-01  9.630e-01  9.651e-01  9.668e-01  9.684e-01  9.701e-01  9.718e-01  9.731e-01  9.744e-01  9.761e-01  9.770e-01  9.783e-01  9.796e-01  9.809e-01 	
 3.591e-01  4.670e-01  5.386e-01  5.887e-01  6.255e-01  6.524e-01  6.733e-01  6.913e-01  7.084e-01  7.246e-01  7.411e-01  7.571e-01  7.734e-01  7.884e-01  8.035e-01  8.175e-01  8.305e-01  8.429e-01  8.542e-01  8.651e-01  8.746e-01  8.838e-01  8.922e-01  8.994e-01  9.067e-01  9.132e-01  9.185e-01  9.243e-01  9.292e-01  9.338e-01  9.379e-01  9.421e-01  9.451e-01  9.488e-01  9.518e-01  9.543e-01  9.573e-01  9.599e-01  9.616e-01  9.641e-01  9.658e-01  9.680e-01  9.693e-01  9.710e-01  9.728e-01  9.736e-01  9.754e-01  9.767e-01  9.780e-01  9.793e-01 	
 4.044e-01  4.838e-01  5.407e-01  5.832e-01  6.140e-01  6.369e-01  6.553e-01  6.719e-01  6.884e-01  7.051e-01  7.220e-01  7.396e-01  7.566e-01  7.730e-01  7.888e-01  8.043e-01  8.184e-01  8.318e-01  8.441e-01  8.553e-01  8.661e-01  8.754e-01  8.844e-01  8.926e-01  9.000e-01  9.070e-01  9.132e-01  9.191e-01  9.245e-01  9.295e-01  9.342e-01  9.380e-01  9.414e-01  9.456e-01  9.482e-01  9.516e-01  9.546e-01  9.568e-01  9.594e-01  9.616e-01  9.637e-01  9.655e-01  9.672e-01  9.690e-01  9.707e-01  9.720e-01  9.738e-01  9.747e-01  9.760e-01  9.778e-01 	
 4.454e-01  4.972e-01  5.414e-01  5.760e-01  6.016e-01  6.210e-01  6.373e-01  6.530e-01  6.694e-01  6.865e-01  7.045e-01  7.225e-01  7.405e-01  7.584e-01  7.756e-01  7.918e-01  8.070e-01  8.206e-01  8.340e-01  8.462e-01  8.576e-01  8.680e-01  8.771e-01  8.862e-01  8.942e-01  9.013e-01  9.081e-01  9.140e-01  9.200e-01  9.251e-01  9.303e-01  9.346e-01  9.384e-01  9.423e-01  9.454e-01  9.484e-01  9.515e-01  9.545e-01  9.571e-01  9.593e-01  9.615e-01  9.638e-01  9.655e-01  9.673e-01  9.691e-01  9.704e-01  9.717e-01  9.735e-01  9.753e-01  9.767e-01 	
 4.815e-01  5.078e-01  5.406e-01  5.686e-01  5.898e-01  6.066e-01  6.210e-01  6.362e-01  6.525e-01  6.703e-01  6.887e-01  7.080e-01  7.268e-01  7.453e-01  7.633e-01  7.802e-01  7.965e-01  8.116e-01  8.252e-01  8.380e-01  8.501e-01  8.610e-01  8.707e-01  8.800e-01  8.885e-01  8.966e-01  9.031e-01  9.099e-01  9.160e-01  9.212e-01  9.264e-01  9.308e-01  9.351e-01  9.395e-01  9.426e-01  9.461e-01  9.496e-01  9.523e-01  9.549e-01  9.576e-01  9.598e-01  9.621e-01  9.638e-01  9.656e-01  9.674e-01  9.688e-01  9.710e-01  9.724e-01  9.742e-01  9.756e-01 	
 5.131e-01  5.162e-01  5.386e-01  5.615e-01  5.797e-01  5.939e-01  6.072e-01  6.217e-01  6.380e-01  6.560e-01  6.750e-01  6.946e-01  7.145e-01  7.338e-01  7.525e-01  7.701e-01  7.869e-01  8.024e-01  8.174e-01  8.308e-01  8.431e-01  8.546e-01  8.653e-01  8.747e-01  8.833e-01  8.916e-01  8.985e-01  9.055e-01  9.120e-01  9.177e-01  9.230e-01  9.279e-01  9.323e-01  9.367e-01  9.403e-01  9.438e-01  9.469e-01  9.501e-01  9.528e-01  9.554e-01  9.577e-01  9.604e-01  9.622e-01  9.640e-01  9.658e-01  9.676e-01  9.694e-01  9.708e-01  9.726e-01  9.745e-01 	
 5.417e-01  5.234e-01  5.376e-01  5.562e-01  5.713e-01  5.836e-01  5.956e-01  6.096e-01  6.254e-01  6.436e-01  6.628e-01  6.828e-01  7.029e-01  7.233e-01  7.423e-01  7.610e-01  7.782e-01  7.942e-01  8.095e-01  8.236e-01  8.365e-01  8.486e-01  8.594e-01  8.694e-01  8.786e-01  8.869e-01  8.948e-01  9.014e-01  9.085e-01  9.142e-01  9.200e-01  9.245e-01  9.294e-01  9.339e-01  9.379e-01  9.415e-01  9.451e-01  9.478e-01  9.510e-01  9.537e-01  9.560e-01  9.587e-01  9.605e-01  9.623e-01  9.642e-01  9.660e-01  9.678e-01  9.697e-01  9.715e-01  9.734e-01 	
 5.676e-01  5.307e-01  5.380e-01  5.526e-01  5.649e-01  5.754e-01  5.865e-01  5.996e-01  6.152e-01  6.331e-01  6.526e-01  6.728e-01  6.933e-01  7.140e-01  7.336e-01  7.530e-01  7.708e-01  7.876e-01  8.031e-01  8.177e-01  8.308e-01  8.434e-01  8.544e-01  8.645e-01  8.743e-01  8.831e-01  8.911e-01  8.983e-01  9.050e-01  9.112e-01  9.171e-01  9.225e-01  9.270e-01  9.315e-01  9.356e-01  9.392e-01  9.429e-01  9.465e-01  9.493e-01  9.520e-01  9.547e-01  9.570e-01  9.593e-01  9.612e-01  9.635e-01  9.653e-01  9.672e-01  9.685e-01  9.709e-01  9.723e-01 	
 5.908e-01  5.378e-01  5.394e-01  5.505e-01  5.606e-01  5.695e-01  5.793e-01  5.916e-01  6.069e-01  6.242e-01  6.440e-01  6.645e-01  6.856e-01  7.066e-01  7.265e-01  7.462e-01  7.643e-01  7.816e-01  7.973e-01  8.122e-01  8.262e-01  8.386e-01  8.501e-01  8.607e-01  8.706e-01  8.795e-01  8.876e-01  8.952e-01  9.025e-01  9.088e-01  9.142e-01  9.201e-01  9.247e-01  9.292e-01  9.338e-01  9.379e-01  9.411e-01  9.443e-01  9.480e-01  9.508e-01  9.531e-01  9.558e-01  9.582e-01  9.605e-01  9.623e-01  9.642e-01  9.660e-01  9.679e-01  9.698e-01  9.716e-01 	
 6.127e-01  5.460e-01  5.419e-01  5.505e-01  5.583e-01  5.652e-01  5.736e-01  5.854e-01  5.996e-01  6.172e-01  6.363e-01  6.574e-01  6.785e-01  6.998e-01  7.203e-01  7.398e-01  7.585e-01  7.761e-01  7.923e-01  8.074e-01  8.220e-01  8.346e-01  8.466e-01  8.574e-01  8.673e-01  8.763e-01  8.849e-01  8.927e-01  8.999e-01  9.063e-01  9.127e-01  9.178e-01  9.228e-01  9.278e-01  9.320e-01  9.357e-01  9.398e-01  9.431e-01  9.463e-01  9.496e-01  9.523e-01  9.547e-01  9.570e-01  9.593e-01  9.612e-01  9.631e-01  9.654e-01  9.668e-01  9.687e-01  9.710e-01 	
 6.333e-01  5.544e-01  5.459e-01  5.519e-01  5.575e-01  5.628e-01  5.702e-01  5.805e-01  5.944e-01  6.116e-01  6.309e-01  6.515e-01  6.728e-01  6.943e-01  7.147e-01  7.348e-01  7.538e-01  7.719e-01  7.884e-01  8.036e-01  8.179e-01  8.310e-01  8.436e-01  8.545e-01  8.645e-01  8.741e-01  8.823e-01  8.906e-01  8.974e-01  9.043e-01  9.108e-01  9.158e-01  9.214e-01  9.260e-01  9.307e-01  9.344e-01  9.386e-01  9.418e-01  9.451e-01  9.483e-01  9.511e-01  9.535e-01  9.563e-01  9.582e-01  9.605e-01  9.624e-01  9.647e-01  9.666e-01  9.680e-01  9.704e-01 	
 6.521e-01  5.631e-01  5.507e-01  5.538e-01  5.578e-01  5.616e-01  5.677e-01  5.774e-01  5.906e-01  6.072e-01  6.264e-01  6.471e-01  6.686e-01  6.900e-01  7.110e-01  7.309e-01  7.501e-01  7.684e-01  7.850e-01  8.004e-01  8.153e-01  8.284e-01  8.403e-01  8.517e-01  8.623e-01  8.719e-01  8.806e-01  8.885e-01  8.959e-01  9.028e-01  9.089e-01  9.145e-01  9.200e-01  9.252e-01  9.294e-01  9.336e-01  9.378e-01  9.406e-01  9.443e-01  9.476e-01  9.500e-01  9.528e-01  9.552e-01  9.575e-01  9.599e-01  9.618e-01  9.641e-01  9.660e-01  9.679e-01  9.698e-01 	
 6.704e-01  5.727e-01  5.561e-01  5.570e-01  5.591e-01  5.614e-01  5.665e-01  5.752e-01  5.880e-01  6.045e-01  6.233e-01  6.439e-01  6.648e-01  6.868e-01  7.076e-01  7.281e-01  7.470e-01  7.655e-01  7.826e-01  7.981e-01  8.127e-01  8.261e-01  8.384e-01  8.500e-01  8.601e-01  8.698e-01  8.791e-01  8.869e-01  8.944e-01  9.009e-01  9.079e-01  9.135e-01  9.192e-01  9.238e-01  9.285e-01  9.323e-01  9.365e-01  9.403e-01  9.436e-01  9.469e-01  9.493e-01  9.521e-01  9.550e-01  9.569e-01  9.592e-01  9.611e-01  9.635e-01  9.654e-01  9.673e-01  9.697e-01 	
 6.860e-01  5.818e-01  5.617e-01  5.604e-01  5.607e-01  5.619e-01  5.659e-01  5.744e-01  5.866e-01  6.023e-01  6.210e-01  6.413e-01  6.628e-01  6.841e-01  7.051e-01  7.254e-01  7.449e-01  7.631e-01  7.800e-01  7.961e-01  8.107e-01  8.241e-01  8.370e-01  8.486e-01  8.589e-01  8.687e-01  8.780e-01  8.859e-01  8.934e-01  9.000e-01  9.066e-01  9.122e-01  9.179e-01  9.230e-01  9.273e-01  9.315e-01  9.358e-01  9.396e-01  9.429e-01  9.462e-01  9.486e-01  9.515e-01  9.543e-01  9.567e-01  9.586e-01  9.610e-01  9.629e-01  9.648e-01  9.667e-01  9.691e-01 	
 7.003e-01  5.898e-01  5.668e-01  5.638e-01  5.632e-01  5.633e-01  5.664e-01  5.736e-01  5.859e-01  6.012e-01  6.193e-01  6.394e-01  6.611e-01  6.822e-01  7.033e-01  7.237e-01  7.430e-01  7.613e-01  7.788e-01  7.949e-01  8.093e-01  8.227e-01  8.353e-01  8.474e-01  8.578e-01  8.676e-01  8.765e-01  8.845e-01  8.925e-01  8.991e-01  9.057e-01  9.118e-01  9.171e-01  9.223e-01  9.270e-01  9.313e-01  9.351e-01  9.389e-01  9.422e-01  9.451e-01  9.480e-01  9.513e-01  9.537e-01  9.561e-01  9.585e-01  9.604e-01  9.628e-01  9.647e-01  9.666e-01  9.690e-01 	
 7.120e-01  5.975e-01  5.719e-01  5.674e-01  5.653e-01  5.645e-01  5.672e-01  5.739e-01  5.856e-01  6.007e-01  6.185e-01  6.385e-01  6.600e-01  6.808e-01  7.021e-01  7.226e-01  7.420e-01  7.601e-01  7.776e-01  7.934e-01  8.084e-01  8.219e-01  8.345e-01  8.463e-01  8.567e-01  8.670e-01  8.760e-01  8.840e-01  8.920e-01  8.987e-01  9.053e-01  9.110e-01  9.167e-01  9.220e-01  9.263e-01  9.306e-01  9.348e-01  9.387e-01  9.420e-01  9.449e-01  9.478e-01  9.507e-01  9.530e-01  9.554e-01  9.578e-01  9.603e-01  9.622e-01  9.646e-01  9.665e-01  9.689e-01 	
 7.216e-01  6.041e-01  5.768e-01  5.706e-01  5.674e-01  5.662e-01  5.681e-01  5.745e-01  5.855e-01  6.005e-01  6.181e-01  6.382e-01  6.590e-01  6.804e-01  7.014e-01  7.217e-01  7.407e-01  7.593e-01  7.766e-01  7.925e-01  8.071e-01  8.211e-01  8.334e-01  8.456e-01  8.560e-01  8.660e-01  8.750e-01  8.831e-01  8.912e-01  8.983e-01  9.045e-01  9.107e-01  9.160e-01  9.213e-01  9.260e-01  9.303e-01  9.342e-01  9.380e-01  9.414e-01  9.447e-01  9.476e-01  9.505e-01  9.529e-01  9.553e-01  9.577e-01  9.597e-01  9.621e-01  9.640e-01  9.664e-01  9.684e-01 	
 7.295e-01  6.099e-01  5.806e-01  5.734e-01  5.693e-01  5.676e-01  5.691e-01  5.750e-01  5.856e-01  6.007e-01  6.181e-01  6.375e-01  6.585e-01  6.796e-01  7.004e-01  7.208e-01  7.405e-01  7.587e-01  7.756e-01  7.920e-01  8.067e-01  8.205e-01  8.332e-01  8.450e-01  8.556e-01  8.655e-01  8.746e-01  8.831e-01  8.903e-01  8.980e-01  9.042e-01  9.100e-01  9.157e-01  9.210e-01  9.258e-01  9.301e-01  9.340e-01  9.378e-01  9.412e-01  9.446e-01  9.475e-01  9.499e-01  9.528e-01  9.552e-01  9.576e-01  9.600e-01  9.615e-01  9.639e-01  9.659e-01  9.683e-01 	
 7.357e-01  6.145e-01  5.841e-01  5.755e-01  5.712e-01  5.690e-01  5.700e-01  5.755e-01  5.858e-01  6.008e-01  6.178e-01  6.378e-01  6.581e-01  6.794e-01  7.000e-01  7.206e-01  7.398e-01  7.582e-01  7.752e-01  7.912e-01  8.060e-01  8.198e-01  8.326e-01  8.445e-01  8.551e-01  8.651e-01  8.742e-01  8.823e-01  8.900e-01  8.972e-01  9.039e-01  9.097e-01  9.155e-01  9.203e-01  9.251e-01  9.295e-01  9.338e-01  9.372e-01  9.411e-01  9.444e-01  9.473e-01  9.498e-01  9.527e-01  9.551e-01  9.575e-01  9.595e-01  9.614e-01  9.638e-01  9.663e-01  9.687e-01 	
 7.410e-01  6.192e-01  5.871e-01  5.781e-01  5.728e-01  5.700e-01  5.710e-01  5.762e-01  5.863e-01  6.009e-01  6.182e-01  6.375e-01  6.584e-01  6.790e-01  6.996e-01  7.203e-01  7.397e-01  7.577e-01  7.748e-01  7.905e-01  8.058e-01  8.196e-01  8.320e-01  8.436e-01  8.546e-01  8.642e-01  8.738e-01  8.820e-01  8.897e-01  8.974e-01  9.036e-01  9.094e-01  9.152e-01  9.206e-01  9.254e-01  9.298e-01  9.332e-01  9.370e-01  9.409e-01  9.443e-01  9.468e-01  9.497e-01  9.526e-01  9.545e-01  9.569e-01  9.594e-01  9.613e-01  9.638e-01  9.657e-01  9.681e-01 	
 7.463e-01  6.233e-01  5.899e-01  5.798e-01  5.742e-01  5.711e-01  5.716e-01  5.766e-01  5.866e-01  6.009e-01  6.183e-01  6.374e-01  6.579e-01  6.790e-01  6.994e-01  7.197e-01  7.393e-01  7.574e-01  7.746e-01  7.903e-01  8.056e-01  8.191e-01  8.320e-01  8.436e-01  8.546e-01  8.643e-01  8.735e-01  8.817e-01  8.899e-01  8.966e-01  9.034e-01  9.097e-01  9.146e-01  9.199e-01  9.248e-01  9.291e-01  9.335e-01  9.369e-01  9.403e-01  9.437e-01  9.466e-01  9.496e-01  9.525e-01  9.544e-01  9.569e-01  9.588e-01  9.613e-01  9.637e-01  9.661e-01  9.686e-01 	
 7.522e-01  6.281e-01  5.940e-01  5.826e-01  5.764e-01  5.724e-01  5.727e-01  5.777e-01  5.877e-01  6.011e-01  6.186e-01  6.373e-01  6.580e-01  6.784e-01  6.989e-01  7.193e-01  7.389e-01  7.567e-01  7.739e-01  7.902e-01  8.047e-01  8.186e-01  8.311e-01  8.432e-01  8.538e-01  8.640e-01  8.732e-01  8.814e-01  8.892e-01  8.964e-01  9.027e-01  9.090e-01  9.149e-01  9.198e-01  9.246e-01  9.290e-01  9.334e-01  9.368e-01  9.402e-01  9.431e-01  9.465e-01  9.490e-01  9.519e-01  9.539e-01  9.568e-01  9.592e-01  9.612e-01  9.631e-01  9.661e-01  9.685e-01 	
 7.624e-01  6.380e-01  6.017e-01  5.887e-01  5.816e-01  5.779e-01  5.779e-01  5.832e-01  5.925e-01  6.062e-01  6.230e-01  6.410e-01  6.613e-01  6.814e-01  7.015e-01  7.211e-01  7.399e-01  7.582e-01  7.746e-01  7.904e-01  8.050e-01  8.185e-01  8.315e-01  8.432e-01  8.539e-01  8.641e-01  8.728e-01  8.815e-01  8.893e-01  8.966e-01  9.025e-01  9.088e-01  9.147e-01  9.200e-01  9.244e-01  9.288e-01  9.332e-01  9.366e-01  9.405e-01  9.435e-01  9.469e-01  9.494e-01  9.523e-01  9.552e-01  9.572e-01  9.596e-01  9.626e-01  9.655e-01  9.684e-01  9.713e-01 	
