 7.547e-03  6.492e-03  5.585e-03  4.804e-03  4.132e-03  3.554e-03  3.057e-03  2.629e-03  2.261e-03  1.945e-03  1.673e-03  1.439e-03  1.237e-03  1.064e-03  9.150e-04  7.869e-04  6.767e-04  5.820e-04  5.005e-04  4.304e-04  3.701e-04  3.183e-04  2.737e-04  2.354e-04  2.024e-04  1.741e-04  1.497e-04  1.287e-04  1.105e-04  9.419e-05  8.056e-05  6.961e-05  6.007e-05  5.101e-05  4.338e-05  3.712e-05  3.185e-05  2.721e-05  2.313e-05  1.962e-05  1.655e-05  1.372e-05  1.091e-05  7.481e-06  2.481e-05  1.056e-05  8.141e-06  6.651e-06  5.524e-06  4.599e-06 	
 1.098e-02  9.444e-03  8.126e-03  6.991e-03  6.014e-03  5.173e-03  4.450e-03  3.828e-03  3.292e-03  2.832e-03  2.435e-03  2.095e-03  1.801e-03  1.549e-03  1.332e-03  1.146e-03  9.854e-04  8.475e-04  7.288e-04  6.268e-04  5.390e-04  4.635e-04  3.986e-04  3.428e-04  2.948e-04  2.535e-04  2.180e-04  1.875e-04  1.609e-04  1.372e-04  1.173e-04  1.014e-04  8.748e-05  7.429e-05  6.317e-05  5.406e-05  4.639e-05  3.963e-05  3.369e-05  2.857e-05  2.410e-05  1.998e-05  1.588e-05  1.089e-05  3.613e-05  1.537e-05  1.186e-05  9.686e-06  8.046e-06  6.698e-06 	
 1.596e-02  1.373e-02  1.182e-02  1.017e-02  8.749e-03  7.527e-03  6.475e-03  5.570e-03  4.792e-03  4.122e-03  3.545e-03  3.049e-03  2.623e-03  2.256e-03  1.940e-03  1.668e-03  1.435e-03  1.234e-03  1.061e-03  9.127e-04  7.849e-04  6.750e-04  5.805e-04  4.992e-04  4.293e-04  3.692e-04  3.175e-04  2.730e-04  2.343e-04  1.998e-04  1.709e-04  1.476e-04  1.274e-04  1.082e-04  9.200e-05  7.873e-05  6.756e-05  5.772e-05  4.907e-05  4.160e-05  3.510e-05  2.910e-05  2.314e-05  1.587e-05  5.261e-05  2.239e-05  1.727e-05  1.411e-05  1.172e-05  9.755e-06 	
 2.318e-02  1.996e-02  1.718e-02  1.478e-02  1.272e-02  1.095e-02  9.420e-03  8.104e-03  6.972e-03  5.998e-03  5.160e-03  4.438e-03  3.818e-03  3.284e-03  2.824e-03  2.429e-03  2.089e-03  1.797e-03  1.545e-03  1.329e-03  1.143e-03  9.829e-04  8.453e-04  7.269e-04  6.251e-04  5.376e-04  4.623e-04  3.976e-04  3.412e-04  2.909e-04  2.488e-04  2.150e-04  1.855e-04  1.576e-04  1.340e-04  1.147e-04  9.839e-05  8.406e-05  7.146e-05  6.059e-05  5.112e-05  4.238e-05  3.369e-05  2.311e-05  7.662e-05  3.261e-05  2.515e-05  2.054e-05  1.706e-05  1.421e-05 	
 3.366e-02  2.898e-02  2.495e-02  2.148e-02  1.849e-02  1.592e-02  1.370e-02  1.179e-02  1.014e-02  8.726e-03  7.507e-03  6.459e-03  5.556e-03  4.779e-03  4.111e-03  3.536e-03  3.041e-03  2.616e-03  2.250e-03  1.935e-03  1.664e-03  1.431e-03  1.231e-03  1.058e-03  9.103e-04  7.828e-04  6.732e-04  5.790e-04  4.969e-04  4.237e-04  3.624e-04  3.131e-04  2.702e-04  2.295e-04  1.951e-04  1.670e-04  1.433e-04  1.224e-04  1.041e-04  8.824e-05  7.445e-05  6.172e-05  4.907e-05  3.365e-05  1.116e-04  4.749e-05  3.662e-05  2.992e-05  2.485e-05  2.069e-05 	
 4.885e-02  4.207e-02  3.623e-02  3.119e-02  2.686e-02  2.312e-02  1.991e-02  1.713e-02  1.475e-02  1.269e-02  1.092e-02  9.395e-03  8.084e-03  6.954e-03  5.983e-03  5.146e-03  4.427e-03  3.808e-03  3.275e-03  2.817e-03  2.423e-03  2.084e-03  1.792e-03  1.541e-03  1.325e-03  1.140e-03  9.803e-04  8.431e-04  7.236e-04  6.169e-04  5.277e-04  4.560e-04  3.935e-04  3.342e-04  2.842e-04  2.432e-04  2.087e-04  1.783e-04  1.516e-04  1.285e-04  1.084e-04  8.989e-05  7.146e-05  4.901e-05  1.625e-04  6.916e-05  5.333e-05  4.357e-05  3.619e-05  3.013e-05 	
 7.090e-02  6.104e-02  5.257e-02  4.527e-02  3.899e-02  3.357e-02  2.891e-02  2.489e-02  2.143e-02  1.844e-02  1.587e-02  1.366e-02  1.176e-02  1.012e-02  8.704e-03  7.488e-03  6.442e-03  5.542e-03  4.767e-03  4.100e-03  3.527e-03  3.033e-03  2.609e-03  2.244e-03  1.930e-03  1.660e-03  1.427e-03  1.228e-03  1.054e-03  8.984e-04  7.684e-04  6.640e-04  5.730e-04  4.866e-04  4.138e-04  3.541e-04  3.039e-04  2.596e-04  2.207e-04  1.871e-04  1.579e-04  1.309e-04  1.041e-04  7.139e-05  2.366e-04  1.007e-04  7.767e-05  6.346e-05  5.271e-05  4.388e-05 	
 1.032e-01  8.871e-02  7.632e-02  6.570e-02  5.657e-02  4.872e-02  4.196e-02  3.613e-02  3.111e-02  2.679e-02  2.306e-02  1.985e-02  1.709e-02  1.471e-02  1.266e-02  1.089e-02  9.371e-03  8.063e-03  6.936e-03  5.967e-03  5.133e-03  4.415e-03  3.798e-03  3.267e-03  2.810e-03  2.416e-03  2.078e-03  1.787e-03  1.534e-03  1.308e-03  1.119e-03  9.669e-04  8.344e-04  7.086e-04  6.026e-04  5.157e-04  4.425e-04  3.781e-04  3.214e-04  2.725e-04  2.300e-04  1.907e-04  1.516e-04  1.040e-04  3.445e-04  1.467e-04  1.131e-04  9.241e-05  7.676e-05  6.391e-05 	
 1.513e-01  1.296e-01  1.112e-01  9.553e-02  8.217e-02  7.072e-02  6.089e-02  5.243e-02  4.515e-02  3.889e-02  3.349e-02  2.883e-02  2.483e-02  2.137e-02  1.840e-02  1.583e-02  1.363e-02  1.173e-02  1.009e-02  8.681e-03  7.469e-03  6.425e-03  5.527e-03  4.754e-03  4.090e-03  3.518e-03  3.026e-03  2.602e-03  2.234e-03  1.905e-03  1.629e-03  1.408e-03  1.215e-03  1.032e-03  8.775e-04  7.510e-04  6.444e-04  5.506e-04  4.681e-04  3.969e-04  3.349e-04  2.777e-04  2.207e-04  1.514e-04  5.016e-04  2.136e-04  1.647e-04  1.346e-04  1.118e-04  9.307e-05 	
 2.261e-01  1.918e-01  1.635e-01  1.398e-01  1.198e-01  1.029e-01  8.847e-02  7.613e-02  6.553e-02  5.643e-02  4.859e-02  4.185e-02  3.604e-02  3.103e-02  2.672e-02  2.300e-02  1.980e-02  1.704e-02  1.467e-02  1.262e-02  1.086e-02  9.347e-03  8.042e-03  6.918e-03  5.952e-03  5.120e-03  4.404e-03  3.788e-03  3.252e-03  2.773e-03  2.372e-03  2.050e-03  1.769e-03  1.503e-03  1.278e-03  1.094e-03  9.384e-04  8.018e-04  6.816e-04  5.780e-04  4.877e-04  4.044e-04  3.215e-04  2.206e-04  7.303e-04  3.111e-04  2.399e-04  1.960e-04  1.628e-04  1.355e-04 	
 3.488e-01  2.920e-01  2.457e-01  2.079e-01  1.768e-01  1.509e-01  1.292e-01  1.109e-01  9.528e-02  8.196e-02  7.054e-02  6.073e-02  5.230e-02  4.504e-02  3.879e-02  3.340e-02  2.876e-02  2.476e-02  2.132e-02  1.835e-02  1.579e-02  1.359e-02  1.170e-02  1.006e-02  8.659e-03  7.449e-03  6.408e-03  5.513e-03  4.733e-03  4.036e-03  3.453e-03  2.984e-03  2.575e-03  2.188e-03  1.861e-03  1.592e-03  1.366e-03  1.168e-03  9.926e-04  8.417e-04  7.102e-04  5.889e-04  4.682e-04  3.214e-04  1.063e-03  4.530e-04  3.494e-04  2.854e-04  2.371e-04  1.974e-04 	
 5.313e-01  4.543e-01  3.810e-01  3.185e-01  2.672e-01  2.255e-01  1.913e-01  1.630e-01  1.394e-01  1.195e-01  1.026e-01  8.825e-02  7.593e-02  6.536e-02  5.628e-02  4.847e-02  4.174e-02  3.595e-02  3.095e-02  2.665e-02  2.294e-02  1.975e-02  1.700e-02  1.463e-02  1.259e-02  1.083e-02  9.323e-03  8.021e-03  6.887e-03  5.874e-03  5.026e-03  4.344e-03  3.749e-03  3.185e-03  2.709e-03  2.318e-03  1.990e-03  1.700e-03  1.445e-03  1.226e-03  1.034e-03  8.576e-04  6.819e-04  4.683e-04  1.547e-03  6.597e-04  5.087e-04  4.156e-04  3.453e-04  2.875e-04 	
 6.264e-01  6.144e-01  5.656e-01  4.925e-01  4.159e-01  3.477e-01  2.911e-01  2.449e-01  2.073e-01  1.763e-01  1.505e-01  1.289e-01  1.106e-01  9.503e-02  8.174e-02  7.035e-02  6.057e-02  5.216e-02  4.492e-02  3.869e-02  3.331e-02  2.869e-02  2.470e-02  2.126e-02  1.830e-02  1.575e-02  1.356e-02  1.167e-02  1.002e-02  8.547e-03  7.314e-03  6.322e-03  5.457e-03  4.636e-03  3.943e-03  3.375e-03  2.897e-03  2.475e-03  2.105e-03  1.785e-03  1.506e-03  1.249e-03  9.932e-04  6.825e-04  2.251e-03  9.606e-04  7.408e-04  6.053e-04  5.028e-04  4.186e-04 	
 6.267e-01  6.146e-01  6.227e-01  6.246e-01  5.939e-01  5.301e-01  4.529e-01  3.798e-01  3.175e-01  2.664e-01  2.248e-01  1.908e-01  1.626e-01  1.390e-01  1.192e-01  1.024e-01  8.802e-02  7.573e-02  6.519e-02  5.614e-02  4.834e-02  4.163e-02  3.585e-02  3.087e-02  2.658e-02  2.289e-02  1.970e-02  1.696e-02  1.457e-02  1.243e-02  1.064e-02  9.198e-03  7.939e-03  6.746e-03  5.739e-03  4.913e-03  4.217e-03  3.604e-03  3.064e-03  2.599e-03  2.193e-03  1.819e-03  1.447e-03  9.950e-04  3.274e-03  1.399e-03  1.079e-03  8.814e-04  7.322e-04  6.096e-04 	
 7.267e-01  6.922e-01  6.436e-01  6.170e-01  6.175e-01  6.264e-01  6.138e-01  5.645e-01  4.912e-01  4.146e-01  3.467e-01  2.902e-01  2.442e-01  2.067e-01  1.758e-01  1.501e-01  1.285e-01  1.103e-01  9.479e-02  8.153e-02  7.017e-02  6.042e-02  5.203e-02  4.481e-02  3.859e-02  3.323e-02  2.861e-02  2.463e-02  2.117e-02  1.807e-02  1.547e-02  1.338e-02  1.155e-02  9.814e-03  8.351e-03  7.150e-03  6.137e-03  5.246e-03  4.460e-03  3.783e-03  3.193e-03  2.648e-03  2.107e-03  1.451e-03  4.757e-03  2.036e-03  1.571e-03  1.283e-03  1.066e-03  8.877e-04 	
 7.194e-01  7.227e-01  7.307e-01  7.135e-01  6.664e-01  6.263e-01  6.146e-01  6.228e-01  6.244e-01  5.931e-01  5.288e-01  4.516e-01  3.786e-01  3.165e-01  2.656e-01  2.242e-01  1.902e-01  1.622e-01  1.387e-01  1.189e-01  1.021e-01  8.779e-02  7.554e-02  6.503e-02  5.599e-02  4.822e-02  4.153e-02  3.576e-02  3.074e-02  2.625e-02  2.248e-02  1.945e-02  1.679e-02  1.427e-02  1.215e-02  1.040e-02  8.931e-03  7.634e-03  6.492e-03  5.507e-03  4.649e-03  3.856e-03  3.069e-03  2.118e-03  6.907e-03  2.965e-03  2.287e-03  1.869e-03  1.552e-03  1.293e-03 	
 7.382e-01  7.498e-01  7.296e-01  7.179e-01  7.285e-01  7.265e-01  6.914e-01  6.429e-01  6.168e-01  6.177e-01  6.265e-01  6.133e-01  5.634e-01  4.898e-01  4.133e-01  3.456e-01  2.894e-01  2.435e-01  2.061e-01  1.753e-01  1.497e-01  1.282e-01  1.100e-01  9.454e-02  8.132e-02  6.999e-02  6.026e-02  5.189e-02  4.461e-02  3.812e-02  3.266e-02  2.825e-02  2.440e-02  2.074e-02  1.766e-02  1.513e-02  1.299e-02  1.111e-02  9.448e-03  8.016e-03  6.768e-03  5.615e-03  4.471e-03  3.095e-03  1.001e-02  4.315e-03  3.329e-03  2.720e-03  2.260e-03  1.882e-03 	
 7.017e-01  7.290e-01  7.240e-01  7.490e-01  7.423e-01  7.192e-01  7.230e-01  7.307e-01  7.129e-01  6.655e-01  6.258e-01  6.146e-01  6.230e-01  6.241e-01  5.922e-01  5.275e-01  4.503e-01  3.775e-01  3.156e-01  2.649e-01  2.236e-01  1.897e-01  1.617e-01  1.383e-01  1.186e-01  1.018e-01  8.756e-02  7.534e-02  6.474e-02  5.534e-02  4.743e-02  4.104e-02  3.544e-02  3.013e-02  2.567e-02  2.200e-02  1.889e-02  1.615e-02  1.374e-02  1.166e-02  9.850e-03  8.176e-03  6.515e-03  4.527e-03  1.448e-02  6.280e-03  4.845e-03  3.960e-03  3.290e-03  2.740e-03 	
 5.854e-01  6.686e-01  6.804e-01  7.231e-01  7.238e-01  7.388e-01  7.497e-01  7.292e-01  7.180e-01  7.286e-01  7.262e-01  6.905e-01  6.422e-01  6.166e-01  6.178e-01  6.265e-01  6.127e-01  5.623e-01  4.885e-01  4.121e-01  3.445e-01  2.885e-01  2.428e-01  2.055e-01  1.748e-01  1.493e-01  1.279e-01  1.097e-01  9.413e-02  8.041e-02  6.892e-02  5.962e-02  5.146e-02  4.376e-02  3.729e-02  3.197e-02  2.746e-02  2.349e-02  1.999e-02  1.697e-02  1.434e-02  1.190e-02  9.496e-03  6.637e-03  2.087e-02  9.137e-03  7.049e-03  5.763e-03  4.789e-03  3.989e-03 	
 4.919e-01  4.499e-01  6.070e-01  6.198e-01  6.873e-01  7.027e-01  7.290e-01  7.243e-01  7.492e-01  7.420e-01  7.190e-01  7.232e-01  7.307e-01  7.122e-01  6.647e-01  6.254e-01  6.146e-01  6.232e-01  6.239e-01  5.913e-01  5.262e-01  4.490e-01  3.763e-01  3.146e-01  2.641e-01  2.229e-01  1.892e-01  1.613e-01  1.377e-01  1.173e-01  1.004e-01  8.678e-02  7.480e-02  6.355e-02  5.418e-02  4.646e-02  3.991e-02  3.414e-02  2.907e-02  2.468e-02  2.086e-02  1.733e-02  1.384e-02  9.756e-03  2.987e-02  1.329e-02  1.025e-02  8.384e-03  6.969e-03  5.806e-03 	
 5.925e-01  5.184e-01  3.874e-01  4.963e-01  5.602e-01  5.844e-01  6.698e-01  6.805e-01  7.236e-01  7.235e-01  7.393e-01  7.496e-01  7.287e-01  7.181e-01  7.288e-01  7.259e-01  6.897e-01  6.415e-01  6.164e-01  6.180e-01  6.265e-01  6.122e-01  5.611e-01  4.871e-01  4.108e-01  3.435e-01  2.876e-01  2.421e-01  2.045e-01  1.731e-01  1.475e-01  1.271e-01  1.091e-01  9.246e-02  7.880e-02  6.757e-02  5.804e-02  4.964e-02  4.226e-02  3.590e-02  3.035e-02  2.524e-02  2.020e-02  1.439e-02  4.225e-02  1.933e-02  1.491e-02  1.220e-02  1.014e-02  8.448e-03 	
 7.923e-01  7.356e-01  6.031e-01  5.065e-01  4.657e-01  4.934e-01  4.517e-01  6.074e-01  6.220e-01  6.873e-01  7.037e-01  7.289e-01  7.247e-01  7.494e-01  7.416e-01  7.188e-01  7.234e-01  7.307e-01  7.116e-01  6.638e-01  6.250e-01  6.147e-01  6.234e-01  6.237e-01  5.904e-01  5.249e-01  4.476e-01  3.751e-01  3.128e-01  2.613e-01  2.205e-01  1.887e-01  1.608e-01  1.353e-01  1.151e-01  9.856e-02  8.457e-02  7.225e-02  6.149e-02  5.224e-02  4.417e-02  3.675e-02  2.948e-02  2.134e-02  5.830e-02  2.810e-02  2.168e-02  1.773e-02  1.475e-02  1.229e-02 	
 7.372e-01  7.326e-01  7.715e-01  7.439e-01  6.730e-01  5.889e-01  5.181e-01  3.892e-01  4.955e-01  5.631e-01  5.836e-01  6.709e-01  6.807e-01  7.240e-01  7.233e-01  7.398e-01  7.494e-01  7.283e-01  7.182e-01  7.289e-01  7.255e-01  6.888e-01  6.408e-01  6.162e-01  6.182e-01  6.266e-01  6.116e-01  5.600e-01  4.844e-01  4.055e-01  3.393e-01  2.876e-01  2.421e-01  2.009e-01  1.698e-01  1.449e-01  1.239e-01  1.056e-01  8.969e-02  7.615e-02  6.435e-02  5.357e-02  4.309e-02  3.183e-02  7.606e-02  4.088e-02  3.151e-02  2.578e-02  2.144e-02  1.788e-02 	
 7.434e-01  6.646e-01  7.250e-01  6.773e-01  7.957e-01  7.932e-01  7.381e-01  6.095e-01  4.982e-01  4.644e-01  4.947e-01  4.540e-01  6.077e-01  6.242e-01  6.872e-01  7.047e-01  7.289e-01  7.251e-01  7.495e-01  7.412e-01  7.186e-01  7.236e-01  7.306e-01  7.109e-01  6.630e-01  6.245e-01  6.147e-01  6.235e-01  6.238e-01  5.868e-01  5.178e-01  4.468e-01  3.755e-01  3.064e-01  2.559e-01  2.165e-01  1.839e-01  1.557e-01  1.316e-01  1.115e-01  9.401e-02  7.824e-02  6.310e-02  4.777e-02  8.638e-02  5.959e-02  4.583e-02  3.748e-02  3.118e-02  2.601e-02 	
 7.671e-01  7.739e-01  7.598e-01  7.140e-01  7.170e-01  7.259e-01  7.441e-01  7.764e-01  7.467e-01  6.745e-01  5.855e-01  5.176e-01  3.917e-01  4.945e-01  5.659e-01  5.830e-01  6.720e-01  6.809e-01  7.244e-01  7.231e-01  7.403e-01  7.493e-01  7.278e-01  7.184e-01  7.291e-01  7.252e-01  6.879e-01  6.402e-01  6.174e-01  6.313e-01  6.383e-01  6.143e-01  5.596e-01  4.729e-01  3.951e-01  3.319e-01  2.792e-01  2.337e-01  1.958e-01  1.648e-01  1.382e-01  1.147e-01  9.261e-02  7.205e-02  7.144e-02  8.733e-02  6.682e-02  5.457e-02  4.538e-02  3.784e-02 	
 7.430e-01  6.998e-01  7.375e-01  7.873e-01  7.421e-01  7.406e-01  6.417e-01  7.279e-01  6.824e-01  7.986e-01  7.934e-01  7.398e-01  6.155e-01  4.902e-01  4.632e-01  4.959e-01  4.567e-01  6.079e-01  6.264e-01  6.871e-01  7.056e-01  7.288e-01  7.255e-01  7.497e-01  7.408e-01  7.185e-01  7.238e-01  7.306e-01  7.104e-01  6.707e-01  6.473e-01  6.395e-01  6.369e-01  6.270e-01  5.773e-01  5.056e-01  4.309e-01  3.592e-01  2.976e-01  2.478e-01  2.058e-01  1.694e-01  1.363e-01  1.087e-01  4.430e-02  1.296e-01  9.802e-02  7.973e-02  6.619e-02  5.515e-02 	
 7.561e-01  7.886e-01  7.537e-01  7.251e-01  7.051e-01  7.661e-01  7.802e-01  7.561e-01  7.158e-01  7.233e-01  7.113e-01  7.546e-01  7.806e-01  7.490e-01  6.761e-01  5.823e-01  5.168e-01  3.949e-01  4.934e-01  5.687e-01  5.825e-01  6.731e-01  6.812e-01  7.247e-01  7.229e-01  7.408e-01  7.491e-01  7.274e-01  7.207e-01  7.441e-01  7.424e-01  7.092e-01  6.606e-01  6.372e-01  6.504e-01  6.445e-01  6.065e-01  5.380e-01  4.557e-01  3.792e-01  3.117e-01  2.531e-01  2.013e-01  1.622e-01  6.115e-02  1.977e-01  1.459e-01  1.175e-01  9.709e-02  8.068e-02 	
 7.760e-01  7.606e-01  7.459e-01  7.147e-01  7.793e-01  7.473e-01  7.015e-01  7.360e-01  7.875e-01  7.379e-01  7.319e-01  6.093e-01  7.304e-01  7.085e-01  8.003e-01  7.929e-01  7.408e-01  6.209e-01  4.829e-01  4.620e-01  4.969e-01  4.597e-01  6.081e-01  6.285e-01  6.870e-01  7.066e-01  7.288e-01  7.259e-01  7.520e-01  7.579e-01  7.548e-01  7.556e-01  7.497e-01  7.178e-01  6.818e-01  6.654e-01  6.619e-01  6.567e-01  6.247e-01  5.576e-01  4.709e-01  3.810e-01  2.969e-01  2.351e-01  1.310e-01  3.137e-01  2.234e-01  1.765e-01  1.443e-01  1.191e-01 	
 7.416e-01  8.060e-01  7.416e-01  7.673e-01  7.843e-01  7.619e-01  7.862e-01  7.500e-01  7.292e-01  7.046e-01  7.651e-01  7.841e-01  7.519e-01  7.174e-01  7.267e-01  6.941e-01  7.638e-01  7.839e-01  7.505e-01  6.777e-01  5.794e-01  5.158e-01  3.987e-01  4.921e-01  5.713e-01  5.822e-01  6.741e-01  6.816e-01  7.287e-01  7.562e-01  7.835e-01  7.843e-01  7.599e-01  7.489e-01  7.642e-01  7.509e-01  7.149e-01  6.825e-01  6.753e-01  6.723e-01  6.372e-01  5.523e-01  4.310e-01  3.234e-01  2.581e-01  4.744e-01  3.541e-01  2.735e-01  2.195e-01  1.787e-01 	
 7.955e-01  7.997e-01  7.876e-01  7.745e-01  7.644e-01  7.762e-01  7.973e-01  7.460e-01  7.496e-01  7.693e-01  7.534e-01  7.030e-01  7.347e-01  7.873e-01  7.189e-01  6.934e-01  5.857e-01  7.326e-01  7.340e-01  8.011e-01  7.917e-01  7.412e-01  6.256e-01  4.766e-01  4.607e-01  4.978e-01  4.631e-01  6.081e-01  6.400e-01  7.340e-01  7.730e-01  7.858e-01  7.736e-01  7.787e-01  7.818e-01  7.800e-01  7.803e-01  7.690e-01  7.350e-01  7.061e-01  6.975e-01  6.875e-01  5.910e-01  4.135e-01  4.147e-01  5.282e-01  5.248e-01  4.298e-01  3.435e-01  2.754e-01 	
 7.863e-01  7.812e-01  7.987e-01  7.788e-01  8.041e-01  7.538e-01  8.018e-01  7.421e-01  7.642e-01  7.546e-01  7.655e-01  7.828e-01  7.539e-01  7.324e-01  7.040e-01  7.640e-01  7.869e-01  7.474e-01  7.187e-01  7.284e-01  6.772e-01  7.716e-01  7.865e-01  7.512e-01  6.791e-01  5.768e-01  5.146e-01  4.029e-01  4.960e-01  6.606e-01  7.204e-01  7.659e-01  7.573e-01  7.725e-01  8.000e-01  8.112e-01  8.079e-01  7.952e-01  7.936e-01  7.867e-01  7.538e-01  7.321e-01  7.200e-01  4.897e-01  4.973e-01  5.911e-01  5.909e-01  5.843e-01  5.176e-01  4.278e-01 	
 8.024e-01  7.887e-01  7.991e-01  8.031e-01  7.885e-01  7.873e-01  7.792e-01  7.914e-01  7.677e-01  7.823e-01  7.415e-01  8.060e-01  7.426e-01  7.678e-01  7.574e-01  7.592e-01  7.031e-01  7.335e-01  7.869e-01  6.687e-01  6.587e-01  5.983e-01  7.342e-01  7.521e-01  8.011e-01  7.898e-01  7.409e-01  6.295e-01  4.629e-01  5.236e-01  6.584e-01  6.842e-01  7.120e-01  7.352e-01  7.952e-01  8.156e-01  8.266e-01  8.252e-01  8.235e-01  8.184e-01  8.147e-01  7.994e-01  7.792e-01  5.442e-01  5.469e-01  6.804e-01  6.572e-01  6.320e-01  6.286e-01  5.937e-01 	
 7.906e-01  7.962e-01  7.936e-01  7.759e-01  8.051e-01  7.757e-01  7.795e-01  7.876e-01  7.846e-01  8.032e-01  7.739e-01  7.968e-01  7.485e-01  7.674e-01  7.816e-01  7.675e-01  7.783e-01  7.622e-01  7.332e-01  7.025e-01  7.628e-01  7.890e-01  7.428e-01  7.198e-01  7.291e-01  6.662e-01  7.781e-01  7.883e-01  7.445e-01  6.827e-01  6.637e-01  6.763e-01  6.107e-01  6.143e-01  7.652e-01  7.992e-01  8.303e-01  8.312e-01  8.440e-01  8.493e-01  8.454e-01  8.449e-01  8.298e-01  5.772e-01  5.983e-01  6.983e-01  7.271e-01  7.170e-01  6.798e-01  6.650e-01 	
 7.994e-01  8.051e-01  8.030e-01  8.008e-01  8.091e-01  8.036e-01  7.819e-01  7.981e-01  7.911e-01  7.867e-01  7.747e-01  7.965e-01  7.895e-01  7.570e-01  7.941e-01  7.731e-01  8.071e-01  7.181e-01  7.723e-01  7.474e-01  7.631e-01  7.005e-01  7.321e-01  7.861e-01  7.233e-01  7.200e-01  6.277e-01  7.351e-01  7.791e-01  8.183e-01  8.228e-01  8.190e-01  7.333e-01  5.559e-01  6.582e-01  7.652e-01  8.047e-01  8.227e-01  8.510e-01  8.620e-01  8.715e-01  8.760e-01  8.802e-01  5.930e-01  6.291e-01  7.208e-01  7.578e-01  7.569e-01  7.599e-01  7.332e-01 	
 7.936e-01  8.098e-01  8.121e-01  8.018e-01  8.035e-01  7.994e-01  7.928e-01  7.985e-01  7.926e-01  7.996e-01  7.951e-01  7.899e-01  7.894e-01  7.839e-01  8.009e-01  7.790e-01  7.921e-01  7.559e-01  7.627e-01  7.796e-01  7.679e-01  7.729e-01  7.711e-01  7.303e-01  6.995e-01  7.617e-01  7.906e-01  7.383e-01  7.215e-01  7.911e-01  8.712e-01  8.897e-01  8.621e-01  7.283e-01  6.791e-01  7.215e-01  7.676e-01  7.985e-01  8.334e-01  8.665e-01  8.857e-01  8.979e-01  9.078e-01  6.002e-01  6.526e-01  7.777e-01  7.716e-01  7.929e-01  7.927e-01  7.897e-01 	
 8.046e-01  8.082e-01  8.059e-01  8.074e-01  8.049e-01  8.129e-01  8.082e-01  8.116e-01  8.055e-01  8.024e-01  8.003e-01  7.809e-01  7.901e-01  7.999e-01  7.812e-01  7.853e-01  7.940e-01  7.864e-01  7.739e-01  7.968e-01  7.701e-01  8.061e-01  7.238e-01  7.725e-01  7.468e-01  7.642e-01  6.946e-01  7.300e-01  7.856e-01  8.267e-01  8.531e-01  8.798e-01  8.680e-01  8.305e-01  8.367e-01  8.213e-01  8.030e-01  7.791e-01  8.077e-01  8.564e-01  8.859e-01  9.137e-01  9.328e-01  6.062e-01  6.708e-01  8.338e-01  7.938e-01  8.093e-01  8.199e-01  8.244e-01 	
 8.097e-01  8.142e-01  7.994e-01  8.063e-01  8.085e-01  8.007e-01  8.154e-01  8.060e-01  7.946e-01  7.849e-01  7.924e-01  7.891e-01  7.913e-01  7.854e-01  8.033e-01  8.021e-01  7.900e-01  8.031e-01  7.599e-01  7.989e-01  7.797e-01  7.873e-01  7.591e-01  7.592e-01  7.748e-01  7.659e-01  7.658e-01  7.785e-01  6.988e-01  8.308e-01  8.936e-01  9.067e-01  8.723e-01  8.085e-01  8.818e-01  9.032e-01  8.947e-01  8.540e-01  8.130e-01  8.393e-01  8.779e-01  9.227e-01  9.505e-01  6.120e-01  6.842e-01  8.545e-01  8.395e-01  8.241e-01  8.349e-01  8.485e-01 	
 8.199e-01  8.059e-01  8.138e-01  8.114e-01  8.108e-01  8.040e-01  8.074e-01  8.057e-01  8.095e-01  8.010e-01  7.982e-01  8.009e-01  7.942e-01  8.057e-01  8.132e-01  7.938e-01  7.917e-01  7.887e-01  7.931e-01  7.804e-01  7.961e-01  7.917e-01  7.829e-01  7.920e-01  7.953e-01  7.658e-01  8.041e-01  7.564e-01  7.686e-01  8.719e-01  8.953e-01  9.132e-01  8.969e-01  8.436e-01  8.711e-01  9.098e-01  9.234e-01  9.153e-01  8.867e-01  8.581e-01  8.601e-01  9.233e-01  9.630e-01  6.156e-01  6.941e-01  8.569e-01  8.805e-01  8.547e-01  8.506e-01  8.634e-01 	
 8.187e-01  8.157e-01  8.142e-01  8.112e-01  8.123e-01  8.145e-01  8.110e-01  8.046e-01  8.103e-01  8.155e-01  8.009e-01  8.026e-01  8.082e-01  8.033e-01  8.001e-01  8.012e-01  7.871e-01  7.878e-01  7.906e-01  8.023e-01  7.972e-01  7.895e-01  8.066e-01  7.773e-01  7.970e-01  7.785e-01  7.802e-01  7.441e-01  7.898e-01  8.696e-01  9.203e-01  9.341e-01  9.158e-01  8.398e-01  9.066e-01  9.228e-01  9.252e-01  9.262e-01  9.295e-01  9.165e-01  8.722e-01  9.169e-01  9.721e-01  6.178e-01  7.013e-01  8.672e-01  8.932e-01  8.935e-01  8.781e-01  8.753e-01 	
 8.153e-01  8.173e-01  8.145e-01  8.120e-01  8.115e-01  8.194e-01  8.106e-01  8.103e-01  8.181e-01  8.122e-01  8.046e-01  8.095e-01  8.148e-01  8.085e-01  8.032e-01  8.129e-01  8.143e-01  8.087e-01  8.152e-01  8.098e-01  8.006e-01  7.878e-01  7.877e-01  7.919e-01  7.854e-01  7.958e-01  7.896e-01  7.733e-01  8.036e-01  8.843e-01  9.323e-01  9.386e-01  9.236e-01  8.882e-01  9.069e-01  9.330e-01  9.400e-01  9.356e-01  9.340e-01  9.426e-01  9.232e-01  9.053e-01  9.787e-01  6.190e-01  7.065e-01  8.741e-01  8.951e-01  9.092e-01  9.064e-01  8.963e-01 	
 8.156e-01  8.146e-01  8.159e-01  8.166e-01  8.199e-01  8.178e-01  8.160e-01  8.135e-01  8.165e-01  8.153e-01  8.153e-01  8.109e-01  8.109e-01  8.018e-01  8.136e-01  8.084e-01  8.081e-01  8.050e-01  7.915e-01  8.000e-01  7.942e-01  7.866e-01  7.915e-01  8.020e-01  7.901e-01  7.973e-01  7.788e-01  8.022e-01  7.742e-01  9.014e-01  9.406e-01  9.442e-01  9.343e-01  8.914e-01  9.302e-01  9.449e-01  9.444e-01  9.437e-01  9.459e-01  9.475e-01  9.482e-01  9.151e-01  9.836e-01  6.193e-01  7.103e-01  8.788e-01  9.020e-01  9.118e-01  9.198e-01  9.181e-01 	
 8.201e-01  8.185e-01  8.183e-01  8.172e-01  8.097e-01  8.152e-01  8.156e-01  8.125e-01  8.131e-01  8.132e-01  8.153e-01  8.084e-01  8.139e-01  8.125e-01  8.181e-01  8.135e-01  8.090e-01  8.094e-01  8.059e-01  8.048e-01  8.087e-01  8.049e-01  8.024e-01  7.984e-01  8.085e-01  7.930e-01  7.901e-01  7.785e-01  7.784e-01  9.204e-01  9.451e-01  9.479e-01  9.412e-01  9.044e-01  9.403e-01  9.488e-01  9.514e-01  9.512e-01  9.497e-01  9.556e-01  9.544e-01  9.455e-01  9.872e-01  6.189e-01  7.130e-01  8.825e-01  9.063e-01  9.164e-01  9.230e-01  9.294e-01 	
 8.207e-01  8.188e-01  8.204e-01  8.200e-01  8.183e-01  8.162e-01  8.193e-01  8.175e-01  8.164e-01  8.165e-01  8.193e-01  8.168e-01  8.181e-01  8.148e-01  8.119e-01  8.132e-01  8.136e-01  8.155e-01  8.057e-01  8.062e-01  8.025e-01  8.099e-01  7.991e-01  7.973e-01  7.967e-01  7.969e-01  8.013e-01  7.834e-01  7.990e-01  9.262e-01  9.486e-01  9.497e-01  9.463e-01  9.197e-01  9.471e-01  9.526e-01  9.542e-01  9.542e-01  9.567e-01  9.579e-01  9.618e-01  9.620e-01  9.896e-01  6.180e-01  7.149e-01  8.853e-01  9.095e-01  9.203e-01  9.266e-01  9.330e-01 	
 8.201e-01  8.220e-01  8.203e-01  8.199e-01  8.169e-01  8.187e-01  8.195e-01  8.200e-01  8.153e-01  8.155e-01  8.161e-01  8.167e-01  8.131e-01  8.134e-01  8.168e-01  8.193e-01  8.072e-01  8.069e-01  8.126e-01  8.104e-01  8.081e-01  8.046e-01  8.142e-01  8.051e-01  7.861e-01  8.086e-01  8.121e-01  8.080e-01  7.984e-01  9.352e-01  9.509e-01  9.508e-01  9.487e-01  9.294e-01  9.507e-01  9.551e-01  9.559e-01  9.564e-01  9.588e-01  9.619e-01  9.637e-01  9.686e-01  9.913e-01  6.166e-01  7.161e-01  8.875e-01  9.119e-01  9.231e-01  9.297e-01  9.360e-01 	
 8.223e-01  8.209e-01  8.195e-01  8.186e-01  8.189e-01  8.203e-01  8.189e-01  8.171e-01  8.182e-01  8.174e-01  8.152e-01  8.194e-01  8.163e-01  8.162e-01  8.212e-01  8.195e-01  8.183e-01  8.160e-01  8.091e-01  8.154e-01  8.200e-01  8.149e-01  8.049e-01  7.958e-01  8.164e-01  7.971e-01  8.159e-01  7.947e-01  8.010e-01  9.426e-01  9.523e-01  9.514e-01  9.501e-01  9.382e-01  9.537e-01  9.565e-01  9.567e-01  9.579e-01  9.603e-01  9.634e-01  9.671e-01  9.743e-01  9.924e-01  6.103e-01  7.168e-01  8.891e-01  9.138e-01  9.251e-01  9.321e-01  9.386e-01 	
 8.216e-01  8.206e-01  8.230e-01  8.202e-01  8.196e-01  8.192e-01  8.218e-01  8.206e-01  8.197e-01  8.174e-01  8.205e-01  8.175e-01  8.197e-01  8.178e-01  8.209e-01  8.155e-01  8.142e-01  8.144e-01  8.143e-01  8.121e-01  8.187e-01  8.088e-01  8.101e-01  8.122e-01  8.152e-01  8.078e-01  8.042e-01  8.099e-01  8.087e-01  9.466e-01  9.530e-01  9.517e-01  9.507e-01  9.444e-01  9.554e-01  9.571e-01  9.574e-01  9.587e-01  9.612e-01  9.643e-01  9.686e-01  9.756e-01  9.929e-01  5.438e-01  7.172e-01  8.904e-01  9.152e-01  9.267e-01  9.339e-01  9.406e-01 	
 8.212e-01  8.227e-01  8.234e-01  8.205e-01  8.212e-01  8.217e-01  8.206e-01  8.209e-01  8.185e-01  8.186e-01  8.187e-01  8.196e-01  8.187e-01  8.182e-01  8.166e-01  8.164e-01  8.200e-01  8.152e-01  8.168e-01  8.157e-01  8.144e-01  8.203e-01  8.137e-01  8.149e-01  8.141e-01  8.133e-01  8.183e-01  8.083e-01  8.087e-01  9.498e-01  9.533e-01  9.520e-01  9.511e-01  9.488e-01  9.564e-01  9.576e-01  9.578e-01  9.592e-01  9.618e-01  9.649e-01  9.693e-01  9.774e-01  9.932e-01  4.555e-01  7.173e-01  8.914e-01  9.163e-01  9.280e-01  9.353e-01  9.421e-01 	
 8.227e-01  8.215e-01  8.214e-01  8.228e-01  8.220e-01  8.231e-01  8.221e-01  8.219e-01  8.219e-01  8.202e-01  8.196e-01  8.213e-01  8.190e-01  8.188e-01  8.198e-01  8.168e-01  8.159e-01  8.164e-01  8.155e-01  8.175e-01  8.175e-01  8.153e-01  8.170e-01  8.149e-01  8.104e-01  8.126e-01  8.102e-01  8.116e-01  8.129e-01  9.513e-01  9.535e-01  9.522e-01  9.514e-01  9.518e-01  9.569e-01  9.579e-01  9.582e-01  9.596e-01  9.623e-01  9.654e-01  9.699e-01  9.785e-01  9.934e-01  4.431e-01  7.172e-01  8.921e-01  9.172e-01  9.289e-01  9.364e-01  9.433e-01 	
 8.234e-01  8.227e-01  8.239e-01  8.214e-01  8.235e-01  8.214e-01  8.222e-01  8.223e-01  8.217e-01  8.211e-01  8.218e-01  8.214e-01  8.209e-01  8.199e-01  8.189e-01  8.192e-01  8.208e-01  8.182e-01  8.196e-01  8.195e-01  8.176e-01  8.193e-01  8.212e-01  8.162e-01  8.138e-01  8.139e-01  8.150e-01  8.153e-01  8.169e-01  9.521e-01  9.536e-01  9.523e-01  9.515e-01  9.533e-01  9.572e-01  9.581e-01  9.584e-01  9.599e-01  9.626e-01  9.657e-01  9.703e-01  9.790e-01  9.939e-01  4.024e-01  7.169e-01  8.926e-01  9.178e-01  9.297e-01  9.372e-01  9.443e-01 	
 8.221e-01  8.240e-01  8.223e-01  8.228e-01  8.213e-01  8.228e-01  8.228e-01  8.218e-01  8.208e-01  8.201e-01  8.225e-01  8.225e-01  8.205e-01  8.210e-01  8.213e-01  8.205e-01  8.205e-01  8.197e-01  8.197e-01  8.220e-01  8.181e-01  8.158e-01  8.190e-01  8.217e-01  8.168e-01  8.167e-01  8.143e-01  8.155e-01  8.180e-01  9.524e-01  9.537e-01  9.524e-01  9.516e-01  9.543e-01  9.573e-01  9.583e-01  9.586e-01  9.601e-01  9.628e-01  9.660e-01  9.706e-01  9.794e-01  9.947e-01  3.768e-01  7.166e-01  8.929e-01  9.183e-01  9.303e-01  9.379e-01  9.450e-01 	
