 8.128e-04  8.454e-05  2.485e-04  5.340e-04  9.339e-04  1.442e-03  2.053e-03  2.763e-03  3.569e-03  4.470e-03  5.462e-03  6.547e-03  7.721e-03  8.986e-03  1.034e-02  1.178e-02  1.332e-02  1.494e-02  1.665e-02  1.845e-02  2.035e-02  2.233e-02  2.441e-02  2.659e-02  2.886e-02  3.122e-02  3.369e-02  3.625e-02  3.891e-02  4.167e-02  4.453e-02  4.749e-02  5.055e-02  5.371e-02  5.697e-02  6.032e-02  6.377e-02  6.732e-02  7.096e-02  7.469e-02  7.851e-02  8.242e-02  8.644e-02  9.055e-02  9.480e-02  9.919e-02  1.038e-01  1.086e-01  1.138e-01  1.195e-01 	
 2.118e-04  3.821e-05  4.197e-04  8.647e-04  1.424e-03  2.107e-03  2.914e-03  3.844e-03  4.895e-03  6.065e-03  7.355e-03  8.762e-03  1.029e-02  1.193e-02  1.369e-02  1.557e-02  1.756e-02  1.967e-02  2.191e-02  2.427e-02  2.675e-02  2.935e-02  3.208e-02  3.494e-02  3.794e-02  4.106e-02  4.431e-02  4.770e-02  5.122e-02  5.487e-02  5.866e-02  6.257e-02  6.662e-02  7.079e-02  7.508e-02  7.949e-02  8.401e-02  8.864e-02  9.337e-02  9.821e-02  1.031e-01  1.081e-01  1.132e-01  1.184e-01  1.237e-01  1.290e-01  1.344e-01  1.399e-01  1.454e-01  1.511e-01 	
 2.661e-05  1.130e-04  6.402e-04  1.229e-03  1.964e-03  2.861e-03  3.924e-03  5.150e-03  6.538e-03  8.086e-03  9.793e-03  1.166e-02  1.368e-02  1.586e-02  1.819e-02  2.069e-02  2.335e-02  2.617e-02  2.916e-02  3.231e-02  3.564e-02  3.914e-02  4.282e-02  4.667e-02  5.070e-02  5.491e-02  5.929e-02  6.385e-02  6.858e-02  7.347e-02  7.853e-02  8.375e-02  8.911e-02  9.462e-02  1.003e-01  1.060e-01  1.119e-01  1.179e-01  1.240e-01  1.302e-01  1.365e-01  1.428e-01  1.492e-01  1.556e-01  1.620e-01  1.684e-01  1.747e-01  1.810e-01  1.872e-01  1.931e-01 	
-1.546e-05  2.453e-04  9.119e-04  1.676e-03  2.641e-03  3.824e-03  5.228e-03  6.850e-03  8.687e-03  1.074e-02  1.300e-02  1.547e-02  1.815e-02  2.104e-02  2.415e-02  2.748e-02  3.104e-02  3.481e-02  3.882e-02  4.306e-02  4.753e-02  5.224e-02  5.718e-02  6.236e-02  6.776e-02  7.338e-02  7.922e-02  8.527e-02  9.152e-02  9.795e-02  1.045e-01  1.113e-01  1.182e-01  1.253e-01  1.324e-01  1.397e-01  1.471e-01  1.545e-01  1.620e-01  1.696e-01  1.772e-01  1.848e-01  1.924e-01  2.000e-01  2.075e-01  2.148e-01  2.221e-01  2.291e-01  2.357e-01  2.420e-01 	
-6.582e-06  4.200e-04  1.258e-03  2.257e-03  3.529e-03  5.093e-03  6.950e-03  9.096e-03  1.153e-02  1.424e-02  1.724e-02  2.052e-02  2.409e-02  2.795e-02  3.211e-02  3.656e-02  4.133e-02  4.641e-02  5.179e-02  5.749e-02  6.349e-02  6.980e-02  7.639e-02  8.327e-02  9.041e-02  9.779e-02  1.054e-01  1.132e-01  1.213e-01  1.294e-01  1.378e-01  1.462e-01  1.548e-01  1.635e-01  1.722e-01  1.809e-01  1.897e-01  1.985e-01  2.073e-01  2.161e-01  2.249e-01  2.336e-01  2.422e-01  2.507e-01  2.590e-01  2.672e-01  2.750e-01  2.825e-01  2.895e-01  2.958e-01 	
 2.506e-05  6.427e-04  1.709e-03  3.025e-03  4.705e-03  6.774e-03  9.232e-03  1.207e-02  1.530e-02  1.890e-02  2.288e-02  2.726e-02  3.203e-02  3.720e-02  4.278e-02  4.877e-02  5.518e-02  6.199e-02  6.921e-02  7.681e-02  8.478e-02  9.309e-02  1.017e-01  1.107e-01  1.198e-01  1.292e-01  1.388e-01  1.486e-01  1.585e-01  1.685e-01  1.786e-01  1.887e-01  1.988e-01  2.089e-01  2.190e-01  2.291e-01  2.391e-01  2.490e-01  2.588e-01  2.685e-01  2.781e-01  2.875e-01  2.968e-01  3.059e-01  3.147e-01  3.233e-01  3.314e-01  3.391e-01  3.461e-01  3.523e-01 	
 7.431e-05  9.291e-04  2.304e-03  4.042e-03  6.266e-03  9.004e-03  1.226e-02  1.603e-02  2.031e-02  2.511e-02  3.043e-02  3.629e-02  4.269e-02  4.965e-02  5.715e-02  6.519e-02  7.375e-02  8.281e-02  9.233e-02  1.023e-01  1.126e-01  1.233e-01  1.342e-01  1.454e-01  1.567e-01  1.682e-01  1.798e-01  1.915e-01  2.031e-01  2.148e-01  2.264e-01  2.379e-01  2.493e-01  2.605e-01  2.716e-01  2.826e-01  2.934e-01  3.040e-01  3.144e-01  3.246e-01  3.346e-01  3.444e-01  3.539e-01  3.632e-01  3.721e-01  3.806e-01  3.887e-01  3.962e-01  4.030e-01  4.088e-01 	
 1.447e-04  1.303e-03  3.094e-03  5.393e-03  8.337e-03  1.196e-02  1.628e-02  2.129e-02  2.700e-02  3.342e-02  4.057e-02  4.845e-02  5.706e-02  6.638e-02  7.640e-02  8.705e-02  9.830e-02  1.101e-01  1.223e-01  1.349e-01  1.478e-01  1.609e-01  1.742e-01  1.876e-01  2.011e-01  2.145e-01  2.278e-01  2.410e-01  2.541e-01  2.669e-01  2.796e-01  2.920e-01  3.042e-01  3.162e-01  3.278e-01  3.392e-01  3.503e-01  3.611e-01  3.716e-01  3.819e-01  3.918e-01  4.015e-01  4.108e-01  4.198e-01  4.284e-01  4.366e-01  4.442e-01  4.513e-01  4.575e-01  4.628e-01 	
 2.441e-04  1.795e-03  4.142e-03  7.187e-03  1.109e-02  1.590e-02  2.165e-02  2.834e-02  3.599e-02  4.463e-02  5.424e-02  6.482e-02  7.631e-02  8.865e-02  1.018e-01  1.155e-01  1.299e-01  1.446e-01  1.597e-01  1.751e-01  1.905e-01  2.059e-01  2.213e-01  2.366e-01  2.517e-01  2.665e-01  2.811e-01  2.954e-01  3.093e-01  3.229e-01  3.361e-01  3.489e-01  3.613e-01  3.734e-01  3.850e-01  3.963e-01  4.072e-01  4.177e-01  4.279e-01  4.377e-01  4.471e-01  4.562e-01  4.649e-01  4.732e-01  4.811e-01  4.885e-01  4.954e-01  5.017e-01  5.072e-01  5.117e-01 	
 3.831e-04  2.447e-03  5.537e-03  9.571e-03  1.475e-02  2.116e-02  2.884e-02  3.783e-02  4.813e-02  5.974e-02  7.260e-02  8.662e-02  1.017e-01  1.176e-01  1.342e-01  1.514e-01  1.690e-01  1.867e-01  2.045e-01  2.222e-01  2.398e-01  2.571e-01  2.740e-01  2.906e-01  3.067e-01  3.224e-01  3.376e-01  3.522e-01  3.664e-01  3.800e-01  3.931e-01  4.057e-01  4.179e-01  4.295e-01  4.406e-01  4.512e-01  4.614e-01  4.712e-01  4.805e-01  4.894e-01  4.979e-01  5.059e-01  5.136e-01  5.209e-01  5.277e-01  5.340e-01  5.398e-01  5.451e-01  5.496e-01  5.532e-01 	
 5.761e-04  3.312e-03  7.392e-03  1.275e-02  1.965e-02  2.822e-02  3.855e-02  5.065e-02  6.448e-02  7.995e-02  9.687e-02  1.150e-01  1.341e-01  1.540e-01  1.742e-01  1.947e-01  2.152e-01  2.354e-01  2.554e-01  2.749e-01  2.940e-01  3.124e-01  3.302e-01  3.473e-01  3.637e-01  3.795e-01  3.946e-01  4.090e-01  4.227e-01  4.358e-01  4.482e-01  4.600e-01  4.713e-01  4.819e-01  4.920e-01  5.015e-01  5.105e-01  5.191e-01  5.271e-01  5.347e-01  5.419e-01  5.486e-01  5.549e-01  5.607e-01  5.662e-01  5.712e-01  5.757e-01  5.797e-01  5.832e-01  5.859e-01 	
 8.420e-04  4.463e-03  9.863e-03  1.700e-02  2.623e-02  3.776e-02  5.168e-02  6.791e-02  8.626e-02  1.064e-01  1.281e-01  1.507e-01  1.740e-01  1.976e-01  2.211e-01  2.444e-01  2.671e-01  2.892e-01  3.105e-01  3.310e-01  3.507e-01  3.694e-01  3.872e-01  4.041e-01  4.201e-01  4.352e-01  4.495e-01  4.630e-01  4.757e-01  4.876e-01  4.988e-01  5.093e-01  5.191e-01  5.283e-01  5.369e-01  5.449e-01  5.524e-01  5.593e-01  5.658e-01  5.717e-01  5.773e-01  5.824e-01  5.871e-01  5.914e-01  5.953e-01  5.989e-01  6.021e-01  6.048e-01  6.072e-01  6.091e-01 	
 1.206e-03  5.996e-03  1.317e-02  2.271e-02  3.512e-02  5.068e-02  6.933e-02  9.079e-02  1.146e-01  1.401e-01  1.666e-01  1.937e-01  2.208e-01  2.475e-01  2.736e-01  2.987e-01  3.227e-01  3.457e-01  3.674e-01  3.879e-01  4.073e-01  4.254e-01  4.424e-01  4.583e-01  4.732e-01  4.870e-01  4.998e-01  5.118e-01  5.228e-01  5.331e-01  5.425e-01  5.513e-01  5.593e-01  5.666e-01  5.734e-01  5.796e-01  5.852e-01  5.903e-01  5.950e-01  5.992e-01  6.030e-01  6.065e-01  6.096e-01  6.124e-01  6.148e-01  6.170e-01  6.190e-01  6.207e-01  6.221e-01  6.234e-01 	
 1.704e-03  8.044e-03  1.760e-02  3.042e-02  4.717e-02  6.804e-02  9.268e-02  1.203e-01  1.501e-01  1.810e-01  2.122e-01  2.430e-01  2.730e-01  3.018e-01  3.292e-01  3.551e-01  3.794e-01  4.021e-01  4.233e-01  4.429e-01  4.611e-01  4.778e-01  4.933e-01  5.075e-01  5.205e-01  5.324e-01  5.432e-01  5.531e-01  5.621e-01  5.703e-01  5.776e-01  5.842e-01  5.902e-01  5.955e-01  6.003e-01  6.045e-01  6.083e-01  6.116e-01  6.145e-01  6.171e-01  6.193e-01  6.213e-01  6.230e-01  6.244e-01  6.257e-01  6.269e-01  6.279e-01  6.288e-01  6.297e-01  6.306e-01 	
 2.383e-03  1.079e-02  2.358e-02  4.087e-02  6.341e-02  9.103e-02  1.227e-01  1.571e-01  1.928e-01  2.285e-01  2.634e-01  2.969e-01  3.286e-01  3.583e-01  3.859e-01  4.113e-01  4.348e-01  4.562e-01  4.758e-01  4.936e-01  5.098e-01  5.244e-01  5.376e-01  5.495e-01  5.601e-01  5.696e-01  5.780e-01  5.855e-01  5.921e-01  5.980e-01  6.031e-01  6.075e-01  6.114e-01  6.147e-01  6.176e-01  6.201e-01  6.222e-01  6.240e-01  6.255e-01  6.267e-01  6.278e-01  6.286e-01  6.294e-01  6.300e-01  6.305e-01  6.310e-01  6.315e-01  6.321e-01  6.327e-01  6.335e-01 	
 3.309e-03  1.450e-02  3.168e-02  5.501e-02  8.499e-02  1.207e-01  1.600e-01  2.011e-01  2.419e-01  2.814e-01  3.188e-01  3.535e-01  3.855e-01  4.148e-01  4.413e-01  4.652e-01  4.867e-01  5.059e-01  5.231e-01  5.383e-01  5.518e-01  5.637e-01  5.741e-01  5.831e-01  5.910e-01  5.978e-01  6.037e-01  6.086e-01  6.129e-01  6.165e-01  6.195e-01  6.220e-01  6.241e-01  6.258e-01  6.272e-01  6.283e-01  6.293e-01  6.300e-01  6.306e-01  6.311e-01  6.315e-01  6.318e-01  6.321e-01  6.324e-01  6.327e-01  6.331e-01  6.335e-01  6.340e-01  6.347e-01  6.356e-01 	
 4.577e-03  1.953e-02  4.271e-02  7.397e-02  1.130e-01  1.575e-01  2.045e-01  2.512e-01  2.960e-01  3.377e-01  3.759e-01  4.104e-01  4.413e-01  4.688e-01  4.930e-01  5.143e-01  5.330e-01  5.491e-01  5.631e-01  5.751e-01  5.854e-01  5.941e-01  6.014e-01  6.076e-01  6.127e-01  6.168e-01  6.203e-01  6.231e-01  6.253e-01  6.271e-01  6.285e-01  6.296e-01  6.305e-01  6.311e-01  6.317e-01  6.321e-01  6.325e-01  6.328e-01  6.331e-01  6.334e-01  6.336e-01  6.340e-01  6.343e-01  6.347e-01  6.352e-01  6.358e-01  6.364e-01  6.372e-01  6.381e-01  6.392e-01 	
 6.319e-03  2.641e-02  5.769e-02  9.898e-02  1.483e-01  2.017e-01  2.552e-01  3.061e-01  3.530e-01  3.952e-01  4.325e-01  4.651e-01  4.935e-01  5.179e-01  5.387e-01  5.564e-01  5.713e-01  5.838e-01  5.941e-01  6.026e-01  6.095e-01  6.150e-01  6.194e-01  6.229e-01  6.256e-01  6.277e-01  6.293e-01  6.305e-01  6.314e-01  6.321e-01  6.326e-01  6.330e-01  6.334e-01  6.337e-01  6.340e-01  6.344e-01  6.347e-01  6.352e-01  6.357e-01  6.362e-01  6.368e-01  6.375e-01  6.382e-01  6.390e-01  6.399e-01  6.409e-01  6.419e-01  6.430e-01  6.442e-01  6.456e-01 	
 8.719e-03  3.586e-02  7.785e-02  1.311e-01  1.912e-01  2.525e-01  3.109e-01  3.641e-01  4.110e-01  4.517e-01  4.864e-01  5.157e-01  5.402e-01  5.604e-01  5.770e-01  5.904e-01  6.011e-01  6.096e-01  6.162e-01  6.213e-01  6.251e-01  6.279e-01  6.300e-01  6.315e-01  6.326e-01  6.333e-01  6.339e-01  6.343e-01  6.346e-01  6.349e-01  6.353e-01  6.357e-01  6.361e-01  6.367e-01  6.373e-01  6.380e-01  6.388e-01  6.397e-01  6.406e-01  6.416e-01  6.427e-01  6.439e-01  6.451e-01  6.464e-01  6.477e-01  6.491e-01  6.505e-01  6.520e-01  6.534e-01  6.550e-01 	
 1.203e-02  4.877e-02  1.044e-01  1.710e-01  2.412e-01  3.086e-01  3.696e-01  4.226e-01  4.675e-01  5.048e-01  5.354e-01  5.600e-01  5.795e-01  5.948e-01  6.066e-01  6.155e-01  6.221e-01  6.269e-01  6.303e-01  6.326e-01  6.342e-01  6.352e-01  6.359e-01  6.363e-01  6.366e-01  6.369e-01  6.372e-01  6.376e-01  6.380e-01  6.386e-01  6.393e-01  6.401e-01  6.411e-01  6.421e-01  6.433e-01  6.445e-01  6.458e-01  6.473e-01  6.487e-01  6.503e-01  6.519e-01  6.535e-01  6.551e-01  6.568e-01  6.585e-01  6.602e-01  6.618e-01  6.635e-01  6.651e-01  6.667e-01 	
 1.660e-02  6.615e-02  1.381e-01  2.183e-01  2.969e-01  3.679e-01  4.289e-01  4.793e-01  5.201e-01  5.523e-01  5.773e-01  5.962e-01  6.102e-01  6.204e-01  6.275e-01  6.323e-01  6.355e-01  6.374e-01  6.386e-01  6.392e-01  6.395e-01  6.398e-01  6.399e-01  6.402e-01  6.406e-01  6.411e-01  6.417e-01  6.426e-01  6.436e-01  6.447e-01  6.460e-01  6.474e-01  6.490e-01  6.506e-01  6.523e-01  6.541e-01  6.559e-01  6.578e-01  6.597e-01  6.616e-01  6.635e-01  6.654e-01  6.674e-01  6.693e-01  6.712e-01  6.730e-01  6.748e-01  6.766e-01  6.782e-01  6.798e-01 	
 2.290e-02  8.901e-02  1.792e-01  2.718e-01  3.563e-01  4.281e-01  4.864e-01  5.322e-01  5.671e-01  5.930e-01  6.116e-01  6.245e-01  6.332e-01  6.387e-01  6.419e-01  6.437e-01  6.446e-01  6.449e-01  6.449e-01  6.449e-01  6.450e-01  6.452e-01  6.456e-01  6.463e-01  6.472e-01  6.483e-01  6.496e-01  6.510e-01  6.527e-01  6.544e-01  6.563e-01  6.582e-01  6.602e-01  6.623e-01  6.643e-01  6.665e-01  6.686e-01  6.707e-01  6.728e-01  6.749e-01  6.770e-01  6.791e-01  6.811e-01  6.831e-01  6.850e-01  6.869e-01  6.887e-01  6.904e-01  6.920e-01  6.935e-01 	
 3.152e-02  1.181e-01  2.267e-01  3.293e-01  4.164e-01  4.861e-01  5.395e-01  5.790e-01  6.070e-01  6.261e-01  6.385e-01  6.460e-01  6.503e-01  6.523e-01  6.531e-01  6.532e-01  6.530e-01  6.527e-01  6.526e-01  6.528e-01  6.532e-01  6.540e-01  6.550e-01  6.563e-01  6.578e-01  6.595e-01  6.613e-01  6.633e-01  6.653e-01  6.675e-01  6.697e-01  6.719e-01  6.741e-01  6.764e-01  6.786e-01  6.808e-01  6.830e-01  6.852e-01  6.873e-01  6.894e-01  6.914e-01  6.935e-01  6.954e-01  6.973e-01  6.992e-01  7.010e-01  7.027e-01  7.043e-01  7.058e-01  7.072e-01 	
 4.323e-02  1.538e-01  2.791e-01  3.878e-01  4.742e-01  5.393e-01  5.861e-01  6.184e-01  6.395e-01  6.525e-01  6.599e-01  6.636e-01  6.651e-01  6.654e-01  6.651e-01  6.647e-01  6.645e-01  6.645e-01  6.648e-01  6.655e-01  6.665e-01  6.678e-01  6.693e-01  6.710e-01  6.729e-01  6.749e-01  6.770e-01  6.792e-01  6.814e-01  6.836e-01  6.859e-01  6.881e-01  6.903e-01  6.925e-01  6.946e-01  6.967e-01  6.988e-01  7.008e-01  7.028e-01  7.047e-01  7.066e-01  7.084e-01  7.102e-01  7.119e-01  7.136e-01  7.152e-01  7.167e-01  7.182e-01  7.195e-01  7.207e-01 	
 5.893e-02  1.961e-01  3.349e-01  4.457e-01  5.281e-01  5.866e-01  6.261e-01  6.515e-01  6.668e-01  6.753e-01  6.795e-01  6.813e-01  6.817e-01  6.816e-01  6.814e-01  6.813e-01  6.815e-01  6.820e-01  6.828e-01  6.839e-01  6.852e-01  6.868e-01  6.884e-01  6.903e-01  6.921e-01  6.941e-01  6.961e-01  6.981e-01  7.001e-01  7.021e-01  7.041e-01  7.060e-01  7.080e-01  7.098e-01  7.117e-01  7.135e-01  7.153e-01  7.170e-01  7.187e-01  7.203e-01  7.219e-01  7.235e-01  7.250e-01  7.264e-01  7.278e-01  7.292e-01  7.304e-01  7.316e-01  7.328e-01  7.337e-01 	
 7.957e-02  2.444e-01  3.928e-01  5.017e-01  5.776e-01  6.283e-01  6.605e-01  6.799e-01  6.908e-01  6.965e-01  6.991e-01  7.001e-01  7.004e-01  7.005e-01  7.006e-01  7.009e-01  7.014e-01  7.022e-01  7.032e-01  7.043e-01  7.056e-01  7.070e-01  7.085e-01  7.100e-01  7.116e-01  7.132e-01  7.149e-01  7.165e-01  7.181e-01  7.198e-01  7.213e-01  7.229e-01  7.245e-01  7.260e-01  7.275e-01  7.289e-01  7.303e-01  7.317e-01  7.331e-01  7.344e-01  7.357e-01  7.370e-01  7.382e-01  7.394e-01  7.405e-01  7.416e-01  7.427e-01  7.436e-01  7.445e-01  7.453e-01 	
 1.059e-01  2.975e-01  4.506e-01  5.542e-01  6.220e-01  6.646e-01  6.902e-01  7.048e-01  7.127e-01  7.167e-01  7.186e-01  7.193e-01  7.196e-01  7.198e-01  7.200e-01  7.203e-01  7.207e-01  7.213e-01  7.221e-01  7.229e-01  7.239e-01  7.249e-01  7.260e-01  7.271e-01  7.283e-01  7.295e-01  7.307e-01  7.320e-01  7.332e-01  7.344e-01  7.357e-01  7.369e-01  7.381e-01  7.393e-01  7.404e-01  7.416e-01  7.427e-01  7.438e-01  7.449e-01  7.460e-01  7.470e-01  7.480e-01  7.491e-01  7.500e-01  7.510e-01  7.519e-01  7.528e-01  7.536e-01  7.544e-01  7.550e-01 	
 1.385e-01  3.531e-01  5.061e-01  6.018e-01  6.608e-01  6.961e-01  7.166e-01  7.281e-01  7.343e-01  7.374e-01  7.389e-01  7.395e-01  7.397e-01  7.397e-01  7.396e-01  7.396e-01  7.397e-01  7.398e-01  7.401e-01  7.405e-01  7.409e-01  7.415e-01  7.421e-01  7.427e-01  7.434e-01  7.442e-01  7.450e-01  7.458e-01  7.466e-01  7.475e-01  7.484e-01  7.493e-01  7.501e-01  7.510e-01  7.519e-01  7.528e-01  7.536e-01  7.545e-01  7.554e-01  7.562e-01  7.570e-01  7.579e-01  7.587e-01  7.595e-01  7.602e-01  7.610e-01  7.617e-01  7.624e-01  7.630e-01  7.636e-01 	
 1.775e-01  4.096e-01  5.580e-01  6.443e-01  6.948e-01  7.242e-01  7.411e-01  7.507e-01  7.559e-01  7.587e-01  7.599e-01  7.603e-01  7.601e-01  7.597e-01  7.592e-01  7.587e-01  7.582e-01  7.578e-01  7.575e-01  7.573e-01  7.572e-01  7.572e-01  7.572e-01  7.574e-01  7.577e-01  7.580e-01  7.583e-01  7.588e-01  7.592e-01  7.597e-01  7.603e-01  7.608e-01  7.614e-01  7.620e-01  7.626e-01  7.632e-01  7.638e-01  7.645e-01  7.651e-01  7.657e-01  7.664e-01  7.670e-01  7.676e-01  7.682e-01  7.688e-01  7.694e-01  7.700e-01  7.705e-01  7.711e-01  7.716e-01 	
 2.225e-01  4.657e-01  6.060e-01  6.822e-01  7.254e-01  7.503e-01  7.649e-01  7.735e-01  7.783e-01  7.808e-01  7.817e-01  7.817e-01  7.811e-01  7.802e-01  7.790e-01  7.779e-01  7.767e-01  7.756e-01  7.747e-01  7.738e-01  7.731e-01  7.725e-01  7.720e-01  7.717e-01  7.714e-01  7.713e-01  7.712e-01  7.712e-01  7.713e-01  7.714e-01  7.716e-01  7.718e-01  7.721e-01  7.724e-01  7.727e-01  7.730e-01  7.734e-01  7.738e-01  7.742e-01  7.746e-01  7.750e-01  7.755e-01  7.759e-01  7.763e-01  7.768e-01  7.772e-01  7.776e-01  7.780e-01  7.784e-01  7.788e-01 	
 2.724e-01  5.200e-01  6.497e-01  7.162e-01  7.533e-01  7.751e-01  7.883e-01  7.962e-01  8.006e-01  8.026e-01  8.030e-01  8.023e-01  8.010e-01  7.993e-01  7.974e-01  7.954e-01  7.935e-01  7.917e-01  7.901e-01  7.886e-01  7.872e-01  7.861e-01  7.851e-01  7.842e-01  7.835e-01  7.829e-01  7.824e-01  7.820e-01  7.817e-01  7.815e-01  7.814e-01  7.813e-01  7.813e-01  7.814e-01  7.814e-01  7.816e-01  7.817e-01  7.819e-01  7.821e-01  7.823e-01  7.826e-01  7.828e-01  7.831e-01  7.834e-01  7.837e-01  7.840e-01  7.843e-01  7.846e-01  7.849e-01  7.851e-01 	
 3.255e-01  5.712e-01  6.890e-01  7.466e-01  7.787e-01  7.981e-01  8.101e-01  8.172e-01  8.210e-01  8.223e-01  8.220e-01  8.205e-01  8.184e-01  8.159e-01  8.132e-01  8.105e-01  8.079e-01  8.054e-01  8.032e-01  8.011e-01  7.993e-01  7.976e-01  7.961e-01  7.949e-01  7.938e-01  7.928e-01  7.920e-01  7.913e-01  7.907e-01  7.902e-01  7.898e-01  7.895e-01  7.893e-01  7.891e-01  7.890e-01  7.889e-01  7.889e-01  7.889e-01  7.889e-01  7.890e-01  7.891e-01  7.892e-01  7.894e-01  7.895e-01  7.897e-01  7.899e-01  7.901e-01  7.903e-01  7.905e-01  7.907e-01 	
 3.793e-01  6.181e-01  7.238e-01  7.736e-01  8.016e-01  8.190e-01  8.299e-01  8.363e-01  8.393e-01  8.400e-01  8.389e-01  8.368e-01  8.339e-01  8.307e-01  8.274e-01  8.240e-01  8.208e-01  8.178e-01  8.150e-01  8.125e-01  8.102e-01  8.081e-01  8.062e-01  8.046e-01  8.031e-01  8.019e-01  8.007e-01  7.998e-01  7.989e-01  7.982e-01  7.976e-01  7.970e-01  7.966e-01  7.962e-01  7.959e-01  7.957e-01  7.955e-01  7.953e-01  7.952e-01  7.952e-01  7.951e-01  7.951e-01  7.952e-01  7.952e-01  7.953e-01  7.953e-01  7.954e-01  7.955e-01  7.957e-01  7.958e-01 	
 4.316e-01  6.599e-01  7.542e-01  7.973e-01  8.219e-01  8.376e-01  8.475e-01  8.532e-01  8.556e-01  8.556e-01  8.540e-01  8.512e-01  8.478e-01  8.440e-01  8.400e-01  8.362e-01  8.325e-01  8.290e-01  8.257e-01  8.228e-01  8.201e-01  8.176e-01  8.154e-01  8.134e-01  8.117e-01  8.101e-01  8.087e-01  8.075e-01  8.064e-01  8.055e-01  8.046e-01  8.039e-01  8.033e-01  8.027e-01  8.022e-01  8.018e-01  8.015e-01  8.012e-01  8.010e-01  8.008e-01  8.006e-01  8.005e-01  8.004e-01  8.003e-01  8.003e-01  8.003e-01  8.003e-01  8.003e-01  8.003e-01  8.004e-01 	
 4.805e-01  6.963e-01  7.802e-01  8.175e-01  8.393e-01  8.534e-01  8.624e-01  8.673e-01  8.692e-01  8.686e-01  8.664e-01  8.631e-01  8.592e-01  8.549e-01  8.505e-01  8.462e-01  8.421e-01  8.382e-01  8.346e-01  8.313e-01  8.282e-01  8.255e-01  8.230e-01  8.208e-01  8.187e-01  8.169e-01  8.153e-01  8.139e-01  8.126e-01  8.115e-01  8.105e-01  8.096e-01  8.088e-01  8.081e-01  8.075e-01  8.070e-01  8.065e-01  8.061e-01  8.058e-01  8.055e-01  8.052e-01  8.050e-01  8.048e-01  8.047e-01  8.045e-01  8.044e-01  8.044e-01  8.043e-01  8.043e-01  8.043e-01 	
 5.255e-01  7.276e-01  8.020e-01  8.345e-01  8.537e-01  8.665e-01  8.747e-01  8.791e-01  8.804e-01  8.795e-01  8.769e-01  8.732e-01  8.689e-01  8.642e-01  8.595e-01  8.548e-01  8.504e-01  8.462e-01  8.423e-01  8.387e-01  8.354e-01  8.324e-01  8.297e-01  8.272e-01  8.250e-01  8.230e-01  8.212e-01  8.196e-01  8.182e-01  8.169e-01  8.157e-01  8.147e-01  8.138e-01  8.130e-01  8.123e-01  8.116e-01  8.110e-01  8.105e-01  8.101e-01  8.097e-01  8.093e-01  8.090e-01  8.088e-01  8.085e-01  8.083e-01  8.082e-01  8.080e-01  8.079e-01  8.079e-01  8.078e-01 	
 5.663e-01  7.542e-01  8.201e-01  8.483e-01  8.655e-01  8.773e-01  8.848e-01  8.888e-01  8.899e-01  8.886e-01  8.858e-01  8.818e-01  8.772e-01  8.723e-01  8.673e-01  8.624e-01  8.577e-01  8.532e-01  8.491e-01  8.453e-01  8.418e-01  8.386e-01  8.356e-01  8.330e-01  8.306e-01  8.285e-01  8.265e-01  8.248e-01  8.232e-01  8.218e-01  8.205e-01  8.193e-01  8.183e-01  8.174e-01  8.165e-01  8.158e-01  8.151e-01  8.145e-01  8.140e-01  8.135e-01  8.131e-01  8.127e-01  8.124e-01  8.121e-01  8.118e-01  8.116e-01  8.114e-01  8.112e-01  8.111e-01  8.110e-01 	
 6.028e-01  7.765e-01  8.349e-01  8.595e-01  8.750e-01  8.858e-01  8.929e-01  8.966e-01  8.975e-01  8.961e-01  8.930e-01  8.888e-01  8.840e-01  8.789e-01  8.737e-01  8.686e-01  8.637e-01  8.591e-01  8.548e-01  8.508e-01  8.471e-01  8.437e-01  8.407e-01  8.379e-01  8.353e-01  8.331e-01  8.310e-01  8.291e-01  8.274e-01  8.259e-01  8.245e-01  8.233e-01  8.221e-01  8.211e-01  8.202e-01  8.194e-01  8.186e-01  8.180e-01  8.173e-01  8.168e-01  8.163e-01  8.159e-01  8.155e-01  8.151e-01  8.148e-01  8.145e-01  8.143e-01  8.141e-01  8.139e-01  8.138e-01 	
 6.350e-01  7.949e-01  8.468e-01  8.684e-01  8.824e-01  8.926e-01  8.993e-01  9.028e-01  9.035e-01  9.019e-01  8.988e-01  8.945e-01  8.896e-01  8.843e-01  8.790e-01  8.738e-01  8.687e-01  8.640e-01  8.595e-01  8.554e-01  8.516e-01  8.481e-01  8.449e-01  8.420e-01  8.394e-01  8.370e-01  8.348e-01  8.328e-01  8.310e-01  8.294e-01  8.280e-01  8.266e-01  8.254e-01  8.243e-01  8.234e-01  8.225e-01  8.217e-01  8.209e-01  8.203e-01  8.197e-01  8.191e-01  8.186e-01  8.182e-01  8.178e-01  8.174e-01  8.171e-01  8.168e-01  8.166e-01  8.164e-01  8.162e-01 	
 6.628e-01  8.100e-01  8.562e-01  8.754e-01  8.882e-01  8.978e-01  9.042e-01  9.076e-01  9.082e-01  9.066e-01  9.034e-01  8.991e-01  8.941e-01  8.887e-01  8.833e-01  8.780e-01  8.729e-01  8.680e-01  8.635e-01  8.592e-01  8.553e-01  8.518e-01  8.485e-01  8.455e-01  8.428e-01  8.403e-01  8.381e-01  8.360e-01  8.342e-01  8.325e-01  8.309e-01  8.296e-01  8.283e-01  8.272e-01  8.261e-01  8.252e-01  8.243e-01  8.235e-01  8.228e-01  8.222e-01  8.216e-01  8.210e-01  8.205e-01  8.201e-01  8.197e-01  8.193e-01  8.190e-01  8.188e-01  8.185e-01  8.184e-01 	
 6.861e-01  8.220e-01  8.636e-01  8.807e-01  8.925e-01  9.017e-01  9.080e-01  9.113e-01  9.119e-01  9.103e-01  9.070e-01  9.027e-01  8.977e-01  8.924e-01  8.869e-01  8.815e-01  8.764e-01  8.714e-01  8.668e-01  8.626e-01  8.586e-01  8.550e-01  8.516e-01  8.486e-01  8.458e-01  8.432e-01  8.409e-01  8.388e-01  8.369e-01  8.352e-01  8.336e-01  8.321e-01  8.308e-01  8.296e-01  8.286e-01  8.276e-01  8.267e-01  8.258e-01  8.251e-01  8.244e-01  8.238e-01  8.232e-01  8.227e-01  8.222e-01  8.217e-01  8.214e-01  8.210e-01  8.207e-01  8.205e-01  8.203e-01 	
 7.049e-01  8.313e-01  8.691e-01  8.846e-01  8.956e-01  9.044e-01  9.106e-01  9.139e-01  9.145e-01  9.130e-01  9.099e-01  9.056e-01  9.006e-01  8.953e-01  8.898e-01  8.845e-01  8.793e-01  8.744e-01  8.697e-01  8.654e-01  8.614e-01  8.577e-01  8.543e-01  8.512e-01  8.484e-01  8.458e-01  8.435e-01  8.413e-01  8.394e-01  8.376e-01  8.359e-01  8.345e-01  8.331e-01  8.319e-01  8.307e-01  8.297e-01  8.287e-01  8.279e-01  8.271e-01  8.264e-01  8.257e-01  8.251e-01  8.245e-01  8.240e-01  8.235e-01  8.231e-01  8.228e-01  8.224e-01  8.222e-01  8.220e-01 	
 7.195e-01  8.382e-01  8.732e-01  8.873e-01  8.977e-01  9.063e-01  9.124e-01  9.157e-01  9.164e-01  9.150e-01  9.119e-01  9.077e-01  9.028e-01  8.975e-01  8.921e-01  8.867e-01  8.815e-01  8.766e-01  8.720e-01  8.676e-01  8.636e-01  8.599e-01  8.565e-01  8.534e-01  8.505e-01  8.479e-01  8.455e-01  8.433e-01  8.413e-01  8.395e-01  8.379e-01  8.364e-01  8.350e-01  8.337e-01  8.325e-01  8.315e-01  8.305e-01  8.296e-01  8.288e-01  8.280e-01  8.273e-01  8.267e-01  8.261e-01  8.256e-01  8.251e-01  8.247e-01  8.243e-01  8.239e-01  8.237e-01  8.235e-01 	
 7.301e-01  8.433e-01  8.761e-01  8.892e-01  8.991e-01  9.075e-01  9.136e-01  9.169e-01  9.178e-01  9.164e-01  9.134e-01  9.093e-01  9.045e-01  8.993e-01  8.939e-01  8.886e-01  8.834e-01  8.785e-01  8.738e-01  8.695e-01  8.655e-01  8.618e-01  8.583e-01  8.552e-01  8.523e-01  8.497e-01  8.473e-01  8.451e-01  8.430e-01  8.412e-01  8.395e-01  8.380e-01  8.365e-01  8.352e-01  8.341e-01  8.330e-01  8.320e-01  8.311e-01  8.302e-01  8.294e-01  8.287e-01  8.281e-01  8.275e-01  8.269e-01  8.264e-01  8.259e-01  8.255e-01  8.252e-01  8.249e-01  8.247e-01 	
 7.377e-01  8.469e-01  8.782e-01  8.905e-01  9.000e-01  9.082e-01  9.143e-01  9.177e-01  9.186e-01  9.174e-01  9.145e-01  9.105e-01  9.058e-01  9.006e-01  8.953e-01  8.900e-01  8.849e-01  8.800e-01  8.754e-01  8.711e-01  8.670e-01  8.633e-01  8.599e-01  8.567e-01  8.538e-01  8.512e-01  8.488e-01  8.465e-01  8.445e-01  8.427e-01  8.409e-01  8.394e-01  8.380e-01  8.366e-01  8.354e-01  8.343e-01  8.333e-01  8.324e-01  8.315e-01  8.307e-01  8.300e-01  8.293e-01  8.287e-01  8.281e-01  8.276e-01  8.271e-01  8.267e-01  8.264e-01  8.261e-01  8.259e-01 	
 7.432e-01  8.495e-01  8.797e-01  8.913e-01  9.006e-01  9.087e-01  9.148e-01  9.183e-01  9.193e-01  9.182e-01  9.154e-01  9.115e-01  9.068e-01  9.018e-01  8.965e-01  8.913e-01  8.862e-01  8.813e-01  8.767e-01  8.724e-01  8.684e-01  8.647e-01  8.613e-01  8.581e-01  8.552e-01  8.525e-01  8.501e-01  8.479e-01  8.458e-01  8.439e-01  8.422e-01  8.406e-01  8.392e-01  8.379e-01  8.366e-01  8.355e-01  8.345e-01  8.335e-01  8.327e-01  8.318e-01  8.311e-01  8.304e-01  8.298e-01  8.292e-01  8.286e-01  8.282e-01  8.277e-01  8.274e-01  8.271e-01  8.269e-01 	
 7.475e-01  8.514e-01  8.808e-01  8.920e-01  9.010e-01  9.090e-01  9.151e-01  9.187e-01  9.198e-01  9.188e-01  9.161e-01  9.123e-01  9.077e-01  9.027e-01  8.975e-01  8.924e-01  8.873e-01  8.825e-01  8.779e-01  8.736e-01  8.696e-01  8.659e-01  8.625e-01  8.593e-01  8.564e-01  8.537e-01  8.513e-01  8.490e-01  8.470e-01  8.451e-01  8.433e-01  8.418e-01  8.403e-01  8.390e-01  8.377e-01  8.366e-01  8.355e-01  8.346e-01  8.337e-01  8.328e-01  8.321e-01  8.314e-01  8.307e-01  8.301e-01  8.296e-01  8.291e-01  8.286e-01  8.283e-01  8.280e-01  8.279e-01 	
 7.509e-01  8.529e-01  8.816e-01  8.925e-01  9.013e-01  9.092e-01  9.153e-01  9.189e-01  9.201e-01  9.192e-01  9.167e-01  9.129e-01  9.084e-01  9.035e-01  8.983e-01  8.932e-01  8.882e-01  8.834e-01  8.788e-01  8.745e-01  8.705e-01  8.668e-01  8.634e-01  8.602e-01  8.573e-01  8.547e-01  8.522e-01  8.500e-01  8.479e-01  8.460e-01  8.442e-01  8.426e-01  8.412e-01  8.398e-01  8.386e-01  8.374e-01  8.363e-01  8.354e-01  8.345e-01  8.336e-01  8.328e-01  8.321e-01  8.314e-01  8.308e-01  8.303e-01  8.298e-01  8.293e-01  8.290e-01  8.288e-01  8.287e-01 	
 7.543e-01  8.538e-01  8.821e-01  8.929e-01  9.015e-01  9.094e-01  9.154e-01  9.191e-01  9.204e-01  9.195e-01  9.171e-01  9.134e-01  9.090e-01  9.041e-01  8.991e-01  8.940e-01  8.890e-01  8.842e-01  8.797e-01  8.754e-01  8.714e-01  8.677e-01  8.643e-01  8.611e-01  8.582e-01  8.555e-01  8.530e-01  8.508e-01  8.487e-01  8.468e-01  8.450e-01  8.434e-01  8.419e-01  8.406e-01  8.393e-01  8.381e-01  8.371e-01  8.361e-01  8.351e-01  8.343e-01  8.335e-01  8.328e-01  8.321e-01  8.315e-01  8.309e-01  8.304e-01  8.300e-01  8.297e-01  8.296e-01  8.296e-01 	
 7.597e-01  8.541e-01  8.823e-01  8.934e-01  9.019e-01  9.095e-01  9.153e-01  9.188e-01  9.200e-01  9.192e-01  9.169e-01  9.134e-01  9.092e-01  9.045e-01  8.996e-01  8.947e-01  8.899e-01  8.852e-01  8.807e-01  8.765e-01  8.726e-01  8.690e-01  8.656e-01  8.624e-01  8.595e-01  8.569e-01  8.544e-01  8.521e-01  8.501e-01  8.481e-01  8.464e-01  8.448e-01  8.433e-01  8.419e-01  8.406e-01  8.394e-01  8.384e-01  8.373e-01  8.364e-01  8.356e-01  8.348e-01  8.340e-01  8.334e-01  8.328e-01  8.323e-01  8.318e-01  8.315e-01  8.314e-01  8.314e-01  8.318e-01 	
