 9.900e-01  9.900e-01  9.900e-01  9.900e-01  9.900e-01  9.900e-01  9.900e-01  9.900e-01  9.900e-01  9.900e-01  9.900e-01  9.900e-01  9.900e-01  9.900e-01  9.900e-01  9.900e-01  9.900e-01  9.900e-01  9.872e-01  9.495e-01  8.912e-01  8.161e-01  7.302e-01  6.084e-01  4.289e-01  2.167e-01  1.000e-08  1.000e-08  1.000e-08  1.000e-08  1.000e-08  1.000e-08  1.000e-08  1.000e-08  1.000e-08  1.000e-08  1.000e-08  1.000e-08  1.000e-08  1.000e-08  1.000e-08  1.000e-08  1.000e-08  1.000e-08  1.000e-08  1.000e-08  1.000e-08  1.000e-08  1.000e-08  1.000e-08 	
 9.900e-01  9.900e-01  9.900e-01  9.900e-01  9.900e-01  9.900e-01  9.900e-01  9.900e-01  9.900e-01  9.900e-01  9.900e-01  9.900e-01  9.900e-01  9.900e-01  9.900e-01  9.900e-01  9.900e-01  9.900e-01  9.900e-01  9.900e-01  9.925e-01  9.748e-01  9.545e-01  9.310e-01  9.024e-01  8.792e-01  8.664e-01  8.337e-01  7.181e-01  4.340e-01  1.634e-01  4.597e-02  2.208e-02  1.508e-02  5.655e-03  5.333e-04  1.000e-08  1.000e-08  3.543e-04  2.157e-02  1.956e-02  1.509e-02  7.878e-03  1.000e-08  1.000e-08  1.000e-08  2.198e-03  5.059e-03  1.000e-08  1.000e-08 	
 9.900e-01  9.900e-01  9.900e-01  9.900e-01  9.900e-01  9.900e-01  9.900e-01  9.900e-01  9.900e-01  9.900e-01  9.900e-01  9.900e-01  9.900e-01  9.900e-01  9.900e-01  9.900e-01  9.900e-01  9.900e-01  9.900e-01  9.900e-01  9.900e-01  9.900e-01  9.883e-01  9.698e-01  9.464e-01  9.250e-01  9.114e-01  8.861e-01  7.911e-01  5.284e-01  2.272e-01  7.052e-02  3.476e-02  2.307e-02  7.770e-03  1.000e-08  1.000e-08  1.000e-08  1.000e-08  3.173e-02  2.935e-02  2.257e-02  1.143e-02  1.000e-08  1.000e-08  1.000e-08  1.136e-03  4.567e-03  8.299e-04  1.000e-08 	
 9.900e-01  9.900e-01  9.900e-01  9.900e-01  9.900e-01  9.900e-01  9.900e-01  9.900e-01  9.900e-01  9.900e-01  9.971e-01  9.900e-01  9.900e-01  9.900e-01  9.900e-01  9.900e-01  9.900e-01  9.900e-01  9.900e-01  9.900e-01  9.900e-01  9.900e-01  9.900e-01  9.897e-01  9.706e-01  9.495e-01  9.327e-01  9.057e-01  8.248e-01  5.963e-01  2.915e-01  1.000e-01  5.016e-02  3.164e-02  8.946e-03  1.000e-08  1.000e-08  1.000e-08  1.000e-08  4.675e-02  4.450e-02  3.414e-02  1.668e-02  1.000e-08  1.000e-08  1.000e-08  1.000e-08  2.640e-03  1.000e-08  1.000e-08 	
 9.900e-01  9.900e-01  9.900e-01  9.900e-01  9.900e-01  9.900e-01  9.900e-01  9.900e-01  9.900e-01  9.944e-01  9.922e-01  9.959e-01  9.900e-01  9.900e-01  9.900e-01  9.900e-01  9.900e-01  9.900e-01  9.900e-01  9.900e-01  9.900e-01  9.900e-01  9.900e-01  9.900e-01  9.935e-01  9.781e-01  9.631e-01  9.413e-01  8.772e-01  6.843e-01  3.823e-01  1.523e-01  8.426e-02  5.882e-02  2.160e-02  9.794e-04  1.000e-08  1.000e-08  1.000e-08  7.424e-02  6.863e-02  5.262e-02  2.650e-02  1.000e-08  1.000e-08  1.000e-08  1.000e-08  1.827e-03  1.000e-08  1.000e-08 	
 9.900e-01  9.900e-01  9.900e-01  9.900e-01  9.900e-01  9.900e-01  9.900e-01  9.900e-01  9.900e-01  9.946e-01  9.926e-01  9.941e-01  9.966e-01  9.900e-01  9.900e-01  9.900e-01  9.900e-01  9.900e-01  9.900e-01  9.900e-01  9.900e-01  9.900e-01  9.900e-01  9.900e-01  9.900e-01  9.900e-01  9.902e-01  9.747e-01  9.259e-01  7.680e-01  4.825e-01  2.222e-01  1.346e-01  1.013e-01  4.340e-02  9.622e-03  1.000e-08  1.000e-08  6.064e-04  1.178e-01  1.057e-01  8.096e-02  4.210e-02  1.000e-08  1.000e-08  1.000e-08  1.000e-08  1.335e-03  1.000e-08  1.000e-08 	
 9.900e-01  9.900e-01  9.900e-01  9.900e-01  9.900e-01  9.900e-01  9.900e-01  9.900e-01  9.900e-01  9.900e-01  9.990e-01  9.954e-01  9.939e-01  9.962e-01  9.994e-01  9.900e-01  9.900e-01  9.900e-01  9.900e-01  9.900e-01  9.900e-01  9.900e-01  9.900e-01  9.900e-01  9.900e-01  9.900e-01  9.900e-01  9.900e-01  9.666e-01  8.407e-01  5.836e-01  3.071e-01  2.014e-01  1.593e-01  7.522e-02  2.326e-02  1.000e-08  1.000e-08  8.694e-03  1.848e-01  1.619e-01  1.239e-01  6.611e-02  1.000e-08  1.000e-08  1.000e-08  1.000e-08  8.360e-04  1.000e-08  1.000e-08 	
 9.900e-01  9.900e-01  9.900e-01  9.900e-01  9.900e-01  9.900e-01  9.900e-01  9.900e-01  9.900e-01  9.900e-01  9.900e-01  9.900e-01  9.981e-01  9.937e-01  9.950e-01  9.984e-01  9.900e-01  9.900e-01  9.900e-01  9.900e-01  9.900e-01  9.900e-01  9.900e-01  9.900e-01  9.900e-01  9.900e-01  9.900e-01  9.900e-01  9.956e-01  9.012e-01  6.796e-01  4.041e-01  2.848e-01  2.339e-01  1.194e-01  4.376e-02  3.127e-03  1.000e-08  2.278e-02  2.863e-01  2.463e-01  1.879e-01  1.026e-01  1.000e-08  1.000e-08  1.000e-08  1.000e-08  2.701e-04  1.000e-08  1.000e-08 	
 9.900e-01  9.900e-01  9.900e-01  9.900e-01  9.900e-01  9.900e-01  9.900e-01  9.900e-01  9.900e-01  9.900e-01  9.900e-01  9.900e-01  9.900e-01  9.900e-01  9.945e-01  9.946e-01  9.971e-01  9.900e-01  9.900e-01  9.900e-01  9.900e-01  9.900e-01  9.900e-01  9.900e-01  9.900e-01  9.900e-01  9.900e-01  9.900e-01  9.900e-01  9.463e-01  7.655e-01  5.074e-01  3.821e-01  3.242e-01  1.781e-01  7.380e-02  1.612e-02  1.000e-08  4.671e-02  4.366e-01  3.703e-01  2.810e-01  1.566e-01  1.000e-08  1.000e-08  1.000e-08  1.000e-08  1.000e-08  1.000e-08  1.000e-08 	
 9.900e-01  9.900e-01  9.900e-01  9.900e-01  9.900e-01  9.900e-01  9.900e-01  9.900e-01  9.900e-01  9.900e-01  9.900e-01  9.900e-01  9.900e-01  9.900e-01  9.900e-01  9.952e-01  9.935e-01  9.961e-01  9.997e-01  9.900e-01  9.900e-01  9.900e-01  9.900e-01  9.900e-01  9.900e-01  9.900e-01  9.900e-01  9.900e-01  9.900e-01  9.744e-01  8.353e-01  6.086e-01  4.872e-01  4.262e-01  2.525e-01  1.165e-01  3.805e-02  1.000e-08  8.522e-02  6.486e-01  5.462e-01  4.105e-01  2.330e-01  6.374e-03  1.000e-08  1.000e-08  1.000e-08  1.000e-08  1.000e-08  1.000e-08 	
 9.900e-01  9.900e-01  9.900e-01  9.900e-01  9.900e-01  9.900e-01  9.900e-01  9.900e-01  9.900e-01  9.900e-01  9.900e-01  9.900e-01  9.900e-01  9.900e-01  9.900e-01  9.900e-01  9.969e-01  9.933e-01  9.950e-01  9.986e-01  9.900e-01  9.900e-01  9.900e-01  9.900e-01  9.900e-01  9.900e-01  9.900e-01  9.900e-01  9.900e-01  9.899e-01  8.851e-01  6.971e-01  5.896e-01  5.324e-01  3.410e-01  1.746e-01  7.353e-02  1.000e-08  1.414e-01  9.249e-01  7.801e-01  5.785e-01  3.322e-01  2.022e-02  1.000e-08  1.000e-08  1.000e-08  1.000e-08  1.000e-08  1.000e-08 	
 9.900e-01  9.900e-01  9.900e-01  9.900e-01  9.900e-01  9.900e-01  9.900e-01  9.900e-01  9.900e-01  9.900e-01  9.900e-01  9.900e-01  9.900e-01  9.900e-01  9.900e-01  9.900e-01  9.900e-01  9.985e-01  9.940e-01  9.948e-01  9.973e-01  9.900e-01  9.900e-01  9.900e-01  9.900e-01  9.900e-01  9.900e-01  9.900e-01  9.900e-01  9.900e-01  9.198e-01  7.678e-01  6.795e-01  6.325e-01  4.383e-01  2.493e-01  1.272e-01  2.072e-02  2.126e-01  9.900e-01  9.900e-01  7.731e-01  4.452e-01  4.094e-02  1.000e-08  1.000e-08  1.000e-08  1.000e-08  1.000e-08  1.000e-08 	
 9.900e-01  9.900e-01  9.900e-01  9.900e-01  9.900e-01  9.900e-01  9.900e-01  9.900e-01  9.900e-01  9.900e-01  9.900e-01  9.900e-01  9.900e-01  9.900e-01  9.900e-01  9.900e-01  9.900e-01  9.900e-01  9.900e-01  9.949e-01  9.934e-01  9.964e-01  9.900e-01  9.900e-01  9.900e-01  9.900e-01  9.900e-01  9.900e-01  9.900e-01  9.900e-01  9.472e-01  8.199e-01  7.492e-01  7.166e-01  5.359e-01  3.376e-01  2.014e-01  7.464e-02  2.892e-01  9.900e-01  9.900e-01  9.642e-01  5.521e-01  6.656e-02  1.000e-08  1.000e-08  1.000e-08  9.033e-05  1.000e-08  1.000e-08 	
 9.900e-01  9.900e-01  9.900e-01  9.900e-01  9.900e-01  9.900e-01  9.900e-01  9.900e-01  9.900e-01  9.900e-01  9.900e-01  9.900e-01  9.900e-01  9.900e-01  9.900e-01  9.900e-01  9.900e-01  9.900e-01  9.900e-01  9.900e-01  9.961e-01  9.935e-01  9.954e-01  9.992e-01  9.900e-01  9.900e-01  9.900e-01  9.900e-01  9.900e-01  9.900e-01  9.738e-01  8.614e-01  8.013e-01  7.809e-01  6.239e-01  4.320e-01  2.928e-01  1.517e-01  3.585e-01  9.900e-01  9.900e-01  9.900e-01  6.282e-01  9.389e-02  1.000e-08  1.000e-08  1.000e-08  2.710e-03  1.744e-03  1.000e-08 	
 9.900e-01  9.900e-01  9.900e-01  9.900e-01  9.900e-01  9.900e-01  9.900e-01  9.900e-01  9.900e-01  9.900e-01  9.900e-01  9.900e-01  9.900e-01  9.900e-01  9.900e-01  9.900e-01  9.900e-01  9.900e-01  9.900e-01  9.900e-01  9.900e-01  9.980e-01  9.938e-01  9.951e-01  9.978e-01  9.900e-01  9.900e-01  9.900e-01  9.900e-01  9.900e-01  9.903e-01  8.956e-01  8.411e-01  8.279e-01  6.963e-01  5.221e-01  3.929e-01  2.472e-01  4.146e-01  9.900e-01  9.900e-01  9.900e-01  6.594e-01  1.215e-01  1.000e-08  1.000e-08  1.000e-08  7.483e-03  4.801e-03  1.000e-08 	
 9.900e-01  9.900e-01  9.900e-01  9.900e-01  9.900e-01  9.900e-01  9.900e-01  9.900e-01  9.900e-01  9.900e-01  9.900e-01  9.900e-01  9.900e-01  9.900e-01  9.900e-01  9.900e-01  9.900e-01  9.900e-01  9.900e-01  9.900e-01  9.900e-01  9.900e-01  9.900e-01  9.947e-01  9.939e-01  9.971e-01  9.900e-01  9.900e-01  9.900e-01  9.900e-01  9.861e-01  9.166e-01  8.734e-01  8.660e-01  7.544e-01  6.008e-01  4.889e-01  3.512e-01  4.604e-01  9.900e-01  9.900e-01  9.900e-01  6.520e-01  1.520e-01  1.000e-08  1.000e-08  1.000e-08  1.526e-02  9.656e-03  1.000e-08 	
 9.900e-01  9.900e-01  9.900e-01  9.900e-01  9.900e-01  9.900e-01  9.900e-01  9.900e-01  9.900e-01  9.900e-01  9.900e-01  9.900e-01  9.900e-01  9.900e-01  9.900e-01  9.900e-01  9.900e-01  9.900e-01  9.900e-01  9.900e-01  9.900e-01  9.900e-01  9.900e-01  9.900e-01  9.957e-01  9.937e-01  9.959e-01  9.900e-01  9.900e-01  9.900e-01  9.794e-01  9.227e-01  8.944e-01  8.977e-01  8.024e-01  6.655e-01  5.725e-01  4.516e-01  5.035e-01  9.900e-01  9.900e-01  9.900e-01  6.263e-01  1.908e-01  3.331e-03  1.000e-08  1.000e-08  2.719e-02  1.712e-02  1.000e-08 	
 9.900e-01  9.900e-01  9.900e-01  9.900e-01  9.900e-01  9.900e-01  9.900e-01  9.900e-01  9.996e-01  9.900e-01  9.900e-01  9.900e-01  9.900e-01  9.900e-01  9.900e-01  9.900e-01  9.900e-01  9.900e-01  9.900e-01  9.900e-01  9.900e-01  9.900e-01  9.900e-01  9.900e-01  9.900e-01  9.973e-01  9.940e-01  9.955e-01  9.984e-01  9.981e-01  9.788e-01  9.264e-01  9.017e-01  9.138e-01  8.394e-01  7.186e-01  6.412e-01  5.403e-01  5.488e-01  9.900e-01  9.900e-01  9.790e-01  6.053e-01  2.432e-01  5.024e-02  4.360e-03  1.348e-02  4.495e-02  2.840e-02  1.000e-08 	
 9.900e-01  9.900e-01  9.900e-01  9.900e-01  9.900e-01  9.900e-01  9.900e-01  9.900e-01  9.900e-01  9.900e-01  9.900e-01  9.900e-01  9.900e-01  9.900e-01  9.900e-01  9.900e-01  9.900e-01  9.900e-01  9.900e-01  9.900e-01  9.900e-01  9.900e-01  9.900e-01  9.900e-01  9.900e-01  9.900e-01  9.900e-01  9.947e-01  9.934e-01  9.906e-01  9.733e-01  9.279e-01  9.050e-01  9.165e-01  8.615e-01  7.606e-01  6.980e-01  6.156e-01  5.987e-01  9.900e-01  9.900e-01  8.833e-01  6.032e-01  3.108e-01  1.108e-01  3.646e-02  3.469e-02  7.092e-02  4.520e-02  1.000e-08 	
 9.900e-01  9.900e-01  9.900e-01  9.900e-01  9.900e-01  9.900e-01  9.900e-01  9.900e-01  9.900e-01  9.900e-01  9.900e-01  9.900e-01  9.900e-01  9.900e-01  9.900e-01  9.900e-01  9.900e-01  9.900e-01  9.900e-01  9.900e-01  9.900e-01  9.900e-01  9.900e-01  9.900e-01  9.900e-01  9.900e-01  9.900e-01  9.900e-01  9.942e-01  9.856e-01  9.664e-01  9.246e-01  9.055e-01  9.180e-01  8.741e-01  7.910e-01  7.446e-01  6.811e-01  6.528e-01  9.900e-01  9.900e-01  8.217e-01  6.176e-01  3.875e-01  1.842e-01  8.006e-02  6.628e-02  1.081e-01  6.985e-02  1.468e-02 	
 9.900e-01  9.900e-01  9.900e-01  9.900e-01  9.900e-01  9.900e-01  9.900e-01  9.900e-01  9.900e-01  9.900e-01  9.900e-01  9.900e-01  9.900e-01  9.900e-01  9.900e-01  9.900e-01  9.900e-01  9.900e-01  9.900e-01  9.900e-01  9.900e-01  9.900e-01  9.900e-01  9.900e-01  9.900e-01  9.900e-01  9.900e-01  9.900e-01  9.900e-01  9.857e-01  9.596e-01  9.179e-01  9.022e-01  9.175e-01  8.826e-01  8.118e-01  7.785e-01  7.361e-01  7.076e-01  9.900e-01  9.900e-01  7.946e-01  6.341e-01  4.596e-01  2.649e-01  1.364e-01  1.120e-01  1.593e-01  1.049e-01  3.633e-02 	
 9.900e-01  9.900e-01  9.900e-01  9.900e-01  9.900e-01  9.900e-01  9.900e-01  9.900e-01  9.900e-01  9.900e-01  9.900e-01  9.900e-01  9.900e-01  9.900e-01  9.900e-01  9.900e-01  9.900e-01  9.900e-01  9.900e-01  9.900e-01  9.900e-01  9.900e-01  9.900e-01  9.900e-01  9.900e-01  9.900e-01  9.900e-01  9.900e-01  9.900e-01  9.953e-01  9.580e-01  9.096e-01  8.936e-01  9.114e-01  8.843e-01  8.236e-01  8.008e-01  7.774e-01  7.580e-01  9.900e-01  9.900e-01  7.897e-01  6.390e-01  5.132e-01  3.435e-01  2.034e-01  1.744e-01  2.262e-01  1.527e-01  6.734e-02 	
 9.900e-01  9.900e-01  9.900e-01  9.900e-01  9.900e-01  9.900e-01  9.900e-01  9.900e-01  9.900e-01  9.900e-01  9.900e-01  9.900e-01  9.900e-01  9.900e-01  9.900e-01  9.900e-01  9.900e-01  9.900e-01  9.900e-01  9.900e-01  9.900e-01  9.900e-01  9.900e-01  9.900e-01  9.900e-01  9.900e-01  9.900e-01  9.900e-01  9.900e-01  9.900e-01  9.589e-01  8.998e-01  8.821e-01  9.028e-01  8.812e-01  8.288e-01  8.132e-01  8.052e-01  8.002e-01  9.900e-01  9.900e-01  7.777e-01  6.282e-01  5.449e-01  4.122e-01  2.760e-01  2.526e-01  3.058e-01  2.129e-01  1.095e-01 	
 9.900e-01  9.900e-01  9.900e-01  9.900e-01  9.900e-01  9.900e-01  9.900e-01  9.900e-01  9.900e-01  9.900e-01  9.900e-01  9.900e-01  9.900e-01  9.900e-01  9.900e-01  9.900e-01  9.900e-01  9.900e-01  9.900e-01  9.900e-01  9.900e-01  9.900e-01  9.900e-01  9.900e-01  9.900e-01  9.900e-01  9.900e-01  9.900e-01  9.900e-01  9.961e-01  9.502e-01  8.842e-01  8.687e-01  8.917e-01  8.725e-01  8.263e-01  8.182e-01  8.221e-01  8.323e-01  9.976e-01  9.900e-01  7.462e-01  6.191e-01  5.642e-01  4.679e-01  3.476e-01  3.411e-01  3.906e-01  2.818e-01  1.627e-01 	
 9.900e-01  9.900e-01  9.900e-01  9.900e-01  9.900e-01  9.900e-01  9.900e-01  9.900e-01  9.900e-01  9.900e-01  9.900e-01  9.900e-01  9.900e-01  9.900e-01  9.900e-01  9.900e-01  9.900e-01  9.900e-01  9.900e-01  9.900e-01  9.900e-01  9.900e-01  9.900e-01  9.900e-01  9.900e-01  9.900e-01  9.900e-01  9.900e-01  9.900e-01  9.746e-01  9.149e-01  8.487e-01  8.448e-01  8.788e-01  8.588e-01  8.175e-01  8.149e-01  8.289e-01  8.539e-01  9.697e-01  9.900e-01  7.245e-01  6.149e-01  5.786e-01  5.108e-01  4.125e-01  4.299e-01  4.683e-01  3.511e-01  2.233e-01 	
 9.900e-01  9.900e-01  9.900e-01  9.900e-01  9.900e-01  9.900e-01  9.900e-01  9.900e-01  9.900e-01  9.900e-01  9.900e-01  9.900e-01  9.900e-01  9.900e-01  9.900e-01  9.900e-01  9.900e-01  9.900e-01  9.900e-01  9.900e-01  9.900e-01  9.900e-01  9.900e-01  9.900e-01  9.900e-01  9.900e-01  9.900e-01  9.900e-01  9.900e-01  9.726e-01  8.846e-01  7.877e-01  7.954e-01  8.575e-01  8.423e-01  8.022e-01  8.045e-01  8.257e-01  8.662e-01  9.515e-01  9.900e-01  7.015e-01  6.055e-01  5.895e-01  5.446e-01  4.678e-01  5.081e-01  5.307e-01  4.109e-01  2.843e-01 	
 9.900e-01  9.900e-01  9.900e-01  9.900e-01  9.900e-01  9.900e-01  9.900e-01  9.900e-01  9.900e-01  9.900e-01  9.900e-01  9.900e-01  9.900e-01  9.900e-01  9.900e-01  9.900e-01  9.900e-01  9.900e-01  9.900e-01  9.900e-01  9.900e-01  9.900e-01  9.900e-01  9.900e-01  9.900e-01  9.900e-01  9.900e-01  9.900e-01  9.900e-01  9.683e-01  8.754e-01  7.363e-01  7.258e-01  8.142e-01  8.139e-01  7.788e-01  7.880e-01  8.146e-01  8.669e-01  9.405e-01  9.900e-01  6.761e-01  5.982e-01  5.931e-01  5.695e-01  5.130e-01  5.629e-01  5.708e-01  4.530e-01  3.388e-01 	
 9.900e-01  9.900e-01  9.900e-01  9.900e-01  9.900e-01  9.900e-01  9.900e-01  9.900e-01  9.900e-01  9.900e-01  9.900e-01  9.900e-01  9.900e-01  9.900e-01  9.900e-01  9.900e-01  9.900e-01  9.900e-01  9.900e-01  9.900e-01  9.900e-01  9.900e-01  9.900e-01  9.900e-01  9.900e-01  9.900e-01  9.900e-01  9.900e-01  9.900e-01  9.642e-01  8.795e-01  7.392e-01  6.882e-01  7.508e-01  7.604e-01  7.420e-01  7.637e-01  7.954e-01  8.572e-01  9.315e-01  9.599e-01  6.608e-01  5.854e-01  5.914e-01  5.843e-01  5.460e-01  5.868e-01  5.821e-01  4.785e-01  3.835e-01 	
 9.900e-01  9.900e-01  9.900e-01  9.900e-01  9.900e-01  9.900e-01  9.900e-01  9.900e-01  9.900e-01  9.900e-01  9.900e-01  9.900e-01  9.900e-01  9.900e-01  9.900e-01  9.900e-01  9.900e-01  9.900e-01  9.900e-01  9.900e-01  9.900e-01  9.900e-01  9.900e-01  9.900e-01  9.900e-01  9.900e-01  9.900e-01  9.900e-01  9.900e-01  9.580e-01  8.684e-01  7.413e-01  6.866e-01  7.091e-01  6.909e-01  6.850e-01  7.273e-01  7.687e-01  8.377e-01  9.206e-01  9.246e-01  6.520e-01  5.700e-01  5.829e-01  5.889e-01  5.665e-01  5.914e-01  5.782e-01  4.966e-01  4.209e-01 	
 9.900e-01  9.900e-01  9.900e-01  9.900e-01  9.900e-01  9.900e-01  9.900e-01  9.900e-01  9.900e-01  9.900e-01  9.900e-01  9.900e-01  9.900e-01  9.900e-01  9.900e-01  9.900e-01  9.900e-01  9.900e-01  9.900e-01  9.900e-01  9.900e-01  9.900e-01  9.900e-01  9.900e-01  9.900e-01  9.900e-01  9.900e-01  9.900e-01  9.983e-01  9.472e-01  8.414e-01  7.207e-01  6.868e-01  7.109e-01  6.542e-01  6.202e-01  6.725e-01  7.319e-01  8.095e-01  9.025e-01  8.944e-01  6.465e-01  5.479e-01  5.679e-01  5.851e-01  5.753e-01  5.834e-01  5.710e-01  5.106e-01  4.534e-01 	
 9.900e-01  9.900e-01  9.900e-01  9.900e-01  9.900e-01  9.900e-01  9.900e-01  9.900e-01  9.900e-01  9.900e-01  9.900e-01  9.900e-01  9.900e-01  9.900e-01  9.900e-01  9.900e-01  9.900e-01  9.900e-01  9.900e-01  9.900e-01  9.900e-01  9.900e-01  9.900e-01  9.900e-01  9.900e-01  9.900e-01  9.900e-01  9.900e-01  9.965e-01  9.432e-01  8.333e-01  6.925e-01  6.646e-01  7.096e-01  6.491e-01  5.774e-01  6.096e-01  6.835e-01  7.738e-01  8.757e-01  8.659e-01  6.402e-01  5.253e-01  5.454e-01  5.730e-01  5.733e-01  5.609e-01  5.510e-01  5.192e-01  4.814e-01 	
 9.900e-01  9.900e-01  9.900e-01  9.900e-01  9.900e-01  9.900e-01  9.900e-01  9.900e-01  9.900e-01  9.900e-01  9.900e-01  9.995e-01  9.900e-01  9.900e-01  9.900e-01  9.900e-01  9.900e-01  9.900e-01  9.900e-01  9.900e-01  9.900e-01  9.900e-01  9.900e-01  9.900e-01  9.900e-01  9.900e-01  9.900e-01  9.900e-01  9.956e-01  9.351e-01  8.256e-01  6.826e-01  6.386e-01  6.866e-01  6.497e-01  5.728e-01  5.686e-01  6.289e-01  7.296e-01  8.426e-01  8.384e-01  6.340e-01  5.101e-01  5.195e-01  5.545e-01  5.633e-01  5.352e-01  5.322e-01  5.235e-01  5.020e-01 	
 9.900e-01  9.900e-01  9.900e-01  9.900e-01  9.900e-01  9.900e-01  9.900e-01  9.900e-01  9.900e-01  9.900e-01  9.900e-01  9.900e-01  9.900e-01  9.900e-01  9.900e-01  9.900e-01  9.900e-01  9.900e-01  9.900e-01  9.900e-01  9.900e-01  9.900e-01  9.900e-01  9.900e-01  9.900e-01  9.900e-01  9.900e-01  9.900e-01  9.931e-01  9.309e-01  8.070e-01  6.681e-01  6.286e-01  6.591e-01  6.286e-01  5.720e-01  5.558e-01  5.814e-01  6.775e-01  8.030e-01  8.115e-01  6.332e-01  5.073e-01  4.963e-01  5.304e-01  5.463e-01  5.109e-01  5.156e-01  5.246e-01  5.158e-01 	
 9.900e-01  9.900e-01  9.900e-01  9.900e-01  9.900e-01  9.900e-01  9.900e-01  9.900e-01  9.900e-01  9.900e-01  9.900e-01  9.900e-01  9.900e-01  9.900e-01  9.900e-01  9.900e-01  9.900e-01  9.900e-01  9.900e-01  9.900e-01  9.900e-01  9.900e-01  9.900e-01  9.900e-01  9.900e-01  9.900e-01  9.900e-01  9.900e-01  9.908e-01  9.216e-01  7.957e-01  6.446e-01  6.093e-01  6.465e-01  6.035e-01  5.589e-01  5.533e-01  5.590e-01  6.288e-01  7.586e-01  7.838e-01  6.355e-01  5.134e-01  4.824e-01  5.055e-01  5.258e-01  4.932e-01  5.069e-01  5.225e-01  5.232e-01 	
 9.900e-01  9.900e-01  9.900e-01  9.900e-01  9.900e-01  9.900e-01  9.900e-01  9.900e-01  9.900e-01  9.900e-01  9.900e-01  9.900e-01  9.900e-01  9.900e-01  9.900e-01  9.900e-01  9.900e-01  9.900e-01  9.900e-01  9.900e-01  9.900e-01  9.900e-01  9.900e-01  9.900e-01  9.900e-01  9.900e-01  9.900e-01  9.900e-01  9.899e-01  9.140e-01  7.741e-01  6.325e-01  5.929e-01  6.297e-01  5.959e-01  5.446e-01  5.419e-01  5.506e-01  5.915e-01  7.084e-01  7.554e-01  6.366e-01  5.195e-01  4.797e-01  4.860e-01  5.041e-01  4.806e-01  5.006e-01  5.162e-01  5.248e-01 	
 9.900e-01  9.900e-01  9.900e-01  9.900e-01  9.900e-01  9.900e-01  9.900e-01  9.900e-01  9.900e-01  9.900e-01  9.900e-01  9.900e-01  9.900e-01  9.900e-01  9.900e-01  9.900e-01  9.900e-01  9.900e-01  9.900e-01  9.900e-01  9.900e-01  9.900e-01  9.900e-01  9.900e-01  9.900e-01  9.900e-01  9.900e-01  9.900e-01  9.871e-01  9.058e-01  7.652e-01  6.179e-01  5.803e-01  6.085e-01  5.822e-01  5.393e-01  5.296e-01  5.402e-01  5.684e-01  6.550e-01  7.260e-01  6.371e-01  5.258e-01  4.848e-01  4.762e-01  4.865e-01  4.706e-01  4.943e-01  5.061e-01  5.207e-01 	
 9.900e-01  9.900e-01  9.900e-01  9.900e-01  9.900e-01  9.900e-01  9.900e-01  9.900e-01  9.900e-01  9.900e-01  9.900e-01  9.900e-01  9.900e-01  9.900e-01  9.900e-01  9.900e-01  9.900e-01  9.900e-01  9.900e-01  9.900e-01  9.900e-01  9.900e-01  9.900e-01  9.900e-01  9.900e-01  9.900e-01  9.900e-01  9.900e-01  9.842e-01  8.951e-01  7.514e-01  6.068e-01  5.700e-01  5.991e-01  5.673e-01  5.333e-01  5.242e-01  5.272e-01  5.518e-01  6.040e-01  7.002e-01  6.373e-01  5.330e-01  4.923e-01  4.762e-01  4.758e-01  4.637e-01  4.872e-01  4.945e-01  5.116e-01 	
 9.900e-01  9.900e-01  9.900e-01  9.900e-01  9.900e-01  9.900e-01  9.900e-01  9.900e-01  9.900e-01  9.900e-01  9.900e-01  9.900e-01  9.900e-01  9.900e-01  9.900e-01  9.900e-01  9.900e-01  9.900e-01  9.900e-01  9.900e-01  9.900e-01  9.900e-01  9.900e-01  9.900e-01  9.900e-01  9.900e-01  9.900e-01  9.900e-01  9.821e-01  8.859e-01  7.348e-01  5.973e-01  5.594e-01  5.813e-01  5.604e-01  5.286e-01  5.205e-01  5.186e-01  5.328e-01  5.652e-01  6.806e-01  6.376e-01  5.398e-01  4.992e-01  4.813e-01  4.729e-01  4.622e-01  4.842e-01  4.851e-01  4.998e-01 	
 9.900e-01  9.900e-01  9.900e-01  9.900e-01  9.900e-01  9.900e-01  9.900e-01  9.900e-01  9.900e-01  9.900e-01  9.900e-01  9.900e-01  9.900e-01  9.900e-01  9.900e-01  9.900e-01  9.900e-01  9.900e-01  9.900e-01  9.900e-01  9.900e-01  9.900e-01  9.900e-01  9.900e-01  9.900e-01  9.900e-01  9.900e-01  9.900e-01  9.790e-01  8.762e-01  7.202e-01  5.889e-01  5.533e-01  5.700e-01  5.501e-01  5.261e-01  5.177e-01  5.152e-01  5.165e-01  5.467e-01  6.684e-01  6.390e-01  5.460e-01  5.061e-01  4.881e-01  4.760e-01  4.668e-01  4.876e-01  4.813e-01  4.887e-01 	
 9.900e-01  9.900e-01  9.900e-01  9.900e-01  9.900e-01  9.900e-01  9.900e-01  9.900e-01  9.900e-01  9.900e-01  9.900e-01  9.900e-01  9.995e-01  9.900e-01  9.900e-01  9.900e-01  9.900e-01  9.900e-01  9.900e-01  9.900e-01  9.900e-01  9.900e-01  9.900e-01  9.900e-01  9.900e-01  9.900e-01  9.900e-01  9.900e-01  9.767e-01  8.679e-01  7.076e-01  5.812e-01  5.491e-01  5.657e-01  5.460e-01  5.257e-01  5.171e-01  5.128e-01  5.151e-01  5.461e-01  6.629e-01  6.411e-01  5.515e-01  5.122e-01  4.944e-01  4.823e-01  4.744e-01  4.936e-01  4.831e-01  4.819e-01 	
 9.900e-01  9.900e-01  9.900e-01  9.900e-01  9.900e-01  9.900e-01  9.900e-01  9.900e-01  9.900e-01  9.900e-01  9.900e-01  9.900e-01  9.995e-01  9.900e-01  9.900e-01  9.900e-01  9.900e-01  9.900e-01  9.900e-01  9.900e-01  9.900e-01  9.900e-01  9.900e-01  9.900e-01  9.900e-01  9.900e-01  9.900e-01  9.900e-01  9.735e-01  8.544e-01  6.885e-01  5.724e-01  5.451e-01  5.593e-01  5.443e-01  5.268e-01  5.184e-01  5.134e-01  5.171e-01  5.454e-01  6.590e-01  6.430e-01  5.563e-01  5.182e-01  5.002e-01  4.886e-01  4.825e-01  5.004e-01  4.881e-01  4.807e-01 	
 9.900e-01  9.900e-01  9.900e-01  9.900e-01  9.900e-01  9.900e-01  9.900e-01  9.900e-01  9.900e-01  9.900e-01  9.900e-01  9.995e-01  9.995e-01  9.995e-01  9.900e-01  9.900e-01  9.900e-01  9.900e-01  9.900e-01  9.900e-01  9.900e-01  9.900e-01  9.900e-01  9.900e-01  9.900e-01  9.900e-01  9.900e-01  9.900e-01  9.707e-01  8.426e-01  6.741e-01  5.661e-01  5.417e-01  5.522e-01  5.407e-01  5.275e-01  5.202e-01  5.142e-01  5.126e-01  5.375e-01  6.545e-01  6.447e-01  5.611e-01  5.237e-01  5.059e-01  4.952e-01  4.905e-01  5.073e-01  4.943e-01  4.845e-01 	
 9.900e-01  9.900e-01  9.900e-01  9.900e-01  9.900e-01  9.900e-01  9.900e-01  9.900e-01  9.900e-01  9.900e-01  9.900e-01  9.900e-01  9.900e-01  9.900e-01  9.900e-01  9.900e-01  9.900e-01  9.900e-01  9.900e-01  9.900e-01  9.900e-01  9.900e-01  9.900e-01  9.900e-01  9.900e-01  9.900e-01  9.900e-01  9.900e-01  9.674e-01  8.326e-01  6.596e-01  5.613e-01  5.385e-01  5.455e-01  5.378e-01  5.279e-01  5.215e-01  5.155e-01  5.131e-01  5.349e-01  6.527e-01  6.466e-01  5.648e-01  5.281e-01  5.113e-01  5.009e-01  4.981e-01  5.136e-01  5.013e-01  4.909e-01 	
 9.900e-01  9.900e-01  9.900e-01  9.900e-01  9.900e-01  9.900e-01  9.900e-01  9.900e-01  9.900e-01  9.900e-01  9.900e-01  9.900e-01  9.995e-01  9.900e-01  9.995e-01  9.900e-01  9.900e-01  9.900e-01  9.900e-01  9.900e-01  9.900e-01  9.900e-01  9.900e-01  9.900e-01  9.900e-01  9.900e-01  9.900e-01  9.900e-01  9.642e-01  8.222e-01  6.483e-01  5.577e-01  5.373e-01  5.409e-01  5.358e-01  5.293e-01  5.238e-01  5.172e-01  5.143e-01  5.375e-01  6.528e-01  6.489e-01  5.686e-01  5.327e-01  5.159e-01  5.062e-01  5.046e-01  5.195e-01  5.076e-01  4.972e-01 	
 9.900e-01  9.900e-01  9.900e-01  9.900e-01  9.900e-01  9.900e-01  9.900e-01  9.900e-01  9.900e-01  9.900e-01  9.900e-01  9.900e-01  9.995e-01  9.995e-01  9.995e-01  9.900e-01  9.900e-01  9.900e-01  9.900e-01  9.900e-01  9.900e-01  9.900e-01  9.900e-01  9.900e-01  9.900e-01  9.900e-01  9.900e-01  9.900e-01  9.618e-01  8.118e-01  6.384e-01  5.550e-01  5.369e-01  5.398e-01  5.360e-01  5.309e-01  5.258e-01  5.199e-01  5.165e-01  5.396e-01  6.537e-01  6.510e-01  5.717e-01  5.364e-01  5.204e-01  5.115e-01  5.103e-01  5.244e-01  5.132e-01  5.030e-01 	
 9.900e-01  9.900e-01  9.900e-01  9.900e-01  9.900e-01  9.900e-01  9.900e-01  9.900e-01  9.900e-01  9.900e-01  9.900e-01  9.900e-01  9.995e-01  9.900e-01  9.900e-01  9.900e-01  9.900e-01  9.900e-01  9.900e-01  9.900e-01  9.900e-01  9.900e-01  9.900e-01  9.900e-01  9.900e-01  9.900e-01  9.900e-01  9.900e-01  9.578e-01  7.999e-01  6.263e-01  5.516e-01  5.368e-01  5.388e-01  5.363e-01  5.322e-01  5.276e-01  5.216e-01  5.185e-01  5.419e-01  6.546e-01  6.524e-01  5.748e-01  5.397e-01  5.242e-01  5.155e-01  5.158e-01  5.295e-01  5.184e-01  5.086e-01 	
 9.900e-01  9.900e-01  9.900e-01  9.900e-01  9.900e-01  9.900e-01  9.900e-01  9.900e-01  9.900e-01  9.900e-01  9.900e-01  9.900e-01  9.995e-01  9.995e-01  9.995e-01  9.900e-01  9.900e-01  9.900e-01  9.900e-01  9.900e-01  9.900e-01  9.900e-01  9.900e-01  9.900e-01  9.900e-01  9.900e-01  9.900e-01  9.900e-01  9.543e-01  7.897e-01  6.170e-01  5.494e-01  5.365e-01  5.378e-01  5.365e-01  5.333e-01  5.294e-01  5.234e-01  5.204e-01  5.442e-01  6.558e-01  6.545e-01  5.774e-01  5.429e-01  5.273e-01  5.198e-01  5.198e-01  5.336e-01  5.228e-01  5.136e-01 	
 9.900e-01  9.900e-01  9.900e-01  9.900e-01  9.900e-01  9.900e-01  9.900e-01  9.900e-01  9.900e-01  9.900e-01  9.900e-01  9.900e-01  9.990e-01  9.995e-01  9.995e-01  9.995e-01  9.900e-01  9.995e-01  9.900e-01  9.900e-01  9.900e-01  9.900e-01  9.900e-01  9.900e-01  9.900e-01  9.900e-01  9.900e-01  9.900e-01  9.516e-01  7.793e-01  6.090e-01  5.471e-01  5.359e-01  5.370e-01  5.364e-01  5.342e-01  5.305e-01  5.249e-01  5.222e-01  5.465e-01  6.568e-01  6.558e-01  5.793e-01  5.453e-01  5.305e-01  5.229e-01  5.236e-01  5.370e-01  5.268e-01  5.182e-01 	
 9.900e-01  9.900e-01  9.900e-01  9.900e-01  9.900e-01  9.900e-01  9.900e-01  9.900e-01  9.900e-01  9.900e-01  9.900e-01  9.995e-01  9.990e-01  9.990e-01  9.995e-01  9.995e-01  9.900e-01  9.995e-01  9.995e-01  9.900e-01  9.900e-01  9.900e-01  9.900e-01  9.900e-01  9.900e-01  9.900e-01  9.900e-01  9.900e-01  9.482e-01  7.699e-01  6.023e-01  5.463e-01  5.368e-01  5.371e-01  5.368e-01  5.348e-01  5.318e-01  5.265e-01  5.244e-01  5.489e-01  6.568e-01  6.560e-01  5.814e-01  5.480e-01  5.333e-01  5.260e-01  5.267e-01  5.400e-01  5.302e-01  5.239e-01 	
 9.900e-01  9.900e-01  9.900e-01  9.900e-01  9.900e-01  9.900e-01  9.900e-01  9.900e-01  9.900e-01  9.900e-01  9.900e-01  9.900e-01  9.900e-01  9.900e-01  9.900e-01  9.900e-01  9.900e-01  9.900e-01  9.900e-01  9.900e-01  9.900e-01  9.900e-01  9.900e-01  9.900e-01  9.900e-01  9.900e-01  9.985e-01  9.867e-01  9.323e-01  7.651e-01  6.116e-01  5.598e-01  5.468e-01  5.436e-01  5.415e-01  5.390e-01  5.363e-01  5.331e-01  5.324e-01  5.550e-01  6.498e-01  6.488e-01  5.834e-01  5.545e-01  5.403e-01  5.325e-01  5.325e-01  5.447e-01  5.371e-01  5.328e-01 	
