 1.446e+00  1.495e+00  1.546e+00  1.596e+00  1.644e+00  1.688e+00  1.724e+00  1.746e+00  1.745e+00  1.709e+00  1.622e+00  1.334e+00  9.894e-01  7.164e-01  5.157e-01  3.672e-01  2.564e-01  1.750e-01  1.170e-01  7.724e-02  5.065e-02  3.300e-02  2.142e-02  1.391e-02  9.041e-03  5.870e-03  3.819e-03  2.561e-03  1.935e-03  2.116e-03  3.507e-03  6.944e-03  8.417e-03  6.971e-03  8.555e-03  1.143e-02  1.137e-02  1.098e-02  1.107e-02  1.578e-02  5.590e-02  5.599e-02  2.670e-02  1.975e-02  1.772e-02  1.725e-02  1.571e-02  1.544e-02  1.465e-02  1.369e-02 	
 1.655e+00  1.726e+00  1.802e+00  1.883e+00  1.967e+00  2.054e+00  2.139e+00  2.215e+00  2.271e+00  2.279e+00  2.187e+00  1.901e+00  1.480e+00  1.081e+00  7.774e-01  5.592e-01  3.984e-01  2.783e-01  1.901e-01  1.272e-01  8.385e-02  5.479e-02  3.563e-02  2.306e-02  1.485e-02  9.537e-03  6.109e-03  3.944e-03  2.802e-03  2.825e-03  4.440e-03  8.760e-03  1.035e-02  8.089e-03  9.894e-03  1.348e-02  1.318e-02  1.227e-02  1.200e-02  1.769e-02  7.352e-02  7.401e-02  3.124e-02  2.212e-02  1.993e-02  1.964e-02  1.794e-02  1.767e-02  1.674e-02  1.552e-02 	
 1.858e+00  1.950e+00  2.050e+00  2.160e+00  2.280e+00  2.409e+00  2.545e+00  2.679e+00  2.794e+00  2.854e+00  2.789e+00  2.453e+00  2.045e+00  1.608e+00  1.190e+00  8.579e-01  6.187e-01  4.430e-01  3.118e-01  2.144e-01  1.442e-01  9.551e-02  6.261e-02  4.072e-02  2.631e-02  1.693e-02  1.085e-02  6.965e-03  4.807e-03  4.400e-03  6.038e-03  1.084e-02  1.234e-02  9.528e-03  1.155e-02  1.568e-02  1.526e-02  1.411e-02  1.374e-02  2.033e-02  8.573e-02  8.644e-02  3.605e-02  2.537e-02  2.289e-02  2.260e-02  2.066e-02  2.037e-02  1.928e-02  1.782e-02 	
 2.043e+00  2.151e+00  2.270e+00  2.402e+00  2.549e+00  2.712e+00  2.888e+00  3.073e+00  3.249e+00  3.382e+00  3.399e+00  3.120e+00  2.626e+00  2.174e+00  1.743e+00  1.312e+00  9.503e-01  6.853e-01  4.925e-01  3.489e-01  2.415e-01  1.636e-01  1.089e-01  7.154e-02  4.653e-02  3.007e-02  1.932e-02  1.241e-02  8.394e-03  7.070e-03  8.473e-03  1.360e-02  1.482e-02  1.134e-02  1.357e-02  1.825e-02  1.770e-02  1.632e-02  1.585e-02  2.342e-02  9.893e-02  9.981e-02  4.156e-02  2.922e-02  2.637e-02  2.605e-02  2.381e-02  2.348e-02  2.222e-02  2.050e-02 	
 2.198e+00  2.315e+00  2.444e+00  2.587e+00  2.746e+00  2.923e+00  3.120e+00  3.334e+00  3.554e+00  3.752e+00  3.860e+00  3.648e+00  3.279e+00  2.775e+00  2.301e+00  1.876e+00  1.438e+00  1.050e+00  7.568e-01  5.453e-01  3.884e-01  2.710e-01  1.849e-01  1.236e-01  8.130e-02  5.293e-02  3.418e-02  2.199e-02  1.466e-02  1.155e-02  1.225e-02  1.746e-02  1.811e-02  1.369e-02  1.610e-02  2.134e-02  2.057e-02  1.890e-02  1.831e-02  2.702e-02  1.143e-01  1.155e-01  4.800e-02  3.371e-02  3.040e-02  3.002e-02  2.744e-02  2.707e-02  2.561e-02  2.360e-02 	
 2.318e+00  2.435e+00  2.562e+00  2.701e+00  2.854e+00  3.022e+00  3.210e+00  3.418e+00  3.646e+00  3.877e+00  4.058e+00  4.087e+00  3.788e+00  3.412e+00  2.926e+00  2.429e+00  2.002e+00  1.567e+00  1.158e+00  8.355e-01  6.030e-01  4.316e-01  3.034e-01  2.082e-01  1.397e-01  9.217e-02  6.004e-02  3.880e-02  2.565e-02  1.918e-02  1.825e-02  2.306e-02  2.264e-02  1.687e-02  1.935e-02  2.513e-02  2.401e-02  2.195e-02  2.119e-02  3.121e-02  1.323e-01  1.339e-01  5.553e-02  3.893e-02  3.506e-02  3.460e-02  3.162e-02  3.121e-02  2.952e-02  2.717e-02 	
 2.400e+00  2.509e+00  2.624e+00  2.745e+00  2.874e+00  3.011e+00  3.159e+00  3.322e+00  3.508e+00  3.728e+00  3.980e+00  4.145e+00  4.129e+00  3.897e+00  3.536e+00  3.092e+00  2.577e+00  2.133e+00  1.704e+00  1.276e+00  9.240e-01  6.664e-01  4.788e-01  3.385e-01  2.335e-01  1.576e-01  1.043e-01  6.805e-02  4.485e-02  3.227e-02  2.800e-02  3.144e-02  2.913e-02  2.135e-02  2.365e-02  2.986e-02  2.818e-02  2.559e-02  2.458e-02  3.609e-02  1.533e-01  1.555e-01  6.436e-02  4.500e-02  4.046e-02  3.989e-02  3.644e-02  3.598e-02  3.402e-02  3.129e-02 	
 2.448e+00  2.542e+00  2.638e+00  2.733e+00  2.826e+00  2.916e+00  3.003e+00  3.088e+00  3.182e+00  3.310e+00  3.516e+00  3.794e+00  4.104e+00  4.154e+00  3.996e+00  3.642e+00  3.235e+00  2.726e+00  2.262e+00  1.837e+00  1.400e+00  1.020e+00  7.356e-01  5.297e-01  3.762e-01  2.615e-01  1.774e-01  1.178e-01  7.805e-02  5.473e-02  4.407e-02  4.434e-02  3.876e-02  2.788e-02  2.956e-02  3.595e-02  3.335e-02  2.998e-02  2.859e-02  4.178e-02  1.777e-01  1.810e-01  7.475e-02  5.210e-02  4.674e-02  4.602e-02  4.201e-02  4.151e-02  3.923e-02  3.604e-02 	
 2.468e+00  2.546e+00  2.619e+00  2.686e+00  2.743e+00  2.785e+00  2.808e+00  2.808e+00  2.788e+00  2.765e+00  2.801e+00  3.110e+00  3.661e+00  4.030e+00  4.156e+00  4.092e+00  3.759e+00  3.374e+00  2.879e+00  2.390e+00  1.963e+00  1.529e+00  1.125e+00  8.119e-01  5.851e-01  4.177e-01  2.923e-01  1.993e-01  1.341e-01  9.290e-02  7.071e-02  6.468e-02  5.352e-02  3.776e-02  3.794e-02  4.400e-02  3.992e-02  3.539e-02  3.340e-02  4.844e-02  2.059e-01  2.110e-01  8.706e-02  6.045e-02  5.406e-02  5.312e-02  4.844e-02  4.791e-02  4.526e-02  4.154e-02 	
 2.470e+00  2.531e+00  2.584e+00  2.627e+00  2.654e+00  2.660e+00  2.639e+00  2.583e+00  2.484e+00  2.343e+00  2.196e+00  2.384e+00  2.949e+00  3.467e+00  3.934e+00  4.143e+00  4.127e+00  3.870e+00  3.504e+00  3.045e+00  2.535e+00  2.095e+00  1.666e+00  1.241e+00  8.968e-01  6.461e-01  4.629e-01  3.256e-01  2.246e-01  1.562e-01  1.146e-01  9.713e-02  7.668e-02  5.310e-02  5.021e-02  5.500e-02  4.852e-02  4.221e-02  3.925e-02  5.624e-02  2.380e-01  2.463e-01  1.017e-01  7.032e-02  6.264e-02  6.137e-02  5.590e-02  5.535e-02  5.224e-02  4.789e-02 	
 2.459e+00  2.506e+00  2.544e+00  2.570e+00  2.581e+00  2.571e+00  2.536e+00  2.472e+00  2.371e+00  2.229e+00  2.050e+00  2.081e+00  2.301e+00  2.714e+00  3.327e+00  3.797e+00  4.127e+00  4.159e+00  3.970e+00  3.611e+00  3.192e+00  2.682e+00  2.224e+00  1.798e+00  1.362e+00  9.896e-01  7.124e-01  5.116e-01  3.629e-01  2.564e-01  1.854e-01  1.489e-01  1.135e-01  7.736e-02  6.866e-02  7.051e-02  6.014e-02  5.105e-02  4.650e-02  6.539e-02  2.737e-01  2.873e-01  1.194e-01  8.211e-02  7.275e-02  7.099e-02  6.455e-02  6.403e-02  6.035e-02  5.524e-02 	
 2.441e+00  2.479e+00  2.507e+00  2.523e+00  2.527e+00  2.517e+00  2.492e+00  2.454e+00  2.411e+00  2.375e+00  2.369e+00  2.180e+00  2.020e+00  2.164e+00  2.606e+00  3.121e+00  3.701e+00  4.058e+00  4.160e+00  4.071e+00  3.727e+00  3.335e+00  2.832e+00  2.352e+00  1.924e+00  1.489e+00  1.091e+00  7.860e-01  5.658e-01  4.070e-01  2.944e-01  2.295e-01  1.716e-01  1.160e-01  9.689e-02  9.299e-02  7.637e-02  6.285e-02  5.569e-02  7.614e-02  3.119e-01  3.345e-01  1.409e-01  9.637e-02  8.476e-02  8.227e-02  7.462e-02  7.417e-02  6.980e-02  6.377e-02 	
 2.421e+00  2.450e+00  2.472e+00  2.485e+00  2.488e+00  2.482e+00  2.470e+00  2.459e+00  2.462e+00  2.499e+00  2.587e+00  2.521e+00  2.274e+00  2.068e+00  2.088e+00  2.394e+00  2.991e+00  3.514e+00  3.970e+00  4.145e+00  4.115e+00  3.839e+00  3.470e+00  2.998e+00  2.493e+00  2.056e+00  1.625e+00  1.204e+00  8.681e-01  6.268e-01  4.547e-01  3.504e-01  2.612e-01  1.768e-01  1.404e-01  1.262e-01  9.966e-02  7.910e-02  6.760e-02  8.882e-02  3.506e-01  3.882e-01  1.674e-01  1.139e-01  9.919e-02  9.557e-02  8.639e-02  8.612e-02  8.086e-02  7.369e-02 	
 2.398e+00  2.422e+00  2.440e+00  2.450e+00  2.453e+00  2.451e+00  2.445e+00  2.439e+00  2.439e+00  2.450e+00  2.483e+00  2.585e+00  2.541e+00  2.284e+00  2.023e+00  2.053e+00  2.343e+00  2.765e+00  3.384e+00  3.840e+00  4.141e+00  4.154e+00  3.939e+00  3.578e+00  3.147e+00  2.636e+00  2.185e+00  1.756e+00  1.321e+00  9.558e-01  6.863e-01  5.245e-01  3.936e-01  2.697e-01  2.066e-01  1.757e-01  1.338e-01  1.020e-01  8.343e-02  1.039e-01  3.886e-01  4.495e-01  2.009e-01  1.358e-01  1.168e-01  1.114e-01  1.002e-01  1.003e-01  9.387e-02  8.528e-02 	
 2.374e+00  2.394e+00  2.409e+00  2.417e+00  2.419e+00  2.417e+00  2.411e+00  2.402e+00  2.386e+00  2.350e+00  2.260e+00  2.274e+00  2.525e+00  2.629e+00  2.458e+00  2.187e+00  2.053e+00  2.195e+00  2.661e+00  3.180e+00  3.733e+00  4.074e+00  4.160e+00  4.047e+00  3.694e+00  3.294e+00  2.784e+00  2.312e+00  1.880e+00  1.435e+00  1.030e+00  7.743e-01  5.829e-01  4.056e-01  3.046e-01  2.486e-01  1.839e-01  1.349e-01  1.049e-01  1.222e-01  4.262e-01  5.221e-01  2.446e-01  1.638e-01  1.385e-01  1.303e-01  1.166e-01  1.173e-01  1.093e-01  9.888e-02 	
 2.349e+00  2.366e+00  2.377e+00  2.384e+00  2.385e+00  2.382e+00  2.376e+00  2.367e+00  2.355e+00  2.347e+00  2.369e+00  2.244e+00  2.223e+00  2.474e+00  2.631e+00  2.593e+00  2.321e+00  2.109e+00  2.128e+00  2.438e+00  3.029e+00  3.557e+00  4.005e+00  4.148e+00  4.100e+00  3.806e+00  3.435e+00  2.951e+00  2.445e+00  1.988e+00  1.515e+00  1.139e+00  8.542e-01  5.985e-01  4.438e-01  3.530e-01  2.567e-01  1.822e-01  1.345e-01  1.451e-01  4.666e-01  6.139e-01  3.037e-01  2.008e-01  1.660e-01  1.534e-01  1.361e-01  1.379e-01  1.278e-01  1.149e-01 	
 2.324e+00  2.337e+00  2.346e+00  2.350e+00  2.350e+00  2.347e+00  2.340e+00  2.332e+00  2.324e+00  2.316e+00  2.300e+00  2.350e+00  2.246e+00  2.205e+00  2.369e+00  2.654e+00  2.573e+00  2.296e+00  2.007e+00  2.027e+00  2.377e+00  2.817e+00  3.442e+00  3.882e+00  4.151e+00  4.148e+00  3.908e+00  3.547e+00  3.095e+00  2.553e+00  2.042e+00  1.618e+00  1.241e+00  8.742e-01  6.377e-01  4.981e-01  3.595e-01  2.491e-01  1.752e-01  1.741e-01  5.157e-01  7.381e-01  3.867e-01  2.510e-01  2.014e-01  1.818e-01  1.596e-01  1.634e-01  1.502e-01  1.341e-01 	
 2.298e+00  2.309e+00  2.315e+00  2.317e+00  2.316e+00  2.311e+00  2.303e+00  2.294e+00  2.285e+00  2.275e+00  2.265e+00  2.187e+00  2.280e+00  2.292e+00  2.211e+00  2.265e+00  2.526e+00  2.599e+00  2.376e+00  2.127e+00  2.045e+00  2.215e+00  2.716e+00  3.239e+00  3.763e+00  4.089e+00  4.161e+00  4.024e+00  3.655e+00  3.202e+00  2.597e+00  2.120e+00  1.720e+00  1.264e+00  9.123e-01  6.976e-01  5.003e-01  3.411e-01  2.305e-01  2.115e-01  5.818e-01  9.155e-01  5.070e-01  3.208e-01  2.482e-01  2.174e-01  1.884e-01  1.955e-01  1.778e-01  1.571e-01 	
 2.273e+00  2.281e+00  2.285e+00  2.285e+00  2.282e+00  2.275e+00  2.266e+00  2.256e+00  2.245e+00  2.234e+00  2.219e+00  2.263e+00  2.208e+00  2.279e+00  2.344e+00  2.233e+00  2.227e+00  2.443e+00  2.596e+00  2.507e+00  2.234e+00  2.105e+00  2.170e+00  2.487e+00  3.068e+00  3.603e+00  4.043e+00  4.156e+00  4.078e+00  3.718e+00  3.221e+00  2.678e+00  2.222e+00  1.737e+00  1.292e+00  9.740e-01  6.923e-01  4.649e-01  3.038e-01  2.597e-01  6.740e-01  1.174e+00  6.834e-01  4.196e-01  3.111e-01  2.628e-01  2.242e-01  2.369e-01  2.124e-01  1.853e-01 	
 2.248e+00  2.254e+00  2.256e+00  2.254e+00  2.249e+00  2.241e+00  2.230e+00  2.218e+00  2.206e+00  2.199e+00  2.206e+00  2.148e+00  2.234e+00  2.230e+00  2.281e+00  2.376e+00  2.255e+00  2.200e+00  2.352e+00  2.575e+00  2.556e+00  2.300e+00  2.012e+00  2.026e+00  2.408e+00  2.873e+00  3.501e+00  3.924e+00  4.153e+00  4.084e+00  3.692e+00  3.238e+00  2.783e+00  2.233e+00  1.732e+00  1.335e+00  9.546e-01  6.310e-01  3.992e-01  3.200e-01  7.922e-01  1.531e+00  9.375e-01  5.597e-01  3.967e-01  3.215e-01  2.693e-01  2.916e-01  2.567e-01  2.202e-01 	
 2.225e+00  2.229e+00  2.230e+00  2.226e+00  2.220e+00  2.210e+00  2.197e+00  2.183e+00  2.168e+00  2.154e+00  2.143e+00  2.189e+00  2.177e+00  2.227e+00  2.238e+00  2.214e+00  2.306e+00  2.260e+00  2.196e+00  2.293e+00  2.556e+00  2.580e+00  2.337e+00  2.089e+00  2.035e+00  2.235e+00  2.770e+00  3.298e+00  3.792e+00  4.061e+00  4.010e+00  3.690e+00  3.301e+00  2.787e+00  2.198e+00  1.743e+00  1.291e+00  8.546e-01  5.233e-01  3.920e-01  9.123e-01  1.947e+00  1.279e+00  7.534e-01  5.131e-01  3.980e-01  3.270e-01  3.655e-01  3.147e-01  2.643e-01 	
 2.203e+00  2.206e+00  2.206e+00  2.202e+00  2.194e+00  2.183e+00  2.170e+00  2.155e+00  2.138e+00  2.125e+00  2.125e+00  2.196e+00  2.190e+00  2.192e+00  2.208e+00  2.297e+00  2.233e+00  2.281e+00  2.352e+00  2.250e+00  2.283e+00  2.497e+00  2.652e+00  2.428e+00  2.148e+00  2.076e+00  2.206e+00  2.541e+00  3.109e+00  3.628e+00  3.977e+00  3.914e+00  3.714e+00  3.297e+00  2.732e+00  2.194e+00  1.672e+00  1.138e+00  6.855e-01  4.763e-01  1.010e+00  2.297e+00  1.684e+00  1.008e+00  6.681e-01  4.971e-01  4.008e-01  4.668e-01  3.919e-01  3.209e-01 	
 2.183e+00  2.186e+00  2.185e+00  2.181e+00  2.173e+00  2.163e+00  2.151e+00  2.136e+00  2.122e+00  2.111e+00  2.117e+00  2.180e+00  2.200e+00  2.192e+00  2.227e+00  2.224e+00  2.263e+00  2.235e+00  2.295e+00  2.384e+00  2.287e+00  2.299e+00  2.464e+00  2.632e+00  2.572e+00  2.299e+00  2.030e+00  2.048e+00  2.440e+00  2.932e+00  3.532e+00  3.833e+00  3.877e+00  3.692e+00  3.198e+00  2.675e+00  2.099e+00  1.463e+00  8.890e-01  5.774e-01  1.097e+00  2.501e+00  2.114e+00  1.326e+00  8.677e-01  6.231e-01  4.949e-01  6.059e-01  4.956e-01  3.946e-01 	
 2.165e+00  2.167e+00  2.167e+00  2.163e+00  2.157e+00  2.149e+00  2.139e+00  2.128e+00  2.117e+00  2.107e+00  2.105e+00  2.166e+00  2.178e+00  2.177e+00  2.187e+00  2.227e+00  2.212e+00  2.238e+00  2.232e+00  2.232e+00  2.337e+00  2.309e+00  2.328e+00  2.476e+00  2.640e+00  2.581e+00  2.345e+00  2.094e+00  2.051e+00  2.290e+00  2.893e+00  3.419e+00  3.725e+00  3.831e+00  3.583e+00  3.114e+00  2.552e+00  1.833e+00  1.125e+00  6.978e-01  1.193e+00  2.663e+00  2.523e+00  1.698e+00  1.114e+00  7.785e-01  6.122e-01  7.934e-01  6.341e-01  4.908e-01 	
 2.149e+00  2.151e+00  2.151e+00  2.148e+00  2.144e+00  2.138e+00  2.132e+00  2.126e+00  2.122e+00  2.121e+00  2.122e+00  2.153e+00  2.141e+00  2.152e+00  2.160e+00  2.199e+00  2.193e+00  2.211e+00  2.225e+00  2.249e+00  2.210e+00  2.313e+00  2.356e+00  2.334e+00  2.446e+00  2.571e+00  2.614e+00  2.391e+00  2.113e+00  2.083e+00  2.398e+00  2.836e+00  3.279e+00  3.680e+00  3.732e+00  3.447e+00  2.976e+00  2.233e+00  1.396e+00  8.323e-01  1.272e+00  2.755e+00  2.823e+00  2.086e+00  1.404e+00  9.639e-01  7.532e-01  1.036e+00  8.146e-01  6.154e-01 	
 2.134e+00  2.137e+00  2.137e+00  2.136e+00  2.133e+00  2.129e+00  2.125e+00  2.123e+00  2.126e+00  2.136e+00  2.161e+00  2.136e+00  2.111e+00  2.147e+00  2.156e+00  2.163e+00  2.194e+00  2.199e+00  2.239e+00  2.212e+00  2.284e+00  2.306e+00  2.318e+00  2.396e+00  2.361e+00  2.330e+00  2.535e+00  2.651e+00  2.558e+00  2.300e+00  2.149e+00  2.332e+00  2.723e+00  3.241e+00  3.582e+00  3.584e+00  3.304e+00  2.622e+00  1.697e+00  9.797e-01  1.339e+00  2.714e+00  3.044e+00  2.436e+00  1.718e+00  1.175e+00  9.111e-01  1.320e+00  1.037e+00  7.723e-01 	
 2.120e+00  2.123e+00  2.124e+00  2.124e+00  2.122e+00  2.119e+00  2.116e+00  2.115e+00  2.116e+00  2.120e+00  2.126e+00  2.127e+00  2.139e+00  2.171e+00  2.145e+00  2.151e+00  2.176e+00  2.189e+00  2.178e+00  2.275e+00  2.242e+00  2.294e+00  2.274e+00  2.278e+00  2.386e+00  2.302e+00  2.201e+00  2.387e+00  2.606e+00  2.554e+00  2.280e+00  2.177e+00  2.323e+00  2.685e+00  3.175e+00  3.467e+00  3.457e+00  2.950e+00  2.006e+00  1.142e+00  1.405e+00  2.655e+00  3.168e+00  2.745e+00  2.028e+00  1.398e+00  1.068e+00  1.597e+00  1.292e+00  9.624e-01 	
 2.107e+00  2.111e+00  2.112e+00  2.112e+00  2.110e+00  2.108e+00  2.105e+00  2.102e+00  2.099e+00  2.092e+00  2.079e+00  2.082e+00  2.102e+00  2.107e+00  2.118e+00  2.174e+00  2.171e+00  2.166e+00  2.158e+00  2.193e+00  2.214e+00  2.226e+00  2.264e+00  2.301e+00  2.238e+00  2.307e+00  2.289e+00  2.206e+00  2.299e+00  2.511e+00  2.532e+00  2.339e+00  2.213e+00  2.279e+00  2.692e+00  3.139e+00  3.385e+00  3.152e+00  2.297e+00  1.314e+00  1.470e+00  2.577e+00  3.169e+00  2.983e+00  2.319e+00  1.620e+00  1.213e+00  1.833e+00  1.567e+00  1.185e+00 	
 2.095e+00  2.099e+00  2.101e+00  2.101e+00  2.100e+00  2.097e+00  2.094e+00  2.091e+00  2.087e+00  2.083e+00  2.082e+00  2.081e+00  2.127e+00  2.148e+00  2.159e+00  2.156e+00  2.134e+00  2.157e+00  2.173e+00  2.172e+00  2.199e+00  2.209e+00  2.232e+00  2.227e+00  2.266e+00  2.200e+00  2.258e+00  2.336e+00  2.277e+00  2.261e+00  2.484e+00  2.524e+00  2.390e+00  2.248e+00  2.378e+00  2.740e+00  3.110e+00  3.174e+00  2.532e+00  1.487e+00  1.539e+00  2.537e+00  3.107e+00  3.107e+00  2.569e+00  1.834e+00  1.355e+00  2.060e+00  1.850e+00  1.435e+00 	
 2.084e+00  2.087e+00  2.090e+00  2.090e+00  2.089e+00  2.088e+00  2.085e+00  2.082e+00  2.079e+00  2.078e+00  2.080e+00  2.090e+00  2.115e+00  2.120e+00  2.093e+00  2.092e+00  2.119e+00  2.160e+00  2.138e+00  2.145e+00  2.194e+00  2.191e+00  2.169e+00  2.239e+00  2.229e+00  2.269e+00  2.230e+00  2.273e+00  2.369e+00  2.330e+00  2.302e+00  2.463e+00  2.500e+00  2.366e+00  2.253e+00  2.425e+00  2.757e+00  3.025e+00  2.667e+00  1.651e+00  1.610e+00  2.501e+00  2.975e+00  3.122e+00  2.743e+00  2.025e+00  1.483e+00  2.233e+00  2.115e+00  1.703e+00 	
 2.073e+00  2.077e+00  2.079e+00  2.080e+00  2.080e+00  2.078e+00  2.076e+00  2.073e+00  2.071e+00  2.070e+00  2.074e+00  2.073e+00  2.091e+00  2.097e+00  2.077e+00  2.081e+00  2.102e+00  2.110e+00  2.105e+00  2.142e+00  2.159e+00  2.152e+00  2.169e+00  2.195e+00  2.227e+00  2.205e+00  2.259e+00  2.262e+00  2.258e+00  2.360e+00  2.322e+00  2.306e+00  2.406e+00  2.490e+00  2.385e+00  2.338e+00  2.492e+00  2.777e+00  2.679e+00  1.786e+00  1.671e+00  2.446e+00  2.802e+00  3.031e+00  2.827e+00  2.175e+00  1.582e+00  2.332e+00  2.348e+00  1.969e+00 	
 2.062e+00  2.067e+00  2.070e+00  2.071e+00  2.071e+00  2.070e+00  2.068e+00  2.065e+00  2.062e+00  2.058e+00  2.052e+00  2.059e+00  2.071e+00  2.088e+00  2.083e+00  2.091e+00  2.125e+00  2.133e+00  2.140e+00  2.160e+00  2.121e+00  2.137e+00  2.161e+00  2.162e+00  2.194e+00  2.189e+00  2.186e+00  2.181e+00  2.263e+00  2.235e+00  2.345e+00  2.319e+00  2.305e+00  2.403e+00  2.472e+00  2.378e+00  2.360e+00  2.522e+00  2.581e+00  1.880e+00  1.720e+00  2.388e+00  2.664e+00  2.878e+00  2.819e+00  2.274e+00  1.663e+00  2.388e+00  2.537e+00  2.221e+00 	
 2.053e+00  2.058e+00  2.061e+00  2.063e+00  2.064e+00  2.063e+00  2.062e+00  2.059e+00  2.057e+00  2.055e+00  2.056e+00  2.071e+00  2.074e+00  2.090e+00  2.101e+00  2.090e+00  2.109e+00  2.100e+00  2.080e+00  2.093e+00  2.120e+00  2.154e+00  2.139e+00  2.134e+00  2.164e+00  2.177e+00  2.158e+00  2.195e+00  2.170e+00  2.244e+00  2.212e+00  2.296e+00  2.310e+00  2.276e+00  2.388e+00  2.423e+00  2.382e+00  2.384e+00  2.437e+00  1.934e+00  1.761e+00  2.353e+00  2.586e+00  2.726e+00  2.743e+00  2.321e+00  1.725e+00  2.401e+00  2.667e+00  2.443e+00 	
 2.043e+00  2.049e+00  2.053e+00  2.056e+00  2.057e+00  2.057e+00  2.057e+00  2.055e+00  2.054e+00  2.054e+00  2.056e+00  2.067e+00  2.068e+00  2.088e+00  2.095e+00  2.087e+00  2.085e+00  2.084e+00  2.073e+00  2.100e+00  2.129e+00  2.129e+00  2.108e+00  2.142e+00  2.156e+00  2.161e+00  2.173e+00  2.168e+00  2.179e+00  2.180e+00  2.252e+00  2.240e+00  2.273e+00  2.294e+00  2.285e+00  2.376e+00  2.413e+00  2.354e+00  2.317e+00  1.955e+00  1.795e+00  2.332e+00  2.540e+00  2.612e+00  2.635e+00  2.324e+00  1.779e+00  2.403e+00  2.737e+00  2.613e+00 	
 2.034e+00  2.041e+00  2.045e+00  2.049e+00  2.051e+00  2.052e+00  2.052e+00  2.052e+00  2.051e+00  2.051e+00  2.053e+00  2.049e+00  2.054e+00  2.059e+00  2.062e+00  2.067e+00  2.067e+00  2.084e+00  2.081e+00  2.114e+00  2.140e+00  2.134e+00  2.135e+00  2.154e+00  2.140e+00  2.144e+00  2.175e+00  2.145e+00  2.181e+00  2.187e+00  2.187e+00  2.242e+00  2.250e+00  2.282e+00  2.299e+00  2.312e+00  2.375e+00  2.370e+00  2.252e+00  1.955e+00  1.819e+00  2.306e+00  2.493e+00  2.541e+00  2.533e+00  2.299e+00  1.828e+00  2.403e+00  2.749e+00  2.719e+00 	
 2.026e+00  2.032e+00  2.038e+00  2.042e+00  2.045e+00  2.047e+00  2.048e+00  2.049e+00  2.048e+00  2.048e+00  2.046e+00  2.050e+00  2.042e+00  2.045e+00  2.060e+00  2.055e+00  2.053e+00  2.067e+00  2.092e+00  2.092e+00  2.114e+00  2.095e+00  2.081e+00  2.092e+00  2.116e+00  2.159e+00  2.163e+00  2.138e+00  2.170e+00  2.197e+00  2.219e+00  2.214e+00  2.230e+00  2.230e+00  2.274e+00  2.292e+00  2.315e+00  2.353e+00  2.245e+00  1.936e+00  1.836e+00  2.279e+00  2.446e+00  2.496e+00  2.459e+00  2.263e+00  1.868e+00  2.381e+00  2.707e+00  2.752e+00 	
 2.017e+00  2.024e+00  2.031e+00  2.036e+00  2.040e+00  2.043e+00  2.045e+00  2.046e+00  2.047e+00  2.047e+00  2.047e+00  2.052e+00  2.045e+00  2.039e+00  2.043e+00  2.053e+00  2.067e+00  2.079e+00  2.090e+00  2.094e+00  2.083e+00  2.081e+00  2.083e+00  2.126e+00  2.151e+00  2.153e+00  2.121e+00  2.127e+00  2.158e+00  2.163e+00  2.212e+00  2.200e+00  2.214e+00  2.240e+00  2.235e+00  2.267e+00  2.289e+00  2.301e+00  2.238e+00  1.904e+00  1.848e+00  2.255e+00  2.409e+00  2.454e+00  2.411e+00  2.232e+00  1.899e+00  2.344e+00  2.631e+00  2.723e+00 	
 2.008e+00  2.016e+00  2.024e+00  2.029e+00  2.034e+00  2.038e+00  2.041e+00  2.043e+00  2.045e+00  2.047e+00  2.050e+00  2.048e+00  2.042e+00  2.043e+00  2.040e+00  2.045e+00  2.052e+00  2.063e+00  2.082e+00  2.087e+00  2.071e+00  2.079e+00  2.088e+00  2.123e+00  2.128e+00  2.112e+00  2.122e+00  2.142e+00  2.122e+00  2.130e+00  2.183e+00  2.190e+00  2.188e+00  2.195e+00  2.227e+00  2.240e+00  2.265e+00  2.262e+00  2.198e+00  1.879e+00  1.863e+00  2.235e+00  2.373e+00  2.412e+00  2.379e+00  2.214e+00  1.930e+00  2.311e+00  2.550e+00  2.653e+00 	
 1.999e+00  2.008e+00  2.016e+00  2.023e+00  2.028e+00  2.033e+00  2.036e+00  2.039e+00  2.042e+00  2.044e+00  2.044e+00  2.040e+00  2.038e+00  2.039e+00  2.044e+00  2.044e+00  2.050e+00  2.054e+00  2.064e+00  2.055e+00  2.053e+00  2.060e+00  2.084e+00  2.096e+00  2.102e+00  2.078e+00  2.077e+00  2.094e+00  2.097e+00  2.141e+00  2.173e+00  2.177e+00  2.176e+00  2.179e+00  2.194e+00  2.218e+00  2.237e+00  2.240e+00  2.155e+00  1.897e+00  1.891e+00  2.219e+00  2.339e+00  2.375e+00  2.350e+00  2.208e+00  1.965e+00  2.293e+00  2.483e+00  2.568e+00 	
 1.990e+00  2.000e+00  2.008e+00  2.016e+00  2.022e+00  2.027e+00  2.031e+00  2.035e+00  2.037e+00  2.039e+00  2.039e+00  2.036e+00  2.035e+00  2.032e+00  2.042e+00  2.048e+00  2.050e+00  2.048e+00  2.055e+00  2.054e+00  2.064e+00  2.060e+00  2.081e+00  2.100e+00  2.088e+00  2.083e+00  2.113e+00  2.143e+00  2.146e+00  2.157e+00  2.168e+00  2.161e+00  2.167e+00  2.185e+00  2.185e+00  2.199e+00  2.216e+00  2.219e+00  2.159e+00  1.952e+00  1.928e+00  2.207e+00  2.310e+00  2.341e+00  2.322e+00  2.204e+00  1.999e+00  2.281e+00  2.432e+00  2.490e+00 	
 1.981e+00  1.991e+00  2.000e+00  2.008e+00  2.015e+00  2.021e+00  2.026e+00  2.029e+00  2.032e+00  2.033e+00  2.034e+00  2.030e+00  2.032e+00  2.032e+00  2.035e+00  2.041e+00  2.041e+00  2.043e+00  2.054e+00  2.065e+00  2.063e+00  2.068e+00  2.086e+00  2.096e+00  2.093e+00  2.086e+00  2.100e+00  2.129e+00  2.111e+00  2.102e+00  2.119e+00  2.135e+00  2.152e+00  2.174e+00  2.179e+00  2.183e+00  2.197e+00  2.203e+00  2.170e+00  1.993e+00  1.959e+00  2.196e+00  2.283e+00  2.310e+00  2.295e+00  2.200e+00  2.028e+00  2.268e+00  2.393e+00  2.430e+00 	
 1.971e+00  1.982e+00  1.992e+00  2.001e+00  2.008e+00  2.015e+00  2.020e+00  2.024e+00  2.027e+00  2.028e+00  2.026e+00  2.032e+00  2.033e+00  2.032e+00  2.031e+00  2.041e+00  2.046e+00  2.051e+00  2.055e+00  2.052e+00  2.065e+00  2.067e+00  2.062e+00  2.065e+00  2.071e+00  2.063e+00  2.073e+00  2.092e+00  2.085e+00  2.077e+00  2.102e+00  2.118e+00  2.134e+00  2.155e+00  2.162e+00  2.167e+00  2.180e+00  2.184e+00  2.146e+00  1.998e+00  1.980e+00  2.184e+00  2.258e+00  2.282e+00  2.271e+00  2.193e+00  2.051e+00  2.255e+00  2.361e+00  2.388e+00 	
 1.961e+00  1.972e+00  1.983e+00  1.993e+00  2.001e+00  2.008e+00  2.014e+00  2.019e+00  2.023e+00  2.025e+00  2.027e+00  2.027e+00  2.028e+00  2.028e+00  2.027e+00  2.035e+00  2.041e+00  2.047e+00  2.042e+00  2.042e+00  2.055e+00  2.066e+00  2.069e+00  2.061e+00  2.056e+00  2.048e+00  2.052e+00  2.078e+00  2.083e+00  2.079e+00  2.086e+00  2.106e+00  2.119e+00  2.132e+00  2.142e+00  2.150e+00  2.161e+00  2.167e+00  2.136e+00  2.006e+00  1.998e+00  2.173e+00  2.236e+00  2.257e+00  2.249e+00  2.186e+00  2.068e+00  2.243e+00  2.332e+00  2.355e+00 	
 1.949e+00  1.962e+00  1.973e+00  1.984e+00  1.993e+00  2.002e+00  2.009e+00  2.015e+00  2.020e+00  2.023e+00  2.026e+00  2.027e+00  2.027e+00  2.028e+00  2.030e+00  2.035e+00  2.037e+00  2.038e+00  2.040e+00  2.038e+00  2.051e+00  2.054e+00  2.063e+00  2.067e+00  2.064e+00  2.069e+00  2.071e+00  2.079e+00  2.096e+00  2.087e+00  2.084e+00  2.098e+00  2.107e+00  2.113e+00  2.124e+00  2.135e+00  2.146e+00  2.150e+00  2.127e+00  2.026e+00  2.016e+00  2.162e+00  2.216e+00  2.234e+00  2.229e+00  2.177e+00  2.081e+00  2.229e+00  2.305e+00  2.325e+00 	
 1.938e+00  1.951e+00  1.963e+00  1.975e+00  1.985e+00  1.994e+00  2.003e+00  2.010e+00  2.016e+00  2.021e+00  2.024e+00  2.026e+00  2.028e+00  2.029e+00  2.029e+00  2.027e+00  2.028e+00  2.035e+00  2.040e+00  2.034e+00  2.037e+00  2.039e+00  2.046e+00  2.061e+00  2.062e+00  2.069e+00  2.062e+00  2.081e+00  2.093e+00  2.088e+00  2.088e+00  2.092e+00  2.099e+00  2.108e+00  2.114e+00  2.123e+00  2.132e+00  2.137e+00  2.120e+00  2.035e+00  2.030e+00  2.152e+00  2.197e+00  2.213e+00  2.210e+00  2.168e+00  2.089e+00  2.216e+00  2.280e+00  2.296e+00 	
 1.925e+00  1.939e+00  1.952e+00  1.964e+00  1.976e+00  1.986e+00  1.996e+00  2.004e+00  2.012e+00  2.018e+00  2.022e+00  2.024e+00  2.024e+00  2.024e+00  2.024e+00  2.022e+00  2.025e+00  2.032e+00  2.037e+00  2.035e+00  2.035e+00  2.037e+00  2.046e+00  2.053e+00  2.053e+00  2.054e+00  2.059e+00  2.068e+00  2.064e+00  2.069e+00  2.074e+00  2.083e+00  2.090e+00  2.099e+00  2.105e+00  2.112e+00  2.121e+00  2.126e+00  2.112e+00  2.043e+00  2.041e+00  2.143e+00  2.180e+00  2.194e+00  2.192e+00  2.159e+00  2.094e+00  2.202e+00  2.257e+00  2.269e+00 	
 1.911e+00  1.926e+00  1.940e+00  1.953e+00  1.965e+00  1.977e+00  1.988e+00  1.998e+00  2.007e+00  2.014e+00  2.019e+00  2.022e+00  2.021e+00  2.021e+00  2.023e+00  2.026e+00  2.026e+00  2.026e+00  2.027e+00  2.028e+00  2.031e+00  2.037e+00  2.042e+00  2.048e+00  2.047e+00  2.052e+00  2.050e+00  2.053e+00  2.059e+00  2.064e+00  2.068e+00  2.075e+00  2.082e+00  2.090e+00  2.095e+00  2.102e+00  2.110e+00  2.115e+00  2.104e+00  2.049e+00  2.048e+00  2.133e+00  2.165e+00  2.177e+00  2.177e+00  2.149e+00  2.097e+00  2.189e+00  2.236e+00  2.245e+00 	
 1.896e+00  1.911e+00  1.926e+00  1.940e+00  1.954e+00  1.966e+00  1.978e+00  1.990e+00  2.000e+00  2.009e+00  2.016e+00  2.019e+00  2.021e+00  2.021e+00  2.023e+00  2.026e+00  2.027e+00  2.027e+00  2.028e+00  2.030e+00  2.034e+00  2.032e+00  2.033e+00  2.043e+00  2.044e+00  2.045e+00  2.046e+00  2.047e+00  2.044e+00  2.053e+00  2.064e+00  2.069e+00  2.075e+00  2.080e+00  2.086e+00  2.093e+00  2.100e+00  2.105e+00  2.097e+00  2.053e+00  2.054e+00  2.124e+00  2.151e+00  2.162e+00  2.162e+00  2.140e+00  2.097e+00  2.177e+00  2.217e+00  2.223e+00 	
 1.880e+00  1.895e+00  1.911e+00  1.926e+00  1.940e+00  1.954e+00  1.967e+00  1.979e+00  1.992e+00  2.003e+00  2.012e+00  2.015e+00  2.016e+00  2.018e+00  2.018e+00  2.020e+00  2.023e+00  2.025e+00  2.026e+00  2.031e+00  2.033e+00  2.029e+00  2.029e+00  2.036e+00  2.039e+00  2.042e+00  2.047e+00  2.048e+00  2.046e+00  2.047e+00  2.057e+00  2.063e+00  2.068e+00  2.074e+00  2.079e+00  2.085e+00  2.091e+00  2.095e+00  2.090e+00  2.055e+00  2.057e+00  2.116e+00  2.138e+00  2.148e+00  2.149e+00  2.131e+00  2.096e+00  2.165e+00  2.199e+00  2.199e+00 	
 1.862e+00  1.878e+00  1.894e+00  1.909e+00  1.924e+00  1.938e+00  1.952e+00  1.966e+00  1.979e+00  1.992e+00  2.005e+00  2.012e+00  2.013e+00  2.013e+00  2.014e+00  2.015e+00  2.018e+00  2.019e+00  2.021e+00  2.025e+00  2.027e+00  2.028e+00  2.032e+00  2.036e+00  2.038e+00  2.035e+00  2.033e+00  2.034e+00  2.037e+00  2.043e+00  2.052e+00  2.056e+00  2.061e+00  2.066e+00  2.070e+00  2.076e+00  2.081e+00  2.084e+00  2.081e+00  2.056e+00  2.059e+00  2.104e+00  2.122e+00  2.130e+00  2.132e+00  2.120e+00  2.092e+00  2.146e+00  2.169e+00  2.164e+00 	
