 9.900e-01  3.804e-01  1.461e-01  8.857e-02  7.141e-02  6.803e-02  7.092e-02  7.653e-02  8.263e-02  8.786e-02  9.154e-02  9.350e-02  9.394e-02  9.304e-02  9.114e-02  8.855e-02  8.551e-02  8.216e-02  7.870e-02  7.521e-02  7.179e-02  6.848e-02  6.530e-02  6.232e-02  5.949e-02  5.686e-02  5.440e-02  5.207e-02  4.991e-02  4.785e-02  4.589e-02  4.395e-02  4.200e-02  3.999e-02  3.786e-02  3.558e-02  3.315e-02  3.065e-02  2.826e-02  2.631e-02  2.542e-02  2.654e-02  3.102e-02  4.098e-02  5.931e-02  8.988e-02  1.383e-01  2.121e-01  3.214e-01  4.808e-01 	
 9.900e-01  1.000e-08  1.000e-08  1.000e-08  1.000e-08  1.000e-08  1.000e-08  1.000e-08  1.000e-08  1.000e-08  1.000e-08  1.000e-08  1.000e-08  1.000e-08  1.000e-08  1.000e-08  1.000e-08  1.000e-08  1.000e-08  1.000e-08  1.000e-08  1.000e-08  1.000e-08  1.000e-08  1.000e-08  1.000e-08  1.000e-08  1.000e-08  1.000e-08  1.000e-08  1.000e-08  1.000e-08  1.000e-08  1.000e-08  1.000e-08  1.000e-08  1.000e-08  1.000e-08  1.000e-08  1.000e-08  1.000e-08  1.000e-08  1.000e-08  1.000e-08  1.000e-08  1.000e-08  1.000e-08  2.910e-02  7.851e-02  1.509e-01 	
 4.865e-01  1.000e-08  1.000e-08  1.000e-08  1.000e-08  1.000e-08  1.000e-08  1.000e-08  1.000e-08  1.000e-08  1.000e-08  1.000e-08  1.000e-08  1.000e-08  1.000e-08  1.000e-08  1.000e-08  1.000e-08  1.000e-08  1.000e-08  1.000e-08  1.000e-08  1.000e-08  1.000e-08  1.000e-08  1.000e-08  1.000e-08  1.000e-08  1.000e-08  1.000e-08  1.000e-08  1.000e-08  1.000e-08  1.000e-08  1.000e-08  1.000e-08  1.000e-08  1.000e-08  1.000e-08  1.000e-08  1.000e-08  1.000e-08  1.000e-08  1.000e-08  1.000e-08  1.000e-08  2.603e-03  1.909e-02  4.449e-02  8.236e-02 	
 1.742e-01  1.000e-08  1.000e-08  1.000e-08  1.000e-08  1.000e-08  1.000e-08  1.000e-08  1.000e-08  1.000e-08  1.000e-08  1.000e-08  1.000e-08  1.000e-08  1.000e-08  1.000e-08  1.000e-08  1.000e-08  1.000e-08  1.000e-08  1.000e-08  1.000e-08  1.000e-08  1.000e-08  1.000e-08  1.000e-08  1.000e-08  1.000e-08  1.000e-08  1.000e-08  1.000e-08  1.000e-08  1.000e-08  1.000e-08  1.000e-08  1.000e-08  1.000e-08  1.000e-08  1.000e-08  1.000e-08  1.000e-08  1.000e-08  1.000e-08  1.000e-08  1.000e-08  1.000e-08  3.495e-03  1.316e-02  2.807e-02  5.042e-02 	
 1.014e-01  1.000e-08  1.000e-08  1.000e-08  1.000e-08  1.000e-08  1.000e-08  1.000e-08  1.000e-08  1.000e-08  1.000e-08  1.000e-08  1.000e-08  1.000e-08  1.000e-08  1.000e-08  1.000e-08  1.000e-08  1.000e-08  1.000e-08  1.000e-08  1.000e-08  1.000e-08  1.000e-08  1.000e-08  1.000e-08  1.000e-08  1.000e-08  1.000e-08  1.000e-08  1.000e-08  1.000e-08  1.000e-08  1.000e-08  1.000e-08  1.000e-08  1.000e-08  1.000e-08  1.000e-08  1.000e-08  1.000e-08  1.000e-08  1.000e-08  1.000e-08  1.000e-08  1.000e-08  3.626e-03  9.694e-03  1.907e-02  3.313e-02 	
 8.387e-02  1.000e-08  1.000e-08  1.000e-08  1.000e-08  1.000e-08  1.000e-08  1.000e-08  1.000e-08  1.000e-08  1.000e-08  1.000e-08  1.000e-08  1.000e-08  1.000e-08  1.000e-08  1.000e-08  1.000e-08  1.000e-08  1.000e-08  1.000e-08  1.000e-08  1.000e-08  1.000e-08  1.241e-04  2.777e-04  4.207e-04  5.528e-04  6.726e-04  7.786e-04  8.673e-04  9.341e-04  9.725e-04  9.746e-04  9.314e-04  8.340e-04  6.749e-04  4.513e-04  1.677e-04  1.000e-08  1.000e-08  1.000e-08  1.000e-08  1.000e-08  1.000e-08  1.347e-03  3.828e-03  7.850e-03  1.405e-02  2.337e-02 	
 7.384e-02  1.000e-08  1.000e-08  1.000e-08  1.000e-08  1.000e-08  1.000e-08  1.000e-08  1.000e-08  1.000e-08  1.000e-08  1.000e-08  1.000e-08  1.000e-08  1.000e-08  1.000e-08  1.000e-08  1.000e-08  1.000e-08  3.642e-05  2.333e-04  4.190e-04  5.942e-04  7.596e-04  9.155e-04  1.062e-03  1.201e-03  1.329e-03  1.449e-03  1.558e-03  1.655e-03  1.735e-03  1.794e-03  1.827e-03  1.831e-03  1.794e-03  1.716e-03  1.592e-03  1.428e-03  1.234e-03  1.036e-03  8.782e-04  8.256e-04  9.737e-04  1.455e-03  2.447e-03  4.185e-03  6.988e-03  1.130e-02  1.777e-02 	
 6.247e-02  1.000e-08  1.000e-08  1.000e-08  1.000e-08  1.000e-08  1.000e-08  1.000e-08  1.000e-08  1.000e-08  1.000e-08  1.000e-08  1.000e-08  1.000e-08  1.000e-08  1.000e-08  7.478e-05  3.020e-04  5.175e-04  7.217e-04  9.151e-04  1.098e-03  1.272e-03  1.437e-03  1.593e-03  1.741e-03  1.883e-03  2.016e-03  2.142e-03  2.259e-03  2.365e-03  2.459e-03  2.538e-03  2.597e-03  2.635e-03  2.643e-03  2.621e-03  2.567e-03  2.483e-03  2.378e-03  2.269e-03  2.189e-03  2.185e-03  2.325e-03  2.705e-03  3.453e-03  4.738e-03  6.796e-03  9.952e-03  1.469e-02 	
 5.020e-02  1.000e-08  1.000e-08  1.000e-08  1.000e-08  1.000e-08  1.000e-08  1.000e-08  1.000e-08  1.000e-08  1.000e-08  1.000e-08  1.000e-08  1.000e-08  2.005e-04  4.577e-04  7.019e-04  9.336e-04  1.154e-03  1.363e-03  1.562e-03  1.751e-03  1.931e-03  2.103e-03  2.267e-03  2.424e-03  2.575e-03  2.718e-03  2.856e-03  2.985e-03  3.106e-03  3.218e-03  3.318e-03  3.402e-03  3.471e-03  3.517e-03  3.541e-03  3.542e-03  3.519e-03  3.480e-03  3.438e-03  3.420e-03  3.458e-03  3.606e-03  3.934e-03  4.541e-03  5.557e-03  7.165e-03  9.607e-03  1.327e-02 	
 3.830e-02  1.000e-08  1.000e-08  1.000e-08  1.000e-08  1.000e-08  1.000e-08  1.000e-08  1.000e-08  1.000e-08  1.000e-08  1.000e-08  2.226e-04  5.231e-04  8.084e-04  1.079e-03  1.338e-03  1.582e-03  1.815e-03  2.038e-03  2.250e-03  2.454e-03  2.647e-03  2.834e-03  3.014e-03  3.188e-03  3.355e-03  3.518e-03  3.673e-03  3.822e-03  3.964e-03  4.099e-03  4.225e-03  4.340e-03  4.443e-03  4.529e-03  4.598e-03  4.650e-03  4.685e-03  4.709e-03  4.732e-03  4.773e-03  4.860e-03  5.033e-03  5.354e-03  5.899e-03  6.772e-03  8.122e-03  1.016e-02  1.318e-02 	
 2.764e-02  1.000e-08  1.000e-08  1.000e-08  1.000e-08  1.000e-08  1.000e-08  1.000e-08  1.000e-08  1.000e-08  1.287e-04  4.899e-04  8.328e-04  1.159e-03  1.468e-03  1.763e-03  2.042e-03  2.309e-03  2.566e-03  2.810e-03  3.045e-03  3.271e-03  3.490e-03  3.699e-03  3.905e-03  4.105e-03  4.299e-03  4.487e-03  4.671e-03  4.853e-03  5.029e-03  5.201e-03  5.366e-03  5.525e-03  5.675e-03  5.815e-03  5.941e-03  6.058e-03  6.162e-03  6.260e-03  6.361e-03  6.480e-03  6.640e-03  6.877e-03  7.242e-03  7.799e-03  8.640e-03  9.889e-03  1.175e-02  1.446e-02 	
 1.853e-02  1.000e-08  1.000e-08  1.000e-08  1.000e-08  1.000e-08  1.000e-08  1.000e-08  1.000e-08  3.235e-04  7.471e-04  1.148e-03  1.530e-03  1.892e-03  2.237e-03  2.565e-03  2.879e-03  3.181e-03  3.469e-03  3.747e-03  4.018e-03  4.279e-03  4.534e-03  4.782e-03  5.027e-03  5.267e-03  5.507e-03  5.740e-03  5.975e-03  6.209e-03  6.442e-03  6.673e-03  6.905e-03  7.135e-03  7.362e-03  7.585e-03  7.802e-03  8.016e-03  8.234e-03  8.445e-03  8.661e-03  8.911e-03  9.198e-03  9.561e-03  1.004e-02  1.071e-02  1.164e-02  1.297e-02  1.485e-02  1.753e-02 	
 1.089e-02  1.000e-08  1.000e-08  1.000e-08  1.000e-08  1.000e-08  1.000e-08  1.000e-08  4.929e-04  1.002e-03  1.484e-03  1.941e-03  2.376e-03  2.788e-03  3.183e-03  3.560e-03  3.923e-03  4.272e-03  4.612e-03  4.942e-03  5.264e-03  5.581e-03  5.894e-03  6.202e-03  6.512e-03  6.823e-03  7.135e-03  7.450e-03  7.771e-03  8.098e-03  8.432e-03  8.774e-03  9.126e-03  9.489e-03  9.851e-03  1.022e-02  1.060e-02  1.099e-02  1.140e-02  1.182e-02  1.225e-02  1.272e-02  1.325e-02  1.386e-02  1.460e-02  1.553e-02  1.672e-02  1.831e-02  2.044e-02  2.338e-02 	
 4.554e-03  1.000e-08  1.000e-08  1.000e-08  1.000e-08  1.000e-08  1.000e-08  6.266e-04  1.252e-03  1.844e-03  2.405e-03  2.937e-03  3.444e-03  3.929e-03  4.393e-03  4.838e-03  5.273e-03  5.696e-03  6.112e-03  6.520e-03  6.925e-03  7.332e-03  7.742e-03  8.156e-03  8.579e-03  9.013e-03  9.460e-03  9.927e-03  1.041e-02  1.090e-02  1.144e-02  1.198e-02  1.255e-02  1.315e-02  1.379e-02  1.445e-02  1.514e-02  1.585e-02  1.660e-02  1.740e-02  1.822e-02  1.911e-02  2.008e-02  2.115e-02  2.236e-02  2.379e-02  2.549e-02  2.762e-02  3.031e-02  3.381e-02 	
 1.000e-08  1.000e-08  1.000e-08  1.000e-08  1.000e-08  1.000e-08  6.979e-04  1.484e-03  2.227e-03  2.930e-03  3.597e-03  4.233e-03  4.839e-03  5.423e-03  5.988e-03  6.538e-03  7.078e-03  7.616e-03  8.151e-03  8.691e-03  9.240e-03  9.804e-03  1.038e-02  1.099e-02  1.162e-02  1.228e-02  1.298e-02  1.373e-02  1.452e-02  1.535e-02  1.624e-02  1.719e-02  1.818e-02  1.924e-02  2.036e-02  2.155e-02  2.281e-02  2.413e-02  2.552e-02  2.697e-02  2.851e-02  3.015e-02  3.190e-02  3.378e-02  3.584e-02  3.815e-02  4.076e-02  4.379e-02  4.743e-02  5.189e-02 	
 1.000e-08  1.000e-08  1.000e-08  1.000e-08  1.000e-08  6.595e-04  1.663e-03  2.614e-03  3.514e-03  4.366e-03  5.180e-03  5.958e-03  6.708e-03  7.438e-03  8.156e-03  8.868e-03  9.582e-03  1.031e-02  1.105e-02  1.183e-02  1.264e-02  1.348e-02  1.439e-02  1.535e-02  1.637e-02  1.748e-02  1.865e-02  1.992e-02  2.130e-02  2.275e-02  2.432e-02  2.598e-02  2.776e-02  2.966e-02  3.167e-02  3.381e-02  3.606e-02  3.843e-02  4.093e-02  4.356e-02  4.631e-02  4.921e-02  5.227e-02  5.550e-02  5.895e-02  6.266e-02  6.672e-02  7.123e-02  7.622e-02  8.202e-02 	
 1.000e-08  1.000e-08  1.000e-08  1.000e-08  4.251e-04  1.730e-03  2.963e-03  4.134e-03  5.249e-03  6.310e-03  7.328e-03  8.313e-03  9.277e-03  1.023e-02  1.120e-02  1.218e-02  1.320e-02  1.427e-02  1.538e-02  1.659e-02  1.787e-02  1.927e-02  2.077e-02  2.241e-02  2.417e-02  2.609e-02  2.816e-02  3.039e-02  3.280e-02  3.538e-02  3.815e-02  4.111e-02  4.423e-02  4.756e-02  5.114e-02  5.483e-02  5.876e-02  6.292e-02  6.718e-02  7.175e-02  7.643e-02  8.137e-02  8.651e-02  9.183e-02  9.741e-02  1.033e-01  1.095e-01  1.159e-01  1.228e-01  1.302e-01 	
 1.000e-08  1.000e-08  1.000e-08  1.000e-08  1.586e-03  3.206e-03  4.751e-03  6.224e-03  7.632e-03  8.986e-03  1.030e-02  1.160e-02  1.290e-02  1.423e-02  1.561e-02  1.708e-02  1.864e-02  2.031e-02  2.215e-02  2.414e-02  2.633e-02  2.874e-02  3.135e-02  3.419e-02  3.732e-02  4.068e-02  4.431e-02  4.826e-02  5.245e-02  5.691e-02  6.172e-02  6.676e-02  7.214e-02  7.784e-02  8.375e-02  8.997e-02  9.651e-02  1.033e-01  1.104e-01  1.177e-01  1.254e-01  1.332e-01  1.412e-01  1.496e-01  1.581e-01  1.668e-01  1.756e-01  1.846e-01  1.936e-01  2.028e-01 	
 1.000e-08  1.000e-08  1.000e-08  1.054e-03  3.223e-03  5.272e-03  7.241e-03  9.134e-03  1.096e-02  1.275e-02  1.452e-02  1.632e-02  1.819e-02  2.018e-02  2.231e-02  2.463e-02  2.719e-02  3.001e-02  3.314e-02  3.660e-02  4.039e-02  4.458e-02  4.915e-02  5.411e-02  5.948e-02  6.527e-02  7.151e-02  7.816e-02  8.524e-02  9.270e-02  1.006e-01  1.089e-01  1.176e-01  1.267e-01  1.361e-01  1.459e-01  1.560e-01  1.665e-01  1.773e-01  1.883e-01  1.997e-01  2.112e-01  2.228e-01  2.347e-01  2.466e-01  2.585e-01  2.703e-01  2.818e-01  2.928e-01  3.030e-01 	
 1.000e-08  1.000e-08  1.000e-08  2.830e-03  5.570e-03  8.209e-03  1.077e-02  1.327e-02  1.571e-02  1.816e-02  2.069e-02  2.335e-02  2.623e-02  2.937e-02  3.288e-02  3.678e-02  4.113e-02  4.599e-02  5.137e-02  5.732e-02  6.387e-02  7.102e-02  7.876e-02  8.709e-02  9.604e-02  1.056e-01  1.156e-01  1.263e-01  1.375e-01  1.493e-01  1.614e-01  1.740e-01  1.871e-01  2.006e-01  2.144e-01  2.285e-01  2.429e-01  2.575e-01  2.724e-01  2.875e-01  3.026e-01  3.178e-01  3.329e-01  3.481e-01  3.629e-01  3.773e-01  3.914e-01  4.046e-01  4.164e-01  4.268e-01 	
 1.000e-08  1.000e-08  1.469e-03  5.438e-03  8.965e-03  1.243e-02  1.584e-02  1.922e-02  2.263e-02  2.618e-02  2.997e-02  3.414e-02  3.879e-02  4.403e-02  4.991e-02  5.654e-02  6.399e-02  7.219e-02  8.128e-02  9.121e-02  1.020e-01  1.136e-01  1.260e-01  1.392e-01  1.531e-01  1.678e-01  1.830e-01  1.988e-01  2.152e-01  2.319e-01  2.491e-01  2.666e-01  2.843e-01  3.024e-01  3.205e-01  3.386e-01  3.568e-01  3.751e-01  3.933e-01  4.113e-01  4.290e-01  4.467e-01  4.637e-01  4.808e-01  4.970e-01  5.123e-01  5.268e-01  5.400e-01  5.515e-01  5.608e-01 	
 1.000e-08  1.000e-08  4.330e-03  9.290e-03  1.391e-02  1.854e-02  2.318e-02  2.791e-02  3.288e-02  3.825e-02  4.424e-02  5.101e-02  5.870e-02  6.740e-02  7.729e-02  8.826e-02  1.004e-01  1.138e-01  1.283e-01  1.439e-01  1.605e-01  1.781e-01  1.966e-01  2.157e-01  2.356e-01  2.560e-01  2.768e-01  2.981e-01  3.194e-01  3.410e-01  3.626e-01  3.840e-01  4.056e-01  4.267e-01  4.473e-01  4.681e-01  4.881e-01  5.082e-01  5.273e-01  5.458e-01  5.642e-01  5.817e-01  5.984e-01  6.148e-01  6.301e-01  6.443e-01  6.575e-01  6.691e-01  6.789e-01  6.862e-01 	
 1.000e-08  1.000e-08  8.685e-03  1.502e-02  2.116e-02  2.743e-02  3.392e-02  4.078e-02  4.828e-02  5.672e-02  6.639e-02  7.738e-02  8.990e-02  1.041e-01  1.197e-01  1.371e-01  1.558e-01  1.760e-01  1.975e-01  2.200e-01  2.434e-01  2.676e-01  2.924e-01  3.175e-01  3.429e-01  3.683e-01  3.937e-01  4.188e-01  4.435e-01  4.677e-01  4.915e-01  5.148e-01  5.375e-01  5.592e-01  5.797e-01  6.000e-01  6.194e-01  6.380e-01  6.553e-01  6.725e-01  6.885e-01  7.040e-01  7.186e-01  7.319e-01  7.445e-01  7.561e-01  7.669e-01  7.759e-01  7.833e-01  7.888e-01 	
 1.000e-08  1.000e-08  1.530e-02  2.351e-02  3.178e-02  4.047e-02  4.974e-02  5.995e-02  7.149e-02  8.473e-02  9.994e-02  1.173e-01  1.367e-01  1.581e-01  1.816e-01  2.067e-01  2.333e-01  2.611e-01  2.898e-01  3.191e-01  3.489e-01  3.786e-01  4.081e-01  4.374e-01  4.660e-01  4.941e-01  5.210e-01  5.472e-01  5.724e-01  5.962e-01  6.193e-01  6.407e-01  6.616e-01  6.811e-01  6.996e-01  7.166e-01  7.330e-01  7.486e-01  7.628e-01  7.763e-01  7.893e-01  8.010e-01  8.118e-01  8.222e-01  8.318e-01  8.405e-01  8.479e-01  8.544e-01  8.600e-01  8.635e-01 	
 1.000e-08  7.706e-03  2.523e-02  3.602e-02  4.729e-02  5.946e-02  7.293e-02  8.812e-02  1.056e-01  1.256e-01  1.484e-01  1.738e-01  2.016e-01  2.317e-01  2.634e-01  2.964e-01  3.303e-01  3.645e-01  3.989e-01  4.329e-01  4.662e-01  4.987e-01  5.299e-01  5.598e-01  5.884e-01  6.158e-01  6.411e-01  6.652e-01  6.875e-01  7.087e-01  7.283e-01  7.465e-01  7.634e-01  7.790e-01  7.933e-01  8.068e-01  8.197e-01  8.311e-01  8.419e-01  8.519e-01  8.610e-01  8.693e-01  8.776e-01  8.845e-01  8.911e-01  8.972e-01  9.024e-01  9.073e-01  9.108e-01  9.134e-01 	
 1.000e-08  1.977e-02  3.988e-02  5.407e-02  6.949e-02  8.664e-02  1.060e-01  1.281e-01  1.533e-01  1.817e-01  2.131e-01  2.472e-01  2.833e-01  3.209e-01  3.594e-01  3.982e-01  4.365e-01  4.743e-01  5.108e-01  5.457e-01  5.789e-01  6.106e-01  6.398e-01  6.674e-01  6.928e-01  7.163e-01  7.384e-01  7.583e-01  7.766e-01  7.935e-01  8.091e-01  8.233e-01  8.360e-01  8.477e-01  8.585e-01  8.685e-01  8.777e-01  8.859e-01  8.938e-01  9.008e-01  9.069e-01  9.130e-01  9.187e-01  9.236e-01  9.284e-01  9.323e-01  9.359e-01  9.394e-01  9.420e-01  9.442e-01 	
 7.689e-03  3.755e-02  6.077e-02  7.941e-02  1.004e-01  1.242e-01  1.512e-01  1.817e-01  2.156e-01  2.528e-01  2.924e-01  3.338e-01  3.760e-01  4.185e-01  4.602e-01  5.009e-01  5.401e-01  5.770e-01  6.116e-01  6.442e-01  6.744e-01  7.018e-01  7.272e-01  7.503e-01  7.717e-01  7.904e-01  8.078e-01  8.235e-01  8.378e-01  8.509e-01  8.626e-01  8.731e-01  8.832e-01  8.919e-01  8.998e-01  9.068e-01  9.134e-01  9.195e-01  9.252e-01  9.305e-01  9.349e-01  9.389e-01  9.428e-01  9.468e-01  9.499e-01  9.526e-01  9.557e-01  9.579e-01  9.601e-01  9.619e-01 	
 2.955e-02  6.266e-02  8.938e-02  1.135e-01  1.413e-01  1.732e-01  2.089e-01  2.484e-01  2.909e-01  3.355e-01  3.812e-01  4.272e-01  4.724e-01  5.160e-01  5.578e-01  5.969e-01  6.334e-01  6.670e-01  6.975e-01  7.255e-01  7.511e-01  7.740e-01  7.950e-01  8.135e-01  8.302e-01  8.450e-01  8.582e-01  8.705e-01  8.815e-01  8.911e-01  9.003e-01  9.082e-01  9.153e-01  9.219e-01  9.276e-01  9.334e-01  9.378e-01  9.423e-01  9.463e-01  9.502e-01  9.534e-01  9.565e-01  9.592e-01  9.614e-01  9.641e-01  9.663e-01  9.681e-01  9.699e-01  9.717e-01  9.735e-01 	
 6.107e-02  9.635e-02  1.267e-01  1.571e-01  1.924e-01  2.324e-01  2.762e-01  3.227e-01  3.709e-01  4.198e-01  4.679e-01  5.144e-01  5.593e-01  6.008e-01  6.396e-01  6.750e-01  7.071e-01  7.367e-01  7.625e-01  7.860e-01  8.076e-01  8.261e-01  8.424e-01  8.573e-01  8.710e-01  8.824e-01  8.930e-01  9.023e-01  9.111e-01  9.186e-01  9.253e-01  9.310e-01  9.363e-01  9.417e-01  9.461e-01  9.501e-01  9.537e-01  9.568e-01  9.600e-01  9.626e-01  9.649e-01  9.676e-01  9.694e-01  9.712e-01  9.730e-01  9.752e-01  9.766e-01  9.780e-01  9.793e-01  9.807e-01 	
 1.033e-01  1.390e-01  1.727e-01  2.093e-01  2.514e-01  2.972e-01  3.450e-01  3.938e-01  4.425e-01  4.898e-01  5.359e-01  5.793e-01  6.197e-01  6.573e-01  6.916e-01  7.227e-01  7.508e-01  7.757e-01  7.986e-01  8.184e-01  8.365e-01  8.522e-01  8.663e-01  8.791e-01  8.901e-01  9.003e-01  9.091e-01  9.171e-01  9.242e-01  9.304e-01  9.361e-01  9.415e-01  9.460e-01  9.500e-01  9.536e-01  9.571e-01  9.603e-01  9.634e-01  9.661e-01  9.679e-01  9.702e-01  9.720e-01  9.738e-01  9.756e-01  9.770e-01  9.783e-01  9.797e-01  9.811e-01  9.824e-01  9.843e-01 	
 1.565e-01  1.897e-01  2.259e-01  2.674e-01  3.133e-01  3.606e-01  4.078e-01  4.537e-01  4.984e-01  5.410e-01  5.817e-01  6.199e-01  6.556e-01  6.885e-01  7.187e-01  7.459e-01  7.707e-01  7.932e-01  8.131e-01  8.315e-01  8.470e-01  8.616e-01  8.744e-01  8.859e-01  8.965e-01  9.054e-01  9.134e-01  9.210e-01  9.272e-01  9.335e-01  9.389e-01  9.434e-01  9.478e-01  9.519e-01  9.555e-01  9.587e-01  9.618e-01  9.641e-01  9.668e-01  9.691e-01  9.709e-01  9.732e-01  9.745e-01  9.759e-01  9.777e-01  9.791e-01  9.805e-01  9.819e-01  9.828e-01  9.846e-01 	
 2.192e-01  2.465e-01  2.832e-01  3.269e-01  3.729e-01  4.178e-01  4.610e-01  5.023e-01  5.420e-01  5.796e-01  6.159e-01  6.499e-01  6.819e-01  7.112e-01  7.388e-01  7.637e-01  7.865e-01  8.069e-01  8.255e-01  8.418e-01  8.569e-01  8.702e-01  8.821e-01  8.928e-01  9.026e-01  9.107e-01  9.188e-01  9.259e-01  9.318e-01  9.372e-01  9.421e-01  9.471e-01  9.507e-01  9.544e-01  9.580e-01  9.612e-01  9.634e-01  9.662e-01  9.685e-01  9.703e-01  9.721e-01  9.744e-01  9.762e-01  9.776e-01  9.785e-01  9.799e-01  9.813e-01  9.827e-01  9.841e-01  9.855e-01 	
 2.891e-01  3.061e-01  3.406e-01  3.824e-01  4.244e-01  4.640e-01  5.014e-01  5.373e-01  5.718e-01  6.055e-01  6.381e-01  6.692e-01  6.983e-01  7.256e-01  7.512e-01  7.746e-01  7.959e-01  8.149e-01  8.326e-01  8.481e-01  8.628e-01  8.753e-01  8.869e-01  8.972e-01  9.061e-01  9.143e-01  9.215e-01  9.282e-01  9.341e-01  9.395e-01  9.441e-01  9.486e-01  9.527e-01  9.564e-01  9.591e-01  9.623e-01  9.651e-01  9.669e-01  9.697e-01  9.715e-01  9.734e-01  9.752e-01  9.766e-01  9.780e-01  9.794e-01  9.808e-01  9.821e-01  9.835e-01  9.845e-01  9.859e-01 	
 3.622e-01  3.642e-01  3.930e-01  4.292e-01  4.641e-01  4.957e-01  5.264e-01  5.556e-01  5.854e-01  6.150e-01  6.443e-01  6.727e-01  6.998e-01  7.256e-01  7.498e-01  7.724e-01  7.932e-01  8.118e-01  8.292e-01  8.448e-01  8.591e-01  8.717e-01  8.829e-01  8.933e-01  9.028e-01  9.109e-01  9.182e-01  9.254e-01  9.314e-01  9.368e-01  9.419e-01  9.460e-01  9.501e-01  9.542e-01  9.575e-01  9.602e-01  9.635e-01  9.658e-01  9.681e-01  9.699e-01  9.718e-01  9.736e-01  9.750e-01  9.769e-01  9.783e-01  9.792e-01  9.811e-01  9.820e-01  9.834e-01  9.853e-01 	
 4.346e-01  4.166e-01  4.370e-01  4.657e-01  4.925e-01  5.172e-01  5.416e-01  5.666e-01  5.925e-01  6.192e-01  6.465e-01  6.731e-01  6.997e-01  7.248e-01  7.483e-01  7.705e-01  7.910e-01  8.097e-01  8.267e-01  8.424e-01  8.564e-01  8.695e-01  8.808e-01  8.912e-01  9.007e-01  9.090e-01  9.167e-01  9.236e-01  9.300e-01  9.351e-01  9.401e-01  9.452e-01  9.489e-01  9.531e-01  9.563e-01  9.595e-01  9.623e-01  9.647e-01  9.670e-01  9.693e-01  9.707e-01  9.730e-01  9.749e-01  9.759e-01  9.777e-01  9.787e-01  9.805e-01  9.815e-01  9.834e-01  9.853e-01 	
 5.010e-01  4.591e-01  4.706e-01  4.919e-01  5.117e-01  5.303e-01  5.502e-01  5.717e-01  5.949e-01  6.200e-01  6.457e-01  6.714e-01  6.973e-01  7.216e-01  7.451e-01  7.669e-01  7.875e-01  8.067e-01  8.234e-01  8.396e-01  8.537e-01  8.664e-01  8.783e-01  8.887e-01  8.984e-01  9.071e-01  9.149e-01  9.218e-01  9.282e-01  9.333e-01  9.389e-01  9.435e-01  9.477e-01  9.514e-01  9.551e-01  9.584e-01  9.612e-01  9.640e-01  9.664e-01  9.682e-01  9.701e-01  9.720e-01  9.739e-01  9.753e-01  9.772e-01  9.781e-01  9.800e-01  9.809e-01  9.828e-01  9.842e-01 	
 5.570e-01  4.904e-01  4.945e-01  5.098e-01  5.235e-01  5.376e-01  5.535e-01  5.722e-01  5.937e-01  6.175e-01  6.421e-01  6.676e-01  6.923e-01  7.163e-01  7.399e-01  7.622e-01  7.824e-01  8.014e-01  8.186e-01  8.350e-01  8.491e-01  8.623e-01  8.742e-01  8.848e-01  8.945e-01  9.033e-01  9.111e-01  9.185e-01  9.250e-01  9.311e-01  9.367e-01  9.413e-01  9.455e-01  9.493e-01  9.530e-01  9.563e-01  9.596e-01  9.620e-01  9.648e-01  9.671e-01  9.690e-01  9.709e-01  9.728e-01  9.742e-01  9.761e-01  9.775e-01  9.785e-01  9.804e-01  9.818e-01  9.837e-01 	
 5.986e-01  5.111e-01  5.106e-01  5.214e-01  5.306e-01  5.413e-01  5.546e-01  5.715e-01  5.919e-01  6.142e-01  6.382e-01  6.628e-01  6.877e-01  7.117e-01  7.350e-01  7.571e-01  7.774e-01  7.969e-01  8.143e-01  8.303e-01  8.450e-01  8.583e-01  8.703e-01  8.818e-01  8.916e-01  9.004e-01  9.083e-01  9.162e-01  9.228e-01  9.284e-01  9.345e-01  9.392e-01  9.439e-01  9.481e-01  9.514e-01  9.547e-01  9.580e-01  9.604e-01  9.632e-01  9.656e-01  9.679e-01  9.698e-01  9.717e-01  9.732e-01  9.750e-01  9.765e-01  9.779e-01  9.793e-01  9.812e-01  9.827e-01 	
 6.249e-01  5.240e-01  5.215e-01  5.292e-01  5.355e-01  5.436e-01  5.553e-01  5.706e-01  5.898e-01  6.112e-01  6.348e-01  6.594e-01  6.839e-01  7.081e-01  7.312e-01  7.533e-01  7.738e-01  7.930e-01  8.109e-01  8.270e-01  8.418e-01  8.552e-01  8.677e-01  8.789e-01  8.892e-01  8.981e-01  9.065e-01  9.135e-01  9.210e-01  9.271e-01  9.328e-01  9.375e-01  9.417e-01  9.460e-01  9.502e-01  9.536e-01  9.569e-01  9.593e-01  9.626e-01  9.645e-01  9.669e-01  9.692e-01  9.711e-01  9.726e-01  9.740e-01  9.759e-01  9.773e-01  9.788e-01  9.807e-01  9.826e-01 	
 6.380e-01  5.315e-01  5.296e-01  5.346e-01  5.386e-01  5.448e-01  5.550e-01  5.699e-01  5.878e-01  6.093e-01  6.321e-01  6.561e-01  6.803e-01  7.046e-01  7.273e-01  7.496e-01  7.707e-01  7.895e-01  8.075e-01  8.238e-01  8.391e-01  8.526e-01  8.652e-01  8.764e-01  8.868e-01  8.961e-01  9.041e-01  9.117e-01  9.188e-01  9.249e-01  9.306e-01  9.363e-01  9.410e-01  9.448e-01  9.491e-01  9.524e-01  9.553e-01  9.586e-01  9.615e-01  9.639e-01  9.658e-01  9.677e-01  9.701e-01  9.720e-01  9.739e-01  9.754e-01  9.768e-01  9.782e-01  9.802e-01  9.821e-01 	
 6.412e-01  5.371e-01  5.354e-01  5.386e-01  5.412e-01  5.464e-01  5.555e-01  5.689e-01  5.867e-01  6.071e-01  6.296e-01  6.536e-01  6.776e-01  7.015e-01  7.244e-01  7.465e-01  7.676e-01  7.867e-01  8.047e-01  8.211e-01  8.364e-01  8.501e-01  8.627e-01  8.740e-01  8.844e-01  8.938e-01  9.023e-01  9.099e-01  9.170e-01  9.237e-01  9.294e-01  9.346e-01  9.394e-01  9.437e-01  9.480e-01  9.513e-01  9.542e-01  9.580e-01  9.604e-01  9.628e-01  9.652e-01  9.676e-01  9.695e-01  9.709e-01  9.729e-01  9.748e-01  9.762e-01  9.777e-01  9.796e-01  9.815e-01 	
 6.396e-01  5.412e-01  5.404e-01  5.430e-01  5.439e-01  5.478e-01  5.558e-01  5.688e-01  5.858e-01  6.054e-01  6.280e-01  6.513e-01  6.753e-01  6.991e-01  7.216e-01  7.442e-01  7.647e-01  7.842e-01  8.020e-01  8.188e-01  8.339e-01  8.480e-01  8.607e-01  8.721e-01  8.825e-01  8.920e-01  9.005e-01  9.086e-01  9.157e-01  9.220e-01  9.282e-01  9.329e-01  9.382e-01  9.425e-01  9.464e-01  9.507e-01  9.540e-01  9.569e-01  9.598e-01  9.622e-01  9.646e-01  9.665e-01  9.689e-01  9.704e-01  9.723e-01  9.738e-01  9.757e-01  9.771e-01  9.796e-01  9.810e-01 	
 6.371e-01  5.452e-01  5.449e-01  5.462e-01  5.467e-01  5.494e-01  5.564e-01  5.690e-01  5.851e-01  6.049e-01  6.268e-01  6.500e-01  6.733e-01  6.972e-01  7.198e-01  7.417e-01  7.626e-01  7.819e-01  8.002e-01  8.167e-01  8.322e-01  8.460e-01  8.588e-01  8.706e-01  8.811e-01  8.911e-01  8.992e-01  9.073e-01  9.145e-01  9.207e-01  9.269e-01  9.322e-01  9.370e-01  9.414e-01  9.462e-01  9.495e-01  9.529e-01  9.563e-01  9.592e-01  9.616e-01  9.635e-01  9.660e-01  9.679e-01  9.703e-01  9.717e-01  9.732e-01  9.751e-01  9.766e-01  9.790e-01  9.814e-01 	
 6.349e-01  5.493e-01  5.491e-01  5.499e-01  5.493e-01  5.514e-01  5.579e-01  5.692e-01  5.851e-01  6.045e-01  6.258e-01  6.491e-01  6.725e-01  6.957e-01  7.185e-01  7.406e-01  7.611e-01  7.809e-01  7.985e-01  8.155e-01  8.307e-01  8.449e-01  8.578e-01  8.692e-01  8.798e-01  8.893e-01  8.984e-01  9.061e-01  9.138e-01  9.200e-01  9.258e-01  9.316e-01  9.369e-01  9.412e-01  9.451e-01  9.489e-01  9.523e-01  9.557e-01  9.586e-01  9.605e-01  9.635e-01  9.659e-01  9.678e-01  9.693e-01  9.712e-01  9.731e-01  9.751e-01  9.765e-01  9.785e-01  9.809e-01 	
 6.340e-01  5.536e-01  5.531e-01  5.533e-01  5.518e-01  5.530e-01  5.588e-01  5.701e-01  5.854e-01  6.044e-01  6.258e-01  6.487e-01  6.719e-01  6.949e-01  7.178e-01  7.394e-01  7.602e-01  7.796e-01  7.977e-01  8.139e-01  8.292e-01  8.435e-01  8.564e-01  8.683e-01  8.789e-01  8.885e-01  8.976e-01  9.053e-01  9.126e-01  9.193e-01  9.256e-01  9.309e-01  9.357e-01  9.406e-01  9.444e-01  9.483e-01  9.522e-01  9.551e-01  9.575e-01  9.604e-01  9.629e-01  9.648e-01  9.673e-01  9.692e-01  9.707e-01  9.726e-01  9.745e-01  9.765e-01  9.789e-01  9.809e-01 	
 6.345e-01  5.572e-01  5.566e-01  5.563e-01  5.543e-01  5.548e-01  5.604e-01  5.710e-01  5.859e-01  6.045e-01  6.257e-01  6.480e-01  6.710e-01  6.940e-01  7.167e-01  7.384e-01  7.593e-01  7.784e-01  7.965e-01  8.133e-01  8.286e-01  8.425e-01  8.555e-01  8.670e-01  8.780e-01  8.877e-01  8.964e-01  9.046e-01  9.123e-01  9.186e-01  9.249e-01  9.302e-01  9.351e-01  9.399e-01  9.443e-01  9.477e-01  9.511e-01  9.545e-01  9.574e-01  9.599e-01  9.628e-01  9.648e-01  9.667e-01  9.691e-01  9.706e-01  9.725e-01  9.745e-01  9.760e-01  9.784e-01  9.808e-01 	
 6.369e-01  5.608e-01  5.596e-01  5.591e-01  5.564e-01  5.566e-01  5.618e-01  5.719e-01  5.864e-01  6.048e-01  6.254e-01  6.479e-01  6.705e-01  6.937e-01  7.161e-01  7.376e-01  7.585e-01  7.776e-01  7.958e-01  8.122e-01  8.276e-01  8.420e-01  8.546e-01  8.666e-01  8.773e-01  8.869e-01  8.957e-01  9.043e-01  9.116e-01  9.179e-01  9.242e-01  9.296e-01  9.345e-01  9.393e-01  9.437e-01  9.476e-01  9.505e-01  9.539e-01  9.574e-01  9.598e-01  9.622e-01  9.642e-01  9.666e-01  9.681e-01  9.705e-01  9.720e-01  9.740e-01  9.764e-01  9.779e-01  9.813e-01 	
 6.406e-01  5.647e-01  5.629e-01  5.613e-01  5.581e-01  5.577e-01  5.627e-01  5.723e-01  5.866e-01  6.045e-01  6.252e-01  6.470e-01  6.702e-01  6.926e-01  7.151e-01  7.367e-01  7.573e-01  7.765e-01  7.944e-01  8.112e-01  8.267e-01  8.406e-01  8.537e-01  8.654e-01  8.765e-01  8.862e-01  8.949e-01  9.032e-01  9.105e-01  9.173e-01  9.232e-01  9.290e-01  9.339e-01  9.387e-01  9.431e-01  9.465e-01  9.504e-01  9.534e-01  9.568e-01  9.593e-01  9.617e-01  9.637e-01  9.661e-01  9.681e-01  9.700e-01  9.715e-01  9.734e-01  9.759e-01  9.783e-01  9.812e-01 	
 6.495e-01  5.706e-01  5.667e-01  5.642e-01  5.607e-01  5.598e-01  5.643e-01  5.732e-01  5.875e-01  6.050e-01  6.252e-01  6.466e-01  6.696e-01  6.917e-01  7.143e-01  7.359e-01  7.562e-01  7.755e-01  7.934e-01  8.102e-01  8.258e-01  8.398e-01  8.525e-01  8.641e-01  8.753e-01  8.850e-01  8.938e-01  9.021e-01  9.098e-01  9.167e-01  9.230e-01  9.279e-01  9.333e-01  9.381e-01  9.421e-01  9.460e-01  9.494e-01  9.528e-01  9.558e-01  9.587e-01  9.612e-01  9.631e-01  9.656e-01  9.670e-01  9.695e-01  9.710e-01  9.734e-01  9.758e-01  9.783e-01  9.817e-01 	
 6.724e-01  5.836e-01  5.754e-01  5.719e-01  5.676e-01  5.670e-01  5.709e-01  5.801e-01  5.938e-01  6.103e-01  6.301e-01  6.514e-01  6.732e-01  6.950e-01  7.168e-01  7.377e-01  7.579e-01  7.769e-01  7.944e-01  8.110e-01  8.261e-01  8.402e-01  8.529e-01  8.646e-01  8.758e-01  8.856e-01  8.944e-01  9.022e-01  9.100e-01  9.169e-01  9.228e-01  9.286e-01  9.340e-01  9.385e-01  9.429e-01  9.468e-01  9.507e-01  9.537e-01  9.571e-01  9.596e-01  9.625e-01  9.645e-01  9.669e-01  9.689e-01  9.709e-01  9.738e-01  9.762e-01  9.792e-01  9.831e-01  9.880e-01 	
