 2.991e-01  3.146e-01  3.320e-01  3.516e-01  3.737e-01  3.987e-01  4.276e-01  4.610e-01  5.015e-01  5.534e-01  6.273e-01  8.751e-01  9.882e-01  9.900e-01  9.900e-01  9.900e-01  9.900e-01  9.900e-01  9.900e-01  9.900e-01  9.468e-01  8.583e-01  7.897e-01  7.132e-01  6.063e-01  4.831e-01  3.519e-01  1.332e-01  1.000e-08  1.000e-08  1.000e-08  1.000e-08  1.000e-08  1.000e-08  1.000e-08  1.000e-08  1.000e-08  1.000e-08  1.000e-08  1.000e-08  1.000e-08  1.000e-08  1.000e-08  1.000e-08  1.000e-08  1.000e-08  1.000e-08  1.000e-08  1.000e-08  3.015e-03 	
 2.663e-01  2.791e-01  2.934e-01  3.095e-01  3.281e-01  3.490e-01  3.734e-01  4.023e-01  4.386e-01  4.900e-01  5.780e-01  7.756e-01  9.446e-01  9.758e-01  9.865e-01  9.900e-01  9.900e-01  9.900e-01  9.900e-01  9.900e-01  9.900e-01  9.387e-01  8.940e-01  8.658e-01  8.401e-01  8.224e-01  8.135e-01  7.928e-01  7.645e-01  7.350e-01  7.061e-01  6.393e-01  5.558e-01  4.701e-01  3.821e-01  2.731e-01  1.884e-01  1.276e-01  8.358e-02  5.615e-02  3.557e-02  1.968e-02  8.911e-03  3.677e-03  1.428e-03  7.645e-04  1.358e-04  1.000e-08  1.000e-08  1.020e-02 	
 2.412e-01  2.524e-01  2.653e-01  2.803e-01  2.977e-01  3.185e-01  3.440e-01  3.767e-01  4.216e-01  4.880e-01  5.946e-01  7.855e-01  9.171e-01  9.809e-01  9.822e-01  9.843e-01  9.900e-01  9.900e-01  9.900e-01  9.900e-01  9.900e-01  9.900e-01  9.714e-01  9.230e-01  8.866e-01  8.640e-01  8.527e-01  8.349e-01  8.116e-01  7.848e-01  7.551e-01  6.883e-01  5.995e-01  4.994e-01  3.928e-01  2.477e-01  1.327e-01  6.246e-02  2.745e-02  6.215e-03  1.000e-08  1.000e-08  1.000e-08  1.000e-08  8.690e-04  8.741e-04  2.115e-04  1.000e-08  1.000e-08  8.962e-03 	
 2.227e-01  2.334e-01  2.460e-01  2.610e-01  2.791e-01  3.017e-01  3.304e-01  3.685e-01  4.212e-01  4.980e-01  6.115e-01  7.989e-01  9.246e-01  9.912e-01  9.900e-01  9.933e-01  9.861e-01  9.900e-01  9.900e-01  9.900e-01  9.900e-01  9.900e-01  9.900e-01  9.900e-01  9.343e-01  8.946e-01  8.734e-01  8.520e-01  8.293e-01  8.036e-01  7.748e-01  7.094e-01  6.202e-01  5.164e-01  4.022e-01  2.291e-01  8.137e-02  1.000e-08  1.000e-08  1.000e-08  1.000e-08  1.000e-08  1.000e-08  1.000e-08  1.320e-04  1.062e-03  2.671e-04  1.000e-08  1.000e-08  7.402e-03 	
 2.099e-01  2.207e-01  2.335e-01  2.494e-01  2.687e-01  2.932e-01  3.245e-01  3.658e-01  4.211e-01  4.983e-01  6.085e-01  8.218e-01  9.347e-01  9.900e-01  9.900e-01  9.900e-01  9.900e-01  9.854e-01  9.931e-01  9.900e-01  9.900e-01  9.900e-01  9.900e-01  9.900e-01  9.900e-01  9.482e-01  9.082e-01  8.789e-01  8.559e-01  8.345e-01  8.126e-01  7.601e-01  6.890e-01  6.036e-01  5.037e-01  3.351e-01  1.671e-01  4.351e-02  1.000e-08  1.000e-08  1.000e-08  1.000e-08  1.000e-08  1.000e-08  6.666e-04  1.855e-03  1.168e-03  1.000e-08  1.000e-08  6.312e-03 	
 2.016e-01  2.127e-01  2.263e-01  2.429e-01  2.636e-01  2.896e-01  3.225e-01  3.650e-01  4.205e-01  4.946e-01  5.988e-01  8.071e-01  9.288e-01  9.795e-01  9.900e-01  9.900e-01  9.900e-01  9.900e-01  9.890e-01  9.894e-01  9.900e-01  9.900e-01  9.900e-01  9.900e-01  9.900e-01  9.900e-01  9.647e-01  9.185e-01  8.872e-01  8.643e-01  8.449e-01  8.042e-01  7.504e-01  6.859e-01  6.073e-01  4.600e-01  2.912e-01  1.400e-01  3.848e-02  1.000e-08  1.000e-08  1.000e-08  1.000e-08  1.000e-08  2.004e-03  3.218e-03  2.766e-03  1.000e-08  1.000e-08  5.486e-03 	
 1.970e-01  2.086e-01  2.229e-01  2.405e-01  2.621e-01  2.893e-01  3.232e-01  3.664e-01  4.222e-01  4.957e-01  5.998e-01  7.851e-01  9.222e-01  9.824e-01  9.900e-01  9.900e-01  9.900e-01  9.900e-01  9.900e-01  9.901e-01  9.866e-01  9.900e-01  9.900e-01  9.900e-01  9.900e-01  9.900e-01  9.900e-01  9.807e-01  9.334e-01  8.985e-01  8.741e-01  8.383e-01  7.962e-01  7.492e-01  6.911e-01  5.713e-01  4.174e-01  2.542e-01  1.182e-01  5.533e-03  1.000e-08  1.000e-08  1.000e-08  1.000e-08  4.183e-03  5.336e-03  5.226e-03  1.000e-08  1.000e-08  4.832e-03 	
 1.955e-01  2.077e-01  2.226e-01  2.409e-01  2.634e-01  2.914e-01  3.262e-01  3.698e-01  4.256e-01  4.988e-01  6.002e-01  7.851e-01  9.055e-01  9.639e-01  9.900e-01  9.900e-01  9.900e-01  9.900e-01  9.900e-01  9.900e-01  9.967e-01  9.860e-01  9.980e-01  9.900e-01  9.900e-01  9.900e-01  9.900e-01  9.900e-01  9.900e-01  9.508e-01  9.102e-01  8.699e-01  8.319e-01  7.958e-01  7.543e-01  6.619e-01  5.317e-01  3.738e-01  2.151e-01  6.237e-02  1.000e-08  1.000e-08  1.000e-08  1.000e-08  7.589e-03  8.589e-03  8.956e-03  1.942e-03  1.000e-08  4.303e-03 	
 1.965e-01  2.092e-01  2.246e-01  2.436e-01  2.668e-01  2.953e-01  3.306e-01  3.747e-01  4.305e-01  5.036e-01  6.018e-01  7.604e-01  8.691e-01  9.410e-01  9.836e-01  9.900e-01  9.900e-01  9.900e-01  9.900e-01  9.900e-01  9.900e-01  9.953e-01  9.883e-01  9.926e-01  9.900e-01  9.900e-01  9.900e-01  9.900e-01  9.900e-01  9.900e-01  9.674e-01  9.122e-01  8.678e-01  8.333e-01  8.019e-01  7.318e-01  6.285e-01  4.882e-01  3.230e-01  1.366e-01  1.490e-02  1.000e-08  1.000e-08  1.000e-08  1.290e-02  1.358e-02  1.461e-02  6.548e-03  1.000e-08  3.907e-03 	
 1.995e-01  2.127e-01  2.286e-01  2.481e-01  2.717e-01  3.007e-01  3.363e-01  3.804e-01  4.357e-01  5.068e-01  6.020e-01  7.612e-01  8.753e-01  9.462e-01  9.834e-01  9.978e-01  9.900e-01  9.900e-01  9.900e-01  9.900e-01  9.900e-01  9.900e-01  9.900e-01  9.914e-01  9.879e-01  9.900e-01  9.900e-01  9.900e-01  9.900e-01  9.900e-01  9.900e-01  9.791e-01  9.180e-01  8.736e-01  8.418e-01  7.858e-01  7.062e-01  5.900e-01  4.335e-01  2.262e-01  6.078e-02  1.000e-08  1.000e-08  4.792e-04  2.118e-02  2.122e-02  2.317e-02  1.343e-02  1.000e-08  3.677e-03 	
 2.045e-01  2.179e-01  2.343e-01  2.542e-01  2.782e-01  3.073e-01  3.427e-01  3.865e-01  4.411e-01  5.107e-01  6.032e-01  7.534e-01  8.769e-01  9.405e-01  9.802e-01  9.985e-01  9.900e-01  9.900e-01  9.900e-01  9.900e-01  9.900e-01  9.900e-01  9.900e-01  9.900e-01  9.916e-01  9.858e-01  9.996e-01  9.900e-01  9.900e-01  9.900e-01  9.900e-01  9.900e-01  9.955e-01  9.311e-01  8.859e-01  8.331e-01  7.683e-01  6.756e-01  5.386e-01  3.266e-01  1.216e-01  1.000e-08  1.000e-08  5.993e-03  3.406e-02  3.291e-02  3.607e-02  2.377e-02  1.000e-08  3.698e-03 	
 2.109e-01  2.248e-01  2.415e-01  2.616e-01  2.857e-01  3.149e-01  3.502e-01  3.932e-01  4.464e-01  5.141e-01  6.039e-01  7.529e-01  8.586e-01  9.232e-01  9.608e-01  9.751e-01  9.961e-01  9.900e-01  9.900e-01  9.900e-01  9.900e-01  9.900e-01  9.900e-01  9.900e-01  9.900e-01  9.954e-01  9.881e-01  9.918e-01  9.900e-01  9.900e-01  9.900e-01  9.900e-01  9.900e-01  9.900e-01  9.460e-01  8.852e-01  8.244e-01  7.477e-01  6.329e-01  4.312e-01  1.972e-01  1.514e-02  1.000e-08  1.512e-02  5.406e-02  5.063e-02  5.525e-02  3.928e-02  1.539e-04  4.156e-03 	
 2.187e-01  2.329e-01  2.500e-01  2.703e-01  2.945e-01  3.234e-01  3.584e-01  4.005e-01  4.523e-01  5.163e-01  5.991e-01  7.270e-01  8.416e-01  9.149e-01  9.541e-01  9.777e-01  9.900e-01  9.900e-01  9.900e-01  9.900e-01  9.900e-01  9.900e-01  9.900e-01  9.900e-01  9.900e-01  9.900e-01  9.900e-01  9.900e-01  9.869e-01  9.900e-01  9.900e-01  9.900e-01  9.900e-01  9.900e-01  9.900e-01  9.545e-01  8.860e-01  8.145e-01  7.165e-01  5.343e-01  2.855e-01  5.004e-02  1.000e-08  2.996e-02  8.478e-02  7.715e-02  8.325e-02  6.223e-02  3.916e-03  5.407e-03 	
 2.278e-01  2.423e-01  2.596e-01  2.800e-01  3.043e-01  3.332e-01  3.676e-01  4.089e-01  4.590e-01  5.213e-01  6.015e-01  7.243e-01  8.277e-01  9.042e-01  9.354e-01  9.736e-01  9.903e-01  9.970e-01  9.900e-01  9.900e-01  9.900e-01  9.900e-01  9.900e-01  9.900e-01  9.900e-01  9.900e-01  9.900e-01  9.900e-01  9.908e-01  9.852e-01  9.900e-01  9.900e-01  9.900e-01  9.900e-01  9.900e-01  9.900e-01  9.642e-01  8.865e-01  7.958e-01  6.345e-01  3.844e-01  9.932e-02  1.000e-08  5.323e-02  1.307e-01  1.158e-01  1.226e-01  9.529e-02  1.035e-02  8.122e-03 	
 2.380e-01  2.528e-01  2.702e-01  2.908e-01  3.150e-01  3.436e-01  3.777e-01  4.182e-01  4.669e-01  5.269e-01  6.042e-01  7.190e-01  8.216e-01  8.874e-01  9.344e-01  9.628e-01  9.748e-01  9.909e-01  9.900e-01  9.900e-01  9.900e-01  9.900e-01  9.900e-01  9.900e-01  9.900e-01  9.900e-01  9.900e-01  9.900e-01  9.900e-01  9.930e-01  9.865e-01  9.958e-01  9.900e-01  9.900e-01  9.900e-01  9.900e-01  9.900e-01  9.704e-01  8.775e-01  7.346e-01  4.935e-01  1.672e-01  1.000e-08  8.711e-02  1.959e-01  1.696e-01  1.747e-01  1.406e-01  2.113e-02  1.343e-02 	
 2.492e-01  2.642e-01  2.818e-01  3.024e-01  3.264e-01  3.548e-01  3.881e-01  4.276e-01  4.746e-01  5.320e-01  6.033e-01  7.065e-01  8.072e-01  8.778e-01  9.209e-01  9.552e-01  9.726e-01  9.855e-01  9.992e-01  9.900e-01  9.900e-01  9.900e-01  9.900e-01  9.900e-01  9.900e-01  9.900e-01  9.900e-01  9.900e-01  9.900e-01  9.900e-01  9.900e-01  9.868e-01  9.881e-01  9.900e-01  9.900e-01  9.900e-01  9.900e-01  9.900e-01  9.656e-01  8.389e-01  6.135e-01  2.589e-01  1.000e-08  1.309e-01  2.814e-01  2.396e-01  2.384e-01  1.984e-01  3.842e-02  2.311e-02 	
 2.611e-01  2.763e-01  2.941e-01  3.146e-01  3.386e-01  3.665e-01  3.989e-01  4.372e-01  4.821e-01  5.363e-01  6.024e-01  6.942e-01  7.934e-01  8.679e-01  9.107e-01  9.460e-01  9.719e-01  9.878e-01  9.941e-01  9.938e-01  9.806e-01  9.883e-01  9.900e-01  9.900e-01  9.900e-01  9.900e-01  9.900e-01  9.900e-01  9.900e-01  9.900e-01  9.900e-01  9.987e-01  9.839e-01  9.850e-01  9.900e-01  9.900e-01  9.900e-01  9.900e-01  9.900e-01  9.464e-01  7.437e-01  3.779e-01  4.020e-02  1.792e-01  3.814e-01  3.226e-01  3.089e-01  2.671e-01  6.494e-02  3.974e-02 	
 2.738e-01  2.892e-01  3.070e-01  3.275e-01  3.512e-01  3.785e-01  4.101e-01  4.468e-01  4.901e-01  5.413e-01  6.033e-01  6.879e-01  7.782e-01  8.563e-01  9.130e-01  9.442e-01  9.649e-01  9.789e-01  9.887e-01  9.917e-01  9.929e-01  9.975e-01  9.900e-01  9.900e-01  9.900e-01  9.900e-01  9.900e-01  9.900e-01  9.900e-01  9.900e-01  9.900e-01  9.900e-01  9.900e-01  9.891e-01  9.822e-01  9.900e-01  9.900e-01  9.900e-01  9.900e-01  9.900e-01  8.782e-01  5.232e-01  1.090e-01  2.244e-01  4.848e-01  4.114e-01  3.814e-01  3.439e-01  1.040e-01  6.672e-02 	
 2.870e-01  3.025e-01  3.203e-01  3.406e-01  3.640e-01  3.908e-01  4.213e-01  4.569e-01  4.973e-01  5.451e-01  6.022e-01  6.747e-01  7.639e-01  8.448e-01  9.053e-01  9.427e-01  9.617e-01  9.743e-01  9.853e-01  9.939e-01  9.966e-01  9.900e-01  9.900e-01  9.900e-01  9.900e-01  9.900e-01  9.900e-01  9.900e-01  9.900e-01  9.900e-01  9.900e-01  9.900e-01  9.900e-01  9.900e-01  9.824e-01  9.783e-01  9.975e-01  9.900e-01  9.900e-01  9.900e-01  9.900e-01  6.838e-01  2.090e-01  2.631e-01  5.795e-01  5.000e-01  4.553e-01  4.262e-01  1.589e-01  1.080e-01 	
 3.006e-01  3.163e-01  3.340e-01  3.542e-01  3.771e-01  4.031e-01  4.327e-01  4.666e-01  5.048e-01  5.489e-01  6.004e-01  6.620e-01  7.462e-01  8.312e-01  8.959e-01  9.315e-01  9.587e-01  9.731e-01  9.824e-01  9.891e-01  9.937e-01  9.975e-01  9.996e-01  9.900e-01  9.900e-01  9.900e-01  9.900e-01  9.900e-01  9.900e-01  9.900e-01  9.900e-01  9.900e-01  9.900e-01  9.900e-01  9.900e-01  9.862e-01  9.745e-01  9.905e-01  9.900e-01  9.900e-01  9.900e-01  8.404e-01  3.392e-01  2.989e-01  6.578e-01  5.844e-01  5.301e-01  5.071e-01  2.296e-01  1.665e-01 	
 3.145e-01  3.303e-01  3.480e-01  3.678e-01  3.904e-01  4.157e-01  4.442e-01  4.765e-01  5.129e-01  5.536e-01  6.006e-01  6.534e-01  7.309e-01  8.151e-01  8.800e-01  9.245e-01  9.567e-01  9.700e-01  9.798e-01  9.852e-01  9.922e-01  9.955e-01  9.953e-01  9.900e-01  9.900e-01  9.900e-01  9.900e-01  9.900e-01  9.900e-01  9.900e-01  9.900e-01  9.900e-01  9.900e-01  9.900e-01  9.900e-01  9.969e-01  9.747e-01  9.675e-01  9.880e-01  9.900e-01  9.900e-01  9.661e-01  4.881e-01  3.389e-01  7.143e-01  6.593e-01  5.991e-01  5.760e-01  3.112e-01  2.417e-01 	
 3.287e-01  3.444e-01  3.620e-01  3.817e-01  4.037e-01  4.282e-01  4.557e-01  4.863e-01  5.208e-01  5.595e-01  6.022e-01  6.482e-01  7.174e-01  8.018e-01  8.671e-01  9.177e-01  9.478e-01  9.637e-01  9.767e-01  9.848e-01  9.920e-01  9.954e-01  9.987e-01  9.900e-01  9.900e-01  9.900e-01  9.900e-01  9.900e-01  9.900e-01  9.900e-01  9.900e-01  9.900e-01  9.900e-01  9.962e-01  9.900e-01  9.900e-01  9.902e-01  9.669e-01  9.663e-01  9.966e-01  9.900e-01  9.900e-01  6.351e-01  3.879e-01  7.444e-01  7.115e-01  6.517e-01  6.269e-01  3.931e-01  3.278e-01 	
 3.431e-01  3.586e-01  3.760e-01  3.953e-01  4.170e-01  4.407e-01  4.672e-01  4.965e-01  5.289e-01  5.642e-01  6.030e-01  6.423e-01  7.056e-01  7.858e-01  8.563e-01  9.095e-01  9.436e-01  9.615e-01  9.731e-01  9.815e-01  9.874e-01  9.922e-01  9.957e-01  9.983e-01  9.984e-01  9.976e-01  9.988e-01  9.900e-01  9.900e-01  9.900e-01  9.900e-01  9.900e-01  9.900e-01  9.987e-01  9.900e-01  9.900e-01  9.982e-01  9.746e-01  9.609e-01  9.682e-01  9.900e-01  9.900e-01  7.568e-01  4.469e-01  7.523e-01  7.337e-01  6.863e-01  6.629e-01  4.646e-01  4.149e-01 	
 3.572e-01  3.729e-01  3.900e-01  4.090e-01  4.301e-01  4.532e-01  4.783e-01  5.063e-01  5.365e-01  5.690e-01  6.037e-01  6.352e-01  6.921e-01  7.723e-01  8.474e-01  9.010e-01  9.361e-01  9.569e-01  9.703e-01  9.807e-01  9.872e-01  9.914e-01  9.911e-01  9.934e-01  9.941e-01  9.968e-01  9.900e-01  9.900e-01  9.900e-01  9.900e-01  9.900e-01  9.900e-01  9.985e-01  9.996e-01  9.947e-01  9.767e-01  9.833e-01  9.894e-01  9.621e-01  9.542e-01  9.837e-01  9.900e-01  8.393e-01  5.118e-01  7.529e-01  7.384e-01  7.084e-01  6.866e-01  5.191e-01  4.924e-01 	
 3.714e-01  3.867e-01  4.038e-01  4.225e-01  4.429e-01  4.651e-01  4.894e-01  5.157e-01  5.440e-01  5.736e-01  6.051e-01  6.297e-01  6.774e-01  7.522e-01  8.279e-01  8.889e-01  9.269e-01  9.504e-01  9.636e-01  9.762e-01  9.841e-01  9.896e-01  9.937e-01  9.944e-01  9.942e-01  9.944e-01  9.996e-01  9.900e-01  9.900e-01  9.996e-01  9.960e-01  9.970e-01  9.996e-01  9.920e-01  9.893e-01  9.721e-01  9.701e-01  9.897e-01  9.704e-01  9.443e-01  9.578e-01  9.900e-01  8.848e-01  5.740e-01  7.551e-01  7.490e-01  7.212e-01  7.004e-01  5.566e-01  5.530e-01 	
 3.853e-01  4.007e-01  4.174e-01  4.355e-01  4.554e-01  4.771e-01  5.002e-01  5.248e-01  5.513e-01  5.787e-01  6.059e-01  6.251e-01  6.640e-01  7.356e-01  8.109e-01  8.770e-01  9.195e-01  9.468e-01  9.634e-01  9.743e-01  9.817e-01  9.869e-01  9.894e-01  9.914e-01  9.919e-01  9.941e-01  9.979e-01  9.900e-01  9.964e-01  9.908e-01  9.880e-01  9.919e-01  9.917e-01  9.890e-01  9.817e-01  9.682e-01  9.521e-01  9.460e-01  9.530e-01  9.368e-01  9.311e-01  9.740e-01  9.057e-01  6.262e-01  7.566e-01  7.631e-01  7.280e-01  7.084e-01  5.796e-01  5.921e-01 	
 3.991e-01  4.141e-01  4.306e-01  4.482e-01  4.676e-01  4.882e-01  5.104e-01  5.337e-01  5.584e-01  5.838e-01  6.083e-01  6.223e-01  6.550e-01  7.213e-01  7.973e-01  8.626e-01  9.083e-01  9.402e-01  9.589e-01  9.715e-01  9.795e-01  9.844e-01  9.865e-01  9.888e-01  9.907e-01  9.917e-01  9.947e-01  9.948e-01  9.903e-01  9.886e-01  9.884e-01  9.918e-01  9.872e-01  9.825e-01  9.755e-01  9.667e-01  9.586e-01  9.429e-01  9.181e-01  9.143e-01  9.100e-01  9.367e-01  9.064e-01  6.630e-01  7.555e-01  7.688e-01  7.410e-01  7.156e-01  5.919e-01  6.097e-01 	
 4.123e-01  4.272e-01  4.433e-01  4.607e-01  4.791e-01  4.990e-01  5.200e-01  5.424e-01  5.653e-01  5.885e-01  6.101e-01  6.205e-01  6.460e-01  7.046e-01  7.780e-01  8.479e-01  8.987e-01  9.326e-01  9.517e-01  9.643e-01  9.761e-01  9.816e-01  9.849e-01  9.888e-01  9.903e-01  9.919e-01  9.934e-01  9.924e-01  9.890e-01  9.868e-01  9.863e-01  9.839e-01  9.799e-01  9.771e-01  9.709e-01  9.651e-01  9.563e-01  9.332e-01  8.904e-01  8.886e-01  8.883e-01  9.034e-01  8.846e-01  6.845e-01  7.524e-01  7.705e-01  7.567e-01  7.252e-01  5.995e-01  6.144e-01 	
 4.253e-01  4.399e-01  4.556e-01  4.725e-01  4.905e-01  5.095e-01  5.296e-01  5.507e-01  5.722e-01  5.931e-01  6.124e-01  6.196e-01  6.380e-01  6.896e-01  7.627e-01  8.344e-01  8.907e-01  9.250e-01  9.474e-01  9.631e-01  9.729e-01  9.796e-01  9.832e-01  9.868e-01  9.885e-01  9.901e-01  9.919e-01  9.917e-01  9.896e-01  9.875e-01  9.868e-01  9.833e-01  9.755e-01  9.726e-01  9.670e-01  9.513e-01  9.342e-01  9.115e-01  8.792e-01  8.452e-01  8.506e-01  8.690e-01  8.589e-01  6.924e-01  7.481e-01  7.775e-01  7.652e-01  7.344e-01  6.095e-01  6.231e-01 	
 4.377e-01  4.522e-01  4.675e-01  4.840e-01  5.010e-01  5.196e-01  5.388e-01  5.585e-01  5.780e-01  5.975e-01  6.140e-01  6.184e-01  6.308e-01  6.758e-01  7.453e-01  8.199e-01  8.772e-01  9.165e-01  9.429e-01  9.591e-01  9.683e-01  9.745e-01  9.805e-01  9.841e-01  9.865e-01  9.884e-01  9.899e-01  9.875e-01  9.839e-01  9.823e-01  9.822e-01  9.811e-01  9.719e-01  9.604e-01  9.534e-01  9.410e-01  9.247e-01  8.964e-01  8.735e-01  8.286e-01  7.980e-01  8.205e-01  8.202e-01  6.857e-01  7.423e-01  7.785e-01  7.708e-01  7.403e-01  6.232e-01  6.422e-01 	
 4.496e-01  4.638e-01  4.787e-01  4.947e-01  5.113e-01  5.291e-01  5.469e-01  5.654e-01  5.838e-01  6.014e-01  6.161e-01  6.184e-01  6.255e-01  6.636e-01  7.295e-01  8.038e-01  8.636e-01  9.066e-01  9.349e-01  9.523e-01  9.637e-01  9.721e-01  9.784e-01  9.808e-01  9.823e-01  9.848e-01  9.881e-01  9.876e-01  9.835e-01  9.802e-01  9.772e-01  9.716e-01  9.694e-01  9.607e-01  9.487e-01  9.310e-01  9.148e-01  8.883e-01  8.681e-01  8.264e-01  7.650e-01  7.656e-01  7.768e-01  6.691e-01  7.364e-01  7.833e-01  7.813e-01  7.474e-01  6.344e-01  6.558e-01 	
 4.612e-01  4.747e-01  4.894e-01  5.048e-01  5.207e-01  5.373e-01  5.548e-01  5.722e-01  5.894e-01  6.051e-01  6.177e-01  6.178e-01  6.214e-01  6.527e-01  7.148e-01  7.863e-01  8.482e-01  8.945e-01  9.258e-01  9.470e-01  9.605e-01  9.698e-01  9.749e-01  9.783e-01  9.812e-01  9.836e-01  9.836e-01  9.847e-01  9.804e-01  9.760e-01  9.716e-01  9.640e-01  9.642e-01  9.596e-01  9.466e-01  9.295e-01  9.016e-01  8.835e-01  8.424e-01  8.079e-01  7.592e-01  7.200e-01  7.364e-01  6.509e-01  7.308e-01  7.851e-01  7.850e-01  7.537e-01  6.422e-01  6.614e-01 	
 4.720e-01  4.855e-01  4.995e-01  5.142e-01  5.295e-01  5.457e-01  5.617e-01  5.782e-01  5.940e-01  6.083e-01  6.195e-01  6.181e-01  6.181e-01  6.427e-01  6.971e-01  7.672e-01  8.307e-01  8.809e-01  9.160e-01  9.401e-01  9.558e-01  9.656e-01  9.720e-01  9.757e-01  9.797e-01  9.821e-01  9.833e-01  9.845e-01  9.815e-01  9.772e-01  9.724e-01  9.665e-01  9.602e-01  9.484e-01  9.384e-01  9.220e-01  8.992e-01  8.681e-01  8.354e-01  7.926e-01  7.480e-01  6.910e-01  6.920e-01  6.322e-01  7.264e-01  7.905e-01  7.939e-01  7.587e-01  6.516e-01  6.726e-01 	
 4.826e-01  4.956e-01  5.092e-01  5.235e-01  5.378e-01  5.531e-01  5.687e-01  5.835e-01  5.986e-01  6.113e-01  6.210e-01  6.189e-01  6.158e-01  6.341e-01  6.828e-01  7.488e-01  8.146e-01  8.677e-01  9.051e-01  9.314e-01  9.485e-01  9.602e-01  9.678e-01  9.736e-01  9.781e-01  9.807e-01  9.812e-01  9.809e-01  9.780e-01  9.746e-01  9.687e-01  9.596e-01  9.488e-01  9.369e-01  9.279e-01  9.103e-01  8.812e-01  8.464e-01  8.083e-01  7.809e-01  7.296e-01  6.669e-01  6.437e-01  6.133e-01  7.228e-01  7.946e-01  7.991e-01  7.643e-01  6.594e-01  6.795e-01 	
 4.922e-01  5.049e-01  5.180e-01  5.316e-01  5.454e-01  5.600e-01  5.744e-01  5.888e-01  6.025e-01  6.142e-01  6.225e-01  6.190e-01  6.139e-01  6.268e-01  6.689e-01  7.331e-01  7.987e-01  8.538e-01  8.947e-01  9.223e-01  9.406e-01  9.542e-01  9.630e-01  9.691e-01  9.744e-01  9.774e-01  9.789e-01  9.786e-01  9.753e-01  9.700e-01  9.632e-01  9.537e-01  9.399e-01  9.278e-01  9.185e-01  8.976e-01  8.673e-01  8.367e-01  8.093e-01  7.631e-01  7.100e-01  6.511e-01  5.994e-01  5.986e-01  7.203e-01  7.985e-01  8.030e-01  7.682e-01  6.666e-01  6.876e-01 	
 5.015e-01  5.134e-01  5.260e-01  5.394e-01  5.526e-01  5.668e-01  5.802e-01  5.937e-01  6.061e-01  6.167e-01  6.240e-01  6.195e-01  6.130e-01  6.215e-01  6.565e-01  7.158e-01  7.815e-01  8.395e-01  8.831e-01  9.115e-01  9.323e-01  9.473e-01  9.575e-01  9.648e-01  9.700e-01  9.745e-01  9.772e-01  9.770e-01  9.732e-01  9.673e-01  9.589e-01  9.471e-01  9.307e-01  9.132e-01  8.997e-01  8.767e-01  8.488e-01  8.213e-01  7.850e-01  7.414e-01  6.884e-01  6.321e-01  5.661e-01  5.900e-01  7.195e-01  8.033e-01  8.085e-01  7.721e-01  6.724e-01  6.929e-01 	
 5.105e-01  5.220e-01  5.341e-01  5.466e-01  5.593e-01  5.723e-01  5.852e-01  5.980e-01  6.096e-01  6.189e-01  6.248e-01  6.202e-01  6.120e-01  6.165e-01  6.454e-01  7.000e-01  7.641e-01  8.226e-01  8.685e-01  9.013e-01  9.245e-01  9.407e-01  9.525e-01  9.596e-01  9.661e-01  9.710e-01  9.736e-01  9.726e-01  9.688e-01  9.624e-01  9.532e-01  9.423e-01  9.305e-01  9.116e-01  8.915e-01  8.660e-01  8.348e-01  8.041e-01  7.718e-01  7.203e-01  6.712e-01  6.058e-01  5.482e-01  5.877e-01  7.201e-01  8.085e-01  8.137e-01  7.762e-01  6.787e-01  7.001e-01 	
 5.186e-01  5.296e-01  5.413e-01  5.531e-01  5.656e-01  5.781e-01  5.901e-01  6.017e-01  6.123e-01  6.206e-01  6.260e-01  6.205e-01  6.120e-01  6.128e-01  6.357e-01  6.842e-01  7.462e-01  8.053e-01  8.537e-01  8.909e-01  9.150e-01  9.322e-01  9.461e-01  9.546e-01  9.618e-01  9.670e-01  9.705e-01  9.696e-01  9.647e-01  9.561e-01  9.469e-01  9.343e-01  9.189e-01  9.000e-01  8.786e-01  8.548e-01  8.228e-01  7.837e-01  7.528e-01  7.088e-01  6.483e-01  5.868e-01  5.513e-01  5.901e-01  7.215e-01  8.131e-01  8.188e-01  7.802e-01  6.844e-01  7.061e-01 	
 5.262e-01  5.368e-01  5.480e-01  5.598e-01  5.711e-01  5.826e-01  5.942e-01  6.045e-01  6.146e-01  6.228e-01  6.272e-01  6.212e-01  6.118e-01  6.101e-01  6.274e-01  6.689e-01  7.282e-01  7.877e-01  8.384e-01  8.776e-01  9.045e-01  9.248e-01  9.394e-01  9.501e-01  9.570e-01  9.624e-01  9.664e-01  9.658e-01  9.614e-01  9.525e-01  9.417e-01  9.264e-01  9.098e-01  8.911e-01  8.715e-01  8.434e-01  8.068e-01  7.637e-01  7.222e-01  6.816e-01  6.352e-01  5.859e-01  5.531e-01  5.895e-01  7.223e-01  8.180e-01  8.237e-01  7.833e-01  6.900e-01  7.111e-01 	
 5.332e-01  5.437e-01  5.545e-01  5.653e-01  5.761e-01  5.869e-01  5.975e-01  6.082e-01  6.168e-01  6.242e-01  6.276e-01  6.216e-01  6.117e-01  6.083e-01  6.202e-01  6.559e-01  7.110e-01  7.701e-01  8.230e-01  8.639e-01  8.942e-01  9.160e-01  9.315e-01  9.427e-01  9.512e-01  9.564e-01  9.612e-01  9.612e-01  9.554e-01  9.459e-01  9.323e-01  9.162e-01  8.982e-01  8.806e-01  8.534e-01  8.275e-01  7.968e-01  7.542e-01  7.044e-01  6.583e-01  6.099e-01  5.625e-01  5.368e-01  5.839e-01  7.224e-01  8.226e-01  8.283e-01  7.870e-01  6.948e-01  7.162e-01 	
 5.399e-01  5.500e-01  5.600e-01  5.704e-01  5.807e-01  5.910e-01  6.012e-01  6.105e-01  6.192e-01  6.251e-01  6.286e-01  6.220e-01  6.121e-01  6.076e-01  6.145e-01  6.440e-01  6.939e-01  7.518e-01  8.057e-01  8.495e-01  8.819e-01  9.053e-01  9.221e-01  9.338e-01  9.439e-01  9.513e-01  9.564e-01  9.567e-01  9.507e-01  9.397e-01  9.255e-01  9.086e-01  8.893e-01  8.666e-01  8.399e-01  8.106e-01  7.794e-01  7.389e-01  6.918e-01  6.441e-01  5.999e-01  5.572e-01  5.281e-01  5.780e-01  7.224e-01  8.261e-01  8.328e-01  7.901e-01  6.996e-01  7.209e-01 	
 5.464e-01  5.555e-01  5.656e-01  5.752e-01  5.850e-01  5.949e-01  6.045e-01  6.129e-01  6.203e-01  6.265e-01  6.287e-01  6.225e-01  6.125e-01  6.065e-01  6.108e-01  6.336e-01  6.781e-01  7.334e-01  7.879e-01  8.337e-01  8.677e-01  8.932e-01  9.116e-01  9.267e-01  9.364e-01  9.448e-01  9.508e-01  9.517e-01  9.448e-01  9.312e-01  9.156e-01  8.985e-01  8.795e-01  8.550e-01  8.251e-01  7.917e-01  7.578e-01  7.197e-01  6.795e-01  6.321e-01  5.898e-01  5.475e-01  5.269e-01  5.744e-01  7.224e-01  8.296e-01  8.368e-01  7.931e-01  7.035e-01  7.252e-01 	
 5.519e-01  5.608e-01  5.699e-01  5.798e-01  5.891e-01  5.977e-01  6.069e-01  6.153e-01  6.222e-01  6.272e-01  6.291e-01  6.229e-01  6.129e-01  6.064e-01  6.075e-01  6.251e-01  6.634e-01  7.160e-01  7.689e-01  8.157e-01  8.528e-01  8.809e-01  9.017e-01  9.166e-01  9.286e-01  9.375e-01  9.443e-01  9.448e-01  9.366e-01  9.230e-01  9.059e-01  8.862e-01  8.648e-01  8.389e-01  8.067e-01  7.729e-01  7.389e-01  7.016e-01  6.582e-01  6.191e-01  5.773e-01  5.423e-01  5.226e-01  5.724e-01  7.231e-01  8.328e-01  8.408e-01  7.959e-01  7.080e-01  7.298e-01 	
 5.575e-01  5.658e-01  5.745e-01  5.831e-01  5.925e-01  6.006e-01  6.090e-01  6.169e-01  6.233e-01  6.283e-01  6.298e-01  6.230e-01  6.130e-01  6.063e-01  6.057e-01  6.181e-01  6.506e-01  6.984e-01  7.507e-01  7.983e-01  8.380e-01  8.682e-01  8.896e-01  9.063e-01  9.199e-01  9.300e-01  9.364e-01  9.367e-01  9.276e-01  9.125e-01  8.944e-01  8.742e-01  8.495e-01  8.205e-01  7.897e-01  7.560e-01  7.222e-01  6.851e-01  6.458e-01  6.057e-01  5.678e-01  5.373e-01  5.214e-01  5.718e-01  7.240e-01  8.359e-01  8.444e-01  7.983e-01  7.117e-01  7.343e-01 	
 5.623e-01  5.704e-01  5.783e-01  5.869e-01  5.953e-01  6.035e-01  6.114e-01  6.183e-01  6.248e-01  6.292e-01  6.299e-01  6.231e-01  6.134e-01  6.064e-01  6.043e-01  6.126e-01  6.393e-01  6.817e-01  7.317e-01  7.798e-01  8.204e-01  8.526e-01  8.771e-01  8.955e-01  9.099e-01  9.209e-01  9.275e-01  9.291e-01  9.190e-01  9.020e-01  8.827e-01  8.596e-01  8.321e-01  8.031e-01  7.718e-01  7.377e-01  7.018e-01  6.648e-01  6.309e-01  5.968e-01  5.639e-01  5.351e-01  5.221e-01  5.730e-01  7.247e-01  8.382e-01  8.481e-01  8.009e-01  7.148e-01  7.385e-01 	
 5.669e-01  5.743e-01  5.824e-01  5.898e-01  5.974e-01  6.054e-01  6.125e-01  6.194e-01  6.254e-01  6.293e-01  6.300e-01  6.233e-01  6.136e-01  6.065e-01  6.035e-01  6.083e-01  6.289e-01  6.662e-01  7.131e-01  7.598e-01  8.021e-01  8.365e-01  8.627e-01  8.835e-01  8.990e-01  9.106e-01  9.189e-01  9.204e-01  9.093e-01  8.908e-01  8.695e-01  8.431e-01  8.157e-01  7.863e-01  7.534e-01  7.198e-01  6.833e-01  6.490e-01  6.166e-01  5.874e-01  5.596e-01  5.351e-01  5.243e-01  5.747e-01  7.257e-01  8.408e-01  8.514e-01  8.038e-01  7.184e-01  7.425e-01 	
 5.710e-01  5.781e-01  5.853e-01  5.926e-01  5.998e-01  6.069e-01  6.139e-01  6.205e-01  6.260e-01  6.296e-01  6.306e-01  6.239e-01  6.137e-01  6.066e-01  6.034e-01  6.057e-01  6.204e-01  6.517e-01  6.948e-01  7.414e-01  7.837e-01  8.192e-01  8.472e-01  8.693e-01  8.860e-01  8.994e-01  9.088e-01  9.105e-01  8.982e-01  8.786e-01  8.540e-01  8.262e-01  7.980e-01  7.671e-01  7.337e-01  6.990e-01  6.660e-01  6.343e-01  6.059e-01  5.805e-01  5.563e-01  5.351e-01  5.261e-01  5.767e-01  7.267e-01  8.427e-01  8.550e-01  8.061e-01  7.213e-01  7.465e-01 	
 5.749e-01  5.818e-01  5.881e-01  5.950e-01  6.017e-01  6.083e-01  6.150e-01  6.207e-01  6.261e-01  6.298e-01  6.305e-01  6.240e-01  6.135e-01  6.067e-01  6.030e-01  6.034e-01  6.141e-01  6.395e-01  6.780e-01  7.224e-01  7.648e-01  8.013e-01  8.308e-01  8.545e-01  8.737e-01  8.879e-01  8.982e-01  8.994e-01  8.857e-01  8.644e-01  8.385e-01  8.098e-01  7.806e-01  7.476e-01  7.134e-01  6.807e-01  6.493e-01  6.210e-01  5.967e-01  5.743e-01  5.545e-01  5.363e-01  5.283e-01  5.785e-01  7.274e-01  8.444e-01  8.582e-01  8.083e-01  7.247e-01  7.502e-01 	
 5.782e-01  5.846e-01  5.910e-01  5.969e-01  6.033e-01  6.095e-01  6.151e-01  6.203e-01  6.254e-01  6.289e-01  6.301e-01  6.238e-01  6.141e-01  6.068e-01  6.028e-01  6.020e-01  6.091e-01  6.293e-01  6.630e-01  7.040e-01  7.449e-01  7.823e-01  8.139e-01  8.390e-01  8.595e-01  8.756e-01  8.863e-01  8.869e-01  8.726e-01  8.484e-01  8.216e-01  7.931e-01  7.616e-01  7.285e-01  6.951e-01  6.636e-01  6.346e-01  6.101e-01  5.892e-01  5.709e-01  5.543e-01  5.379e-01  5.311e-01  5.810e-01  7.277e-01  8.446e-01  8.599e-01  8.103e-01  7.282e-01  7.544e-01 	
 5.824e-01  5.875e-01  5.934e-01  5.988e-01  6.047e-01  6.096e-01  6.147e-01  6.199e-01  6.241e-01  6.272e-01  6.284e-01  6.231e-01  6.144e-01  6.081e-01  6.044e-01  6.036e-01  6.089e-01  6.249e-01  6.528e-01  6.892e-01  7.282e-01  7.640e-01  7.950e-01  8.212e-01  8.420e-01  8.585e-01  8.692e-01  8.695e-01  8.545e-01  8.313e-01  8.041e-01  7.753e-01  7.447e-01  7.129e-01  6.816e-01  6.517e-01  6.260e-01  6.039e-01  5.866e-01  5.723e-01  5.593e-01  5.475e-01  5.449e-01  5.932e-01  7.254e-01  8.318e-01  8.498e-01  8.081e-01  7.367e-01  7.610e-01 	
