 4.403e-07  1.410e-07  1.070e-07  8.588e-08  7.278e-08  6.388e-08  5.741e-08  5.248e-08  4.860e-08  4.547e-08  4.289e-08  4.075e-08  3.893e-08  3.739e-08  3.608e-08  3.494e-08  3.397e-08  3.313e-08  3.241e-08  3.179e-08  3.127e-08  3.083e-08  3.047e-08  3.017e-08  2.995e-08  2.978e-08  2.968e-08  2.962e-08  2.961e-08  2.964e-08  2.969e-08  2.976e-08  2.982e-08  2.986e-08  2.984e-08  2.975e-08  2.958e-08  2.934e-08  2.913e-08  2.911e-08  2.960e-08  3.119e-08  3.479e-08  4.186e-08  5.461e-08  7.629e-08  1.117e-07  1.677e-07  2.543e-07  3.860e-07 	
 1.447e-07 -1.720e-08 -1.146e-08 -1.470e-08 -1.639e-08 -1.719e-08 -1.756e-08 -1.770e-08 -1.771e-08 -1.766e-08 -1.757e-08 -1.747e-08 -1.736e-08 -1.725e-08 -1.715e-08 -1.707e-08 -1.699e-08 -1.693e-08 -1.688e-08 -1.685e-08 -1.683e-08 -1.684e-08 -1.686e-08 -1.690e-08 -1.697e-08 -1.707e-08 -1.719e-08 -1.736e-08 -1.758e-08 -1.787e-08 -1.825e-08 -1.876e-08 -1.944e-08 -2.036e-08 -2.156e-08 -2.313e-08 -2.512e-08 -2.760e-08 -3.057e-08 -3.395e-08 -3.752e-08 -4.084e-08 -4.318e-08 -4.334e-08 -3.958e-08 -2.945e-08 -9.514e-09  2.486e-08  8.003e-08  1.649e-07 	
 4.873e-08 -5.746e-08 -3.158e-08 -2.616e-08 -2.245e-08 -1.962e-08 -1.743e-08 -1.569e-08 -1.428e-08 -1.312e-08 -1.215e-08 -1.133e-08 -1.062e-08 -1.001e-08 -9.476e-09 -9.005e-09 -8.589e-09 -8.218e-09 -7.886e-09 -7.588e-09 -7.319e-09 -7.075e-09 -6.855e-09 -6.655e-09 -6.475e-09 -6.314e-09 -6.171e-09 -6.049e-09 -5.954e-09 -5.893e-09 -5.880e-09 -5.938e-09 -6.097e-09 -6.400e-09 -6.899e-09 -7.656e-09 -8.737e-09 -1.020e-08 -1.207e-08 -1.431e-08 -1.679e-08 -1.921e-08 -2.102e-08 -2.133e-08 -1.880e-08 -1.149e-08  3.320e-09  2.940e-08  7.196e-08  1.383e-07 	
 2.107e-08 -5.848e-08 -2.525e-08 -1.833e-08 -1.427e-08 -1.156e-08 -9.678e-09 -8.314e-09 -7.291e-09 -6.503e-09 -5.881e-09 -5.380e-09 -4.970e-09 -4.629e-09 -4.342e-09 -4.097e-09 -3.886e-09 -3.702e-09 -3.539e-09 -3.395e-09 -3.266e-09 -3.150e-09 -3.045e-09 -2.949e-09 -2.862e-09 -2.784e-09 -2.714e-09 -2.654e-09 -2.609e-09 -2.585e-09 -2.593e-09 -2.653e-09 -2.789e-09 -3.039e-09 -3.447e-09 -4.068e-09 -4.958e-09 -6.169e-09 -7.726e-09 -9.603e-09 -1.168e-08 -1.371e-08 -1.520e-08 -1.538e-08 -1.309e-08 -6.600e-09  6.494e-09  2.955e-08  6.721e-08  1.261e-07 	
 1.537e-08 -4.972e-08 -1.660e-08 -1.125e-08 -8.454e-09 -6.725e-09 -5.601e-09 -4.833e-09 -4.283e-09 -3.873e-09 -3.558e-09 -3.309e-09 -3.107e-09 -2.940e-09 -2.798e-09 -2.676e-09 -2.570e-09 -2.474e-09 -2.388e-09 -2.310e-09 -2.238e-09 -2.171e-09 -2.109e-09 -2.053e-09 -2.002e-09 -1.957e-09 -1.920e-09 -1.893e-09 -1.880e-09 -1.887e-09 -1.924e-09 -2.008e-09 -2.163e-09 -2.420e-09 -2.821e-09 -3.416e-09 -4.257e-09 -5.389e-09 -6.834e-09 -8.570e-09 -1.049e-08 -1.234e-08 -1.370e-08 -1.384e-08 -1.168e-08 -5.624e-09  6.553e-09  2.796e-08  6.292e-08  1.175e-07 	
 1.561e-08 -4.088e-08 -1.089e-08 -7.412e-09 -5.708e-09 -4.663e-09 -3.991e-09 -3.533e-09 -3.202e-09 -2.953e-09 -2.757e-09 -2.598e-09 -2.465e-09 -2.352e-09 -2.254e-09 -2.166e-09 -2.087e-09 -2.014e-09 -1.946e-09 -1.884e-09 -1.828e-09 -1.779e-09 -1.739e-09 -1.712e-09 -1.702e-09 -1.712e-09 -1.747e-09 -1.813e-09 -1.914e-09 -2.057e-09 -2.249e-09 -2.504e-09 -2.840e-09 -3.286e-09 -3.878e-09 -4.662e-09 -5.685e-09 -6.992e-09 -8.602e-09 -1.049e-08 -1.256e-08 -1.457e-08 -1.611e-08 -1.649e-08 -1.466e-08 -9.097e-09  2.337e-09  2.264e-08  5.597e-08  1.082e-07 	
 1.669e-08 -3.425e-08 -7.821e-09 -5.617e-09 -4.513e-09 -3.792e-09 -3.311e-09 -2.973e-09 -2.722e-09 -2.527e-09 -2.371e-09 -2.242e-09 -2.132e-09 -2.037e-09 -1.953e-09 -1.877e-09 -1.808e-09 -1.745e-09 -1.689e-09 -1.642e-09 -1.606e-09 -1.585e-09 -1.584e-09 -1.606e-09 -1.655e-09 -1.731e-09 -1.834e-09 -1.962e-09 -2.116e-09 -2.298e-09 -2.515e-09 -2.782e-09 -3.118e-09 -3.554e-09 -4.129e-09 -4.887e-09 -5.878e-09 -7.143e-09 -8.704e-09 -1.054e-08 -1.254e-08 -1.450e-08 -1.599e-08 -1.636e-08 -1.459e-08 -9.216e-09  1.844e-09  2.148e-08  5.372e-08  1.042e-07 	
 1.732e-08 -2.970e-08 -6.280e-09 -4.760e-09 -3.928e-09 -3.342e-09 -2.938e-09 -2.649e-09 -2.432e-09 -2.262e-09 -2.125e-09 -2.011e-09 -1.914e-09 -1.829e-09 -1.754e-09 -1.687e-09 -1.628e-09 -1.579e-09 -1.541e-09 -1.517e-09 -1.513e-09 -1.531e-09 -1.572e-09 -1.636e-09 -1.720e-09 -1.821e-09 -1.936e-09 -2.065e-09 -2.209e-09 -2.373e-09 -2.568e-09 -2.808e-09 -3.116e-09 -3.522e-09 -4.064e-09 -4.788e-09 -5.740e-09 -6.963e-09 -8.476e-09 -1.026e-08 -1.221e-08 -1.411e-08 -1.556e-08 -1.591e-08 -1.416e-08 -8.892e-09  1.948e-09  2.118e-08  5.276e-08  1.022e-07 	
 1.738e-08 -2.662e-08 -5.489e-09 -4.290e-09 -3.575e-09 -3.052e-09 -2.688e-09 -2.427e-09 -2.231e-09 -2.078e-09 -1.954e-09 -1.851e-09 -1.764e-09 -1.688e-09 -1.622e-09 -1.567e-09 -1.523e-09 -1.493e-09 -1.480e-09 -1.488e-09 -1.516e-09 -1.563e-09 -1.626e-09 -1.702e-09 -1.789e-09 -1.884e-09 -1.988e-09 -2.102e-09 -2.230e-09 -2.378e-09 -2.557e-09 -2.783e-09 -3.076e-09 -3.468e-09 -3.996e-09 -4.704e-09 -5.639e-09 -6.842e-09 -8.332e-09 -1.009e-08 -1.201e-08 -1.388e-08 -1.531e-08 -1.564e-08 -1.391e-08 -8.693e-09  2.031e-09  2.106e-08  5.228e-08  1.012e-07 	
 1.705e-08 -2.449e-08 -5.043e-09 -3.988e-09 -3.330e-09 -2.846e-09 -2.510e-09 -2.269e-09 -2.089e-09 -1.948e-09 -1.835e-09 -1.741e-09 -1.662e-09 -1.595e-09 -1.541e-09 -1.501e-09 -1.476e-09 -1.470e-09 -1.482e-09 -1.511e-09 -1.555e-09 -1.610e-09 -1.674e-09 -1.746e-09 -1.824e-09 -1.909e-09 -2.002e-09 -2.106e-09 -2.224e-09 -2.364e-09 -2.536e-09 -2.755e-09 -3.043e-09 -3.429e-09 -3.952e-09 -4.654e-09 -5.583e-09 -6.777e-09 -8.258e-09 -1.000e-08 -1.191e-08 -1.377e-08 -1.519e-08 -1.552e-08 -1.379e-08 -8.584e-09  2.101e-09  2.105e-08  5.215e-08  1.009e-07 	
 1.652e-08 -2.295e-08 -4.760e-09 -3.772e-09 -3.151e-09 -2.695e-09 -2.381e-09 -2.157e-09 -1.989e-09 -1.858e-09 -1.753e-09 -1.667e-09 -1.597e-09 -1.541e-09 -1.501e-09 -1.477e-09 -1.471e-09 -1.482e-09 -1.507e-09 -1.543e-09 -1.588e-09 -1.640e-09 -1.698e-09 -1.762e-09 -1.833e-09 -1.912e-09 -1.999e-09 -2.098e-09 -2.213e-09 -2.350e-09 -2.519e-09 -2.736e-09 -3.023e-09 -3.408e-09 -3.930e-09 -4.632e-09 -5.561e-09 -6.756e-09 -8.238e-09 -9.983e-09 -1.189e-08 -1.375e-08 -1.517e-08 -1.549e-08 -1.376e-08 -8.539e-09  2.169e-09  2.116e-08  5.232e-08  1.011e-07 	
 1.591e-08 -2.179e-08 -4.564e-09 -3.612e-09 -3.019e-09 -2.587e-09 -2.290e-09 -2.078e-09 -1.920e-09 -1.797e-09 -1.700e-09 -1.622e-09 -1.561e-09 -1.518e-09 -1.493e-09 -1.484e-09 -1.490e-09 -1.508e-09 -1.535e-09 -1.570e-09 -1.611e-09 -1.658e-09 -1.711e-09 -1.771e-09 -1.839e-09 -1.914e-09 -1.999e-09 -2.097e-09 -2.210e-09 -2.346e-09 -2.515e-09 -2.733e-09 -3.020e-09 -3.408e-09 -3.932e-09 -4.638e-09 -5.572e-09 -6.774e-09 -8.264e-09 -1.002e-08 -1.194e-08 -1.381e-08 -1.523e-08 -1.556e-08 -1.381e-08 -8.547e-09  2.238e-09  2.136e-08  5.273e-08  1.019e-07 	
 1.529e-08 -2.090e-08 -4.422e-09 -3.496e-09 -2.925e-09 -2.511e-09 -2.227e-09 -2.025e-09 -1.875e-09 -1.759e-09 -1.669e-09 -1.600e-09 -1.551e-09 -1.520e-09 -1.506e-09 -1.505e-09 -1.514e-09 -1.533e-09 -1.558e-09 -1.590e-09 -1.628e-09 -1.672e-09 -1.723e-09 -1.781e-09 -1.847e-09 -1.921e-09 -2.006e-09 -2.103e-09 -2.217e-09 -2.354e-09 -2.524e-09 -2.743e-09 -3.033e-09 -3.424e-09 -3.954e-09 -4.667e-09 -5.610e-09 -6.825e-09 -8.330e-09 -1.010e-08 -1.204e-08 -1.393e-08 -1.537e-08 -1.569e-08 -1.392e-08 -8.599e-09  2.311e-09  2.165e-08  5.337e-08  1.031e-07 	
 1.470e-08 -2.019e-08 -4.320e-09 -3.413e-09 -2.860e-09 -2.461e-09 -2.187e-09 -1.993e-09 -1.849e-09 -1.740e-09 -1.658e-09 -1.599e-09 -1.559e-09 -1.537e-09 -1.527e-09 -1.528e-09 -1.538e-09 -1.555e-09 -1.578e-09 -1.608e-09 -1.644e-09 -1.687e-09 -1.737e-09 -1.795e-09 -1.861e-09 -1.935e-09 -2.021e-09 -2.119e-09 -2.234e-09 -2.372e-09 -2.544e-09 -2.766e-09 -3.060e-09 -3.456e-09 -3.993e-09 -4.716e-09 -5.673e-09 -6.905e-09 -8.432e-09 -1.023e-08 -1.220e-08 -1.411e-08 -1.557e-08 -1.590e-08 -1.409e-08 -8.689e-09  2.390e-09  2.203e-08  5.424e-08  1.047e-07 	
 1.413e-08 -1.963e-08 -4.250e-09 -3.359e-09 -2.820e-09 -2.431e-09 -2.166e-09 -1.977e-09 -1.840e-09 -1.737e-09 -1.663e-09 -1.611e-09 -1.578e-09 -1.558e-09 -1.550e-09 -1.551e-09 -1.560e-09 -1.576e-09 -1.598e-09 -1.627e-09 -1.663e-09 -1.706e-09 -1.756e-09 -1.814e-09 -1.880e-09 -1.956e-09 -2.042e-09 -2.141e-09 -2.258e-09 -2.398e-09 -2.573e-09 -2.798e-09 -3.097e-09 -3.500e-09 -4.046e-09 -4.782e-09 -5.756e-09 -7.010e-09 -8.565e-09 -1.040e-08 -1.240e-08 -1.435e-08 -1.583e-08 -1.616e-08 -1.432e-08 -8.810e-09  2.482e-09  2.249e-08  5.532e-08  1.067e-07 	
 1.361e-08 -1.918e-08 -4.208e-09 -3.329e-09 -2.800e-09 -2.420e-09 -2.160e-09 -1.977e-09 -1.845e-09 -1.749e-09 -1.680e-09 -1.633e-09 -1.602e-09 -1.583e-09 -1.575e-09 -1.575e-09 -1.583e-09 -1.598e-09 -1.620e-09 -1.649e-09 -1.685e-09 -1.728e-09 -1.779e-09 -1.838e-09 -1.905e-09 -1.982e-09 -2.069e-09 -2.170e-09 -2.288e-09 -2.431e-09 -2.609e-09 -2.838e-09 -3.143e-09 -3.553e-09 -4.111e-09 -4.862e-09 -5.856e-09 -7.136e-09 -8.724e-09 -1.059e-08 -1.264e-08 -1.463e-08 -1.614e-08 -1.648e-08 -1.459e-08 -8.955e-09  2.594e-09  2.306e-08  5.662e-08  1.092e-07 	
 1.313e-08 -1.883e-08 -4.190e-09 -3.320e-09 -2.797e-09 -2.424e-09 -2.168e-09 -1.990e-09 -1.863e-09 -1.772e-09 -1.707e-09 -1.662e-09 -1.631e-09 -1.613e-09 -1.604e-09 -1.604e-09 -1.612e-09 -1.627e-09 -1.649e-09 -1.678e-09 -1.714e-09 -1.758e-09 -1.809e-09 -1.869e-09 -1.937e-09 -2.015e-09 -2.104e-09 -2.206e-09 -2.326e-09 -2.471e-09 -2.653e-09 -2.887e-09 -3.197e-09 -3.617e-09 -4.187e-09 -4.955e-09 -5.973e-09 -7.284e-09 -8.911e-09 -1.083e-08 -1.292e-08 -1.496e-08 -1.651e-08 -1.685e-08 -1.491e-08 -9.124e-09  2.727e-09  2.372e-08  5.816e-08  1.121e-07 	
 1.268e-08 -1.858e-08 -4.195e-09 -3.330e-09 -2.811e-09 -2.441e-09 -2.190e-09 -2.015e-09 -1.892e-09 -1.803e-09 -1.740e-09 -1.695e-09 -1.665e-09 -1.646e-09 -1.637e-09 -1.637e-09 -1.645e-09 -1.660e-09 -1.682e-09 -1.711e-09 -1.748e-09 -1.792e-09 -1.844e-09 -1.904e-09 -1.973e-09 -2.052e-09 -2.141e-09 -2.245e-09 -2.367e-09 -2.515e-09 -2.699e-09 -2.938e-09 -3.255e-09 -3.684e-09 -4.268e-09 -5.056e-09 -6.100e-09 -7.447e-09 -9.117e-09 -1.109e-08 -1.324e-08 -1.533e-08 -1.692e-08 -1.727e-08 -1.527e-08 -9.304e-09  2.898e-09  2.451e-08  5.995e-08  1.154e-07 	
 1.227e-08 -1.840e-08 -4.220e-09 -3.357e-09 -2.840e-09 -2.473e-09 -2.224e-09 -2.052e-09 -1.930e-09 -1.842e-09 -1.779e-09 -1.734e-09 -1.704e-09 -1.685e-09 -1.675e-09 -1.675e-09 -1.682e-09 -1.697e-09 -1.719e-09 -1.749e-09 -1.785e-09 -1.830e-09 -1.882e-09 -1.942e-09 -2.012e-09 -2.091e-09 -2.181e-09 -2.286e-09 -2.409e-09 -2.559e-09 -2.746e-09 -2.989e-09 -3.313e-09 -3.753e-09 -4.352e-09 -5.161e-09 -6.234e-09 -7.620e-09 -9.339e-09 -1.137e-08 -1.358e-08 -1.574e-08 -1.737e-08 -1.772e-08 -1.565e-08 -9.488e-09  3.118e-09  2.544e-08  6.203e-08  1.193e-07 	
 1.188e-08 -1.829e-08 -4.266e-09 -3.401e-09 -2.884e-09 -2.517e-09 -2.269e-09 -2.098e-09 -1.977e-09 -1.889e-09 -1.825e-09 -1.780e-09 -1.749e-09 -1.729e-09 -1.719e-09 -1.718e-09 -1.725e-09 -1.739e-09 -1.761e-09 -1.790e-09 -1.826e-09 -1.870e-09 -1.921e-09 -1.981e-09 -2.050e-09 -2.129e-09 -2.219e-09 -2.323e-09 -2.447e-09 -2.597e-09 -2.786e-09 -3.033e-09 -3.363e-09 -3.812e-09 -4.426e-09 -5.257e-09 -6.362e-09 -7.790e-09 -9.563e-09 -1.165e-08 -1.394e-08 -1.617e-08 -1.784e-08 -1.820e-08 -1.604e-08 -9.647e-09  3.421e-09  2.655e-08  6.447e-08  1.238e-07 	
 1.153e-08 -1.826e-08 -4.331e-09 -3.461e-09 -2.942e-09 -2.575e-09 -2.326e-09 -2.155e-09 -2.033e-09 -1.944e-09 -1.879e-09 -1.833e-09 -1.800e-09 -1.779e-09 -1.769e-09 -1.766e-09 -1.772e-09 -1.785e-09 -1.805e-09 -1.832e-09 -1.867e-09 -1.909e-09 -1.958e-09 -2.016e-09 -2.083e-09 -2.160e-09 -2.248e-09 -2.351e-09 -2.472e-09 -2.621e-09 -2.810e-09 -3.058e-09 -3.392e-09 -3.850e-09 -4.478e-09 -5.331e-09 -6.468e-09 -7.940e-09 -9.770e-09 -1.193e-08 -1.429e-08 -1.659e-08 -1.832e-08 -1.867e-08 -1.641e-08 -9.742e-09  3.860e-09  2.792e-08  6.735e-08  1.290e-07 	
 1.120e-08 -1.829e-08 -4.416e-09 -3.538e-09 -3.015e-09 -2.645e-09 -2.394e-09 -2.220e-09 -2.095e-09 -2.004e-09 -1.936e-09 -1.887e-09 -1.852e-09 -1.828e-09 -1.814e-09 -1.808e-09 -1.809e-09 -1.818e-09 -1.834e-09 -1.857e-09 -1.886e-09 -1.923e-09 -1.966e-09 -2.018e-09 -2.079e-09 -2.148e-09 -2.229e-09 -2.324e-09 -2.439e-09 -2.580e-09 -2.762e-09 -3.005e-09 -3.337e-09 -3.797e-09 -4.433e-09 -5.302e-09 -6.467e-09 -7.978e-09 -9.862e-09 -1.209e-08 -1.452e-08 -1.689e-08 -1.866e-08 -1.898e-08 -1.659e-08 -9.591e-09  4.642e-09  2.979e-08  7.096e-08  1.354e-07 	
 1.090e-08 -1.839e-08 -4.521e-09 -3.632e-09 -3.102e-09 -2.726e-09 -2.470e-09 -2.290e-09 -2.158e-09 -2.059e-09 -1.983e-09 -1.924e-09 -1.877e-09 -1.841e-09 -1.812e-09 -1.791e-09 -1.775e-09 -1.765e-09 -1.760e-09 -1.759e-09 -1.763e-09 -1.773e-09 -1.787e-09 -1.807e-09 -1.833e-09 -1.867e-09 -1.908e-09 -1.962e-09 -2.033e-09 -2.129e-09 -2.264e-09 -2.459e-09 -2.743e-09 -3.157e-09 -3.751e-09 -4.586e-09 -5.725e-09 -7.222e-09 -9.103e-09 -1.134e-08 -1.379e-08 -1.615e-08 -1.789e-08 -1.812e-08 -1.550e-08 -8.061e-09  6.954e-09  3.339e-08  7.660e-08  1.441e-07 	
 1.062e-08 -1.856e-08 -4.647e-09 -3.744e-09 -3.203e-09 -2.818e-09 -2.552e-09 -2.360e-09 -2.215e-09 -2.098e-09 -2.002e-09 -1.917e-09 -1.842e-09 -1.771e-09 -1.703e-09 -1.637e-09 -1.570e-09 -1.501e-09 -1.431e-09 -1.358e-09 -1.282e-09 -1.203e-09 -1.121e-09 -1.035e-09 -9.460e-10 -8.544e-10 -7.614e-10 -6.699e-10 -5.847e-10 -5.146e-10 -4.733e-10 -4.822e-10 -5.717e-10 -7.835e-10 -1.170e-09 -1.795e-09 -2.723e-09 -4.010e-09 -5.686e-09 -7.715e-09 -9.956e-09 -1.210e-08 -1.357e-08 -1.345e-08 -1.034e-08 -2.197e-09  1.386e-08  4.184e-08  8.732e-08  1.581e-07 	
 1.037e-08 -1.880e-08 -4.796e-09 -3.873e-09 -3.319e-09 -2.922e-09 -2.644e-09 -2.438e-09 -2.276e-09 -2.141e-09 -2.021e-09 -1.910e-09 -1.803e-09 -1.696e-09 -1.586e-09 -1.472e-09 -1.350e-09 -1.221e-09 -1.083e-09 -9.339e-10 -7.744e-10 -6.032e-10 -4.200e-10 -2.242e-10 -1.568e-11  2.053e-10  4.379e-10  6.795e-10  9.253e-10  1.167e-09  1.389e-09  1.572e-09  1.682e-09  1.676e-09  1.500e-09  1.087e-09  3.708e-10 -7.099e-10 -2.184e-09 -4.014e-09 -6.054e-09 -7.973e-09 -9.180e-09 -8.708e-09 -5.086e-09  3.823e-09  2.104e-08  5.074e-08  9.879e-08  1.734e-07 	
 1.013e-08 -1.912e-08 -4.970e-09 -4.026e-09 -3.459e-09 -3.050e-09 -2.762e-09 -2.547e-09 -2.376e-09 -2.230e-09 -2.098e-09 -1.974e-09 -1.852e-09 -1.728e-09 -1.599e-09 -1.463e-09 -1.318e-09 -1.162e-09 -9.941e-10 -8.132e-10 -6.182e-10 -4.084e-10 -1.832e-10  5.800e-11  3.155e-10  5.892e-10  8.782e-10  1.180e-09  1.489e-09  1.797e-09  2.089e-09  2.342e-09  2.522e-09  2.583e-09  2.468e-09  2.108e-09  1.430e-09  3.720e-10 -1.097e-09 -2.939e-09 -4.996e-09 -6.920e-09 -8.085e-09 -7.467e-09 -3.511e-09  6.046e-09  2.440e-08  5.598e-08  1.070e-07  1.861e-07 	
 9.919e-09 -1.951e-08 -5.172e-09 -4.205e-09 -3.621e-09 -3.202e-09 -2.904e-09 -2.682e-09 -2.502e-09 -2.349e-09 -2.209e-09 -2.076e-09 -1.944e-09 -1.809e-09 -1.668e-09 -1.518e-09 -1.357e-09 -1.184e-09 -9.976e-10 -7.958e-10 -5.779e-10 -3.432e-10 -9.081e-11  1.798e-10  4.691e-10  7.770e-10  1.102e-09  1.443e-09  1.793e-09  2.143e-09  2.478e-09  2.772e-09  2.991e-09  3.086e-09  2.995e-09  2.645e-09  1.960e-09  8.722e-10 -6.497e-10 -2.565e-09 -4.706e-09 -6.703e-09 -7.887e-09 -7.170e-09 -2.896e-09  7.343e-09  2.694e-08  6.063e-08  1.150e-07  1.993e-07 	
 9.725e-09 -1.999e-08 -5.404e-09 -4.409e-09 -3.807e-09 -3.373e-09 -3.063e-09 -2.829e-09 -2.637e-09 -2.471e-09 -2.317e-09 -2.167e-09 -2.016e-09 -1.859e-09 -1.694e-09 -1.517e-09 -1.325e-09 -1.117e-09 -8.919e-10 -6.473e-10 -3.824e-10 -9.588e-11  2.131e-10  5.453e-10  9.013e-10  1.281e-09  1.684e-09  2.108e-09  2.546e-09  2.990e-09  3.421e-09  3.815e-09  4.134e-09  4.326e-09  4.325e-09  4.054e-09  3.431e-09  2.385e-09  8.824e-10 -1.033e-09 -3.180e-09 -5.165e-09 -6.272e-09 -5.339e-09 -5.977e-10  1.052e-08  3.165e-08  6.782e-08  1.261e-07  2.162e-07 	
 9.552e-09 -2.057e-08 -5.670e-09 -4.642e-09 -4.017e-09 -3.563e-09 -3.234e-09 -2.980e-09 -2.767e-09 -2.575e-09 -2.392e-09 -2.209e-09 -2.019e-09 -1.819e-09 -1.603e-09 -1.369e-09 -1.114e-09 -8.355e-10 -5.316e-10 -2.006e-10  1.593e-10  5.494e-10  9.711e-10  1.426e-09  1.914e-09  2.436e-09  2.991e-09  3.577e-09  4.188e-09  4.814e-09  5.438e-09  6.031e-09  6.554e-09  6.952e-09  7.154e-09  7.078e-09  6.637e-09  5.755e-09  4.396e-09  2.607e-09  5.819e-10 -1.256e-09 -2.141e-09 -8.273e-10  4.582e-09  1.685e-08  3.985e-08  7.903e-08  1.419e-07  2.391e-07 	
 9.398e-09 -2.126e-08 -5.975e-09 -4.907e-09 -4.251e-09 -3.768e-09 -3.409e-09 -3.119e-09 -2.865e-09 -2.623e-09 -2.380e-09 -2.126e-09 -1.853e-09 -1.554e-09 -1.225e-09 -8.616e-10 -4.591e-10 -1.417e-11  4.764e-10  1.016e-09  1.606e-09  2.251e-09  2.952e-09  3.712e-09  4.534e-09  5.417e-09  6.364e-09  7.371e-09  8.435e-09  9.546e-09  1.068e-08  1.182e-08  1.292e-08  1.392e-08  1.474e-08  1.530e-08  1.551e-08  1.528e-08  1.457e-08  1.345e-08  1.211e-08  1.100e-08  1.096e-08  1.331e-08  2.007e-08  3.419e-08  5.982e-08  1.027e-07  1.709e-07  2.756e-07 	
 9.264e-09 -2.206e-08 -6.326e-09 -5.215e-09 -4.527e-09 -4.014e-09 -3.626e-09 -3.304e-09 -3.013e-09 -2.728e-09 -2.435e-09 -2.121e-09 -1.779e-09 -1.401e-09 -9.819e-10 -5.156e-10  2.430e-12  5.764e-10  1.210e-09  1.908e-09  2.673e-09  3.508e-09  4.417e-09  5.403e-09  6.468e-09  7.615e-09  8.844e-09  1.015e-08  1.154e-08  1.299e-08  1.449e-08  1.601e-08  1.750e-08  1.890e-08  2.012e-08  2.109e-08  2.168e-08  2.183e-08  2.148e-08  2.070e-08  1.970e-08  1.899e-08  1.946e-08  2.255e-08  3.046e-08  4.640e-08  7.488e-08  1.222e-07  1.970e-07  3.117e-07 	
 9.150e-09 -2.301e-08 -6.728e-09 -5.567e-09 -4.839e-09 -4.288e-09 -3.859e-09 -3.492e-09 -3.146e-09 -2.796e-09 -2.424e-09 -2.019e-09 -1.568e-09 -1.065e-09 -5.006e-10  1.312e-10  8.368e-10  1.622e-09  2.492e-09  3.452e-09  4.507e-09  5.661e-09  6.920e-09  8.287e-09  9.766e-09  1.136e-08  1.308e-08  1.491e-08  1.685e-08  1.890e-08  2.103e-08  2.322e-08  2.541e-08  2.753e-08  2.951e-08  3.123e-08  3.260e-08  3.351e-08  3.393e-08  3.392e-08  3.373e-08  3.389e-08  3.539e-08  3.980e-08  4.953e-08  6.806e-08  1.003e-07  1.531e-07  2.360e-07  3.624e-07 	
 9.055e-09 -2.412e-08 -7.190e-09 -5.967e-09 -5.185e-09 -4.579e-09 -4.089e-09 -3.649e-09 -3.215e-09 -2.759e-09 -2.260e-09 -1.704e-09 -1.077e-09 -3.679e-10  4.320e-10  1.332e-09  2.342e-09  3.468e-09  4.718e-09  6.101e-09  7.622e-09  9.288e-09  1.111e-08  1.309e-08  1.523e-08  1.754e-08  2.003e-08  2.270e-08  2.553e-08  2.854e-08  3.168e-08  3.494e-08  3.826e-08  4.156e-08  4.477e-08  4.776e-08  5.042e-08  5.265e-08  5.441e-08  5.578e-08  5.702e-08  5.874e-08  6.200e-08  6.856e-08  8.104e-08  1.033e-07  1.407e-07  2.008e-07  2.939e-07  4.348e-07 	
 8.978e-09 -2.541e-08 -7.719e-09 -6.418e-09 -5.560e-09 -4.867e-09 -4.273e-09 -3.705e-09 -3.114e-09 -2.466e-09 -1.735e-09 -9.038e-10  4.575e-11  1.128e-09  2.357e-09  3.745e-09  5.305e-09  7.047e-09  8.984e-09  1.113e-08  1.348e-08  1.607e-08  1.889e-08  2.195e-08  2.527e-08  2.886e-08  3.272e-08  3.685e-08  4.126e-08  4.594e-08  5.087e-08  5.602e-08  6.133e-08  6.673e-08  7.212e-08  7.738e-08  8.239e-08  8.704e-08  9.130e-08  9.523e-08  9.915e-08  1.037e-07  1.101e-07  1.202e-07  1.370e-07  1.647e-07  2.092e-07  2.789e-07  3.853e-07  5.448e-07 	
 8.916e-09 -2.694e-08 -8.325e-09 -6.921e-09 -5.952e-09 -5.120e-09 -4.351e-09 -3.560e-09 -2.686e-09 -1.685e-09 -5.248e-10  8.242e-10  2.387e-09  4.189e-09  6.250e-09  8.593e-09  1.124e-08  1.421e-08  1.752e-08  2.119e-08  2.525e-08  2.971e-08  3.458e-08  3.990e-08  4.567e-08  5.191e-08  5.864e-08  6.588e-08  7.363e-08  8.188e-08  9.063e-08  9.985e-08  1.095e-07  1.195e-07  1.297e-07  1.400e-07  1.503e-07  1.606e-07  1.706e-07  1.806e-07  1.908e-07  2.020e-07  2.155e-07  2.333e-07  2.586e-07  2.959e-07  3.515e-07  4.342e-07  5.563e-07  7.349e-07 	
 8.864e-09 -2.874e-08 -9.039e-09 -7.526e-09 -6.435e-09 -5.458e-09 -4.507e-09 -3.489e-09 -2.331e-09 -9.828e-10  5.980e-10  2.448e-09  4.599e-09  7.083e-09  9.929e-09  1.316e-08  1.682e-08  2.092e-08  2.549e-08  3.056e-08  3.615e-08  4.229e-08  4.901e-08  5.632e-08  6.427e-08  7.286e-08  8.212e-08  9.207e-08  1.027e-07  1.141e-07  1.261e-07  1.389e-07  1.522e-07  1.661e-07  1.804e-07  1.950e-07  2.097e-07  2.246e-07  2.394e-07  2.543e-07  2.697e-07  2.864e-07  3.059e-07  3.305e-07  3.638e-07  4.108e-07  4.789e-07  5.780e-07  7.221e-07  9.309e-07 	
 8.804e-09 -3.089e-08 -9.870e-09 -8.220e-09 -6.963e-09 -5.776e-09 -4.559e-09 -3.201e-09 -1.616e-09  2.617e-10  2.486e-09  5.105e-09  8.165e-09  1.171e-08  1.577e-08  2.041e-08  2.564e-08  3.152e-08  3.807e-08  4.535e-08  5.338e-08  6.220e-08  7.186e-08  8.238e-08  9.380e-08  1.062e-07  1.195e-07  1.338e-07  1.492e-07  1.656e-07  1.830e-07  2.014e-07  2.208e-07  2.411e-07  2.622e-07  2.838e-07  3.060e-07  3.285e-07  3.513e-07  3.746e-07  3.989e-07  4.249e-07  4.545e-07  4.902e-07  5.361e-07  5.979e-07  6.838e-07  8.052e-07  9.776e-07  1.223e-06 	
 8.701e-09 -3.348e-08 -1.084e-08 -9.005e-09 -7.508e-09 -6.002e-09 -4.370e-09 -2.476e-09 -2.135e-10  2.505e-09  5.753e-09  9.600e-09  1.411e-08  1.934e-08  2.536e-08  3.222e-08  3.998e-08  4.869e-08  5.842e-08  6.922e-08  8.115e-08  9.426e-08  1.086e-07  1.242e-07  1.412e-07  1.596e-07  1.795e-07  2.008e-07  2.237e-07  2.481e-07  2.741e-07  3.017e-07  3.308e-07  3.613e-07  3.932e-07  4.263e-07  4.604e-07  4.954e-07  5.313e-07  5.682e-07  6.068e-07  6.480e-07  6.938e-07  7.471e-07  8.125e-07  8.965e-07  1.008e-06  1.161e-06  1.371e-06  1.665e-06 	
 8.479e-09 -3.668e-08 -1.197e-08 -9.885e-09 -8.035e-09 -6.048e-09 -3.779e-09 -1.057e-09  2.255e-09  6.277e-09  1.111e-08  1.686e-08  2.361e-08  3.146e-08  4.050e-08  5.080e-08  6.246e-08  7.557e-08  9.020e-08  1.064e-07  1.244e-07  1.441e-07  1.657e-07  1.893e-07  2.148e-07  2.425e-07  2.724e-07  3.045e-07  3.390e-07  3.759e-07  4.151e-07  4.568e-07  5.009e-07  5.473e-07  5.960e-07  6.467e-07  6.994e-07  7.539e-07  8.102e-07  8.685e-07  9.296e-07  9.945e-07  1.065e-06  1.146e-06  1.241e-06  1.358e-06  1.508e-06  1.705e-06  1.968e-06  2.327e-06 	
 7.982e-09 -4.074e-08 -1.332e-08 -1.085e-08 -8.479e-09 -5.758e-09 -2.504e-09  1.502e-09  6.447e-09  1.250e-08  1.980e-08  2.851e-08  3.875e-08  5.067e-08  6.439e-08  8.005e-08  9.777e-08  1.177e-07  1.400e-07  1.647e-07  1.920e-07  2.220e-07  2.548e-07  2.906e-07  3.295e-07  3.717e-07  4.171e-07  4.661e-07  5.186e-07  5.747e-07  6.346e-07  6.983e-07  7.657e-07  8.368e-07  9.116e-07  9.900e-07  1.072e-06  1.157e-06  1.245e-06  1.337e-06  1.434e-06  1.536e-06  1.646e-06  1.769e-06  1.910e-06  2.078e-06  2.283e-06  2.544e-06  2.881e-06  3.327e-06 	
 6.912e-09 -4.613e-08 -1.501e-08 -1.190e-08 -8.719e-09 -4.869e-09 -8.791e-11  5.918e-09  1.341e-08  2.263e-08  3.379e-08  4.711e-08  6.279e-08  8.105e-08  1.021e-07  1.261e-07  1.533e-07  1.838e-07  2.179e-07  2.558e-07  2.977e-07  3.437e-07  3.941e-07  4.490e-07  5.087e-07  5.733e-07  6.430e-07  7.181e-07  7.986e-07  8.849e-07  9.768e-07  1.075e-06  1.178e-06  1.288e-06  1.404e-06  1.525e-06  1.653e-06  1.785e-06  1.924e-06  2.069e-06  2.221e-06  2.382e-06  2.555e-06  2.743e-06  2.955e-06  3.199e-06  3.488e-06  3.841e-06  4.284e-06  4.851e-06 	
 4.755e-09 -5.366e-08 -1.733e-08 -1.304e-08 -8.569e-09 -2.957e-09  4.207e-09  1.334e-08  2.482e-08  3.899e-08  5.619e-08  7.674e-08  1.009e-07  1.291e-07  1.616e-07  1.987e-07  2.406e-07  2.878e-07  3.405e-07  3.990e-07  4.636e-07  5.347e-07  6.125e-07  6.973e-07  7.894e-07  8.892e-07  9.969e-07  1.113e-06  1.237e-06  1.371e-06  1.513e-06  1.664e-06  1.825e-06  1.995e-06  2.175e-06  2.364e-06  2.563e-06  2.771e-06  2.989e-06  3.217e-06  3.457e-06  3.711e-06  3.981e-06  4.272e-06  4.593e-06  4.954e-06  5.369e-06  5.859e-06  6.451e-06  7.183e-06 	
 7.328e-10 -6.476e-08 -2.111e-08 -1.452e-08 -7.849e-09  5.739e-10  1.147e-08  2.548e-08  4.317e-08  6.506e-08  9.166e-08  1.234e-07  1.609e-07  2.045e-07  2.548e-07  3.122e-07  3.772e-07  4.502e-07  5.317e-07  6.223e-07  7.223e-07  8.323e-07  9.527e-07  1.084e-06  1.227e-06  1.381e-06  1.548e-06  1.727e-06  1.920e-06  2.126e-06  2.347e-06  2.581e-06  2.831e-06  3.095e-06  3.375e-06  3.669e-06  3.980e-06  4.306e-06  4.648e-06  5.007e-06  5.384e-06  5.782e-06  6.204e-06  6.656e-06  7.147e-06  7.686e-06  8.290e-06  8.980e-06  9.787e-06  1.075e-05 	
-6.014e-09 -8.171e-08 -2.822e-08 -1.730e-08 -6.721e-09  6.346e-09  2.319e-08  4.485e-08  7.221e-08  1.061e-07  1.472e-07  1.964e-07  2.544e-07  3.219e-07  3.997e-07  4.885e-07  5.890e-07  7.020e-07  8.282e-07  9.682e-07  1.123e-06  1.293e-06  1.479e-06  1.682e-06  1.903e-06  2.142e-06  2.400e-06  2.677e-06  2.975e-06  3.295e-06  3.635e-06  3.999e-06  4.385e-06  4.795e-06  5.229e-06  5.687e-06  6.170e-06  6.678e-06  7.213e-06  7.774e-06  8.365e-06  8.988e-06  9.646e-06  1.035e-05  1.110e-05  1.191e-05  1.279e-05  1.378e-05  1.490e-05  1.618e-05 	
-1.550e-08 -1.074e-07 -4.251e-08 -2.423e-08 -6.720e-09  1.426e-08  4.087e-08  7.479e-08  1.174e-07  1.701e-07  2.340e-07  3.103e-07  4.002e-07  5.049e-07  6.254e-07  7.629e-07  9.186e-07  1.094e-06  1.289e-06  1.506e-06  1.745e-06  2.009e-06  2.297e-06  2.611e-06  2.953e-06  3.323e-06  3.722e-06  4.152e-06  4.613e-06  5.108e-06  5.636e-06  6.198e-06  6.797e-06  7.433e-06  8.106e-06  8.818e-06  9.570e-06  1.036e-05  1.120e-05  1.208e-05  1.300e-05  1.397e-05  1.500e-05  1.608e-05  1.723e-05  1.846e-05  1.978e-05  2.120e-05  2.276e-05  2.449e-05 	
-2.385e-08 -1.430e-07 -6.951e-08 -4.133e-08 -1.282e-08  2.121e-08  6.386e-08  1.176e-07  1.848e-07  2.672e-07  3.670e-07  4.859e-07  6.257e-07  7.882e-07  9.752e-07  1.189e-06  1.430e-06  1.701e-06  2.004e-06  2.340e-06  2.711e-06  3.119e-06  3.565e-06  4.052e-06  4.581e-06  5.154e-06  5.772e-06  6.437e-06  7.152e-06  7.917e-06  8.735e-06  9.607e-06  1.054e-05  1.152e-05  1.257e-05  1.367e-05  1.484e-05  1.608e-05  1.738e-05  1.875e-05  2.019e-05  2.171e-05  2.331e-05  2.499e-05  2.676e-05  2.862e-05  3.058e-05  3.266e-05  3.485e-05  3.719e-05 	
-1.479e-08 -1.797e-07 -1.100e-07 -7.453e-08 -3.283e-08  1.978e-08  8.689e-08  1.718e-07  2.777e-07  4.076e-07  5.642e-07  7.505e-07  9.692e-07  1.223e-06  1.515e-06  1.847e-06  2.223e-06  2.645e-06  3.116e-06  3.639e-06  4.215e-06  4.849e-06  5.543e-06  6.299e-06  7.120e-06  8.008e-06  8.968e-06  1.000e-05  1.111e-05  1.230e-05  1.357e-05  1.492e-05  1.636e-05  1.789e-05  1.952e-05  2.124e-05  2.306e-05  2.499e-05  2.702e-05  2.917e-05  3.142e-05  3.380e-05  3.629e-05  3.891e-05  4.163e-05  4.447e-05  4.742e-05  5.045e-05  5.355e-05  5.670e-05 	
 6.300e-08 -1.745e-07 -1.329e-07 -1.034e-07 -5.439e-08  1.744e-08  1.157e-07  2.443e-07  4.076e-07  6.096e-07  8.546e-07  1.147e-06  1.490e-06  1.890e-06  2.349e-06  2.872e-06  3.463e-06  4.127e-06  4.867e-06  5.688e-06  6.594e-06  7.590e-06  8.678e-06  9.865e-06  1.115e-05  1.255e-05  1.405e-05  1.567e-05  1.741e-05  1.927e-05  2.126e-05  2.339e-05  2.565e-05  2.805e-05  3.061e-05  3.331e-05  3.618e-05  3.922e-05  4.243e-05  4.582e-05  4.939e-05  5.314e-05  5.706e-05  6.115e-05  6.538e-05  6.973e-05  7.414e-05  7.855e-05  8.287e-05  8.699e-05 	
 3.566e-07  7.017e-09  1.569e-09  1.259e-08  6.122e-08  1.509e-07  2.862e-07  4.728e-07  7.168e-07  1.024e-06  1.402e-06  1.857e-06  2.394e-06  3.022e-06  3.746e-06  4.573e-06  5.510e-06  6.564e-06  7.741e-06  9.048e-06  1.049e-05  1.208e-05  1.382e-05  1.571e-05  1.777e-05  2.000e-05  2.241e-05  2.501e-05  2.779e-05  3.078e-05  3.397e-05  3.738e-05  4.102e-05  4.488e-05  4.900e-05  5.336e-05  5.799e-05  6.289e-05  6.807e-05  7.354e-05  7.928e-05  8.529e-05  9.153e-05  9.797e-05  1.045e-04  1.111e-04  1.175e-04  1.236e-04  1.291e-04  1.338e-04 	
 1.278e-06  7.281e-07  7.053e-07  7.480e-07  8.541e-07  1.025e-06  1.268e-06  1.591e-06  2.002e-06  2.512e-06  3.129e-06  3.865e-06  4.729e-06  5.731e-06  6.881e-06  8.190e-06  9.667e-06  1.132e-05  1.317e-05  1.521e-05  1.747e-05  1.994e-05  2.264e-05  2.559e-05  2.878e-05  3.224e-05  3.596e-05  3.997e-05  4.427e-05  4.887e-05  5.378e-05  5.901e-05  6.458e-05  7.049e-05  7.675e-05  8.338e-05  9.038e-05  9.777e-05  1.055e-04  1.137e-04  1.222e-04  1.310e-04  1.401e-04  1.494e-04  1.587e-04  1.677e-04  1.762e-04  1.835e-04  1.890e-04  1.914e-04 	
