 1.496e-02  1.253e-02  9.705e-03  7.865e-03  6.555e-03  5.521e-03  4.655e-03  3.962e-03  3.379e-03  2.886e-03  2.468e-03  2.112e-03  1.808e-03  1.548e-03  1.326e-03  1.137e-03  9.767e-04  8.392e-04  7.212e-04  6.198e-04  5.327e-04  4.579e-04  3.936e-04  3.382e-04  2.913e-04  2.542e-04  2.181e-04  1.870e-04  1.603e-04  1.373e-04  1.175e-04  1.005e-04  8.588e-05  7.331e-05  6.250e-05  5.320e-05  4.520e-05  3.832e-05  3.240e-05  2.731e-05  2.292e-05  1.915e-05  1.590e-05  1.310e-05  1.069e-05  8.607e-06  6.806e-06  5.247e-06  3.911e-06  2.824e-06 	
 2.184e-02  1.827e-02  1.414e-02  1.145e-02  9.544e-03  8.038e-03  6.777e-03  5.768e-03  4.919e-03  4.202e-03  3.593e-03  3.075e-03  2.632e-03  2.254e-03  1.930e-03  1.656e-03  1.422e-03  1.222e-03  1.050e-03  9.026e-04  7.758e-04  6.668e-04  5.731e-04  4.925e-04  4.243e-04  3.702e-04  3.176e-04  2.723e-04  2.334e-04  1.999e-04  1.711e-04  1.464e-04  1.251e-04  1.068e-04  9.102e-05  7.747e-05  6.582e-05  5.580e-05  4.718e-05  3.977e-05  3.338e-05  2.789e-05  2.316e-05  1.908e-05  1.557e-05  1.253e-05  9.911e-06  7.642e-06  5.697e-06  4.113e-06 	
 3.194e-02  2.669e-02  2.061e-02  1.668e-02  1.390e-02  1.170e-02  9.866e-03  8.397e-03  7.162e-03  6.117e-03  5.231e-03  4.476e-03  3.833e-03  3.282e-03  2.811e-03  2.411e-03  2.071e-03  1.780e-03  1.529e-03  1.314e-03  1.130e-03  9.711e-04  8.346e-04  7.172e-04  6.178e-04  5.391e-04  4.625e-04  3.966e-04  3.399e-04  2.911e-04  2.492e-04  2.132e-04  1.822e-04  1.555e-04  1.326e-04  1.128e-04  9.586e-05  8.127e-05  6.871e-05  5.791e-05  4.862e-05  4.062e-05  3.373e-05  2.779e-05  2.267e-05  1.825e-05  1.443e-05  1.113e-05  8.295e-06  5.990e-06 	
 4.687e-02  3.905e-02  3.006e-02  2.430e-02  2.024e-02  1.704e-02  1.436e-02  1.222e-02  1.042e-02  8.905e-03  7.615e-03  6.517e-03  5.580e-03  4.778e-03  4.092e-03  3.510e-03  3.015e-03  2.591e-03  2.227e-03  1.914e-03  1.645e-03  1.414e-03  1.215e-03  1.044e-03  8.997e-04  7.851e-04  6.735e-04  5.775e-04  4.950e-04  4.240e-04  3.629e-04  3.104e-04  2.653e-04  2.264e-04  1.930e-04  1.643e-04  1.396e-04  1.184e-04  1.001e-04  8.434e-05  7.081e-05  5.915e-05  4.912e-05  4.047e-05  3.302e-05  2.658e-05  2.102e-05  1.621e-05  1.208e-05  8.724e-06 	
 6.916e-02  5.735e-02  4.393e-02  3.543e-02  2.947e-02  2.480e-02  2.090e-02  1.779e-02  1.517e-02  1.296e-02  1.108e-02  9.485e-03  8.122e-03  6.955e-03  5.957e-03  5.110e-03  4.390e-03  3.773e-03  3.242e-03  2.787e-03  2.395e-03  2.059e-03  1.770e-03  1.521e-03  1.310e-03  1.143e-03  9.808e-04  8.410e-04  7.208e-04  6.174e-04  5.285e-04  4.521e-04  3.863e-04  3.298e-04  2.811e-04  2.393e-04  2.033e-04  1.724e-04  1.457e-04  1.228e-04  1.031e-04  8.615e-05  7.153e-05  5.894e-05  4.809e-05  3.872e-05  3.061e-05  2.361e-05  1.759e-05  1.271e-05 	
 1.032e-01  8.484e-02  6.439e-02  5.174e-02  4.297e-02  3.613e-02  3.043e-02  2.589e-02  2.208e-02  1.886e-02  1.613e-02  1.380e-02  1.182e-02  1.012e-02  8.670e-03  7.438e-03  6.391e-03  5.492e-03  4.720e-03  4.057e-03  3.488e-03  2.998e-03  2.577e-03  2.215e-03  1.908e-03  1.665e-03  1.428e-03  1.225e-03  1.050e-03  8.991e-04  7.697e-04  6.583e-04  5.626e-04  4.802e-04  4.094e-04  3.485e-04  2.961e-04  2.510e-04  2.122e-04  1.789e-04  1.502e-04  1.255e-04  1.042e-04  8.584e-05  7.003e-05  5.638e-05  4.459e-05  3.438e-05  2.562e-05  1.850e-05 	
 1.576e-01  1.274e-01  9.509e-02  7.586e-02  6.279e-02  5.269e-02  4.433e-02  3.769e-02  3.213e-02  2.744e-02  2.347e-02  2.009e-02  1.720e-02  1.473e-02  1.262e-02  1.082e-02  9.302e-03  7.994e-03  6.871e-03  5.906e-03  5.077e-03  4.365e-03  3.752e-03  3.224e-03  2.778e-03  2.424e-03  2.080e-03  1.783e-03  1.529e-03  1.309e-03  1.121e-03  9.587e-04  8.192e-04  6.993e-04  5.962e-04  5.075e-04  4.312e-04  3.655e-04  3.091e-04  2.605e-04  2.187e-04  1.827e-04  1.517e-04  1.250e-04  1.020e-04  8.211e-05  6.493e-05  5.008e-05  3.732e-05  2.695e-05 	
 2.516e-01  1.979e-01  1.428e-01  1.122e-01  9.225e-02  7.711e-02  6.471e-02  5.494e-02  4.680e-02  3.995e-02  3.415e-02  2.922e-02  2.502e-02  2.143e-02  1.836e-02  1.575e-02  1.354e-02  1.163e-02  1.000e-02  8.596e-03  7.390e-03  6.354e-03  5.462e-03  4.694e-03  4.044e-03  3.530e-03  3.028e-03  2.597e-03  2.226e-03  1.907e-03  1.632e-03  1.396e-03  1.193e-03  1.018e-03  8.682e-04  7.390e-04  6.279e-04  5.323e-04  4.501e-04  3.794e-04  3.185e-04  2.661e-04  2.209e-04  1.821e-04  1.485e-04  1.196e-04  9.456e-05  7.293e-05  5.435e-05  3.925e-05 	
 4.078e-01  3.310e-01  2.229e-01  1.698e-01  1.374e-01  1.138e-01  9.496e-02  8.036e-02  6.830e-02  5.822e-02  4.973e-02  4.253e-02  3.641e-02  3.118e-02  2.671e-02  2.291e-02  1.969e-02  1.693e-02  1.455e-02  1.251e-02  1.076e-02  9.247e-03  7.950e-03  6.833e-03  5.887e-03  5.139e-03  4.409e-03  3.781e-03  3.241e-03  2.776e-03  2.376e-03  2.033e-03  1.737e-03  1.483e-03  1.264e-03  1.076e-03  9.144e-04  7.752e-04  6.555e-04  5.524e-04  4.638e-04  3.875e-04  3.218e-04  2.651e-04  2.163e-04  1.741e-04  1.377e-04  1.062e-04  7.915e-05  5.717e-05 	
 3.257e-01  5.198e-01  3.783e-01  2.708e-01  2.116e-01  1.716e-01  1.413e-01  1.186e-01  1.003e-01  8.518e-02  7.260e-02  6.200e-02  5.302e-02  4.538e-02  3.885e-02  3.333e-02  2.864e-02  2.462e-02  2.117e-02  1.820e-02  1.565e-02  1.346e-02  1.157e-02  9.945e-03  8.569e-03  7.480e-03  6.418e-03  5.504e-03  4.718e-03  4.042e-03  3.460e-03  2.960e-03  2.529e-03  2.159e-03  1.841e-03  1.567e-03  1.331e-03  1.129e-03  9.545e-04  8.045e-04  6.754e-04  5.643e-04  4.686e-04  3.861e-04  3.150e-04  2.536e-04  2.006e-04  1.547e-04  1.153e-04  8.327e-05 	
 2.547e-01  1.381e-01  4.874e-01  4.673e-01  3.514e-01  2.727e-01  2.174e-01  1.790e-01  1.494e-01  1.259e-01  1.067e-01  9.076e-02  7.743e-02  6.615e-02  5.659e-02  4.851e-02  4.168e-02  3.582e-02  3.079e-02  2.647e-02  2.277e-02  1.958e-02  1.683e-02  1.447e-02  1.247e-02  1.089e-02  9.341e-03  8.012e-03  6.868e-03  5.884e-03  5.037e-03  4.309e-03  3.683e-03  3.144e-03  2.680e-03  2.282e-03  1.939e-03  1.644e-03  1.390e-03  1.171e-03  9.835e-04  8.217e-04  6.823e-04  5.623e-04  4.587e-04  3.693e-04  2.921e-04  2.253e-04  1.679e-04  1.213e-04 	
 4.733e-01  2.294e-01  2.083e-01  3.589e-01  5.285e-01  4.675e-01  3.611e-01  2.855e-01  2.313e-01  1.908e-01  1.595e-01  1.344e-01  1.139e-01  9.693e-02  8.268e-02  7.075e-02  6.071e-02  5.214e-02  4.480e-02  3.851e-02  3.311e-02  2.848e-02  2.448e-02  2.105e-02  1.814e-02  1.584e-02  1.359e-02  1.166e-02  9.995e-03  8.564e-03  7.332e-03  6.272e-03  5.361e-03  4.577e-03  3.902e-03  3.322e-03  2.823e-03  2.393e-03  2.024e-03  1.706e-03  1.432e-03  1.196e-03  9.936e-04  8.187e-04  6.680e-04  5.378e-04  4.253e-04  3.281e-04  2.445e-04  1.767e-04 	
 4.113e-01  1.511e-01  2.796e-01  2.660e-01  2.742e-01  3.923e-01  5.298e-01  4.859e-01  3.877e-01  3.075e-01  2.488e-01  2.049e-01  1.710e-01  1.439e-01  1.219e-01  1.038e-01  8.878e-02  7.609e-02  6.530e-02  5.608e-02  4.819e-02  4.143e-02  3.562e-02  3.062e-02  2.639e-02  2.305e-02  1.978e-02  1.696e-02  1.454e-02  1.246e-02  1.067e-02  9.129e-03  7.803e-03  6.662e-03  5.680e-03  4.836e-03  4.109e-03  3.484e-03  2.946e-03  2.483e-03  2.085e-03  1.742e-03  1.447e-03  1.192e-03  9.727e-04  7.832e-04  6.194e-04  4.778e-04  3.562e-04  2.574e-04 	
 5.957e-01  1.032e-01  1.407e-01  3.810e-01  3.105e-01  2.944e-01  3.000e-01  3.864e-01  5.161e-01  5.130e-01  4.210e-01  3.346e-01  2.696e-01  2.210e-01  1.838e-01  1.546e-01  1.312e-01  1.118e-01  9.561e-02  8.191e-02  7.027e-02  6.034e-02  5.184e-02  4.455e-02  3.839e-02  3.353e-02  2.877e-02  2.468e-02  2.116e-02  1.813e-02  1.553e-02  1.328e-02  1.135e-02  9.695e-03  8.267e-03  7.038e-03  5.981e-03  5.071e-03  4.289e-03  3.615e-03  3.035e-03  2.536e-03  2.106e-03  1.736e-03  1.416e-03  1.140e-03  9.020e-04  6.959e-04  5.188e-04  3.751e-04 	
 6.929e-01  4.023e-01  1.272e-01  5.616e-02  2.284e-01  4.085e-01  3.393e-01  3.172e-01  3.079e-01  3.616e-01  4.851e-01  5.326e-01  4.582e-01  3.659e-01  2.933e-01  2.397e-01  1.992e-01  1.674e-01  1.418e-01  1.207e-01  1.030e-01  8.822e-02  7.565e-02  6.492e-02  5.590e-02  4.882e-02  4.187e-02  3.591e-02  3.078e-02  2.637e-02  2.258e-02  1.932e-02  1.652e-02  1.410e-02  1.203e-02  1.024e-02  8.704e-03  7.381e-03  6.242e-03  5.262e-03  4.418e-03  3.692e-03  3.066e-03  2.527e-03  2.062e-03  1.661e-03  1.314e-03  1.013e-03  7.558e-04  5.468e-04 	
 6.781e-01  4.995e-01  5.190e-01  7.572e-02  1.687e-01  9.430e-02  2.588e-01  4.118e-01  3.755e-01  3.353e-01  3.166e-01  3.417e-01  4.430e-01  5.346e-01  4.943e-01  4.020e-01  3.228e-01  2.627e-01  2.171e-01  1.817e-01  1.534e-01  1.303e-01  1.111e-01  9.503e-02  8.164e-02  7.123e-02  6.102e-02  5.228e-02  4.479e-02  3.837e-02  3.285e-02  2.811e-02  2.403e-02  2.052e-02  1.750e-02  1.490e-02  1.266e-02  1.074e-02  9.082e-03  7.657e-03  6.430e-03  5.373e-03  4.463e-03  3.678e-03  3.002e-03  2.418e-03  1.913e-03  1.476e-03  1.101e-03  7.974e-04 	
 7.089e-01  3.474e-01  6.237e-01  5.375e-01  2.490e-01  4.388e-02  1.754e-01  1.156e-01  2.501e-01  3.828e-01  4.279e-01  3.524e-01  3.286e-01  3.317e-01  4.027e-01  5.134e-01  5.257e-01  4.450e-01  3.577e-01  2.891e-01  2.374e-01  1.977e-01  1.663e-01  1.408e-01  1.202e-01  1.046e-01  8.927e-02  7.632e-02  6.529e-02  5.587e-02  4.780e-02  4.088e-02  3.494e-02  2.983e-02  2.544e-02  2.166e-02  1.841e-02  1.562e-02  1.321e-02  1.114e-02  9.354e-03  7.817e-03  6.494e-03  5.353e-03  4.369e-03  3.519e-03  2.785e-03  2.150e-03  1.605e-03  1.164e-03 	
 7.613e-01  6.099e-01  3.888e-01  5.940e-01  5.584e-01  4.920e-01  1.988e-01  8.674e-04  1.157e-01  2.654e-01  2.253e-01  3.431e-01  4.542e-01  3.749e-01  3.438e-01  3.304e-01  3.658e-01  4.672e-01  5.374e-01  4.881e-01  3.975e-01  3.196e-01  2.605e-01  2.155e-01  1.810e-01  1.560e-01  1.320e-01  1.122e-01  9.562e-02  8.160e-02  6.969e-02  5.954e-02  5.084e-02  4.339e-02  3.699e-02  3.150e-02  2.677e-02  2.270e-02  1.921e-02  1.620e-02  1.360e-02  1.137e-02  9.446e-03  7.788e-03  6.357e-03  5.122e-03  4.054e-03  3.131e-03  2.339e-03  1.699e-03 	
 7.633e-01  5.521e-01  5.405e-01  2.478e-01  5.633e-01  6.476e-01  5.579e-01  4.387e-01  2.294e-01 -1.093e-04  8.218e-02  2.907e-01  1.737e-01  3.074e-01  4.375e-01  4.184e-01  3.589e-01  3.348e-01  3.421e-01  4.146e-01  5.185e-01  5.232e-01  4.409e-01  3.543e-01  2.878e-01  2.423e-01  2.008e-01  1.681e-01  1.418e-01  1.202e-01  1.022e-01  8.700e-02  7.414e-02  6.319e-02  5.382e-02  4.580e-02  3.891e-02  3.300e-02  2.791e-02  2.354e-02  1.977e-02  1.653e-02  1.373e-02  1.133e-02  9.247e-03  7.453e-03  5.902e-03  4.561e-03  3.412e-03  2.485e-03 	
 7.782e-01  6.230e-01  5.505e-01  6.576e-01  3.692e-01  2.641e-01  6.080e-01  6.219e-01  5.148e-01  5.197e-01  2.570e-01  1.497e-01  5.658e-02  2.210e-01  1.799e-01  2.726e-01  3.874e-01  4.618e-01  3.768e-01  3.457e-01  3.333e-01  3.717e-01  4.737e-01  5.378e-01  4.862e-01  4.079e-01  3.261e-01  2.642e-01  2.173e-01  1.810e-01  1.520e-01  1.284e-01  1.088e-01  9.238e-02  7.849e-02  6.668e-02  5.660e-02  4.796e-02  4.056e-02  3.419e-02  2.872e-02  2.401e-02  1.996e-02  1.646e-02  1.344e-02  1.084e-02  8.590e-03  6.645e-03  4.979e-03  3.641e-03 	
 7.876e-01  6.378e-01  6.652e-01  5.181e-01  6.608e-01  5.811e-01  2.885e-01  3.898e-01  6.260e-01  5.578e-01  6.667e-01  5.173e-01  3.630e-01  1.258e-01 -2.568e-02  1.365e-01  3.151e-01  2.139e-01  3.313e-01  4.499e-01  4.153e-01  3.597e-01  3.361e-01  3.459e-01  4.174e-01  5.038e-01  5.282e-01  4.483e-01  3.584e-01  2.878e-01  2.349e-01  1.944e-01  1.624e-01  1.366e-01  1.153e-01  9.752e-02  8.253e-02  6.981e-02  5.896e-02  4.967e-02  4.171e-02  3.487e-02  2.898e-02  2.391e-02  1.954e-02  1.576e-02  1.250e-02  9.683e-03  7.273e-03  5.350e-03 	
 7.936e-01  6.599e-01  5.703e-01  6.926e-01  4.596e-01  5.953e-01  6.465e-01  5.169e-01  3.766e-01  4.131e-01  5.277e-01  4.134e-01  7.055e-01  5.274e-01  2.889e-01  1.691e-01  1.483e-01  8.343e-02  2.597e-01  1.677e-01  2.826e-01  3.975e-01  4.619e-01  3.770e-01  3.455e-01  3.225e-01  3.548e-01  4.591e-01  5.368e-01  4.864e-01  3.924e-01  3.129e-01  2.531e-01  2.079e-01  1.726e-01  1.444e-01  1.213e-01  1.021e-01  8.594e-02  7.225e-02  6.059e-02  5.062e-02  4.206e-02  3.471e-02  2.837e-02  2.291e-02  1.819e-02  1.411e-02  1.064e-02  7.892e-03 	
 7.984e-01  6.804e-01  6.115e-01  5.951e-01  4.737e-01  6.541e-01  4.312e-01  6.017e-01  7.135e-01  5.875e-01  3.357e-01  3.369e-01  3.434e-01  6.305e-01  6.364e-01  4.819e-01  5.055e-01  2.670e-01  1.176e-01 -3.691e-03  1.526e-01  3.145e-01  2.244e-01  3.401e-01  4.523e-01  4.176e-01  3.539e-01  3.305e-01  3.384e-01  4.161e-01  5.234e-01  5.168e-01  4.264e-01  3.385e-01  2.713e-01  2.209e-01  1.821e-01  1.513e-01  1.263e-01  1.056e-01  8.825e-02  7.357e-02  6.106e-02  5.036e-02  4.118e-02  3.327e-02  2.646e-02  2.059e-02  1.559e-02  1.171e-02 	
 8.021e-01  7.202e-01  6.887e-01  6.309e-01  6.088e-01  5.379e-01  5.092e-01  6.489e-01  4.899e-01  3.880e-01  4.955e-01  4.600e-01  3.875e-01  2.465e-01  4.670e-01  6.505e-01  5.498e-01  6.226e-01  5.135e-01  3.655e-01  1.487e-01  1.278e-01  9.139e-02  2.730e-01  1.652e-01  2.523e-01  3.682e-01  4.577e-01  3.739e-01  3.447e-01  3.363e-01  3.866e-01  4.971e-01  5.351e-01  4.575e-01  3.628e-01  2.881e-01  2.323e-01  1.899e-01  1.566e-01  1.296e-01  1.074e-01  8.884e-02  7.314e-02  5.976e-02  4.832e-02  3.849e-02  3.006e-02  2.292e-02  1.749e-02 	
 8.048e-01  7.313e-01  6.916e-01  6.747e-01  6.379e-01  4.938e-01  6.199e-01  4.393e-01  5.912e-01  5.447e-01  5.291e-01  5.303e-01  6.019e-01  6.033e-01  4.812e-01  3.730e-01  4.382e-01  4.612e-01  6.308e-01  6.590e-01  4.268e-01  5.026e-01  2.433e-01  1.192e-01  2.668e-03  1.076e-01  3.072e-01  1.995e-01  3.244e-01  4.509e-01  4.125e-01  3.628e-01  3.446e-01  3.733e-01  4.722e-01  5.419e-01  4.824e-01  3.832e-01  3.015e-01  2.407e-01  1.948e-01  1.590e-01  1.303e-01  1.067e-01  8.692e-02  7.023e-02  5.604e-02  4.395e-02  3.383e-02  2.640e-02 	
 8.068e-01  7.557e-01  7.021e-01  6.742e-01  6.034e-01  5.590e-01  6.613e-01  5.819e-01  5.762e-01  6.622e-01  4.428e-01  6.579e-01  4.090e-01  4.486e-01  6.430e-01  6.788e-01  4.910e-01  3.291e-01  2.688e-01  4.394e-01  6.645e-01  5.614e-01  5.089e-01  5.090e-01  3.804e-01  2.119e-01  1.561e-01  7.313e-02  2.514e-01  1.649e-01  2.934e-01  4.217e-01  4.624e-01  3.857e-01  3.608e-01  3.749e-01  4.597e-01  5.436e-01  4.986e-01  3.962e-01  3.087e-01  2.438e-01  1.952e-01  1.575e-01  1.273e-01  1.025e-01  8.178e-02  6.443e-02  5.017e-02  4.030e-02 	
 8.083e-01  7.846e-01  7.454e-01  7.383e-01  7.105e-01  6.362e-01  5.802e-01  5.853e-01  5.903e-01  5.188e-01  5.769e-01  5.022e-01  5.909e-01  5.511e-01  6.367e-01  5.414e-01  5.078e-01  5.632e-01  5.830e-01  4.304e-01  3.771e-01  4.573e-01  4.916e-01  6.222e-01  6.646e-01  5.719e-01  5.117e-01  2.961e-01  1.216e-01  2.896e-03  1.722e-01  3.037e-01  2.660e-01  3.966e-01  4.924e-01  4.180e-01  3.835e-01  3.895e-01  4.653e-01  5.486e-01  5.043e-01  3.977e-01  3.067e-01  2.396e-01  1.896e-01  1.509e-01  1.200e-01  9.487e-02  7.484e-02  6.221e-02 	
 8.094e-01  7.983e-01  7.733e-01  7.413e-01  7.063e-01  6.585e-01  6.879e-01  6.490e-01  6.404e-01  5.618e-01  6.326e-01  6.776e-01  5.893e-01  6.691e-01  4.415e-01  6.194e-01  5.469e-01  4.654e-01  5.219e-01  6.740e-01  6.995e-01  5.087e-01  3.271e-01  2.987e-01  4.423e-01  6.124e-01  5.283e-01  6.906e-01  5.191e-01  3.840e-01  1.352e-01  3.578e-02  1.341e-01  3.354e-01  2.398e-01  3.880e-01  5.088e-01  4.608e-01  4.135e-01  4.174e-01  4.920e-01  5.599e-01  4.958e-01  3.837e-01  2.930e-01  2.270e-01  1.780e-01  1.405e-01  1.122e-01  9.668e-02 	
 8.101e-01  8.007e-01  7.904e-01  7.311e-01  7.017e-01  6.321e-01  6.697e-01  6.416e-01  6.446e-01  6.248e-01  6.078e-01  6.342e-01  6.170e-01  6.288e-01  5.187e-01  6.419e-01  5.888e-01  5.533e-01  6.057e-01  6.425e-01  5.141e-01  4.742e-01  5.344e-01  5.567e-01  4.325e-01  3.572e-01  3.963e-01  4.233e-01  6.302e-01  6.634e-01  4.284e-01  4.929e-01  1.830e-01  1.560e-01  1.111e-01  3.246e-01  2.506e-01  4.000e-01  5.317e-01  5.069e-01  4.522e-01  4.622e-01  5.414e-01  5.658e-01  4.656e-01  3.528e-01  2.691e-01  2.098e-01  1.685e-01  1.494e-01 	
 8.106e-01  8.081e-01  7.995e-01  7.516e-01  7.292e-01  7.135e-01  6.426e-01  6.736e-01  6.458e-01  6.447e-01  6.545e-01  6.095e-01  6.184e-01  6.333e-01  5.702e-01  5.740e-01  4.903e-01  5.351e-01  6.867e-01  4.085e-01  6.218e-01  4.944e-01  4.772e-01  5.443e-01  6.779e-01  6.304e-01  4.719e-01  3.396e-01  2.344e-01  4.427e-01  6.750e-01  5.908e-01  6.556e-01  4.898e-01  2.821e-01  1.169e-01  8.275e-02  3.409e-01  3.211e-01  4.400e-01  5.728e-01  5.514e-01  5.017e-01  5.339e-01  5.979e-01  5.363e-01  4.119e-01  3.141e-01  2.503e-01  2.240e-01 	
 8.109e-01  8.133e-01  8.101e-01  7.884e-01  7.481e-01  7.225e-01  6.778e-01  6.906e-01  6.619e-01  6.440e-01  6.576e-01  6.384e-01  6.613e-01  5.825e-01  6.227e-01  6.014e-01  5.846e-01  5.425e-01  5.477e-01  4.554e-01  6.205e-01  6.209e-01  5.361e-01  6.273e-01  6.394e-01  5.621e-01  5.297e-01  5.855e-01  5.957e-01  4.406e-01  3.727e-01  4.960e-01  6.073e-01  4.684e-01  7.023e-01  4.696e-01  3.059e-01  1.046e-01  9.106e-02  4.068e-01  4.043e-01  5.193e-01  6.303e-01  5.933e-01  5.740e-01  6.301e-01  5.899e-01  4.608e-01  3.601e-01  3.163e-01 	
 8.110e-01  8.161e-01  8.196e-01  8.004e-01  7.628e-01  7.267e-01  6.912e-01  6.855e-01  6.510e-01  6.498e-01  6.352e-01  6.637e-01  6.422e-01  6.510e-01  6.252e-01  6.550e-01  6.544e-01  5.147e-01  6.442e-01  5.013e-01  5.842e-01  4.853e-01  5.470e-01  6.675e-01  4.178e-01  5.710e-01  5.484e-01  4.665e-01  5.072e-01  6.768e-01  7.121e-01  5.481e-01  3.599e-01  4.550e-01  4.942e-01  6.566e-01  7.069e-01  3.934e-01  2.273e-01  1.539e-01  1.965e-01  5.189e-01  5.098e-01  6.360e-01  6.846e-01  6.471e-01  6.818e-01  6.235e-01  4.877e-01  4.101e-01 	
 8.111e-01  8.175e-01  8.272e-01  8.126e-01  7.817e-01  7.455e-01  7.228e-01  7.018e-01  6.789e-01  6.570e-01  6.387e-01  6.570e-01  6.643e-01  6.249e-01  6.440e-01  6.301e-01  6.080e-01  6.142e-01  5.669e-01  5.652e-01  6.446e-01  5.422e-01  5.304e-01  5.577e-01  4.995e-01  6.480e-01  5.362e-01  5.373e-01  5.936e-01  6.432e-01  4.578e-01  4.410e-01  5.304e-01  4.661e-01  3.488e-01  3.662e-01  5.226e-01  7.079e-01  6.925e-01  3.404e-01  1.863e-01  3.018e-01  4.346e-01  6.393e-01  6.646e-01  7.431e-01  7.241e-01  7.317e-01  6.091e-01  4.878e-01 	
 8.110e-01  8.178e-01  8.311e-01  8.254e-01  7.975e-01  7.565e-01  7.305e-01  7.144e-01  6.814e-01  6.477e-01  6.761e-01  6.443e-01  6.469e-01  6.726e-01  6.455e-01  6.258e-01  6.337e-01  6.517e-01  6.239e-01  6.456e-01  5.891e-01  6.542e-01  5.730e-01  5.931e-01  4.804e-01  6.248e-01  5.813e-01  5.714e-01  6.901e-01  4.223e-01  5.902e-01  5.567e-01  5.527e-01  5.361e-01  6.169e-01  5.362e-01  3.588e-01  4.026e-01  6.043e-01  7.371e-01  6.760e-01  2.964e-01  2.646e-01  5.266e-01  6.957e-01  7.500e-01  7.992e-01  7.857e-01  7.054e-01  5.449e-01 	
 8.109e-01  8.177e-01  8.334e-01  8.336e-01  8.138e-01  7.763e-01  7.505e-01  7.254e-01  7.060e-01  6.780e-01  6.883e-01  6.837e-01  6.628e-01  6.751e-01  6.391e-01  6.736e-01  6.793e-01  6.477e-01  6.699e-01  6.297e-01  6.517e-01  5.566e-01  6.308e-01  6.008e-01  5.625e-01  5.253e-01  6.554e-01  5.479e-01  5.541e-01  5.045e-01  5.740e-01  6.457e-01  5.511e-01  6.348e-01  4.483e-01  6.215e-01  6.901e-01  5.411e-01  3.830e-01  5.233e-01  6.727e-01  6.858e-01  5.560e-01  3.910e-01  6.380e-01  7.678e-01  8.301e-01  8.423e-01  7.732e-01  5.845e-01 	
 8.107e-01  8.177e-01  8.347e-01  8.385e-01  8.240e-01  7.981e-01  7.620e-01  7.420e-01  7.094e-01  7.045e-01  6.727e-01  6.886e-01  6.847e-01  6.667e-01  6.545e-01  6.360e-01  6.546e-01  6.215e-01  6.047e-01  5.894e-01  6.327e-01  6.126e-01  6.287e-01  6.463e-01  6.234e-01  6.209e-01  6.191e-01  5.200e-01  6.620e-01  4.963e-01  6.268e-01  5.537e-01  6.622e-01  4.928e-01  5.637e-01  6.773e-01  5.447e-01  5.767e-01  7.119e-01  5.508e-01  4.730e-01  6.936e-01  7.218e-01  5.460e-01  4.956e-01  7.504e-01  8.596e-01  8.826e-01  8.168e-01  6.110e-01 	
 8.105e-01  8.175e-01  8.349e-01  8.422e-01  8.348e-01  8.097e-01  7.822e-01  7.533e-01  7.352e-01  7.187e-01  6.998e-01  6.847e-01  6.947e-01  6.646e-01  6.652e-01  6.743e-01  6.347e-01  6.486e-01  6.496e-01  6.530e-01  6.513e-01  6.554e-01  6.856e-01  6.337e-01  6.374e-01  5.881e-01  6.505e-01  6.212e-01  5.559e-01  5.777e-01  6.583e-01  5.694e-01  6.833e-01  6.090e-01  6.354e-01  6.659e-01  6.157e-01  6.501e-01  6.302e-01  6.437e-01  6.894e-01  5.085e-01  7.047e-01  7.803e-01  6.057e-01  7.016e-01  8.737e-01  9.109e-01  8.457e-01  6.293e-01 	
 8.103e-01  8.173e-01  8.348e-01  8.439e-01  8.418e-01  8.255e-01  7.988e-01  7.722e-01  7.422e-01  7.296e-01  7.020e-01  6.818e-01  6.749e-01  6.883e-01  6.813e-01  6.717e-01  6.632e-01  6.543e-01  6.802e-01  6.419e-01  6.702e-01  6.730e-01  6.164e-01  6.487e-01  6.209e-01  6.223e-01  6.483e-01  6.536e-01  6.265e-01  6.335e-01  5.851e-01  6.377e-01  6.322e-01  6.662e-01  6.494e-01  6.053e-01  6.853e-01  6.703e-01  6.557e-01  6.682e-01  6.603e-01  7.273e-01  6.158e-01  7.566e-01  8.185e-01  6.739e-01  8.780e-01  9.315e-01  8.661e-01  6.425e-01 	
 8.101e-01  8.172e-01  8.347e-01  8.447e-01  8.460e-01  8.356e-01  8.125e-01  7.852e-01  7.579e-01  7.380e-01  7.242e-01  7.086e-01  6.977e-01  6.775e-01  6.745e-01  6.775e-01  6.491e-01  6.540e-01  6.697e-01  6.419e-01  6.513e-01  6.758e-01  6.551e-01  6.521e-01  6.717e-01  6.170e-01  6.298e-01  6.248e-01  6.681e-01  6.474e-01  6.394e-01  6.489e-01  6.442e-01  6.496e-01  6.003e-01  6.309e-01  6.916e-01  6.059e-01  6.983e-01  6.651e-01  7.355e-01  7.049e-01  7.643e-01  7.250e-01  8.350e-01  8.013e-01  8.673e-01  9.470e-01  8.786e-01  6.523e-01 	
 8.099e-01  8.169e-01  8.345e-01  8.450e-01  8.485e-01  8.423e-01  8.252e-01  7.991e-01  7.717e-01  7.527e-01  7.285e-01  7.169e-01  7.037e-01  6.959e-01  6.735e-01  6.867e-01  6.757e-01  6.796e-01  6.481e-01  6.763e-01  6.504e-01  6.475e-01  6.522e-01  6.543e-01  6.233e-01  6.468e-01  6.664e-01  6.757e-01  6.123e-01  6.286e-01  6.272e-01  6.452e-01  6.640e-01  6.623e-01  6.780e-01  6.958e-01  6.827e-01  6.999e-01  7.164e-01  6.700e-01  7.408e-01  7.453e-01  7.712e-01  8.068e-01  7.936e-01  8.899e-01  8.586e-01  9.579e-01  8.863e-01  6.595e-01 	
 8.096e-01  8.167e-01  8.344e-01  8.449e-01  8.499e-01  8.480e-01  8.352e-01  8.144e-01  7.895e-01  7.603e-01  7.398e-01  7.341e-01  7.148e-01  6.970e-01  6.996e-01  6.950e-01  6.915e-01  6.720e-01  6.848e-01  6.744e-01  6.584e-01  6.737e-01  6.735e-01  6.556e-01  6.565e-01  6.541e-01  6.668e-01  6.732e-01  6.344e-01  6.790e-01  6.495e-01  6.841e-01  6.662e-01  6.541e-01  6.808e-01  6.913e-01  6.982e-01  7.269e-01  7.228e-01  7.205e-01  7.552e-01  7.906e-01  7.728e-01  8.274e-01  8.609e-01  8.868e-01  8.883e-01  9.658e-01  8.911e-01  6.646e-01 	
 8.094e-01  8.165e-01  8.342e-01  8.448e-01  8.503e-01  8.510e-01  8.440e-01  8.263e-01  8.026e-01  7.802e-01  7.585e-01  7.442e-01  7.286e-01  7.094e-01  7.000e-01  6.947e-01  6.891e-01  6.847e-01  6.829e-01  6.890e-01  6.880e-01  6.791e-01  6.775e-01  6.746e-01  6.732e-01  6.775e-01  6.620e-01  6.830e-01  6.842e-01  6.488e-01  6.803e-01  6.663e-01  6.896e-01  6.926e-01  6.823e-01  6.882e-01  7.254e-01  7.155e-01  7.327e-01  7.710e-01  7.971e-01  8.043e-01  8.217e-01  8.285e-01  8.693e-01  9.009e-01  9.326e-01  9.713e-01  8.949e-01  6.680e-01 	
 8.092e-01  8.163e-01  8.340e-01  8.446e-01  8.504e-01  8.529e-01  8.501e-01  8.372e-01  8.167e-01  7.948e-01  7.715e-01  7.541e-01  7.379e-01  7.229e-01  7.116e-01  7.082e-01  7.036e-01  6.950e-01  6.955e-01  6.834e-01  6.909e-01  6.821e-01  6.678e-01  6.733e-01  6.879e-01  6.617e-01  6.737e-01  6.803e-01  6.669e-01  6.723e-01  6.875e-01  6.959e-01  7.074e-01  7.170e-01  7.165e-01  7.372e-01  7.303e-01  7.413e-01  7.475e-01  7.767e-01  7.921e-01  8.150e-01  8.380e-01  8.624e-01  8.872e-01  9.152e-01  9.493e-01  9.753e-01  8.984e-01  6.702e-01 	
 8.090e-01  8.161e-01  8.338e-01  8.445e-01  8.503e-01  8.537e-01  8.538e-01  8.450e-01  8.285e-01  8.071e-01  7.879e-01  7.670e-01  7.485e-01  7.317e-01  7.239e-01  7.209e-01  7.108e-01  6.955e-01  6.912e-01  6.875e-01  6.902e-01  6.820e-01  6.814e-01  6.783e-01  6.791e-01  6.790e-01  6.881e-01  6.828e-01  6.732e-01  6.959e-01  7.006e-01  6.994e-01  7.125e-01  7.115e-01  7.236e-01  7.497e-01  7.563e-01  7.770e-01  7.756e-01  7.989e-01  8.265e-01  8.378e-01  8.537e-01  8.790e-01  9.066e-01  9.316e-01  9.537e-01  9.782e-01  9.013e-01  6.715e-01 	
 8.088e-01  8.159e-01  8.336e-01  8.443e-01  8.501e-01  8.540e-01  8.560e-01  8.511e-01  8.388e-01  8.207e-01  7.991e-01  7.788e-01  7.606e-01  7.503e-01  7.336e-01  7.224e-01  7.154e-01  7.098e-01  7.075e-01  6.995e-01  6.955e-01  6.980e-01  6.855e-01  6.935e-01  6.753e-01  6.786e-01  6.839e-01  7.027e-01  7.074e-01  7.134e-01  7.082e-01  7.153e-01  7.268e-01  7.300e-01  7.479e-01  7.521e-01  7.613e-01  7.873e-01  8.027e-01  8.138e-01  8.398e-01  8.503e-01  8.783e-01  8.928e-01  9.155e-01  9.346e-01  9.587e-01  9.804e-01  9.036e-01  6.720e-01 	
 8.086e-01  8.158e-01  8.335e-01  8.441e-01  8.500e-01  8.539e-01  8.570e-01  8.551e-01  8.468e-01  8.321e-01  8.133e-01  7.940e-01  7.756e-01  7.589e-01  7.448e-01  7.400e-01  7.244e-01  7.218e-01  7.145e-01  7.116e-01  6.978e-01  6.972e-01  6.988e-01  6.914e-01  6.927e-01  6.846e-01  6.914e-01  6.925e-01  6.946e-01  7.162e-01  7.250e-01  7.227e-01  7.447e-01  7.502e-01  7.636e-01  7.653e-01  7.876e-01  8.042e-01  8.224e-01  8.370e-01  8.508e-01  8.675e-01  8.894e-01  9.052e-01  9.208e-01  9.397e-01  9.606e-01  9.824e-01  9.054e-01  6.719e-01 	
 8.084e-01  8.156e-01  8.333e-01  8.440e-01  8.498e-01  8.538e-01  8.574e-01  8.576e-01  8.528e-01  8.419e-01  8.257e-01  8.078e-01  7.877e-01  7.736e-01  7.610e-01  7.483e-01  7.403e-01  7.299e-01  7.259e-01  7.185e-01  7.114e-01  7.131e-01  7.027e-01  6.941e-01  6.975e-01  6.929e-01  7.065e-01  7.122e-01  7.076e-01  7.139e-01  7.291e-01  7.410e-01  7.504e-01  7.585e-01  7.744e-01  7.859e-01  8.081e-01  8.186e-01  8.348e-01  8.487e-01  8.649e-01  8.820e-01  8.970e-01  9.117e-01  9.265e-01  9.426e-01  9.629e-01  9.841e-01  9.067e-01  6.715e-01 	
 8.083e-01  8.154e-01  8.332e-01  8.438e-01  8.497e-01  8.537e-01  8.575e-01  8.587e-01  8.567e-01  8.495e-01  8.365e-01  8.210e-01  8.040e-01  7.871e-01  7.721e-01  7.579e-01  7.473e-01  7.414e-01  7.286e-01  7.215e-01  7.188e-01  7.149e-01  7.119e-01  7.049e-01  7.034e-01  7.059e-01  7.099e-01  7.199e-01  7.288e-01  7.318e-01  7.492e-01  7.550e-01  7.592e-01  7.759e-01  7.968e-01  8.029e-01  8.179e-01  8.333e-01  8.481e-01  8.614e-01  8.780e-01  8.894e-01  9.023e-01  9.149e-01  9.283e-01  9.445e-01  9.640e-01  9.854e-01  9.077e-01  6.707e-01 	
 8.081e-01  8.153e-01  8.330e-01  8.437e-01  8.496e-01  8.536e-01  8.574e-01  8.592e-01  8.590e-01  8.549e-01  8.455e-01  8.325e-01  8.160e-01  7.996e-01  7.859e-01  7.724e-01  7.596e-01  7.472e-01  7.382e-01  7.359e-01  7.303e-01  7.219e-01  7.144e-01  7.154e-01  7.089e-01  7.110e-01  7.171e-01  7.248e-01  7.354e-01  7.497e-01  7.578e-01  7.704e-01  7.815e-01  7.928e-01  8.064e-01  8.209e-01  8.356e-01  8.485e-01  8.602e-01  8.717e-01  8.849e-01  8.959e-01  9.064e-01  9.173e-01  9.298e-01  9.452e-01  9.647e-01  9.864e-01  9.085e-01  6.698e-01 	
 8.080e-01  8.152e-01  8.329e-01  8.436e-01  8.495e-01  8.534e-01  8.573e-01  8.593e-01  8.602e-01  8.584e-01  8.524e-01  8.421e-01  8.287e-01  8.141e-01  7.995e-01  7.866e-01  7.735e-01  7.608e-01  7.547e-01  7.482e-01  7.393e-01  7.312e-01  7.280e-01  7.257e-01  7.167e-01  7.229e-01  7.261e-01  7.395e-01  7.503e-01  7.571e-01  7.693e-01  7.797e-01  7.914e-01  8.093e-01  8.203e-01  8.331e-01  8.477e-01  8.575e-01  8.696e-01  8.803e-01  8.896e-01  8.985e-01  9.082e-01  9.184e-01  9.304e-01  9.457e-01  9.653e-01  9.871e-01  9.090e-01  6.687e-01 	
