 4.290e-09  6.579e-09  1.894e-08  7.271e-08  2.272e-07  5.750e-07  1.241e-06  2.373e-06  4.122e-06  6.626e-06  9.994e-06  1.430e-05  1.959e-05  2.586e-05  3.311e-05  4.129e-05  5.035e-05  6.022e-05  7.085e-05  8.215e-05  9.406e-05  1.065e-04  1.194e-04  1.327e-04  1.464e-04  1.604e-04  1.746e-04  1.889e-04  2.035e-04  2.181e-04  2.328e-04  2.475e-04  2.623e-04  2.770e-04  2.917e-04  3.063e-04  3.209e-04  3.353e-04  3.496e-04  3.638e-04  3.779e-04  3.918e-04  4.056e-04  4.192e-04  4.327e-04  4.459e-04  4.590e-04  4.719e-04  4.847e-04  4.972e-04 	
 7.539e-09  1.156e-08  3.328e-08  1.277e-07  3.984e-07  1.005e-06  2.161e-06  4.111e-06  7.099e-06  1.134e-05  1.700e-05  2.418e-05  3.293e-05  4.324e-05  5.506e-05  6.832e-05  8.290e-05  9.870e-05  1.156e-04  1.335e-04  1.522e-04  1.716e-04  1.917e-04  2.123e-04  2.334e-04  2.547e-04  2.764e-04  2.982e-04  3.202e-04  3.423e-04  3.643e-04  3.864e-04  4.083e-04  4.302e-04  4.519e-04  4.735e-04  4.949e-04  5.161e-04  5.371e-04  5.578e-04  5.783e-04  5.985e-04  6.184e-04  6.381e-04  6.575e-04  6.766e-04  6.954e-04  7.139e-04  7.321e-04  7.500e-04 	
 1.325e-08  2.032e-08  5.848e-08  2.241e-07  6.975e-07  1.752e-06  3.742e-06  7.062e-06  1.209e-05  1.914e-05  2.844e-05  4.012e-05  5.418e-05  7.060e-05  8.923e-05  1.099e-04  1.325e-04  1.568e-04  1.826e-04  2.096e-04  2.377e-04  2.668e-04  2.965e-04  3.269e-04  3.577e-04  3.889e-04  4.203e-04  4.517e-04  4.833e-04  5.147e-04  5.461e-04  5.773e-04  6.082e-04  6.389e-04  6.693e-04  6.994e-04  7.291e-04  7.584e-04  7.873e-04  8.158e-04  8.439e-04  8.715e-04  8.987e-04  9.254e-04  9.517e-04  9.775e-04  1.003e-03  1.028e-03  1.052e-03  1.076e-03 	
 2.328e-08  3.570e-08  1.027e-07  3.930e-07  1.218e-06  3.040e-06  6.430e-06  1.200e-05  2.029e-05  3.174e-05  4.659e-05  6.497e-05  8.681e-05  1.120e-04  1.402e-04  1.712e-04  2.047e-04  2.403e-04  2.777e-04  3.167e-04  3.569e-04  3.981e-04  4.400e-04  4.825e-04  5.253e-04  5.683e-04  6.113e-04  6.543e-04  6.971e-04  7.395e-04  7.817e-04  8.234e-04  8.646e-04  9.052e-04  9.454e-04  9.849e-04  1.024e-03  1.062e-03  1.100e-03  1.137e-03  1.173e-03  1.208e-03  1.243e-03  1.278e-03  1.311e-03  1.344e-03  1.376e-03  1.408e-03  1.439e-03  1.469e-03 	
 4.089e-08  6.272e-08  1.804e-07  6.884e-07  2.121e-06  5.238e-06  1.093e-05  2.010e-05  3.346e-05  5.151e-05  7.451e-05  1.024e-04  1.351e-04  1.721e-04  2.130e-04  2.574e-04  3.048e-04  3.547e-04  4.065e-04  4.600e-04  5.147e-04  5.702e-04  6.263e-04  6.827e-04  7.391e-04  7.955e-04  8.515e-04  9.071e-04  9.621e-04  1.017e-03  1.070e-03  1.123e-03  1.175e-03  1.226e-03  1.276e-03  1.326e-03  1.374e-03  1.421e-03  1.468e-03  1.513e-03  1.557e-03  1.601e-03  1.644e-03  1.685e-03  1.726e-03  1.766e-03  1.804e-03  1.843e-03  1.880e-03  1.916e-03 	
 7.183e-08  1.102e-07  3.166e-07  1.203e-06  3.673e-06  8.948e-06  1.836e-05  3.312e-05  5.409e-05  8.175e-05  1.162e-04  1.571e-04  2.041e-04  2.564e-04  3.135e-04  3.744e-04  4.386e-04  5.054e-04  5.741e-04  6.442e-04  7.152e-04  7.867e-04  8.583e-04  9.298e-04  1.001e-03  1.071e-03  1.141e-03  1.210e-03  1.277e-03  1.344e-03  1.409e-03  1.473e-03  1.536e-03  1.597e-03  1.657e-03  1.716e-03  1.773e-03  1.829e-03  1.884e-03  1.937e-03  1.989e-03  2.040e-03  2.090e-03  2.138e-03  2.186e-03  2.232e-03  2.276e-03  2.320e-03  2.363e-03  2.405e-03 	
 1.262e-07  1.935e-07  5.553e-07  2.096e-06  6.317e-06  1.512e-05  3.038e-05  5.360e-05  8.566e-05  1.268e-04  1.768e-04  2.348e-04  3.001e-04  3.716e-04  4.481e-04  5.287e-04  6.125e-04  6.985e-04  7.861e-04  8.745e-04  9.632e-04  1.052e-03  1.140e-03  1.227e-03  1.313e-03  1.398e-03  1.481e-03  1.563e-03  1.643e-03  1.721e-03  1.798e-03  1.873e-03  1.945e-03  2.017e-03  2.086e-03  2.153e-03  2.219e-03  2.283e-03  2.345e-03  2.406e-03  2.465e-03  2.522e-03  2.578e-03  2.633e-03  2.686e-03  2.737e-03  2.787e-03  2.836e-03  2.884e-03  2.930e-03 	
 2.215e-07  3.398e-07  9.725e-07  3.634e-06  1.077e-05  2.520e-05  4.943e-05  8.508e-05  1.328e-04  1.923e-04  2.626e-04  3.425e-04  4.305e-04  5.250e-04  6.246e-04  7.279e-04  8.337e-04  9.412e-04  1.049e-03  1.157e-03  1.265e-03  1.371e-03  1.476e-03  1.579e-03  1.680e-03  1.779e-03  1.876e-03  1.971e-03  2.063e-03  2.152e-03  2.239e-03  2.324e-03  2.407e-03  2.487e-03  2.564e-03  2.640e-03  2.713e-03  2.784e-03  2.853e-03  2.920e-03  2.985e-03  3.049e-03  3.110e-03  3.170e-03  3.227e-03  3.284e-03  3.338e-03  3.391e-03  3.443e-03  3.493e-03 	
 3.886e-07  5.964e-07  1.700e-06  6.261e-06  1.815e-05  4.137e-05  7.893e-05  1.323e-04  2.014e-04  2.851e-04  3.815e-04  4.884e-04  6.038e-04  7.254e-04  8.514e-04  9.802e-04  1.111e-03  1.241e-03  1.371e-03  1.500e-03  1.627e-03  1.752e-03  1.874e-03  1.993e-03  2.109e-03  2.222e-03  2.332e-03  2.438e-03  2.542e-03  2.642e-03  2.739e-03  2.833e-03  2.924e-03  3.013e-03  3.098e-03  3.181e-03  3.261e-03  3.338e-03  3.413e-03  3.486e-03  3.556e-03  3.624e-03  3.691e-03  3.755e-03  3.817e-03  3.877e-03  3.935e-03  3.992e-03  4.047e-03  4.100e-03 	
 6.813e-07  1.046e-06  2.962e-06  1.070e-05  3.016e-05  6.672e-05  1.236e-04  2.014e-04  2.989e-04  4.135e-04  5.422e-04  6.817e-04  8.291e-04  9.818e-04  1.138e-03  1.295e-03  1.451e-03  1.607e-03  1.760e-03  1.910e-03  2.057e-03  2.200e-03  2.339e-03  2.474e-03  2.605e-03  2.731e-03  2.854e-03  2.972e-03  3.086e-03  3.196e-03  3.303e-03  3.405e-03  3.505e-03  3.600e-03  3.693e-03  3.782e-03  3.868e-03  3.951e-03  4.031e-03  4.109e-03  4.183e-03  4.256e-03  4.326e-03  4.394e-03  4.459e-03  4.523e-03  4.584e-03  4.643e-03  4.701e-03  4.757e-03 	
 1.193e-06  1.833e-06  5.141e-06  1.809e-05  4.935e-05  1.056e-04  1.894e-04  3.000e-04  4.340e-04  5.870e-04  7.545e-04  9.322e-04  1.116e-03  1.304e-03  1.492e-03  1.680e-03  1.864e-03  2.046e-03  2.223e-03  2.395e-03  2.562e-03  2.723e-03  2.879e-03  3.029e-03  3.174e-03  3.314e-03  3.448e-03  3.577e-03  3.701e-03  3.821e-03  3.935e-03  4.046e-03  4.152e-03  4.254e-03  4.353e-03  4.448e-03  4.539e-03  4.627e-03  4.712e-03  4.793e-03  4.872e-03  4.948e-03  5.021e-03  5.092e-03  5.160e-03  5.226e-03  5.290e-03  5.352e-03  5.412e-03  5.469e-03 	
 2.087e-06  3.207e-06  8.872e-06  3.020e-05  7.934e-05  1.636e-04  2.841e-04  4.372e-04  6.167e-04  8.161e-04  1.029e-03  1.250e-03  1.475e-03  1.701e-03  1.924e-03  2.144e-03  2.358e-03  2.565e-03  2.766e-03  2.960e-03  3.147e-03  3.326e-03  3.498e-03  3.663e-03  3.822e-03  3.973e-03  4.118e-03  4.258e-03  4.391e-03  4.519e-03  4.641e-03  4.758e-03  4.871e-03  4.979e-03  5.083e-03  5.182e-03  5.278e-03  5.370e-03  5.458e-03  5.543e-03  5.625e-03  5.704e-03  5.780e-03  5.853e-03  5.924e-03  5.992e-03  6.057e-03  6.121e-03  6.182e-03  6.241e-03 	
 3.642e-06  5.599e-06  1.520e-05  4.969e-05  1.251e-04  2.484e-04  4.171e-04  6.235e-04  8.582e-04  1.112e-03  1.377e-03  1.646e-03  1.916e-03  2.182e-03  2.442e-03  2.694e-03  2.938e-03  3.172e-03  3.397e-03  3.612e-03  3.818e-03  4.014e-03  4.202e-03  4.380e-03  4.551e-03  4.714e-03  4.869e-03  5.017e-03  5.158e-03  5.293e-03  5.422e-03  5.546e-03  5.663e-03  5.776e-03  5.884e-03  5.988e-03  6.087e-03  6.182e-03  6.273e-03  6.361e-03  6.445e-03  6.526e-03  6.604e-03  6.679e-03  6.751e-03  6.821e-03  6.888e-03  6.952e-03  7.014e-03  7.075e-03 	
 6.337e-06  9.747e-06  2.581e-05  8.042e-05  1.934e-04  3.690e-04  5.991e-04  8.708e-04  1.170e-03  1.486e-03  1.808e-03  2.130e-03  2.446e-03  2.755e-03  3.052e-03  3.338e-03  3.611e-03  3.871e-03  4.119e-03  4.354e-03  4.578e-03  4.790e-03  4.992e-03  5.183e-03  5.364e-03  5.537e-03  5.701e-03  5.857e-03  6.005e-03  6.146e-03  6.280e-03  6.408e-03  6.531e-03  6.647e-03  6.759e-03  6.865e-03  6.967e-03  7.065e-03  7.158e-03  7.248e-03  7.334e-03  7.417e-03  7.496e-03  7.573e-03  7.646e-03  7.717e-03  7.785e-03  7.851e-03  7.915e-03  7.976e-03 	
 1.098e-05  1.690e-05  4.335e-05  1.279e-04  2.930e-04  5.366e-04  8.429e-04  1.192e-03  1.566e-03  1.950e-03  2.334e-03  2.711e-03  3.076e-03  3.427e-03  3.762e-03  4.080e-03  4.381e-03  4.666e-03  4.936e-03  5.190e-03  5.430e-03  5.656e-03  5.870e-03  6.072e-03  6.263e-03  6.444e-03  6.615e-03  6.778e-03  6.931e-03  7.077e-03  7.216e-03  7.348e-03  7.474e-03  7.594e-03  7.708e-03  7.817e-03  7.921e-03  8.021e-03  8.117e-03  8.209e-03  8.297e-03  8.382e-03  8.463e-03  8.542e-03  8.618e-03  8.691e-03  8.762e-03  8.831e-03  8.898e-03  8.963e-03 	
 1.892e-05  2.915e-05  7.197e-05  1.999e-04  4.348e-04  7.646e-04  1.162e-03  1.600e-03  2.057e-03  2.515e-03  2.964e-03  3.398e-03  3.812e-03  4.205e-03  4.576e-03  4.925e-03  5.253e-03  5.561e-03  5.850e-03  6.121e-03  6.375e-03  6.614e-03  6.839e-03  7.050e-03  7.249e-03  7.437e-03  7.614e-03  7.781e-03  7.940e-03  8.090e-03  8.233e-03  8.369e-03  8.498e-03  8.621e-03  8.739e-03  8.851e-03  8.960e-03  9.063e-03  9.163e-03  9.260e-03  9.353e-03  9.443e-03  9.531e-03  9.616e-03  9.699e-03  9.780e-03  9.859e-03  9.937e-03  1.001e-02  1.009e-02 	
 3.237e-05  4.992e-05  1.179e-04  3.067e-04  6.328e-04  1.068e-03  1.573e-03  2.111e-03  2.657e-03  3.193e-03  3.709e-03  4.200e-03  4.662e-03  5.096e-03  5.501e-03  5.879e-03  6.231e-03  6.559e-03  6.865e-03  7.151e-03  7.417e-03  7.667e-03  7.900e-03  8.120e-03  8.326e-03  8.520e-03  8.703e-03  8.876e-03  9.040e-03  9.196e-03  9.345e-03  9.487e-03  9.623e-03  9.754e-03  9.880e-03  1.000e-02  1.012e-02  1.024e-02  1.035e-02  1.046e-02  1.057e-02  1.067e-02  1.078e-02  1.088e-02  1.099e-02  1.109e-02  1.120e-02  1.130e-02  1.140e-02  1.151e-02 	
 5.486e-05  8.476e-05  1.906e-04  4.626e-04  9.043e-04  1.466e-03  2.092e-03  2.740e-03  3.380e-03  3.996e-03  4.580e-03  5.126e-03  5.634e-03  6.106e-03  6.542e-03  6.946e-03  7.319e-03  7.665e-03  7.986e-03  8.285e-03  8.563e-03  8.822e-03  9.065e-03  9.294e-03  9.509e-03  9.713e-03  9.906e-03  1.009e-02  1.027e-02  1.044e-02  1.060e-02  1.076e-02  1.092e-02  1.107e-02  1.122e-02  1.137e-02  1.152e-02  1.167e-02  1.182e-02  1.197e-02  1.212e-02  1.227e-02  1.243e-02  1.259e-02  1.275e-02  1.291e-02  1.308e-02  1.325e-02  1.343e-02  1.361e-02 	
 9.194e-05  1.424e-04  3.039e-04  6.866e-04  1.271e-03  1.979e-03  2.741e-03  3.505e-03  4.243e-03  4.940e-03  5.588e-03  6.187e-03  6.738e-03  7.245e-03  7.709e-03  8.137e-03  8.530e-03  8.894e-03  9.230e-03  9.544e-03  9.837e-03  1.011e-02  1.037e-02  1.062e-02  1.086e-02  1.109e-02  1.131e-02  1.152e-02  1.174e-02  1.195e-02  1.216e-02  1.237e-02  1.258e-02  1.280e-02  1.302e-02  1.325e-02  1.348e-02  1.372e-02  1.396e-02  1.421e-02  1.448e-02  1.475e-02  1.503e-02  1.531e-02  1.561e-02  1.592e-02  1.624e-02  1.657e-02  1.692e-02  1.727e-02 	
 1.520e-04  2.364e-04  4.780e-04  1.004e-03  1.760e-03  2.636e-03  3.544e-03  4.430e-03  5.267e-03  6.043e-03  6.754e-03  7.403e-03  7.994e-03  8.534e-03  9.027e-03  9.479e-03  9.897e-03  1.028e-02  1.065e-02  1.099e-02  1.132e-02  1.163e-02  1.194e-02  1.224e-02  1.254e-02  1.284e-02  1.314e-02  1.345e-02  1.376e-02  1.408e-02  1.442e-02  1.476e-02  1.512e-02  1.550e-02  1.589e-02  1.630e-02  1.673e-02  1.718e-02  1.765e-02  1.813e-02  1.864e-02  1.918e-02  1.973e-02  2.031e-02  2.091e-02  2.153e-02  2.218e-02  2.285e-02  2.355e-02  2.427e-02 	
 2.477e-04  3.870e-04  7.418e-04  1.451e-03  2.410e-03  3.473e-03  4.537e-03  5.549e-03  6.485e-03  7.338e-03  8.111e-03  8.810e-03  9.445e-03  1.002e-02  1.056e-02  1.105e-02  1.152e-02  1.196e-02  1.240e-02  1.282e-02  1.324e-02  1.367e-02  1.410e-02  1.455e-02  1.501e-02  1.550e-02  1.600e-02  1.654e-02  1.710e-02  1.770e-02  1.833e-02  1.899e-02  1.969e-02  2.043e-02  2.121e-02  2.204e-02  2.290e-02  2.381e-02  2.476e-02  2.576e-02  2.680e-02  2.789e-02  2.903e-02  3.022e-02  3.145e-02  3.274e-02  3.407e-02  3.546e-02  3.689e-02  3.837e-02 	
 3.972e-04  6.243e-04  1.137e-03  2.076e-03  3.272e-03  4.541e-03  5.773e-03  6.916e-03  7.954e-03  8.889e-03  9.733e-03  1.050e-02  1.120e-02  1.186e-02  1.248e-02  1.309e-02  1.369e-02  1.430e-02  1.492e-02  1.556e-02  1.624e-02  1.696e-02  1.772e-02  1.853e-02  1.941e-02  2.034e-02  2.133e-02  2.239e-02  2.353e-02  2.473e-02  2.601e-02  2.737e-02  2.881e-02  3.034e-02  3.195e-02  3.364e-02  3.542e-02  3.729e-02  3.926e-02  4.131e-02  4.346e-02  4.569e-02  4.803e-02  5.045e-02  5.297e-02  5.559e-02  5.829e-02  6.109e-02  6.398e-02  6.696e-02 	
 6.260e-04  9.912e-04  1.722e-03  2.948e-03  4.421e-03  5.921e-03  7.335e-03  8.621e-03  9.779e-03  1.082e-02  1.178e-02  1.268e-02  1.354e-02  1.439e-02  1.526e-02  1.616e-02  1.711e-02  1.812e-02  1.922e-02  2.040e-02  2.169e-02  2.308e-02  2.459e-02  2.623e-02  2.799e-02  2.988e-02  3.191e-02  3.409e-02  3.641e-02  3.888e-02  4.150e-02  4.428e-02  4.722e-02  5.032e-02  5.358e-02  5.701e-02  6.061e-02  6.437e-02  6.830e-02  7.240e-02  7.666e-02  8.109e-02  8.568e-02  9.044e-02  9.534e-02  1.004e-01  1.056e-01  1.110e-01  1.165e-01  1.221e-01 	
 9.692e-04  1.547e-03  2.579e-03  4.165e-03  5.969e-03  7.737e-03  9.367e-03  1.084e-02  1.219e-02  1.344e-02  1.466e-02  1.589e-02  1.716e-02  1.852e-02  2.000e-02  2.162e-02  2.341e-02  2.538e-02  2.755e-02  2.993e-02  3.253e-02  3.537e-02  3.844e-02  4.177e-02  4.535e-02  4.919e-02  5.331e-02  5.769e-02  6.236e-02  6.730e-02  7.252e-02  7.803e-02  8.382e-02  8.989e-02  9.624e-02  1.029e-01  1.098e-01  1.169e-01  1.244e-01  1.320e-01  1.399e-01  1.481e-01  1.564e-01  1.650e-01  1.737e-01  1.826e-01  1.916e-01  2.008e-01  2.101e-01  2.195e-01 	
 1.473e-03  2.369e-03  3.819e-03  5.871e-03  8.086e-03  1.020e-02  1.214e-02  1.395e-02  1.570e-02  1.747e-02  1.936e-02  2.142e-02  2.372e-02  2.631e-02  2.921e-02  3.247e-02  3.610e-02  4.012e-02  4.455e-02  4.941e-02  5.470e-02  6.044e-02  6.664e-02  7.329e-02  8.041e-02  8.800e-02  9.604e-02  1.046e-01  1.135e-01  1.229e-01  1.327e-01  1.430e-01  1.536e-01  1.646e-01  1.760e-01  1.877e-01  1.997e-01  2.120e-01  2.245e-01  2.372e-01  2.500e-01  2.630e-01  2.761e-01  2.893e-01  3.025e-01  3.156e-01  3.288e-01  3.418e-01  3.547e-01  3.675e-01 	
 2.197e-03  3.559e-03  5.594e-03  8.274e-03  1.105e-02  1.370e-02  1.622e-02  1.875e-02  2.144e-02  2.444e-02  2.786e-02  3.178e-02  3.628e-02  4.141e-02  4.720e-02  5.369e-02  6.090e-02  6.885e-02  7.756e-02  8.703e-02  9.725e-02  1.082e-01  1.199e-01  1.324e-01  1.455e-01  1.593e-01  1.737e-01  1.887e-01  2.042e-01  2.201e-01  2.365e-01  2.532e-01  2.702e-01  2.874e-01  3.047e-01  3.221e-01  3.395e-01  3.569e-01  3.742e-01  3.912e-01  4.081e-01  4.246e-01  4.409e-01  4.567e-01  4.722e-01  4.871e-01  5.017e-01  5.157e-01  5.292e-01  5.421e-01 	
 3.213e-03  5.237e-03  8.113e-03  1.170e-02  1.537e-02  1.900e-02  2.277e-02  2.694e-02  3.176e-02  3.742e-02  4.405e-02  5.175e-02  6.059e-02  7.062e-02  8.188e-02  9.437e-02  1.081e-01  1.230e-01  1.392e-01  1.564e-01  1.747e-01  1.939e-01  2.140e-01  2.348e-01  2.562e-01  2.781e-01  3.004e-01  3.228e-01  3.454e-01  3.680e-01  3.904e-01  4.125e-01  4.343e-01  4.557e-01  4.765e-01  4.967e-01  5.162e-01  5.351e-01  5.531e-01  5.704e-01  5.869e-01  6.026e-01  6.174e-01  6.314e-01  6.446e-01  6.570e-01  6.685e-01  6.793e-01  6.894e-01  6.987e-01 	
 4.610e-03  7.557e-03  1.169e-02  1.672e-02  2.201e-02  2.769e-02  3.418e-02  4.192e-02  5.122e-02  6.228e-02  7.524e-02  9.019e-02  1.071e-01  1.261e-01  1.469e-01  1.695e-01  1.937e-01  2.192e-01  2.460e-01  2.737e-01  3.020e-01  3.307e-01  3.596e-01  3.884e-01  4.168e-01  4.448e-01  4.720e-01  4.985e-01  5.239e-01  5.484e-01  5.717e-01  5.939e-01  6.148e-01  6.346e-01  6.531e-01  6.705e-01  6.866e-01  7.016e-01  7.154e-01  7.282e-01  7.399e-01  7.506e-01  7.603e-01  7.692e-01  7.771e-01  7.843e-01  7.907e-01  7.965e-01  8.015e-01  8.059e-01 	
 6.498e-03  1.073e-02  1.684e-02  2.440e-02  3.288e-02  4.282e-02  5.494e-02  6.976e-02  8.759e-02  1.086e-01  1.327e-01  1.598e-01  1.896e-01  2.218e-01  2.558e-01  2.912e-01  3.274e-01  3.640e-01  4.005e-01  4.363e-01  4.713e-01  5.050e-01  5.372e-01  5.678e-01  5.966e-01  6.237e-01  6.489e-01  6.723e-01  6.939e-01  7.138e-01  7.321e-01  7.487e-01  7.639e-01  7.776e-01  7.900e-01  8.012e-01  8.111e-01  8.200e-01  8.279e-01  8.348e-01  8.408e-01  8.460e-01  8.505e-01  8.542e-01  8.573e-01  8.598e-01  8.618e-01  8.633e-01  8.644e-01  8.650e-01 	
 9.019e-03  1.510e-02  2.454e-02  3.675e-02  5.150e-02  6.974e-02  9.232e-02  1.197e-01  1.518e-01  1.883e-01  2.285e-01  2.717e-01  3.168e-01  3.627e-01  4.085e-01  4.534e-01  4.966e-01  5.376e-01  5.762e-01  6.120e-01  6.450e-01  6.752e-01  7.027e-01  7.275e-01  7.500e-01  7.701e-01  7.881e-01  8.042e-01  8.185e-01  8.312e-01  8.424e-01  8.522e-01  8.608e-01  8.683e-01  8.747e-01  8.801e-01  8.847e-01  8.885e-01  8.916e-01  8.940e-01  8.957e-01  8.970e-01  8.977e-01  8.979e-01  8.978e-01  8.972e-01  8.964e-01  8.952e-01  8.937e-01  8.920e-01 	
 1.239e-02  2.135e-02  3.668e-02  5.750e-02  8.379e-02  1.166e-01  1.563e-01  2.026e-01  2.542e-01  3.093e-01  3.662e-01  4.229e-01  4.779e-01  5.299e-01  5.782e-01  6.223e-01  6.622e-01  6.978e-01  7.294e-01  7.573e-01  7.819e-01  8.034e-01  8.221e-01  8.385e-01  8.528e-01  8.651e-01  8.758e-01  8.850e-01  8.929e-01  8.995e-01  9.052e-01  9.098e-01  9.137e-01  9.167e-01  9.190e-01  9.207e-01  9.218e-01  9.223e-01  9.224e-01  9.220e-01  9.212e-01  9.200e-01  9.185e-01  9.167e-01  9.146e-01  9.123e-01  9.097e-01  9.070e-01  9.041e-01  9.011e-01 	
 1.696e-02  3.092e-02  5.694e-02  9.305e-02  1.385e-01  1.931e-01  2.558e-01  3.237e-01  3.934e-01  4.619e-01  5.265e-01  5.856e-01  6.385e-01  6.850e-01  7.253e-01  7.599e-01  7.895e-01  8.148e-01  8.363e-01  8.545e-01  8.700e-01  8.832e-01  8.943e-01  9.037e-01  9.116e-01  9.183e-01  9.238e-01  9.283e-01  9.319e-01  9.347e-01  9.369e-01  9.384e-01  9.393e-01  9.396e-01  9.395e-01  9.390e-01  9.380e-01  9.366e-01  9.349e-01  9.329e-01  9.306e-01  9.280e-01  9.252e-01  9.222e-01  9.190e-01  9.157e-01  9.122e-01  9.086e-01  9.049e-01  9.011e-01 	
 2.344e-02  4.675e-02  9.193e-02  1.526e-01  2.246e-01  3.047e-01  3.882e-01  4.698e-01  5.457e-01  6.133e-01  6.718e-01  7.214e-01  7.629e-01  7.973e-01  8.258e-01  8.494e-01  8.688e-01  8.849e-01  8.982e-01  9.092e-01  9.184e-01  9.259e-01  9.321e-01  9.371e-01  9.412e-01  9.444e-01  9.469e-01  9.487e-01  9.499e-01  9.505e-01  9.507e-01  9.503e-01  9.496e-01  9.484e-01  9.469e-01  9.450e-01  9.429e-01  9.404e-01  9.376e-01  9.347e-01  9.315e-01  9.281e-01  9.245e-01  9.207e-01  9.169e-01  9.129e-01  9.088e-01  9.047e-01  9.005e-01  8.962e-01 	
 3.313e-02  7.440e-02  1.509e-01  2.433e-01  3.416e-01  4.389e-01  5.293e-01  6.088e-01  6.761e-01  7.316e-01  7.767e-01  8.130e-01  8.421e-01  8.656e-01  8.845e-01  8.998e-01  9.122e-01  9.223e-01  9.305e-01  9.371e-01  9.425e-01  9.468e-01  9.502e-01  9.528e-01  9.547e-01  9.560e-01  9.568e-01  9.570e-01  9.568e-01  9.562e-01  9.552e-01  9.538e-01  9.520e-01  9.499e-01  9.475e-01  9.449e-01  9.419e-01  9.387e-01  9.353e-01  9.317e-01  9.279e-01  9.239e-01  9.198e-01  9.156e-01  9.113e-01  9.068e-01  9.024e-01  8.979e-01  8.933e-01  8.888e-01 	
 4.868e-02  1.235e-01  2.417e-01  3.608e-01  4.701e-01  5.662e-01  6.471e-01  7.128e-01  7.652e-01  8.066e-01  8.392e-01  8.649e-01  8.853e-01  9.015e-01  9.144e-01  9.248e-01  9.332e-01  9.399e-01  9.453e-01  9.496e-01  9.529e-01  9.555e-01  9.573e-01  9.586e-01  9.593e-01  9.596e-01  9.594e-01  9.587e-01  9.577e-01  9.563e-01  9.545e-01  9.524e-01  9.500e-01  9.473e-01  9.443e-01  9.411e-01  9.376e-01  9.339e-01  9.300e-01  9.259e-01  9.216e-01  9.173e-01  9.128e-01  9.082e-01  9.035e-01  8.988e-01  8.940e-01  8.892e-01  8.844e-01  8.797e-01 	
 7.544e-02  2.059e-01  3.589e-01  4.810e-01  5.801e-01  6.608e-01  7.253e-01  7.760e-01  8.157e-01  8.468e-01  8.712e-01  8.904e-01  9.057e-01  9.178e-01  9.276e-01  9.354e-01  9.416e-01  9.466e-01  9.506e-01  9.536e-01  9.559e-01  9.575e-01  9.586e-01  9.591e-01  9.592e-01  9.588e-01  9.580e-01  9.567e-01  9.552e-01  9.532e-01  9.509e-01  9.483e-01  9.454e-01  9.423e-01  9.388e-01  9.351e-01  9.312e-01  9.271e-01  9.228e-01  9.183e-01  9.137e-01  9.090e-01  9.042e-01  8.993e-01  8.944e-01  8.894e-01  8.844e-01  8.794e-01  8.744e-01  8.695e-01 	
 1.239e-01  3.250e-01  4.773e-01  5.767e-01  6.545e-01  7.174e-01  7.678e-01  8.078e-01  8.394e-01  8.644e-01  8.843e-01  9.001e-01  9.128e-01  9.230e-01  9.313e-01  9.379e-01  9.432e-01  9.473e-01  9.506e-01  9.531e-01  9.548e-01  9.560e-01  9.566e-01  9.566e-01  9.563e-01  9.554e-01  9.542e-01  9.525e-01  9.505e-01  9.482e-01  9.455e-01  9.425e-01  9.391e-01  9.355e-01  9.317e-01  9.276e-01  9.233e-01  9.188e-01  9.142e-01  9.094e-01  9.045e-01  8.995e-01  8.944e-01  8.893e-01  8.841e-01  8.790e-01  8.738e-01  8.687e-01  8.636e-01  8.585e-01 	
 2.113e-01  4.609e-01  5.693e-01  6.368e-01  6.948e-01  7.445e-01  7.858e-01  8.195e-01  8.467e-01  8.687e-01  8.865e-01  9.009e-01  9.125e-01  9.219e-01  9.296e-01  9.357e-01  9.406e-01  9.445e-01  9.474e-01  9.496e-01  9.511e-01  9.520e-01  9.523e-01  9.521e-01  9.514e-01  9.503e-01  9.487e-01  9.467e-01  9.443e-01  9.416e-01  9.385e-01  9.351e-01  9.314e-01  9.275e-01  9.233e-01  9.188e-01  9.142e-01  9.094e-01  9.045e-01  8.994e-01  8.942e-01  8.890e-01  8.837e-01  8.784e-01  8.731e-01  8.677e-01  8.624e-01  8.572e-01  8.520e-01  8.468e-01 	
 3.506e-01  5.761e-01  6.253e-01  6.668e-01  7.110e-01  7.525e-01  7.887e-01  8.191e-01  8.443e-01  8.651e-01  8.821e-01  8.961e-01  9.075e-01  9.168e-01  9.244e-01  9.305e-01  9.354e-01  9.392e-01  9.421e-01  9.442e-01  9.456e-01  9.463e-01  9.464e-01  9.460e-01  9.451e-01  9.436e-01  9.417e-01  9.394e-01  9.367e-01  9.337e-01  9.302e-01  9.265e-01  9.225e-01  9.182e-01  9.136e-01  9.089e-01  9.039e-01  8.988e-01  8.936e-01  8.883e-01  8.829e-01  8.775e-01  8.720e-01  8.665e-01  8.611e-01  8.557e-01  8.503e-01  8.450e-01  8.397e-01  8.345e-01 	
 5.236e-01  6.506e-01  6.531e-01  6.773e-01  7.128e-01  7.493e-01  7.827e-01  8.116e-01  8.361e-01  8.566e-01  8.736e-01  8.878e-01  8.994e-01  9.090e-01  9.168e-01  9.231e-01  9.282e-01  9.321e-01  9.351e-01  9.372e-01  9.385e-01  9.391e-01  9.391e-01  9.385e-01  9.373e-01  9.356e-01  9.335e-01  9.309e-01  9.278e-01  9.244e-01  9.207e-01  9.166e-01  9.123e-01  9.076e-01  9.028e-01  8.978e-01  8.926e-01  8.872e-01  8.818e-01  8.763e-01  8.707e-01  8.651e-01  8.595e-01  8.540e-01  8.484e-01  8.429e-01  8.375e-01  8.322e-01  8.269e-01  8.218e-01 	
 6.752e-01  6.901e-01  6.636e-01  6.768e-01  7.066e-01  7.399e-01  7.716e-01  7.998e-01  8.242e-01  8.449e-01  8.623e-01  8.769e-01  8.891e-01  8.991e-01  9.073e-01  9.140e-01  9.193e-01  9.234e-01  9.265e-01  9.286e-01  9.300e-01  9.305e-01  9.304e-01  9.296e-01  9.282e-01  9.263e-01  9.239e-01  9.210e-01  9.176e-01  9.139e-01  9.099e-01  9.055e-01  9.008e-01  8.959e-01  8.908e-01  8.855e-01  8.801e-01  8.746e-01  8.689e-01  8.633e-01  8.576e-01  8.519e-01  8.462e-01  8.406e-01  8.350e-01  8.295e-01  8.241e-01  8.188e-01  8.136e-01  8.085e-01 	
 7.648e-01  7.082e-01  6.655e-01  6.711e-01  6.965e-01  7.273e-01  7.578e-01  7.856e-01  8.101e-01  8.311e-01  8.491e-01  8.643e-01  8.770e-01  8.875e-01  8.962e-01  9.033e-01  9.089e-01  9.133e-01  9.165e-01  9.187e-01  9.200e-01  9.205e-01  9.203e-01  9.193e-01  9.177e-01  9.156e-01  9.129e-01  9.097e-01  9.061e-01  9.021e-01  8.978e-01  8.931e-01  8.882e-01  8.830e-01  8.777e-01  8.722e-01  8.666e-01  8.609e-01  8.552e-01  8.494e-01  8.437e-01  8.379e-01  8.322e-01  8.266e-01  8.210e-01  8.156e-01  8.102e-01  8.050e-01  7.999e-01  7.949e-01 	
 8.037e-01  7.162e-01  6.638e-01  6.633e-01  6.849e-01  7.135e-01  7.428e-01  7.701e-01  7.946e-01  8.160e-01  8.345e-01  8.502e-01  8.635e-01  8.746e-01  8.838e-01  8.912e-01  8.972e-01  9.018e-01  9.051e-01  9.074e-01  9.088e-01  9.092e-01  9.088e-01  9.077e-01  9.059e-01  9.035e-01  9.006e-01  8.971e-01  8.933e-01  8.890e-01  8.844e-01  8.795e-01  8.744e-01  8.690e-01  8.635e-01  8.579e-01  8.521e-01  8.464e-01  8.406e-01  8.348e-01  8.290e-01  8.233e-01  8.176e-01  8.120e-01  8.066e-01  8.012e-01  7.959e-01  7.908e-01  7.858e-01  7.810e-01 	
 8.294e-01  7.220e-01  6.617e-01  6.556e-01  6.734e-01  6.995e-01  7.274e-01  7.541e-01  7.784e-01  8.000e-01  8.189e-01  8.351e-01  8.489e-01  8.604e-01  8.700e-01  8.779e-01  8.841e-01  8.889e-01  8.924e-01  8.947e-01  8.960e-01  8.964e-01  8.959e-01  8.946e-01  8.926e-01  8.900e-01  8.868e-01  8.832e-01  8.791e-01  8.746e-01  8.698e-01  8.647e-01  8.594e-01  8.539e-01  8.483e-01  8.425e-01  8.368e-01  8.310e-01  8.252e-01  8.194e-01  8.137e-01  8.080e-01  8.025e-01  7.970e-01  7.917e-01  7.864e-01  7.814e-01  7.764e-01  7.716e-01  7.670e-01 	
 8.441e-01  7.264e-01  6.599e-01  6.486e-01  6.624e-01  6.859e-01  7.121e-01  7.378e-01  7.617e-01  7.833e-01  8.024e-01  8.189e-01  8.331e-01  8.451e-01  8.551e-01  8.632e-01  8.696e-01  8.746e-01  8.782e-01  8.806e-01  8.819e-01  8.821e-01  8.815e-01  8.801e-01  8.779e-01  8.751e-01  8.717e-01  8.679e-01  8.636e-01  8.589e-01  8.539e-01  8.487e-01  8.433e-01  8.377e-01  8.321e-01  8.264e-01  8.206e-01  8.148e-01  8.091e-01  8.034e-01  7.978e-01  7.923e-01  7.869e-01  7.816e-01  7.765e-01  7.715e-01  7.666e-01  7.619e-01  7.573e-01  7.529e-01 	
 8.521e-01  7.302e-01  6.588e-01  6.425e-01  6.525e-01  6.730e-01  6.972e-01  7.217e-01  7.450e-01  7.663e-01  7.853e-01  8.020e-01  8.165e-01  8.287e-01  8.389e-01  8.473e-01  8.539e-01  8.590e-01  8.627e-01  8.650e-01  8.663e-01  8.664e-01  8.657e-01  8.641e-01  8.617e-01  8.588e-01  8.552e-01  8.512e-01  8.468e-01  8.420e-01  8.369e-01  8.317e-01  8.262e-01  8.207e-01  8.151e-01  8.094e-01  8.037e-01  7.981e-01  7.925e-01  7.870e-01  7.816e-01  7.763e-01  7.711e-01  7.660e-01  7.611e-01  7.563e-01  7.517e-01  7.473e-01  7.429e-01  7.388e-01 	
 8.564e-01  7.337e-01  6.584e-01  6.376e-01  6.436e-01  6.611e-01  6.830e-01  7.060e-01  7.283e-01  7.491e-01  7.679e-01  7.845e-01  7.990e-01  8.114e-01  8.217e-01  8.302e-01  8.369e-01  8.420e-01  8.457e-01  8.480e-01  8.492e-01  8.493e-01  8.484e-01  8.467e-01  8.442e-01  8.411e-01  8.374e-01  8.333e-01  8.288e-01  8.240e-01  8.189e-01  8.137e-01  8.083e-01  8.029e-01  7.973e-01  7.918e-01  7.863e-01  7.809e-01  7.755e-01  7.702e-01  7.651e-01  7.600e-01  7.551e-01  7.503e-01  7.457e-01  7.412e-01  7.369e-01  7.327e-01  7.287e-01  7.249e-01 	
 8.594e-01  7.372e-01  6.586e-01  6.337e-01  6.359e-01  6.502e-01  6.698e-01  6.909e-01  7.120e-01  7.319e-01  7.502e-01  7.666e-01  7.810e-01  7.933e-01  8.036e-01  8.121e-01  8.188e-01  8.239e-01  8.275e-01  8.298e-01  8.308e-01  8.308e-01  8.298e-01  8.279e-01  8.254e-01  8.222e-01  8.185e-01  8.143e-01  8.099e-01  8.051e-01  8.001e-01  7.950e-01  7.897e-01  7.844e-01  7.791e-01  7.738e-01  7.686e-01  7.634e-01  7.583e-01  7.533e-01  7.484e-01  7.437e-01  7.391e-01  7.347e-01  7.304e-01  7.262e-01  7.223e-01  7.184e-01  7.147e-01  7.112e-01 	
 8.618e-01  7.404e-01  6.594e-01  6.307e-01  6.293e-01  6.405e-01  6.575e-01  6.767e-01  6.963e-01  7.151e-01  7.327e-01  7.486e-01  7.626e-01  7.746e-01  7.848e-01  7.931e-01  7.997e-01  8.047e-01  8.082e-01  8.103e-01  8.112e-01  8.111e-01  8.100e-01  8.081e-01  8.055e-01  8.023e-01  7.986e-01  7.945e-01  7.901e-01  7.855e-01  7.806e-01  7.757e-01  7.707e-01  7.656e-01  7.606e-01  7.556e-01  7.507e-01  7.458e-01  7.411e-01  7.364e-01  7.319e-01  7.276e-01  7.234e-01  7.193e-01  7.154e-01  7.116e-01  7.080e-01  7.045e-01  7.011e-01  6.980e-01 	
 8.639e-01  7.435e-01  6.605e-01  6.287e-01  6.239e-01  6.320e-01  6.464e-01  6.634e-01  6.813e-01  6.989e-01  7.155e-01  7.306e-01  7.440e-01  7.557e-01  7.655e-01  7.735e-01  7.799e-01  7.846e-01  7.879e-01  7.899e-01  7.907e-01  7.904e-01  7.893e-01  7.873e-01  7.847e-01  7.816e-01  7.780e-01  7.740e-01  7.698e-01  7.653e-01  7.608e-01  7.561e-01  7.514e-01  7.467e-01  7.420e-01  7.373e-01  7.328e-01  7.283e-01  7.240e-01  7.198e-01  7.157e-01  7.117e-01  7.079e-01  7.042e-01  7.007e-01  6.973e-01  6.941e-01  6.910e-01  6.880e-01  6.852e-01 	
