 2.654e-02  1.000e-08  1.000e-08  1.000e-08  1.000e-08  1.000e-08  1.000e-08  1.000e-08  1.000e-08  1.000e-08  1.000e-08  1.000e-08  2.071e-02  1.196e-01  2.337e-01  3.517e-01  4.645e-01  5.655e-01  6.525e-01  7.248e-01  7.838e-01  8.321e-01  8.712e-01  9.024e-01  9.273e-01  9.475e-01  9.635e-01  9.762e-01  9.866e-01  9.934e-01  9.900e-01  9.900e-01  9.900e-01  9.900e-01  9.900e-01  9.900e-01  9.900e-01  9.900e-01  9.900e-01  9.900e-01  9.900e-01  9.900e-01  9.900e-01  9.900e-01  9.900e-01  9.900e-01  9.900e-01  9.900e-01  9.900e-01  9.900e-01 	
 1.000e-08  1.000e-08  1.000e-08  1.000e-08  1.000e-08  1.000e-08  1.000e-08  9.265e-03  3.414e-02  7.761e-02  1.443e-01  2.344e-01  3.421e-01  4.570e-01  5.679e-01  6.665e-01  7.484e-01  8.142e-01  8.649e-01  9.037e-01  9.332e-01  9.550e-01  9.714e-01  9.835e-01  9.925e-01  9.991e-01  9.900e-01  9.900e-01  9.900e-01  9.900e-01  9.900e-01  9.900e-01  9.900e-01  9.900e-01  9.900e-01  9.900e-01  9.900e-01  9.900e-01  9.900e-01  9.900e-01  9.989e-01  9.972e-01  9.958e-01  9.945e-01  9.935e-01  9.931e-01  9.935e-01  9.953e-01  9.990e-01  9.900e-01 	
 1.000e-08  1.000e-08  1.000e-08  1.000e-08  1.000e-08  1.000e-08  8.048e-03  2.756e-02  6.530e-02  1.280e-01  2.180e-01  3.303e-01  4.532e-01  5.726e-01  6.781e-01  7.651e-01  8.331e-01  8.842e-01  9.222e-01  9.497e-01  9.696e-01  9.835e-01  9.943e-01  9.900e-01  9.900e-01  9.900e-01  9.900e-01  9.900e-01  9.900e-01  9.900e-01  9.900e-01  9.900e-01  9.900e-01  9.900e-01  9.900e-01  9.900e-01  9.900e-01  9.900e-01  9.900e-01  9.900e-01  9.989e-01  9.976e-01  9.972e-01  9.946e-01  9.940e-01  9.927e-01  9.922e-01  9.925e-01  9.928e-01  9.951e-01 	
 1.000e-08  1.000e-08  1.000e-08  1.000e-08  1.000e-08  6.971e-04  1.402e-02  4.439e-02  1.009e-01  1.890e-01  3.057e-01  4.381e-01  5.687e-01  6.839e-01  7.772e-01  8.484e-01  9.005e-01  9.374e-01  9.633e-01  9.809e-01  9.928e-01  9.900e-01  9.900e-01  9.900e-01  9.900e-01  9.900e-01  9.900e-01  9.900e-01  9.900e-01  9.900e-01  9.900e-01  9.900e-01  9.900e-01  9.900e-01  9.900e-01  9.900e-01  9.900e-01  9.900e-01  9.991e-01  9.984e-01  9.977e-01  9.963e-01  9.951e-01  9.940e-01  9.929e-01  9.926e-01  9.910e-01  9.902e-01  9.893e-01  9.890e-01 	
 1.000e-08  1.000e-08  1.000e-08  1.000e-08  1.000e-08  5.153e-03  2.768e-02  7.573e-02  1.588e-01  2.774e-01  4.188e-01  5.619e-01  6.886e-01  7.893e-01  8.640e-01  9.165e-01  9.517e-01  9.754e-01  9.906e-01  9.900e-01  9.900e-01  9.900e-01  9.900e-01  9.900e-01  9.900e-01  9.900e-01  9.900e-01  9.900e-01  9.900e-01  9.900e-01  9.900e-01  9.900e-01  9.900e-01  9.900e-01  9.900e-01  9.992e-01  9.993e-01  9.986e-01  9.981e-01  9.969e-01  9.958e-01  9.949e-01  9.945e-01  9.936e-01  9.928e-01  9.915e-01  9.903e-01  9.896e-01  9.879e-01  9.867e-01 	
 1.000e-08  1.000e-08  1.000e-08  1.000e-08  1.000e-08  1.441e-02  5.159e-02  1.251e-01  2.415e-01  3.903e-01  5.471e-01  6.870e-01  7.971e-01  8.766e-01  9.301e-01  9.634e-01  9.844e-01  9.972e-01  9.900e-01  9.900e-01  9.900e-01  9.900e-01  9.900e-01  9.900e-01  9.900e-01  9.900e-01  9.900e-01  9.900e-01  9.900e-01  9.900e-01  9.900e-01  9.900e-01  9.900e-01  9.994e-01  9.988e-01  9.977e-01  9.972e-01  9.968e-01  9.964e-01  9.955e-01  9.947e-01  9.944e-01  9.936e-01  9.933e-01  9.926e-01  9.915e-01  9.904e-01  9.890e-01  9.875e-01  9.857e-01 	
 1.000e-08  1.000e-08  1.000e-08  1.000e-08  5.193e-03  3.027e-02  8.961e-02  1.972e-01  3.494e-01  5.199e-01  6.759e-01  7.977e-01  8.827e-01  9.374e-01  9.709e-01  9.900e-01  9.900e-01  9.900e-01  9.900e-01  9.900e-01  9.900e-01  9.900e-01  9.900e-01  9.900e-01  9.900e-01  9.900e-01  9.900e-01  9.900e-01  9.900e-01  9.900e-01  9.988e-01  9.983e-01  9.979e-01  9.969e-01  9.970e-01  9.967e-01  9.959e-01  9.955e-01  9.952e-01  9.949e-01  9.942e-01  9.935e-01  9.933e-01  9.926e-01  9.920e-01  9.913e-01  9.903e-01  9.890e-01  9.876e-01  9.855e-01 	
 1.000e-08  1.000e-08  1.000e-08  5.760e-04  1.441e-02  5.641e-02  1.478e-01  2.960e-01  4.778e-01  6.519e-01  7.898e-01  8.823e-01  9.404e-01  9.733e-01  9.914e-01  9.900e-01  9.900e-01  9.900e-01  9.900e-01  9.900e-01  9.900e-01  9.900e-01  9.900e-01  9.900e-01  9.900e-01  9.994e-01  9.994e-01  9.989e-01  9.979e-01  9.975e-01  9.976e-01  9.972e-01  9.964e-01  9.961e-01  9.958e-01  9.955e-01  9.952e-01  9.949e-01  9.947e-01  9.944e-01  9.937e-01  9.934e-01  9.932e-01  9.929e-01  9.919e-01  9.913e-01  9.903e-01  9.893e-01  9.877e-01  9.857e-01 	
 1.000e-08  1.000e-08  1.000e-08  5.661e-03  3.033e-02  9.872e-02  2.322e-01  4.193e-01  6.134e-01  7.703e-01  8.760e-01  9.384e-01  9.728e-01  9.905e-01  9.988e-01  9.900e-01  9.900e-01  9.900e-01  9.900e-01  9.900e-01  9.900e-01  9.900e-01  9.994e-01  9.983e-01  9.979e-01  9.975e-01  9.972e-01  9.968e-01  9.965e-01  9.962e-01  9.959e-01  9.960e-01  9.957e-01  9.955e-01  9.952e-01  9.953e-01  9.950e-01  9.947e-01  9.944e-01  9.941e-01  9.938e-01  9.932e-01  9.929e-01  9.923e-01  9.920e-01  9.913e-01  9.904e-01  9.891e-01  9.878e-01  9.861e-01 	
 1.000e-08  1.000e-08  3.554e-03  1.467e-02  5.730e-02  1.637e-01  3.438e-01  5.553e-01  7.368e-01  8.597e-01  9.317e-01  9.693e-01  9.877e-01  9.960e-01  9.993e-01  9.900e-01  9.900e-01  9.900e-01  9.987e-01  9.982e-01  9.978e-01  9.969e-01  9.966e-01  9.963e-01  9.961e-01  9.962e-01  9.960e-01  9.957e-01  9.958e-01  9.959e-01  9.956e-01  9.953e-01  9.954e-01  9.951e-01  9.952e-01  9.949e-01  9.946e-01  9.943e-01  9.943e-01  9.940e-01  9.934e-01  9.931e-01  9.928e-01  9.925e-01  9.915e-01  9.908e-01  9.902e-01  9.889e-01  9.879e-01  9.863e-01 	
 1.000e-08  2.856e-03  9.824e-03  3.038e-02  1.009e-01  2.546e-01  4.719e-01  6.804e-01  8.282e-01  9.145e-01  9.586e-01  9.798e-01  9.894e-01  9.936e-01  9.953e-01  9.952e-01  9.957e-01  9.950e-01  9.949e-01  9.948e-01  9.951e-01  9.945e-01  9.947e-01  9.949e-01  9.951e-01  9.948e-01  9.950e-01  9.951e-01  9.951e-01  9.952e-01  9.953e-01  9.950e-01  9.950e-01  9.950e-01  9.947e-01  9.948e-01  9.944e-01  9.941e-01  9.938e-01  9.935e-01  9.932e-01  9.928e-01  9.922e-01  9.919e-01  9.912e-01  9.905e-01  9.895e-01  9.889e-01  9.875e-01  9.862e-01 	
 1.000e-08  1.009e-02  2.051e-02  5.672e-02  1.659e-01  3.660e-01  5.959e-01  7.753e-01  8.838e-01  9.400e-01  9.670e-01  9.796e-01  9.853e-01  9.880e-01  9.894e-01  9.904e-01  9.907e-01  9.914e-01  9.919e-01  9.923e-01  9.926e-01  9.929e-01  9.934e-01  9.939e-01  9.941e-01  9.942e-01  9.946e-01  9.946e-01  9.947e-01  9.951e-01  9.951e-01  9.951e-01  9.948e-01  9.948e-01  9.945e-01  9.945e-01  9.941e-01  9.938e-01  9.935e-01  9.931e-01  9.928e-01  9.921e-01  9.918e-01  9.911e-01  9.904e-01  9.897e-01  9.890e-01  9.880e-01  9.866e-01  9.856e-01 	
 1.000e-08  2.171e-02  3.822e-02  9.814e-02  2.526e-01  4.837e-01  6.979e-01  8.383e-01  9.137e-01  9.504e-01  9.682e-01  9.767e-01  9.816e-01  9.841e-01  9.856e-01  9.876e-01  9.888e-01  9.893e-01  9.905e-01  9.912e-01  9.918e-01  9.923e-01  9.928e-01  9.936e-01  9.940e-01  9.940e-01  9.944e-01  9.947e-01  9.948e-01  9.944e-01  9.944e-01  9.948e-01  9.944e-01  9.941e-01  9.941e-01  9.937e-01  9.937e-01  9.930e-01  9.927e-01  9.923e-01  9.920e-01  9.913e-01  9.909e-01  9.902e-01  9.895e-01  9.888e-01  9.880e-01  9.870e-01  9.859e-01  9.845e-01 	
 5.725e-03  3.993e-02  6.626e-02  1.579e-01  3.541e-01  5.904e-01  7.710e-01  8.750e-01  9.271e-01  9.527e-01  9.658e-01  9.730e-01  9.777e-01  9.810e-01  9.835e-01  9.852e-01  9.873e-01  9.881e-01  9.895e-01  9.904e-01  9.912e-01  9.920e-01  9.927e-01  9.931e-01  9.934e-01  9.938e-01  9.938e-01  9.941e-01  9.944e-01  9.941e-01  9.944e-01  9.940e-01  9.940e-01  9.937e-01  9.933e-01  9.929e-01  9.929e-01  9.926e-01  9.922e-01  9.915e-01  9.911e-01  9.904e-01  9.896e-01  9.889e-01  9.885e-01  9.874e-01  9.867e-01  9.856e-01  9.845e-01  9.834e-01 	
 2.611e-02  6.736e-02  1.079e-01  2.352e-01  4.574e-01  6.749e-01  8.174e-01  8.930e-01  9.313e-01  9.508e-01  9.626e-01  9.696e-01  9.745e-01  9.784e-01  9.813e-01  9.837e-01  9.856e-01  9.873e-01  9.885e-01  9.896e-01  9.907e-01  9.917e-01  9.917e-01  9.924e-01  9.927e-01  9.930e-01  9.930e-01  9.933e-01  9.936e-01  9.933e-01  9.932e-01  9.932e-01  9.928e-01  9.928e-01  9.924e-01  9.921e-01  9.917e-01  9.916e-01  9.909e-01  9.902e-01  9.898e-01  9.890e-01  9.883e-01  9.879e-01  9.871e-01  9.860e-01  9.852e-01  9.841e-01  9.830e-01  9.819e-01 	
 5.639e-02  1.066e-01  1.652e-01  3.244e-01  5.499e-01  7.350e-01  8.445e-01  9.014e-01  9.314e-01  9.486e-01  9.592e-01  9.666e-01  9.722e-01  9.763e-01  9.798e-01  9.823e-01  9.843e-01  9.861e-01  9.875e-01  9.886e-01  9.896e-01  9.902e-01  9.909e-01  9.912e-01  9.919e-01  9.918e-01  9.921e-01  9.921e-01  9.924e-01  9.920e-01  9.923e-01  9.923e-01  9.916e-01  9.915e-01  9.915e-01  9.911e-01  9.907e-01  9.900e-01  9.896e-01  9.888e-01  9.884e-01  9.880e-01  9.872e-01  9.860e-01  9.853e-01  9.845e-01  9.837e-01  9.825e-01  9.814e-01  9.806e-01 	
 9.851e-02  1.592e-01  2.370e-01  4.158e-01  6.247e-01  7.751e-01  8.594e-01  9.045e-01  9.300e-01  9.459e-01  9.563e-01  9.640e-01  9.699e-01  9.745e-01  9.780e-01  9.806e-01  9.830e-01  9.848e-01  9.861e-01  9.875e-01  9.881e-01  9.887e-01  9.894e-01  9.900e-01  9.907e-01  9.906e-01  9.909e-01  9.912e-01  9.912e-01  9.911e-01  9.911e-01  9.907e-01  9.906e-01  9.906e-01  9.902e-01  9.898e-01  9.894e-01  9.890e-01  9.882e-01  9.878e-01  9.870e-01  9.862e-01  9.858e-01  9.850e-01  9.838e-01  9.830e-01  9.818e-01  9.806e-01  9.798e-01  9.787e-01 	
 1.530e-01  2.244e-01  3.184e-01  5.005e-01  6.816e-01  8.004e-01  8.681e-01  9.056e-01  9.281e-01  9.437e-01  9.540e-01  9.618e-01  9.678e-01  9.723e-01  9.758e-01  9.786e-01  9.810e-01  9.826e-01  9.843e-01  9.856e-01  9.866e-01  9.872e-01  9.878e-01  9.884e-01  9.891e-01  9.890e-01  9.893e-01  9.896e-01  9.896e-01  9.895e-01  9.898e-01  9.894e-01  9.894e-01  9.893e-01  9.889e-01  9.885e-01  9.881e-01  9.876e-01  9.868e-01  9.860e-01  9.856e-01  9.852e-01  9.844e-01  9.832e-01  9.820e-01  9.811e-01  9.799e-01  9.791e-01  9.779e-01  9.771e-01 	
 2.189e-01  2.988e-01  4.023e-01  5.724e-01  7.227e-01  8.179e-01  8.726e-01  9.053e-01  9.265e-01  9.410e-01  9.515e-01  9.592e-01  9.651e-01  9.697e-01  9.734e-01  9.765e-01  9.788e-01  9.807e-01  9.820e-01  9.833e-01  9.846e-01  9.856e-01  9.862e-01  9.868e-01  9.871e-01  9.878e-01  9.881e-01  9.884e-01  9.883e-01  9.882e-01  9.885e-01  9.885e-01  9.881e-01  9.876e-01  9.876e-01  9.872e-01  9.867e-01  9.863e-01  9.855e-01  9.847e-01  9.842e-01  9.834e-01  9.825e-01  9.813e-01  9.805e-01  9.792e-01  9.784e-01  9.772e-01  9.759e-01  9.747e-01 	
 2.930e-01  3.765e-01  4.800e-01  6.305e-01  7.526e-01  8.294e-01  8.754e-01  9.048e-01  9.249e-01  9.385e-01  9.488e-01  9.563e-01  9.623e-01  9.670e-01  9.704e-01  9.737e-01  9.760e-01  9.783e-01  9.799e-01  9.815e-01  9.825e-01  9.838e-01  9.844e-01  9.851e-01  9.857e-01  9.860e-01  9.863e-01  9.866e-01  9.869e-01  9.868e-01  9.868e-01  9.867e-01  9.867e-01  9.862e-01  9.858e-01  9.857e-01  9.853e-01  9.848e-01  9.840e-01  9.832e-01  9.823e-01  9.815e-01  9.802e-01  9.794e-01  9.781e-01  9.772e-01  9.760e-01  9.747e-01  9.739e-01  9.722e-01 	
 3.708e-01  4.502e-01  5.470e-01  6.745e-01  7.739e-01  8.375e-01  8.775e-01  9.036e-01  9.223e-01  9.355e-01  9.452e-01  9.532e-01  9.586e-01  9.636e-01  9.676e-01  9.706e-01  9.732e-01  9.755e-01  9.775e-01  9.788e-01  9.802e-01  9.815e-01  9.825e-01  9.831e-01  9.838e-01  9.845e-01  9.848e-01  9.851e-01  9.850e-01  9.853e-01  9.849e-01  9.852e-01  9.847e-01  9.847e-01  9.842e-01  9.838e-01  9.833e-01  9.828e-01  9.820e-01  9.811e-01  9.803e-01  9.794e-01  9.785e-01  9.773e-01  9.760e-01  9.747e-01  9.738e-01  9.721e-01  9.713e-01  9.696e-01 	
 4.481e-01  5.148e-01  6.006e-01  7.070e-01  7.878e-01  8.419e-01  8.776e-01  9.017e-01  9.190e-01  9.319e-01  9.416e-01  9.490e-01  9.551e-01  9.598e-01  9.638e-01  9.675e-01  9.705e-01  9.725e-01  9.749e-01  9.762e-01  9.779e-01  9.793e-01  9.803e-01  9.809e-01  9.820e-01  9.826e-01  9.829e-01  9.832e-01  9.836e-01  9.835e-01  9.834e-01  9.833e-01  9.833e-01  9.828e-01  9.824e-01  9.819e-01  9.814e-01  9.806e-01  9.801e-01  9.792e-01  9.779e-01  9.770e-01  9.762e-01  9.749e-01  9.736e-01  9.723e-01  9.710e-01  9.697e-01  9.688e-01  9.675e-01 	
 5.218e-01  5.687e-01  6.404e-01  7.285e-01  7.967e-01  8.434e-01  8.753e-01  8.980e-01  9.145e-01  9.270e-01  9.369e-01  9.446e-01  9.510e-01  9.561e-01  9.605e-01  9.639e-01  9.673e-01  9.701e-01  9.717e-01  9.738e-01  9.756e-01  9.769e-01  9.780e-01  9.790e-01  9.797e-01  9.804e-01  9.811e-01  9.814e-01  9.817e-01  9.816e-01  9.815e-01  9.815e-01  9.814e-01  9.809e-01  9.805e-01  9.800e-01  9.795e-01  9.790e-01  9.781e-01  9.773e-01  9.760e-01  9.751e-01  9.737e-01  9.724e-01  9.711e-01  9.698e-01  9.685e-01  9.667e-01  9.654e-01  9.641e-01 	
 5.901e-01  6.135e-01  6.707e-01  7.435e-01  8.008e-01  8.420e-01  8.714e-01  8.926e-01  9.086e-01  9.216e-01  9.314e-01  9.395e-01  9.460e-01  9.514e-01  9.562e-01  9.604e-01  9.635e-01  9.667e-01  9.691e-01  9.709e-01  9.726e-01  9.744e-01  9.755e-01  9.769e-01  9.776e-01  9.783e-01  9.790e-01  9.793e-01  9.793e-01  9.796e-01  9.795e-01  9.798e-01  9.794e-01  9.789e-01  9.784e-01  9.779e-01  9.770e-01  9.765e-01  9.756e-01  9.743e-01  9.734e-01  9.725e-01  9.711e-01  9.694e-01  9.680e-01  9.667e-01  9.649e-01  9.636e-01  9.623e-01  9.609e-01 	
 6.520e-01  6.528e-01  6.959e-01  7.539e-01  8.024e-01  8.389e-01  8.661e-01  8.869e-01  9.027e-01  9.156e-01  9.258e-01  9.344e-01  9.416e-01  9.471e-01  9.524e-01  9.566e-01  9.602e-01  9.634e-01  9.659e-01  9.685e-01  9.702e-01  9.721e-01  9.731e-01  9.746e-01  9.753e-01  9.760e-01  9.771e-01  9.774e-01  9.778e-01  9.777e-01  9.776e-01  9.779e-01  9.770e-01  9.770e-01  9.765e-01  9.760e-01  9.751e-01  9.742e-01  9.733e-01  9.719e-01  9.710e-01  9.696e-01  9.683e-01  9.669e-01  9.656e-01  9.638e-01  9.620e-01  9.606e-01  9.589e-01  9.579e-01 	
 7.047e-01  6.874e-01  7.167e-01  7.629e-01  8.034e-01  8.356e-01  8.607e-01  8.808e-01  8.967e-01  9.096e-01  9.203e-01  9.293e-01  9.366e-01  9.430e-01  9.483e-01  9.530e-01  9.570e-01  9.602e-01  9.628e-01  9.654e-01  9.676e-01  9.695e-01  9.709e-01  9.725e-01  9.732e-01  9.743e-01  9.750e-01  9.753e-01  9.753e-01  9.756e-01  9.755e-01  9.754e-01  9.749e-01  9.749e-01  9.739e-01  9.734e-01  9.725e-01  9.716e-01  9.707e-01  9.693e-01  9.679e-01  9.666e-01  9.652e-01  9.634e-01  9.616e-01  9.602e-01  9.584e-01  9.570e-01  9.552e-01  9.539e-01 	
 7.464e-01  7.156e-01  7.337e-01  7.686e-01  8.027e-01  8.316e-01  8.554e-01  8.745e-01  8.905e-01  9.039e-01  9.150e-01  9.241e-01  9.320e-01  9.388e-01  9.446e-01  9.490e-01  9.534e-01  9.572e-01  9.601e-01  9.628e-01  9.646e-01  9.669e-01  9.684e-01  9.700e-01  9.711e-01  9.718e-01  9.726e-01  9.729e-01  9.732e-01  9.736e-01  9.735e-01  9.734e-01  9.729e-01  9.720e-01  9.715e-01  9.705e-01  9.700e-01  9.687e-01  9.677e-01  9.663e-01  9.650e-01  9.631e-01  9.618e-01  9.599e-01  9.581e-01  9.567e-01  9.549e-01  9.530e-01  9.512e-01  9.498e-01 	
 7.762e-01  7.361e-01  7.450e-01  7.712e-01  7.997e-01  8.262e-01  8.489e-01  8.677e-01  8.841e-01  8.980e-01  9.093e-01  9.189e-01  9.276e-01  9.342e-01  9.405e-01  9.454e-01  9.499e-01  9.537e-01  9.571e-01  9.598e-01  9.625e-01  9.644e-01  9.660e-01  9.675e-01  9.682e-01  9.694e-01  9.701e-01  9.704e-01  9.708e-01  9.707e-01  9.710e-01  9.705e-01  9.700e-01  9.695e-01  9.686e-01  9.676e-01  9.667e-01  9.657e-01  9.648e-01  9.629e-01  9.616e-01  9.601e-01  9.579e-01  9.565e-01  9.546e-01  9.528e-01  9.505e-01  9.486e-01  9.468e-01  9.454e-01 	
 7.987e-01  7.504e-01  7.516e-01  7.704e-01  7.947e-01  8.189e-01  8.411e-01  8.606e-01  8.771e-01  8.912e-01  9.030e-01  9.131e-01  9.220e-01  9.298e-01  9.359e-01  9.412e-01  9.458e-01  9.500e-01  9.535e-01  9.562e-01  9.594e-01  9.614e-01  9.633e-01  9.645e-01  9.656e-01  9.664e-01  9.676e-01  9.679e-01  9.678e-01  9.682e-01  9.681e-01  9.680e-01  9.670e-01  9.665e-01  9.656e-01  9.646e-01  9.636e-01  9.622e-01  9.608e-01  9.594e-01  9.580e-01  9.562e-01  9.543e-01  9.524e-01  9.501e-01  9.482e-01  9.464e-01  9.441e-01  9.422e-01  9.408e-01 	
 8.158e-01  7.618e-01  7.560e-01  7.685e-01  7.894e-01  8.118e-01  8.333e-01  8.529e-01  8.700e-01  8.846e-01  8.969e-01  9.072e-01  9.166e-01  9.246e-01  9.311e-01  9.369e-01  9.420e-01  9.463e-01  9.499e-01  9.531e-01  9.554e-01  9.578e-01  9.598e-01  9.610e-01  9.626e-01  9.633e-01  9.641e-01  9.649e-01  9.648e-01  9.651e-01  9.646e-01  9.641e-01  9.636e-01  9.630e-01  9.625e-01  9.611e-01  9.601e-01  9.587e-01  9.573e-01  9.554e-01  9.535e-01  9.517e-01  9.498e-01  9.475e-01  9.456e-01  9.432e-01  9.413e-01  9.390e-01  9.371e-01  9.353e-01 	
 8.296e-01  7.719e-01  7.592e-01  7.662e-01  7.837e-01  8.048e-01  8.256e-01  8.450e-01  8.623e-01  8.771e-01  8.904e-01  9.013e-01  9.109e-01  9.193e-01  9.264e-01  9.327e-01  9.378e-01  9.422e-01  9.458e-01  9.491e-01  9.523e-01  9.547e-01  9.563e-01  9.584e-01  9.595e-01  9.603e-01  9.611e-01  9.614e-01  9.613e-01  9.617e-01  9.616e-01  9.611e-01  9.601e-01  9.591e-01  9.586e-01  9.576e-01  9.557e-01  9.543e-01  9.533e-01  9.510e-01  9.491e-01  9.472e-01  9.448e-01  9.429e-01  9.406e-01  9.382e-01  9.363e-01  9.340e-01  9.321e-01  9.298e-01 	
 8.394e-01  7.791e-01  7.609e-01  7.629e-01  7.772e-01  7.969e-01  8.177e-01  8.370e-01  8.545e-01  8.699e-01  8.830e-01  8.949e-01  9.049e-01  9.136e-01  9.207e-01  9.275e-01  9.327e-01  9.376e-01  9.417e-01  9.453e-01  9.478e-01  9.507e-01  9.527e-01  9.543e-01  9.555e-01  9.568e-01  9.575e-01  9.574e-01  9.578e-01  9.577e-01  9.576e-01  9.571e-01  9.561e-01  9.551e-01  9.541e-01  9.531e-01  9.517e-01  9.498e-01  9.483e-01  9.464e-01  9.445e-01  9.422e-01  9.398e-01  9.379e-01  9.351e-01  9.327e-01  9.303e-01  9.279e-01  9.260e-01  9.237e-01 	
 8.476e-01  7.850e-01  7.613e-01  7.588e-01  7.704e-01  7.890e-01  8.093e-01  8.284e-01  8.465e-01  8.622e-01  8.759e-01  8.879e-01  8.981e-01  9.073e-01  9.149e-01  9.218e-01  9.280e-01  9.325e-01  9.370e-01  9.408e-01  9.437e-01  9.462e-01  9.482e-01  9.503e-01  9.515e-01  9.523e-01  9.535e-01  9.539e-01  9.538e-01  9.537e-01  9.531e-01  9.526e-01  9.521e-01  9.506e-01  9.496e-01  9.482e-01  9.467e-01  9.448e-01  9.429e-01  9.410e-01  9.386e-01  9.367e-01  9.338e-01  9.319e-01  9.290e-01  9.266e-01  9.243e-01  9.219e-01  9.195e-01  9.176e-01 	
 8.544e-01  7.900e-01  7.615e-01  7.544e-01  7.634e-01  7.806e-01  8.000e-01  8.197e-01  8.377e-01  8.540e-01  8.679e-01  8.805e-01  8.912e-01  9.005e-01  9.091e-01  9.161e-01  9.223e-01  9.273e-01  9.315e-01  9.352e-01  9.390e-01  9.415e-01  9.436e-01  9.453e-01  9.470e-01  9.482e-01  9.490e-01  9.489e-01  9.492e-01  9.492e-01  9.482e-01  9.481e-01  9.466e-01  9.461e-01  9.446e-01  9.431e-01  9.417e-01  9.393e-01  9.374e-01  9.350e-01  9.330e-01  9.306e-01  9.278e-01  9.254e-01  9.225e-01  9.201e-01  9.177e-01  9.153e-01  9.124e-01  9.105e-01 	
 8.607e-01  7.944e-01  7.609e-01  7.498e-01  7.563e-01  7.717e-01  7.910e-01  8.102e-01  8.284e-01  8.448e-01  8.598e-01  8.726e-01  8.839e-01  8.937e-01  9.024e-01  9.099e-01  9.162e-01  9.217e-01  9.263e-01  9.301e-01  9.335e-01  9.361e-01  9.386e-01  9.407e-01  9.420e-01  9.432e-01  9.436e-01  9.439e-01  9.443e-01  9.442e-01  9.432e-01  9.426e-01  9.416e-01  9.406e-01  9.391e-01  9.372e-01  9.357e-01  9.333e-01  9.314e-01  9.290e-01  9.266e-01  9.237e-01  9.213e-01  9.184e-01  9.160e-01  9.131e-01  9.106e-01  9.078e-01  9.049e-01  9.034e-01 	
 8.659e-01  7.981e-01  7.601e-01  7.451e-01  7.486e-01  7.631e-01  7.811e-01  8.005e-01  8.190e-01  8.361e-01  8.508e-01  8.642e-01  8.760e-01  8.860e-01  8.948e-01  9.024e-01  9.092e-01  9.151e-01  9.198e-01  9.241e-01  9.276e-01  9.306e-01  9.336e-01  9.353e-01  9.365e-01  9.378e-01  9.386e-01  9.385e-01  9.384e-01  9.383e-01  9.377e-01  9.372e-01  9.357e-01  9.342e-01  9.327e-01  9.312e-01  9.293e-01  9.269e-01  9.244e-01  9.225e-01  9.200e-01  9.171e-01  9.138e-01  9.114e-01  9.084e-01  9.055e-01  9.026e-01  8.998e-01  8.978e-01  8.954e-01 	
 8.706e-01  8.009e-01  7.592e-01  7.403e-01  7.416e-01  7.540e-01  7.718e-01  7.904e-01  8.086e-01  8.260e-01  8.417e-01  8.552e-01  8.673e-01  8.777e-01  8.875e-01  8.952e-01  9.025e-01  9.081e-01  9.132e-01  9.176e-01  9.215e-01  9.245e-01  9.267e-01  9.288e-01  9.305e-01  9.313e-01  9.321e-01  9.325e-01  9.324e-01  9.323e-01  9.312e-01  9.307e-01  9.292e-01  9.277e-01  9.258e-01  9.242e-01  9.223e-01  9.198e-01  9.174e-01  9.150e-01  9.125e-01  9.092e-01  9.062e-01  9.033e-01  9.004e-01  8.975e-01  8.946e-01  8.916e-01  8.892e-01  8.873e-01 	
 8.736e-01  8.037e-01  7.583e-01  7.356e-01  7.342e-01  7.449e-01  7.617e-01  7.805e-01  7.986e-01  8.158e-01  8.321e-01  8.458e-01  8.584e-01  8.694e-01  8.793e-01  8.870e-01  8.944e-01  9.009e-01  9.062e-01  9.105e-01  9.149e-01  9.175e-01  9.201e-01  9.223e-01  9.235e-01  9.248e-01  9.252e-01  9.255e-01  9.259e-01  9.248e-01  9.243e-01  9.237e-01  9.222e-01  9.202e-01  9.187e-01  9.167e-01  9.148e-01  9.123e-01  9.094e-01  9.070e-01  9.040e-01  9.007e-01  8.982e-01  8.952e-01  8.919e-01  8.885e-01  8.860e-01  8.831e-01  8.801e-01  8.782e-01 	
 8.770e-01  8.061e-01  7.575e-01  7.313e-01  7.273e-01  7.361e-01  7.516e-01  7.698e-01  7.882e-01  8.055e-01  8.216e-01  8.363e-01  8.490e-01  8.602e-01  8.701e-01  8.788e-01  8.863e-01  8.929e-01  8.986e-01  9.030e-01  9.070e-01  9.105e-01  9.131e-01  9.153e-01  9.166e-01  9.178e-01  9.182e-01  9.185e-01  9.184e-01  9.179e-01  9.168e-01  9.158e-01  9.143e-01  9.123e-01  9.103e-01  9.084e-01  9.064e-01  9.039e-01  9.010e-01  8.980e-01  8.956e-01  8.926e-01  8.892e-01  8.858e-01  8.828e-01  8.794e-01  8.765e-01  8.736e-01  8.706e-01  8.686e-01 	
 8.798e-01  8.082e-01  7.564e-01  7.270e-01  7.204e-01  7.274e-01  7.418e-01  7.590e-01  7.772e-01  7.947e-01  8.110e-01  8.258e-01  8.387e-01  8.508e-01  8.609e-01  8.697e-01  8.772e-01  8.843e-01  8.900e-01  8.949e-01  8.989e-01  9.025e-01  9.051e-01  9.069e-01  9.086e-01  9.099e-01  9.102e-01  9.101e-01  9.100e-01  9.094e-01  9.088e-01  9.073e-01  9.058e-01  9.038e-01  9.023e-01  8.998e-01  8.974e-01  8.949e-01  8.919e-01  8.890e-01  8.856e-01  8.826e-01  8.797e-01  8.763e-01  8.733e-01  8.698e-01  8.664e-01  8.635e-01  8.610e-01  8.585e-01 	
 8.821e-01  8.102e-01  7.559e-01  7.233e-01  7.135e-01  7.186e-01  7.317e-01  7.487e-01  7.662e-01  7.839e-01  7.999e-01  8.148e-01  8.283e-01  8.401e-01  8.507e-01  8.600e-01  8.680e-01  8.747e-01  8.805e-01  8.859e-01  8.899e-01  8.934e-01  8.961e-01  8.983e-01  8.996e-01  9.009e-01  9.017e-01  9.011e-01  9.015e-01  9.004e-01  8.994e-01  8.983e-01  8.968e-01  8.948e-01  8.923e-01  8.903e-01  8.878e-01  8.849e-01  8.824e-01  8.790e-01  8.755e-01  8.726e-01  8.696e-01  8.662e-01  8.627e-01  8.593e-01  8.558e-01  8.529e-01  8.504e-01  8.484e-01 	
 8.840e-01  8.119e-01  7.555e-01  7.200e-01  7.071e-01  7.104e-01  7.220e-01  7.383e-01  7.556e-01  7.726e-01  7.883e-01  8.039e-01  8.174e-01  8.293e-01  8.404e-01  8.498e-01  8.579e-01  8.646e-01  8.709e-01  8.763e-01  8.808e-01  8.839e-01  8.866e-01  8.888e-01  8.906e-01  8.914e-01  8.918e-01  8.916e-01  8.920e-01  8.909e-01  8.898e-01  8.884e-01  8.863e-01  8.848e-01  8.823e-01  8.798e-01  8.773e-01  8.748e-01  8.714e-01  8.684e-01  8.650e-01  8.616e-01  8.585e-01  8.551e-01  8.516e-01  8.486e-01  8.452e-01  8.418e-01  8.393e-01  8.373e-01 	
 8.862e-01  8.142e-01  7.553e-01  7.170e-01  7.013e-01  7.027e-01  7.131e-01  7.279e-01  7.441e-01  7.613e-01  7.775e-01  7.919e-01  8.060e-01  8.184e-01  8.292e-01  8.386e-01  8.472e-01  8.544e-01  8.607e-01  8.657e-01  8.702e-01  8.739e-01  8.765e-01  8.788e-01  8.801e-01  8.813e-01  8.817e-01  8.816e-01  8.815e-01  8.804e-01  8.789e-01  8.778e-01  8.758e-01  8.738e-01  8.717e-01  8.688e-01  8.663e-01  8.634e-01  8.603e-01  8.574e-01  8.539e-01  8.504e-01  8.470e-01  8.435e-01  8.400e-01  8.371e-01  8.336e-01  8.302e-01  8.277e-01  8.256e-01 	
 8.877e-01  8.159e-01  7.550e-01  7.144e-01  6.964e-01  6.950e-01  7.035e-01  7.176e-01  7.334e-01  7.494e-01  7.655e-01  7.804e-01  7.941e-01  8.066e-01  8.178e-01  8.273e-01  8.355e-01  8.432e-01  8.492e-01  8.551e-01  8.592e-01  8.628e-01  8.660e-01  8.678e-01  8.691e-01  8.703e-01  8.707e-01  8.701e-01  8.700e-01  8.689e-01  8.678e-01  8.663e-01  8.647e-01  8.623e-01  8.598e-01  8.568e-01  8.547e-01  8.517e-01  8.483e-01  8.453e-01  8.418e-01  8.383e-01  8.354e-01  8.319e-01  8.280e-01  8.245e-01  8.215e-01  8.185e-01  8.160e-01  8.139e-01 	
 8.897e-01  8.174e-01  7.553e-01  7.117e-01  6.917e-01  6.882e-01  6.951e-01  7.073e-01  7.220e-01  7.381e-01  7.537e-01  7.683e-01  7.817e-01  7.943e-01  8.056e-01  8.156e-01  8.238e-01  8.316e-01  8.376e-01  8.431e-01  8.476e-01  8.512e-01  8.540e-01  8.562e-01  8.575e-01  8.588e-01  8.587e-01  8.586e-01  8.580e-01  8.569e-01  8.558e-01  8.538e-01  8.522e-01  8.497e-01  8.472e-01  8.447e-01  8.417e-01  8.388e-01  8.358e-01  8.328e-01  8.293e-01  8.258e-01  8.228e-01  8.193e-01  8.154e-01  8.124e-01  8.094e-01  8.063e-01  8.034e-01  8.014e-01 	
 8.913e-01  8.187e-01  7.553e-01  7.100e-01  6.871e-01  6.817e-01  6.869e-01  6.974e-01  7.118e-01  7.267e-01  7.415e-01  7.558e-01  7.697e-01  7.819e-01  7.929e-01  8.025e-01  8.112e-01  8.190e-01  8.254e-01  8.305e-01  8.350e-01  8.387e-01  8.414e-01  8.432e-01  8.450e-01  8.458e-01  8.462e-01  8.456e-01  8.454e-01  8.439e-01  8.428e-01  8.413e-01  8.388e-01  8.367e-01  8.342e-01  8.312e-01  8.287e-01  8.257e-01  8.227e-01  8.192e-01  8.162e-01  8.127e-01  8.093e-01  8.058e-01  8.027e-01  7.992e-01  7.963e-01  7.933e-01  7.912e-01  7.891e-01 	
 8.925e-01  8.198e-01  7.556e-01  7.085e-01  6.835e-01  6.755e-01  6.789e-01  6.881e-01  7.008e-01  7.154e-01  7.294e-01  7.437e-01  7.568e-01  7.691e-01  7.800e-01  7.897e-01  7.980e-01  8.058e-01  8.118e-01  8.173e-01  8.219e-01  8.256e-01  8.283e-01  8.306e-01  8.319e-01  8.323e-01  8.326e-01  8.325e-01  8.319e-01  8.308e-01  8.293e-01  8.273e-01  8.252e-01  8.227e-01  8.202e-01  8.176e-01  8.151e-01  8.121e-01  8.091e-01  8.061e-01  8.021e-01  7.991e-01  7.956e-01  7.922e-01  7.891e-01  7.861e-01  7.827e-01  7.801e-01  7.780e-01  7.765e-01 	
 8.950e-01  8.217e-01  7.564e-01  7.073e-01  6.797e-01  6.701e-01  6.712e-01  6.789e-01  6.907e-01  7.036e-01  7.177e-01  7.312e-01  7.443e-01  7.557e-01  7.667e-01  7.764e-01  7.848e-01  7.922e-01  7.986e-01  8.038e-01  8.083e-01  8.115e-01  8.143e-01  8.161e-01  8.174e-01  8.187e-01  8.186e-01  8.180e-01  8.173e-01  8.163e-01  8.147e-01  8.132e-01  8.111e-01  8.086e-01  8.061e-01  8.035e-01  8.006e-01  7.976e-01  7.945e-01  7.915e-01  7.881e-01  7.850e-01  7.820e-01  7.785e-01  7.755e-01  7.721e-01  7.695e-01  7.669e-01  7.649e-01  7.633e-01 	
 8.995e-01  8.237e-01  7.574e-01  7.065e-01  6.777e-01  6.656e-01  6.646e-01  6.709e-01  6.807e-01  6.931e-01  7.060e-01  7.187e-01  7.309e-01  7.428e-01  7.530e-01  7.627e-01  7.710e-01  7.784e-01  7.840e-01  7.891e-01  7.938e-01  7.970e-01  7.997e-01  8.016e-01  8.028e-01  8.032e-01  8.035e-01  8.034e-01  8.023e-01  8.013e-01  7.997e-01  7.977e-01  7.956e-01  7.935e-01  7.910e-01  7.881e-01  7.855e-01  7.829e-01  7.795e-01  7.765e-01  7.734e-01  7.700e-01  7.669e-01  7.640e-01  7.609e-01  7.580e-01  7.554e-01  7.533e-01  7.517e-01  7.510e-01 	
 9.112e-01  8.287e-01  7.612e-01  7.109e-01  6.807e-01  6.665e-01  6.635e-01  6.676e-01  6.757e-01  6.864e-01  6.980e-01  7.096e-01  7.211e-01  7.317e-01  7.418e-01  7.506e-01  7.581e-01  7.650e-01  7.707e-01  7.758e-01  7.799e-01  7.828e-01  7.855e-01  7.872e-01  7.886e-01  7.890e-01  7.889e-01  7.883e-01  7.877e-01  7.866e-01  7.850e-01  7.834e-01  7.814e-01  7.793e-01  7.767e-01  7.743e-01  7.717e-01  7.692e-01  7.657e-01  7.631e-01  7.602e-01  7.571e-01  7.545e-01  7.516e-01  7.490e-01  7.464e-01  7.448e-01  7.432e-01  7.425e-01  7.431e-01 	
