 9.908e-04  3.037e-03  3.331e-03  2.434e-03  1.856e-03  1.577e-03  1.460e-03  1.433e-03  1.463e-03  1.531e-03  1.631e-03  1.758e-03  1.908e-03  2.081e-03  2.276e-03  2.493e-03  2.732e-03  2.994e-03  3.279e-03  3.588e-03  3.921e-03  4.278e-03  4.662e-03  5.072e-03  5.509e-03  5.975e-03  6.469e-03  6.994e-03  7.549e-03  8.135e-03  8.754e-03  9.406e-03  1.009e-02  1.081e-02  1.157e-02  1.236e-02  1.320e-02  1.407e-02  1.497e-02  1.592e-02  1.691e-02  1.794e-02  1.901e-02  2.011e-02  2.126e-02  2.243e-02  2.363e-02  2.485e-02  2.606e-02  2.725e-02 	
 1.120e-03  3.708e-03  4.130e-03  3.015e-03  2.321e-03  2.008e-03  1.897e-03  1.898e-03  1.971e-03  2.097e-03  2.265e-03  2.471e-03  2.712e-03  2.987e-03  3.296e-03  3.639e-03  4.016e-03  4.430e-03  4.879e-03  5.367e-03  5.893e-03  6.460e-03  7.068e-03  7.719e-03  8.415e-03  9.156e-03  9.944e-03  1.078e-02  1.167e-02  1.260e-02  1.360e-02  1.464e-02  1.574e-02  1.690e-02  1.812e-02  1.940e-02  2.074e-02  2.214e-02  2.361e-02  2.515e-02  2.675e-02  2.842e-02  3.015e-02  3.195e-02  3.380e-02  3.570e-02  3.762e-02  3.955e-02  4.143e-02  4.321e-02 	
 1.292e-03  4.379e-03  4.984e-03  3.746e-03  2.976e-03  2.652e-03  2.570e-03  2.628e-03  2.780e-03  3.002e-03  3.286e-03  3.625e-03  4.017e-03  4.461e-03  4.959e-03  5.510e-03  6.117e-03  6.781e-03  7.504e-03  8.288e-03  9.135e-03  1.005e-02  1.103e-02  1.208e-02  1.320e-02  1.440e-02  1.567e-02  1.702e-02  1.846e-02  1.997e-02  2.158e-02  2.328e-02  2.506e-02  2.694e-02  2.892e-02  3.099e-02  3.317e-02  3.546e-02  3.784e-02  4.034e-02  4.295e-02  4.567e-02  4.849e-02  5.141e-02  5.442e-02  5.749e-02  6.058e-02  6.366e-02  6.663e-02  6.940e-02 	
 1.502e-03  5.125e-03  5.991e-03  4.688e-03  3.869e-03  3.558e-03  3.537e-03  3.692e-03  3.971e-03  4.350e-03  4.817e-03  5.368e-03  6.000e-03  6.715e-03  7.513e-03  8.397e-03  9.370e-03  1.043e-02  1.159e-02  1.285e-02  1.422e-02  1.568e-02  1.726e-02  1.895e-02  2.076e-02  2.270e-02  2.475e-02  2.694e-02  2.926e-02  3.172e-02  3.433e-02  3.707e-02  3.997e-02  4.302e-02  4.623e-02  4.960e-02  5.313e-02  5.684e-02  6.072e-02  6.478e-02  6.901e-02  7.342e-02  7.800e-02  8.274e-02  8.761e-02  9.256e-02  9.754e-02  1.025e-01  1.072e-01  1.115e-01 	
 1.755e-03  6.003e-03  7.235e-03  5.924e-03  5.085e-03  4.825e-03  4.916e-03  5.234e-03  5.721e-03  6.352e-03  7.113e-03  8.003e-03  9.019e-03  1.017e-02  1.145e-02  1.286e-02  1.442e-02  1.613e-02  1.800e-02  2.003e-02  2.222e-02  2.459e-02  2.713e-02  2.987e-02  3.279e-02  3.592e-02  3.925e-02  4.279e-02  4.656e-02  5.054e-02  5.476e-02  5.922e-02  6.391e-02  6.886e-02  7.406e-02  7.952e-02  8.525e-02  9.126e-02  9.753e-02  1.041e-01  1.109e-01  1.181e-01  1.254e-01  1.330e-01  1.408e-01  1.488e-01  1.567e-01  1.644e-01  1.718e-01  1.784e-01 	
 2.062e-03  7.058e-03  8.799e-03  7.558e-03  6.755e-03  6.610e-03  6.899e-03  7.487e-03  8.313e-03  9.348e-03  1.058e-02  1.202e-02  1.365e-02  1.549e-02  1.754e-02  1.982e-02  2.233e-02  2.508e-02  2.809e-02  3.136e-02  3.490e-02  3.872e-02  4.284e-02  4.726e-02  5.200e-02  5.706e-02  6.246e-02  6.820e-02  7.429e-02  8.075e-02  8.758e-02  9.478e-02  1.024e-01  1.104e-01  1.188e-01  1.276e-01  1.368e-01  1.464e-01  1.565e-01  1.670e-01  1.779e-01  1.892e-01  2.009e-01  2.129e-01  2.252e-01  2.375e-01  2.498e-01  2.617e-01  2.728e-01  2.826e-01 	
 2.436e-03  8.342e-03  1.079e-02  9.739e-03  9.064e-03  9.147e-03  9.774e-03  1.081e-02  1.218e-02  1.387e-02  1.586e-02  1.817e-02  2.080e-02  2.375e-02  2.706e-02  3.072e-02  3.476e-02  3.920e-02  4.405e-02  4.933e-02  5.505e-02  6.123e-02  6.789e-02  7.505e-02  8.271e-02  9.090e-02  9.962e-02  1.089e-01  1.187e-01  1.291e-01  1.401e-01  1.517e-01  1.638e-01  1.766e-01  1.899e-01  2.039e-01  2.184e-01  2.336e-01  2.494e-01  2.657e-01  2.827e-01  3.002e-01  3.181e-01  3.365e-01  3.551e-01  3.737e-01  3.919e-01  4.094e-01  4.254e-01  4.390e-01 	
 2.895e-03  9.919e-03  1.333e-02  1.267e-02  1.228e-02  1.277e-02  1.397e-02  1.573e-02  1.799e-02  2.072e-02  2.394e-02  2.765e-02  3.187e-02  3.663e-02  4.195e-02  4.786e-02  5.438e-02  6.154e-02  6.937e-02  7.789e-02  8.713e-02  9.712e-02  1.079e-01  1.194e-01  1.317e-01  1.449e-01  1.589e-01  1.737e-01  1.893e-01  2.058e-01  2.232e-01  2.414e-01  2.604e-01  2.802e-01  3.009e-01  3.224e-01  3.446e-01  3.676e-01  3.913e-01  4.157e-01  4.408e-01  4.664e-01  4.925e-01  5.189e-01  5.454e-01  5.715e-01  5.969e-01  6.207e-01  6.420e-01  6.594e-01 	
 3.464e-03  1.187e-02  1.660e-02  1.661e-02  1.678e-02  1.799e-02  2.013e-02  2.306e-02  2.675e-02  3.117e-02  3.635e-02  4.232e-02  4.912e-02  5.678e-02  6.534e-02  7.486e-02  8.537e-02  9.691e-02  1.095e-01  1.232e-01  1.381e-01  1.541e-01  1.713e-01  1.897e-01  2.093e-01  2.301e-01  2.520e-01  2.752e-01  2.995e-01  3.249e-01  3.514e-01  3.790e-01  4.076e-01  4.371e-01  4.675e-01  4.987e-01  5.307e-01  5.634e-01  5.967e-01  6.306e-01  6.650e-01  6.997e-01  7.346e-01  7.693e-01  8.037e-01  8.371e-01  8.689e-01  8.982e-01  9.237e-01  9.437e-01 	
 4.178e-03  1.431e-02  2.084e-02  2.197e-02  2.311e-02  2.553e-02  2.920e-02  3.403e-02  4.001e-02  4.714e-02  5.548e-02  6.508e-02  7.600e-02  8.832e-02  1.021e-01  1.174e-01  1.343e-01  1.528e-01  1.729e-01  1.948e-01  2.183e-01  2.436e-01  2.705e-01  2.991e-01  3.294e-01  3.611e-01  3.944e-01  4.290e-01  4.650e-01  5.022e-01  5.404e-01  5.796e-01  6.196e-01  6.603e-01  7.017e-01  7.434e-01  7.856e-01  8.280e-01  8.704e-01  9.129e-01  9.553e-01  9.973e-01  1.039e+00  1.080e+00  1.119e+00  1.157e+00  1.192e+00  1.224e+00  1.251e+00  1.270e+00 	
 5.081e-03  1.739e-02  2.635e-02  2.924e-02  3.204e-02  3.644e-02  4.259e-02  5.048e-02  6.012e-02  7.159e-02  8.497e-02  1.004e-01  1.179e-01  1.376e-01  1.596e-01  1.840e-01  2.108e-01  2.400e-01  2.716e-01  3.055e-01  3.418e-01  3.803e-01  4.208e-01  4.633e-01  5.076e-01  5.533e-01  6.005e-01  6.487e-01  6.979e-01  7.478e-01  7.981e-01  8.486e-01  8.993e-01  9.497e-01  9.999e-01  1.050e+00  1.099e+00  1.147e+00  1.195e+00  1.241e+00  1.287e+00  1.331e+00  1.374e+00  1.415e+00  1.455e+00  1.492e+00  1.525e+00  1.555e+00  1.579e+00  1.596e+00 	
 6.235e-03  2.130e-02  3.355e-02  3.916e-02  4.465e-02  5.226e-02  6.239e-02  7.513e-02  9.060e-02  1.090e-01  1.303e-01  1.548e-01  1.827e-01  2.139e-01  2.485e-01  2.865e-01  3.278e-01  3.724e-01  4.200e-01  4.703e-01  5.232e-01  5.783e-01  6.351e-01  6.934e-01  7.528e-01  8.128e-01  8.731e-01  9.334e-01  9.933e-01  1.053e+00  1.111e+00  1.168e+00  1.224e+00  1.279e+00  1.331e+00  1.382e+00  1.432e+00  1.479e+00  1.525e+00  1.569e+00  1.611e+00  1.651e+00  1.689e+00  1.725e+00  1.759e+00  1.790e+00  1.818e+00  1.842e+00  1.861e+00  1.874e+00 	
 7.723e-03  2.632e-02  4.302e-02  5.271e-02  6.245e-02  7.517e-02  9.158e-02  1.120e-01  1.366e-01  1.657e-01  1.995e-01  2.380e-01  2.813e-01  3.294e-01  3.821e-01  4.390e-01  4.998e-01  5.640e-01  6.310e-01  7.001e-01  7.708e-01  8.424e-01  9.142e-01  9.857e-01  1.056e+00  1.126e+00  1.193e+00  1.259e+00  1.323e+00  1.384e+00  1.442e+00  1.498e+00  1.551e+00  1.602e+00  1.650e+00  1.695e+00  1.738e+00  1.778e+00  1.816e+00  1.852e+00  1.886e+00  1.917e+00  1.947e+00  1.974e+00  2.000e+00  2.023e+00  2.043e+00  2.060e+00  2.074e+00  2.082e+00 	
 9.661e-03  3.282e-02  5.552e-02  7.122e-02  8.755e-02  1.082e-01  1.344e-01  1.667e-01  2.054e-01  2.508e-01  3.030e-01  3.617e-01  4.268e-01  4.975e-01  5.732e-01  6.529e-01  7.356e-01  8.201e-01  9.054e-01  9.905e-01  1.075e+00  1.157e+00  1.236e+00  1.313e+00  1.386e+00  1.456e+00  1.521e+00  1.583e+00  1.642e+00  1.696e+00  1.747e+00  1.794e+00  1.838e+00  1.879e+00  1.917e+00  1.952e+00  1.985e+00  2.015e+00  2.043e+00  2.068e+00  2.092e+00  2.114e+00  2.134e+00  2.153e+00  2.170e+00  2.185e+00  2.198e+00  2.209e+00  2.217e+00  2.222e+00 	
 1.221e-02  4.132e-02  7.212e-02  9.650e-02  1.228e-01  1.556e-01  1.967e-01  2.468e-01  3.062e-01  3.749e-01  4.523e-01  5.374e-01  6.290e-01  7.253e-01  8.247e-01  9.254e-01  1.026e+00  1.124e+00  1.219e+00  1.311e+00  1.397e+00  1.479e+00  1.555e+00  1.626e+00  1.692e+00  1.753e+00  1.809e+00  1.860e+00  1.906e+00  1.949e+00  1.988e+00  2.024e+00  2.056e+00  2.085e+00  2.112e+00  2.137e+00  2.159e+00  2.179e+00  2.197e+00  2.214e+00  2.229e+00  2.243e+00  2.255e+00  2.266e+00  2.276e+00  2.285e+00  2.292e+00  2.299e+00  2.303e+00  2.305e+00 	
 1.559e-02  5.256e-02  9.427e-02  1.310e-01  1.719e-01  2.228e-01  2.856e-01  3.611e-01  4.489e-01  5.476e-01  6.551e-01  7.689e-01  8.861e-01  1.004e+00  1.119e+00  1.231e+00  1.337e+00  1.436e+00  1.528e+00  1.613e+00  1.691e+00  1.761e+00  1.825e+00  1.883e+00  1.935e+00  1.981e+00  2.023e+00  2.061e+00  2.095e+00  2.125e+00  2.152e+00  2.176e+00  2.197e+00  2.216e+00  2.234e+00  2.249e+00  2.262e+00  2.275e+00  2.285e+00  2.295e+00  2.304e+00  2.311e+00  2.318e+00  2.324e+00  2.329e+00  2.334e+00  2.337e+00  2.340e+00  2.342e+00  2.343e+00 	
 2.012e-02  6.758e-02  1.240e-01  1.780e-01  2.399e-01  3.162e-01  4.091e-01  5.179e-01  6.401e-01  7.720e-01  9.089e-01  1.046e+00  1.180e+00  1.307e+00  1.426e+00  1.534e+00  1.633e+00  1.722e+00  1.800e+00  1.871e+00  1.933e+00  1.987e+00  2.035e+00  2.078e+00  2.115e+00  2.148e+00  2.176e+00  2.201e+00  2.223e+00  2.242e+00  2.259e+00  2.274e+00  2.287e+00  2.298e+00  2.307e+00  2.316e+00  2.323e+00  2.330e+00  2.335e+00  2.340e+00  2.344e+00  2.347e+00  2.350e+00  2.352e+00  2.354e+00  2.356e+00  2.357e+00  2.358e+00  2.358e+00  2.358e+00 	
 2.626e-02  8.788e-02  1.640e-01  2.416e-01  3.322e-01  4.427e-01  5.735e-01  7.206e-01  8.779e-01  1.038e+00  1.195e+00  1.343e+00  1.479e+00  1.601e+00  1.710e+00  1.805e+00  1.888e+00  1.960e+00  2.021e+00  2.074e+00  2.120e+00  2.159e+00  2.192e+00  2.221e+00  2.245e+00  2.266e+00  2.283e+00  2.298e+00  2.311e+00  2.322e+00  2.331e+00  2.338e+00  2.345e+00  2.350e+00  2.354e+00  2.358e+00  2.360e+00  2.362e+00  2.364e+00  2.365e+00  2.366e+00  2.366e+00  2.366e+00  2.366e+00  2.366e+00  2.365e+00  2.364e+00  2.364e+00  2.363e+00  2.361e+00 	
 3.466e-02  1.156e-01  2.181e-01  3.270e-01  4.550e-01  6.071e-01  7.795e-01  9.629e-01  1.147e+00  1.322e+00  1.483e+00  1.626e+00  1.751e+00  1.858e+00  1.948e+00  2.024e+00  2.088e+00  2.141e+00  2.186e+00  2.222e+00  2.253e+00  2.278e+00  2.299e+00  2.316e+00  2.330e+00  2.341e+00  2.350e+00  2.357e+00  2.363e+00  2.367e+00  2.370e+00  2.373e+00  2.374e+00  2.375e+00  2.375e+00  2.375e+00  2.375e+00  2.374e+00  2.373e+00  2.372e+00  2.370e+00  2.368e+00  2.367e+00  2.365e+00  2.363e+00  2.361e+00  2.359e+00  2.357e+00  2.355e+00  2.353e+00 	
 4.627e-02  1.537e-01  2.910e-01  4.397e-01  6.123e-01  8.091e-01  1.019e+00  1.226e+00  1.420e+00  1.592e+00  1.740e+00  1.864e+00  1.967e+00  2.051e+00  2.119e+00  2.174e+00  2.219e+00  2.255e+00  2.283e+00  2.306e+00  2.325e+00  2.339e+00  2.350e+00  2.359e+00  2.365e+00  2.370e+00  2.374e+00  2.376e+00  2.377e+00  2.378e+00  2.378e+00  2.377e+00  2.376e+00  2.374e+00  2.373e+00  2.371e+00  2.368e+00  2.366e+00  2.364e+00  2.361e+00  2.359e+00  2.356e+00  2.353e+00  2.351e+00  2.348e+00  2.346e+00  2.343e+00  2.341e+00  2.339e+00  2.337e+00 	
 6.243e-02  2.064e-01  3.885e-01  5.847e-01  8.047e-01  1.041e+00  1.273e+00  1.486e+00  1.670e+00  1.822e+00  1.944e+00  2.042e+00  2.118e+00  2.178e+00  2.224e+00  2.260e+00  2.288e+00  2.310e+00  2.327e+00  2.339e+00  2.349e+00  2.355e+00  2.360e+00  2.364e+00  2.366e+00  2.367e+00  2.367e+00  2.367e+00  2.366e+00  2.364e+00  2.363e+00  2.361e+00  2.358e+00  2.356e+00  2.353e+00  2.351e+00  2.348e+00  2.345e+00  2.342e+00  2.339e+00  2.336e+00  2.334e+00  2.331e+00  2.328e+00  2.325e+00  2.323e+00  2.320e+00  2.318e+00  2.316e+00  2.314e+00 	
 8.511e-02  2.793e-01  5.169e-01  7.644e-01  1.027e+00  1.286e+00  1.522e+00  1.721e+00  1.882e+00  2.007e+00  2.103e+00  2.176e+00  2.231e+00  2.272e+00  2.303e+00  2.326e+00  2.343e+00  2.355e+00  2.363e+00  2.369e+00  2.373e+00  2.375e+00  2.375e+00  2.375e+00  2.373e+00  2.372e+00  2.369e+00  2.366e+00  2.364e+00  2.360e+00  2.357e+00  2.354e+00  2.350e+00  2.346e+00  2.343e+00  2.339e+00  2.336e+00  2.332e+00  2.329e+00  2.325e+00  2.322e+00  2.319e+00  2.315e+00  2.312e+00  2.309e+00  2.306e+00  2.304e+00  2.301e+00  2.298e+00  2.296e+00 	
 1.171e-01  3.795e-01  6.814e-01  9.766e-01  1.266e+00  1.528e+00  1.748e+00  1.920e+00  2.051e+00  2.148e+00  2.218e+00  2.270e+00  2.306e+00  2.333e+00  2.351e+00  2.363e+00  2.371e+00  2.376e+00  2.379e+00  2.379e+00  2.379e+00  2.377e+00  2.374e+00  2.371e+00  2.368e+00  2.364e+00  2.360e+00  2.356e+00  2.352e+00  2.347e+00  2.343e+00  2.339e+00  2.335e+00  2.330e+00  2.326e+00  2.322e+00  2.318e+00  2.315e+00  2.311e+00  2.307e+00  2.304e+00  2.300e+00  2.297e+00  2.293e+00  2.290e+00  2.287e+00  2.284e+00  2.282e+00  2.279e+00  2.277e+00 	
 1.623e-01  5.145e-01  8.838e-01  1.213e+00  1.506e+00  1.751e+00  1.939e+00  2.078e+00  2.176e+00  2.244e+00  2.290e+00  2.321e+00  2.342e+00  2.355e+00  2.362e+00  2.366e+00  2.367e+00  2.366e+00  2.364e+00  2.362e+00  2.358e+00  2.354e+00  2.350e+00  2.346e+00  2.342e+00  2.337e+00  2.333e+00  2.328e+00  2.324e+00  2.320e+00  2.315e+00  2.311e+00  2.307e+00  2.303e+00  2.299e+00  2.296e+00  2.292e+00  2.288e+00  2.285e+00  2.282e+00  2.278e+00  2.275e+00  2.272e+00  2.269e+00  2.266e+00  2.263e+00  2.261e+00  2.258e+00  2.256e+00  2.254e+00 	
 2.259e-01  6.913e-01  1.120e+00  1.458e+00  1.732e+00  1.942e+00  2.093e+00  2.197e+00  2.267e+00  2.313e+00  2.342e+00  2.360e+00  2.371e+00  2.376e+00  2.378e+00  2.377e+00  2.375e+00  2.371e+00  2.367e+00  2.362e+00  2.356e+00  2.351e+00  2.346e+00  2.340e+00  2.335e+00  2.329e+00  2.324e+00  2.319e+00  2.314e+00  2.309e+00  2.304e+00  2.299e+00  2.295e+00  2.291e+00  2.286e+00  2.282e+00  2.278e+00  2.275e+00  2.271e+00  2.267e+00  2.264e+00  2.260e+00  2.257e+00  2.254e+00  2.251e+00  2.248e+00  2.245e+00  2.243e+00  2.240e+00  2.238e+00 	
 3.147e-01  9.124e-01  1.376e+00  1.694e+00  1.929e+00  2.096e+00  2.208e+00  2.280e+00  2.324e+00  2.350e+00  2.364e+00  2.371e+00  2.372e+00  2.370e+00  2.367e+00  2.362e+00  2.356e+00  2.350e+00  2.344e+00  2.338e+00  2.332e+00  2.326e+00  2.320e+00  2.314e+00  2.308e+00  2.303e+00  2.298e+00  2.293e+00  2.288e+00  2.283e+00  2.279e+00  2.274e+00  2.270e+00  2.266e+00  2.262e+00  2.258e+00  2.255e+00  2.251e+00  2.248e+00  2.244e+00  2.241e+00  2.238e+00  2.235e+00  2.232e+00  2.230e+00  2.227e+00  2.225e+00  2.222e+00  2.220e+00  2.218e+00 	
 4.364e-01  1.173e+00  1.634e+00  1.906e+00  2.090e+00  2.212e+00  2.288e+00  2.333e+00  2.358e+00  2.370e+00  2.374e+00  2.373e+00  2.370e+00  2.364e+00  2.358e+00  2.350e+00  2.343e+00  2.336e+00  2.329e+00  2.322e+00  2.315e+00  2.309e+00  2.302e+00  2.296e+00  2.290e+00  2.285e+00  2.280e+00  2.275e+00  2.270e+00  2.265e+00  2.260e+00  2.256e+00  2.252e+00  2.248e+00  2.244e+00  2.240e+00  2.237e+00  2.233e+00  2.230e+00  2.227e+00  2.224e+00  2.221e+00  2.218e+00  2.215e+00  2.213e+00  2.210e+00  2.208e+00  2.205e+00  2.203e+00  2.201e+00 	
 5.992e-01  1.459e+00  1.876e+00  2.083e+00  2.213e+00  2.293e+00  2.340e+00  2.364e+00  2.375e+00  2.377e+00  2.374e+00  2.369e+00  2.362e+00  2.355e+00  2.347e+00  2.339e+00  2.331e+00  2.323e+00  2.315e+00  2.308e+00  2.301e+00  2.294e+00  2.288e+00  2.282e+00  2.276e+00  2.270e+00  2.264e+00  2.259e+00  2.254e+00  2.250e+00  2.245e+00  2.241e+00  2.236e+00  2.232e+00  2.229e+00  2.225e+00  2.221e+00  2.218e+00  2.215e+00  2.212e+00  2.209e+00  2.206e+00  2.203e+00  2.200e+00  2.198e+00  2.195e+00  2.193e+00  2.190e+00  2.188e+00  2.186e+00 	
 8.088e-01  1.750e+00  2.085e+00  2.221e+00  2.301e+00  2.347e+00  2.369e+00  2.377e+00  2.377e+00  2.372e+00  2.364e+00  2.355e+00  2.346e+00  2.337e+00  2.328e+00  2.319e+00  2.310e+00  2.302e+00  2.294e+00  2.287e+00  2.280e+00  2.273e+00  2.267e+00  2.261e+00  2.255e+00  2.249e+00  2.244e+00  2.239e+00  2.235e+00  2.230e+00  2.226e+00  2.222e+00  2.218e+00  2.214e+00  2.210e+00  2.207e+00  2.204e+00  2.200e+00  2.197e+00  2.194e+00  2.192e+00  2.189e+00  2.186e+00  2.184e+00  2.181e+00  2.179e+00  2.177e+00  2.175e+00  2.173e+00  2.171e+00 	
 1.065e+00  2.019e+00  2.250e+00  2.320e+00  2.358e+00  2.377e+00  2.382e+00  2.378e+00  2.370e+00  2.360e+00  2.349e+00  2.337e+00  2.327e+00  2.316e+00  2.306e+00  2.297e+00  2.288e+00  2.280e+00  2.272e+00  2.265e+00  2.258e+00  2.251e+00  2.245e+00  2.240e+00  2.234e+00  2.229e+00  2.224e+00  2.219e+00  2.215e+00  2.211e+00  2.207e+00  2.203e+00  2.199e+00  2.196e+00  2.193e+00  2.189e+00  2.186e+00  2.183e+00  2.181e+00  2.178e+00  2.175e+00  2.173e+00  2.171e+00  2.168e+00  2.166e+00  2.164e+00  2.162e+00  2.160e+00  2.158e+00  2.156e+00 	
 1.359e+00  2.247e+00  2.372e+00  2.386e+00  2.391e+00  2.390e+00  2.382e+00  2.371e+00  2.358e+00  2.345e+00  2.332e+00  2.320e+00  2.308e+00  2.298e+00  2.288e+00  2.279e+00  2.270e+00  2.262e+00  2.254e+00  2.247e+00  2.241e+00  2.234e+00  2.228e+00  2.223e+00  2.218e+00  2.213e+00  2.208e+00  2.204e+00  2.200e+00  2.196e+00  2.192e+00  2.188e+00  2.185e+00  2.181e+00  2.178e+00  2.175e+00  2.172e+00  2.170e+00  2.167e+00  2.164e+00  2.162e+00  2.160e+00  2.157e+00  2.155e+00  2.153e+00  2.151e+00  2.149e+00  2.147e+00  2.145e+00  2.143e+00 	
 1.668e+00  2.425e+00  2.454e+00  2.425e+00  2.407e+00  2.391e+00  2.374e+00  2.358e+00  2.341e+00  2.326e+00  2.312e+00  2.299e+00  2.287e+00  2.276e+00  2.266e+00  2.257e+00  2.249e+00  2.241e+00  2.234e+00  2.227e+00  2.221e+00  2.215e+00  2.209e+00  2.204e+00  2.199e+00  2.195e+00  2.190e+00  2.186e+00  2.182e+00  2.179e+00  2.175e+00  2.172e+00  2.169e+00  2.166e+00  2.163e+00  2.160e+00  2.157e+00  2.155e+00  2.152e+00  2.150e+00  2.148e+00  2.146e+00  2.144e+00  2.142e+00  2.140e+00  2.138e+00  2.136e+00  2.135e+00  2.133e+00  2.131e+00 	
 1.960e+00  2.548e+00  2.501e+00  2.443e+00  2.409e+00  2.383e+00  2.361e+00  2.341e+00  2.323e+00  2.306e+00  2.292e+00  2.279e+00  2.267e+00  2.256e+00  2.246e+00  2.237e+00  2.229e+00  2.222e+00  2.215e+00  2.209e+00  2.203e+00  2.197e+00  2.192e+00  2.187e+00  2.183e+00  2.179e+00  2.175e+00  2.171e+00  2.167e+00  2.164e+00  2.161e+00  2.158e+00  2.155e+00  2.152e+00  2.149e+00  2.147e+00  2.144e+00  2.142e+00  2.140e+00  2.138e+00  2.136e+00  2.134e+00  2.132e+00  2.130e+00  2.128e+00  2.127e+00  2.125e+00  2.123e+00  2.121e+00  2.120e+00 	
 2.206e+00  2.623e+00  2.523e+00  2.446e+00  2.401e+00  2.369e+00  2.344e+00  2.322e+00  2.303e+00  2.286e+00  2.271e+00  2.258e+00  2.246e+00  2.236e+00  2.226e+00  2.218e+00  2.210e+00  2.203e+00  2.196e+00  2.190e+00  2.185e+00  2.180e+00  2.175e+00  2.171e+00  2.166e+00  2.163e+00  2.159e+00  2.155e+00  2.152e+00  2.149e+00  2.146e+00  2.143e+00  2.141e+00  2.138e+00  2.136e+00  2.134e+00  2.131e+00  2.129e+00  2.127e+00  2.125e+00  2.124e+00  2.122e+00  2.120e+00  2.119e+00  2.117e+00  2.115e+00  2.114e+00  2.112e+00  2.111e+00  2.109e+00 	
 2.391e+00  2.660e+00  2.525e+00  2.438e+00  2.387e+00  2.352e+00  2.324e+00  2.302e+00  2.283e+00  2.266e+00  2.252e+00  2.239e+00  2.228e+00  2.218e+00  2.209e+00  2.201e+00  2.194e+00  2.187e+00  2.181e+00  2.176e+00  2.171e+00  2.166e+00  2.161e+00  2.157e+00  2.153e+00  2.150e+00  2.146e+00  2.143e+00  2.140e+00  2.137e+00  2.134e+00  2.132e+00  2.129e+00  2.127e+00  2.125e+00  2.123e+00  2.121e+00  2.119e+00  2.117e+00  2.115e+00  2.113e+00  2.112e+00  2.110e+00  2.109e+00  2.107e+00  2.106e+00  2.104e+00  2.103e+00  2.101e+00  2.100e+00 	
 2.514e+00  2.668e+00  2.515e+00  2.423e+00  2.369e+00  2.332e+00  2.304e+00  2.282e+00  2.263e+00  2.247e+00  2.234e+00  2.222e+00  2.211e+00  2.202e+00  2.194e+00  2.186e+00  2.179e+00  2.173e+00  2.167e+00  2.162e+00  2.157e+00  2.153e+00  2.149e+00  2.145e+00  2.141e+00  2.138e+00  2.135e+00  2.132e+00  2.129e+00  2.126e+00  2.124e+00  2.121e+00  2.119e+00  2.117e+00  2.115e+00  2.113e+00  2.111e+00  2.109e+00  2.108e+00  2.106e+00  2.104e+00  2.103e+00  2.101e+00  2.100e+00  2.099e+00  2.097e+00  2.096e+00  2.094e+00  2.093e+00  2.091e+00 	
 2.584e+00  2.656e+00  2.496e+00  2.403e+00  2.348e+00  2.311e+00  2.284e+00  2.262e+00  2.244e+00  2.228e+00  2.215e+00  2.204e+00  2.194e+00  2.186e+00  2.178e+00  2.171e+00  2.164e+00  2.159e+00  2.153e+00  2.149e+00  2.144e+00  2.140e+00  2.136e+00  2.133e+00  2.129e+00  2.126e+00  2.123e+00  2.121e+00  2.118e+00  2.116e+00  2.113e+00  2.111e+00  2.109e+00  2.107e+00  2.105e+00  2.103e+00  2.101e+00  2.100e+00  2.098e+00  2.097e+00  2.095e+00  2.094e+00  2.093e+00  2.091e+00  2.090e+00  2.089e+00  2.088e+00  2.086e+00  2.085e+00  2.083e+00 	
 2.615e+00  2.633e+00  2.472e+00  2.380e+00  2.326e+00  2.290e+00  2.263e+00  2.242e+00  2.225e+00  2.211e+00  2.198e+00  2.188e+00  2.178e+00  2.170e+00  2.163e+00  2.157e+00  2.151e+00  2.145e+00  2.140e+00  2.136e+00  2.132e+00  2.128e+00  2.125e+00  2.121e+00  2.118e+00  2.115e+00  2.113e+00  2.110e+00  2.108e+00  2.106e+00  2.103e+00  2.101e+00  2.099e+00  2.098e+00  2.096e+00  2.094e+00  2.093e+00  2.091e+00  2.090e+00  2.088e+00  2.087e+00  2.086e+00  2.085e+00  2.083e+00  2.082e+00  2.081e+00  2.080e+00  2.079e+00  2.077e+00  2.076e+00 	
 2.619e+00  2.603e+00  2.445e+00  2.357e+00  2.305e+00  2.269e+00  2.244e+00  2.224e+00  2.208e+00  2.194e+00  2.183e+00  2.173e+00  2.165e+00  2.158e+00  2.151e+00  2.145e+00  2.140e+00  2.135e+00  2.130e+00  2.126e+00  2.122e+00  2.119e+00  2.116e+00  2.112e+00  2.110e+00  2.107e+00  2.104e+00  2.102e+00  2.100e+00  2.098e+00  2.096e+00  2.094e+00  2.092e+00  2.090e+00  2.089e+00  2.087e+00  2.086e+00  2.084e+00  2.083e+00  2.081e+00  2.080e+00  2.079e+00  2.078e+00  2.077e+00  2.076e+00  2.075e+00  2.074e+00  2.072e+00  2.071e+00  2.069e+00 	
 2.606e+00  2.569e+00  2.418e+00  2.333e+00  2.283e+00  2.250e+00  2.225e+00  2.206e+00  2.191e+00  2.179e+00  2.168e+00  2.159e+00  2.152e+00  2.145e+00  2.139e+00  2.133e+00  2.128e+00  2.124e+00  2.119e+00  2.116e+00  2.112e+00  2.109e+00  2.106e+00  2.103e+00  2.100e+00  2.098e+00  2.096e+00  2.093e+00  2.091e+00  2.089e+00  2.087e+00  2.086e+00  2.084e+00  2.082e+00  2.081e+00  2.080e+00  2.078e+00  2.077e+00  2.076e+00  2.074e+00  2.073e+00  2.072e+00  2.071e+00  2.070e+00  2.069e+00  2.068e+00  2.067e+00  2.066e+00  2.065e+00  2.063e+00 	
 2.585e+00  2.534e+00  2.390e+00  2.310e+00  2.262e+00  2.231e+00  2.208e+00  2.190e+00  2.176e+00  2.164e+00  2.155e+00  2.146e+00  2.139e+00  2.133e+00  2.127e+00  2.122e+00  2.117e+00  2.113e+00  2.109e+00  2.106e+00  2.102e+00  2.099e+00  2.097e+00  2.094e+00  2.092e+00  2.089e+00  2.087e+00  2.085e+00  2.083e+00  2.082e+00  2.080e+00  2.078e+00  2.077e+00  2.075e+00  2.074e+00  2.073e+00  2.071e+00  2.070e+00  2.069e+00  2.068e+00  2.067e+00  2.066e+00  2.065e+00  2.064e+00  2.063e+00  2.062e+00  2.061e+00  2.060e+00  2.059e+00  2.057e+00 	
 2.559e+00  2.500e+00  2.363e+00  2.288e+00  2.243e+00  2.213e+00  2.191e+00  2.175e+00  2.162e+00  2.151e+00  2.142e+00  2.134e+00  2.127e+00  2.121e+00  2.116e+00  2.111e+00  2.107e+00  2.103e+00  2.100e+00  2.097e+00  2.094e+00  2.091e+00  2.088e+00  2.086e+00  2.084e+00  2.082e+00  2.080e+00  2.078e+00  2.076e+00  2.075e+00  2.073e+00  2.072e+00  2.070e+00  2.069e+00  2.068e+00  2.066e+00  2.065e+00  2.064e+00  2.063e+00  2.062e+00  2.061e+00  2.060e+00  2.060e+00  2.059e+00  2.058e+00  2.057e+00  2.056e+00  2.055e+00  2.053e+00  2.052e+00 	
 2.530e+00  2.466e+00  2.337e+00  2.266e+00  2.224e+00  2.196e+00  2.176e+00  2.160e+00  2.148e+00  2.138e+00  2.130e+00  2.123e+00  2.116e+00  2.111e+00  2.106e+00  2.102e+00  2.098e+00  2.094e+00  2.091e+00  2.088e+00  2.085e+00  2.083e+00  2.081e+00  2.078e+00  2.076e+00  2.075e+00  2.073e+00  2.071e+00  2.069e+00  2.068e+00  2.067e+00  2.065e+00  2.064e+00  2.063e+00  2.062e+00  2.061e+00  2.060e+00  2.059e+00  2.058e+00  2.057e+00  2.056e+00  2.055e+00  2.054e+00  2.054e+00  2.053e+00  2.052e+00  2.051e+00  2.050e+00  2.049e+00  2.047e+00 	
 2.500e+00  2.435e+00  2.313e+00  2.246e+00  2.206e+00  2.180e+00  2.161e+00  2.147e+00  2.136e+00  2.127e+00  2.119e+00  2.112e+00  2.107e+00  2.101e+00  2.097e+00  2.093e+00  2.089e+00  2.086e+00  2.083e+00  2.080e+00  2.078e+00  2.076e+00  2.074e+00  2.072e+00  2.070e+00  2.068e+00  2.066e+00  2.065e+00  2.063e+00  2.062e+00  2.061e+00  2.060e+00  2.058e+00  2.057e+00  2.056e+00  2.055e+00  2.054e+00  2.053e+00  2.053e+00  2.052e+00  2.051e+00  2.050e+00  2.050e+00  2.049e+00  2.048e+00  2.047e+00  2.047e+00  2.045e+00  2.044e+00  2.042e+00 	
 2.470e+00  2.405e+00  2.289e+00  2.227e+00  2.190e+00  2.166e+00  2.148e+00  2.135e+00  2.125e+00  2.116e+00  2.109e+00  2.103e+00  2.098e+00  2.093e+00  2.089e+00  2.085e+00  2.082e+00  2.079e+00  2.076e+00  2.074e+00  2.071e+00  2.069e+00  2.067e+00  2.066e+00  2.064e+00  2.062e+00  2.061e+00  2.059e+00  2.058e+00  2.057e+00  2.056e+00  2.054e+00  2.053e+00  2.052e+00  2.051e+00  2.051e+00  2.050e+00  2.049e+00  2.048e+00  2.047e+00  2.047e+00  2.046e+00  2.045e+00  2.045e+00  2.044e+00  2.043e+00  2.043e+00  2.041e+00  2.040e+00  2.038e+00 	
 2.440e+00  2.376e+00  2.268e+00  2.209e+00  2.175e+00  2.152e+00  2.136e+00  2.124e+00  2.114e+00  2.106e+00  2.100e+00  2.094e+00  2.089e+00  2.085e+00  2.081e+00  2.078e+00  2.075e+00  2.072e+00  2.070e+00  2.067e+00  2.065e+00  2.063e+00  2.062e+00  2.060e+00  2.058e+00  2.057e+00  2.056e+00  2.054e+00  2.053e+00  2.052e+00  2.051e+00  2.050e+00  2.049e+00  2.048e+00  2.047e+00  2.046e+00  2.045e+00  2.045e+00  2.044e+00  2.043e+00  2.043e+00  2.042e+00  2.042e+00  2.041e+00  2.040e+00  2.040e+00  2.039e+00  2.038e+00  2.036e+00  2.034e+00 	
 2.411e+00  2.350e+00  2.248e+00  2.193e+00  2.161e+00  2.140e+00  2.125e+00  2.114e+00  2.105e+00  2.098e+00  2.091e+00  2.086e+00  2.082e+00  2.078e+00  2.074e+00  2.071e+00  2.069e+00  2.066e+00  2.064e+00  2.062e+00  2.060e+00  2.058e+00  2.056e+00  2.055e+00  2.053e+00  2.052e+00  2.051e+00  2.050e+00  2.048e+00  2.047e+00  2.046e+00  2.046e+00  2.045e+00  2.044e+00  2.043e+00  2.042e+00  2.042e+00  2.041e+00  2.040e+00  2.040e+00  2.039e+00  2.039e+00  2.038e+00  2.038e+00  2.037e+00  2.036e+00  2.036e+00  2.034e+00  2.033e+00  2.030e+00 	
 2.378e+00  2.324e+00  2.229e+00  2.179e+00  2.149e+00  2.129e+00  2.115e+00  2.105e+00  2.096e+00  2.090e+00  2.084e+00  2.079e+00  2.075e+00  2.072e+00  2.068e+00  2.066e+00  2.063e+00  2.061e+00  2.059e+00  2.057e+00  2.055e+00  2.053e+00  2.052e+00  2.050e+00  2.049e+00  2.048e+00  2.047e+00  2.046e+00  2.045e+00  2.044e+00  2.043e+00  2.042e+00  2.041e+00  2.040e+00  2.040e+00  2.039e+00  2.038e+00  2.038e+00  2.037e+00  2.037e+00  2.036e+00  2.036e+00  2.035e+00  2.035e+00  2.034e+00  2.034e+00  2.033e+00  2.031e+00  2.029e+00  2.026e+00 	
 2.334e+00  2.294e+00  2.210e+00  2.163e+00  2.136e+00  2.118e+00  2.106e+00  2.096e+00  2.089e+00  2.082e+00  2.077e+00  2.073e+00  2.069e+00  2.066e+00  2.063e+00  2.060e+00  2.058e+00  2.056e+00  2.054e+00  2.052e+00  2.051e+00  2.049e+00  2.048e+00  2.047e+00  2.045e+00  2.044e+00  2.043e+00  2.042e+00  2.041e+00  2.041e+00  2.040e+00  2.039e+00  2.038e+00  2.038e+00  2.037e+00  2.036e+00  2.036e+00  2.035e+00  2.035e+00  2.034e+00  2.034e+00  2.034e+00  2.033e+00  2.033e+00  2.032e+00  2.031e+00  2.030e+00  2.028e+00  2.026e+00  2.022e+00 	
 2.257e+00  2.252e+00  2.183e+00  2.143e+00  2.119e+00  2.103e+00  2.092e+00  2.083e+00  2.077e+00  2.071e+00  2.067e+00  2.063e+00  2.060e+00  2.057e+00  2.054e+00  2.052e+00  2.050e+00  2.048e+00  2.046e+00  2.045e+00  2.043e+00  2.042e+00  2.041e+00  2.040e+00  2.039e+00  2.038e+00  2.037e+00  2.036e+00  2.035e+00  2.034e+00  2.033e+00  2.033e+00  2.032e+00  2.031e+00  2.031e+00  2.030e+00  2.030e+00  2.029e+00  2.029e+00  2.028e+00  2.028e+00  2.027e+00  2.027e+00  2.026e+00  2.025e+00  2.024e+00  2.022e+00  2.019e+00  2.015e+00  2.008e+00 	
