 1.697e+00  1.745e+00  1.797e+00  1.854e+00  1.918e+00  1.990e+00  2.072e+00  2.169e+00  2.287e+00  2.443e+00  2.678e+00  3.163e+00  4.051e+00  4.340e+00  4.220e+00  2.919e+00  1.711e+00  9.946e-01  5.903e-01  3.590e-01  2.219e-01  1.383e-01  8.670e-02  5.477e-02  3.482e-02  2.223e-02  1.428e-02  9.322e-03  6.106e-03  4.004e-03  2.657e-03  1.828e-03  1.323e-03  1.029e-03  8.822e-04  8.573e-04  9.288e-04  1.104e-03  1.414e-03  1.941e-03  2.842e-03  4.544e-03  8.396e-03  2.010e-02  6.362e-02  1.646e-01  9.328e-02  4.105e-02  4.552e-02  6.574e-02 	
 1.818e+00  1.872e+00  1.931e+00  1.996e+00  2.066e+00  2.145e+00  2.233e+00  2.334e+00  2.451e+00  2.596e+00  2.794e+00  3.338e+00  4.101e+00  4.751e+00  4.738e+00  4.455e+00  3.121e+00  1.827e+00  1.060e+00  6.334e-01  3.869e-01  2.398e-01  1.500e-01  9.419e-02  5.934e-02  3.762e-02  2.407e-02  1.559e-02  1.009e-02  6.521e-03  4.257e-03  2.833e-03  1.963e-03  1.450e-03  1.176e-03  1.072e-03  1.103e-03  1.268e-03  1.596e-03  2.153e-03  3.118e-03  4.957e-03  9.245e-03  2.322e-02  8.227e-02  2.289e-01  1.164e-01  4.466e-02  4.955e-02  7.573e-02 	
 1.925e+00  1.983e+00  2.046e+00  2.113e+00  2.186e+00  2.265e+00  2.351e+00  2.446e+00  2.552e+00  2.676e+00  2.837e+00  3.091e+00  3.619e+00  4.337e+00  4.613e+00  4.646e+00  4.488e+00  3.406e+00  2.063e+00  1.208e+00  7.245e-01  4.443e-01  2.764e-01  1.728e-01  1.084e-01  6.836e-02  4.351e-02  2.805e-02  1.805e-02  1.158e-02  7.475e-03  4.886e-03  3.286e-03  2.321e-03  1.771e-03  1.504e-03  1.447e-03  1.576e-03  1.911e-03  2.526e-03  3.612e-03  5.702e-03  1.060e-02  2.670e-02  9.557e-02  2.677e-01  1.350e-01  5.111e-02  5.669e-02  8.742e-02 	
 2.017e+00  2.076e+00  2.139e+00  2.205e+00  2.276e+00  2.350e+00  2.428e+00  2.510e+00  2.595e+00  2.683e+00  2.767e+00  2.666e+00  2.892e+00  3.404e+00  4.052e+00  4.657e+00  4.680e+00  4.590e+00  3.766e+00  2.356e+00  1.391e+00  8.358e-01  5.134e-01  3.192e-01  1.993e-01  1.252e-01  7.929e-02  5.088e-02  3.258e-02  2.077e-02  1.328e-02  8.568e-03  5.637e-03  3.842e-03  2.780e-03  2.207e-03  1.975e-03  2.016e-03  2.331e-03  2.993e-03  4.215e-03  6.598e-03  1.221e-02  3.069e-02  1.097e-01  3.080e-01  1.555e-01  5.889e-02  6.536e-02  1.010e-01 	
 2.092e+00  2.150e+00  2.211e+00  2.273e+00  2.338e+00  2.404e+00  2.470e+00  2.534e+00  2.593e+00  2.637e+00  2.644e+00  2.559e+00  2.283e+00  2.413e+00  2.962e+00  3.971e+00  4.739e+00  4.672e+00  4.635e+00  4.071e+00  2.684e+00  1.606e+00  9.652e-01  5.922e-01  3.676e-01  2.299e-01  1.449e-01  9.259e-02  5.897e-02  3.735e-02  2.369e-02  1.513e-02  9.787e-03  6.491e-03  4.501e-03  3.363e-03  2.799e-03  2.659e-03  2.899e-03  3.582e-03  4.935e-03  7.644e-03  1.408e-02  3.529e-02  1.261e-01  3.549e-01  1.795e-01  6.804e-02  7.546e-02  1.165e-01 	
 2.152e+00  2.207e+00  2.263e+00  2.320e+00  2.377e+00  2.433e+00  2.487e+00  2.535e+00  2.573e+00  2.592e+00  2.572e+00  2.499e+00  2.318e+00  2.146e+00  2.242e+00  3.195e+00  3.909e+00  4.592e+00  4.657e+00  4.615e+00  4.233e+00  3.042e+00  1.856e+00  1.117e+00  6.835e-01  4.240e-01  2.662e-01  1.694e-01  1.074e-01  6.757e-02  4.255e-02  2.692e-02  1.719e-02  1.117e-02  7.486e-03  5.313e-03  4.131e-03  3.639e-03  3.703e-03  4.354e-03  5.820e-03  8.877e-03  1.624e-02  4.060e-02  1.450e-01  4.096e-01  2.077e-01  7.874e-02  8.722e-02  1.346e-01 	
 2.197e+00  2.248e+00  2.298e+00  2.348e+00  2.398e+00  2.444e+00  2.487e+00  2.524e+00  2.551e+00  2.566e+00  2.564e+00  2.475e+00  2.557e+00  2.621e+00  2.268e+00  2.416e+00  2.835e+00  3.700e+00  4.655e+00  4.669e+00  4.641e+00  4.436e+00  3.459e+00  2.158e+00  1.298e+00  7.909e-01  4.916e-01  3.116e-01  1.967e-01  1.231e-01  7.698e-02  4.831e-02  3.052e-02  1.950e-02  1.274e-02  8.671e-03  6.347e-03  5.188e-03  4.892e-03  5.408e-03  6.940e-03  1.035e-02  1.876e-02  4.669e-02  1.667e-01  4.732e-01  2.407e-01  9.131e-02  1.010e-01  1.554e-01 	
 2.229e+00  2.274e+00  2.319e+00  2.362e+00  2.404e+00  2.442e+00  2.476e+00  2.506e+00  2.528e+00  2.542e+00  2.541e+00  2.522e+00  2.571e+00  2.912e+00  2.697e+00  1.971e+00  2.200e+00  2.893e+00  3.676e+00  4.381e+00  4.792e+00  4.646e+00  4.557e+00  3.853e+00  2.503e+00  1.511e+00  9.200e-01  5.774e-01  3.625e-01  2.257e-01  1.403e-01  8.742e-02  5.472e-02  3.452e-02  2.210e-02  1.455e-02  1.012e-02  7.713e-03  6.717e-03  6.904e-03  8.404e-03  1.215e-02  2.170e-02  5.370e-02  1.916e-01  5.473e-01  2.796e-01  1.062e-01  1.171e-01  1.797e-01 	
 2.250e+00  2.290e+00  2.329e+00  2.365e+00  2.399e+00  2.430e+00  2.457e+00  2.481e+00  2.502e+00  2.524e+00  2.564e+00  2.688e+00  2.689e+00  2.934e+00  3.043e+00  2.523e+00  2.333e+00  2.280e+00  2.589e+00  3.338e+00  4.249e+00  4.711e+00  4.624e+00  4.584e+00  4.102e+00  2.878e+00  1.764e+00  1.090e+00  6.753e-01  4.168e-01  2.574e-01  1.594e-01  9.900e-02  6.179e-02  3.892e-02  2.498e-02  1.666e-02  1.194e-02  9.611e-03  9.110e-03  1.038e-02  1.440e-02  2.517e-02  6.176e-02  2.200e-01  6.338e-01  3.258e-01  1.238e-01  1.360e-01  2.080e-01 	
 2.262e+00  2.296e+00  2.329e+00  2.359e+00  2.387e+00  2.411e+00  2.431e+00  2.449e+00  2.465e+00  2.482e+00  2.505e+00  2.575e+00  2.591e+00  2.529e+00  2.717e+00  2.779e+00  2.676e+00  2.177e+00  2.101e+00  2.523e+00  3.427e+00  4.037e+00  4.828e+00  4.657e+00  4.616e+00  4.361e+00  3.335e+00  2.120e+00  1.291e+00  7.799e-01  4.756e-01  2.925e-01  1.805e-01  1.117e-01  6.946e-02  4.369e-02  2.818e-02  1.917e-02  1.434e-02  1.248e-02  1.316e-02  1.728e-02  2.932e-02  7.105e-02  2.525e-01  7.351e-01  3.812e-01  1.451e-01  1.586e-01  2.412e-01 	
 2.266e+00  2.296e+00  2.323e+00  2.347e+00  2.368e+00  2.386e+00  2.401e+00  2.412e+00  2.421e+00  2.430e+00  2.442e+00  2.441e+00  2.421e+00  2.539e+00  2.370e+00  2.590e+00  3.000e+00  2.679e+00  2.402e+00  2.063e+00  2.453e+00  3.040e+00  3.812e+00  4.536e+00  4.755e+00  4.641e+00  4.569e+00  3.857e+00  2.515e+00  1.497e+00  8.909e-01  5.406e-01  3.310e-01  2.033e-01  1.253e-01  7.758e-02  4.877e-02  3.178e-02  2.228e-02  1.780e-02  1.720e-02  2.108e-02  3.435e-02  8.176e-02  2.895e-01  8.542e-01  4.483e-01  1.711e-01  1.857e-01  2.804e-01 	
 2.265e+00  2.290e+00  2.312e+00  2.331e+00  2.347e+00  2.359e+00  2.368e+00  2.374e+00  2.377e+00  2.379e+00  2.386e+00  2.428e+00  2.482e+00  2.500e+00  2.701e+00  2.696e+00  2.795e+00  2.845e+00  2.870e+00  2.418e+00  2.185e+00  2.465e+00  2.897e+00  3.551e+00  4.397e+00  4.740e+00  4.625e+00  4.624e+00  4.139e+00  2.865e+00  1.707e+00  1.015e+00  6.120e-01  3.725e-01  2.276e-01  1.394e-01  8.594e-02  5.414e-02  3.590e-02  2.646e-02  2.328e-02  2.628e-02  4.057e-02  9.419e-02  3.315e-01  9.945e-01  5.309e-01  2.033e-01  2.186e-01  3.272e-01 	
 2.260e+00  2.281e+00  2.298e+00  2.313e+00  2.324e+00  2.333e+00  2.337e+00  2.339e+00  2.337e+00  2.332e+00  2.320e+00  2.271e+00  2.412e+00  2.467e+00  2.612e+00  2.600e+00  2.408e+00  2.506e+00  2.950e+00  2.805e+00  2.341e+00  2.018e+00  2.135e+00  2.630e+00  3.553e+00  4.146e+00  4.869e+00  4.681e+00  4.657e+00  4.369e+00  3.232e+00  1.947e+00  1.151e+00  6.880e-01  4.159e-01  2.525e-01  1.535e-01  9.421e-02  5.972e-02  4.091e-02  3.274e-02  3.359e-02  4.843e-02  1.087e-01  3.790e-01  1.160e+00  6.341e-01  2.441e-01  2.592e-01  3.834e-01 	
 2.252e+00  2.269e+00  2.283e+00  2.294e+00  2.302e+00  2.307e+00  2.309e+00  2.309e+00  2.307e+00  2.304e+00  2.306e+00  2.318e+00  2.333e+00  2.349e+00  2.430e+00  2.423e+00  2.672e+00  2.669e+00  2.661e+00  2.742e+00  2.744e+00  2.479e+00  2.236e+00  2.184e+00  2.505e+00  3.066e+00  3.875e+00  4.602e+00  4.801e+00  4.652e+00  4.500e+00  3.550e+00  2.196e+00  1.291e+00  7.649e-01  4.595e-01  2.763e-01  1.665e-01  1.019e-01  6.559e-02  4.787e-02  4.425e-02  5.860e-02  1.257e-01  4.324e-01  1.353e+00  7.656e-01  2.971e-01  3.101e-01  4.520e-01 	
 2.242e+00  2.256e+00  2.267e+00  2.275e+00  2.281e+00  2.284e+00  2.284e+00  2.283e+00  2.283e+00  2.285e+00  2.294e+00  2.317e+00  2.382e+00  2.425e+00  2.499e+00  2.443e+00  2.615e+00  2.632e+00  2.367e+00  2.284e+00  2.684e+00  2.827e+00  2.487e+00  2.198e+00  1.983e+00  2.335e+00  3.047e+00  3.626e+00  4.412e+00  4.726e+00  4.599e+00  4.510e+00  3.759e+00  2.430e+00  1.424e+00  8.413e-01  4.997e-01  2.971e-01  1.772e-01  1.084e-01  7.269e-02  6.021e-02  7.210e-02  1.458e-01  4.915e-01  1.574e+00  9.358e-01  3.679e-01  3.753e-01  5.372e-01 	
 2.231e+00  2.242e+00  2.251e+00  2.257e+00  2.261e+00  2.262e+00  2.262e+00  2.261e+00  2.261e+00  2.263e+00  2.274e+00  2.310e+00  2.401e+00  2.423e+00  2.440e+00  2.455e+00  2.519e+00  2.413e+00  2.474e+00  2.474e+00  2.482e+00  2.618e+00  2.757e+00  2.682e+00  2.311e+00  2.047e+00  2.194e+00  2.649e+00  3.553e+00  4.131e+00  4.861e+00  4.631e+00  4.519e+00  3.956e+00  2.649e+00  1.556e+00  9.079e-01  5.317e-01  3.113e-01  1.831e-01  1.141e-01  8.473e-02  9.044e-02  1.697e-01  5.558e-01  1.816e+00  1.159e+00  4.651e-01  4.607e-01  6.452e-01 	
 2.220e+00  2.229e+00  2.235e+00  2.240e+00  2.242e+00  2.242e+00  2.242e+00  2.240e+00  2.240e+00  2.243e+00  2.251e+00  2.263e+00  2.318e+00  2.324e+00  2.319e+00  2.371e+00  2.384e+00  2.384e+00  2.389e+00  2.564e+00  2.523e+00  2.401e+00  2.638e+00  2.870e+00  2.858e+00  2.526e+00  2.097e+00  2.154e+00  2.476e+00  3.047e+00  3.917e+00  4.643e+00  4.663e+00  4.521e+00  4.111e+00  2.822e+00  1.657e+00  9.529e-01  5.479e-01  3.133e-01  1.838e-01  1.231e-01  1.159e-01  1.985e-01  6.242e-01  2.065e+00  1.456e+00  6.025e-01  5.750e-01  7.852e-01 	
 2.208e+00  2.215e+00  2.220e+00  2.223e+00  2.224e+00  2.224e+00  2.223e+00  2.222e+00  2.222e+00  2.226e+00  2.241e+00  2.288e+00  2.331e+00  2.352e+00  2.300e+00  2.274e+00  2.334e+00  2.422e+00  2.486e+00  2.411e+00  2.397e+00  2.442e+00  2.370e+00  2.435e+00  2.778e+00  2.863e+00  2.406e+00  2.149e+00  1.999e+00  2.354e+00  3.143e+00  3.751e+00  4.547e+00  4.690e+00  4.443e+00  4.054e+00  2.897e+00  1.702e+00  9.604e-01  5.373e-01  3.006e-01  1.834e-01  1.516e-01  2.333e-01  6.953e-01  2.303e+00  1.852e+00  8.016e-01  7.312e-01  9.711e-01 	
 2.196e+00  2.202e+00  2.206e+00  2.208e+00  2.208e+00  2.207e+00  2.206e+00  2.204e+00  2.204e+00  2.207e+00  2.217e+00  2.244e+00  2.317e+00  2.391e+00  2.334e+00  2.217e+00  2.347e+00  2.376e+00  2.382e+00  2.444e+00  2.320e+00  2.466e+00  2.676e+00  2.594e+00  2.605e+00  2.679e+00  2.722e+00  2.663e+00  2.345e+00  2.074e+00  2.283e+00  2.783e+00  3.653e+00  4.421e+00  4.671e+00  4.430e+00  4.002e+00  2.878e+00  1.668e+00  9.157e-01  4.932e-01  2.780e-01  2.020e-01  2.756e-01  7.690e-01  2.512e+00  2.370e+00  1.094e+00  9.474e-01  1.223e+00 	
 2.185e+00  2.189e+00  2.192e+00  2.193e+00  2.193e+00  2.192e+00  2.190e+00  2.188e+00  2.187e+00  2.188e+00  2.192e+00  2.201e+00  2.242e+00  2.310e+00  2.334e+00  2.263e+00  2.327e+00  2.376e+00  2.441e+00  2.392e+00  2.394e+00  2.414e+00  2.514e+00  2.605e+00  2.406e+00  2.245e+00  2.532e+00  2.837e+00  2.886e+00  2.567e+00  2.174e+00  2.530e+00  2.823e+00  3.468e+00  4.271e+00  4.784e+00  4.394e+00  3.891e+00  2.766e+00  1.537e+00  8.032e-01  4.235e-01  2.727e-01  3.272e-01  8.463e-01  2.685e+00  3.003e+00  1.518e+00  1.247e+00  1.568e+00 	
 2.174e+00  2.177e+00  2.179e+00  2.180e+00  2.179e+00  2.178e+00  2.176e+00  2.174e+00  2.172e+00  2.173e+00  2.176e+00  2.181e+00  2.196e+00  2.218e+00  2.175e+00  2.159e+00  2.263e+00  2.330e+00  2.381e+00  2.434e+00  2.430e+00  2.432e+00  2.565e+00  2.319e+00  2.390e+00  2.417e+00  2.339e+00  2.406e+00  2.759e+00  2.865e+00  2.416e+00  2.160e+00  2.076e+00  2.581e+00  3.470e+00  4.230e+00  4.619e+00  4.278e+00  3.676e+00  2.442e+00  1.284e+00  6.406e-01  3.702e-01  3.901e-01  9.295e-01  2.818e+00  3.659e+00  2.099e+00  1.650e+00  2.034e+00 	
 2.163e+00  2.166e+00  2.167e+00  2.167e+00  2.166e+00  2.165e+00  2.163e+00  2.161e+00  2.160e+00  2.161e+00  2.167e+00  2.183e+00  2.201e+00  2.230e+00  2.204e+00  2.212e+00  2.298e+00  2.343e+00  2.322e+00  2.371e+00  2.382e+00  2.393e+00  2.377e+00  2.454e+00  2.331e+00  2.521e+00  2.589e+00  2.532e+00  2.555e+00  2.654e+00  2.717e+00  2.606e+00  2.269e+00  2.387e+00  2.684e+00  3.420e+00  4.100e+00  4.590e+00  4.099e+00  3.254e+00  1.953e+00  9.527e-01  5.012e-01  4.664e-01  1.022e+00  2.919e+00  4.163e+00  2.798e+00  2.155e+00  2.623e+00 	
 2.152e+00  2.155e+00  2.156e+00  2.156e+00  2.154e+00  2.153e+00  2.151e+00  2.149e+00  2.148e+00  2.150e+00  2.156e+00  2.175e+00  2.198e+00  2.222e+00  2.234e+00  2.254e+00  2.253e+00  2.208e+00  2.190e+00  2.266e+00  2.302e+00  2.308e+00  2.335e+00  2.311e+00  2.442e+00  2.482e+00  2.535e+00  2.584e+00  2.409e+00  2.267e+00  2.634e+00  2.879e+00  2.560e+00  2.241e+00  1.968e+00  2.506e+00  3.327e+00  4.170e+00  4.627e+00  3.800e+00  2.636e+00  1.370e+00  6.722e-01  5.589e-01  1.129e+00  3.015e+00  4.390e+00  3.450e+00  2.695e+00  3.254e+00 	
 2.143e+00  2.144e+00  2.145e+00  2.145e+00  2.143e+00  2.141e+00  2.139e+00  2.137e+00  2.136e+00  2.137e+00  2.140e+00  2.149e+00  2.173e+00  2.209e+00  2.228e+00  2.201e+00  2.160e+00  2.134e+00  2.188e+00  2.279e+00  2.265e+00  2.326e+00  2.251e+00  2.270e+00  2.373e+00  2.492e+00  2.423e+00  2.220e+00  2.325e+00  2.414e+00  2.379e+00  2.497e+00  2.644e+00  2.643e+00  2.268e+00  2.359e+00  2.807e+00  3.586e+00  4.192e+00  4.259e+00  3.193e+00  1.848e+00  8.881e-01  6.694e-01  1.250e+00  3.112e+00  4.349e+00  3.816e+00  3.123e+00  3.745e+00 	
 2.133e+00  2.135e+00  2.135e+00  2.134e+00  2.133e+00  2.131e+00  2.129e+00  2.127e+00  2.125e+00  2.125e+00  2.127e+00  2.136e+00  2.148e+00  2.163e+00  2.179e+00  2.188e+00  2.216e+00  2.236e+00  2.255e+00  2.265e+00  2.268e+00  2.313e+00  2.230e+00  2.342e+00  2.402e+00  2.478e+00  2.445e+00  2.442e+00  2.312e+00  2.493e+00  2.514e+00  2.297e+00  2.464e+00  2.881e+00  2.702e+00  2.298e+00  2.210e+00  2.609e+00  3.584e+00  4.057e+00  3.652e+00  2.310e+00  1.146e+00  7.982e-01  1.376e+00  3.152e+00  4.171e+00  3.828e+00  3.313e+00  3.928e+00 	
 2.124e+00  2.125e+00  2.125e+00  2.125e+00  2.123e+00  2.121e+00  2.119e+00  2.117e+00  2.115e+00  2.115e+00  2.116e+00  2.118e+00  2.125e+00  2.148e+00  2.147e+00  2.179e+00  2.198e+00  2.162e+00  2.132e+00  2.178e+00  2.235e+00  2.298e+00  2.262e+00  2.321e+00  2.350e+00  2.393e+00  2.424e+00  2.366e+00  2.487e+00  2.492e+00  2.498e+00  2.463e+00  2.401e+00  2.457e+00  2.619e+00  2.609e+00  2.381e+00  2.261e+00  2.743e+00  3.642e+00  3.788e+00  2.736e+00  1.432e+00  9.433e-01  1.504e+00  3.141e+00  4.051e+00  3.662e+00  3.292e+00  3.839e+00 	
 2.115e+00  2.116e+00  2.116e+00  2.116e+00  2.114e+00  2.112e+00  2.110e+00  2.108e+00  2.106e+00  2.105e+00  2.106e+00  2.110e+00  2.122e+00  2.142e+00  2.136e+00  2.125e+00  2.126e+00  2.139e+00  2.168e+00  2.214e+00  2.242e+00  2.245e+00  2.215e+00  2.239e+00  2.259e+00  2.278e+00  2.250e+00  2.320e+00  2.479e+00  2.536e+00  2.405e+00  2.330e+00  2.496e+00  2.349e+00  2.323e+00  2.699e+00  2.706e+00  2.293e+00  2.380e+00  3.138e+00  3.643e+00  3.066e+00  1.720e+00  1.102e+00  1.636e+00  3.157e+00  4.020e+00  3.537e+00  3.210e+00  3.672e+00 	
 2.107e+00  2.108e+00  2.108e+00  2.107e+00  2.106e+00  2.104e+00  2.102e+00  2.100e+00  2.098e+00  2.097e+00  2.098e+00  2.103e+00  2.113e+00  2.119e+00  2.104e+00  2.111e+00  2.132e+00  2.150e+00  2.174e+00  2.186e+00  2.174e+00  2.173e+00  2.186e+00  2.229e+00  2.169e+00  2.212e+00  2.273e+00  2.384e+00  2.447e+00  2.494e+00  2.407e+00  2.365e+00  2.393e+00  2.485e+00  2.436e+00  2.464e+00  2.653e+00  2.574e+00  2.417e+00  2.595e+00  3.312e+00  3.178e+00  2.002e+00  1.271e+00  1.769e+00  3.185e+00  3.925e+00  3.526e+00  3.186e+00  3.602e+00 	
 2.099e+00  2.100e+00  2.100e+00  2.099e+00  2.098e+00  2.096e+00  2.094e+00  2.092e+00  2.090e+00  2.089e+00  2.090e+00  2.095e+00  2.102e+00  2.104e+00  2.099e+00  2.102e+00  2.159e+00  2.172e+00  2.186e+00  2.198e+00  2.176e+00  2.203e+00  2.205e+00  2.198e+00  2.168e+00  2.227e+00  2.230e+00  2.301e+00  2.318e+00  2.391e+00  2.428e+00  2.333e+00  2.405e+00  2.336e+00  2.487e+00  2.384e+00  2.356e+00  2.632e+00  2.683e+00  2.442e+00  2.865e+00  3.160e+00  2.239e+00  1.442e+00  1.890e+00  3.151e+00  3.795e+00  3.498e+00  3.209e+00  3.648e+00 	
 2.092e+00  2.092e+00  2.092e+00  2.091e+00  2.090e+00  2.088e+00  2.086e+00  2.084e+00  2.083e+00  2.082e+00  2.083e+00  2.086e+00  2.091e+00  2.091e+00  2.089e+00  2.110e+00  2.134e+00  2.168e+00  2.206e+00  2.201e+00  2.177e+00  2.192e+00  2.207e+00  2.197e+00  2.215e+00  2.233e+00  2.177e+00  2.241e+00  2.297e+00  2.315e+00  2.306e+00  2.375e+00  2.351e+00  2.375e+00  2.338e+00  2.440e+00  2.469e+00  2.548e+00  2.720e+00  2.526e+00  2.560e+00  2.942e+00  2.408e+00  1.607e+00  2.002e+00  3.128e+00  3.718e+00  3.400e+00  3.190e+00  3.633e+00 	
 2.085e+00  2.085e+00  2.085e+00  2.084e+00  2.083e+00  2.081e+00  2.079e+00  2.078e+00  2.076e+00  2.075e+00  2.076e+00  2.078e+00  2.083e+00  2.087e+00  2.089e+00  2.100e+00  2.111e+00  2.151e+00  2.182e+00  2.181e+00  2.176e+00  2.186e+00  2.171e+00  2.132e+00  2.150e+00  2.165e+00  2.188e+00  2.265e+00  2.243e+00  2.275e+00  2.278e+00  2.286e+00  2.320e+00  2.318e+00  2.377e+00  2.363e+00  2.453e+00  2.443e+00  2.524e+00  2.661e+00  2.523e+00  2.683e+00  2.469e+00  1.753e+00  2.098e+00  3.083e+00  3.585e+00  3.326e+00  3.129e+00  3.521e+00 	
 2.078e+00  2.079e+00  2.078e+00  2.078e+00  2.076e+00  2.075e+00  2.073e+00  2.071e+00  2.070e+00  2.069e+00  2.069e+00  2.072e+00  2.076e+00  2.082e+00  2.093e+00  2.096e+00  2.102e+00  2.114e+00  2.128e+00  2.149e+00  2.175e+00  2.149e+00  2.149e+00  2.164e+00  2.183e+00  2.200e+00  2.255e+00  2.228e+00  2.250e+00  2.296e+00  2.256e+00  2.278e+00  2.290e+00  2.302e+00  2.302e+00  2.397e+00  2.377e+00  2.490e+00  2.424e+00  2.556e+00  2.558e+00  2.525e+00  2.477e+00  1.879e+00  2.177e+00  3.038e+00  3.498e+00  3.252e+00  3.080e+00  3.455e+00 	
 2.072e+00  2.072e+00  2.072e+00  2.071e+00  2.070e+00  2.069e+00  2.067e+00  2.065e+00  2.064e+00  2.063e+00  2.063e+00  2.066e+00  2.071e+00  2.074e+00  2.073e+00  2.075e+00  2.073e+00  2.074e+00  2.084e+00  2.119e+00  2.149e+00  2.151e+00  2.142e+00  2.144e+00  2.168e+00  2.181e+00  2.153e+00  2.200e+00  2.272e+00  2.278e+00  2.208e+00  2.267e+00  2.288e+00  2.246e+00  2.304e+00  2.347e+00  2.400e+00  2.389e+00  2.460e+00  2.449e+00  2.540e+00  2.453e+00  2.458e+00  1.985e+00  2.237e+00  2.974e+00  3.372e+00  3.170e+00  3.025e+00  3.387e+00 	
 2.065e+00  2.066e+00  2.066e+00  2.065e+00  2.064e+00  2.063e+00  2.061e+00  2.060e+00  2.058e+00  2.058e+00  2.058e+00  2.060e+00  2.064e+00  2.069e+00  2.071e+00  2.062e+00  2.066e+00  2.079e+00  2.087e+00  2.099e+00  2.116e+00  2.113e+00  2.112e+00  2.120e+00  2.150e+00  2.127e+00  2.080e+00  2.095e+00  2.140e+00  2.164e+00  2.208e+00  2.277e+00  2.266e+00  2.202e+00  2.316e+00  2.297e+00  2.349e+00  2.377e+00  2.368e+00  2.465e+00  2.489e+00  2.462e+00  2.419e+00  2.069e+00  2.280e+00  2.916e+00  3.286e+00  3.097e+00  2.965e+00  3.295e+00 	
 2.060e+00  2.060e+00  2.060e+00  2.060e+00  2.059e+00  2.057e+00  2.056e+00  2.055e+00  2.053e+00  2.053e+00  2.053e+00  2.055e+00  2.059e+00  2.063e+00  2.066e+00  2.068e+00  2.067e+00  2.080e+00  2.098e+00  2.097e+00  2.106e+00  2.117e+00  2.083e+00  2.074e+00  2.111e+00  2.123e+00  2.085e+00  2.104e+00  2.145e+00  2.202e+00  2.253e+00  2.245e+00  2.214e+00  2.201e+00  2.307e+00  2.304e+00  2.313e+00  2.315e+00  2.391e+00  2.406e+00  2.462e+00  2.479e+00  2.359e+00  2.130e+00  2.306e+00  2.854e+00  3.193e+00  3.033e+00  2.909e+00  3.223e+00 	
 2.054e+00  2.055e+00  2.055e+00  2.054e+00  2.054e+00  2.052e+00  2.051e+00  2.050e+00  2.049e+00  2.048e+00  2.048e+00  2.050e+00  2.054e+00  2.058e+00  2.061e+00  2.062e+00  2.064e+00  2.075e+00  2.088e+00  2.078e+00  2.083e+00  2.105e+00  2.095e+00  2.132e+00  2.134e+00  2.153e+00  2.151e+00  2.130e+00  2.162e+00  2.200e+00  2.140e+00  2.136e+00  2.164e+00  2.200e+00  2.302e+00  2.303e+00  2.269e+00  2.317e+00  2.312e+00  2.382e+00  2.404e+00  2.449e+00  2.298e+00  2.173e+00  2.317e+00  2.786e+00  3.092e+00  2.957e+00  2.851e+00  3.142e+00 	
 2.049e+00  2.050e+00  2.050e+00  2.049e+00  2.049e+00  2.048e+00  2.047e+00  2.045e+00  2.044e+00  2.044e+00  2.044e+00  2.046e+00  2.049e+00  2.052e+00  2.056e+00  2.060e+00  2.060e+00  2.058e+00  2.068e+00  2.077e+00  2.079e+00  2.091e+00  2.126e+00  2.153e+00  2.155e+00  2.170e+00  2.158e+00  2.151e+00  2.150e+00  2.130e+00  2.116e+00  2.150e+00  2.215e+00  2.241e+00  2.276e+00  2.261e+00  2.215e+00  2.251e+00  2.340e+00  2.313e+00  2.372e+00  2.359e+00  2.271e+00  2.212e+00  2.319e+00  2.720e+00  3.001e+00  2.887e+00  2.792e+00  3.058e+00 	
 2.044e+00  2.045e+00  2.045e+00  2.045e+00  2.044e+00  2.043e+00  2.042e+00  2.041e+00  2.040e+00  2.040e+00  2.040e+00  2.042e+00  2.044e+00  2.048e+00  2.053e+00  2.058e+00  2.057e+00  2.054e+00  2.057e+00  2.072e+00  2.060e+00  2.064e+00  2.116e+00  2.135e+00  2.123e+00  2.122e+00  2.133e+00  2.135e+00  2.155e+00  2.119e+00  2.110e+00  2.146e+00  2.170e+00  2.170e+00  2.200e+00  2.197e+00  2.173e+00  2.173e+00  2.269e+00  2.339e+00  2.329e+00  2.321e+00  2.329e+00  2.254e+00  2.316e+00  2.659e+00  2.919e+00  2.825e+00  2.738e+00  2.984e+00 	
 2.039e+00  2.040e+00  2.040e+00  2.040e+00  2.040e+00  2.039e+00  2.038e+00  2.038e+00  2.037e+00  2.036e+00  2.036e+00  2.038e+00  2.040e+00  2.044e+00  2.048e+00  2.051e+00  2.053e+00  2.049e+00  2.048e+00  2.058e+00  2.052e+00  2.061e+00  2.079e+00  2.103e+00  2.091e+00  2.100e+00  2.143e+00  2.166e+00  2.153e+00  2.149e+00  2.162e+00  2.146e+00  2.161e+00  2.177e+00  2.203e+00  2.178e+00  2.148e+00  2.137e+00  2.171e+00  2.255e+00  2.322e+00  2.364e+00  2.365e+00  2.273e+00  2.305e+00  2.599e+00  2.841e+00  2.769e+00  2.687e+00  2.914e+00 	
 2.035e+00  2.036e+00  2.036e+00  2.036e+00  2.036e+00  2.036e+00  2.035e+00  2.034e+00  2.033e+00  2.033e+00  2.033e+00  2.035e+00  2.037e+00  2.040e+00  2.043e+00  2.046e+00  2.052e+00  2.053e+00  2.056e+00  2.057e+00  2.060e+00  2.072e+00  2.072e+00  2.078e+00  2.089e+00  2.086e+00  2.087e+00  2.139e+00  2.130e+00  2.143e+00  2.156e+00  2.148e+00  2.151e+00  2.177e+00  2.142e+00  2.174e+00  2.205e+00  2.181e+00  2.155e+00  2.189e+00  2.233e+00  2.272e+00  2.297e+00  2.252e+00  2.284e+00  2.542e+00  2.767e+00  2.714e+00  2.638e+00  2.844e+00 	
 2.030e+00  2.031e+00  2.032e+00  2.032e+00  2.032e+00  2.032e+00  2.031e+00  2.031e+00  2.030e+00  2.030e+00  2.030e+00  2.032e+00  2.034e+00  2.036e+00  2.039e+00  2.042e+00  2.045e+00  2.047e+00  2.048e+00  2.060e+00  2.058e+00  2.059e+00  2.055e+00  2.055e+00  2.067e+00  2.074e+00  2.088e+00  2.124e+00  2.130e+00  2.141e+00  2.148e+00  2.156e+00  2.159e+00  2.151e+00  2.148e+00  2.175e+00  2.189e+00  2.202e+00  2.184e+00  2.189e+00  2.242e+00  2.274e+00  2.257e+00  2.225e+00  2.262e+00  2.490e+00  2.697e+00  2.659e+00  2.590e+00  2.777e+00 	
 2.026e+00  2.027e+00  2.028e+00  2.029e+00  2.029e+00  2.029e+00  2.028e+00  2.028e+00  2.028e+00  2.027e+00  2.028e+00  2.029e+00  2.031e+00  2.033e+00  2.035e+00  2.039e+00  2.041e+00  2.044e+00  2.051e+00  2.056e+00  2.048e+00  2.042e+00  2.048e+00  2.060e+00  2.060e+00  2.065e+00  2.074e+00  2.111e+00  2.120e+00  2.123e+00  2.122e+00  2.137e+00  2.158e+00  2.166e+00  2.155e+00  2.151e+00  2.168e+00  2.183e+00  2.203e+00  2.199e+00  2.233e+00  2.241e+00  2.247e+00  2.204e+00  2.241e+00  2.442e+00  2.634e+00  2.610e+00  2.546e+00  2.715e+00 	
 2.022e+00  2.024e+00  2.025e+00  2.025e+00  2.025e+00  2.026e+00  2.025e+00  2.025e+00  2.025e+00  2.025e+00  2.025e+00  2.026e+00  2.028e+00  2.030e+00  2.033e+00  2.035e+00  2.038e+00  2.042e+00  2.042e+00  2.046e+00  2.045e+00  2.048e+00  2.054e+00  2.051e+00  2.060e+00  2.063e+00  2.083e+00  2.100e+00  2.112e+00  2.103e+00  2.094e+00  2.101e+00  2.130e+00  2.142e+00  2.121e+00  2.127e+00  2.156e+00  2.178e+00  2.171e+00  2.195e+00  2.207e+00  2.224e+00  2.216e+00  2.182e+00  2.221e+00  2.399e+00  2.575e+00  2.563e+00  2.503e+00  2.654e+00 	
 2.018e+00  2.020e+00  2.021e+00  2.022e+00  2.022e+00  2.023e+00  2.023e+00  2.023e+00  2.023e+00  2.023e+00  2.023e+00  2.024e+00  2.026e+00  2.027e+00  2.029e+00  2.032e+00  2.035e+00  2.039e+00  2.042e+00  2.048e+00  2.055e+00  2.056e+00  2.047e+00  2.049e+00  2.061e+00  2.070e+00  2.075e+00  2.070e+00  2.086e+00  2.079e+00  2.083e+00  2.106e+00  2.119e+00  2.111e+00  2.116e+00  2.127e+00  2.160e+00  2.172e+00  2.177e+00  2.176e+00  2.182e+00  2.198e+00  2.196e+00  2.165e+00  2.203e+00  2.359e+00  2.520e+00  2.518e+00  2.463e+00  2.597e+00 	
 2.015e+00  2.016e+00  2.018e+00  2.019e+00  2.019e+00  2.020e+00  2.020e+00  2.020e+00  2.020e+00  2.020e+00  2.021e+00  2.022e+00  2.023e+00  2.025e+00  2.027e+00  2.029e+00  2.032e+00  2.036e+00  2.039e+00  2.039e+00  2.043e+00  2.049e+00  2.050e+00  2.047e+00  2.053e+00  2.060e+00  2.055e+00  2.073e+00  2.063e+00  2.062e+00  2.080e+00  2.087e+00  2.085e+00  2.098e+00  2.108e+00  2.120e+00  2.133e+00  2.142e+00  2.162e+00  2.170e+00  2.174e+00  2.179e+00  2.176e+00  2.152e+00  2.187e+00  2.324e+00  2.469e+00  2.476e+00  2.426e+00  2.543e+00 	
 2.011e+00  2.013e+00  2.014e+00  2.016e+00  2.017e+00  2.017e+00  2.018e+00  2.018e+00  2.018e+00  2.018e+00  2.019e+00  2.020e+00  2.021e+00  2.023e+00  2.025e+00  2.027e+00  2.029e+00  2.031e+00  2.032e+00  2.032e+00  2.036e+00  2.037e+00  2.039e+00  2.051e+00  2.049e+00  2.048e+00  2.047e+00  2.061e+00  2.072e+00  2.070e+00  2.076e+00  2.065e+00  2.078e+00  2.096e+00  2.105e+00  2.116e+00  2.119e+00  2.128e+00  2.139e+00  2.150e+00  2.157e+00  2.164e+00  2.163e+00  2.142e+00  2.173e+00  2.292e+00  2.423e+00  2.436e+00  2.390e+00  2.493e+00 	
 2.007e+00  2.010e+00  2.011e+00  2.013e+00  2.014e+00  2.015e+00  2.015e+00  2.016e+00  2.016e+00  2.017e+00  2.017e+00  2.018e+00  2.019e+00  2.021e+00  2.022e+00  2.024e+00  2.026e+00  2.027e+00  2.028e+00  2.030e+00  2.034e+00  2.035e+00  2.036e+00  2.043e+00  2.043e+00  2.037e+00  2.039e+00  2.055e+00  2.063e+00  2.068e+00  2.062e+00  2.054e+00  2.069e+00  2.091e+00  2.095e+00  2.096e+00  2.111e+00  2.119e+00  2.129e+00  2.136e+00  2.141e+00  2.149e+00  2.148e+00  2.131e+00  2.159e+00  2.263e+00  2.380e+00  2.398e+00  2.357e+00  2.446e+00 	
 2.004e+00  2.006e+00  2.008e+00  2.010e+00  2.011e+00  2.012e+00  2.013e+00  2.014e+00  2.014e+00  2.015e+00  2.016e+00  2.016e+00  2.018e+00  2.019e+00  2.020e+00  2.022e+00  2.024e+00  2.025e+00  2.028e+00  2.028e+00  2.032e+00  2.033e+00  2.033e+00  2.034e+00  2.043e+00  2.043e+00  2.054e+00  2.057e+00  2.047e+00  2.050e+00  2.049e+00  2.056e+00  2.074e+00  2.080e+00  2.076e+00  2.086e+00  2.096e+00  2.108e+00  2.115e+00  2.119e+00  2.128e+00  2.137e+00  2.135e+00  2.121e+00  2.146e+00  2.237e+00  2.341e+00  2.363e+00  2.325e+00  2.402e+00 	
 2.001e+00  2.003e+00  2.005e+00  2.007e+00  2.009e+00  2.010e+00  2.011e+00  2.012e+00  2.013e+00  2.013e+00  2.014e+00  2.015e+00  2.016e+00  2.017e+00  2.019e+00  2.020e+00  2.021e+00  2.023e+00  2.024e+00  2.027e+00  2.027e+00  2.030e+00  2.036e+00  2.037e+00  2.043e+00  2.050e+00  2.050e+00  2.042e+00  2.041e+00  2.038e+00  2.046e+00  2.064e+00  2.068e+00  2.070e+00  2.073e+00  2.081e+00  2.088e+00  2.098e+00  2.103e+00  2.109e+00  2.118e+00  2.125e+00  2.124e+00  2.112e+00  2.134e+00  2.213e+00  2.305e+00  2.330e+00  2.296e+00  2.362e+00 	
 1.997e+00  2.000e+00  2.002e+00  2.004e+00  2.006e+00  2.008e+00  2.009e+00  2.010e+00  2.011e+00  2.012e+00  2.013e+00  2.014e+00  2.015e+00  2.016e+00  2.017e+00  2.018e+00  2.020e+00  2.021e+00  2.022e+00  2.024e+00  2.027e+00  2.030e+00  2.029e+00  2.036e+00  2.044e+00  2.050e+00  2.049e+00  2.039e+00  2.035e+00  2.039e+00  2.042e+00  2.056e+00  2.068e+00  2.069e+00  2.073e+00  2.076e+00  2.083e+00  2.088e+00  2.095e+00  2.102e+00  2.108e+00  2.115e+00  2.116e+00  2.109e+00  2.130e+00  2.194e+00  2.270e+00  2.298e+00  2.275e+00  2.331e+00 	
