 7.889e-04  1.599e-04  3.533e-04  7.780e-04  1.385e-03  2.151e-03  3.064e-03  4.118e-03  5.308e-03  6.631e-03  8.087e-03  9.675e-03  1.139e-02  1.325e-02  1.524e-02  1.737e-02  1.964e-02  2.206e-02  2.463e-02  2.735e-02  3.024e-02  3.329e-02  3.650e-02  3.988e-02  4.343e-02  4.713e-02  5.100e-02  5.501e-02  5.917e-02  6.347e-02  6.789e-02  7.242e-02  7.706e-02  8.178e-02  8.658e-02  9.144e-02  9.635e-02  1.013e-01  1.063e-01  1.112e-01  1.162e-01  1.212e-01  1.261e-01  1.310e-01  1.359e-01  1.407e-01  1.454e-01  1.502e-01  1.549e-01  1.596e-01 	
 1.344e-04 -4.057e-05  3.687e-04  9.941e-04  1.824e-03  2.843e-03  4.042e-03  5.419e-03  6.969e-03  8.691e-03  1.059e-02  1.265e-02  1.490e-02  1.732e-02  1.993e-02  2.272e-02  2.572e-02  2.891e-02  3.232e-02  3.594e-02  3.977e-02  4.382e-02  4.808e-02  5.255e-02  5.721e-02  6.206e-02  6.709e-02  7.227e-02  7.759e-02  8.304e-02  8.859e-02  9.423e-02  9.992e-02  1.057e-01  1.114e-01  1.172e-01  1.230e-01  1.287e-01  1.344e-01  1.400e-01  1.456e-01  1.511e-01  1.565e-01  1.617e-01  1.669e-01  1.719e-01  1.767e-01  1.813e-01  1.856e-01  1.897e-01 	
-8.142e-05 -3.862e-05  5.399e-04  1.380e-03  2.483e-03  3.833e-03  5.424e-03  7.249e-03  9.308e-03  1.160e-02  1.412e-02  1.689e-02  1.989e-02  2.315e-02  2.667e-02  3.046e-02  3.452e-02  3.887e-02  4.349e-02  4.840e-02  5.357e-02  5.900e-02  6.467e-02  7.057e-02  7.666e-02  8.292e-02  8.933e-02  9.585e-02  1.024e-01  1.091e-01  1.158e-01  1.225e-01  1.291e-01  1.358e-01  1.423e-01  1.487e-01  1.551e-01  1.613e-01  1.674e-01  1.733e-01  1.791e-01  1.848e-01  1.902e-01  1.954e-01  2.005e-01  2.053e-01  2.098e-01  2.141e-01  2.180e-01  2.215e-01 	
-1.503e-04  3.642e-05  7.873e-04  1.892e-03  3.347e-03  5.133e-03  7.240e-03  9.662e-03  1.240e-02  1.545e-02  1.883e-02  2.254e-02  2.659e-02  3.100e-02  3.577e-02  4.091e-02  4.641e-02  5.228e-02  5.849e-02  6.501e-02  7.183e-02  7.890e-02  8.619e-02  9.366e-02  1.012e-01  1.089e-01  1.167e-01  1.244e-01  1.321e-01  1.397e-01  1.472e-01  1.546e-01  1.619e-01  1.690e-01  1.758e-01  1.825e-01  1.890e-01  1.952e-01  2.012e-01  2.070e-01  2.125e-01  2.178e-01  2.229e-01  2.277e-01  2.323e-01  2.366e-01  2.406e-01  2.443e-01  2.476e-01  2.506e-01 	
-1.736e-04  1.425e-04  1.104e-03  2.555e-03  4.477e-03  6.841e-03  9.635e-03  1.285e-02  1.650e-02  2.059e-02  2.514e-02  3.015e-02  3.564e-02  4.162e-02  4.809e-02  5.502e-02  6.239e-02  7.015e-02  7.827e-02  8.668e-02  9.532e-02  1.041e-01  1.130e-01  1.220e-01  1.309e-01  1.398e-01  1.485e-01  1.571e-01  1.654e-01  1.736e-01  1.814e-01  1.890e-01  1.963e-01  2.033e-01  2.100e-01  2.163e-01  2.224e-01  2.281e-01  2.335e-01  2.387e-01  2.435e-01  2.481e-01  2.524e-01  2.564e-01  2.602e-01  2.637e-01  2.669e-01  2.699e-01  2.725e-01  2.749e-01 	
-1.848e-04  2.720e-04  1.511e-03  3.425e-03  5.968e-03  9.103e-03  1.282e-02  1.712e-02  2.202e-02  2.754e-02  3.369e-02  4.050e-02  4.794e-02  5.601e-02  6.465e-02  7.379e-02  8.337e-02  9.328e-02  1.034e-01  1.138e-01  1.241e-01  1.345e-01  1.447e-01  1.547e-01  1.645e-01  1.740e-01  1.831e-01  1.919e-01  2.003e-01  2.083e-01  2.158e-01  2.230e-01  2.297e-01  2.360e-01  2.419e-01  2.474e-01  2.526e-01  2.573e-01  2.618e-01  2.659e-01  2.697e-01  2.732e-01  2.765e-01  2.795e-01  2.823e-01  2.849e-01  2.873e-01  2.895e-01  2.915e-01  2.934e-01 	
-1.940e-04  4.315e-04  2.043e-03  4.574e-03  7.945e-03  1.211e-02  1.708e-02  2.286e-02  2.949e-02  3.698e-02  4.534e-02  5.453e-02  6.449e-02  7.512e-02  8.629e-02  9.788e-02  1.097e-01  1.217e-01  1.337e-01  1.455e-01  1.571e-01  1.684e-01  1.792e-01  1.896e-01  1.995e-01  2.088e-01  2.176e-01  2.258e-01  2.335e-01  2.406e-01  2.472e-01  2.533e-01  2.589e-01  2.640e-01  2.687e-01  2.730e-01  2.769e-01  2.805e-01  2.837e-01  2.867e-01  2.894e-01  2.918e-01  2.941e-01  2.962e-01  2.981e-01  2.999e-01  3.016e-01  3.033e-01  3.049e-01  3.064e-01 	
-2.026e-04  6.341e-04  2.747e-03  6.099e-03  1.058e-02  1.616e-02  2.284e-02  3.068e-02  3.968e-02  4.984e-02  6.106e-02  7.322e-02  8.613e-02  9.957e-02  1.133e-01  1.272e-01  1.410e-01  1.545e-01  1.676e-01  1.802e-01  1.921e-01  2.034e-01  2.140e-01  2.238e-01  2.329e-01  2.413e-01  2.489e-01  2.559e-01  2.622e-01  2.680e-01  2.731e-01  2.777e-01  2.819e-01  2.856e-01  2.889e-01  2.918e-01  2.945e-01  2.969e-01  2.990e-01  3.010e-01  3.027e-01  3.044e-01  3.059e-01  3.073e-01  3.086e-01  3.100e-01  3.113e-01  3.127e-01  3.141e-01  3.157e-01 	
-2.097e-04  8.976e-04  3.682e-03  8.134e-03  1.412e-02  2.162e-02  3.069e-02  4.134e-02  5.352e-02  6.707e-02  8.175e-02  9.722e-02  1.132e-01  1.292e-01  1.452e-01  1.607e-01  1.756e-01  1.897e-01  2.029e-01  2.152e-01  2.265e-01  2.369e-01  2.463e-01  2.547e-01  2.623e-01  2.690e-01  2.750e-01  2.803e-01  2.850e-01  2.891e-01  2.926e-01  2.958e-01  2.985e-01  3.009e-01  3.031e-01  3.050e-01  3.067e-01  3.082e-01  3.096e-01  3.110e-01  3.122e-01  3.134e-01  3.146e-01  3.158e-01  3.170e-01  3.183e-01  3.196e-01  3.210e-01  3.226e-01  3.243e-01 	
-2.132e-04  1.245e-03  4.930e-03  1.086e-02  1.891e-02  2.907e-02  4.138e-02  5.572e-02  7.184e-02  8.930e-02  1.076e-01  1.262e-01  1.447e-01  1.626e-01  1.797e-01  1.958e-01  2.106e-01  2.241e-01  2.364e-01  2.474e-01  2.571e-01  2.657e-01  2.732e-01  2.797e-01  2.853e-01  2.901e-01  2.943e-01  2.979e-01  3.009e-01  3.035e-01  3.058e-01  3.078e-01  3.096e-01  3.111e-01  3.126e-01  3.139e-01  3.152e-01  3.165e-01  3.177e-01  3.190e-01  3.203e-01  3.216e-01  3.230e-01  3.244e-01  3.259e-01  3.275e-01  3.291e-01  3.309e-01  3.328e-01  3.348e-01 	
-2.106e-04  1.708e-03  6.606e-03  1.456e-02  2.543e-02  3.919e-02  5.568e-02  7.447e-02  9.487e-02  1.161e-01  1.374e-01  1.582e-01  1.779e-01  1.963e-01  2.131e-01  2.281e-01  2.415e-01  2.532e-01  2.634e-01  2.721e-01  2.796e-01  2.859e-01  2.912e-01  2.956e-01  2.994e-01  3.025e-01  3.051e-01  3.074e-01  3.094e-01  3.111e-01  3.127e-01  3.142e-01  3.156e-01  3.170e-01  3.184e-01  3.198e-01  3.213e-01  3.228e-01  3.244e-01  3.261e-01  3.279e-01  3.297e-01  3.316e-01  3.336e-01  3.357e-01  3.379e-01  3.401e-01  3.423e-01  3.446e-01  3.470e-01 	
-1.987e-04  2.331e-03  8.873e-03  1.959e-02  3.430e-02  5.274e-02  7.424e-02  9.777e-02  1.221e-01  1.462e-01  1.693e-01  1.906e-01  2.099e-01  2.270e-01  2.419e-01  2.546e-01  2.654e-01  2.745e-01  2.820e-01  2.881e-01  2.931e-01  2.972e-01  3.006e-01  3.034e-01  3.058e-01  3.078e-01  3.096e-01  3.113e-01  3.129e-01  3.145e-01  3.161e-01  3.177e-01  3.195e-01  3.213e-01  3.232e-01  3.252e-01  3.273e-01  3.295e-01  3.318e-01  3.341e-01  3.366e-01  3.392e-01  3.418e-01  3.445e-01  3.472e-01  3.500e-01  3.527e-01  3.556e-01  3.584e-01  3.612e-01 	
-1.727e-04  3.175e-03  1.196e-02  2.644e-02  4.621e-02  7.035e-02  9.728e-02  1.252e-01  1.526e-01  1.782e-01  2.014e-01  2.217e-01  2.391e-01  2.537e-01  2.658e-01  2.756e-01  2.835e-01  2.898e-01  2.948e-01  2.988e-01  3.020e-01  3.046e-01  3.069e-01  3.089e-01  3.108e-01  3.126e-01  3.144e-01  3.164e-01  3.183e-01  3.205e-01  3.227e-01  3.251e-01  3.275e-01  3.301e-01  3.329e-01  3.357e-01  3.386e-01  3.416e-01  3.447e-01  3.478e-01  3.510e-01  3.542e-01  3.575e-01  3.608e-01  3.641e-01  3.674e-01  3.706e-01  3.738e-01  3.769e-01  3.799e-01 	
-1.260e-04  4.332e-03  1.619e-02  3.573e-02  6.180e-02  9.221e-02  1.242e-01  1.555e-01  1.842e-01  2.095e-01  2.310e-01  2.488e-01  2.631e-01  2.745e-01  2.833e-01  2.901e-01  2.954e-01  2.995e-01  3.028e-01  3.056e-01  3.080e-01  3.102e-01  3.124e-01  3.147e-01  3.170e-01  3.195e-01  3.221e-01  3.249e-01  3.279e-01  3.310e-01  3.342e-01  3.376e-01  3.410e-01  3.445e-01  3.481e-01  3.518e-01  3.555e-01  3.593e-01  3.630e-01  3.668e-01  3.706e-01  3.744e-01  3.781e-01  3.818e-01  3.855e-01  3.891e-01  3.926e-01  3.960e-01  3.992e-01  4.022e-01 	
-4.838e-05  5.930e-03  2.197e-02  4.802e-02  8.134e-02  1.179e-01  1.538e-01  1.864e-01  2.143e-01  2.373e-01  2.554e-01  2.694e-01  2.799e-01  2.877e-01  2.935e-01  2.978e-01  3.013e-01  3.043e-01  3.069e-01  3.095e-01  3.122e-01  3.151e-01  3.181e-01  3.213e-01  3.248e-01  3.284e-01  3.323e-01  3.362e-01  3.403e-01  3.445e-01  3.488e-01  3.531e-01  3.575e-01  3.618e-01  3.662e-01  3.706e-01  3.749e-01  3.792e-01  3.835e-01  3.877e-01  3.919e-01  3.960e-01  4.001e-01  4.040e-01  4.079e-01  4.117e-01  4.154e-01  4.189e-01  4.221e-01  4.251e-01 	
 7.546e-05  8.147e-03  2.978e-02  6.376e-02  1.046e-01  1.462e-01  1.840e-01  2.158e-01  2.411e-01  2.602e-01  2.743e-01  2.844e-01  2.916e-01  2.968e-01  3.008e-01  3.042e-01  3.073e-01  3.104e-01  3.137e-01  3.172e-01  3.210e-01  3.251e-01  3.294e-01  3.339e-01  3.386e-01  3.435e-01  3.484e-01  3.534e-01  3.584e-01  3.634e-01  3.684e-01  3.733e-01  3.782e-01  3.831e-01  3.879e-01  3.926e-01  3.972e-01  4.017e-01  4.062e-01  4.105e-01  4.148e-01  4.190e-01  4.231e-01  4.272e-01  4.311e-01  4.348e-01  4.385e-01  4.419e-01  4.451e-01  4.480e-01 	
 2.680e-04  1.122e-02  4.010e-02  8.303e-02  1.308e-01  1.756e-01  2.131e-01  2.421e-01  2.634e-01  2.784e-01  2.888e-01  2.960e-01  3.013e-01  3.056e-01  3.095e-01  3.133e-01  3.173e-01  3.216e-01  3.263e-01  3.312e-01  3.364e-01  3.417e-01  3.472e-01  3.529e-01  3.585e-01  3.642e-01  3.698e-01  3.753e-01  3.808e-01  3.862e-01  3.915e-01  3.967e-01  4.018e-01  4.067e-01  4.115e-01  4.163e-01  4.209e-01  4.254e-01  4.298e-01  4.341e-01  4.383e-01  4.424e-01  4.464e-01  4.503e-01  4.540e-01  4.577e-01  4.612e-01  4.645e-01  4.677e-01  4.705e-01 	
 5.623e-04  1.545e-02  5.332e-02  1.055e-01  1.588e-01  2.045e-01  2.397e-01  2.649e-01  2.822e-01  2.940e-01  3.023e-01  3.087e-01  3.142e-01  3.194e-01  3.247e-01  3.303e-01  3.361e-01  3.421e-01  3.484e-01  3.547e-01  3.611e-01  3.675e-01  3.739e-01  3.802e-01  3.863e-01  3.923e-01  3.982e-01  4.039e-01  4.094e-01  4.148e-01  4.200e-01  4.251e-01  4.300e-01  4.347e-01  4.394e-01  4.438e-01  4.482e-01  4.524e-01  4.565e-01  4.606e-01  4.645e-01  4.683e-01  4.720e-01  4.756e-01  4.791e-01  4.825e-01  4.857e-01  4.888e-01  4.916e-01  4.941e-01 	
 1.008e-03  2.122e-02  6.965e-02  1.307e-01  1.873e-01  2.318e-01  2.632e-01  2.844e-01  2.986e-01  3.087e-01  3.166e-01  3.236e-01  3.304e-01  3.373e-01  3.444e-01  3.517e-01  3.590e-01  3.664e-01  3.738e-01  3.810e-01  3.881e-01  3.950e-01  4.016e-01  4.081e-01  4.143e-01  4.203e-01  4.260e-01  4.316e-01  4.369e-01  4.420e-01  4.469e-01  4.517e-01  4.563e-01  4.607e-01  4.650e-01  4.692e-01  4.732e-01  4.771e-01  4.809e-01  4.846e-01  4.882e-01  4.917e-01  4.951e-01  4.985e-01  5.017e-01  5.048e-01  5.077e-01  5.105e-01  5.131e-01  5.153e-01 	
 1.679e-03  2.897e-02  8.917e-02  1.578e-01  2.156e-01  2.571e-01  2.845e-01  3.022e-01  3.145e-01  3.239e-01  3.322e-01  3.402e-01  3.482e-01  3.563e-01  3.645e-01  3.726e-01  3.807e-01  3.885e-01  3.962e-01  4.036e-01  4.108e-01  4.176e-01  4.242e-01  4.305e-01  4.365e-01  4.423e-01  4.478e-01  4.531e-01  4.582e-01  4.631e-01  4.678e-01  4.723e-01  4.766e-01  4.808e-01  4.849e-01  4.888e-01  4.926e-01  4.963e-01  4.999e-01  5.034e-01  5.068e-01  5.102e-01  5.134e-01  5.166e-01  5.196e-01  5.226e-01  5.254e-01  5.281e-01  5.306e-01  5.328e-01 	
 2.692e-03  3.921e-02  1.120e-01  1.865e-01  2.435e-01  2.812e-01  3.049e-01  3.204e-01  3.318e-01  3.413e-01  3.502e-01  3.588e-01  3.674e-01  3.760e-01  3.844e-01  3.927e-01  4.007e-01  4.084e-01  4.159e-01  4.230e-01  4.299e-01  4.365e-01  4.428e-01  4.488e-01  4.545e-01  4.601e-01  4.653e-01  4.704e-01  4.753e-01  4.800e-01  4.844e-01  4.888e-01  4.930e-01  4.970e-01  5.009e-01  5.047e-01  5.083e-01  5.119e-01  5.154e-01  5.188e-01  5.221e-01  5.253e-01  5.284e-01  5.315e-01  5.345e-01  5.374e-01  5.402e-01  5.428e-01  5.454e-01  5.477e-01 	
 4.235e-03  5.258e-02  1.382e-01  2.169e-01  2.717e-01  3.057e-01  3.268e-01  3.412e-01  3.527e-01  3.629e-01  3.725e-01  3.819e-01  3.911e-01  4.000e-01  4.086e-01  4.169e-01  4.249e-01  4.325e-01  4.398e-01  4.467e-01  4.533e-01  4.596e-01  4.656e-01  4.713e-01  4.768e-01  4.820e-01  4.869e-01  4.917e-01  4.962e-01  5.006e-01  5.048e-01  5.088e-01  5.127e-01  5.165e-01  5.201e-01  5.236e-01  5.270e-01  5.304e-01  5.336e-01  5.367e-01  5.398e-01  5.428e-01  5.458e-01  5.486e-01  5.514e-01  5.541e-01  5.567e-01  5.592e-01  5.615e-01  5.636e-01 	
 6.606e-03  6.987e-02  1.684e-01  2.495e-01  3.014e-01  3.324e-01  3.519e-01  3.660e-01  3.778e-01  3.885e-01  3.986e-01  4.083e-01  4.176e-01  4.264e-01  4.349e-01  4.429e-01  4.506e-01  4.578e-01  4.646e-01  4.711e-01  4.773e-01  4.831e-01  4.886e-01  4.938e-01  4.988e-01  5.036e-01  5.081e-01  5.124e-01  5.166e-01  5.205e-01  5.243e-01  5.280e-01  5.315e-01  5.350e-01  5.383e-01  5.415e-01  5.446e-01  5.476e-01  5.506e-01  5.535e-01  5.564e-01  5.591e-01  5.619e-01  5.645e-01  5.671e-01  5.697e-01  5.721e-01  5.744e-01  5.765e-01  5.785e-01 	
 1.028e-02  9.206e-02  2.030e-01  2.851e-01  3.341e-01  3.627e-01  3.811e-01  3.948e-01  4.064e-01  4.168e-01  4.265e-01  4.357e-01  4.442e-01  4.524e-01  4.600e-01  4.672e-01  4.740e-01  4.805e-01  4.866e-01  4.923e-01  4.978e-01  5.030e-01  5.079e-01  5.126e-01  5.171e-01  5.213e-01  5.254e-01  5.293e-01  5.330e-01  5.367e-01  5.401e-01  5.435e-01  5.467e-01  5.499e-01  5.529e-01  5.559e-01  5.588e-01  5.617e-01  5.644e-01  5.672e-01  5.698e-01  5.725e-01  5.751e-01  5.776e-01  5.801e-01  5.825e-01  5.848e-01  5.871e-01  5.892e-01  5.912e-01 	
 1.600e-02  1.201e-01  2.423e-01  3.243e-01  3.705e-01  3.969e-01  4.139e-01  4.268e-01  4.375e-01  4.471e-01  4.560e-01  4.642e-01  4.719e-01  4.791e-01  4.859e-01  4.924e-01  4.984e-01  5.042e-01  5.096e-01  5.147e-01  5.196e-01  5.242e-01  5.286e-01  5.327e-01  5.367e-01  5.405e-01  5.441e-01  5.476e-01  5.510e-01  5.542e-01  5.573e-01  5.603e-01  5.633e-01  5.661e-01  5.689e-01  5.716e-01  5.742e-01  5.768e-01  5.794e-01  5.819e-01  5.844e-01  5.868e-01  5.892e-01  5.916e-01  5.939e-01  5.961e-01  5.983e-01  6.004e-01  6.024e-01  6.041e-01 	
 2.462e-02  1.542e-01  2.857e-01  3.664e-01  4.096e-01  4.336e-01  4.489e-01  4.601e-01  4.693e-01  4.774e-01  4.847e-01  4.915e-01  4.978e-01  5.038e-01  5.094e-01  5.147e-01  5.198e-01  5.245e-01  5.291e-01  5.334e-01  5.376e-01  5.415e-01  5.453e-01  5.489e-01  5.524e-01  5.557e-01  5.589e-01  5.620e-01  5.650e-01  5.679e-01  5.707e-01  5.734e-01  5.761e-01  5.787e-01  5.813e-01  5.838e-01  5.863e-01  5.887e-01  5.911e-01  5.934e-01  5.958e-01  5.981e-01  6.004e-01  6.027e-01  6.049e-01  6.071e-01  6.092e-01  6.112e-01  6.132e-01  6.150e-01 	
 3.673e-02  1.928e-01  3.309e-01  4.094e-01  4.495e-01  4.708e-01  4.838e-01  4.930e-01  5.005e-01  5.069e-01  5.128e-01  5.183e-01  5.234e-01  5.283e-01  5.330e-01  5.374e-01  5.416e-01  5.456e-01  5.495e-01  5.532e-01  5.567e-01  5.601e-01  5.633e-01  5.664e-01  5.694e-01  5.723e-01  5.751e-01  5.778e-01  5.805e-01  5.830e-01  5.855e-01  5.879e-01  5.903e-01  5.927e-01  5.950e-01  5.972e-01  5.995e-01  6.017e-01  6.039e-01  6.061e-01  6.082e-01  6.104e-01  6.125e-01  6.146e-01  6.167e-01  6.188e-01  6.208e-01  6.227e-01  6.245e-01  6.261e-01 	
 5.293e-02  2.342e-01  3.758e-01  4.514e-01  4.881e-01  5.067e-01  5.173e-01  5.244e-01  5.299e-01  5.346e-01  5.390e-01  5.431e-01  5.471e-01  5.509e-01  5.546e-01  5.582e-01  5.616e-01  5.649e-01  5.681e-01  5.712e-01  5.741e-01  5.770e-01  5.797e-01  5.824e-01  5.850e-01  5.874e-01  5.899e-01  5.922e-01  5.945e-01  5.967e-01  5.989e-01  6.011e-01  6.032e-01  6.053e-01  6.074e-01  6.095e-01  6.115e-01  6.135e-01  6.156e-01  6.176e-01  6.196e-01  6.216e-01  6.236e-01  6.256e-01  6.276e-01  6.295e-01  6.314e-01  6.332e-01  6.349e-01  6.365e-01 	
 7.384e-02  2.766e-01  4.190e-01  4.911e-01  5.247e-01  5.406e-01  5.488e-01  5.537e-01  5.573e-01  5.602e-01  5.630e-01  5.656e-01  5.683e-01  5.709e-01  5.736e-01  5.762e-01  5.787e-01  5.813e-01  5.837e-01  5.862e-01  5.885e-01  5.909e-01  5.931e-01  5.954e-01  5.975e-01  5.996e-01  6.017e-01  6.038e-01  6.058e-01  6.078e-01  6.097e-01  6.117e-01  6.136e-01  6.155e-01  6.175e-01  6.194e-01  6.213e-01  6.232e-01  6.251e-01  6.270e-01  6.290e-01  6.309e-01  6.328e-01  6.347e-01  6.367e-01  6.385e-01  6.404e-01  6.422e-01  6.439e-01  6.454e-01 	
 1.002e-01  3.192e-01  4.598e-01  5.282e-01  5.587e-01  5.721e-01  5.781e-01  5.810e-01  5.826e-01  5.839e-01  5.851e-01  5.864e-01  5.877e-01  5.892e-01  5.908e-01  5.925e-01  5.942e-01  5.960e-01  5.978e-01  5.996e-01  6.014e-01  6.033e-01  6.051e-01  6.069e-01  6.087e-01  6.105e-01  6.123e-01  6.140e-01  6.158e-01  6.176e-01  6.194e-01  6.211e-01  6.229e-01  6.247e-01  6.265e-01  6.283e-01  6.301e-01  6.319e-01  6.337e-01  6.356e-01  6.375e-01  6.393e-01  6.412e-01  6.431e-01  6.450e-01  6.468e-01  6.486e-01  6.504e-01  6.521e-01  6.537e-01 	
 1.317e-01  3.610e-01  4.978e-01  5.623e-01  5.900e-01  6.011e-01  6.051e-01  6.061e-01  6.061e-01  6.059e-01  6.058e-01  6.059e-01  6.062e-01  6.068e-01  6.075e-01  6.085e-01  6.095e-01  6.107e-01  6.120e-01  6.133e-01  6.146e-01  6.160e-01  6.175e-01  6.189e-01  6.204e-01  6.219e-01  6.234e-01  6.249e-01  6.264e-01  6.280e-01  6.296e-01  6.312e-01  6.328e-01  6.344e-01  6.361e-01  6.377e-01  6.394e-01  6.411e-01  6.429e-01  6.446e-01  6.464e-01  6.482e-01  6.500e-01  6.518e-01  6.537e-01  6.555e-01  6.572e-01  6.589e-01  6.606e-01  6.621e-01 	
 1.672e-01  4.007e-01  5.324e-01  5.933e-01  6.186e-01  6.277e-01  6.299e-01  6.293e-01  6.278e-01  6.261e-01  6.247e-01  6.237e-01  6.230e-01  6.226e-01  6.225e-01  6.227e-01  6.231e-01  6.236e-01  6.243e-01  6.251e-01  6.260e-01  6.270e-01  6.281e-01  6.292e-01  6.304e-01  6.316e-01  6.328e-01  6.341e-01  6.355e-01  6.369e-01  6.383e-01  6.397e-01  6.412e-01  6.427e-01  6.443e-01  6.458e-01  6.475e-01  6.491e-01  6.508e-01  6.525e-01  6.542e-01  6.560e-01  6.578e-01  6.595e-01  6.613e-01  6.631e-01  6.649e-01  6.666e-01  6.682e-01  6.697e-01 	
 2.056e-01  4.378e-01  5.636e-01  6.211e-01  6.444e-01  6.519e-01  6.525e-01  6.504e-01  6.475e-01  6.446e-01  6.421e-01  6.399e-01  6.383e-01  6.370e-01  6.362e-01  6.356e-01  6.354e-01  6.354e-01  6.355e-01  6.359e-01  6.364e-01  6.370e-01  6.377e-01  6.386e-01  6.395e-01  6.404e-01  6.415e-01  6.426e-01  6.438e-01  6.450e-01  6.463e-01  6.476e-01  6.490e-01  6.504e-01  6.519e-01  6.534e-01  6.550e-01  6.566e-01  6.582e-01  6.599e-01  6.616e-01  6.633e-01  6.651e-01  6.669e-01  6.686e-01  6.704e-01  6.721e-01  6.738e-01  6.754e-01  6.769e-01 	
 2.457e-01  4.717e-01  5.912e-01  6.459e-01  6.676e-01  6.737e-01  6.731e-01  6.698e-01  6.657e-01  6.616e-01  6.580e-01  6.549e-01  6.523e-01  6.503e-01  6.487e-01  6.475e-01  6.466e-01  6.461e-01  6.458e-01  6.457e-01  6.458e-01  6.461e-01  6.465e-01  6.471e-01  6.478e-01  6.485e-01  6.494e-01  6.503e-01  6.514e-01  6.525e-01  6.536e-01  6.549e-01  6.562e-01  6.576e-01  6.590e-01  6.604e-01  6.620e-01  6.635e-01  6.651e-01  6.668e-01  6.685e-01  6.702e-01  6.720e-01  6.737e-01  6.755e-01  6.773e-01  6.790e-01  6.807e-01  6.823e-01  6.838e-01 	
 2.864e-01  5.023e-01  6.154e-01  6.677e-01  6.882e-01  6.934e-01  6.917e-01  6.874e-01  6.823e-01  6.773e-01  6.728e-01  6.689e-01  6.656e-01  6.629e-01  6.607e-01  6.590e-01  6.576e-01  6.566e-01  6.559e-01  6.555e-01  6.553e-01  6.553e-01  6.555e-01  6.558e-01  6.562e-01  6.568e-01  6.575e-01  6.583e-01  6.592e-01  6.602e-01  6.613e-01  6.624e-01  6.637e-01  6.650e-01  6.663e-01  6.677e-01  6.692e-01  6.708e-01  6.723e-01  6.740e-01  6.756e-01  6.773e-01  6.791e-01  6.808e-01  6.826e-01  6.843e-01  6.861e-01  6.877e-01  6.893e-01  6.908e-01 	
 3.266e-01  5.295e-01  6.364e-01  6.867e-01  7.064e-01  7.110e-01  7.086e-01  7.035e-01  6.975e-01  6.918e-01  6.865e-01  6.819e-01  6.779e-01  6.746e-01  6.718e-01  6.696e-01  6.678e-01  6.664e-01  6.653e-01  6.646e-01  6.641e-01  6.638e-01  6.637e-01  6.638e-01  6.641e-01  6.645e-01  6.651e-01  6.657e-01  6.665e-01  6.674e-01  6.684e-01  6.695e-01  6.707e-01  6.719e-01  6.732e-01  6.746e-01  6.761e-01  6.776e-01  6.792e-01  6.808e-01  6.824e-01  6.841e-01  6.859e-01  6.876e-01  6.894e-01  6.911e-01  6.928e-01  6.945e-01  6.961e-01  6.976e-01 	
 3.642e-01  5.530e-01  6.542e-01  7.031e-01  7.225e-01  7.267e-01  7.239e-01  7.182e-01  7.116e-01  7.051e-01  6.992e-01  6.939e-01  6.894e-01  6.855e-01  6.822e-01  6.795e-01  6.773e-01  6.756e-01  6.742e-01  6.731e-01  6.723e-01  6.718e-01  6.715e-01  6.714e-01  6.715e-01  6.718e-01  6.722e-01  6.728e-01  6.735e-01  6.743e-01  6.753e-01  6.763e-01  6.774e-01  6.786e-01  6.799e-01  6.813e-01  6.827e-01  6.842e-01  6.858e-01  6.874e-01  6.891e-01  6.908e-01  6.925e-01  6.943e-01  6.960e-01  6.978e-01  6.995e-01  7.012e-01  7.028e-01  7.043e-01 	
 3.984e-01  5.729e-01  6.692e-01  7.172e-01  7.367e-01  7.409e-01  7.378e-01  7.317e-01  7.246e-01  7.175e-01  7.110e-01  7.052e-01  7.001e-01  6.957e-01  6.920e-01  6.889e-01  6.863e-01  6.842e-01  6.825e-01  6.811e-01  6.801e-01  6.793e-01  6.789e-01  6.786e-01  6.786e-01  6.787e-01  6.791e-01  6.795e-01  6.802e-01  6.809e-01  6.818e-01  6.828e-01  6.839e-01  6.851e-01  6.864e-01  6.877e-01  6.892e-01  6.907e-01  6.922e-01  6.939e-01  6.955e-01  6.972e-01  6.990e-01  7.007e-01  7.025e-01  7.043e-01  7.060e-01  7.077e-01  7.093e-01  7.108e-01 	
 4.290e-01  5.896e-01  6.816e-01  7.293e-01  7.490e-01  7.535e-01  7.505e-01  7.441e-01  7.367e-01  7.292e-01  7.223e-01  7.160e-01  7.105e-01  7.057e-01  7.016e-01  6.981e-01  6.952e-01  6.928e-01  6.908e-01  6.892e-01  6.880e-01  6.870e-01  6.864e-01  6.860e-01  6.858e-01  6.859e-01  6.861e-01  6.865e-01  6.871e-01  6.878e-01  6.886e-01  6.896e-01  6.906e-01  6.918e-01  6.931e-01  6.944e-01  6.959e-01  6.974e-01  6.989e-01  7.006e-01  7.022e-01  7.039e-01  7.057e-01  7.074e-01  7.092e-01  7.110e-01  7.127e-01  7.144e-01  7.160e-01  7.175e-01 	
 4.557e-01  6.033e-01  6.918e-01  7.394e-01  7.599e-01  7.649e-01  7.620e-01  7.557e-01  7.480e-01  7.403e-01  7.329e-01  7.263e-01  7.203e-01  7.152e-01  7.107e-01  7.069e-01  7.036e-01  7.009e-01  6.987e-01  6.969e-01  6.954e-01  6.943e-01  6.935e-01  6.930e-01  6.927e-01  6.927e-01  6.928e-01  6.932e-01  6.937e-01  6.943e-01  6.952e-01  6.961e-01  6.972e-01  6.983e-01  6.996e-01  7.009e-01  7.024e-01  7.039e-01  7.054e-01  7.071e-01  7.088e-01  7.105e-01  7.122e-01  7.140e-01  7.158e-01  7.175e-01  7.193e-01  7.210e-01  7.226e-01  7.240e-01 	
 4.788e-01  6.145e-01  7.000e-01  7.480e-01  7.693e-01  7.750e-01  7.726e-01  7.664e-01  7.586e-01  7.507e-01  7.430e-01  7.361e-01  7.298e-01  7.243e-01  7.195e-01  7.153e-01  7.118e-01  7.088e-01  7.064e-01  7.044e-01  7.027e-01  7.015e-01  7.005e-01  6.999e-01  6.995e-01  6.994e-01  6.995e-01  6.998e-01  7.002e-01  7.009e-01  7.017e-01  7.026e-01  7.036e-01  7.048e-01  7.061e-01  7.074e-01  7.089e-01  7.104e-01  7.120e-01  7.136e-01  7.153e-01  7.170e-01  7.188e-01  7.206e-01  7.223e-01  7.241e-01  7.258e-01  7.275e-01  7.291e-01  7.306e-01 	
 4.984e-01  6.234e-01  7.066e-01  7.551e-01  7.775e-01  7.841e-01  7.822e-01  7.763e-01  7.686e-01  7.605e-01  7.527e-01  7.454e-01  7.389e-01  7.331e-01  7.280e-01  7.236e-01  7.198e-01  7.166e-01  7.140e-01  7.118e-01  7.100e-01  7.086e-01  7.075e-01  7.068e-01  7.063e-01  7.062e-01  7.062e-01  7.064e-01  7.069e-01  7.075e-01  7.083e-01  7.092e-01  7.103e-01  7.114e-01  7.127e-01  7.141e-01  7.155e-01  7.170e-01  7.186e-01  7.203e-01  7.220e-01  7.237e-01  7.255e-01  7.272e-01  7.290e-01  7.308e-01  7.325e-01  7.342e-01  7.358e-01  7.372e-01 	
 5.147e-01  6.303e-01  7.117e-01  7.610e-01  7.846e-01  7.922e-01  7.910e-01  7.854e-01  7.779e-01  7.699e-01  7.619e-01  7.545e-01  7.477e-01  7.417e-01  7.364e-01  7.318e-01  7.278e-01  7.244e-01  7.215e-01  7.192e-01  7.172e-01  7.157e-01  7.146e-01  7.138e-01  7.132e-01  7.130e-01  7.130e-01  7.132e-01  7.136e-01  7.142e-01  7.150e-01  7.159e-01  7.170e-01  7.182e-01  7.194e-01  7.208e-01  7.223e-01  7.238e-01  7.254e-01  7.271e-01  7.287e-01  7.305e-01  7.322e-01  7.340e-01  7.358e-01  7.375e-01  7.392e-01  7.409e-01  7.425e-01  7.439e-01 	
 5.281e-01  6.356e-01  7.156e-01  7.657e-01  7.906e-01  7.994e-01  7.990e-01  7.939e-01  7.867e-01  7.787e-01  7.708e-01  7.633e-01  7.564e-01  7.501e-01  7.446e-01  7.398e-01  7.357e-01  7.321e-01  7.291e-01  7.266e-01  7.246e-01  7.230e-01  7.217e-01  7.209e-01  7.203e-01  7.200e-01  7.200e-01  7.202e-01  7.206e-01  7.212e-01  7.219e-01  7.229e-01  7.239e-01  7.251e-01  7.264e-01  7.278e-01  7.292e-01  7.308e-01  7.323e-01  7.340e-01  7.357e-01  7.374e-01  7.391e-01  7.409e-01  7.426e-01  7.444e-01  7.461e-01  7.477e-01  7.493e-01  7.507e-01 	
 5.390e-01  6.396e-01  7.185e-01  7.695e-01  7.957e-01  8.057e-01  8.062e-01  8.018e-01  7.950e-01  7.872e-01  7.793e-01  7.718e-01  7.648e-01  7.584e-01  7.528e-01  7.478e-01  7.435e-01  7.399e-01  7.367e-01  7.341e-01  7.320e-01  7.303e-01  7.290e-01  7.281e-01  7.275e-01  7.272e-01  7.271e-01  7.273e-01  7.277e-01  7.283e-01  7.291e-01  7.300e-01  7.310e-01  7.322e-01  7.335e-01  7.349e-01  7.363e-01  7.379e-01  7.395e-01  7.411e-01  7.428e-01  7.445e-01  7.462e-01  7.479e-01  7.496e-01  7.514e-01  7.530e-01  7.546e-01  7.562e-01  7.576e-01 	
 5.478e-01  6.424e-01  7.205e-01  7.725e-01  8.000e-01  8.112e-01  8.128e-01  8.090e-01  8.027e-01  7.952e-01  7.875e-01  7.800e-01  7.730e-01  7.666e-01  7.609e-01  7.558e-01  7.514e-01  7.476e-01  7.444e-01  7.417e-01  7.396e-01  7.378e-01  7.365e-01  7.355e-01  7.349e-01  7.345e-01  7.344e-01  7.346e-01  7.350e-01  7.356e-01  7.364e-01  7.373e-01  7.383e-01  7.395e-01  7.408e-01  7.422e-01  7.436e-01  7.451e-01  7.467e-01  7.483e-01  7.500e-01  7.517e-01  7.534e-01  7.551e-01  7.568e-01  7.584e-01  7.601e-01  7.616e-01  7.631e-01  7.645e-01 	
 5.548e-01  6.443e-01  7.218e-01  7.747e-01  8.036e-01  8.161e-01  8.187e-01  8.157e-01  8.099e-01  8.028e-01  7.953e-01  7.879e-01  7.810e-01  7.746e-01  7.688e-01  7.637e-01  7.593e-01  7.554e-01  7.522e-01  7.495e-01  7.472e-01  7.454e-01  7.441e-01  7.431e-01  7.424e-01  7.421e-01  7.420e-01  7.422e-01  7.425e-01  7.431e-01  7.439e-01  7.448e-01  7.459e-01  7.470e-01  7.483e-01  7.497e-01  7.511e-01  7.526e-01  7.542e-01  7.557e-01  7.574e-01  7.590e-01  7.607e-01  7.623e-01  7.640e-01  7.656e-01  7.672e-01  7.687e-01  7.701e-01  7.715e-01 	
 5.606e-01  6.457e-01  7.226e-01  7.763e-01  8.065e-01  8.203e-01  8.240e-01  8.219e-01  8.167e-01  8.101e-01  8.029e-01  7.957e-01  7.888e-01  7.825e-01  7.768e-01  7.717e-01  7.672e-01  7.633e-01  7.600e-01  7.573e-01  7.550e-01  7.532e-01  7.518e-01  7.508e-01  7.502e-01  7.498e-01  7.497e-01  7.499e-01  7.503e-01  7.509e-01  7.517e-01  7.526e-01  7.536e-01  7.548e-01  7.560e-01  7.574e-01  7.588e-01  7.602e-01  7.618e-01  7.633e-01  7.649e-01  7.665e-01  7.681e-01  7.697e-01  7.713e-01  7.728e-01  7.744e-01  7.758e-01  7.772e-01  7.785e-01 	
 5.660e-01  6.475e-01  7.233e-01  7.773e-01  8.086e-01  8.235e-01  8.284e-01  8.273e-01  8.229e-01  8.168e-01  8.100e-01  8.031e-01  7.964e-01  7.902e-01  7.846e-01  7.795e-01  7.751e-01  7.712e-01  7.679e-01  7.652e-01  7.629e-01  7.611e-01  7.598e-01  7.588e-01  7.581e-01  7.578e-01  7.577e-01  7.578e-01  7.582e-01  7.588e-01  7.596e-01  7.605e-01  7.615e-01  7.626e-01  7.639e-01  7.652e-01  7.665e-01  7.680e-01  7.694e-01  7.709e-01  7.725e-01  7.740e-01  7.755e-01  7.771e-01  7.786e-01  7.801e-01  7.816e-01  7.830e-01  7.843e-01  7.856e-01 	
 5.731e-01  6.514e-01  7.246e-01  7.773e-01  8.087e-01  8.246e-01  8.305e-01  8.306e-01  8.272e-01  8.220e-01  8.159e-01  8.096e-01  8.035e-01  7.976e-01  7.923e-01  7.874e-01  7.832e-01  7.795e-01  7.763e-01  7.736e-01  7.714e-01  7.697e-01  7.683e-01  7.674e-01  7.667e-01  7.664e-01  7.663e-01  7.665e-01  7.668e-01  7.674e-01  7.681e-01  7.690e-01  7.699e-01  7.710e-01  7.722e-01  7.734e-01  7.747e-01  7.761e-01  7.775e-01  7.789e-01  7.803e-01  7.818e-01  7.832e-01  7.847e-01  7.861e-01  7.875e-01  7.889e-01  7.902e-01  7.915e-01  7.927e-01 	
