 3.891e-03  6.601e-03  9.956e-03  1.323e-02  1.632e-02  1.966e-02  2.381e-02  2.922e-02  3.621e-02  4.500e-02  5.575e-02  6.857e-02  8.351e-02  1.006e-01  1.199e-01  1.414e-01  1.651e-01  1.909e-01  2.188e-01  2.488e-01  2.806e-01  3.144e-01  3.499e-01  3.870e-01  4.256e-01  4.656e-01  5.068e-01  5.491e-01  5.923e-01  6.363e-01  6.810e-01  7.262e-01  7.718e-01  8.176e-01  8.635e-01  9.095e-01  9.554e-01  1.001e+00  1.047e+00  1.092e+00  1.136e+00  1.180e+00  1.223e+00  1.265e+00  1.306e+00  1.345e+00  1.381e+00  1.413e+00  1.440e+00  1.460e+00 	
 4.837e-03  8.278e-03  1.251e-02  1.655e-02  2.030e-02  2.440e-02  2.960e-02  3.653e-02  4.563e-02  5.721e-02  7.151e-02  8.867e-02  1.088e-01  1.319e-01  1.580e-01  1.871e-01  2.191e-01  2.538e-01  2.912e-01  3.311e-01  3.733e-01  4.176e-01  4.638e-01  5.116e-01  5.607e-01  6.111e-01  6.624e-01  7.144e-01  7.670e-01  8.198e-01  8.727e-01  9.257e-01  9.784e-01  1.031e+00  1.083e+00  1.134e+00  1.185e+00  1.235e+00  1.284e+00  1.332e+00  1.380e+00  1.426e+00  1.471e+00  1.515e+00  1.558e+00  1.598e+00  1.635e+00  1.669e+00  1.698e+00  1.721e+00 	
 6.258e-03  1.059e-02  1.587e-02  2.084e-02  2.548e-02  3.069e-02  3.750e-02  4.671e-02  5.895e-02  7.467e-02  9.417e-02  1.177e-01  1.452e-01  1.769e-01  2.126e-01  2.521e-01  2.952e-01  3.417e-01  3.912e-01  4.434e-01  4.979e-01  5.543e-01  6.122e-01  6.713e-01  7.312e-01  7.916e-01  8.522e-01  9.127e-01  9.729e-01  1.032e+00  1.091e+00  1.149e+00  1.206e+00  1.262e+00  1.317e+00  1.370e+00  1.422e+00  1.473e+00  1.522e+00  1.570e+00  1.617e+00  1.662e+00  1.705e+00  1.747e+00  1.787e+00  1.825e+00  1.860e+00  1.893e+00  1.921e+00  1.943e+00 	
 8.034e-03  1.334e-02  1.971e-02  2.567e-02  3.137e-02  3.806e-02  4.708e-02  5.955e-02  7.629e-02  9.792e-02  1.248e-01  1.572e-01  1.951e-01  2.384e-01  2.866e-01  3.395e-01  3.964e-01  4.569e-01  5.203e-01  5.860e-01  6.534e-01  7.219e-01  7.912e-01  8.605e-01  9.297e-01  9.982e-01  1.066e+00  1.132e+00  1.197e+00  1.261e+00  1.323e+00  1.383e+00  1.441e+00  1.497e+00  1.551e+00  1.604e+00  1.654e+00  1.703e+00  1.750e+00  1.795e+00  1.838e+00  1.880e+00  1.919e+00  1.957e+00  1.994e+00  2.028e+00  2.059e+00  2.088e+00  2.113e+00  2.134e+00 	
 1.005e-02  1.631e-02  2.375e-02  3.077e-02  3.781e-02  4.658e-02  5.886e-02  7.612e-02  9.949e-02  1.297e-01  1.672e-01  2.120e-01  2.638e-01  3.221e-01  3.860e-01  4.548e-01  5.274e-01  6.030e-01  6.806e-01  7.595e-01  8.388e-01  9.178e-01  9.961e-01  1.073e+00  1.148e+00  1.222e+00  1.293e+00  1.362e+00  1.428e+00  1.492e+00  1.553e+00  1.612e+00  1.668e+00  1.722e+00  1.773e+00  1.822e+00  1.869e+00  1.913e+00  1.955e+00  1.996e+00  2.034e+00  2.071e+00  2.105e+00  2.138e+00  2.170e+00  2.199e+00  2.226e+00  2.250e+00  2.272e+00  2.291e+00 	
 1.217e-02  1.931e-02  2.780e-02  3.608e-02  4.504e-02  5.699e-02  7.428e-02  9.886e-02  1.321e-01  1.748e-01  2.270e-01  2.883e-01  3.578e-01  4.341e-01  5.159e-01  6.017e-01  6.902e-01  7.802e-01  8.704e-01  9.600e-01  1.048e+00  1.134e+00  1.218e+00  1.299e+00  1.376e+00  1.450e+00  1.521e+00  1.589e+00  1.653e+00  1.714e+00  1.771e+00  1.826e+00  1.877e+00  1.926e+00  1.972e+00  2.015e+00  2.056e+00  2.095e+00  2.132e+00  2.166e+00  2.199e+00  2.229e+00  2.259e+00  2.286e+00  2.312e+00  2.336e+00  2.358e+00  2.378e+00  2.397e+00  2.412e+00 	
 1.426e-02  2.219e-02  3.182e-02  4.183e-02  5.378e-02  7.079e-02  9.594e-02  1.316e-01  1.793e-01  2.393e-01  3.109e-01  3.925e-01  4.824e-01  5.783e-01  6.781e-01  7.800e-01  8.822e-01  9.834e-01  1.082e+00  1.179e+00  1.271e+00  1.360e+00  1.444e+00  1.524e+00  1.599e+00  1.671e+00  1.737e+00  1.800e+00  1.859e+00  1.914e+00  1.966e+00  2.014e+00  2.059e+00  2.101e+00  2.141e+00  2.178e+00  2.212e+00  2.244e+00  2.275e+00  2.303e+00  2.330e+00  2.355e+00  2.378e+00  2.400e+00  2.421e+00  2.440e+00  2.457e+00  2.474e+00  2.488e+00  2.501e+00 	
 1.621e-02  2.489e-02  3.596e-02  4.862e-02  6.542e-02  9.055e-02  1.279e-01  1.800e-01  2.477e-01  3.300e-01  4.248e-01  5.292e-01  6.400e-01  7.543e-01  8.696e-01  9.837e-01  1.095e+00  1.203e+00  1.305e+00  1.403e+00  1.494e+00  1.581e+00  1.661e+00  1.736e+00  1.806e+00  1.871e+00  1.931e+00  1.987e+00  2.038e+00  2.086e+00  2.130e+00  2.171e+00  2.209e+00  2.244e+00  2.277e+00  2.307e+00  2.335e+00  2.361e+00  2.385e+00  2.407e+00  2.428e+00  2.448e+00  2.466e+00  2.483e+00  2.499e+00  2.513e+00  2.527e+00  2.540e+00  2.551e+00  2.562e+00 	
 1.796e-02  2.749e-02  4.061e-02  5.754e-02  8.224e-02  1.202e-01  1.756e-01  2.505e-01  3.438e-01  4.524e-01  5.721e-01  6.986e-01  8.277e-01  9.563e-01  1.082e+00  1.202e+00  1.317e+00  1.425e+00  1.525e+00  1.619e+00  1.705e+00  1.785e+00  1.858e+00  1.926e+00  1.987e+00  2.044e+00  2.096e+00  2.143e+00  2.187e+00  2.226e+00  2.263e+00  2.296e+00  2.327e+00  2.355e+00  2.381e+00  2.405e+00  2.426e+00  2.446e+00  2.465e+00  2.482e+00  2.498e+00  2.513e+00  2.526e+00  2.539e+00  2.550e+00  2.561e+00  2.571e+00  2.581e+00  2.590e+00  2.598e+00 	
 1.952e-02  3.015e-02  4.647e-02  7.038e-02  1.077e-01  1.650e-01  2.459e-01  3.498e-01  4.727e-01  6.085e-01  7.512e-01  8.955e-01  1.037e+00  1.173e+00  1.302e+00  1.422e+00  1.534e+00  1.636e+00  1.730e+00  1.816e+00  1.893e+00  1.964e+00  2.028e+00  2.086e+00  2.138e+00  2.186e+00  2.229e+00  2.267e+00  2.303e+00  2.335e+00  2.364e+00  2.390e+00  2.414e+00  2.436e+00  2.455e+00  2.473e+00  2.490e+00  2.505e+00  2.519e+00  2.531e+00  2.543e+00  2.553e+00  2.563e+00  2.572e+00  2.580e+00  2.588e+00  2.595e+00  2.602e+00  2.609e+00  2.615e+00 	
 2.093e-02  3.321e-02  5.469e-02  8.991e-02  1.468e-01  2.317e-01  3.453e-01  4.825e-01  6.352e-01  7.950e-01  9.548e-01  1.110e+00  1.256e+00  1.392e+00  1.517e+00  1.631e+00  1.734e+00  1.827e+00  1.911e+00  1.986e+00  2.053e+00  2.113e+00  2.166e+00  2.214e+00  2.257e+00  2.296e+00  2.330e+00  2.361e+00  2.389e+00  2.414e+00  2.436e+00  2.456e+00  2.474e+00  2.490e+00  2.505e+00  2.518e+00  2.530e+00  2.541e+00  2.550e+00  2.559e+00  2.567e+00  2.574e+00  2.581e+00  2.587e+00  2.593e+00  2.598e+00  2.603e+00  2.608e+00  2.612e+00  2.617e+00 	
 2.229e-02  3.718e-02  6.707e-02  1.202e-01  2.057e-01  3.269e-01  4.781e-01  6.485e-01  8.265e-01  1.003e+00  1.171e+00  1.328e+00  1.471e+00  1.600e+00  1.715e+00  1.818e+00  1.910e+00  1.991e+00  2.062e+00  2.125e+00  2.181e+00  2.230e+00  2.274e+00  2.312e+00  2.346e+00  2.377e+00  2.403e+00  2.427e+00  2.448e+00  2.467e+00  2.483e+00  2.498e+00  2.511e+00  2.523e+00  2.533e+00  2.542e+00  2.551e+00  2.558e+00  2.565e+00  2.570e+00  2.576e+00  2.580e+00  2.584e+00  2.588e+00  2.592e+00  2.595e+00  2.598e+00  2.601e+00  2.605e+00  2.608e+00 	
 2.370e-02  4.288e-02  8.639e-02  1.667e-01  2.912e-01  4.551e-01  6.442e-01  8.423e-01  1.037e+00  1.220e+00  1.387e+00  1.537e+00  1.669e+00  1.786e+00  1.888e+00  1.978e+00  2.055e+00  2.123e+00  2.182e+00  2.234e+00  2.279e+00  2.318e+00  2.353e+00  2.383e+00  2.409e+00  2.432e+00  2.452e+00  2.470e+00  2.485e+00  2.499e+00  2.511e+00  2.521e+00  2.530e+00  2.538e+00  2.545e+00  2.551e+00  2.557e+00  2.561e+00  2.565e+00  2.569e+00  2.572e+00  2.574e+00  2.577e+00  2.579e+00  2.581e+00  2.583e+00  2.584e+00  2.586e+00  2.589e+00  2.592e+00 	
 2.536e-02  5.160e-02  1.167e-01  2.361e-01  4.087e-01  6.169e-01  8.378e-01  1.053e+00  1.253e+00  1.432e+00  1.589e+00  1.725e+00  1.843e+00  1.945e+00  2.032e+00  2.106e+00  2.171e+00  2.226e+00  2.274e+00  2.315e+00  2.350e+00  2.380e+00  2.407e+00  2.430e+00  2.449e+00  2.466e+00  2.481e+00  2.494e+00  2.505e+00  2.514e+00  2.522e+00  2.529e+00  2.535e+00  2.540e+00  2.545e+00  2.548e+00  2.551e+00  2.554e+00  2.556e+00  2.558e+00  2.559e+00  2.560e+00  2.561e+00  2.562e+00  2.563e+00  2.564e+00  2.564e+00  2.566e+00  2.567e+00  2.569e+00 	
 2.754e-02  6.541e-02  1.635e-01  3.346e-01  5.601e-01  8.071e-01  1.048e+00  1.268e+00  1.461e+00  1.627e+00  1.768e+00  1.887e+00  1.988e+00  2.073e+00  2.145e+00  2.206e+00  2.257e+00  2.301e+00  2.338e+00  2.370e+00  2.397e+00  2.420e+00  2.440e+00  2.457e+00  2.471e+00  2.483e+00  2.494e+00  2.503e+00  2.510e+00  2.516e+00  2.521e+00  2.526e+00  2.529e+00  2.532e+00  2.535e+00  2.537e+00  2.538e+00  2.539e+00  2.540e+00  2.540e+00  2.541e+00  2.541e+00  2.541e+00  2.541e+00  2.540e+00  2.540e+00  2.540e+00  2.541e+00  2.542e+00  2.544e+00 	
 3.068e-02  8.743e-02  2.333e-01  4.663e-01  7.417e-01  1.015e+00  1.262e+00  1.474e+00  1.651e+00  1.798e+00  1.919e+00  2.020e+00  2.103e+00  2.172e+00  2.230e+00  2.278e+00  2.318e+00  2.352e+00  2.381e+00  2.405e+00  2.425e+00  2.442e+00  2.457e+00  2.469e+00  2.479e+00  2.487e+00  2.494e+00  2.500e+00  2.505e+00  2.509e+00  2.512e+00  2.514e+00  2.516e+00  2.517e+00  2.518e+00  2.519e+00  2.519e+00  2.519e+00  2.519e+00  2.518e+00  2.518e+00  2.517e+00  2.516e+00  2.516e+00  2.515e+00  2.514e+00  2.514e+00  2.514e+00  2.515e+00  2.516e+00 	
 3.549e-02  1.221e-01  3.322e-01  6.307e-01  9.448e-01  1.228e+00  1.466e+00  1.659e+00  1.815e+00  1.940e+00  2.041e+00  2.123e+00  2.190e+00  2.245e+00  2.290e+00  2.327e+00  2.358e+00  2.384e+00  2.406e+00  2.424e+00  2.438e+00  2.451e+00  2.461e+00  2.469e+00  2.476e+00  2.482e+00  2.486e+00  2.490e+00  2.492e+00  2.494e+00  2.496e+00  2.497e+00  2.497e+00  2.497e+00  2.497e+00  2.497e+00  2.496e+00  2.496e+00  2.495e+00  2.494e+00  2.493e+00  2.492e+00  2.490e+00  2.489e+00  2.488e+00  2.487e+00  2.487e+00  2.486e+00  2.486e+00  2.487e+00 	
 4.314e-02  1.752e-01  4.640e-01  8.221e-01  1.157e+00  1.433e+00  1.650e+00  1.818e+00  1.950e+00  2.052e+00  2.134e+00  2.199e+00  2.252e+00  2.294e+00  2.329e+00  2.358e+00  2.381e+00  2.401e+00  2.416e+00  2.429e+00  2.440e+00  2.449e+00  2.456e+00  2.461e+00  2.466e+00  2.469e+00  2.472e+00  2.473e+00  2.475e+00  2.475e+00  2.476e+00  2.476e+00  2.475e+00  2.475e+00  2.474e+00  2.473e+00  2.472e+00  2.471e+00  2.469e+00  2.468e+00  2.466e+00  2.465e+00  2.463e+00  2.462e+00  2.461e+00  2.460e+00  2.459e+00  2.458e+00  2.458e+00  2.459e+00 	
 5.556e-02  2.530e-01  6.284e-01  1.029e+00  1.363e+00  1.618e+00  1.807e+00  1.948e+00  2.055e+00  2.138e+00  2.202e+00  2.253e+00  2.293e+00  2.326e+00  2.352e+00  2.373e+00  2.391e+00  2.405e+00  2.416e+00  2.426e+00  2.433e+00  2.439e+00  2.444e+00  2.447e+00  2.450e+00  2.452e+00  2.453e+00  2.453e+00  2.454e+00  2.453e+00  2.453e+00  2.452e+00  2.451e+00  2.450e+00  2.449e+00  2.448e+00  2.446e+00  2.445e+00  2.443e+00  2.441e+00  2.440e+00  2.438e+00  2.436e+00  2.435e+00  2.433e+00  2.432e+00  2.431e+00  2.431e+00  2.430e+00  2.431e+00 	
 7.574e-02  3.606e-01  8.192e-01  1.240e+00  1.554e+00  1.777e+00  1.936e+00  2.050e+00  2.135e+00  2.199e+00  2.248e+00  2.287e+00  2.318e+00  2.342e+00  2.362e+00  2.378e+00  2.390e+00  2.401e+00  2.409e+00  2.415e+00  2.420e+00  2.424e+00  2.427e+00  2.429e+00  2.430e+00  2.431e+00  2.431e+00  2.431e+00  2.431e+00  2.430e+00  2.429e+00  2.428e+00  2.427e+00  2.425e+00  2.424e+00  2.422e+00  2.420e+00  2.419e+00  2.417e+00  2.415e+00  2.413e+00  2.412e+00  2.410e+00  2.408e+00  2.407e+00  2.406e+00  2.405e+00  2.404e+00  2.404e+00  2.404e+00 	
 1.080e-01  5.006e-01  1.026e+00  1.440e+00  1.721e+00  1.908e+00  2.036e+00  2.126e+00  2.191e+00  2.240e+00  2.277e+00  2.306e+00  2.329e+00  2.348e+00  2.362e+00  2.374e+00  2.383e+00  2.390e+00  2.396e+00  2.400e+00  2.404e+00  2.406e+00  2.408e+00  2.409e+00  2.409e+00  2.409e+00  2.409e+00  2.408e+00  2.407e+00  2.406e+00  2.405e+00  2.403e+00  2.402e+00  2.400e+00  2.398e+00  2.397e+00  2.395e+00  2.393e+00  2.391e+00  2.390e+00  2.388e+00  2.386e+00  2.384e+00  2.383e+00  2.381e+00  2.380e+00  2.379e+00  2.378e+00  2.378e+00  2.378e+00 	
 1.580e-01  6.706e-01  1.235e+00  1.620e+00  1.860e+00  2.011e+00  2.111e+00  2.179e+00  2.229e+00  2.265e+00  2.293e+00  2.314e+00  2.331e+00  2.345e+00  2.355e+00  2.364e+00  2.370e+00  2.376e+00  2.380e+00  2.382e+00  2.385e+00  2.386e+00  2.387e+00  2.387e+00  2.387e+00  2.386e+00  2.386e+00  2.385e+00  2.383e+00  2.382e+00  2.381e+00  2.379e+00  2.377e+00  2.376e+00  2.374e+00  2.372e+00  2.370e+00  2.369e+00  2.367e+00  2.365e+00  2.363e+00  2.362e+00  2.360e+00  2.358e+00  2.357e+00  2.356e+00  2.354e+00  2.354e+00  2.353e+00  2.354e+00 	
 2.319e-01  8.634e-01  1.433e+00  1.773e+00  1.970e+00  2.088e+00  2.164e+00  2.215e+00  2.251e+00  2.278e+00  2.298e+00  2.314e+00  2.326e+00  2.336e+00  2.344e+00  2.350e+00  2.355e+00  2.358e+00  2.361e+00  2.363e+00  2.364e+00  2.365e+00  2.365e+00  2.365e+00  2.364e+00  2.364e+00  2.363e+00  2.361e+00  2.360e+00  2.359e+00  2.357e+00  2.355e+00  2.354e+00  2.352e+00  2.350e+00  2.349e+00  2.347e+00  2.345e+00  2.343e+00  2.342e+00  2.340e+00  2.338e+00  2.337e+00  2.335e+00  2.334e+00  2.332e+00  2.331e+00  2.331e+00  2.330e+00  2.331e+00 	
 3.353e-01  1.068e+00  1.611e+00  1.898e+00  2.053e+00  2.143e+00  2.198e+00  2.235e+00  2.262e+00  2.281e+00  2.296e+00  2.307e+00  2.316e+00  2.323e+00  2.329e+00  2.334e+00  2.337e+00  2.340e+00  2.342e+00  2.343e+00  2.343e+00  2.344e+00  2.344e+00  2.343e+00  2.342e+00  2.341e+00  2.340e+00  2.339e+00  2.338e+00  2.336e+00  2.335e+00  2.333e+00  2.331e+00  2.330e+00  2.328e+00  2.326e+00  2.324e+00  2.323e+00  2.321e+00  2.319e+00  2.318e+00  2.316e+00  2.315e+00  2.313e+00  2.312e+00  2.311e+00  2.310e+00  2.309e+00  2.309e+00  2.309e+00 	
 4.706e-01  1.272e+00  1.763e+00  1.996e+00  2.114e+00  2.179e+00  2.219e+00  2.245e+00  2.264e+00  2.277e+00  2.288e+00  2.296e+00  2.303e+00  2.308e+00  2.313e+00  2.316e+00  2.319e+00  2.320e+00  2.322e+00  2.323e+00  2.323e+00  2.323e+00  2.322e+00  2.322e+00  2.321e+00  2.320e+00  2.319e+00  2.318e+00  2.316e+00  2.315e+00  2.313e+00  2.311e+00  2.310e+00  2.308e+00  2.307e+00  2.305e+00  2.303e+00  2.302e+00  2.300e+00  2.298e+00  2.297e+00  2.295e+00  2.294e+00  2.293e+00  2.291e+00  2.290e+00  2.289e+00  2.288e+00  2.288e+00  2.288e+00 	
 6.358e-01  1.463e+00  1.887e+00  2.068e+00  2.155e+00  2.202e+00  2.229e+00  2.247e+00  2.259e+00  2.269e+00  2.277e+00  2.283e+00  2.288e+00  2.292e+00  2.295e+00  2.298e+00  2.300e+00  2.301e+00  2.302e+00  2.303e+00  2.303e+00  2.303e+00  2.302e+00  2.301e+00  2.301e+00  2.300e+00  2.298e+00  2.297e+00  2.296e+00  2.294e+00  2.293e+00  2.291e+00  2.290e+00  2.288e+00  2.287e+00  2.285e+00  2.283e+00  2.282e+00  2.280e+00  2.279e+00  2.277e+00  2.276e+00  2.275e+00  2.273e+00  2.272e+00  2.271e+00  2.270e+00  2.269e+00  2.269e+00  2.269e+00 	
 8.241e-01  1.634e+00  1.984e+00  2.120e+00  2.182e+00  2.213e+00  2.231e+00  2.243e+00  2.251e+00  2.258e+00  2.263e+00  2.268e+00  2.272e+00  2.275e+00  2.278e+00  2.280e+00  2.282e+00  2.283e+00  2.283e+00  2.284e+00  2.284e+00  2.283e+00  2.283e+00  2.282e+00  2.281e+00  2.280e+00  2.279e+00  2.278e+00  2.277e+00  2.275e+00  2.274e+00  2.272e+00  2.271e+00  2.269e+00  2.268e+00  2.266e+00  2.265e+00  2.263e+00  2.262e+00  2.260e+00  2.259e+00  2.258e+00  2.256e+00  2.255e+00  2.254e+00  2.253e+00  2.252e+00  2.251e+00  2.251e+00  2.251e+00 	
 1.024e+00  1.779e+00  2.056e+00  2.154e+00  2.196e+00  2.216e+00  2.227e+00  2.234e+00  2.240e+00  2.245e+00  2.249e+00  2.253e+00  2.256e+00  2.258e+00  2.261e+00  2.262e+00  2.264e+00  2.265e+00  2.265e+00  2.265e+00  2.265e+00  2.265e+00  2.265e+00  2.264e+00  2.263e+00  2.262e+00  2.261e+00  2.260e+00  2.258e+00  2.257e+00  2.256e+00  2.254e+00  2.253e+00  2.252e+00  2.250e+00  2.249e+00  2.247e+00  2.246e+00  2.245e+00  2.243e+00  2.242e+00  2.241e+00  2.239e+00  2.238e+00  2.237e+00  2.236e+00  2.235e+00  2.234e+00  2.234e+00  2.234e+00 	
 1.224e+00  1.896e+00  2.107e+00  2.175e+00  2.201e+00  2.213e+00  2.219e+00  2.224e+00  2.227e+00  2.231e+00  2.234e+00  2.237e+00  2.240e+00  2.242e+00  2.244e+00  2.246e+00  2.247e+00  2.248e+00  2.248e+00  2.248e+00  2.248e+00  2.248e+00  2.247e+00  2.247e+00  2.246e+00  2.245e+00  2.244e+00  2.243e+00  2.242e+00  2.240e+00  2.239e+00  2.238e+00  2.236e+00  2.235e+00  2.234e+00  2.232e+00  2.231e+00  2.230e+00  2.228e+00  2.227e+00  2.226e+00  2.225e+00  2.223e+00  2.222e+00  2.221e+00  2.220e+00  2.219e+00  2.219e+00  2.218e+00  2.218e+00 	
 1.413e+00  1.988e+00  2.141e+00  2.185e+00  2.200e+00  2.206e+00  2.209e+00  2.211e+00  2.214e+00  2.217e+00  2.219e+00  2.222e+00  2.224e+00  2.226e+00  2.228e+00  2.230e+00  2.231e+00  2.232e+00  2.232e+00  2.232e+00  2.232e+00  2.232e+00  2.231e+00  2.231e+00  2.230e+00  2.229e+00  2.228e+00  2.227e+00  2.226e+00  2.225e+00  2.223e+00  2.222e+00  2.221e+00  2.220e+00  2.218e+00  2.217e+00  2.216e+00  2.215e+00  2.213e+00  2.212e+00  2.211e+00  2.210e+00  2.208e+00  2.207e+00  2.206e+00  2.205e+00  2.205e+00  2.204e+00  2.204e+00  2.203e+00 	
 1.581e+00  2.055e+00  2.161e+00  2.188e+00  2.195e+00  2.197e+00  2.197e+00  2.199e+00  2.200e+00  2.203e+00  2.205e+00  2.207e+00  2.210e+00  2.212e+00  2.213e+00  2.215e+00  2.216e+00  2.216e+00  2.217e+00  2.217e+00  2.217e+00  2.217e+00  2.216e+00  2.216e+00  2.215e+00  2.214e+00  2.213e+00  2.212e+00  2.211e+00  2.210e+00  2.209e+00  2.208e+00  2.206e+00  2.205e+00  2.204e+00  2.203e+00  2.202e+00  2.200e+00  2.199e+00  2.198e+00  2.197e+00  2.196e+00  2.194e+00  2.193e+00  2.192e+00  2.191e+00  2.191e+00  2.190e+00  2.190e+00  2.190e+00 	
 1.724e+00  2.103e+00  2.171e+00  2.185e+00  2.187e+00  2.186e+00  2.185e+00  2.186e+00  2.187e+00  2.189e+00  2.191e+00  2.193e+00  2.196e+00  2.198e+00  2.199e+00  2.201e+00  2.202e+00  2.202e+00  2.203e+00  2.203e+00  2.203e+00  2.203e+00  2.202e+00  2.202e+00  2.201e+00  2.200e+00  2.199e+00  2.198e+00  2.197e+00  2.196e+00  2.195e+00  2.194e+00  2.193e+00  2.192e+00  2.191e+00  2.189e+00  2.188e+00  2.187e+00  2.186e+00  2.185e+00  2.184e+00  2.182e+00  2.181e+00  2.180e+00  2.179e+00  2.178e+00  2.178e+00  2.177e+00  2.177e+00  2.177e+00 	
 1.841e+00  2.134e+00  2.174e+00  2.179e+00  2.177e+00  2.174e+00  2.173e+00  2.173e+00  2.174e+00  2.176e+00  2.178e+00  2.180e+00  2.183e+00  2.185e+00  2.186e+00  2.188e+00  2.189e+00  2.189e+00  2.190e+00  2.190e+00  2.190e+00  2.190e+00  2.189e+00  2.189e+00  2.188e+00  2.187e+00  2.186e+00  2.186e+00  2.185e+00  2.184e+00  2.182e+00  2.181e+00  2.180e+00  2.179e+00  2.178e+00  2.177e+00  2.176e+00  2.175e+00  2.173e+00  2.172e+00  2.171e+00  2.170e+00  2.169e+00  2.168e+00  2.167e+00  2.166e+00  2.166e+00  2.165e+00  2.164e+00  2.164e+00 	
 1.933e+00  2.153e+00  2.172e+00  2.170e+00  2.166e+00  2.162e+00  2.161e+00  2.161e+00  2.162e+00  2.164e+00  2.166e+00  2.168e+00  2.170e+00  2.172e+00  2.174e+00  2.175e+00  2.176e+00  2.177e+00  2.178e+00  2.178e+00  2.178e+00  2.178e+00  2.177e+00  2.177e+00  2.176e+00  2.175e+00  2.174e+00  2.174e+00  2.173e+00  2.172e+00  2.171e+00  2.169e+00  2.168e+00  2.167e+00  2.166e+00  2.165e+00  2.164e+00  2.163e+00  2.162e+00  2.161e+00  2.160e+00  2.159e+00  2.158e+00  2.157e+00  2.156e+00  2.155e+00  2.154e+00  2.153e+00  2.153e+00  2.153e+00 	
 2.001e+00  2.162e+00  2.166e+00  2.160e+00  2.154e+00  2.151e+00  2.149e+00  2.149e+00  2.151e+00  2.153e+00  2.155e+00  2.157e+00  2.159e+00  2.161e+00  2.163e+00  2.164e+00  2.165e+00  2.166e+00  2.166e+00  2.166e+00  2.166e+00  2.166e+00  2.166e+00  2.165e+00  2.165e+00  2.164e+00  2.163e+00  2.162e+00  2.161e+00  2.160e+00  2.159e+00  2.158e+00  2.157e+00  2.156e+00  2.155e+00  2.154e+00  2.153e+00  2.152e+00  2.151e+00  2.150e+00  2.149e+00  2.148e+00  2.147e+00  2.146e+00  2.145e+00  2.144e+00  2.143e+00  2.143e+00  2.142e+00  2.142e+00 	
 2.051e+00  2.164e+00  2.157e+00  2.149e+00  2.143e+00  2.140e+00  2.138e+00  2.139e+00  2.140e+00  2.142e+00  2.144e+00  2.147e+00  2.149e+00  2.151e+00  2.152e+00  2.154e+00  2.155e+00  2.155e+00  2.156e+00  2.156e+00  2.156e+00  2.156e+00  2.155e+00  2.155e+00  2.154e+00  2.153e+00  2.153e+00  2.152e+00  2.151e+00  2.150e+00  2.149e+00  2.148e+00  2.147e+00  2.146e+00  2.145e+00  2.144e+00  2.143e+00  2.142e+00  2.141e+00  2.140e+00  2.139e+00  2.138e+00  2.137e+00  2.136e+00  2.135e+00  2.134e+00  2.133e+00  2.133e+00  2.132e+00  2.132e+00 	
 2.085e+00  2.162e+00  2.148e+00  2.139e+00  2.132e+00  2.129e+00  2.128e+00  2.129e+00  2.130e+00  2.132e+00  2.135e+00  2.137e+00  2.139e+00  2.141e+00  2.143e+00  2.144e+00  2.145e+00  2.146e+00  2.146e+00  2.146e+00  2.146e+00  2.146e+00  2.145e+00  2.145e+00  2.144e+00  2.144e+00  2.143e+00  2.142e+00  2.141e+00  2.140e+00  2.139e+00  2.138e+00  2.137e+00  2.136e+00  2.135e+00  2.134e+00  2.133e+00  2.132e+00  2.131e+00  2.130e+00  2.129e+00  2.128e+00  2.127e+00  2.126e+00  2.125e+00  2.125e+00  2.124e+00  2.123e+00  2.123e+00  2.123e+00 	
 2.106e+00  2.156e+00  2.137e+00  2.128e+00  2.122e+00  2.119e+00  2.119e+00  2.119e+00  2.121e+00  2.124e+00  2.126e+00  2.128e+00  2.130e+00  2.132e+00  2.134e+00  2.135e+00  2.136e+00  2.136e+00  2.137e+00  2.137e+00  2.137e+00  2.137e+00  2.136e+00  2.136e+00  2.135e+00  2.134e+00  2.134e+00  2.133e+00  2.132e+00  2.131e+00  2.130e+00  2.129e+00  2.128e+00  2.127e+00  2.126e+00  2.125e+00  2.124e+00  2.123e+00  2.122e+00  2.121e+00  2.120e+00  2.119e+00  2.118e+00  2.117e+00  2.117e+00  2.116e+00  2.115e+00  2.114e+00  2.114e+00  2.114e+00 	
 2.118e+00  2.148e+00  2.127e+00  2.118e+00  2.113e+00  2.110e+00  2.110e+00  2.111e+00  2.113e+00  2.115e+00  2.118e+00  2.120e+00  2.122e+00  2.124e+00  2.125e+00  2.127e+00  2.127e+00  2.128e+00  2.128e+00  2.128e+00  2.128e+00  2.128e+00  2.128e+00  2.127e+00  2.126e+00  2.126e+00  2.125e+00  2.124e+00  2.123e+00  2.122e+00  2.121e+00  2.120e+00  2.119e+00  2.118e+00  2.117e+00  2.116e+00  2.115e+00  2.115e+00  2.114e+00  2.113e+00  2.112e+00  2.111e+00  2.110e+00  2.109e+00  2.108e+00  2.107e+00  2.107e+00  2.106e+00  2.106e+00  2.105e+00 	
 2.123e+00  2.138e+00  2.117e+00  2.108e+00  2.104e+00  2.102e+00  2.102e+00  2.103e+00  2.105e+00  2.108e+00  2.110e+00  2.113e+00  2.115e+00  2.116e+00  2.118e+00  2.119e+00  2.120e+00  2.120e+00  2.120e+00  2.120e+00  2.120e+00  2.120e+00  2.119e+00  2.119e+00  2.118e+00  2.118e+00  2.117e+00  2.116e+00  2.115e+00  2.114e+00  2.113e+00  2.112e+00  2.111e+00  2.110e+00  2.109e+00  2.108e+00  2.107e+00  2.107e+00  2.106e+00  2.105e+00  2.104e+00  2.103e+00  2.102e+00  2.101e+00  2.100e+00  2.100e+00  2.099e+00  2.098e+00  2.098e+00  2.097e+00 	
 2.123e+00  2.129e+00  2.108e+00  2.100e+00  2.096e+00  2.094e+00  2.095e+00  2.096e+00  2.098e+00  2.101e+00  2.103e+00  2.106e+00  2.108e+00  2.109e+00  2.111e+00  2.112e+00  2.112e+00  2.113e+00  2.113e+00  2.113e+00  2.113e+00  2.112e+00  2.112e+00  2.111e+00  2.111e+00  2.110e+00  2.109e+00  2.108e+00  2.107e+00  2.106e+00  2.106e+00  2.105e+00  2.104e+00  2.103e+00  2.102e+00  2.101e+00  2.100e+00  2.099e+00  2.098e+00  2.097e+00  2.096e+00  2.095e+00  2.095e+00  2.094e+00  2.093e+00  2.092e+00  2.092e+00  2.091e+00  2.090e+00  2.090e+00 	
 2.119e+00  2.119e+00  2.099e+00  2.092e+00  2.088e+00  2.087e+00  2.088e+00  2.090e+00  2.092e+00  2.095e+00  2.097e+00  2.099e+00  2.101e+00  2.103e+00  2.104e+00  2.105e+00  2.105e+00  2.106e+00  2.106e+00  2.106e+00  2.106e+00  2.105e+00  2.105e+00  2.104e+00  2.103e+00  2.103e+00  2.102e+00  2.101e+00  2.100e+00  2.099e+00  2.098e+00  2.097e+00  2.097e+00  2.096e+00  2.095e+00  2.094e+00  2.093e+00  2.092e+00  2.091e+00  2.090e+00  2.089e+00  2.089e+00  2.088e+00  2.087e+00  2.086e+00  2.085e+00  2.085e+00  2.084e+00  2.084e+00  2.083e+00 	
 2.113e+00  2.110e+00  2.090e+00  2.084e+00  2.081e+00  2.081e+00  2.082e+00  2.084e+00  2.086e+00  2.089e+00  2.091e+00  2.093e+00  2.095e+00  2.096e+00  2.098e+00  2.098e+00  2.099e+00  2.099e+00  2.099e+00  2.099e+00  2.099e+00  2.099e+00  2.098e+00  2.097e+00  2.097e+00  2.096e+00  2.095e+00  2.094e+00  2.093e+00  2.093e+00  2.092e+00  2.091e+00  2.090e+00  2.089e+00  2.088e+00  2.087e+00  2.086e+00  2.085e+00  2.084e+00  2.084e+00  2.083e+00  2.082e+00  2.081e+00  2.080e+00  2.080e+00  2.079e+00  2.078e+00  2.078e+00  2.077e+00  2.077e+00 	
 2.106e+00  2.101e+00  2.083e+00  2.077e+00  2.075e+00  2.075e+00  2.076e+00  2.079e+00  2.081e+00  2.083e+00  2.086e+00  2.088e+00  2.089e+00  2.091e+00  2.092e+00  2.092e+00  2.093e+00  2.093e+00  2.093e+00  2.093e+00  2.093e+00  2.092e+00  2.092e+00  2.091e+00  2.090e+00  2.090e+00  2.089e+00  2.088e+00  2.087e+00  2.086e+00  2.085e+00  2.084e+00  2.083e+00  2.083e+00  2.082e+00  2.081e+00  2.080e+00  2.079e+00  2.078e+00  2.077e+00  2.077e+00  2.076e+00  2.075e+00  2.074e+00  2.074e+00  2.073e+00  2.072e+00  2.072e+00  2.071e+00  2.071e+00 	
 2.098e+00  2.093e+00  2.076e+00  2.071e+00  2.070e+00  2.070e+00  2.071e+00  2.074e+00  2.076e+00  2.078e+00  2.081e+00  2.082e+00  2.084e+00  2.085e+00  2.086e+00  2.087e+00  2.087e+00  2.087e+00  2.087e+00  2.087e+00  2.087e+00  2.086e+00  2.086e+00  2.085e+00  2.084e+00  2.084e+00  2.083e+00  2.082e+00  2.081e+00  2.080e+00  2.079e+00  2.078e+00  2.078e+00  2.077e+00  2.076e+00  2.075e+00  2.074e+00  2.073e+00  2.073e+00  2.072e+00  2.071e+00  2.070e+00  2.069e+00  2.069e+00  2.068e+00  2.067e+00  2.067e+00  2.066e+00  2.065e+00  2.065e+00 	
 2.090e+00  2.086e+00  2.070e+00  2.066e+00  2.065e+00  2.065e+00  2.067e+00  2.069e+00  2.071e+00  2.074e+00  2.076e+00  2.078e+00  2.079e+00  2.080e+00  2.081e+00  2.082e+00  2.082e+00  2.082e+00  2.082e+00  2.082e+00  2.081e+00  2.081e+00  2.080e+00  2.079e+00  2.079e+00  2.078e+00  2.077e+00  2.076e+00  2.075e+00  2.075e+00  2.074e+00  2.073e+00  2.072e+00  2.071e+00  2.070e+00  2.069e+00  2.069e+00  2.068e+00  2.067e+00  2.066e+00  2.066e+00  2.065e+00  2.064e+00  2.063e+00  2.063e+00  2.062e+00  2.061e+00  2.061e+00  2.060e+00  2.060e+00 	
 2.081e+00  2.079e+00  2.065e+00  2.061e+00  2.060e+00  2.061e+00  2.063e+00  2.065e+00  2.067e+00  2.070e+00  2.072e+00  2.073e+00  2.075e+00  2.076e+00  2.076e+00  2.077e+00  2.077e+00  2.077e+00  2.077e+00  2.076e+00  2.076e+00  2.075e+00  2.075e+00  2.074e+00  2.073e+00  2.073e+00  2.072e+00  2.071e+00  2.070e+00  2.069e+00  2.068e+00  2.068e+00  2.067e+00  2.066e+00  2.065e+00  2.064e+00  2.064e+00  2.063e+00  2.062e+00  2.061e+00  2.061e+00  2.060e+00  2.059e+00  2.059e+00  2.058e+00  2.057e+00  2.057e+00  2.056e+00  2.055e+00  2.055e+00 	
 2.070e+00  2.072e+00  2.060e+00  2.057e+00  2.057e+00  2.058e+00  2.059e+00  2.061e+00  2.064e+00  2.066e+00  2.068e+00  2.069e+00  2.070e+00  2.071e+00  2.072e+00  2.072e+00  2.072e+00  2.072e+00  2.072e+00  2.072e+00  2.071e+00  2.071e+00  2.070e+00  2.069e+00  2.068e+00  2.068e+00  2.067e+00  2.066e+00  2.065e+00  2.064e+00  2.064e+00  2.063e+00  2.062e+00  2.061e+00  2.060e+00  2.060e+00  2.059e+00  2.058e+00  2.057e+00  2.057e+00  2.056e+00  2.055e+00  2.055e+00  2.054e+00  2.053e+00  2.053e+00  2.052e+00  2.051e+00  2.051e+00  2.050e+00 	
 2.053e+00  2.063e+00  2.054e+00  2.053e+00  2.053e+00  2.054e+00  2.056e+00  2.058e+00  2.060e+00  2.062e+00  2.064e+00  2.065e+00  2.067e+00  2.067e+00  2.068e+00  2.068e+00  2.068e+00  2.068e+00  2.068e+00  2.067e+00  2.067e+00  2.066e+00  2.065e+00  2.065e+00  2.064e+00  2.063e+00  2.062e+00  2.062e+00  2.061e+00  2.060e+00  2.059e+00  2.058e+00  2.058e+00  2.057e+00  2.056e+00  2.055e+00  2.055e+00  2.054e+00  2.053e+00  2.053e+00  2.052e+00  2.051e+00  2.051e+00  2.050e+00  2.049e+00  2.049e+00  2.048e+00  2.047e+00  2.046e+00  2.045e+00 	
 2.015e+00  2.048e+00  2.044e+00  2.044e+00  2.046e+00  2.047e+00  2.050e+00  2.052e+00  2.054e+00  2.056e+00  2.058e+00  2.060e+00  2.061e+00  2.061e+00  2.062e+00  2.062e+00  2.062e+00  2.062e+00  2.062e+00  2.061e+00  2.061e+00  2.060e+00  2.060e+00  2.059e+00  2.058e+00  2.057e+00  2.057e+00  2.056e+00  2.055e+00  2.054e+00  2.054e+00  2.053e+00  2.052e+00  2.051e+00  2.051e+00  2.050e+00  2.049e+00  2.048e+00  2.048e+00  2.047e+00  2.047e+00  2.046e+00  2.045e+00  2.045e+00  2.044e+00  2.043e+00  2.042e+00  2.041e+00  2.039e+00  2.037e+00 	
