 9.635e-04  8.571e-05  1.253e-06 -4.794e-05 -7.648e-05 -9.495e-05 -1.081e-04 -1.182e-04 -1.264e-04 -1.335e-04 -1.400e-04 -1.464e-04 -1.527e-04 -1.594e-04 -1.664e-04 -1.737e-04 -1.812e-04 -1.883e-04 -1.944e-04 -1.981e-04 -1.979e-04 -1.917e-04 -1.768e-04 -1.500e-04 -1.077e-04 -4.567e-05  4.057e-05  1.560e-04  3.057e-04  4.950e-04  7.292e-04  1.014e-03  1.354e-03  1.754e-03  2.219e-03  2.754e-03  3.361e-03  4.046e-03  4.813e-03  5.666e-03  6.612e-03  7.660e-03  8.821e-03  1.012e-02  1.157e-02  1.322e-02  1.514e-02  1.739e-02  2.012e-02  2.349e-02 	
 2.717e-04 -1.507e-04 -1.041e-04 -9.445e-05 -8.700e-05 -8.122e-05 -7.710e-05 -7.447e-05 -7.321e-05 -7.328e-05 -7.472e-05 -7.756e-05 -8.184e-05 -8.743e-05 -9.397e-05 -1.007e-04 -1.063e-04 -1.088e-04 -1.054e-04 -9.245e-05 -6.547e-05 -1.903e-05  5.307e-05  1.577e-04  3.025e-04  4.951e-04  7.438e-04  1.057e-03  1.442e-03  1.907e-03  2.459e-03  3.105e-03  3.851e-03  4.702e-03  5.662e-03  6.733e-03  7.920e-03  9.222e-03  1.064e-02  1.218e-02  1.384e-02  1.563e-02  1.755e-02  1.961e-02  2.183e-02  2.423e-02  2.684e-02  2.971e-02  3.289e-02  3.647e-02 	
 4.343e-05 -2.053e-04 -1.114e-04 -8.918e-05 -7.740e-05 -7.094e-05 -6.798e-05 -6.761e-05 -6.941e-05 -7.327e-05 -7.917e-05 -8.694e-05 -9.607e-05 -1.053e-04 -1.126e-04 -1.145e-04 -1.062e-04 -8.123e-05 -3.178e-05  5.152e-05  1.792e-04  3.629e-04  6.147e-04  9.471e-04  1.372e-03  1.903e-03  2.550e-03  3.323e-03  4.233e-03  5.287e-03  6.493e-03  7.854e-03  9.376e-03  1.106e-02  1.291e-02  1.492e-02  1.709e-02  1.942e-02  2.191e-02  2.455e-02  2.733e-02  3.026e-02  3.332e-02  3.652e-02  3.986e-02  4.333e-02  4.694e-02  5.071e-02  5.464e-02  5.876e-02 	
-2.878e-05 -2.015e-04 -9.908e-05 -8.071e-05 -7.338e-05 -7.119e-05 -7.245e-05 -7.657e-05 -8.345e-05 -9.308e-05 -1.050e-04 -1.178e-04 -1.284e-04 -1.317e-04 -1.201e-04 -8.334e-05 -8.356e-06  1.201e-04  3.191e-04  6.071e-04  1.003e-03  1.525e-03  2.192e-03  3.020e-03  4.024e-03  5.218e-03  6.611e-03  8.211e-03  1.003e-02  1.206e-02  1.431e-02  1.677e-02  1.946e-02  2.235e-02  2.544e-02  2.873e-02  3.221e-02  3.587e-02  3.969e-02  4.368e-02  4.780e-02  5.207e-02  5.645e-02  6.093e-02  6.551e-02  7.016e-02  7.486e-02  7.959e-02  8.432e-02  8.902e-02 	
-5.216e-05 -1.852e-04 -9.027e-05 -7.902e-05 -7.680e-05 -7.912e-05 -8.526e-05 -9.527e-05 -1.091e-04 -1.257e-04 -1.415e-04 -1.500e-04 -1.401e-04 -9.619e-05  1.812e-06  1.779e-04  4.591e-04  8.735e-04  1.450e-03  2.216e-03  3.196e-03  4.413e-03  5.885e-03  7.627e-03  9.649e-03  1.196e-02  1.455e-02  1.744e-02  2.060e-02  2.404e-02  2.775e-02  3.170e-02  3.590e-02  4.032e-02  4.495e-02  4.977e-02  5.478e-02  5.994e-02  6.524e-02  7.068e-02  7.622e-02  8.186e-02  8.756e-02  9.331e-02  9.909e-02  1.048e-01  1.105e-01  1.161e-01  1.215e-01  1.267e-01 	
-6.314e-05 -1.713e-04 -8.873e-05 -8.378e-05 -8.636e-05 -9.405e-05 -1.072e-04 -1.259e-04 -1.477e-04 -1.657e-04 -1.666e-04 -1.290e-04 -2.359e-05  1.859e-04  5.404e-04  1.083e-03  1.857e-03  2.903e-03  4.254e-03  5.941e-03  7.985e-03  1.040e-02  1.320e-02  1.637e-02  1.992e-02  2.384e-02  2.811e-02  3.271e-02  3.761e-02  4.281e-02  4.828e-02  5.398e-02  5.990e-02  6.601e-02  7.229e-02  7.871e-02  8.526e-02  9.191e-02  9.865e-02  1.054e-01  1.123e-01  1.191e-01  1.260e-01  1.328e-01  1.396e-01  1.462e-01  1.527e-01  1.589e-01  1.648e-01  1.702e-01 	
-7.322e-05 -1.636e-04 -9.337e-05 -9.394e-05 -1.024e-04 -1.184e-04 -1.422e-04 -1.702e-04 -1.903e-04 -1.782e-04 -9.582e-05  1.080e-04  4.939e-04  1.127e-03  2.073e-03  3.390e-03  5.129e-03  7.329e-03  1.001e-02  1.320e-02  1.689e-02  2.107e-02  2.573e-02  3.084e-02  3.638e-02  4.230e-02  4.857e-02  5.517e-02  6.203e-02  6.915e-02  7.646e-02  8.395e-02  9.157e-02  9.931e-02  1.071e-01  1.150e-01  1.229e-01  1.308e-01  1.388e-01  1.467e-01  1.545e-01  1.623e-01  1.700e-01  1.776e-01  1.850e-01  1.922e-01  1.991e-01  2.057e-01  2.118e-01  2.173e-01 	
-8.544e-05 -1.621e-04 -1.031e-04 -1.100e-04 -1.277e-04 -1.568e-04 -1.930e-04 -2.181e-04 -1.928e-04 -5.375e-05  2.832e-04  9.145e-04  1.939e-03  3.448e-03  5.518e-03  8.203e-03  1.154e-02  1.554e-02  2.020e-02  2.549e-02  3.137e-02  3.782e-02  4.476e-02  5.215e-02  5.993e-02  6.805e-02  7.644e-02  8.506e-02  9.385e-02  1.028e-01  1.118e-01  1.209e-01  1.300e-01  1.391e-01  1.481e-01  1.571e-01  1.660e-01  1.749e-01  1.836e-01  1.922e-01  2.007e-01  2.090e-01  2.172e-01  2.252e-01  2.329e-01  2.403e-01  2.474e-01  2.541e-01  2.602e-01  2.655e-01 	
-1.003e-04 -1.660e-04 -1.179e-04 -1.345e-04 -1.674e-04 -2.137e-04 -2.512e-04 -2.234e-04 -3.348e-05  4.491e-04  1.372e-03  2.879e-03  5.095e-03  8.110e-03  1.198e-02  1.672e-02  2.232e-02  2.874e-02  3.591e-02  4.376e-02  5.221e-02  6.118e-02  7.057e-02  8.031e-02  9.032e-02  1.005e-01  1.109e-01  1.213e-01  1.317e-01  1.422e-01  1.525e-01  1.628e-01  1.730e-01  1.830e-01  1.929e-01  2.026e-01  2.121e-01  2.215e-01  2.306e-01  2.395e-01  2.483e-01  2.568e-01  2.650e-01  2.731e-01  2.808e-01  2.882e-01  2.951e-01  3.016e-01  3.075e-01  3.126e-01 	
-1.178e-04 -1.753e-04 -1.399e-04 -1.723e-04 -2.275e-04 -2.841e-04 -2.714e-04 -5.305e-05  5.636e-04  1.796e-03  3.851e-03  6.892e-03  1.102e-02  1.629e-02  2.268e-02  3.013e-02  3.855e-02  4.782e-02  5.782e-02  6.843e-02  7.952e-02  9.097e-02  1.027e-01  1.146e-01  1.265e-01  1.385e-01  1.504e-01  1.622e-01  1.738e-01  1.853e-01  1.966e-01  2.076e-01  2.184e-01  2.289e-01  2.392e-01  2.492e-01  2.589e-01  2.683e-01  2.775e-01  2.864e-01  2.950e-01  3.033e-01  3.114e-01  3.192e-01  3.266e-01  3.337e-01  3.404e-01  3.465e-01  3.521e-01  3.569e-01 	
-1.381e-04 -1.911e-04 -1.728e-04 -2.305e-04 -3.083e-04 -3.297e-04 -1.181e-04  5.984e-04  2.134e-03  4.780e-03  8.751e-03  1.416e-02  2.103e-02  2.930e-02  3.883e-02  4.946e-02  6.102e-02  7.331e-02  8.616e-02  9.941e-02  1.129e-01  1.265e-01  1.402e-01  1.537e-01  1.672e-01  1.804e-01  1.933e-01  2.060e-01  2.183e-01  2.304e-01  2.420e-01  2.533e-01  2.643e-01  2.748e-01  2.851e-01  2.949e-01  3.045e-01  3.137e-01  3.226e-01  3.311e-01  3.394e-01  3.473e-01  3.550e-01  3.623e-01  3.693e-01  3.759e-01  3.821e-01  3.878e-01  3.930e-01  3.973e-01 	
-1.620e-04 -2.157e-04 -2.234e-04 -3.152e-04 -3.869e-04 -2.326e-04  5.132e-04  2.298e-03  5.535e-03  1.051e-02  1.734e-02  2.601e-02  3.637e-02  4.819e-02  6.122e-02  7.521e-02  8.988e-02  1.050e-01  1.204e-01  1.359e-01  1.513e-01  1.666e-01  1.816e-01  1.963e-01  2.106e-01  2.245e-01  2.379e-01  2.509e-01  2.634e-01  2.755e-01  2.871e-01  2.983e-01  3.090e-01  3.193e-01  3.291e-01  3.386e-01  3.477e-01  3.564e-01  3.648e-01  3.728e-01  3.805e-01  3.878e-01  3.949e-01  4.016e-01  4.081e-01  4.141e-01  4.198e-01  4.250e-01  4.296e-01  4.336e-01 	
-1.910e-04 -2.543e-04 -3.008e-04 -4.221e-04 -3.819e-04  2.735e-04  2.171e-03  5.905e-03  1.187e-02  2.021e-02  3.082e-02  4.344e-02  5.774e-02  7.332e-02  8.983e-02  1.069e-01  1.243e-01  1.418e-01  1.592e-01  1.763e-01  1.930e-01  2.093e-01  2.250e-01  2.402e-01  2.548e-01  2.688e-01  2.822e-01  2.951e-01  3.073e-01  3.191e-01  3.303e-01  3.409e-01  3.511e-01  3.608e-01  3.701e-01  3.789e-01  3.874e-01  3.954e-01  4.031e-01  4.105e-01  4.175e-01  4.242e-01  4.306e-01  4.367e-01  4.425e-01  4.479e-01  4.530e-01  4.576e-01  4.618e-01  4.654e-01 	
-2.273e-04 -3.145e-04 -4.130e-04 -5.124e-04 -9.322e-05  1.679e-03  5.680e-03  1.250e-02  2.231e-02  3.494e-02  4.996e-02  6.686e-02  8.511e-02  1.042e-01  1.238e-01  1.434e-01  1.629e-01  1.820e-01  2.006e-01  2.186e-01  2.359e-01  2.525e-01  2.684e-01  2.835e-01  2.979e-01  3.116e-01  3.246e-01  3.369e-01  3.486e-01  3.597e-01  3.702e-01  3.802e-01  3.897e-01  3.987e-01  4.072e-01  4.153e-01  4.230e-01  4.303e-01  4.373e-01  4.439e-01  4.502e-01  4.562e-01  4.619e-01  4.673e-01  4.725e-01  4.773e-01  4.818e-01  4.859e-01  4.896e-01  4.927e-01 	
-2.750e-04 -4.068e-04 -5.550e-04 -4.651e-04  8.824e-04  4.758e-03  1.210e-02  2.322e-02  3.783e-02  5.532e-02  7.493e-02  9.593e-02  1.177e-01  1.397e-01  1.616e-01  1.830e-01  2.037e-01  2.237e-01  2.428e-01  2.610e-01  2.783e-01  2.947e-01  3.102e-01  3.248e-01  3.386e-01  3.516e-01  3.639e-01  3.754e-01  3.863e-01  3.966e-01  4.063e-01  4.155e-01  4.241e-01  4.323e-01  4.400e-01  4.473e-01  4.542e-01  4.608e-01  4.670e-01  4.729e-01  4.785e-01  4.838e-01  4.889e-01  4.936e-01  4.981e-01  5.024e-01  5.063e-01  5.099e-01  5.132e-01  5.160e-01 	
-3.391e-04 -5.411e-04 -6.814e-04  6.903e-06  3.256e-03  1.061e-02  2.269e-02  3.915e-02  5.913e-02  8.154e-02  1.054e-01  1.299e-01  1.544e-01  1.784e-01  2.017e-01  2.240e-01  2.452e-01  2.653e-01  2.843e-01  3.021e-01  3.189e-01  3.346e-01  3.493e-01  3.631e-01  3.760e-01  3.881e-01  3.995e-01  4.101e-01  4.201e-01  4.295e-01  4.383e-01  4.466e-01  4.544e-01  4.617e-01  4.686e-01  4.751e-01  4.813e-01  4.871e-01  4.926e-01  4.978e-01  5.027e-01  5.074e-01  5.118e-01  5.159e-01  5.199e-01  5.236e-01  5.270e-01  5.302e-01  5.330e-01  5.355e-01 	
-4.264e-04 -7.182e-04 -6.507e-04  1.466e-03  8.102e-03  2.057e-02  3.864e-02  6.110e-02  8.644e-02  1.133e-01  1.407e-01  1.677e-01  1.939e-01  2.190e-01  2.427e-01  2.651e-01  2.860e-01  3.056e-01  3.239e-01  3.409e-01  3.567e-01  3.714e-01  3.852e-01  3.979e-01  4.098e-01  4.209e-01  4.312e-01  4.409e-01  4.499e-01  4.583e-01  4.662e-01  4.736e-01  4.806e-01  4.871e-01  4.932e-01  4.990e-01  5.044e-01  5.095e-01  5.143e-01  5.189e-01  5.232e-01  5.272e-01  5.311e-01  5.347e-01  5.381e-01  5.413e-01  5.443e-01  5.470e-01  5.495e-01  5.517e-01 	
-5.430e-04 -9.100e-04 -1.391e-04  4.826e-03  1.675e-02  3.591e-02  6.075e-02  8.917e-02  1.193e-01  1.496e-01  1.793e-01  2.078e-01  2.346e-01  2.598e-01  2.832e-01  3.049e-01  3.250e-01  3.436e-01  3.607e-01  3.766e-01  3.912e-01  4.048e-01  4.173e-01  4.290e-01  4.397e-01  4.498e-01  4.591e-01  4.677e-01  4.758e-01  4.833e-01  4.903e-01  4.969e-01  5.030e-01  5.087e-01  5.141e-01  5.192e-01  5.239e-01  5.284e-01  5.326e-01  5.366e-01  5.403e-01  5.438e-01  5.471e-01  5.503e-01  5.532e-01  5.560e-01  5.586e-01  5.610e-01  5.632e-01  5.651e-01 	
-6.921e-04 -1.022e-03  1.464e-03  1.133e-02  3.053e-02  5.744e-02  8.906e-02  1.227e-01  1.564e-01  1.890e-01  2.198e-01  2.485e-01  2.750e-01  2.994e-01  3.218e-01  3.423e-01  3.611e-01  3.784e-01  3.942e-01  4.087e-01  4.220e-01  4.343e-01  4.457e-01  4.561e-01  4.658e-01  4.747e-01  4.830e-01  4.907e-01  4.979e-01  5.045e-01  5.107e-01  5.165e-01  5.219e-01  5.269e-01  5.317e-01  5.361e-01  5.402e-01  5.441e-01  5.478e-01  5.512e-01  5.545e-01  5.575e-01  5.604e-01  5.631e-01  5.657e-01  5.681e-01  5.703e-01  5.724e-01  5.743e-01  5.760e-01 	
-8.684e-04 -8.289e-04  5.128e-03  2.236e-02  5.042e-02  8.526e-02  1.228e-01  1.603e-01  1.962e-01  2.296e-01  2.602e-01  2.882e-01  3.136e-01  3.367e-01  3.576e-01  3.765e-01  3.938e-01  4.095e-01  4.239e-01  4.370e-01  4.490e-01  4.600e-01  4.701e-01  4.795e-01  4.881e-01  4.960e-01  5.034e-01  5.102e-01  5.165e-01  5.224e-01  5.278e-01  5.329e-01  5.376e-01  5.421e-01  5.462e-01  5.501e-01  5.537e-01  5.571e-01  5.603e-01  5.633e-01  5.661e-01  5.687e-01  5.712e-01  5.736e-01  5.758e-01  5.779e-01  5.798e-01  5.816e-01  5.833e-01  5.848e-01 	
-1.050e-03  1.166e-04  1.215e-02  3.916e-02  7.677e-02  1.188e-01  1.608e-01  2.004e-01  2.368e-01  2.698e-01  2.993e-01  3.257e-01  3.494e-01  3.707e-01  3.899e-01  4.071e-01  4.227e-01  4.369e-01  4.497e-01  4.615e-01  4.722e-01  4.820e-01  4.910e-01  4.993e-01  5.069e-01  5.139e-01  5.204e-01  5.264e-01  5.320e-01  5.372e-01  5.420e-01  5.465e-01  5.506e-01  5.545e-01  5.581e-01  5.615e-01  5.647e-01  5.677e-01  5.704e-01  5.731e-01  5.755e-01  5.778e-01  5.800e-01  5.820e-01  5.839e-01  5.857e-01  5.874e-01  5.890e-01  5.905e-01  5.919e-01 	
-1.187e-03  2.567e-03  2.390e-02  6.240e-02  1.091e-01  1.566e-01  2.011e-01  2.412e-01  2.768e-01  3.081e-01  3.358e-01  3.602e-01  3.818e-01  4.011e-01  4.184e-01  4.338e-01  4.478e-01  4.604e-01  4.719e-01  4.823e-01  4.918e-01  5.005e-01  5.085e-01  5.158e-01  5.226e-01  5.288e-01  5.346e-01  5.399e-01  5.448e-01  5.494e-01  5.536e-01  5.576e-01  5.612e-01  5.646e-01  5.678e-01  5.708e-01  5.736e-01  5.762e-01  5.786e-01  5.809e-01  5.831e-01  5.851e-01  5.870e-01  5.887e-01  5.904e-01  5.920e-01  5.935e-01  5.949e-01  5.962e-01  5.974e-01 	
-1.176e-03  7.574e-03  4.138e-02  9.177e-02  1.459e-01  1.967e-01  2.417e-01  2.808e-01  3.144e-01  3.435e-01  3.688e-01  3.909e-01  4.104e-01  4.276e-01  4.430e-01  4.568e-01  4.692e-01  4.804e-01  4.905e-01  4.998e-01  5.082e-01  5.159e-01  5.230e-01  5.295e-01  5.355e-01  5.410e-01  5.461e-01  5.508e-01  5.552e-01  5.593e-01  5.630e-01  5.665e-01  5.698e-01  5.728e-01  5.756e-01  5.783e-01  5.807e-01  5.830e-01  5.852e-01  5.872e-01  5.891e-01  5.908e-01  5.925e-01  5.940e-01  5.955e-01  5.969e-01  5.982e-01  5.994e-01  6.006e-01  6.017e-01 	
-8.215e-04  1.637e-02  6.500e-02  1.262e-01  1.854e-01  2.372e-01  2.810e-01  3.178e-01  3.489e-01  3.753e-01  3.980e-01  4.177e-01  4.350e-01  4.503e-01  4.639e-01  4.761e-01  4.871e-01  4.970e-01  5.060e-01  5.142e-01  5.217e-01  5.285e-01  5.348e-01  5.406e-01  5.460e-01  5.509e-01  5.555e-01  5.597e-01  5.636e-01  5.672e-01  5.705e-01  5.737e-01  5.766e-01  5.793e-01  5.818e-01  5.841e-01  5.863e-01  5.884e-01  5.903e-01  5.921e-01  5.937e-01  5.953e-01  5.968e-01  5.982e-01  5.995e-01  6.007e-01  6.018e-01  6.029e-01  6.040e-01  6.050e-01 	
 2.395e-04  3.009e-02  9.441e-02  1.641e-01  2.257e-01  2.764e-01  3.177e-01  3.515e-01  3.795e-01  4.031e-01  4.232e-01  4.406e-01  4.559e-01  4.694e-01  4.814e-01  4.922e-01  5.019e-01  5.107e-01  5.187e-01  5.260e-01  5.327e-01  5.388e-01  5.444e-01  5.496e-01  5.544e-01  5.588e-01  5.629e-01  5.667e-01  5.702e-01  5.735e-01  5.765e-01  5.793e-01  5.819e-01  5.844e-01  5.866e-01  5.887e-01  5.907e-01  5.925e-01  5.943e-01  5.959e-01  5.974e-01  5.988e-01  6.001e-01  6.013e-01  6.025e-01  6.036e-01  6.046e-01  6.056e-01  6.065e-01  6.075e-01 	
 2.619e-03  4.949e-02  1.285e-01  2.037e-01  2.650e-01  3.131e-01  3.510e-01  3.813e-01  4.062e-01  4.269e-01  4.446e-01  4.599e-01  4.733e-01  4.852e-01  4.958e-01  5.053e-01  5.140e-01  5.218e-01  5.290e-01  5.355e-01  5.415e-01  5.470e-01  5.521e-01  5.568e-01  5.611e-01  5.651e-01  5.688e-01  5.723e-01  5.754e-01  5.784e-01  5.812e-01  5.837e-01  5.861e-01  5.883e-01  5.904e-01  5.923e-01  5.941e-01  5.957e-01  5.973e-01  5.987e-01  6.001e-01  6.014e-01  6.025e-01  6.037e-01  6.047e-01  6.057e-01  6.066e-01  6.075e-01  6.084e-01  6.093e-01 	
 7.247e-03  7.478e-02  1.660e-01  2.433e-01  3.021e-01  3.464e-01  3.804e-01  4.072e-01  4.290e-01  4.471e-01  4.626e-01  4.760e-01  4.877e-01  4.982e-01  5.076e-01  5.161e-01  5.238e-01  5.308e-01  5.372e-01  5.431e-01  5.485e-01  5.535e-01  5.582e-01  5.624e-01  5.664e-01  5.700e-01  5.734e-01  5.766e-01  5.795e-01  5.822e-01  5.847e-01  5.871e-01  5.893e-01  5.913e-01  5.932e-01  5.950e-01  5.966e-01  5.981e-01  5.996e-01  6.009e-01  6.021e-01  6.033e-01  6.043e-01  6.054e-01  6.063e-01  6.072e-01  6.081e-01  6.089e-01  6.097e-01  6.106e-01 	
 1.532e-02  1.055e-01  2.050e-01  2.814e-01  3.362e-01  3.761e-01  4.060e-01  4.294e-01  4.483e-01  4.640e-01  4.775e-01  4.892e-01  4.995e-01  5.088e-01  5.171e-01  5.247e-01  5.316e-01  5.380e-01  5.438e-01  5.491e-01  5.541e-01  5.587e-01  5.629e-01  5.668e-01  5.705e-01  5.739e-01  5.770e-01  5.799e-01  5.826e-01  5.851e-01  5.875e-01  5.896e-01  5.917e-01  5.936e-01  5.953e-01  5.969e-01  5.985e-01  5.999e-01  6.012e-01  6.024e-01  6.036e-01  6.046e-01  6.056e-01  6.065e-01  6.074e-01  6.082e-01  6.090e-01  6.098e-01  6.106e-01  6.114e-01 	
 2.807e-02  1.405e-01  2.442e-01  3.170e-01  3.667e-01  4.019e-01  4.279e-01  4.480e-01  4.643e-01  4.779e-01  4.897e-01  4.999e-01  5.091e-01  5.173e-01  5.248e-01  5.316e-01  5.379e-01  5.436e-01  5.490e-01  5.539e-01  5.584e-01  5.627e-01  5.666e-01  5.702e-01  5.736e-01  5.768e-01  5.797e-01  5.824e-01  5.849e-01  5.873e-01  5.895e-01  5.915e-01  5.934e-01  5.952e-01  5.968e-01  5.984e-01  5.998e-01  6.011e-01  6.023e-01  6.035e-01  6.045e-01  6.055e-01  6.065e-01  6.073e-01  6.081e-01  6.089e-01  6.096e-01  6.104e-01  6.111e-01  6.118e-01 	
 4.646e-02  1.782e-01  2.819e-01  3.493e-01  3.935e-01  4.239e-01  4.463e-01  4.635e-01  4.775e-01  4.893e-01  4.996e-01  5.086e-01  5.167e-01  5.241e-01  5.308e-01  5.370e-01  5.428e-01  5.481e-01  5.530e-01  5.575e-01  5.618e-01  5.657e-01  5.694e-01  5.728e-01  5.760e-01  5.789e-01  5.817e-01  5.843e-01  5.866e-01  5.889e-01  5.909e-01  5.929e-01  5.947e-01  5.963e-01  5.979e-01  5.993e-01  6.007e-01  6.019e-01  6.031e-01  6.041e-01  6.051e-01  6.061e-01  6.069e-01  6.078e-01  6.085e-01  6.092e-01  6.099e-01  6.106e-01  6.113e-01  6.120e-01 	
 7.086e-02  2.170e-01  3.172e-01  3.780e-01  4.165e-01  4.426e-01  4.616e-01  4.763e-01  4.883e-01  4.985e-01  5.075e-01  5.155e-01  5.228e-01  5.295e-01  5.356e-01  5.413e-01  5.466e-01  5.515e-01  5.561e-01  5.603e-01  5.643e-01  5.680e-01  5.715e-01  5.747e-01  5.777e-01  5.805e-01  5.831e-01  5.856e-01  5.878e-01  5.900e-01  5.919e-01  5.938e-01  5.955e-01  5.971e-01  5.985e-01  5.999e-01  6.012e-01  6.024e-01  6.035e-01  6.045e-01  6.054e-01  6.063e-01  6.072e-01  6.079e-01  6.086e-01  6.093e-01  6.100e-01  6.106e-01  6.113e-01  6.120e-01 	
 1.009e-01  2.553e-01  3.492e-01  4.029e-01  4.359e-01  4.580e-01  4.741e-01  4.867e-01  4.970e-01  5.059e-01  5.138e-01  5.210e-01  5.276e-01  5.336e-01  5.393e-01  5.446e-01  5.495e-01  5.541e-01  5.584e-01  5.624e-01  5.662e-01  5.697e-01  5.730e-01  5.761e-01  5.789e-01  5.816e-01  5.841e-01  5.864e-01  5.886e-01  5.907e-01  5.925e-01  5.943e-01  5.959e-01  5.975e-01  5.989e-01  6.002e-01  6.014e-01  6.026e-01  6.036e-01  6.046e-01  6.055e-01  6.064e-01  6.072e-01  6.079e-01  6.086e-01  6.092e-01  6.099e-01  6.105e-01  6.111e-01  6.118e-01 	
 1.354e-01  2.918e-01  3.775e-01  4.241e-01  4.522e-01  4.708e-01  4.843e-01  4.950e-01  5.040e-01  5.118e-01  5.188e-01  5.253e-01  5.313e-01  5.369e-01  5.421e-01  5.470e-01  5.517e-01  5.560e-01  5.601e-01  5.639e-01  5.675e-01  5.709e-01  5.740e-01  5.770e-01  5.797e-01  5.823e-01  5.847e-01  5.870e-01  5.891e-01  5.910e-01  5.929e-01  5.946e-01  5.962e-01  5.976e-01  5.990e-01  6.003e-01  6.015e-01  6.026e-01  6.036e-01  6.045e-01  6.054e-01  6.062e-01  6.070e-01  6.077e-01  6.083e-01  6.090e-01  6.096e-01  6.102e-01  6.108e-01  6.114e-01 	
 1.729e-01  3.255e-01  4.021e-01  4.420e-01  4.655e-01  4.812e-01  4.926e-01  5.017e-01  5.095e-01  5.164e-01  5.228e-01  5.286e-01  5.341e-01  5.393e-01  5.442e-01  5.489e-01  5.533e-01  5.574e-01  5.613e-01  5.650e-01  5.684e-01  5.717e-01  5.747e-01  5.776e-01  5.802e-01  5.827e-01  5.851e-01  5.872e-01  5.893e-01  5.912e-01  5.930e-01  5.946e-01  5.962e-01  5.976e-01  5.989e-01  6.002e-01  6.013e-01  6.024e-01  6.034e-01  6.043e-01  6.052e-01  6.059e-01  6.067e-01  6.074e-01  6.080e-01  6.086e-01  6.092e-01  6.098e-01  6.104e-01  6.110e-01 	
 2.117e-01  3.559e-01  4.230e-01  4.568e-01  4.765e-01  4.895e-01  4.992e-01  5.070e-01  5.139e-01  5.200e-01  5.258e-01  5.312e-01  5.363e-01  5.412e-01  5.458e-01  5.502e-01  5.544e-01  5.584e-01  5.621e-01  5.657e-01  5.690e-01  5.721e-01  5.751e-01  5.779e-01  5.805e-01  5.829e-01  5.852e-01  5.873e-01  5.893e-01  5.911e-01  5.929e-01  5.945e-01  5.960e-01  5.974e-01  5.987e-01  5.999e-01  6.011e-01  6.021e-01  6.031e-01  6.040e-01  6.048e-01  6.056e-01  6.063e-01  6.069e-01  6.076e-01  6.081e-01  6.087e-01  6.093e-01  6.099e-01  6.105e-01 	
 2.500e-01  3.827e-01  4.407e-01  4.689e-01  4.853e-01  4.962e-01  5.044e-01  5.112e-01  5.172e-01  5.228e-01  5.281e-01  5.331e-01  5.379e-01  5.425e-01  5.469e-01  5.511e-01  5.552e-01  5.590e-01  5.626e-01  5.661e-01  5.693e-01  5.724e-01  5.752e-01  5.779e-01  5.805e-01  5.829e-01  5.851e-01  5.872e-01  5.891e-01  5.910e-01  5.927e-01  5.942e-01  5.957e-01  5.971e-01  5.984e-01  5.996e-01  6.007e-01  6.017e-01  6.026e-01  6.035e-01  6.043e-01  6.051e-01  6.058e-01  6.064e-01  6.070e-01  6.076e-01  6.082e-01  6.087e-01  6.093e-01  6.099e-01 	
 2.866e-01  4.059e-01  4.553e-01  4.788e-01  4.924e-01  5.015e-01  5.085e-01  5.145e-01  5.199e-01  5.249e-01  5.298e-01  5.345e-01  5.391e-01  5.434e-01  5.477e-01  5.517e-01  5.556e-01  5.593e-01  5.629e-01  5.662e-01  5.694e-01  5.724e-01  5.752e-01  5.779e-01  5.803e-01  5.827e-01  5.849e-01  5.869e-01  5.889e-01  5.906e-01  5.923e-01  5.939e-01  5.953e-01  5.967e-01  5.980e-01  5.991e-01  6.002e-01  6.012e-01  6.022e-01  6.030e-01  6.038e-01  6.046e-01  6.053e-01  6.059e-01  6.065e-01  6.071e-01  6.076e-01  6.082e-01  6.087e-01  6.093e-01 	
 3.205e-01  4.256e-01  4.672e-01  4.868e-01  4.981e-01  5.057e-01  5.117e-01  5.170e-01  5.218e-01  5.265e-01  5.311e-01  5.355e-01  5.398e-01  5.441e-01  5.481e-01  5.521e-01  5.559e-01  5.595e-01  5.629e-01  5.662e-01  5.693e-01  5.723e-01  5.750e-01  5.776e-01  5.801e-01  5.824e-01  5.846e-01  5.866e-01  5.885e-01  5.903e-01  5.919e-01  5.935e-01  5.949e-01  5.962e-01  5.975e-01  5.986e-01  5.997e-01  6.007e-01  6.016e-01  6.025e-01  6.033e-01  6.040e-01  6.047e-01  6.053e-01  6.059e-01  6.065e-01  6.070e-01  6.076e-01  6.081e-01  6.087e-01 	
 3.509e-01  4.422e-01  4.769e-01  4.931e-01  5.025e-01  5.090e-01  5.142e-01  5.189e-01  5.233e-01  5.277e-01  5.320e-01  5.362e-01  5.404e-01  5.444e-01  5.484e-01  5.522e-01  5.559e-01  5.595e-01  5.628e-01  5.661e-01  5.691e-01  5.720e-01  5.747e-01  5.773e-01  5.797e-01  5.820e-01  5.842e-01  5.862e-01  5.880e-01  5.898e-01  5.914e-01  5.930e-01  5.944e-01  5.957e-01  5.970e-01  5.981e-01  5.992e-01  6.002e-01  6.011e-01  6.019e-01  6.027e-01  6.034e-01  6.041e-01  6.047e-01  6.053e-01  6.059e-01  6.064e-01  6.069e-01  6.075e-01  6.081e-01 	
 3.778e-01  4.559e-01  4.848e-01  4.982e-01  5.060e-01  5.116e-01  5.161e-01  5.203e-01  5.244e-01  5.285e-01  5.326e-01  5.366e-01  5.406e-01  5.446e-01  5.485e-01  5.522e-01  5.558e-01  5.593e-01  5.626e-01  5.658e-01  5.688e-01  5.717e-01  5.744e-01  5.769e-01  5.793e-01  5.816e-01  5.837e-01  5.857e-01  5.875e-01  5.893e-01  5.909e-01  5.924e-01  5.939e-01  5.952e-01  5.964e-01  5.975e-01  5.986e-01  5.996e-01  6.005e-01  6.013e-01  6.021e-01  6.028e-01  6.035e-01  6.041e-01  6.047e-01  6.053e-01  6.058e-01  6.063e-01  6.069e-01  6.075e-01 	
 4.010e-01  4.671e-01  4.910e-01  5.021e-01  5.087e-01  5.135e-01  5.175e-01  5.214e-01  5.252e-01  5.290e-01  5.329e-01  5.368e-01  5.407e-01  5.446e-01  5.484e-01  5.521e-01  5.556e-01  5.590e-01  5.623e-01  5.655e-01  5.684e-01  5.713e-01  5.739e-01  5.765e-01  5.789e-01  5.811e-01  5.832e-01  5.852e-01  5.870e-01  5.888e-01  5.904e-01  5.919e-01  5.933e-01  5.946e-01  5.958e-01  5.970e-01  5.980e-01  5.990e-01  5.999e-01  6.007e-01  6.015e-01  6.022e-01  6.029e-01  6.035e-01  6.041e-01  6.046e-01  6.052e-01  6.057e-01  6.063e-01  6.069e-01 	
 4.208e-01  4.763e-01  4.960e-01  5.053e-01  5.108e-01  5.150e-01  5.186e-01  5.221e-01  5.257e-01  5.294e-01  5.331e-01  5.369e-01  5.407e-01  5.445e-01  5.482e-01  5.518e-01  5.553e-01  5.587e-01  5.620e-01  5.651e-01  5.680e-01  5.708e-01  5.735e-01  5.760e-01  5.783e-01  5.806e-01  5.827e-01  5.846e-01  5.865e-01  5.882e-01  5.898e-01  5.913e-01  5.927e-01  5.940e-01  5.952e-01  5.964e-01  5.974e-01  5.984e-01  5.993e-01  6.001e-01  6.009e-01  6.016e-01  6.023e-01  6.029e-01  6.035e-01  6.040e-01  6.046e-01  6.051e-01  6.057e-01  6.063e-01 	
 4.374e-01  4.836e-01  4.999e-01  5.077e-01  5.124e-01  5.161e-01  5.193e-01  5.226e-01  5.260e-01  5.295e-01  5.332e-01  5.369e-01  5.406e-01  5.443e-01  5.479e-01  5.515e-01  5.550e-01  5.583e-01  5.615e-01  5.646e-01  5.675e-01  5.703e-01  5.730e-01  5.755e-01  5.778e-01  5.800e-01  5.821e-01  5.841e-01  5.859e-01  5.876e-01  5.892e-01  5.907e-01  5.921e-01  5.934e-01  5.947e-01  5.958e-01  5.968e-01  5.978e-01  5.987e-01  5.996e-01  6.003e-01  6.010e-01  6.017e-01  6.023e-01  6.029e-01  6.034e-01  6.040e-01  6.045e-01  6.051e-01  6.057e-01 	
 4.512e-01  4.895e-01  5.030e-01  5.095e-01  5.136e-01  5.168e-01  5.198e-01  5.229e-01  5.262e-01  5.296e-01  5.331e-01  5.367e-01  5.404e-01  5.440e-01  5.476e-01  5.511e-01  5.546e-01  5.579e-01  5.611e-01  5.641e-01  5.670e-01  5.698e-01  5.724e-01  5.749e-01  5.773e-01  5.795e-01  5.816e-01  5.835e-01  5.853e-01  5.871e-01  5.887e-01  5.902e-01  5.916e-01  5.929e-01  5.941e-01  5.952e-01  5.963e-01  5.972e-01  5.981e-01  5.990e-01  5.997e-01  6.005e-01  6.011e-01  6.017e-01  6.023e-01  6.029e-01  6.034e-01  6.039e-01  6.045e-01  6.051e-01 	
 4.625e-01  4.941e-01  5.053e-01  5.109e-01  5.145e-01  5.174e-01  5.202e-01  5.231e-01  5.262e-01  5.295e-01  5.329e-01  5.365e-01  5.401e-01  5.437e-01  5.472e-01  5.507e-01  5.541e-01  5.574e-01  5.606e-01  5.636e-01  5.665e-01  5.693e-01  5.719e-01  5.744e-01  5.767e-01  5.789e-01  5.810e-01  5.829e-01  5.848e-01  5.865e-01  5.881e-01  5.896e-01  5.910e-01  5.923e-01  5.935e-01  5.946e-01  5.957e-01  5.967e-01  5.976e-01  5.984e-01  5.992e-01  5.999e-01  6.006e-01  6.012e-01  6.018e-01  6.023e-01  6.028e-01  6.034e-01  6.040e-01  6.046e-01 	
 4.717e-01  4.978e-01  5.071e-01  5.119e-01  5.151e-01  5.177e-01  5.203e-01  5.231e-01  5.261e-01  5.293e-01  5.327e-01  5.362e-01  5.398e-01  5.433e-01  5.468e-01  5.503e-01  5.537e-01  5.569e-01  5.601e-01  5.631e-01  5.660e-01  5.687e-01  5.714e-01  5.738e-01  5.762e-01  5.784e-01  5.804e-01  5.824e-01  5.842e-01  5.859e-01  5.875e-01  5.890e-01  5.904e-01  5.917e-01  5.930e-01  5.941e-01  5.951e-01  5.961e-01  5.970e-01  5.979e-01  5.986e-01  5.993e-01  6.000e-01  6.006e-01  6.012e-01  6.018e-01  6.023e-01  6.029e-01  6.034e-01  6.041e-01 	
 4.791e-01  5.006e-01  5.084e-01  5.126e-01  5.155e-01  5.179e-01  5.204e-01  5.230e-01  5.260e-01  5.291e-01  5.324e-01  5.359e-01  5.394e-01  5.429e-01  5.464e-01  5.498e-01  5.532e-01  5.564e-01  5.596e-01  5.626e-01  5.655e-01  5.682e-01  5.708e-01  5.733e-01  5.756e-01  5.778e-01  5.799e-01  5.818e-01  5.837e-01  5.854e-01  5.870e-01  5.885e-01  5.899e-01  5.912e-01  5.924e-01  5.935e-01  5.946e-01  5.956e-01  5.965e-01  5.973e-01  5.981e-01  5.988e-01  5.995e-01  6.001e-01  6.007e-01  6.012e-01  6.018e-01  6.024e-01  6.029e-01  6.036e-01 	
 4.852e-01  5.028e-01  5.094e-01  5.131e-01  5.157e-01  5.179e-01  5.203e-01  5.228e-01  5.257e-01  5.288e-01  5.321e-01  5.355e-01  5.389e-01  5.424e-01  5.459e-01  5.493e-01  5.527e-01  5.559e-01  5.590e-01  5.620e-01  5.649e-01  5.676e-01  5.703e-01  5.727e-01  5.751e-01  5.773e-01  5.793e-01  5.813e-01  5.831e-01  5.848e-01  5.864e-01  5.879e-01  5.893e-01  5.907e-01  5.919e-01  5.930e-01  5.941e-01  5.951e-01  5.960e-01  5.968e-01  5.976e-01  5.983e-01  5.990e-01  5.996e-01  6.002e-01  6.007e-01  6.013e-01  6.019e-01  6.025e-01  6.032e-01 	
 4.901e-01  5.048e-01  5.104e-01  5.136e-01  5.159e-01  5.180e-01  5.202e-01  5.227e-01  5.254e-01  5.285e-01  5.317e-01  5.350e-01  5.385e-01  5.419e-01  5.454e-01  5.488e-01  5.521e-01  5.553e-01  5.585e-01  5.615e-01  5.643e-01  5.671e-01  5.697e-01  5.721e-01  5.745e-01  5.767e-01  5.788e-01  5.807e-01  5.825e-01  5.843e-01  5.859e-01  5.874e-01  5.888e-01  5.901e-01  5.913e-01  5.925e-01  5.935e-01  5.945e-01  5.954e-01  5.963e-01  5.970e-01  5.978e-01  5.984e-01  5.991e-01  5.997e-01  6.002e-01  6.008e-01  6.014e-01  6.021e-01  6.028e-01 	
 4.945e-01  5.072e-01  5.120e-01  5.149e-01  5.170e-01  5.190e-01  5.211e-01  5.235e-01  5.262e-01  5.291e-01  5.322e-01  5.355e-01  5.388e-01  5.422e-01  5.456e-01  5.489e-01  5.522e-01  5.553e-01  5.584e-01  5.613e-01  5.642e-01  5.669e-01  5.695e-01  5.719e-01  5.742e-01  5.764e-01  5.784e-01  5.804e-01  5.822e-01  5.839e-01  5.855e-01  5.870e-01  5.884e-01  5.898e-01  5.910e-01  5.921e-01  5.932e-01  5.942e-01  5.951e-01  5.960e-01  5.968e-01  5.975e-01  5.982e-01  5.989e-01  5.995e-01  6.001e-01  6.008e-01  6.015e-01  6.022e-01  6.031e-01 	
