 3.085e-03  5.650e-03  8.420e-03  1.127e-02  1.407e-02  1.680e-02  1.958e-02  2.253e-02  2.573e-02  2.924e-02  3.311e-02  3.736e-02  4.202e-02  4.710e-02  5.262e-02  5.859e-02  6.502e-02  7.194e-02  7.933e-02  8.723e-02  9.562e-02  1.045e-01  1.140e-01  1.239e-01  1.344e-01  1.455e-01  1.571e-01  1.692e-01  1.819e-01  1.951e-01  2.089e-01  2.233e-01  2.382e-01  2.537e-01  2.698e-01  2.864e-01  3.035e-01  3.212e-01  3.394e-01  3.581e-01  3.774e-01  3.970e-01  4.171e-01  4.374e-01  4.579e-01  4.784e-01  4.985e-01  5.178e-01  5.357e-01  5.512e-01 	
 3.943e-03  7.274e-03  1.082e-02  1.444e-02  1.793e-02  2.133e-02  2.478e-02  2.847e-02  3.250e-02  3.695e-02  4.188e-02  4.733e-02  5.331e-02  5.985e-02  6.698e-02  7.471e-02  8.306e-02  9.203e-02  1.017e-01  1.119e-01  1.229e-01  1.345e-01  1.469e-01  1.599e-01  1.736e-01  1.881e-01  2.033e-01  2.192e-01  2.358e-01  2.531e-01  2.712e-01  2.900e-01  3.095e-01  3.297e-01  3.506e-01  3.722e-01  3.945e-01  4.174e-01  4.410e-01  4.653e-01  4.901e-01  5.155e-01  5.413e-01  5.675e-01  5.938e-01  6.199e-01  6.455e-01  6.700e-01  6.926e-01  7.123e-01 	
 5.292e-03  9.555e-03  1.407e-02  1.860e-02  2.293e-02  2.713e-02  3.144e-02  3.608e-02  4.119e-02  4.687e-02  5.319e-02  6.018e-02  6.788e-02  7.633e-02  8.554e-02  9.555e-02  1.064e-01  1.180e-01  1.305e-01  1.439e-01  1.582e-01  1.733e-01  1.894e-01  2.063e-01  2.242e-01  2.430e-01  2.627e-01  2.833e-01  3.049e-01  3.273e-01  3.506e-01  3.747e-01  3.997e-01  4.256e-01  4.522e-01  4.796e-01  5.078e-01  5.366e-01  5.662e-01  5.964e-01  6.272e-01  6.585e-01  6.901e-01  7.221e-01  7.540e-01  7.856e-01  8.164e-01  8.457e-01  8.727e-01  8.961e-01 	
 7.072e-03  1.234e-02  1.789e-02  2.339e-02  2.860e-02  3.370e-02  3.901e-02  4.479e-02  5.121e-02  5.839e-02  6.640e-02  7.530e-02  8.513e-02  9.594e-02  1.078e-01  1.206e-01  1.345e-01  1.496e-01  1.657e-01  1.829e-01  2.013e-01  2.209e-01  2.416e-01  2.634e-01  2.864e-01  3.106e-01  3.358e-01  3.622e-01  3.896e-01  4.181e-01  4.475e-01  4.780e-01  5.093e-01  5.416e-01  5.746e-01  6.085e-01  6.430e-01  6.783e-01  7.141e-01  7.505e-01  7.874e-01  8.246e-01  8.620e-01  8.994e-01  9.366e-01  9.732e-01  1.009e+00  1.042e+00  1.073e+00  1.099e+00 	
 9.207e-03  1.544e-02  2.200e-02  2.848e-02  3.466e-02  4.082e-02  4.735e-02  5.454e-02  6.261e-02  7.168e-02  8.185e-02  9.319e-02  1.058e-01  1.196e-01  1.347e-01  1.513e-01  1.692e-01  1.885e-01  2.092e-01  2.314e-01  2.551e-01  2.801e-01  3.067e-01  3.346e-01  3.639e-01  3.945e-01  4.265e-01  4.596e-01  4.940e-01  5.295e-01  5.660e-01  6.035e-01  6.419e-01  6.811e-01  7.210e-01  7.615e-01  8.026e-01  8.442e-01  8.861e-01  9.283e-01  9.707e-01  1.013e+00  1.055e+00  1.097e+00  1.139e+00  1.179e+00  1.218e+00  1.254e+00  1.288e+00  1.316e+00 	
 1.156e-02  1.864e-02  2.615e-02  3.367e-02  4.100e-02  4.851e-02  5.662e-02  6.570e-02  7.595e-02  8.754e-02  1.006e-01  1.151e-01  1.313e-01  1.492e-01  1.688e-01  1.901e-01  2.132e-01  2.382e-01  2.649e-01  2.935e-01  3.238e-01  3.559e-01  3.896e-01  4.251e-01  4.620e-01  5.005e-01  5.403e-01  5.814e-01  6.236e-01  6.669e-01  7.111e-01  7.561e-01  8.017e-01  8.479e-01  8.945e-01  9.414e-01  9.884e-01  1.036e+00  1.083e+00  1.129e+00  1.176e+00  1.222e+00  1.268e+00  1.313e+00  1.356e+00  1.399e+00  1.439e+00  1.476e+00  1.510e+00  1.540e+00 	
 1.397e-02  2.173e-02  3.018e-02  3.889e-02  4.770e-02  5.702e-02  6.733e-02  7.898e-02  9.224e-02  1.073e-01  1.243e-01  1.433e-01  1.644e-01  1.877e-01  2.132e-01  2.411e-01  2.712e-01  3.035e-01  3.381e-01  3.749e-01  4.137e-01  4.545e-01  4.972e-01  5.417e-01  5.877e-01  6.351e-01  6.838e-01  7.336e-01  7.843e-01  8.356e-01  8.875e-01  9.397e-01  9.921e-01  1.045e+00  1.097e+00  1.149e+00  1.200e+00  1.251e+00  1.301e+00  1.351e+00  1.399e+00  1.447e+00  1.493e+00  1.538e+00  1.582e+00  1.624e+00  1.663e+00  1.699e+00  1.732e+00  1.760e+00 	
 1.626e-02  2.460e-02  3.404e-02  4.422e-02  5.502e-02  6.684e-02  8.019e-02  9.545e-02  1.129e-01  1.328e-01  1.552e-01  1.804e-01  2.084e-01  2.392e-01  2.728e-01  3.094e-01  3.487e-01  3.907e-01  4.354e-01  4.825e-01  5.318e-01  5.832e-01  6.364e-01  6.911e-01  7.472e-01  8.043e-01  8.622e-01  9.206e-01  9.792e-01  1.038e+00  1.096e+00  1.154e+00  1.212e+00  1.268e+00  1.324e+00  1.378e+00  1.431e+00  1.483e+00  1.534e+00  1.583e+00  1.630e+00  1.676e+00  1.721e+00  1.763e+00  1.804e+00  1.842e+00  1.878e+00  1.911e+00  1.941e+00  1.966e+00 	
 1.834e-02  2.722e-02  3.782e-02  4.989e-02  6.335e-02  7.860e-02  9.616e-02  1.164e-01  1.398e-01  1.664e-01  1.965e-01  2.301e-01  2.674e-01  3.083e-01  3.528e-01  4.007e-01  4.519e-01  5.061e-01  5.631e-01  6.224e-01  6.839e-01  7.470e-01  8.114e-01  8.768e-01  9.427e-01  1.009e+00  1.075e+00  1.140e+00  1.205e+00  1.268e+00  1.330e+00  1.391e+00  1.450e+00  1.507e+00  1.562e+00  1.616e+00  1.667e+00  1.716e+00  1.764e+00  1.809e+00  1.852e+00  1.893e+00  1.933e+00  1.970e+00  2.005e+00  2.038e+00  2.069e+00  2.097e+00  2.122e+00  2.143e+00 	
 2.016e-02  2.967e-02  4.171e-02  5.622e-02  7.320e-02  9.307e-02  1.164e-01  1.435e-01  1.749e-01  2.107e-01  2.511e-01  2.962e-01  3.458e-01  3.999e-01  4.581e-01  5.201e-01  5.856e-01  6.539e-01  7.246e-01  7.972e-01  8.710e-01  9.455e-01  1.020e+00  1.094e+00  1.168e+00  1.240e+00  1.311e+00  1.380e+00  1.446e+00  1.510e+00  1.572e+00  1.631e+00  1.687e+00  1.741e+00  1.792e+00  1.841e+00  1.887e+00  1.930e+00  1.971e+00  2.010e+00  2.046e+00  2.081e+00  2.113e+00  2.143e+00  2.172e+00  2.198e+00  2.222e+00  2.245e+00  2.264e+00  2.281e+00 	
 2.176e-02  3.209e-02  4.597e-02  6.363e-02  8.521e-02  1.112e-01  1.421e-01  1.785e-01  2.206e-01  2.686e-01  3.225e-01  3.822e-01  4.474e-01  5.174e-01  5.918e-01  6.699e-01  7.508e-01  8.337e-01  9.178e-01  1.002e+00  1.087e+00  1.170e+00  1.251e+00  1.330e+00  1.407e+00  1.481e+00  1.551e+00  1.618e+00  1.682e+00  1.742e+00  1.799e+00  1.852e+00  1.902e+00  1.949e+00  1.993e+00  2.033e+00  2.071e+00  2.107e+00  2.140e+00  2.171e+00  2.199e+00  2.226e+00  2.251e+00  2.274e+00  2.295e+00  2.315e+00  2.333e+00  2.350e+00  2.365e+00  2.378e+00 	
 2.323e-02  3.468e-02  5.099e-02  7.272e-02  1.003e-01  1.342e-01  1.751e-01  2.235e-01  2.795e-01  3.430e-01  4.138e-01  4.912e-01  5.744e-01  6.623e-01  7.540e-01  8.481e-01  9.434e-01  1.039e+00  1.133e+00  1.226e+00  1.316e+00  1.403e+00  1.486e+00  1.564e+00  1.639e+00  1.708e+00  1.774e+00  1.835e+00  1.891e+00  1.943e+00  1.992e+00  2.036e+00  2.078e+00  2.115e+00  2.150e+00  2.182e+00  2.212e+00  2.239e+00  2.264e+00  2.287e+00  2.308e+00  2.328e+00  2.346e+00  2.362e+00  2.377e+00  2.392e+00  2.405e+00  2.417e+00  2.428e+00  2.438e+00 	
 2.465e-02  3.772e-02  5.728e-02  8.436e-02  1.197e-01  1.639e-01  2.178e-01  2.815e-01  3.549e-01  4.373e-01  5.278e-01  6.250e-01  7.274e-01  8.332e-01  9.407e-01  1.048e+00  1.154e+00  1.258e+00  1.357e+00  1.452e+00  1.542e+00  1.626e+00  1.705e+00  1.777e+00  1.844e+00  1.906e+00  1.962e+00  2.014e+00  2.060e+00  2.103e+00  2.142e+00  2.177e+00  2.209e+00  2.238e+00  2.264e+00  2.287e+00  2.309e+00  2.329e+00  2.346e+00  2.363e+00  2.378e+00  2.391e+00  2.403e+00  2.415e+00  2.425e+00  2.435e+00  2.444e+00  2.453e+00  2.461e+00  2.469e+00 	
 2.614e-02  4.155e-02  6.556e-02  9.980e-02  1.454e-01  2.032e-01  2.737e-01  3.565e-01  4.509e-01  5.551e-01  6.672e-01  7.847e-01  9.052e-01  1.026e+00  1.146e+00  1.262e+00  1.372e+00  1.477e+00  1.575e+00  1.666e+00  1.750e+00  1.826e+00  1.895e+00  1.958e+00  2.014e+00  2.065e+00  2.111e+00  2.152e+00  2.188e+00  2.221e+00  2.250e+00  2.276e+00  2.299e+00  2.320e+00  2.339e+00  2.355e+00  2.370e+00  2.384e+00  2.396e+00  2.407e+00  2.417e+00  2.426e+00  2.434e+00  2.441e+00  2.448e+00  2.455e+00  2.461e+00  2.467e+00  2.472e+00  2.478e+00 	
 2.786e-02  4.660e-02  7.685e-02  1.209e-01  1.803e-01  2.559e-01  3.475e-01  4.538e-01  5.724e-01  7.003e-01  8.339e-01  9.696e-01  1.104e+00  1.235e+00  1.360e+00  1.477e+00  1.585e+00  1.685e+00  1.775e+00  1.856e+00  1.928e+00  1.993e+00  2.051e+00  2.101e+00  2.146e+00  2.186e+00  2.221e+00  2.251e+00  2.278e+00  2.302e+00  2.323e+00  2.341e+00  2.357e+00  2.371e+00  2.384e+00  2.395e+00  2.405e+00  2.414e+00  2.421e+00  2.428e+00  2.435e+00  2.440e+00  2.445e+00  2.450e+00  2.454e+00  2.458e+00  2.462e+00  2.466e+00  2.470e+00  2.475e+00 	
 2.997e-02  5.346e-02  9.248e-02  1.502e-01  2.283e-01  3.273e-01  4.453e-01  5.790e-01  7.239e-01  8.748e-01  1.027e+00  1.175e+00  1.317e+00  1.450e+00  1.572e+00  1.682e+00  1.781e+00  1.869e+00  1.947e+00  2.015e+00  2.074e+00  2.126e+00  2.170e+00  2.209e+00  2.243e+00  2.272e+00  2.297e+00  2.319e+00  2.337e+00  2.354e+00  2.368e+00  2.380e+00  2.390e+00  2.399e+00  2.407e+00  2.414e+00  2.420e+00  2.426e+00  2.430e+00  2.434e+00  2.438e+00  2.441e+00  2.444e+00  2.446e+00  2.449e+00  2.451e+00  2.453e+00  2.456e+00  2.459e+00  2.462e+00 	
 3.268e-02  6.286e-02  1.143e-01  1.909e-01  2.944e-01  4.230e-01  5.724e-01  7.359e-01  9.059e-01  1.076e+00  1.239e+00  1.392e+00  1.532e+00  1.658e+00  1.769e+00  1.866e+00  1.951e+00  2.024e+00  2.086e+00  2.139e+00  2.185e+00  2.224e+00  2.257e+00  2.285e+00  2.308e+00  2.328e+00  2.346e+00  2.360e+00  2.372e+00  2.383e+00  2.392e+00  2.399e+00  2.405e+00  2.411e+00  2.415e+00  2.419e+00  2.422e+00  2.425e+00  2.427e+00  2.429e+00  2.431e+00  2.432e+00  2.434e+00  2.435e+00  2.436e+00  2.437e+00  2.438e+00  2.440e+00  2.442e+00  2.445e+00 	
 3.625e-02  7.577e-02  1.446e-01  2.473e-01  3.837e-01  5.485e-01  7.321e-01  9.237e-01  1.113e+00  1.293e+00  1.457e+00  1.604e+00  1.733e+00  1.844e+00  1.939e+00  2.019e+00  2.086e+00  2.143e+00  2.190e+00  2.230e+00  2.263e+00  2.291e+00  2.313e+00  2.332e+00  2.348e+00  2.361e+00  2.372e+00  2.381e+00  2.389e+00  2.395e+00  2.400e+00  2.404e+00  2.407e+00  2.410e+00  2.412e+00  2.414e+00  2.415e+00  2.416e+00  2.417e+00  2.417e+00  2.418e+00  2.418e+00  2.418e+00  2.419e+00  2.419e+00  2.419e+00  2.420e+00  2.421e+00  2.422e+00  2.424e+00 	
 4.100e-02  9.351e-02  1.866e-01  3.241e-01  5.015e-01  7.062e-01  9.222e-01  1.135e+00  1.333e+00  1.510e+00  1.664e+00  1.795e+00  1.906e+00  1.997e+00  2.073e+00  2.135e+00  2.186e+00  2.228e+00  2.262e+00  2.290e+00  2.312e+00  2.331e+00  2.346e+00  2.358e+00  2.368e+00  2.376e+00  2.382e+00  2.387e+00  2.391e+00  2.395e+00  2.397e+00  2.399e+00  2.400e+00  2.401e+00  2.401e+00  2.402e+00  2.402e+00  2.401e+00  2.401e+00  2.401e+00  2.400e+00  2.400e+00  2.400e+00  2.399e+00  2.399e+00  2.399e+00  2.399e+00  2.399e+00  2.400e+00  2.402e+00 	
 4.740e-02  1.179e-01  2.441e-01  4.262e-01  6.505e-01  8.940e-01  1.134e+00  1.354e+00  1.547e+00  1.709e+00  1.844e+00  1.953e+00  2.042e+00  2.113e+00  2.170e+00  2.216e+00  2.252e+00  2.282e+00  2.305e+00  2.324e+00  2.339e+00  2.351e+00  2.360e+00  2.368e+00  2.373e+00  2.378e+00  2.381e+00  2.383e+00  2.385e+00  2.386e+00  2.386e+00  2.387e+00  2.387e+00  2.386e+00  2.386e+00  2.385e+00  2.384e+00  2.383e+00  2.383e+00  2.382e+00  2.381e+00  2.380e+00  2.379e+00  2.378e+00  2.377e+00  2.377e+00  2.377e+00  2.377e+00  2.378e+00  2.379e+00 	
 5.604e-02  1.512e-01  3.216e-01  5.576e-01  8.299e-01  1.103e+00  1.352e+00  1.565e+00  1.738e+00  1.877e+00  1.987e+00  2.073e+00  2.140e+00  2.193e+00  2.234e+00  2.267e+00  2.292e+00  2.312e+00  2.328e+00  2.340e+00  2.349e+00  2.356e+00  2.362e+00  2.366e+00  2.368e+00  2.370e+00  2.371e+00  2.372e+00  2.372e+00  2.372e+00  2.371e+00  2.371e+00  2.370e+00  2.369e+00  2.367e+00  2.366e+00  2.365e+00  2.364e+00  2.362e+00  2.361e+00  2.360e+00  2.359e+00  2.358e+00  2.357e+00  2.356e+00  2.355e+00  2.355e+00  2.355e+00  2.355e+00  2.356e+00 	
 6.776e-02  1.968e-01  4.238e-01  7.195e-01  1.033e+00  1.320e+00  1.560e+00  1.750e+00  1.896e+00  2.008e+00  2.092e+00  2.156e+00  2.205e+00  2.243e+00  2.272e+00  2.294e+00  2.312e+00  2.325e+00  2.335e+00  2.342e+00  2.348e+00  2.352e+00  2.354e+00  2.356e+00  2.357e+00  2.357e+00  2.357e+00  2.357e+00  2.356e+00  2.355e+00  2.354e+00  2.352e+00  2.351e+00  2.349e+00  2.348e+00  2.346e+00  2.345e+00  2.343e+00  2.342e+00  2.340e+00  2.339e+00  2.338e+00  2.336e+00  2.335e+00  2.334e+00  2.333e+00  2.333e+00  2.333e+00  2.333e+00  2.334e+00 	
 8.372e-02  2.585e-01  5.545e-01  9.085e-01  1.247e+00  1.527e+00  1.742e+00  1.900e+00  2.016e+00  2.101e+00  2.163e+00  2.210e+00  2.245e+00  2.271e+00  2.291e+00  2.306e+00  2.317e+00  2.326e+00  2.332e+00  2.336e+00  2.339e+00  2.341e+00  2.342e+00  2.342e+00  2.342e+00  2.341e+00  2.340e+00  2.339e+00  2.338e+00  2.336e+00  2.335e+00  2.333e+00  2.331e+00  2.329e+00  2.328e+00  2.326e+00  2.324e+00  2.323e+00  2.321e+00  2.320e+00  2.318e+00  2.317e+00  2.316e+00  2.314e+00  2.313e+00  2.312e+00  2.312e+00  2.312e+00  2.312e+00  2.312e+00 	
 1.055e-01  3.408e-01  7.147e-01  1.116e+00  1.456e+00  1.710e+00  1.889e+00  2.014e+00  2.101e+00  2.162e+00  2.207e+00  2.240e+00  2.264e+00  2.282e+00  2.296e+00  2.306e+00  2.313e+00  2.319e+00  2.322e+00  2.325e+00  2.326e+00  2.327e+00  2.326e+00  2.326e+00  2.325e+00  2.324e+00  2.322e+00  2.321e+00  2.319e+00  2.317e+00  2.315e+00  2.313e+00  2.312e+00  2.310e+00  2.308e+00  2.306e+00  2.305e+00  2.303e+00  2.301e+00  2.300e+00  2.298e+00  2.297e+00  2.296e+00  2.294e+00  2.293e+00  2.292e+00  2.292e+00  2.291e+00  2.291e+00  2.292e+00 	
 1.354e-01  4.482e-01  9.012e-01  1.327e+00  1.645e+00  1.859e+00  2.000e+00  2.092e+00  2.155e+00  2.199e+00  2.231e+00  2.254e+00  2.271e+00  2.283e+00  2.293e+00  2.299e+00  2.304e+00  2.307e+00  2.309e+00  2.310e+00  2.310e+00  2.310e+00  2.309e+00  2.308e+00  2.307e+00  2.305e+00  2.304e+00  2.302e+00  2.300e+00  2.298e+00  2.296e+00  2.294e+00  2.292e+00  2.291e+00  2.289e+00  2.287e+00  2.285e+00  2.284e+00  2.282e+00  2.281e+00  2.279e+00  2.278e+00  2.276e+00  2.275e+00  2.274e+00  2.273e+00  2.273e+00  2.272e+00  2.272e+00  2.273e+00 	
 1.761e-01  5.835e-01  1.105e+00  1.526e+00  1.803e+00  1.972e+00  2.077e+00  2.143e+00  2.188e+00  2.219e+00  2.241e+00  2.257e+00  2.269e+00  2.277e+00  2.284e+00  2.288e+00  2.291e+00  2.293e+00  2.294e+00  2.294e+00  2.294e+00  2.293e+00  2.292e+00  2.291e+00  2.289e+00  2.287e+00  2.285e+00  2.284e+00  2.282e+00  2.280e+00  2.278e+00  2.276e+00  2.274e+00  2.272e+00  2.270e+00  2.269e+00  2.267e+00  2.265e+00  2.264e+00  2.262e+00  2.261e+00  2.260e+00  2.258e+00  2.257e+00  2.256e+00  2.255e+00  2.254e+00  2.254e+00  2.254e+00  2.254e+00 	
 2.314e-01  7.470e-01  1.313e+00  1.701e+00  1.926e+00  2.052e+00  2.126e+00  2.173e+00  2.204e+00  2.226e+00  2.241e+00  2.253e+00  2.261e+00  2.267e+00  2.272e+00  2.275e+00  2.277e+00  2.278e+00  2.278e+00  2.278e+00  2.277e+00  2.276e+00  2.275e+00  2.273e+00  2.272e+00  2.270e+00  2.268e+00  2.266e+00  2.264e+00  2.262e+00  2.260e+00  2.258e+00  2.257e+00  2.255e+00  2.253e+00  2.251e+00  2.250e+00  2.248e+00  2.247e+00  2.245e+00  2.244e+00  2.242e+00  2.241e+00  2.240e+00  2.239e+00  2.238e+00  2.237e+00  2.237e+00  2.237e+00  2.237e+00 	
 3.055e-01  9.341e-01  1.510e+00  1.843e+00  2.014e+00  2.104e+00  2.156e+00  2.188e+00  2.209e+00  2.225e+00  2.236e+00  2.244e+00  2.250e+00  2.255e+00  2.258e+00  2.260e+00  2.262e+00  2.262e+00  2.262e+00  2.262e+00  2.261e+00  2.259e+00  2.258e+00  2.256e+00  2.255e+00  2.253e+00  2.251e+00  2.249e+00  2.247e+00  2.245e+00  2.244e+00  2.242e+00  2.240e+00  2.238e+00  2.237e+00  2.235e+00  2.233e+00  2.232e+00  2.230e+00  2.229e+00  2.228e+00  2.226e+00  2.225e+00  2.224e+00  2.223e+00  2.222e+00  2.221e+00  2.221e+00  2.221e+00  2.221e+00 	
 4.029e-01  1.135e+00  1.683e+00  1.951e+00  2.074e+00  2.136e+00  2.170e+00  2.192e+00  2.207e+00  2.219e+00  2.227e+00  2.233e+00  2.238e+00  2.242e+00  2.244e+00  2.246e+00  2.246e+00  2.247e+00  2.246e+00  2.246e+00  2.245e+00  2.243e+00  2.242e+00  2.240e+00  2.239e+00  2.237e+00  2.235e+00  2.233e+00  2.231e+00  2.230e+00  2.228e+00  2.226e+00  2.224e+00  2.223e+00  2.221e+00  2.219e+00  2.218e+00  2.216e+00  2.215e+00  2.214e+00  2.212e+00  2.211e+00  2.210e+00  2.209e+00  2.208e+00  2.207e+00  2.206e+00  2.206e+00  2.205e+00  2.206e+00 	
 5.273e-01  1.337e+00  1.825e+00  2.027e+00  2.112e+00  2.152e+00  2.175e+00  2.190e+00  2.201e+00  2.210e+00  2.216e+00  2.221e+00  2.225e+00  2.228e+00  2.230e+00  2.231e+00  2.232e+00  2.232e+00  2.231e+00  2.230e+00  2.229e+00  2.228e+00  2.227e+00  2.225e+00  2.223e+00  2.222e+00  2.220e+00  2.218e+00  2.216e+00  2.215e+00  2.213e+00  2.211e+00  2.210e+00  2.208e+00  2.206e+00  2.205e+00  2.203e+00  2.202e+00  2.201e+00  2.199e+00  2.198e+00  2.197e+00  2.196e+00  2.195e+00  2.194e+00  2.193e+00  2.192e+00  2.191e+00  2.191e+00  2.191e+00 	
 6.800e-01  1.526e+00  1.933e+00  2.077e+00  2.133e+00  2.159e+00  2.174e+00  2.185e+00  2.193e+00  2.199e+00  2.205e+00  2.209e+00  2.212e+00  2.215e+00  2.216e+00  2.217e+00  2.218e+00  2.217e+00  2.217e+00  2.216e+00  2.215e+00  2.214e+00  2.212e+00  2.211e+00  2.209e+00  2.207e+00  2.206e+00  2.204e+00  2.202e+00  2.201e+00  2.199e+00  2.197e+00  2.196e+00  2.194e+00  2.193e+00  2.191e+00  2.190e+00  2.188e+00  2.187e+00  2.186e+00  2.185e+00  2.183e+00  2.182e+00  2.181e+00  2.180e+00  2.179e+00  2.179e+00  2.178e+00  2.178e+00  2.178e+00 	
 8.583e-01  1.690e+00  2.010e+00  2.107e+00  2.142e+00  2.158e+00  2.169e+00  2.176e+00  2.183e+00  2.188e+00  2.193e+00  2.197e+00  2.200e+00  2.202e+00  2.203e+00  2.204e+00  2.204e+00  2.204e+00  2.203e+00  2.202e+00  2.201e+00  2.200e+00  2.199e+00  2.197e+00  2.196e+00  2.194e+00  2.192e+00  2.191e+00  2.189e+00  2.187e+00  2.186e+00  2.184e+00  2.183e+00  2.181e+00  2.180e+00  2.178e+00  2.177e+00  2.176e+00  2.174e+00  2.173e+00  2.172e+00  2.171e+00  2.170e+00  2.169e+00  2.168e+00  2.167e+00  2.166e+00  2.165e+00  2.165e+00  2.165e+00 	
 1.054e+00  1.824e+00  2.062e+00  2.124e+00  2.144e+00  2.154e+00  2.161e+00  2.167e+00  2.173e+00  2.177e+00  2.181e+00  2.185e+00  2.187e+00  2.189e+00  2.191e+00  2.191e+00  2.191e+00  2.191e+00  2.191e+00  2.190e+00  2.189e+00  2.187e+00  2.186e+00  2.185e+00  2.183e+00  2.181e+00  2.180e+00  2.178e+00  2.177e+00  2.175e+00  2.173e+00  2.172e+00  2.170e+00  2.169e+00  2.168e+00  2.166e+00  2.165e+00  2.164e+00  2.162e+00  2.161e+00  2.160e+00  2.159e+00  2.158e+00  2.157e+00  2.156e+00  2.155e+00  2.154e+00  2.153e+00  2.153e+00  2.153e+00 	
 1.256e+00  1.927e+00  2.093e+00  2.130e+00  2.142e+00  2.148e+00  2.153e+00  2.158e+00  2.162e+00  2.167e+00  2.170e+00  2.173e+00  2.176e+00  2.178e+00  2.179e+00  2.179e+00  2.179e+00  2.179e+00  2.179e+00  2.178e+00  2.177e+00  2.175e+00  2.174e+00  2.173e+00  2.171e+00  2.170e+00  2.168e+00  2.166e+00  2.165e+00  2.163e+00  2.162e+00  2.160e+00  2.159e+00  2.158e+00  2.156e+00  2.155e+00  2.154e+00  2.152e+00  2.151e+00  2.150e+00  2.149e+00  2.148e+00  2.147e+00  2.146e+00  2.145e+00  2.144e+00  2.143e+00  2.142e+00  2.142e+00  2.142e+00 	
 1.449e+00  2.001e+00  2.110e+00  2.131e+00  2.136e+00  2.140e+00  2.144e+00  2.148e+00  2.152e+00  2.156e+00  2.160e+00  2.163e+00  2.165e+00  2.167e+00  2.168e+00  2.168e+00  2.168e+00  2.168e+00  2.167e+00  2.167e+00  2.165e+00  2.164e+00  2.163e+00  2.161e+00  2.160e+00  2.159e+00  2.157e+00  2.155e+00  2.154e+00  2.152e+00  2.151e+00  2.150e+00  2.148e+00  2.147e+00  2.145e+00  2.144e+00  2.143e+00  2.142e+00  2.140e+00  2.139e+00  2.138e+00  2.137e+00  2.136e+00  2.135e+00  2.134e+00  2.133e+00  2.133e+00  2.132e+00  2.131e+00  2.131e+00 	
 1.620e+00  2.051e+00  2.118e+00  2.127e+00  2.129e+00  2.131e+00  2.135e+00  2.139e+00  2.143e+00  2.147e+00  2.150e+00  2.153e+00  2.155e+00  2.156e+00  2.157e+00  2.158e+00  2.158e+00  2.157e+00  2.157e+00  2.156e+00  2.155e+00  2.154e+00  2.152e+00  2.151e+00  2.150e+00  2.148e+00  2.147e+00  2.145e+00  2.144e+00  2.142e+00  2.141e+00  2.139e+00  2.138e+00  2.137e+00  2.135e+00  2.134e+00  2.133e+00  2.132e+00  2.131e+00  2.129e+00  2.128e+00  2.127e+00  2.126e+00  2.125e+00  2.124e+00  2.123e+00  2.123e+00  2.122e+00  2.122e+00  2.121e+00 	
 1.762e+00  2.083e+00  2.119e+00  2.121e+00  2.121e+00  2.123e+00  2.126e+00  2.130e+00  2.134e+00  2.138e+00  2.141e+00  2.143e+00  2.145e+00  2.147e+00  2.148e+00  2.148e+00  2.148e+00  2.148e+00  2.147e+00  2.146e+00  2.145e+00  2.144e+00  2.143e+00  2.141e+00  2.140e+00  2.138e+00  2.137e+00  2.135e+00  2.134e+00  2.133e+00  2.131e+00  2.130e+00  2.128e+00  2.127e+00  2.126e+00  2.125e+00  2.123e+00  2.122e+00  2.121e+00  2.120e+00  2.119e+00  2.118e+00  2.117e+00  2.116e+00  2.115e+00  2.114e+00  2.114e+00  2.113e+00  2.112e+00  2.112e+00 	
 1.872e+00  2.101e+00  2.116e+00  2.114e+00  2.114e+00  2.115e+00  2.118e+00  2.122e+00  2.125e+00  2.129e+00  2.132e+00  2.135e+00  2.137e+00  2.138e+00  2.139e+00  2.139e+00  2.139e+00  2.138e+00  2.138e+00  2.137e+00  2.136e+00  2.135e+00  2.133e+00  2.132e+00  2.131e+00  2.129e+00  2.128e+00  2.126e+00  2.125e+00  2.123e+00  2.122e+00  2.121e+00  2.119e+00  2.118e+00  2.117e+00  2.116e+00  2.115e+00  2.113e+00  2.112e+00  2.111e+00  2.110e+00  2.109e+00  2.108e+00  2.107e+00  2.106e+00  2.106e+00  2.105e+00  2.104e+00  2.104e+00  2.103e+00 	
 1.953e+00  2.110e+00  2.110e+00  2.107e+00  2.106e+00  2.107e+00  2.110e+00  2.114e+00  2.118e+00  2.121e+00  2.124e+00  2.127e+00  2.128e+00  2.130e+00  2.130e+00  2.130e+00  2.130e+00  2.130e+00  2.129e+00  2.128e+00  2.127e+00  2.126e+00  2.125e+00  2.123e+00  2.122e+00  2.120e+00  2.119e+00  2.118e+00  2.116e+00  2.115e+00  2.114e+00  2.112e+00  2.111e+00  2.110e+00  2.109e+00  2.107e+00  2.106e+00  2.105e+00  2.104e+00  2.103e+00  2.102e+00  2.101e+00  2.100e+00  2.099e+00  2.098e+00  2.098e+00  2.097e+00  2.096e+00  2.096e+00  2.095e+00 	
 2.008e+00  2.112e+00  2.104e+00  2.100e+00  2.099e+00  2.100e+00  2.103e+00  2.107e+00  2.111e+00  2.114e+00  2.117e+00  2.119e+00  2.121e+00  2.122e+00  2.122e+00  2.122e+00  2.122e+00  2.122e+00  2.121e+00  2.120e+00  2.119e+00  2.118e+00  2.116e+00  2.115e+00  2.114e+00  2.112e+00  2.111e+00  2.110e+00  2.108e+00  2.107e+00  2.106e+00  2.104e+00  2.103e+00  2.102e+00  2.101e+00  2.100e+00  2.099e+00  2.097e+00  2.096e+00  2.095e+00  2.094e+00  2.093e+00  2.093e+00  2.092e+00  2.091e+00  2.090e+00  2.089e+00  2.089e+00  2.088e+00  2.088e+00 	
 2.043e+00  2.109e+00  2.097e+00  2.093e+00  2.092e+00  2.093e+00  2.097e+00  2.100e+00  2.104e+00  2.107e+00  2.110e+00  2.112e+00  2.113e+00  2.114e+00  2.115e+00  2.115e+00  2.115e+00  2.114e+00  2.113e+00  2.112e+00  2.111e+00  2.110e+00  2.109e+00  2.107e+00  2.106e+00  2.105e+00  2.103e+00  2.102e+00  2.101e+00  2.099e+00  2.098e+00  2.097e+00  2.096e+00  2.095e+00  2.093e+00  2.092e+00  2.091e+00  2.090e+00  2.089e+00  2.088e+00  2.087e+00  2.086e+00  2.085e+00  2.085e+00  2.084e+00  2.083e+00  2.082e+00  2.082e+00  2.081e+00  2.081e+00 	
 2.064e+00  2.105e+00  2.090e+00  2.086e+00  2.085e+00  2.087e+00  2.090e+00  2.094e+00  2.098e+00  2.101e+00  2.103e+00  2.105e+00  2.107e+00  2.107e+00  2.108e+00  2.108e+00  2.107e+00  2.107e+00  2.106e+00  2.105e+00  2.104e+00  2.103e+00  2.101e+00  2.100e+00  2.099e+00  2.097e+00  2.096e+00  2.095e+00  2.094e+00  2.092e+00  2.091e+00  2.090e+00  2.089e+00  2.088e+00  2.086e+00  2.085e+00  2.084e+00  2.083e+00  2.082e+00  2.081e+00  2.080e+00  2.080e+00  2.079e+00  2.078e+00  2.077e+00  2.076e+00  2.076e+00  2.075e+00  2.074e+00  2.074e+00 	
 2.074e+00  2.099e+00  2.083e+00  2.080e+00  2.080e+00  2.082e+00  2.085e+00  2.088e+00  2.092e+00  2.095e+00  2.097e+00  2.099e+00  2.100e+00  2.101e+00  2.101e+00  2.101e+00  2.101e+00  2.100e+00  2.099e+00  2.098e+00  2.097e+00  2.096e+00  2.094e+00  2.093e+00  2.092e+00  2.091e+00  2.089e+00  2.088e+00  2.087e+00  2.086e+00  2.084e+00  2.083e+00  2.082e+00  2.081e+00  2.080e+00  2.079e+00  2.078e+00  2.077e+00  2.076e+00  2.075e+00  2.074e+00  2.073e+00  2.073e+00  2.072e+00  2.071e+00  2.070e+00  2.070e+00  2.069e+00  2.068e+00  2.068e+00 	
 2.077e+00  2.092e+00  2.077e+00  2.074e+00  2.074e+00  2.076e+00  2.080e+00  2.083e+00  2.087e+00  2.089e+00  2.092e+00  2.093e+00  2.094e+00  2.095e+00  2.095e+00  2.095e+00  2.094e+00  2.094e+00  2.093e+00  2.092e+00  2.090e+00  2.089e+00  2.088e+00  2.087e+00  2.085e+00  2.084e+00  2.083e+00  2.082e+00  2.080e+00  2.079e+00  2.078e+00  2.077e+00  2.076e+00  2.075e+00  2.074e+00  2.073e+00  2.072e+00  2.071e+00  2.070e+00  2.069e+00  2.068e+00  2.068e+00  2.067e+00  2.066e+00  2.065e+00  2.065e+00  2.064e+00  2.063e+00  2.063e+00  2.062e+00 	
 2.076e+00  2.086e+00  2.071e+00  2.069e+00  2.069e+00  2.072e+00  2.075e+00  2.078e+00  2.082e+00  2.084e+00  2.086e+00  2.088e+00  2.089e+00  2.089e+00  2.089e+00  2.089e+00  2.088e+00  2.088e+00  2.087e+00  2.086e+00  2.084e+00  2.083e+00  2.082e+00  2.081e+00  2.079e+00  2.078e+00  2.077e+00  2.076e+00  2.075e+00  2.073e+00  2.072e+00  2.071e+00  2.070e+00  2.069e+00  2.068e+00  2.067e+00  2.066e+00  2.065e+00  2.065e+00  2.064e+00  2.063e+00  2.062e+00  2.061e+00  2.061e+00  2.060e+00  2.059e+00  2.059e+00  2.058e+00  2.057e+00  2.057e+00 	
 2.071e+00  2.080e+00  2.066e+00  2.064e+00  2.065e+00  2.067e+00  2.071e+00  2.074e+00  2.077e+00  2.079e+00  2.081e+00  2.083e+00  2.083e+00  2.084e+00  2.084e+00  2.083e+00  2.083e+00  2.082e+00  2.081e+00  2.080e+00  2.079e+00  2.077e+00  2.076e+00  2.075e+00  2.074e+00  2.073e+00  2.071e+00  2.070e+00  2.069e+00  2.068e+00  2.067e+00  2.066e+00  2.065e+00  2.064e+00  2.063e+00  2.062e+00  2.061e+00  2.060e+00  2.059e+00  2.059e+00  2.058e+00  2.057e+00  2.056e+00  2.056e+00  2.055e+00  2.054e+00  2.054e+00  2.053e+00  2.052e+00  2.052e+00 	
 2.065e+00  2.074e+00  2.061e+00  2.060e+00  2.061e+00  2.064e+00  2.067e+00  2.070e+00  2.073e+00  2.075e+00  2.077e+00  2.078e+00  2.079e+00  2.079e+00  2.079e+00  2.078e+00  2.077e+00  2.076e+00  2.075e+00  2.074e+00  2.073e+00  2.072e+00  2.071e+00  2.070e+00  2.068e+00  2.067e+00  2.066e+00  2.065e+00  2.064e+00  2.063e+00  2.062e+00  2.061e+00  2.060e+00  2.059e+00  2.058e+00  2.057e+00  2.056e+00  2.055e+00  2.055e+00  2.054e+00  2.053e+00  2.052e+00  2.052e+00  2.051e+00  2.050e+00  2.050e+00  2.049e+00  2.048e+00  2.048e+00  2.047e+00 	
 2.056e+00  2.069e+00  2.058e+00  2.056e+00  2.058e+00  2.060e+00  2.063e+00  2.066e+00  2.069e+00  2.071e+00  2.073e+00  2.074e+00  2.074e+00  2.074e+00  2.074e+00  2.073e+00  2.072e+00  2.072e+00  2.070e+00  2.069e+00  2.068e+00  2.067e+00  2.066e+00  2.065e+00  2.063e+00  2.062e+00  2.061e+00  2.060e+00  2.059e+00  2.058e+00  2.057e+00  2.056e+00  2.055e+00  2.054e+00  2.053e+00  2.052e+00  2.052e+00  2.051e+00  2.050e+00  2.049e+00  2.049e+00  2.048e+00  2.047e+00  2.047e+00  2.046e+00  2.046e+00  2.045e+00  2.044e+00  2.043e+00  2.042e+00 	
 2.038e+00  2.060e+00  2.053e+00  2.052e+00  2.054e+00  2.057e+00  2.060e+00  2.063e+00  2.065e+00  2.067e+00  2.069e+00  2.069e+00  2.070e+00  2.070e+00  2.069e+00  2.069e+00  2.068e+00  2.067e+00  2.066e+00  2.065e+00  2.064e+00  2.063e+00  2.061e+00  2.060e+00  2.059e+00  2.058e+00  2.057e+00  2.056e+00  2.055e+00  2.054e+00  2.053e+00  2.052e+00  2.051e+00  2.050e+00  2.049e+00  2.049e+00  2.048e+00  2.047e+00  2.046e+00  2.046e+00  2.045e+00  2.045e+00  2.044e+00  2.043e+00  2.043e+00  2.042e+00  2.041e+00  2.040e+00  2.039e+00  2.038e+00 	
 1.998e+00  2.044e+00  2.042e+00  2.044e+00  2.047e+00  2.050e+00  2.053e+00  2.056e+00  2.059e+00  2.061e+00  2.062e+00  2.063e+00  2.063e+00  2.063e+00  2.063e+00  2.062e+00  2.062e+00  2.061e+00  2.060e+00  2.059e+00  2.058e+00  2.056e+00  2.055e+00  2.054e+00  2.053e+00  2.052e+00  2.051e+00  2.050e+00  2.049e+00  2.048e+00  2.047e+00  2.046e+00  2.046e+00  2.045e+00  2.044e+00  2.043e+00  2.043e+00  2.042e+00  2.041e+00  2.040e+00  2.040e+00  2.039e+00  2.039e+00  2.038e+00  2.037e+00  2.036e+00  2.035e+00  2.034e+00  2.032e+00  2.030e+00 	
