 3.466e-07  1.110e-07  8.428e-08  6.763e-08  5.731e-08  5.030e-08  4.520e-08  4.131e-08  3.824e-08  3.576e-08  3.372e-08  3.201e-08  3.056e-08  2.932e-08  2.825e-08  2.733e-08  2.652e-08  2.582e-08  2.520e-08  2.466e-08  2.419e-08  2.378e-08  2.343e-08  2.313e-08  2.287e-08  2.265e-08  2.247e-08  2.232e-08  2.221e-08  2.212e-08  2.204e-08  2.197e-08  2.189e-08  2.178e-08  2.162e-08  2.140e-08  2.111e-08  2.077e-08  2.043e-08  2.023e-08  2.044e-08  2.149e-08  2.413e-08  2.951e-08  3.935e-08  5.625e-08  8.398e-08  1.280e-07  1.962e-07  3.001e-07 	
 1.139e-07 -1.354e-08 -9.025e-09 -1.158e-08 -1.292e-08 -1.355e-08 -1.385e-08 -1.397e-08 -1.399e-08 -1.396e-08 -1.391e-08 -1.384e-08 -1.378e-08 -1.372e-08 -1.367e-08 -1.363e-08 -1.361e-08 -1.360e-08 -1.361e-08 -1.364e-08 -1.368e-08 -1.375e-08 -1.383e-08 -1.394e-08 -1.407e-08 -1.423e-08 -1.442e-08 -1.464e-08 -1.491e-08 -1.522e-08 -1.561e-08 -1.608e-08 -1.668e-08 -1.745e-08 -1.842e-08 -1.967e-08 -2.124e-08 -2.317e-08 -2.549e-08 -2.812e-08 -3.090e-08 -3.350e-08 -3.531e-08 -3.543e-08 -3.246e-08 -2.448e-08 -8.800e-09  1.823e-08  6.161e-08  1.283e-07 	
 3.833e-08 -4.524e-08 -2.487e-08 -2.061e-08 -1.769e-08 -1.546e-08 -1.374e-08 -1.238e-08 -1.129e-08 -1.039e-08 -9.637e-09 -9.007e-09 -8.472e-09 -8.015e-09 -7.622e-09 -7.284e-09 -6.993e-09 -6.742e-09 -6.527e-09 -6.343e-09 -6.187e-09 -6.058e-09 -5.952e-09 -5.869e-09 -5.808e-09 -5.767e-09 -5.748e-09 -5.752e-09 -5.783e-09 -5.847e-09 -5.955e-09 -6.125e-09 -6.380e-09 -6.755e-09 -7.290e-09 -8.036e-09 -9.045e-09 -1.036e-08 -1.201e-08 -1.397e-08 -1.612e-08 -1.823e-08 -1.986e-08 -2.033e-08 -1.855e-08 -1.300e-08 -1.519e-09  1.889e-08  5.236e-08  1.047e-07 	
 1.655e-08 -4.604e-08 -1.989e-08 -1.444e-08 -1.125e-08 -9.120e-09 -7.642e-09 -6.576e-09 -5.781e-09 -5.172e-09 -4.698e-09 -4.322e-09 -4.020e-09 -3.777e-09 -3.579e-09 -3.419e-09 -3.289e-09 -3.185e-09 -3.104e-09 -3.042e-09 -2.997e-09 -2.968e-09 -2.954e-09 -2.954e-09 -2.967e-09 -2.993e-09 -3.034e-09 -3.090e-09 -3.165e-09 -3.265e-09 -3.399e-09 -3.582e-09 -3.834e-09 -4.186e-09 -4.672e-09 -5.336e-09 -6.224e-09 -7.375e-09 -8.810e-09 -1.051e-08 -1.238e-08 -1.421e-08 -1.563e-08 -1.602e-08 -1.446e-08 -9.573e-09  5.450e-10  1.855e-08  4.815e-08  9.453e-08 	
 1.206e-08 -3.914e-08 -1.307e-08 -8.863e-09 -6.667e-09 -5.310e-09 -4.431e-09 -3.834e-09 -3.411e-09 -3.101e-09 -2.868e-09 -2.690e-09 -2.553e-09 -2.446e-09 -2.363e-09 -2.300e-09 -2.253e-09 -2.220e-09 -2.199e-09 -2.189e-09 -2.189e-09 -2.199e-09 -2.218e-09 -2.247e-09 -2.285e-09 -2.333e-09 -2.391e-09 -2.462e-09 -2.549e-09 -2.657e-09 -2.796e-09 -2.978e-09 -3.224e-09 -3.559e-09 -4.016e-09 -4.636e-09 -5.460e-09 -6.525e-09 -7.848e-09 -9.410e-09 -1.113e-08 -1.280e-08 -1.409e-08 -1.443e-08 -1.294e-08 -8.378e-09  1.041e-09  1.779e-08  4.529e-08  8.839e-08 	
 1.226e-08 -3.218e-08 -8.579e-09 -5.843e-09 -4.504e-09 -3.686e-09 -3.163e-09 -2.810e-09 -2.560e-09 -2.376e-09 -2.237e-09 -2.130e-09 -2.048e-09 -1.984e-09 -1.935e-09 -1.899e-09 -1.874e-09 -1.859e-09 -1.852e-09 -1.854e-09 -1.864e-09 -1.881e-09 -1.907e-09 -1.940e-09 -1.981e-09 -2.031e-09 -2.091e-09 -2.163e-09 -2.249e-09 -2.355e-09 -2.490e-09 -2.666e-09 -2.902e-09 -3.223e-09 -3.660e-09 -4.251e-09 -5.034e-09 -6.045e-09 -7.301e-09 -8.782e-09 -1.041e-08 -1.199e-08 -1.321e-08 -1.351e-08 -1.208e-08 -7.715e-09  1.276e-09  1.725e-08  4.347e-08  8.456e-08 	
 1.311e-08 -2.696e-08 -6.162e-09 -4.429e-09 -3.563e-09 -3.000e-09 -2.627e-09 -2.369e-09 -2.182e-09 -2.041e-09 -1.934e-09 -1.850e-09 -1.786e-09 -1.736e-09 -1.699e-09 -1.673e-09 -1.656e-09 -1.647e-09 -1.646e-09 -1.652e-09 -1.666e-09 -1.687e-09 -1.715e-09 -1.750e-09 -1.793e-09 -1.844e-09 -1.905e-09 -1.976e-09 -2.062e-09 -2.166e-09 -2.299e-09 -2.471e-09 -2.701e-09 -3.013e-09 -3.437e-09 -4.009e-09 -4.767e-09 -5.745e-09 -6.959e-09 -8.390e-09 -9.959e-09 -1.149e-08 -1.266e-08 -1.294e-08 -1.155e-08 -7.307e-09  1.415e-09  1.690e-08  4.231e-08  8.214e-08 	
 1.360e-08 -2.337e-08 -4.949e-09 -3.754e-09 -3.102e-09 -2.645e-09 -2.334e-09 -2.114e-09 -1.953e-09 -1.832e-09 -1.740e-09 -1.669e-09 -1.614e-09 -1.573e-09 -1.544e-09 -1.523e-09 -1.511e-09 -1.507e-09 -1.510e-09 -1.520e-09 -1.537e-09 -1.560e-09 -1.590e-09 -1.628e-09 -1.672e-09 -1.724e-09 -1.785e-09 -1.857e-09 -1.943e-09 -2.047e-09 -2.178e-09 -2.348e-09 -2.574e-09 -2.880e-09 -3.296e-09 -3.857e-09 -4.600e-09 -5.558e-09 -6.746e-09 -8.147e-09 -9.681e-09 -1.118e-08 -1.232e-08 -1.259e-08 -1.121e-08 -7.049e-09  1.508e-09  1.669e-08  4.162e-08  8.066e-08 	
 1.365e-08 -2.095e-08 -4.326e-09 -3.385e-09 -2.825e-09 -2.417e-09 -2.137e-09 -1.940e-09 -1.796e-09 -1.688e-09 -1.606e-09 -1.544e-09 -1.497e-09 -1.462e-09 -1.438e-09 -1.423e-09 -1.415e-09 -1.414e-09 -1.421e-09 -1.433e-09 -1.452e-09 -1.478e-09 -1.510e-09 -1.548e-09 -1.594e-09 -1.647e-09 -1.709e-09 -1.781e-09 -1.867e-09 -1.971e-09 -2.101e-09 -2.270e-09 -2.494e-09 -2.797e-09 -3.209e-09 -3.764e-09 -4.498e-09 -5.445e-09 -6.619e-09 -8.002e-09 -9.517e-09 -1.099e-08 -1.212e-08 -1.238e-08 -1.102e-08 -6.891e-09  1.579e-09  1.660e-08  4.126e-08  7.989e-08 	
 1.339e-08 -1.927e-08 -3.975e-09 -3.146e-09 -2.632e-09 -2.255e-09 -1.996e-09 -1.815e-09 -1.684e-09 -1.586e-09 -1.513e-09 -1.458e-09 -1.417e-09 -1.387e-09 -1.367e-09 -1.355e-09 -1.350e-09 -1.353e-09 -1.361e-09 -1.376e-09 -1.397e-09 -1.424e-09 -1.457e-09 -1.497e-09 -1.543e-09 -1.598e-09 -1.660e-09 -1.733e-09 -1.819e-09 -1.923e-09 -2.053e-09 -2.222e-09 -2.446e-09 -2.748e-09 -3.158e-09 -3.711e-09 -4.442e-09 -5.384e-09 -6.552e-09 -7.929e-09 -9.436e-09 -1.090e-08 -1.202e-08 -1.228e-08 -1.091e-08 -6.802e-09  1.639e-09  1.661e-08  4.118e-08  7.965e-08 	
 1.297e-08 -1.806e-08 -3.753e-09 -2.976e-09 -2.490e-09 -2.137e-09 -1.895e-09 -1.727e-09 -1.606e-09 -1.516e-09 -1.449e-09 -1.399e-09 -1.362e-09 -1.336e-09 -1.319e-09 -1.310e-09 -1.308e-09 -1.312e-09 -1.323e-09 -1.339e-09 -1.361e-09 -1.390e-09 -1.424e-09 -1.465e-09 -1.513e-09 -1.568e-09 -1.631e-09 -1.704e-09 -1.791e-09 -1.896e-09 -2.027e-09 -2.196e-09 -2.421e-09 -2.724e-09 -3.134e-09 -3.688e-09 -4.420e-09 -5.363e-09 -6.533e-09 -7.911e-09 -9.419e-09 -1.089e-08 -1.200e-08 -1.226e-08 -1.089e-08 -6.766e-09  1.695e-09  1.670e-08  4.131e-08  7.987e-08 	
 1.249e-08 -1.715e-08 -3.598e-09 -2.851e-09 -2.387e-09 -2.051e-09 -1.824e-09 -1.665e-09 -1.552e-09 -1.468e-09 -1.406e-09 -1.360e-09 -1.326e-09 -1.303e-09 -1.289e-09 -1.282e-09 -1.281e-09 -1.287e-09 -1.299e-09 -1.317e-09 -1.341e-09 -1.370e-09 -1.406e-09 -1.448e-09 -1.496e-09 -1.552e-09 -1.617e-09 -1.691e-09 -1.779e-09 -1.884e-09 -2.017e-09 -2.187e-09 -2.413e-09 -2.718e-09 -3.132e-09 -3.689e-09 -4.426e-09 -5.375e-09 -6.552e-09 -7.938e-09 -9.456e-09 -1.093e-08 -1.205e-08 -1.231e-08 -1.093e-08 -6.771e-09  1.752e-09  1.686e-08  4.165e-08  8.047e-08 	
 1.201e-08 -1.644e-08 -3.486e-09 -2.759e-09 -2.313e-09 -1.992e-09 -1.775e-09 -1.624e-09 -1.516e-09 -1.437e-09 -1.379e-09 -1.336e-09 -1.305e-09 -1.284e-09 -1.271e-09 -1.266e-09 -1.267e-09 -1.275e-09 -1.288e-09 -1.307e-09 -1.332e-09 -1.362e-09 -1.399e-09 -1.442e-09 -1.492e-09 -1.548e-09 -1.614e-09 -1.689e-09 -1.778e-09 -1.885e-09 -2.019e-09 -2.191e-09 -2.420e-09 -2.728e-09 -3.146e-09 -3.709e-09 -4.454e-09 -5.413e-09 -6.603e-09 -8.004e-09 -9.537e-09 -1.103e-08 -1.216e-08 -1.242e-08 -1.102e-08 -6.812e-09  1.811e-09  1.709e-08  4.217e-08  8.143e-08 	
 1.153e-08 -1.588e-08 -3.406e-09 -2.694e-09 -2.262e-09 -1.952e-09 -1.743e-09 -1.599e-09 -1.495e-09 -1.420e-09 -1.364e-09 -1.323e-09 -1.295e-09 -1.275e-09 -1.264e-09 -1.261e-09 -1.263e-09 -1.272e-09 -1.286e-09 -1.306e-09 -1.332e-09 -1.364e-09 -1.401e-09 -1.445e-09 -1.496e-09 -1.554e-09 -1.620e-09 -1.697e-09 -1.787e-09 -1.896e-09 -2.032e-09 -2.207e-09 -2.439e-09 -2.751e-09 -3.175e-09 -3.747e-09 -4.502e-09 -5.476e-09 -6.683e-09 -8.104e-09 -9.660e-09 -1.117e-08 -1.232e-08 -1.258e-08 -1.116e-08 -6.882e-09  1.875e-09  1.740e-08  4.286e-08  8.272e-08 	
 1.109e-08 -1.544e-08 -3.351e-09 -2.652e-09 -2.230e-09 -1.930e-09 -1.727e-09 -1.586e-09 -1.486e-09 -1.413e-09 -1.360e-09 -1.321e-09 -1.294e-09 -1.276e-09 -1.266e-09 -1.264e-09 -1.267e-09 -1.277e-09 -1.292e-09 -1.313e-09 -1.340e-09 -1.373e-09 -1.411e-09 -1.456e-09 -1.508e-09 -1.567e-09 -1.635e-09 -1.713e-09 -1.805e-09 -1.916e-09 -2.054e-09 -2.232e-09 -2.467e-09 -2.786e-09 -3.217e-09 -3.799e-09 -4.568e-09 -5.559e-09 -6.788e-09 -8.236e-09 -9.820e-09 -1.136e-08 -1.253e-08 -1.279e-08 -1.134e-08 -6.979e-09  1.948e-09  1.777e-08  4.371e-08  8.434e-08 	
 1.068e-08 -1.509e-08 -3.318e-09 -2.628e-09 -2.215e-09 -1.921e-09 -1.722e-09 -1.585e-09 -1.488e-09 -1.417e-09 -1.365e-09 -1.327e-09 -1.301e-09 -1.285e-09 -1.276e-09 -1.274e-09 -1.279e-09 -1.289e-09 -1.305e-09 -1.327e-09 -1.355e-09 -1.389e-09 -1.428e-09 -1.474e-09 -1.527e-09 -1.588e-09 -1.657e-09 -1.736e-09 -1.830e-09 -1.942e-09 -2.083e-09 -2.264e-09 -2.505e-09 -2.829e-09 -3.270e-09 -3.863e-09 -4.649e-09 -5.662e-09 -6.917e-09 -8.396e-09 -1.001e-08 -1.159e-08 -1.278e-08 -1.305e-08 -1.156e-08 -7.097e-09  2.034e-09  1.821e-08  4.475e-08  8.629e-08 	
 1.030e-08 -1.482e-08 -3.304e-09 -2.621e-09 -2.213e-09 -1.924e-09 -1.729e-09 -1.594e-09 -1.498e-09 -1.428e-09 -1.378e-09 -1.341e-09 -1.316e-09 -1.300e-09 -1.292e-09 -1.291e-09 -1.296e-09 -1.308e-09 -1.325e-09 -1.347e-09 -1.376e-09 -1.410e-09 -1.451e-09 -1.498e-09 -1.552e-09 -1.613e-09 -1.683e-09 -1.764e-09 -1.859e-09 -1.974e-09 -2.117e-09 -2.302e-09 -2.548e-09 -2.880e-09 -3.331e-09 -3.938e-09 -4.743e-09 -5.780e-09 -7.066e-09 -8.581e-09 -1.024e-08 -1.185e-08 -1.307e-08 -1.334e-08 -1.181e-08 -7.232e-09  2.139e-09  1.874e-08  4.596e-08  8.859e-08 	
 9.943e-09 -1.461e-08 -3.308e-09 -2.629e-09 -2.225e-09 -1.938e-09 -1.745e-09 -1.612e-09 -1.517e-09 -1.448e-09 -1.398e-09 -1.362e-09 -1.338e-09 -1.322e-09 -1.315e-09 -1.314e-09 -1.320e-09 -1.332e-09 -1.349e-09 -1.373e-09 -1.402e-09 -1.437e-09 -1.478e-09 -1.525e-09 -1.580e-09 -1.643e-09 -1.714e-09 -1.796e-09 -1.893e-09 -2.009e-09 -2.155e-09 -2.344e-09 -2.595e-09 -2.935e-09 -3.397e-09 -4.020e-09 -4.845e-09 -5.910e-09 -7.231e-09 -8.787e-09 -1.049e-08 -1.215e-08 -1.340e-08 -1.367e-08 -1.209e-08 -7.377e-09  2.272e-09  1.936e-08  4.738e-08  9.126e-08 	
 9.617e-09 -1.447e-08 -3.328e-09 -2.651e-09 -2.248e-09 -1.962e-09 -1.770e-09 -1.638e-09 -1.543e-09 -1.475e-09 -1.426e-09 -1.390e-09 -1.366e-09 -1.351e-09 -1.343e-09 -1.343e-09 -1.349e-09 -1.361e-09 -1.379e-09 -1.402e-09 -1.431e-09 -1.467e-09 -1.508e-09 -1.556e-09 -1.611e-09 -1.674e-09 -1.746e-09 -1.829e-09 -1.927e-09 -2.046e-09 -2.194e-09 -2.386e-09 -2.643e-09 -2.990e-09 -3.464e-09 -4.104e-09 -4.953e-09 -6.048e-09 -7.408e-09 -9.011e-09 -1.076e-08 -1.247e-08 -1.376e-08 -1.404e-08 -1.240e-08 -7.524e-09  2.444e-09  2.009e-08  4.903e-08  9.433e-08 	
 9.315e-09 -1.439e-08 -3.364e-09 -2.685e-09 -2.282e-09 -1.997e-09 -1.805e-09 -1.672e-09 -1.578e-09 -1.510e-09 -1.460e-09 -1.424e-09 -1.400e-09 -1.385e-09 -1.377e-09 -1.377e-09 -1.383e-09 -1.394e-09 -1.412e-09 -1.435e-09 -1.464e-09 -1.499e-09 -1.540e-09 -1.588e-09 -1.643e-09 -1.706e-09 -1.778e-09 -1.861e-09 -1.959e-09 -2.078e-09 -2.228e-09 -2.423e-09 -2.685e-09 -3.040e-09 -3.526e-09 -4.184e-09 -5.058e-09 -6.187e-09 -7.589e-09 -9.242e-09 -1.105e-08 -1.281e-08 -1.414e-08 -1.442e-08 -1.271e-08 -7.656e-09  2.676e-09  2.097e-08  5.094e-08  9.787e-08 	
 9.036e-09 -1.436e-08 -3.416e-09 -2.733e-09 -2.328e-09 -2.042e-09 -1.849e-09 -1.716e-09 -1.621e-09 -1.552e-09 -1.501e-09 -1.465e-09 -1.440e-09 -1.424e-09 -1.416e-09 -1.415e-09 -1.420e-09 -1.431e-09 -1.447e-09 -1.469e-09 -1.497e-09 -1.531e-09 -1.571e-09 -1.617e-09 -1.671e-09 -1.732e-09 -1.802e-09 -1.884e-09 -1.981e-09 -2.099e-09 -2.249e-09 -2.446e-09 -2.711e-09 -3.073e-09 -3.570e-09 -4.246e-09 -5.145e-09 -6.309e-09 -7.757e-09 -9.465e-09 -1.133e-08 -1.315e-08 -1.452e-08 -1.480e-08 -1.301e-08 -7.746e-09  3.002e-09  2.202e-08  5.318e-08  1.019e-07 	
 8.778e-09 -1.439e-08 -3.483e-09 -2.794e-09 -2.385e-09 -2.097e-09 -1.902e-09 -1.767e-09 -1.671e-09 -1.601e-09 -1.549e-09 -1.512e-09 -1.486e-09 -1.468e-09 -1.459e-09 -1.456e-09 -1.459e-09 -1.468e-09 -1.482e-09 -1.502e-09 -1.528e-09 -1.559e-09 -1.596e-09 -1.639e-09 -1.689e-09 -1.747e-09 -1.814e-09 -1.892e-09 -1.985e-09 -2.100e-09 -2.248e-09 -2.443e-09 -2.710e-09 -3.077e-09 -3.583e-09 -4.275e-09 -5.200e-09 -6.400e-09 -7.895e-09 -9.660e-09 -1.159e-08 -1.347e-08 -1.488e-08 -1.515e-08 -1.327e-08 -7.763e-09  3.460e-09  2.330e-08  5.580e-08  1.066e-07 	
 8.540e-09 -1.447e-08 -3.566e-09 -2.869e-09 -2.455e-09 -2.163e-09 -1.965e-09 -1.828e-09 -1.730e-09 -1.658e-09 -1.604e-09 -1.565e-09 -1.537e-09 -1.517e-09 -1.505e-09 -1.499e-09 -1.499e-09 -1.505e-09 -1.515e-09 -1.531e-09 -1.552e-09 -1.578e-09 -1.610e-09 -1.648e-09 -1.692e-09 -1.744e-09 -1.804e-09 -1.875e-09 -1.961e-09 -2.069e-09 -2.211e-09 -2.401e-09 -2.665e-09 -3.033e-09 -3.546e-09 -4.252e-09 -5.201e-09 -6.436e-09 -7.978e-09 -9.802e-09 -1.180e-08 -1.374e-08 -1.519e-08 -1.544e-08 -1.345e-08 -7.663e-09  4.104e-09  2.488e-08  5.890e-08  1.121e-07 	
 8.320e-09 -1.460e-08 -3.666e-09 -2.958e-09 -2.537e-09 -2.240e-09 -2.039e-09 -1.899e-09 -1.797e-09 -1.722e-09 -1.666e-09 -1.624e-09 -1.592e-09 -1.569e-09 -1.552e-09 -1.542e-09 -1.537e-09 -1.537e-09 -1.541e-09 -1.550e-09 -1.564e-09 -1.582e-09 -1.605e-09 -1.633e-09 -1.667e-09 -1.707e-09 -1.756e-09 -1.815e-09 -1.888e-09 -1.984e-09 -2.112e-09 -2.292e-09 -2.546e-09 -2.909e-09 -3.423e-09 -4.137e-09 -5.105e-09 -6.371e-09 -7.959e-09 -9.840e-09 -1.190e-08 -1.390e-08 -1.538e-08 -1.561e-08 -1.348e-08 -7.364e-09  5.029e-09  2.688e-08  6.263e-08  1.185e-07 	
 8.118e-09 -1.479e-08 -3.784e-09 -3.062e-09 -2.633e-09 -2.330e-09 -2.124e-09 -1.979e-09 -1.874e-09 -1.795e-09 -1.734e-09 -1.687e-09 -1.650e-09 -1.621e-09 -1.598e-09 -1.581e-09 -1.568e-09 -1.559e-09 -1.553e-09 -1.551e-09 -1.553e-09 -1.558e-09 -1.567e-09 -1.580e-09 -1.597e-09 -1.620e-09 -1.649e-09 -1.688e-09 -1.740e-09 -1.814e-09 -1.921e-09 -2.079e-09 -2.315e-09 -2.662e-09 -3.167e-09 -3.880e-09 -4.859e-09 -6.149e-09 -7.776e-09 -9.710e-09 -1.183e-08 -1.388e-08 -1.539e-08 -1.558e-08 -1.327e-08 -6.761e-09  6.359e-09  2.944e-08  6.716e-08  1.261e-07 	
 7.932e-09 -1.504e-08 -3.922e-09 -3.184e-09 -2.744e-09 -2.433e-09 -2.221e-09 -2.070e-09 -1.960e-09 -1.875e-09 -1.808e-09 -1.753e-09 -1.709e-09 -1.671e-09 -1.638e-09 -1.609e-09 -1.583e-09 -1.560e-09 -1.539e-09 -1.520e-09 -1.502e-09 -1.487e-09 -1.473e-09 -1.461e-09 -1.452e-09 -1.446e-09 -1.445e-09 -1.451e-09 -1.470e-09 -1.508e-09 -1.578e-09 -1.699e-09 -1.900e-09 -2.215e-09 -2.694e-09 -3.391e-09 -4.364e-09 -5.664e-09 -7.316e-09 -9.290e-09 -1.146e-08 -1.355e-08 -1.506e-08 -1.517e-08 -1.264e-08 -5.661e-09  8.311e-09  3.282e-08  7.281e-08  1.352e-07 	
 7.763e-09 -1.535e-08 -4.081e-09 -3.324e-09 -2.872e-09 -2.551e-09 -2.330e-09 -2.173e-09 -2.054e-09 -1.960e-09 -1.884e-09 -1.819e-09 -1.762e-09 -1.710e-09 -1.661e-09 -1.614e-09 -1.569e-09 -1.523e-09 -1.477e-09 -1.430e-09 -1.382e-09 -1.333e-09 -1.283e-09 -1.232e-09 -1.180e-09 -1.129e-09 -1.078e-09 -1.031e-09 -9.932e-10 -9.721e-10 -9.811e-10 -1.040e-09 -1.178e-09 -1.435e-09 -1.859e-09 -2.510e-09 -3.449e-09 -4.731e-09 -6.380e-09 -8.366e-09 -1.055e-08 -1.265e-08 -1.413e-08 -1.411e-08 -1.128e-08 -3.731e-09  1.125e-08  3.744e-08  8.005e-08  1.465e-07 	
 7.610e-09 -1.573e-08 -4.264e-09 -3.485e-09 -3.018e-09 -2.685e-09 -2.454e-09 -2.285e-09 -2.155e-09 -2.049e-09 -1.959e-09 -1.877e-09 -1.802e-09 -1.728e-09 -1.655e-09 -1.581e-09 -1.504e-09 -1.423e-09 -1.338e-09 -1.249e-09 -1.153e-09 -1.052e-09 -9.454e-10 -8.325e-10 -7.137e-10 -5.894e-10 -4.610e-10 -3.309e-10 -2.043e-10 -8.943e-11 -3.018e-13  4.194e-11  6.742e-12 -1.475e-10 -4.736e-10 -1.034e-09 -1.895e-09 -3.112e-09 -4.714e-09 -6.667e-09 -8.827e-09 -1.088e-08 -1.226e-08 -1.204e-08 -8.820e-09 -5.465e-10  1.566e-08  4.382e-08  8.951e-08  1.606e-07 	
 7.473e-09 -1.618e-08 -4.474e-09 -3.670e-09 -3.184e-09 -2.837e-09 -2.591e-09 -2.408e-09 -2.262e-09 -2.138e-09 -2.026e-09 -1.920e-09 -1.815e-09 -1.709e-09 -1.598e-09 -1.481e-09 -1.356e-09 -1.221e-09 -1.075e-09 -9.186e-10 -7.494e-10 -5.673e-10 -3.717e-10 -1.623e-10  6.127e-11  2.987e-10  5.490e-10  8.096e-10  1.076e-09  1.338e-09  1.583e-09  1.788e-09  1.920e-09  1.934e-09  1.776e-09  1.378e-09  6.692e-10 -4.098e-10 -1.889e-09 -3.730e-09 -5.781e-09 -7.706e-09 -8.894e-09 -8.357e-09 -4.586e-09  4.611e-09  2.232e-08  5.285e-08  1.022e-07  1.787e-07 	
 7.351e-09 -1.672e-08 -4.715e-09 -3.881e-09 -3.374e-09 -3.007e-09 -2.742e-09 -2.539e-09 -2.369e-09 -2.218e-09 -2.074e-09 -1.930e-09 -1.781e-09 -1.624e-09 -1.455e-09 -1.272e-09 -1.072e-09 -8.529e-10 -6.138e-10 -3.530e-10 -6.909e-11  2.390e-10  5.724e-10  9.319e-10  1.318e-09  1.732e-09  2.172e-09  2.636e-09  3.120e-09  3.615e-09  4.104e-09  4.565e-09  4.964e-09  5.253e-09  5.371e-09  5.248e-09  4.809e-09  3.989e-09  2.757e-09  1.153e-09 -6.572e-10 -2.310e-09 -3.151e-09 -2.112e-09  2.431e-09  1.284e-08  3.243e-08  6.584e-08  1.195e-07  2.025e-07 	
 7.245e-09 -1.736e-08 -4.991e-09 -4.122e-09 -3.588e-09 -3.196e-09 -2.906e-09 -2.673e-09 -2.469e-09 -2.277e-09 -2.084e-09 -1.883e-09 -1.668e-09 -1.433e-09 -1.175e-09 -8.893e-10 -5.741e-10 -2.260e-10  1.573e-10  5.782e-10  1.039e-09  1.541e-09  2.087e-09  2.678e-09  3.316e-09  4.001e-09  4.734e-09  5.513e-09  6.334e-09  7.188e-09  8.058e-09  8.920e-09  9.738e-09  1.046e-08  1.102e-08  1.135e-08  1.136e-08  1.099e-08  1.020e-08  9.033e-09  7.674e-09  6.515e-09  6.267e-09  8.086e-09  1.373e-08  2.575e-08  4.775e-08  8.473e-08  1.437e-07  2.344e-07 	
 7.154e-09 -1.810e-08 -5.308e-09 -4.398e-09 -3.831e-09 -3.405e-09 -3.078e-09 -2.803e-09 -2.548e-09 -2.294e-09 -2.028e-09 -1.740e-09 -1.422e-09 -1.069e-09 -6.739e-10 -2.328e-10  2.589e-10  8.052e-10  1.410e-09  2.077e-09  2.809e-09  3.609e-09  4.481e-09  5.428e-09  6.452e-09  7.556e-09  8.740e-09  1.000e-08  1.134e-08  1.275e-08  1.421e-08  1.569e-08  1.716e-08  1.857e-08  1.984e-08  2.089e-08  2.163e-08  2.200e-08  2.195e-08  2.154e-08  2.096e-08  2.065e-08  2.138e-08  2.440e-08  3.163e-08  4.586e-08  7.100e-08  1.125e-07  1.779e-07  2.779e-07 	
 7.078e-09 -1.897e-08 -5.672e-09 -4.713e-09 -4.103e-09 -3.631e-09 -3.253e-09 -2.915e-09 -2.585e-09 -2.238e-09 -1.860e-09 -1.440e-09 -9.658e-10 -4.307e-10  1.733e-10  8.531e-10  1.615e-09  2.465e-09  3.409e-09  4.452e-09  5.600e-09  6.858e-09  8.231e-09  9.723e-09  1.134e-08  1.308e-08  1.496e-08  1.697e-08  1.911e-08  2.137e-08  2.373e-08  2.618e-08  2.866e-08  3.112e-08  3.349e-08  3.568e-08  3.759e-08  3.916e-08  4.033e-08  4.117e-08  4.189e-08  4.298e-08  4.527e-08  5.015e-08  5.971e-08  7.700e-08  1.063e-07  1.536e-07  2.271e-07  3.386e-07 	
 7.017e-09 -1.999e-08 -6.090e-09 -5.072e-09 -4.405e-09 -3.871e-09 -3.417e-09 -2.987e-09 -2.542e-09 -2.056e-09 -1.508e-09 -8.853e-10 -1.733e-10  6.393e-10  1.563e-09  2.608e-09  3.783e-09  5.098e-09  6.561e-09  8.180e-09  9.965e-09  1.192e-08  1.406e-08  1.639e-08  1.891e-08  2.164e-08  2.458e-08  2.773e-08  3.109e-08  3.465e-08  3.841e-08  4.233e-08  4.638e-08  5.048e-08  5.456e-08  5.854e-08  6.229e-08  6.576e-08  6.889e-08  7.175e-08  7.458e-08  7.792e-08  8.269e-08  9.042e-08  1.034e-07  1.250e-07  1.600e-07  2.149e-07  2.987e-07  4.245e-07 	
 6.968e-09 -2.119e-08 -6.573e-09 -5.482e-09 -4.739e-09 -4.115e-09 -3.551e-09 -2.982e-09 -2.364e-09 -1.665e-09 -8.595e-10  7.209e-11  1.148e-09  2.384e-09  3.796e-09  5.399e-09  7.206e-09  9.231e-09  1.149e-08  1.399e-08  1.675e-08  1.978e-08  2.309e-08  2.669e-08  3.061e-08  3.484e-08  3.940e-08  4.429e-08  4.952e-08  5.509e-08  6.099e-08  6.717e-08  7.362e-08  8.025e-08  8.698e-08  9.373e-08  1.004e-07  1.068e-07  1.130e-07  1.191e-07  1.253e-07  1.322e-07  1.409e-07  1.530e-07  1.711e-07  1.989e-07  2.417e-07  3.066e-07  4.039e-07  5.476e-07 	
 6.926e-09 -2.261e-08 -7.130e-09 -5.948e-09 -5.100e-09 -4.346e-09 -3.618e-09 -2.841e-09 -1.961e-09 -9.375e-10  2.614e-10  1.664e-09  3.295e-09  5.178e-09  7.336e-09  9.791e-09  1.256e-08  1.567e-08  1.914e-08  2.299e-08  2.724e-08  3.190e-08  3.701e-08  4.257e-08  4.860e-08  5.513e-08  6.217e-08  6.973e-08  7.783e-08  8.647e-08  9.563e-08  1.053e-07  1.154e-07  1.259e-07  1.368e-07  1.478e-07  1.589e-07  1.700e-07  1.811e-07  1.922e-07  2.037e-07  2.162e-07  2.309e-07  2.497e-07  2.755e-07  3.123e-07  3.660e-07  4.447e-07  5.595e-07  7.264e-07 	
 6.879e-09 -2.429e-08 -7.776e-09 -6.475e-09 -5.480e-09 -4.535e-09 -3.561e-09 -2.469e-09 -1.191e-09  3.261e-10  2.125e-09  4.246e-09  6.725e-09  9.597e-09  1.289e-08  1.665e-08  2.090e-08  2.567e-08  3.099e-08  3.689e-08  4.341e-08  5.058e-08  5.842e-08  6.696e-08  7.624e-08  8.628e-08  9.711e-08  1.088e-07  1.212e-07  1.345e-07  1.487e-07  1.637e-07  1.795e-07  1.959e-07  2.131e-07  2.307e-07  2.487e-07  2.671e-07  2.857e-07  3.047e-07  3.245e-07  3.458e-07  3.699e-07  3.989e-07  4.361e-07  4.860e-07  5.553e-07  6.528e-07  7.912e-07  9.881e-07 	
 6.799e-09 -2.633e-08 -8.526e-09 -7.069e-09 -5.862e-09 -4.634e-09 -3.290e-09 -1.719e-09  1.662e-10  2.436e-09  5.151e-09  8.370e-09  1.214e-08  1.652e-08  2.156e-08  2.731e-08  3.380e-08  4.110e-08  4.925e-08  5.830e-08  6.829e-08  7.927e-08  9.129e-08  1.044e-07  1.186e-07  1.340e-07  1.506e-07  1.685e-07  1.877e-07  2.081e-07  2.299e-07  2.531e-07  2.775e-07  3.031e-07  3.299e-07  3.577e-07  3.864e-07  4.159e-07  4.462e-07  4.775e-07  5.101e-07  5.450e-07  5.835e-07  6.282e-07  6.826e-07  7.520e-07  8.436e-07  9.675e-07  1.138e-06  1.374e-06 	
 6.626e-09 -2.884e-08 -9.402e-09 -7.727e-09 -6.214e-09 -4.565e-09 -2.659e-09 -3.583e-10  2.453e-09  5.872e-09  9.988e-09  1.488e-08  2.063e-08  2.732e-08  3.501e-08  4.379e-08  5.373e-08  6.489e-08  7.736e-08  9.120e-08  1.065e-07  1.233e-07  1.417e-07  1.617e-07  1.835e-07  2.071e-07  2.326e-07  2.600e-07  2.893e-07  3.207e-07  3.542e-07  3.898e-07  4.274e-07  4.670e-07  5.086e-07  5.519e-07  5.971e-07  6.438e-07  6.922e-07  7.424e-07  7.950e-07  8.508e-07  9.117e-07  9.803e-07  1.061e-06  1.159e-06  1.283e-06  1.444e-06  1.658e-06  1.948e-06 	
 6.236e-09 -3.202e-08 -1.044e-08 -8.445e-09 -6.480e-09 -4.196e-09 -1.436e-09  1.979e-09  6.207e-09  1.139e-08  1.765e-08  2.511e-08  3.389e-08  4.410e-08  5.586e-08  6.929e-08  8.448e-08  1.016e-07  1.206e-07  1.418e-07  1.652e-07  1.909e-07  2.191e-07  2.497e-07  2.831e-07  3.192e-07  3.581e-07  4.001e-07  4.451e-07  4.932e-07  5.445e-07  5.991e-07  6.569e-07  7.180e-07  7.822e-07  8.496e-07  9.199e-07  9.932e-07  1.069e-06  1.149e-06  1.232e-06  1.320e-06  1.416e-06  1.521e-06  1.641e-06  1.782e-06  1.953e-06  2.168e-06  2.443e-06  2.805e-06 	
 5.399e-09 -3.625e-08 -1.174e-08 -9.210e-09 -6.563e-09 -3.319e-09  7.428e-10  5.865e-09  1.227e-08  2.015e-08  2.970e-08  4.110e-08  5.453e-08  7.016e-08  8.816e-08  1.087e-07  1.320e-07  1.581e-07  1.873e-07  2.198e-07  2.556e-07  2.950e-07  3.381e-07  3.851e-07  4.362e-07  4.915e-07  5.512e-07  6.154e-07  6.844e-07  7.582e-07  8.369e-07  9.207e-07  1.010e-06  1.104e-06  1.203e-06  1.307e-06  1.416e-06  1.531e-06  1.650e-06  1.775e-06  1.906e-06  2.044e-06  2.192e-06  2.354e-06  2.534e-06  2.739e-06  2.981e-06  3.272e-06  3.634e-06  4.092e-06 	
 3.707e-09 -4.215e-08 -1.354e-08 -1.005e-08 -6.328e-09 -1.618e-09  4.427e-09  1.215e-08  2.187e-08  3.388e-08  4.846e-08  6.587e-08  8.639e-08  1.103e-07  1.378e-07  1.692e-07  2.048e-07  2.447e-07  2.894e-07  3.390e-07  3.937e-07  4.539e-07  5.198e-07  5.917e-07  6.698e-07  7.543e-07  8.456e-07  9.438e-07  1.049e-06  1.162e-06  1.283e-06  1.411e-06  1.547e-06  1.692e-06  1.844e-06  2.005e-06  2.173e-06  2.350e-06  2.536e-06  2.730e-06  2.934e-06  3.149e-06  3.379e-06  3.626e-06  3.896e-06  4.199e-06  4.544e-06  4.947e-06  5.430e-06  6.023e-06 	
 5.526e-10 -5.086e-08 -1.647e-08 -1.113e-08 -5.624e-09  1.388e-09  1.049e-08  2.222e-08  3.703e-08  5.537e-08  7.765e-08  1.043e-07  1.357e-07  1.722e-07  2.143e-07  2.624e-07  3.168e-07  3.779e-07  4.462e-07  5.221e-07  6.058e-07  6.979e-07  7.987e-07  9.086e-07  1.028e-06  1.157e-06  1.297e-06  1.447e-06  1.609e-06  1.781e-06  1.966e-06  2.162e-06  2.371e-06  2.592e-06  2.827e-06  3.074e-06  3.334e-06  3.607e-06  3.894e-06  4.195e-06  4.512e-06  4.846e-06  5.200e-06  5.578e-06  5.987e-06  6.435e-06  6.934e-06  7.500e-06  8.157e-06  8.935e-06 	
-4.740e-09 -6.416e-08 -2.201e-08 -1.322e-08 -4.553e-09  6.231e-09  2.018e-08  3.814e-08  6.084e-08  8.895e-08  1.231e-07  1.639e-07  2.121e-07  2.681e-07  3.327e-07  4.063e-07  4.898e-07  5.835e-07  6.882e-07  8.044e-07  9.328e-07  1.074e-06  1.229e-06  1.397e-06  1.580e-06  1.778e-06  1.992e-06  2.223e-06  2.470e-06  2.735e-06  3.018e-06  3.319e-06  3.640e-06  3.980e-06  4.340e-06  4.721e-06  5.122e-06  5.544e-06  5.989e-06  6.456e-06  6.947e-06  7.464e-06  8.011e-06  8.591e-06  9.211e-06  9.880e-06  1.061e-05  1.142e-05  1.232e-05  1.335e-05 	
-1.218e-08 -8.432e-08 -3.317e-08 -1.854e-08 -4.333e-09  1.280e-08  3.461e-08  6.245e-08  9.747e-08  1.407e-07  1.932e-07  2.559e-07  3.298e-07  4.157e-07  5.147e-07  6.276e-07  7.555e-07  8.992e-07  1.060e-06  1.238e-06  1.434e-06  1.651e-06  1.887e-06  2.146e-06  2.426e-06  2.730e-06  3.058e-06  3.410e-06  3.789e-06  4.195e-06  4.629e-06  5.091e-06  5.583e-06  6.105e-06  6.658e-06  7.243e-06  7.861e-06  8.512e-06  9.198e-06  9.919e-06  1.068e-05  1.148e-05  1.232e-05  1.321e-05  1.415e-05  1.516e-05  1.623e-05  1.739e-05  1.865e-05  2.003e-05 	
-1.873e-08 -1.123e-07 -5.430e-08 -3.181e-08 -8.828e-09  1.874e-08  5.340e-08  9.717e-08  1.518e-07  2.190e-07  3.003e-07  3.971e-07  5.110e-07  6.434e-07  7.958e-07  9.696e-07  1.166e-06  1.387e-06  1.634e-06  1.907e-06  2.210e-06  2.542e-06  2.905e-06  3.302e-06  3.732e-06  4.199e-06  4.702e-06  5.244e-06  5.826e-06  6.449e-06  7.115e-06  7.825e-06  8.581e-06  9.384e-06  1.023e-05  1.114e-05  1.209e-05  1.309e-05  1.415e-05  1.527e-05  1.645e-05  1.768e-05  1.898e-05  2.035e-05  2.179e-05  2.330e-05  2.489e-05  2.657e-05  2.834e-05  3.021e-05 	
-1.161e-08 -1.410e-07 -8.603e-08 -5.766e-08 -2.416e-08  1.825e-08  7.246e-08  1.412e-07  2.269e-07  3.319e-07  4.588e-07  6.096e-07  7.867e-07  9.923e-07  1.229e-06  1.498e-06  1.802e-06  2.144e-06  2.526e-06  2.949e-06  3.416e-06  3.929e-06  4.491e-06  5.103e-06  5.768e-06  6.488e-06  7.265e-06  8.102e-06  9.000e-06  9.962e-06  1.099e-05  1.209e-05  1.325e-05  1.449e-05  1.581e-05  1.721e-05  1.868e-05  2.024e-05  2.189e-05  2.363e-05  2.546e-05  2.738e-05  2.940e-05  3.151e-05  3.372e-05  3.601e-05  3.838e-05  4.082e-05  4.330e-05  4.581e-05 	
 4.950e-08 -1.370e-07 -1.040e-07 -8.024e-08 -4.088e-08  1.677e-08  9.563e-08  1.989e-07  3.300e-07  4.922e-07  6.890e-07  9.237e-07  1.200e-06  1.520e-06  1.889e-06  2.309e-06  2.784e-06  3.317e-06  3.912e-06  4.571e-06  5.299e-06  6.099e-06  6.973e-06  7.926e-06  8.961e-06  1.008e-05  1.129e-05  1.259e-05  1.399e-05  1.548e-05  1.708e-05  1.879e-05  2.060e-05  2.254e-05  2.459e-05  2.676e-05  2.907e-05  3.151e-05  3.408e-05  3.681e-05  3.967e-05  4.268e-05  4.583e-05  4.912e-05  5.251e-05  5.599e-05  5.952e-05  6.304e-05  6.648e-05  6.974e-05 	
 2.801e-07  5.491e-09  1.492e-09  1.063e-08  4.958e-08  1.211e-07  2.289e-07  3.775e-07  5.716e-07  8.164e-07  1.117e-06  1.479e-06  1.906e-06  2.405e-06  2.981e-06  3.640e-06  4.385e-06  5.223e-06  6.160e-06  7.200e-06  8.349e-06  9.612e-06  1.100e-05  1.250e-05  1.414e-05  1.592e-05  1.783e-05  1.990e-05  2.211e-05  2.449e-05  2.703e-05  2.975e-05  3.264e-05  3.572e-05  3.899e-05  4.246e-05  4.614e-05  5.004e-05  5.417e-05  5.852e-05  6.309e-05  6.787e-05  7.283e-05  7.795e-05  8.316e-05  8.838e-05  9.349e-05  9.834e-05  1.027e-04  1.064e-04 	
 1.004e-06  5.715e-07  5.534e-07  5.870e-07  6.706e-07  8.055e-07  9.967e-07  1.251e-06  1.575e-06  1.976e-06  2.462e-06  3.042e-06  3.722e-06  4.511e-06  5.417e-06  6.448e-06  7.611e-06  8.915e-06  1.037e-05  1.198e-05  1.375e-05  1.570e-05  1.783e-05  2.015e-05  2.267e-05  2.539e-05  2.832e-05  3.148e-05  3.486e-05  3.848e-05  4.235e-05  4.647e-05  5.085e-05  5.551e-05  6.044e-05  6.566e-05  7.118e-05  7.699e-05  8.311e-05  8.952e-05  9.622e-05  1.032e-04  1.103e-04  1.176e-04  1.250e-04  1.321e-04  1.388e-04  1.446e-04  1.489e-04  1.509e-04 	
