 9.900e-01  1.624e-01  7.493e-02  3.957e-02  2.430e-02  1.655e-02  1.204e-02  9.161e-03  7.202e-03  5.811e-03  4.787e-03  4.018e-03  3.427e-03  2.968e-03  2.604e-03  2.313e-03  2.076e-03  1.884e-03  1.724e-03  1.592e-03  1.482e-03  1.389e-03  1.310e-03  1.244e-03  1.186e-03  1.137e-03  1.094e-03  1.057e-03  1.025e-03  9.959e-04  9.689e-04  9.418e-04  9.148e-04  8.849e-04  8.510e-04  8.132e-04  7.713e-04  7.263e-04  6.830e-04  6.501e-04  6.420e-04  6.824e-04  8.051e-04  1.061e-03  1.523e-03  2.291e-03  3.509e-03  5.375e-03  8.182e-03  1.237e-02 	
 4.420e-01  1.000e-08  1.000e-08  1.000e-08  1.000e-08  1.000e-08  1.000e-08  1.000e-08  1.000e-08  1.000e-08  1.000e-08  1.000e-08  1.000e-08  1.000e-08  1.000e-08  1.000e-08  1.000e-08  1.000e-08  1.000e-08  1.000e-08  1.000e-08  1.000e-08  1.000e-08  1.000e-08  1.000e-08  1.000e-08  1.000e-08  1.000e-08  1.000e-08  1.000e-08  1.000e-08  1.000e-08  1.000e-08  1.000e-08  1.000e-08  1.000e-08  1.000e-08  1.000e-08  1.000e-08  1.000e-08  1.000e-08  1.000e-08  1.000e-08  1.000e-08  1.000e-08  1.000e-08  3.510e-04  1.455e-03  3.137e-03  5.637e-03 	
 1.193e-01  1.000e-08  1.000e-08  1.000e-08  1.000e-08  1.000e-08  1.000e-08  1.000e-08  1.000e-08  1.000e-08  1.000e-08  1.000e-08  1.000e-08  1.000e-08  1.000e-08  1.000e-08  1.000e-08  1.000e-08  1.000e-08  1.000e-08  1.000e-08  1.000e-08  1.000e-08  1.000e-08  1.000e-08  1.000e-08  1.000e-08  1.340e-05  4.697e-05  7.632e-05  1.011e-04  1.207e-04  1.341e-04  1.398e-04  1.364e-04  1.223e-04  9.602e-05  5.714e-05  6.515e-06  1.000e-08  1.000e-08  1.000e-08  1.000e-08  1.000e-08  1.000e-08  2.481e-04  7.313e-04  1.518e-03  2.735e-03  4.565e-03 	
 4.190e-02  1.000e-08  1.000e-08  1.000e-08  1.000e-08  1.000e-08  1.000e-08  1.000e-08  1.000e-08  1.000e-08  1.000e-08  1.000e-08  1.000e-08  1.000e-08  1.000e-08  1.000e-08  1.000e-08  1.000e-08  1.000e-08  1.000e-08  3.666e-05  9.303e-05  1.438e-04  1.900e-04  2.321e-04  2.706e-04  3.064e-04  3.390e-04  3.694e-04  3.970e-04  4.217e-04  4.427e-04  4.593e-04  4.705e-04  4.749e-04  4.713e-04  4.586e-04  4.359e-04  4.043e-04  3.662e-04  3.266e-04  2.957e-04  2.878e-04  3.253e-04  4.391e-04  6.714e-04  1.079e-03  1.740e-03  2.760e-03  4.297e-03 	
 2.279e-02  1.000e-08  1.000e-08  1.000e-08  1.000e-08  1.000e-08  1.000e-08  1.000e-08  1.000e-08  1.000e-08  1.000e-08  1.000e-08  1.000e-08  1.000e-08  1.000e-08  1.000e-08  2.040e-05  1.044e-04  1.794e-04  2.470e-04  3.083e-04  3.645e-04  4.164e-04  4.644e-04  5.095e-04  5.518e-04  5.918e-04  6.299e-04  6.662e-04  7.005e-04  7.327e-04  7.622e-04  7.886e-04  8.107e-04  8.276e-04  8.382e-04  8.414e-04  8.368e-04  8.249e-04  8.076e-04  7.897e-04  7.796e-04  7.902e-04  8.409e-04  9.587e-04  1.183e-03  1.563e-03  2.172e-03  3.102e-03  4.498e-03 	
 1.645e-02  1.000e-08  1.000e-08  1.000e-08  1.000e-08  1.000e-08  1.000e-08  1.000e-08  1.000e-08  1.000e-08  1.000e-08  1.000e-08  1.000e-08  1.000e-08  9.046e-05  2.002e-04  2.981e-04  3.861e-04  4.666e-04  5.397e-04  6.078e-04  6.713e-04  7.313e-04  7.878e-04  8.422e-04  8.943e-04  9.452e-04  9.948e-04  1.043e-03  1.091e-03  1.137e-03  1.182e-03  1.225e-03  1.265e-03  1.301e-03  1.333e-03  1.359e-03  1.377e-03  1.392e-03  1.403e-03  1.413e-03  1.431e-03  1.469e-03  1.545e-03  1.687e-03  1.926e-03  2.315e-03  2.921e-03  3.833e-03  5.184e-03 	
 1.286e-02  1.000e-08  1.000e-08  1.000e-08  1.000e-08  1.000e-08  1.000e-08  1.000e-08  1.000e-08  1.000e-08  1.000e-08  1.000e-08  1.170e-04  2.666e-04  3.995e-04  5.185e-04  6.261e-04  7.252e-04  8.163e-04  9.016e-04  9.824e-04  1.059e-03  1.134e-03  1.205e-03  1.276e-03  1.346e-03  1.416e-03  1.486e-03  1.556e-03  1.626e-03  1.697e-03  1.769e-03  1.840e-03  1.908e-03  1.977e-03  2.043e-03  2.106e-03  2.164e-03  2.219e-03  2.271e-03  2.327e-03  2.390e-03  2.476e-03  2.601e-03  2.788e-03  3.075e-03  3.512e-03  4.164e-03  5.122e-03  6.523e-03 	
 1.002e-02  1.000e-08  1.000e-08  1.000e-08  1.000e-08  1.000e-08  1.000e-08  1.000e-08  1.000e-08  1.000e-08  6.965e-05  2.808e-04  4.658e-04  6.304e-04  7.782e-04  9.127e-04  1.037e-03  1.153e-03  1.263e-03  1.367e-03  1.469e-03  1.569e-03  1.667e-03  1.765e-03  1.864e-03  1.964e-03  2.067e-03  2.172e-03  2.279e-03  2.390e-03  2.505e-03  2.621e-03  2.740e-03  2.863e-03  2.986e-03  3.110e-03  3.235e-03  3.359e-03  3.481e-03  3.606e-03  3.739e-03  3.882e-03  4.048e-03  4.260e-03  4.538e-03  4.922e-03  5.463e-03  6.222e-03  7.306e-03  8.840e-03 	
 7.514e-03  1.000e-08  1.000e-08  1.000e-08  1.000e-08  1.000e-08  1.000e-08  1.000e-08  1.000e-08  1.947e-04  4.618e-04  6.953e-04  9.020e-04  1.089e-03  1.259e-03  1.418e-03  1.567e-03  1.711e-03  1.850e-03  1.987e-03  2.125e-03  2.262e-03  2.402e-03  2.546e-03  2.694e-03  2.846e-03  3.006e-03  3.173e-03  3.346e-03  3.528e-03  3.719e-03  3.916e-03  4.121e-03  4.336e-03  4.558e-03  4.783e-03  5.017e-03  5.256e-03  5.499e-03  5.755e-03  6.015e-03  6.302e-03  6.611e-03  6.980e-03  7.421e-03  7.983e-03  8.710e-03  9.676e-03  1.099e-02  1.279e-02 	
 5.243e-03  1.000e-08  1.000e-08  1.000e-08  1.000e-08  1.000e-08  1.000e-08  1.000e-08  3.172e-04  6.630e-04  9.622e-04  1.227e-03  1.465e-03  1.684e-03  1.890e-03  2.086e-03  2.278e-03  2.467e-03  2.657e-03  2.850e-03  3.048e-03  3.252e-03  3.467e-03  3.691e-03  3.925e-03  4.173e-03  4.432e-03  4.707e-03  5.001e-03  5.309e-03  5.632e-03  5.975e-03  6.337e-03  6.715e-03  7.104e-03  7.512e-03  7.939e-03  8.383e-03  8.843e-03  9.318e-03  9.824e-03  1.035e-02  1.093e-02  1.157e-02  1.230e-02  1.317e-02  1.423e-02  1.555e-02  1.725e-02  1.947e-02 	
 3.102e-03  1.000e-08  1.000e-08  1.000e-08  1.000e-08  1.000e-08  1.000e-08  4.253e-04  8.853e-04  1.277e-03  1.621e-03  1.931e-03  2.217e-03  2.489e-03  2.753e-03  3.014e-03  3.277e-03  3.547e-03  3.825e-03  4.118e-03  4.421e-03  4.746e-03  5.092e-03  5.459e-03  5.847e-03  6.262e-03  6.705e-03  7.182e-03  7.681e-03  8.215e-03  8.777e-03  9.379e-03  1.001e-02  1.068e-02  1.137e-02  1.212e-02  1.289e-02  1.369e-02  1.453e-02  1.540e-02  1.633e-02  1.730e-02  1.833e-02  1.945e-02  2.069e-02  2.208e-02  2.369e-02  2.559e-02  2.790e-02  3.077e-02 	
 1.010e-03  1.000e-08  1.000e-08  1.000e-08  1.000e-08  1.000e-08  4.899e-04  1.123e-03  1.650e-03  2.108e-03  2.518e-03  2.901e-03  3.268e-03  3.628e-03  3.992e-03  4.367e-03  4.758e-03  5.169e-03  5.610e-03  6.076e-03  6.577e-03  7.113e-03  7.692e-03  8.318e-03  8.981e-03  9.701e-03  1.047e-02  1.129e-02  1.216e-02  1.310e-02  1.409e-02  1.515e-02  1.626e-02  1.745e-02  1.869e-02  2.000e-02  2.137e-02  2.281e-02  2.431e-02  2.589e-02  2.753e-02  2.926e-02  3.109e-02  3.304e-02  3.512e-02  3.737e-02  3.988e-02  4.270e-02  4.592e-02  4.971e-02 	
 1.000e-08  1.000e-08  1.000e-08  1.000e-08  1.000e-08  4.402e-04  1.348e-03  2.081e-03  2.705e-03  3.261e-03  3.782e-03  4.285e-03  4.790e-03  5.308e-03  5.852e-03  6.430e-03  7.051e-03  7.715e-03  8.445e-03  9.229e-03  1.008e-02  1.100e-02  1.199e-02  1.308e-02  1.424e-02  1.549e-02  1.684e-02  1.827e-02  1.982e-02  2.146e-02  2.320e-02  2.505e-02  2.701e-02  2.908e-02  3.126e-02  3.356e-02  3.596e-02  3.847e-02  4.112e-02  4.384e-02  4.672e-02  4.973e-02  5.285e-02  5.615e-02  5.959e-02  6.320e-02  6.710e-02  7.122e-02  7.574e-02  8.068e-02 	
 1.000e-08  1.000e-08  1.000e-08  1.000e-08  1.154e-04  1.483e-03  2.538e-03  3.411e-03  4.181e-03  4.898e-03  5.601e-03  6.317e-03  7.066e-03  7.867e-03  8.726e-03  9.667e-03  1.071e-02  1.183e-02  1.307e-02  1.442e-02  1.589e-02  1.750e-02  1.925e-02  2.113e-02  2.318e-02  2.537e-02  2.772e-02  3.023e-02  3.292e-02  3.577e-02  3.880e-02  4.200e-02  4.537e-02  4.892e-02  5.267e-02  5.660e-02  6.068e-02  6.493e-02  6.941e-02  7.399e-02  7.878e-02  8.372e-02  8.887e-02  9.418e-02  9.963e-02  1.052e-01  1.110e-01  1.169e-01  1.231e-01  1.293e-01 	
 1.000e-08  1.000e-08  1.000e-08  1.000e-08  1.346e-03  2.926e-03  4.178e-03  5.260e-03  6.263e-03  7.254e-03  8.279e-03  9.371e-03  1.056e-02  1.186e-02  1.330e-02  1.490e-02  1.666e-02  1.861e-02  2.075e-02  2.311e-02  2.570e-02  2.850e-02  3.154e-02  3.484e-02  3.837e-02  4.215e-02  4.620e-02  5.056e-02  5.514e-02  5.995e-02  6.505e-02  7.044e-02  7.607e-02  8.195e-02  8.809e-02  9.449e-02  1.011e-01  1.079e-01  1.150e-01  1.223e-01  1.297e-01  1.374e-01  1.452e-01  1.531e-01  1.612e-01  1.693e-01  1.773e-01  1.853e-01  1.930e-01  2.003e-01 	
 1.000e-08  1.000e-08  1.000e-08  5.522e-04  3.035e-03  4.888e-03  6.429e-03  7.845e-03  9.247e-03  1.072e-02  1.231e-02  1.408e-02  1.604e-02  1.824e-02  2.071e-02  2.346e-02  2.652e-02  2.991e-02  3.364e-02  3.772e-02  4.219e-02  4.701e-02  5.226e-02  5.785e-02  6.384e-02  7.020e-02  7.697e-02  8.409e-02  9.161e-02  9.945e-02  1.076e-01  1.162e-01  1.251e-01  1.342e-01  1.436e-01  1.533e-01  1.631e-01  1.732e-01  1.836e-01  1.940e-01  2.046e-01  2.153e-01  2.260e-01  2.368e-01  2.474e-01  2.579e-01  2.680e-01  2.775e-01  2.863e-01  2.941e-01 	
 1.000e-08  1.000e-08  1.000e-08  2.440e-03  5.302e-03  7.548e-03  9.549e-03  1.153e-02  1.362e-02  1.593e-02  1.854e-02  2.149e-02  2.483e-02  2.861e-02  3.287e-02  3.763e-02  4.291e-02  4.873e-02  5.513e-02  6.209e-02  6.957e-02  7.765e-02  8.626e-02  9.540e-02  1.051e-01  1.153e-01  1.259e-01  1.369e-01  1.484e-01  1.602e-01  1.724e-01  1.848e-01  1.975e-01  2.103e-01  2.234e-01  2.365e-01  2.498e-01  2.631e-01  2.764e-01  2.897e-01  3.029e-01  3.160e-01  3.288e-01  3.415e-01  3.537e-01  3.655e-01  3.765e-01  3.865e-01  3.952e-01  4.021e-01 	
 1.000e-08  1.000e-08  1.826e-04  4.962e-03  8.345e-03  1.120e-02  1.399e-02  1.694e-02  2.027e-02  2.406e-02  2.844e-02  3.347e-02  3.919e-02  4.568e-02  5.297e-02  6.102e-02  6.994e-02  7.965e-02  9.023e-02  1.015e-01  1.136e-01  1.263e-01  1.397e-01  1.536e-01  1.681e-01  1.831e-01  1.983e-01  2.139e-01  2.296e-01  2.456e-01  2.616e-01  2.777e-01  2.938e-01  3.096e-01  3.254e-01  3.410e-01  3.564e-01  3.714e-01  3.862e-01  4.007e-01  4.148e-01  4.285e-01  4.417e-01  4.543e-01  4.663e-01  4.775e-01  4.876e-01  4.969e-01  5.041e-01  5.095e-01 	
 1.000e-08  1.000e-08  2.820e-03  8.325e-03  1.250e-02  1.640e-02  2.053e-02  2.521e-02  3.068e-02  3.707e-02  4.450e-02  5.305e-02  6.275e-02  7.366e-02  8.572e-02  9.897e-02  1.133e-01  1.287e-01  1.450e-01  1.621e-01  1.800e-01  1.984e-01  2.173e-01  2.365e-01  2.559e-01  2.753e-01  2.948e-01  3.141e-01  3.331e-01  3.517e-01  3.700e-01  3.879e-01  4.053e-01  4.219e-01  4.386e-01  4.538e-01  4.692e-01  4.835e-01  4.977e-01  5.110e-01  5.237e-01  5.358e-01  5.471e-01  5.581e-01  5.682e-01  5.773e-01  5.852e-01  5.923e-01  5.979e-01  6.012e-01 	
 1.000e-08  1.000e-08  6.366e-03  1.291e-02  1.840e-02  2.408e-02  3.057e-02  3.828e-02  4.741e-02  5.820e-02  7.066e-02  8.484e-02  1.007e-01  1.183e-01  1.373e-01  1.576e-01  1.790e-01  2.014e-01  2.244e-01  2.478e-01  2.714e-01  2.951e-01  3.186e-01  3.416e-01  3.642e-01  3.860e-01  4.072e-01  4.276e-01  4.470e-01  4.656e-01  4.837e-01  5.002e-01  5.161e-01  5.314e-01  5.453e-01  5.589e-01  5.713e-01  5.833e-01  5.942e-01  6.045e-01  6.144e-01  6.239e-01  6.326e-01  6.405e-01  6.479e-01  6.542e-01  6.601e-01  6.647e-01  6.682e-01  6.704e-01 	
 1.000e-08  1.000e-08  1.121e-02  1.937e-02  2.711e-02  3.589e-02  4.646e-02  5.922e-02  7.451e-02  9.222e-02  1.124e-01  1.349e-01  1.594e-01  1.856e-01  2.131e-01  2.414e-01  2.702e-01  2.991e-01  3.277e-01  3.557e-01  3.829e-01  4.090e-01  4.340e-01  4.573e-01  4.797e-01  5.008e-01  5.200e-01  5.384e-01  5.552e-01  5.708e-01  5.854e-01  5.985e-01  6.110e-01  6.222e-01  6.329e-01  6.429e-01  6.516e-01  6.599e-01  6.677e-01  6.751e-01  6.818e-01  6.876e-01  6.934e-01  6.988e-01  7.033e-01  7.079e-01  7.113e-01  7.142e-01  7.163e-01  7.173e-01 	
 1.000e-08  3.713e-04  1.800e-02  2.881e-02  4.039e-02  5.445e-02  7.179e-02  9.274e-02  1.174e-01  1.452e-01  1.760e-01  2.090e-01  2.436e-01  2.788e-01  3.142e-01  3.490e-01  3.827e-01  4.149e-01  4.454e-01  4.740e-01  5.000e-01  5.247e-01  5.467e-01  5.671e-01  5.855e-01  6.025e-01  6.173e-01  6.309e-01  6.430e-01  6.544e-01  6.644e-01  6.735e-01  6.818e-01  6.892e-01  6.959e-01  7.025e-01  7.079e-01  7.132e-01  7.178e-01  7.222e-01  7.264e-01  7.301e-01  7.337e-01  7.366e-01  7.395e-01  7.424e-01  7.441e-01  7.458e-01  7.471e-01  7.472e-01 	
 1.000e-08  7.574e-03  2.777e-02  4.300e-02  6.103e-02  8.376e-02  1.117e-01  1.447e-01  1.821e-01  2.228e-01  2.656e-01  3.090e-01  3.520e-01  3.936e-01  4.330e-01  4.696e-01  5.032e-01  5.335e-01  5.609e-01  5.852e-01  6.067e-01  6.254e-01  6.422e-01  6.567e-01  6.695e-01  6.809e-01  6.906e-01  6.994e-01  7.066e-01  7.136e-01  7.195e-01  7.248e-01  7.297e-01  7.342e-01  7.375e-01  7.412e-01  7.444e-01  7.473e-01  7.501e-01  7.522e-01  7.545e-01  7.566e-01  7.586e-01  7.606e-01  7.622e-01  7.634e-01  7.643e-01  7.651e-01  7.656e-01  7.660e-01 	
 1.000e-08  1.776e-02  4.213e-02  6.462e-02  9.313e-02  1.290e-01  1.720e-01  2.206e-01  2.727e-01  3.262e-01  3.787e-01  4.287e-01  4.748e-01  5.167e-01  5.540e-01  5.863e-01  6.144e-01  6.382e-01  6.585e-01  6.757e-01  6.905e-01  7.022e-01  7.128e-01  7.214e-01  7.290e-01  7.349e-01  7.403e-01  7.449e-01  7.490e-01  7.523e-01  7.551e-01  7.579e-01  7.599e-01  7.619e-01  7.639e-01  7.654e-01  7.666e-01  7.681e-01  7.697e-01  7.709e-01  7.720e-01  7.727e-01  7.735e-01  7.751e-01  7.758e-01  7.766e-01  7.766e-01  7.774e-01  7.774e-01  7.771e-01 	
 7.377e-04  3.220e-02  6.342e-02  9.759e-02  1.418e-01  1.960e-01  2.573e-01  3.224e-01  3.871e-01  4.484e-01  5.043e-01  5.532e-01  5.953e-01  6.307e-01  6.598e-01  6.842e-01  7.031e-01  7.187e-01  7.315e-01  7.411e-01  7.494e-01  7.554e-01  7.605e-01  7.643e-01  7.672e-01  7.701e-01  7.721e-01  7.737e-01  7.752e-01  7.763e-01  7.770e-01  7.781e-01  7.788e-01  7.791e-01  7.798e-01  7.801e-01  7.807e-01  7.811e-01  7.818e-01  7.817e-01  7.824e-01  7.827e-01  7.834e-01  7.837e-01  7.841e-01  7.844e-01  7.844e-01  7.848e-01  7.848e-01  7.844e-01 	
 1.452e-02  5.261e-02  9.484e-02  1.467e-01  2.124e-01  2.880e-01  3.672e-01  4.441e-01  5.137e-01  5.741e-01  6.247e-01  6.655e-01  6.977e-01  7.224e-01  7.417e-01  7.561e-01  7.665e-01  7.745e-01  7.803e-01  7.842e-01  7.868e-01  7.889e-01  7.901e-01  7.905e-01  7.912e-01  7.914e-01  7.917e-01  7.912e-01  7.910e-01  7.904e-01  7.902e-01  7.900e-01  7.898e-01  7.896e-01  7.894e-01  7.893e-01  7.891e-01  7.894e-01  7.889e-01  7.891e-01  7.890e-01  7.889e-01  7.892e-01  7.895e-01  7.895e-01  7.898e-01  7.897e-01  7.897e-01  7.897e-01  7.893e-01 	
 3.402e-02  8.124e-02  1.407e-01  2.168e-01  3.074e-01  4.028e-01  4.929e-01  5.716e-01  6.361e-01  6.869e-01  7.256e-01  7.537e-01  7.740e-01  7.883e-01  7.975e-01  8.040e-01  8.076e-01  8.099e-01  8.108e-01  8.108e-01  8.103e-01  8.093e-01  8.079e-01  8.069e-01  8.055e-01  8.040e-01  8.029e-01  8.019e-01  8.008e-01  7.997e-01  7.987e-01  7.976e-01  7.966e-01  7.960e-01  7.954e-01  7.952e-01  7.947e-01  7.945e-01  7.939e-01  7.938e-01  7.932e-01  7.935e-01  7.934e-01  7.933e-01  7.932e-01  7.931e-01  7.935e-01  7.930e-01  7.926e-01  7.926e-01 	
 6.010e-02  1.210e-01  2.050e-01  3.103e-01  4.237e-01  5.295e-01  6.183e-01  6.878e-01  7.388e-01  7.748e-01  7.992e-01  8.155e-01  8.253e-01  8.306e-01  8.335e-01  8.341e-01  8.329e-01  8.311e-01  8.289e-01  8.263e-01  8.240e-01  8.216e-01  8.189e-01  8.165e-01  8.142e-01  8.118e-01  8.099e-01  8.084e-01  8.069e-01  8.053e-01  8.035e-01  8.024e-01  8.013e-01  8.007e-01  7.993e-01  7.987e-01  7.985e-01  7.975e-01  7.973e-01  7.968e-01  7.962e-01  7.965e-01  7.960e-01  7.959e-01  7.958e-01  7.957e-01  7.956e-01  7.956e-01  7.951e-01  7.951e-01 	
 9.355e-02  1.752e-01  2.911e-01  4.241e-01  5.497e-01  6.522e-01  7.281e-01  7.806e-01  8.151e-01  8.364e-01  8.487e-01  8.554e-01  8.575e-01  8.568e-01  8.547e-01  8.513e-01  8.482e-01  8.438e-01  8.402e-01  8.362e-01  8.321e-01  8.288e-01  8.256e-01  8.223e-01  8.196e-01  8.167e-01  8.148e-01  8.124e-01  8.108e-01  8.085e-01  8.070e-01  8.059e-01  8.044e-01  8.034e-01  8.023e-01  8.017e-01  8.007e-01  8.005e-01  7.995e-01  7.990e-01  7.988e-01  7.987e-01  7.982e-01  7.981e-01  7.980e-01  7.979e-01  7.978e-01  7.974e-01  7.977e-01  7.969e-01 	
 1.355e-01  2.472e-01  3.978e-01  5.481e-01  6.700e-01  7.560e-01  8.124e-01  8.466e-01  8.660e-01  8.756e-01  8.795e-01  8.789e-01  8.764e-01  8.721e-01  8.673e-01  8.619e-01  8.566e-01  8.513e-01  8.467e-01  8.422e-01  8.376e-01  8.335e-01  8.294e-01  8.261e-01  8.232e-01  8.200e-01  8.176e-01  8.151e-01  8.132e-01  8.113e-01  8.098e-01  8.082e-01  8.068e-01  8.057e-01  8.046e-01  8.036e-01  8.030e-01  8.020e-01  8.015e-01  8.013e-01  8.007e-01  8.002e-01  8.001e-01  7.995e-01  7.995e-01  7.994e-01  7.993e-01  7.996e-01  7.992e-01  7.987e-01 	
 1.875e-01  3.387e-01  5.178e-01  6.678e-01  7.703e-01  8.337e-01  8.703e-01  8.888e-01  8.974e-01  8.995e-01  8.971e-01  8.927e-01  8.874e-01  8.808e-01  8.745e-01  8.683e-01  8.616e-01  8.561e-01  8.502e-01  8.452e-01  8.406e-01  8.360e-01  8.323e-01  8.286e-01  8.257e-01  8.228e-01  8.196e-01  8.176e-01  8.152e-01  8.133e-01  8.117e-01  8.102e-01  8.083e-01  8.077e-01  8.062e-01  8.056e-01  8.046e-01  8.039e-01  8.034e-01  8.028e-01  8.023e-01  8.021e-01  8.016e-01  8.015e-01  8.014e-01  8.013e-01  8.008e-01  8.007e-01  8.007e-01  8.003e-01 	
 2.521e-01  4.476e-01  6.373e-01  7.689e-01  8.455e-01  8.869e-01  9.064e-01  9.150e-01  9.157e-01  9.132e-01  9.074e-01  9.008e-01  8.932e-01  8.860e-01  8.788e-01  8.716e-01  8.652e-01  8.589e-01  8.534e-01  8.479e-01  8.433e-01  8.386e-01  8.345e-01  8.307e-01  8.270e-01  8.241e-01  8.216e-01  8.188e-01  8.168e-01  8.148e-01  8.129e-01  8.118e-01  8.099e-01  8.088e-01  8.078e-01  8.072e-01  8.062e-01  8.051e-01  8.050e-01  8.044e-01  8.039e-01  8.033e-01  8.028e-01  8.027e-01  8.026e-01  8.025e-01  8.024e-01  8.023e-01  8.018e-01  8.018e-01 	
 3.318e-01  5.652e-01  7.430e-01  8.442e-01  8.955e-01  9.192e-01  9.283e-01  9.299e-01  9.264e-01  9.205e-01  9.133e-01  9.053e-01  8.976e-01  8.894e-01  8.813e-01  8.740e-01  8.672e-01  8.608e-01  8.549e-01  8.493e-01  8.442e-01  8.400e-01  8.358e-01  8.320e-01  8.287e-01  8.258e-01  8.229e-01  8.205e-01  8.181e-01  8.161e-01  8.145e-01  8.131e-01  8.115e-01  8.101e-01  8.090e-01  8.084e-01  8.074e-01  8.064e-01  8.062e-01  8.056e-01  8.051e-01  8.045e-01  8.044e-01  8.039e-01  8.038e-01  8.037e-01  8.036e-01  8.035e-01  8.035e-01  8.031e-01 	
 4.271e-01  6.788e-01  8.261e-01  8.962e-01  9.267e-01  9.381e-01  9.405e-01  9.374e-01  9.325e-01  9.248e-01  9.166e-01  9.080e-01  8.994e-01  8.912e-01  8.830e-01  8.756e-01  8.687e-01  8.623e-01  8.559e-01  8.508e-01  8.457e-01  8.414e-01  8.372e-01  8.334e-01  8.300e-01  8.267e-01  8.243e-01  8.218e-01  8.194e-01  8.174e-01  8.154e-01  8.144e-01  8.129e-01  8.114e-01  8.103e-01  8.093e-01  8.083e-01  8.081e-01  8.071e-01  8.065e-01  8.060e-01  8.059e-01  8.053e-01  8.052e-01  8.051e-01  8.050e-01  8.049e-01  8.049e-01  8.049e-01  8.044e-01 	
 5.357e-01  7.756e-01  8.853e-01  9.287e-01  9.448e-01  9.486e-01  9.473e-01  9.423e-01  9.354e-01  9.272e-01  9.185e-01  9.094e-01  9.007e-01  8.925e-01  8.842e-01  8.768e-01  8.699e-01  8.635e-01  8.574e-01  8.519e-01  8.471e-01  8.424e-01  8.382e-01  8.348e-01  8.310e-01  8.277e-01  8.252e-01  8.232e-01  8.203e-01  8.188e-01  8.168e-01  8.149e-01  8.138e-01  8.123e-01  8.117e-01  8.106e-01  8.096e-01  8.091e-01  8.084e-01  8.079e-01  8.073e-01  8.072e-01  8.066e-01  8.066e-01  8.065e-01  8.064e-01  8.059e-01  8.058e-01  8.062e-01  8.057e-01 	
 6.494e-01  8.493e-01  9.235e-01  9.478e-01  9.544e-01  9.550e-01  9.508e-01  9.448e-01  9.370e-01  9.283e-01  9.195e-01  9.108e-01  9.016e-01  8.933e-01  8.855e-01  8.777e-01  8.707e-01  8.646e-01  8.581e-01  8.530e-01  8.478e-01  8.431e-01  8.392e-01  8.354e-01  8.321e-01  8.291e-01  8.263e-01  8.238e-01  8.214e-01  8.198e-01  8.178e-01  8.163e-01  8.148e-01  8.138e-01  8.126e-01  8.116e-01  8.106e-01  8.100e-01  8.095e-01  8.093e-01  8.087e-01  8.082e-01  8.081e-01  8.075e-01  8.074e-01  8.073e-01  8.073e-01  8.073e-01  8.068e-01  8.072e-01 	
 7.548e-01  9.001e-01  9.462e-01  9.580e-01  9.599e-01  9.576e-01  9.530e-01  9.460e-01  9.381e-01  9.294e-01  9.206e-01  9.118e-01  9.026e-01  8.938e-01  8.859e-01  8.785e-01  8.715e-01  8.650e-01  8.589e-01  8.537e-01  8.490e-01  8.442e-01  8.399e-01  8.365e-01  8.327e-01  8.302e-01  8.273e-01  8.248e-01  8.224e-01  8.204e-01  8.189e-01  8.174e-01  8.163e-01  8.148e-01  8.137e-01  8.127e-01  8.121e-01  8.110e-01  8.105e-01  8.099e-01  8.098e-01  8.093e-01  8.092e-01  8.086e-01  8.085e-01  8.084e-01  8.079e-01  8.083e-01  8.082e-01  8.082e-01 	
 8.413e-01  9.329e-01  9.594e-01  9.636e-01  9.622e-01  9.593e-01  9.537e-01  9.467e-01  9.393e-01  9.300e-01  9.212e-01  9.119e-01  9.031e-01  8.948e-01  8.864e-01  8.794e-01  8.724e-01  8.658e-01  8.597e-01  8.545e-01  8.493e-01  8.450e-01  8.411e-01  8.372e-01  8.339e-01  8.309e-01  8.280e-01  8.260e-01  8.235e-01  8.220e-01  8.200e-01  8.180e-01  8.169e-01  8.159e-01  8.148e-01  8.138e-01  8.128e-01  8.121e-01  8.116e-01  8.110e-01  8.109e-01  8.103e-01  8.102e-01  8.097e-01  8.096e-01  8.091e-01  8.095e-01  8.094e-01  8.089e-01  8.093e-01 	
 9.037e-01  9.526e-01  9.664e-01  9.658e-01  9.639e-01  9.601e-01  9.545e-01  9.475e-01  9.391e-01  9.307e-01  9.218e-01  9.126e-01  9.037e-01  8.948e-01  8.873e-01  8.798e-01  8.728e-01  8.662e-01  8.605e-01  8.553e-01  8.505e-01  8.457e-01  8.414e-01  8.380e-01  8.346e-01  8.321e-01  8.292e-01  8.267e-01  8.247e-01  8.227e-01  8.207e-01  8.191e-01  8.181e-01  8.166e-01  8.156e-01  8.149e-01  8.139e-01  8.133e-01  8.127e-01  8.122e-01  8.116e-01  8.110e-01  8.110e-01  8.109e-01  8.108e-01  8.103e-01  8.102e-01  8.101e-01  8.101e-01  8.100e-01 	
 9.437e-01  9.635e-01  9.696e-01  9.671e-01  9.643e-01  9.605e-01  9.548e-01  9.478e-01  9.394e-01  9.309e-01  9.216e-01  9.127e-01  9.038e-01  8.959e-01  8.878e-01  8.808e-01  8.737e-01  8.671e-01  8.614e-01  8.561e-01  8.509e-01  8.466e-01  8.426e-01  8.388e-01  8.354e-01  8.329e-01  8.299e-01  8.275e-01  8.254e-01  8.234e-01  8.215e-01  8.203e-01  8.188e-01  8.173e-01  8.163e-01  8.152e-01  8.147e-01  8.140e-01  8.135e-01  8.129e-01  8.128e-01  8.122e-01  8.118e-01  8.117e-01  8.116e-01  8.115e-01  8.114e-01  8.109e-01  8.113e-01  8.108e-01 	
 9.672e-01  9.701e-01  9.709e-01  9.675e-01  9.646e-01  9.608e-01  9.552e-01  9.481e-01  9.401e-01  9.312e-01  9.223e-01  9.134e-01  9.049e-01  8.964e-01  8.884e-01  8.809e-01  8.738e-01  8.675e-01  8.618e-01  8.565e-01  8.517e-01  8.474e-01  8.431e-01  8.401e-01  8.362e-01  8.333e-01  8.307e-01  8.283e-01  8.263e-01  8.242e-01  8.227e-01  8.212e-01  8.197e-01  8.181e-01  8.175e-01  8.164e-01  8.159e-01  8.148e-01  8.143e-01  8.137e-01  8.136e-01  8.130e-01  8.129e-01  8.125e-01  8.124e-01  8.123e-01  8.122e-01  8.122e-01  8.121e-01  8.121e-01 	
 9.792e-01  9.729e-01  9.718e-01  9.684e-01  9.655e-01  9.612e-01  9.555e-01  9.484e-01  9.399e-01  9.315e-01  9.225e-01  9.140e-01  9.046e-01  8.970e-01  8.890e-01  8.814e-01  8.747e-01  8.681e-01  8.628e-01  8.575e-01  8.522e-01  8.478e-01  8.444e-01  8.405e-01  8.371e-01  8.345e-01  8.316e-01  8.291e-01  8.266e-01  8.250e-01  8.235e-01  8.215e-01  8.205e-01  8.190e-01  8.183e-01  8.173e-01  8.167e-01  8.161e-01  8.151e-01  8.150e-01  8.144e-01  8.139e-01  8.134e-01  8.133e-01  8.132e-01  8.131e-01  8.131e-01  8.130e-01  8.129e-01  8.129e-01 	
 9.851e-01  9.743e-01  9.722e-01  9.683e-01  9.649e-01  9.611e-01  9.554e-01  9.488e-01  9.402e-01  9.317e-01  9.232e-01  9.142e-01  9.057e-01  8.972e-01  8.896e-01  8.820e-01  8.753e-01  8.690e-01  8.633e-01  8.580e-01  8.531e-01  8.488e-01  8.448e-01  8.414e-01  8.380e-01  8.350e-01  8.325e-01  8.300e-01  8.275e-01  8.255e-01  8.244e-01  8.229e-01  8.213e-01  8.203e-01  8.187e-01  8.182e-01  8.171e-01  8.166e-01  8.160e-01  8.154e-01  8.153e-01  8.148e-01  8.143e-01  8.142e-01  8.141e-01  8.140e-01  8.135e-01  8.139e-01  8.138e-01  8.138e-01 	
 9.880e-01  9.751e-01  9.721e-01  9.682e-01  9.653e-01  9.615e-01  9.553e-01  9.486e-01  9.406e-01  9.320e-01  9.230e-01  9.145e-01  9.059e-01  8.974e-01  8.897e-01  8.826e-01  8.758e-01  8.696e-01  8.638e-01  8.585e-01  8.541e-01  8.497e-01  8.453e-01  8.419e-01  8.388e-01  8.359e-01  8.329e-01  8.305e-01  8.288e-01  8.268e-01  8.248e-01  8.233e-01  8.218e-01  8.207e-01  8.197e-01  8.186e-01  8.181e-01  8.175e-01  8.169e-01  8.163e-01  8.158e-01  8.153e-01  8.152e-01  8.151e-01  8.150e-01  8.145e-01  8.144e-01  8.148e-01  8.143e-01  8.147e-01 	
 9.884e-01  9.746e-01  9.720e-01  9.681e-01  9.657e-01  9.614e-01  9.557e-01  9.490e-01  9.404e-01  9.323e-01  9.238e-01  9.148e-01  9.062e-01  8.980e-01  8.904e-01  8.832e-01  8.764e-01  8.697e-01  8.644e-01  8.591e-01  8.546e-01  8.502e-01  8.463e-01  8.424e-01  8.393e-01  8.364e-01  8.339e-01  8.314e-01  8.289e-01  8.273e-01  8.258e-01  8.242e-01  8.227e-01  8.217e-01  8.206e-01  8.195e-01  8.190e-01  8.184e-01  8.174e-01  8.169e-01  8.163e-01  8.162e-01  8.161e-01  8.156e-01  8.155e-01  8.154e-01  8.150e-01  8.154e-01  8.153e-01  8.153e-01 	
 9.894e-01  9.745e-01  9.719e-01  9.685e-01  9.651e-01  9.618e-01  9.556e-01  9.489e-01  9.408e-01  9.327e-01  9.241e-01  9.150e-01  9.069e-01  8.983e-01  8.906e-01  8.838e-01  8.766e-01  8.708e-01  8.650e-01  8.596e-01  8.547e-01  8.507e-01  8.468e-01  8.434e-01  8.399e-01  8.370e-01  8.344e-01  8.324e-01  8.299e-01  8.279e-01  8.263e-01  8.248e-01  8.232e-01  8.222e-01  8.211e-01  8.201e-01  8.195e-01  8.189e-01  8.184e-01  8.174e-01  8.173e-01  8.167e-01  8.166e-01  8.161e-01  8.161e-01  8.160e-01  8.160e-01  8.159e-01  8.163e-01  8.163e-01 	
 9.898e-01  9.744e-01  9.719e-01  9.684e-01  9.656e-01  9.612e-01  9.555e-01  9.488e-01  9.411e-01  9.325e-01  9.239e-01  9.153e-01  9.067e-01  8.985e-01  8.908e-01  8.840e-01  8.777e-01  8.714e-01  8.655e-01  8.607e-01  8.558e-01  8.514e-01  8.474e-01  8.435e-01  8.409e-01  8.379e-01  8.349e-01  8.329e-01  8.304e-01  8.284e-01  8.269e-01  8.253e-01  8.238e-01  8.227e-01  8.217e-01  8.211e-01  8.200e-01  8.195e-01  8.185e-01  8.184e-01  8.178e-01  8.177e-01  8.168e-01  8.167e-01  8.171e-01  8.166e-01  8.165e-01  8.169e-01  8.164e-01  8.168e-01 	
 9.912e-01  9.744e-01  9.713e-01  9.684e-01  9.650e-01  9.612e-01  9.559e-01  9.492e-01  9.410e-01  9.329e-01  9.238e-01  9.151e-01  9.069e-01  8.992e-01  8.915e-01  8.842e-01  8.779e-01  8.716e-01  8.662e-01  8.608e-01  8.564e-01  8.520e-01  8.480e-01  8.441e-01  8.415e-01  8.385e-01  8.355e-01  8.335e-01  8.310e-01  8.294e-01  8.274e-01  8.259e-01  8.248e-01  8.238e-01  8.227e-01  8.216e-01  8.207e-01  8.201e-01  8.195e-01  8.189e-01  8.184e-01  8.179e-01  8.178e-01  8.173e-01  8.172e-01  8.167e-01  8.171e-01  8.175e-01  8.174e-01  8.178e-01 	
 9.980e-01  9.767e-01  9.717e-01  9.688e-01  9.654e-01  9.611e-01  9.558e-01  9.486e-01  9.414e-01  9.328e-01  9.241e-01  9.159e-01  9.072e-01  8.990e-01  8.917e-01  8.845e-01  8.781e-01  8.718e-01  8.664e-01  8.610e-01  8.561e-01  8.522e-01  8.486e-01  8.447e-01  8.417e-01  8.387e-01  8.357e-01  8.337e-01  8.311e-01  8.296e-01  8.276e-01  8.260e-01  8.250e-01  8.239e-01  8.228e-01  8.214e-01  8.208e-01  8.202e-01  8.196e-01  8.187e-01  8.186e-01  8.181e-01  8.175e-01  8.174e-01  8.174e-01  8.173e-01  8.177e-01  8.176e-01  8.180e-01  8.189e-01 	
 9.900e-01  9.839e-01  9.770e-01  9.721e-01  9.678e-01  9.634e-01  9.576e-01  9.509e-01  9.427e-01  9.340e-01  9.258e-01  9.171e-01  9.089e-01  9.011e-01  8.934e-01  8.865e-01  8.797e-01  8.738e-01  8.680e-01  8.630e-01  8.581e-01  8.546e-01  8.506e-01  8.466e-01  8.436e-01  8.406e-01  8.381e-01  8.356e-01  8.336e-01  8.315e-01  8.300e-01  8.284e-01  8.265e-01  8.254e-01  8.244e-01  8.238e-01  8.228e-01  8.217e-01  8.217e-01  8.211e-01  8.206e-01  8.200e-01  8.195e-01  8.194e-01  8.198e-01  8.197e-01  8.201e-01  8.206e-01  8.219e-01  8.232e-01 	
