 2.380e-01  1.852e-01  1.506e-01  1.117e-01  8.400e-02  6.796e-02  5.942e-02  5.301e-02  4.728e-02  4.187e-02  3.686e-02  3.253e-02  2.868e-02  2.549e-02  2.282e-02  2.073e-02  1.884e-02  1.723e-02  1.576e-02  1.428e-02  1.316e-02  1.172e-02  9.951e-03  8.248e-03  6.723e-03  5.562e-03  4.556e-03  3.642e-03  2.864e-03  2.187e-03  1.561e-03  1.063e-03  7.132e-04  5.158e-04  3.857e-04  3.086e-04  2.519e-04  2.127e-04  1.816e-04  1.628e-04  1.463e-04  1.368e-04  1.322e-04  1.255e-04  1.154e-04  9.703e-05  8.127e-05  6.777e-05  5.628e-05  4.435e-05 	
 3.045e-01  2.359e-01  1.911e-01  1.417e-01  1.069e-01  8.685e-02  7.606e-02  6.778e-02  6.028e-02  5.320e-02  4.670e-02  4.109e-02  3.611e-02  3.199e-02  2.854e-02  2.582e-02  2.338e-02  2.130e-02  1.943e-02  1.756e-02  1.614e-02  1.435e-02  1.218e-02  1.010e-02  8.237e-03  6.817e-03  5.584e-03  4.466e-03  3.515e-03  2.687e-03  1.922e-03  1.315e-03  8.872e-04  6.468e-04  4.883e-04  3.948e-04  3.260e-04  2.786e-04  2.410e-04  2.192e-04  2.002e-04  1.888e-04  1.823e-04  1.732e-04  1.596e-04  1.328e-04  1.102e-04  9.118e-05  7.519e-05  5.961e-05 	
 4.003e-01  3.079e-01  2.479e-01  1.837e-01  1.390e-01  1.134e-01  9.948e-02  8.852e-02  7.843e-02  6.892e-02  6.028e-02  5.284e-02  4.626e-02  4.079e-02  3.621e-02  3.257e-02  2.935e-02  2.662e-02  2.417e-02  2.178e-02  1.995e-02  1.770e-02  1.501e-02  1.245e-02  1.016e-02  8.411e-03  6.890e-03  5.515e-03  4.345e-03  3.327e-03  2.387e-03  1.641e-03  1.117e-03  8.230e-04  6.291e-04  5.154e-04  4.318e-04  3.742e-04  3.288e-04  3.041e-04  2.828e-04  2.691e-04  2.596e-04  2.471e-04  2.281e-04  1.877e-04  1.543e-04  1.265e-04  1.035e-04  8.260e-05 	
 5.469e-01  4.160e-01  3.318e-01  2.454e-01  1.859e-01  1.522e-01  1.336e-01  1.186e-01  1.046e-01  9.152e-02  7.969e-02  6.952e-02  6.059e-02  5.311e-02  4.685e-02  4.183e-02  3.744e-02  3.373e-02  3.046e-02  2.733e-02  2.489e-02  2.202e-02  1.866e-02  1.547e-02  1.264e-02  1.047e-02  8.580e-03  6.875e-03  5.425e-03  4.161e-03  2.998e-03  2.076e-03  1.428e-03  1.067e-03  8.284e-04  6.895e-04  5.875e-04  5.176e-04  4.627e-04  4.355e-04  4.126e-04  3.965e-04  3.822e-04  3.644e-04  3.372e-04  2.745e-04  2.233e-04  1.813e-04  1.471e-04  1.183e-04 	
 7.862e-01  5.888e-01  4.633e-01  3.412e-01  2.579e-01  2.109e-01  1.848e-01  1.637e-01  1.438e-01  1.251e-01  1.084e-01  9.405e-02  8.154e-02  7.101e-02  6.214e-02  5.496e-02  4.877e-02  4.357e-02  3.904e-02  3.482e-02  3.150e-02  2.774e-02  2.348e-02  1.947e-02  1.593e-02  1.320e-02  1.082e-02  8.679e-03  6.863e-03  5.276e-03  3.821e-03  2.670e-03  1.863e-03  1.415e-03  1.119e-03  9.485e-04  8.233e-04  7.381e-04  6.717e-04  6.434e-04  6.207e-04  6.019e-04  5.804e-04  5.546e-04  5.147e-04  4.147e-04  3.340e-04  2.688e-04  2.162e-04  1.752e-04 	
 1.199e+00  8.826e-01  6.825e-01  4.990e-01  3.742e-01  3.035e-01  2.642e-01  2.330e-01  2.037e-01  1.763e-01  1.521e-01  1.313e-01  1.133e-01  9.793e-02  8.496e-02  7.431e-02  6.524e-02  5.767e-02  5.117e-02  4.528e-02  4.058e-02  3.553e-02  3.001e-02  2.488e-02  2.040e-02  1.691e-02  1.386e-02  1.114e-02  8.830e-03  6.808e-03  4.963e-03  3.507e-03  2.487e-03  1.926e-03  1.554e-03  1.344e-03  1.188e-03  1.084e-03  1.003e-03  9.772e-04  9.581e-04  9.373e-04  9.048e-04  8.673e-04  8.076e-04  6.448e-04  5.148e-04  4.110e-04  3.280e-04  2.677e-04 	
 1.917e+00  1.401e+00  1.068e+00  7.755e-01  5.732e-01  4.564e-01  3.912e-01  3.419e-01  2.973e-01  2.560e-01  2.200e-01  1.892e-01  1.625e-01  1.397e-01  1.201e-01  1.039e-01  9.010e-02  7.866e-02  6.896e-02  6.042e-02  5.352e-02  4.648e-02  3.916e-02  3.245e-02  2.665e-02  2.211e-02  1.812e-02  1.459e-02  1.160e-02  8.974e-03  6.591e-03  4.719e-03  3.408e-03  2.694e-03  2.220e-03  1.956e-03  1.762e-03  1.633e-03  1.535e-03  1.516e-03  1.507e-03  1.486e-03  1.439e-03  1.385e-03  1.295e-03  1.026e-03  8.137e-04  6.453e-04  5.117e-04  4.201e-04 	
 2.982e+00  2.271e+00  1.749e+00  1.278e+00  9.321e-01  7.226e-01  6.026e-01  5.173e-01  4.453e-01  3.811e-01  3.262e-01  2.798e-01  2.400e-01  2.054e-01  1.756e-01  1.502e-01  1.288e-01  1.109e-01  9.593e-02  8.309e-02  7.258e-02  6.241e-02  5.237e-02  4.334e-02  3.567e-02  2.960e-02  2.424e-02  1.956e-02  1.560e-02  1.212e-02  8.974e-03  6.515e-03  4.795e-03  3.867e-03  3.251e-03  2.915e-03  2.667e-03  2.506e-03  2.385e-03  2.384e-03  2.396e-03  2.381e-03  2.315e-03  2.240e-03  2.106e-03  1.660e-03  1.309e-03  1.033e-03  8.155e-04  6.727e-04 	
 3.882e+00  3.336e+00  2.770e+00  2.141e+00  1.583e+00  1.204e+00  9.720e-01  8.113e-01  6.854e-01  5.797e-01  4.926e-01  4.211e-01  3.610e-01  3.089e-01  2.635e-01  2.239e-01  1.901e-01  1.618e-01  1.380e-01  1.181e-01  1.015e-01  8.626e-02  7.199e-02  5.945e-02  4.900e-02  4.067e-02  3.328e-02  2.689e-02  2.152e-02  1.677e-02  1.252e-02  9.216e-03  6.904e-03  5.670e-03  4.848e-03  4.409e-03  4.086e-03  3.880e-03  3.728e-03  3.761e-03  3.814e-03  3.817e-03  3.735e-03  3.642e-03  3.447e-03  2.708e-03  2.130e-03  1.675e-03  1.318e-03  1.091e-03 	
 3.906e+00  3.835e+00  3.629e+00  3.193e+00  2.575e+00  2.021e+00  1.618e+00  1.322e+00  1.092e+00  9.058e-01  7.579e-01  6.413e-01  5.471e-01  4.681e-01  3.999e-01  3.394e-01  2.871e-01  2.423e-01  2.043e-01  1.729e-01  1.465e-01  1.228e-01  1.017e-01  8.372e-02  6.904e-02  5.728e-02  4.680e-02  3.786e-02  3.037e-02  2.375e-02  1.786e-02  1.330e-02  1.011e-02  8.423e-03  7.292e-03  6.702e-03  6.266e-03  5.995e-03  5.800e-03  5.891e-03  6.010e-03  6.060e-03  5.986e-03  5.894e-03  5.630e-03  4.419e-03  3.472e-03  2.728e-03  2.144e-03  1.780e-03 	
 3.482e+00  3.554e+00  3.654e+00  3.650e+00  3.399e+00  2.981e+00  2.541e+00  2.134e+00  1.772e+00  1.458e+00  1.201e+00  9.976e-01  8.379e-01  7.107e-01  6.060e-01  5.153e-01  4.362e-01  3.675e-01  3.078e-01  2.587e-01  2.165e-01  1.791e-01  1.472e-01  1.206e-01  9.931e-02  8.231e-02  6.713e-02  5.431e-02  4.364e-02  3.419e-02  2.585e-02  1.942e-02  1.491e-02  1.254e-02  1.094e-02  1.012e-02  9.506e-03  9.136e-03  8.875e-03  9.052e-03  9.272e-03  9.421e-03  9.422e-03  9.396e-03  9.083e-03  7.142e-03  5.619e-03  4.421e-03  3.479e-03  2.892e-03 	
 3.414e+00  3.262e+00  3.276e+00  3.360e+00  3.413e+00  3.369e+00  3.220e+00  2.976e+00  2.653e+00  2.286e+00  1.918e+00  1.591e+00  1.318e+00  1.099e+00  9.237e-01  7.805e-01  6.595e-01  5.561e-01  4.652e-01  3.898e-01  3.242e-01  2.654e-01  2.163e-01  1.761e-01  1.446e-01  1.197e-01  9.735e-02  7.871e-02  6.328e-02  4.962e-02  3.763e-02  2.840e-02  2.192e-02  1.851e-02  1.618e-02  1.499e-02  1.410e-02  1.357e-02  1.320e-02  1.349e-02  1.384e-02  1.417e-02  1.439e-02  1.457e-02  1.429e-02  1.130e-02  8.935e-03  7.060e-03  5.575e-03  4.641e-03 	
 3.530e+00  3.401e+00  3.244e+00  3.109e+00  3.068e+00  3.113e+00  3.184e+00  3.221e+00  3.179e+00  3.025e+00  2.760e+00  2.424e+00  2.066e+00  1.733e+00  1.445e+00  1.205e+00  1.007e+00  8.425e-01  7.021e-01  5.864e-01  4.867e-01  3.958e-01  3.200e-01  2.587e-01  2.114e-01  1.743e-01  1.414e-01  1.141e-01  9.166e-02  7.186e-02  5.452e-02  4.119e-02  3.179e-02  2.679e-02  2.335e-02  2.156e-02  2.022e-02  1.943e-02  1.887e-02  1.927e-02  1.976e-02  2.037e-02  2.103e-02  2.167e-02  2.163e-02  1.728e-02  1.379e-02  1.098e-02  8.731e-03  7.276e-03 	
 3.289e+00  3.289e+00  3.326e+00  3.256e+00  3.063e+00  2.922e+00  2.906e+00  2.971e+00  3.066e+00  3.142e+00  3.149e+00  3.055e+00  2.847e+00  2.555e+00  2.220e+00  1.886e+00  1.577e+00  1.309e+00  1.081e+00  8.929e-01  7.368e-01  5.956e-01  4.773e-01  3.823e-01  3.095e-01  2.535e-01  2.047e-01  1.646e-01  1.318e-01  1.032e-01  7.814e-02  5.889e-02  4.525e-02  3.783e-02  3.269e-02  2.994e-02  2.789e-02  2.665e-02  2.576e-02  2.620e-02  2.677e-02  2.774e-02  2.911e-02  3.049e-02  3.097e-02  2.516e-02  2.036e-02  1.642e-02  1.320e-02  1.102e-02 	
 3.286e+00  3.182e+00  3.120e+00  3.126e+00  3.123e+00  3.047e+00  2.937e+00  2.856e+00  2.841e+00  2.890e+00  2.978e+00  3.066e+00  3.107e+00  3.067e+00  2.924e+00  2.686e+00  2.375e+00  2.037e+00  1.704e+00  1.405e+00  1.151e+00  9.241e-01  7.321e-01  5.785e-01  4.610e-01  3.724e-01  2.981e-01  2.376e-01  1.889e-01  1.473e-01  1.111e-01  8.330e-02  6.347e-02  5.235e-02  4.461e-02  4.028e-02  3.706e-02  3.507e-02  3.360e-02  3.391e-02  3.440e-02  3.570e-02  3.793e-02  4.026e-02  4.148e-02  3.445e-02  2.842e-02  2.331e-02  1.903e-02  1.592e-02 	
 3.137e+00  3.096e+00  3.115e+00  3.056e+00  2.948e+00  2.920e+00  2.944e+00  2.947e+00  2.904e+00  2.840e+00  2.804e+00  2.827e+00  2.900e+00  2.992e+00  3.064e+00  3.076e+00  2.993e+00  2.804e+00  2.520e+00  2.179e+00  1.833e+00  1.489e+00  1.179e+00  9.218e-01  7.209e-01  5.703e-01  4.489e-01  3.522e-01  2.762e-01  2.133e-01  1.598e-01  1.188e-01  8.949e-02  7.238e-02  6.042e-02  5.339e-02  4.817e-02  4.483e-02  4.234e-02  4.217e-02  4.228e-02  4.372e-02  4.673e-02  4.993e-02  5.188e-02  4.414e-02  3.722e-02  3.115e-02  2.590e-02  2.176e-02 	
 3.054e+00  3.035e+00  2.996e+00  2.960e+00  2.941e+00  2.878e+00  2.816e+00  2.814e+00  2.858e+00  2.895e+00  2.883e+00  2.830e+00  2.782e+00  2.782e+00  2.839e+00  2.932e+00  3.023e+00  3.074e+00  3.043e+00  2.899e+00  2.655e+00  2.313e+00  1.916e+00  1.530e+00  1.197e+00  9.337e-01  7.225e-01  5.560e-01  4.274e-01  3.249e-01  2.408e-01  1.770e-01  1.314e-01  1.036e-01  8.408e-02  7.200e-02  6.312e-02  5.721e-02  5.282e-02  5.146e-02  5.067e-02  5.184e-02  5.526e-02  5.897e-02  6.134e-02  5.327e-02  4.585e-02  3.915e-02  3.319e-02  2.802e-02 	
 2.975e+00  2.944e+00  2.914e+00  2.912e+00  2.848e+00  2.787e+00  2.789e+00  2.790e+00  2.769e+00  2.763e+00  2.796e+00  2.842e+00  2.856e+00  2.825e+00  2.777e+00  2.762e+00  2.797e+00  2.879e+00  2.979e+00  3.055e+00  3.073e+00  2.980e+00  2.741e+00  2.385e+00  1.973e+00  1.582e+00  1.236e+00  9.463e-01  7.175e-01  5.373e-01  3.935e-01  2.858e-01  2.089e-01  1.599e-01  1.255e-01  1.032e-01  8.700e-02  7.588e-02  6.766e-02  6.372e-02  6.099e-02  6.106e-02  6.419e-02  6.780e-02  7.008e-02  6.167e-02  5.387e-02  4.674e-02  4.029e-02  3.416e-02 	
 2.893e+00  2.865e+00  2.845e+00  2.838e+00  2.773e+00  2.743e+00  2.722e+00  2.701e+00  2.717e+00  2.744e+00  2.741e+00  2.727e+00  2.744e+00  2.791e+00  2.829e+00  2.828e+00  2.790e+00  2.758e+00  2.768e+00  2.829e+00  2.930e+00  3.027e+00  3.063e+00  2.989e+00  2.773e+00  2.445e+00  2.050e+00  1.640e+00  1.270e+00  9.572e-01  7.017e-01  5.071e-01  3.665e-01  2.732e-01  2.076e-01  1.635e-01  1.316e-01  1.094e-01  9.310e-02  8.349e-02  7.660e-02  7.391e-02  7.545e-02  7.796e-02  7.938e-02  7.013e-02  6.168e-02  5.399e-02  4.703e-02  3.999e-02 	
 2.820e+00  2.793e+00  2.777e+00  2.768e+00  2.714e+00  2.683e+00  2.654e+00  2.651e+00  2.666e+00  2.664e+00  2.670e+00  2.699e+00  2.712e+00  2.703e+00  2.710e+00  2.753e+00  2.805e+00  2.829e+00  2.807e+00  2.762e+00  2.750e+00  2.785e+00  2.861e+00  2.951e+00  2.999e+00  2.962e+00  2.800e+00  2.502e+00  2.112e+00  1.693e+00  1.292e+00  9.544e-01  6.944e-01  5.112e-01  3.799e-01  2.887e-01  2.231e-01  1.766e-01  1.428e-01  1.208e-01  1.048e-01  9.578e-02  9.307e-02  9.252e-02  9.164e-02  8.045e-02  7.056e-02  6.178e-02  5.397e-02  4.584e-02 	
 2.749e+00  2.722e+00  2.718e+00  2.702e+00  2.660e+00  2.625e+00  2.600e+00  2.598e+00  2.604e+00  2.607e+00  2.625e+00  2.634e+00  2.634e+00  2.658e+00  2.687e+00  2.694e+00  2.694e+00  2.723e+00  2.779e+00  2.821e+00  2.822e+00  2.777e+00  2.722e+00  2.715e+00  2.766e+00  2.853e+00  2.926e+00  2.923e+00  2.798e+00  2.535e+00  2.152e+00  1.720e+00  1.316e+00  9.901e-01  7.379e-01  5.530e-01  4.167e-01  3.183e-01  2.466e-01  1.973e-01  1.614e-01  1.383e-01  1.256e-01  1.178e-01  1.116e-01  9.616e-02  8.315e-02  7.206e-02  6.252e-02  5.274e-02 	
 2.683e+00  2.661e+00  2.655e+00  2.645e+00  2.610e+00  2.570e+00  2.553e+00  2.546e+00  2.552e+00  2.556e+00  2.570e+00  2.574e+00  2.587e+00  2.606e+00  2.611e+00  2.630e+00  2.666e+00  2.689e+00  2.690e+00  2.701e+00  2.751e+00  2.807e+00  2.814e+00  2.758e+00  2.678e+00  2.645e+00  2.679e+00  2.756e+00  2.834e+00  2.857e+00  2.763e+00  2.523e+00  2.167e+00  1.771e+00  1.393e+00  1.072e+00  8.131e-01  6.151e-01  4.662e-01  3.591e-01  2.805e-01  2.264e-01  1.915e-01  1.674e-01  1.491e-01  1.245e-01  1.048e-01  8.879e-02  7.561e-02  6.284e-02 	
 2.620e+00  2.603e+00  2.600e+00  2.591e+00  2.559e+00  2.526e+00  2.505e+00  2.499e+00  2.504e+00  2.508e+00  2.519e+00  2.524e+00  2.536e+00  2.548e+00  2.558e+00  2.585e+00  2.602e+00  2.614e+00  2.647e+00  2.680e+00  2.691e+00  2.689e+00  2.709e+00  2.753e+00  2.768e+00  2.727e+00  2.648e+00  2.587e+00  2.590e+00  2.651e+00  2.724e+00  2.753e+00  2.686e+00  2.502e+00  2.210e+00  1.861e+00  1.503e+00  1.178e+00  9.061e-01  6.934e-01  5.305e-01  4.122e-01  3.297e-01  2.702e-01  2.257e-01  1.813e-01  1.471e-01  1.204e-01  9.939e-02  8.063e-02 	
 2.562e+00  2.550e+00  2.548e+00  2.543e+00  2.514e+00  2.482e+00  2.464e+00  2.457e+00  2.458e+00  2.466e+00  2.471e+00  2.479e+00  2.487e+00  2.499e+00  2.510e+00  2.532e+00  2.545e+00  2.568e+00  2.595e+00  2.604e+00  2.629e+00  2.668e+00  2.678e+00  2.654e+00  2.646e+00  2.682e+00  2.717e+00  2.695e+00  2.614e+00  2.533e+00  2.500e+00  2.530e+00  2.592e+00  2.639e+00  2.618e+00  2.498e+00  2.272e+00  1.966e+00  1.626e+00  1.301e+00  1.017e+00  7.890e-01  6.164e-01  4.854e-01  3.860e-01  2.999e-01  2.346e-01  1.850e-01  1.471e-01  1.158e-01 	
 2.507e+00  2.499e+00  2.499e+00  2.497e+00  2.472e+00  2.443e+00  2.425e+00  2.418e+00  2.419e+00  2.424e+00  2.430e+00  2.437e+00  2.443e+00  2.455e+00  2.465e+00  2.483e+00  2.497e+00  2.519e+00  2.538e+00  2.553e+00  2.585e+00  2.602e+00  2.603e+00  2.624e+00  2.636e+00  2.614e+00  2.594e+00  2.613e+00  2.650e+00  2.647e+00  2.571e+00  2.467e+00  2.407e+00  2.420e+00  2.480e+00  2.544e+00  2.563e+00  2.498e+00  2.330e+00  2.071e+00  1.757e+00  1.439e+00  1.154e+00  9.107e-01  7.130e-01  5.468e-01  4.186e-01  3.210e-01  2.474e-01  1.892e-01 	
 2.455e+00  2.451e+00  2.454e+00  2.455e+00  2.433e+00  2.406e+00  2.389e+00  2.382e+00  2.383e+00  2.387e+00  2.392e+00  2.398e+00  2.405e+00  2.413e+00  2.424e+00  2.438e+00  2.453e+00  2.471e+00  2.490e+00  2.506e+00  2.532e+00  2.545e+00  2.562e+00  2.574e+00  2.560e+00  2.567e+00  2.591e+00  2.578e+00  2.543e+00  2.540e+00  2.568e+00  2.571e+00  2.509e+00  2.414e+00  2.346e+00  2.344e+00  2.395e+00  2.466e+00  2.511e+00  2.491e+00  2.377e+00  2.173e+00  1.904e+00  1.600e+00  1.300e+00  1.023e+00  7.899e-01  6.032e-01  4.584e-01  3.449e-01 	
 2.407e+00  2.407e+00  2.412e+00  2.415e+00  2.397e+00  2.373e+00  2.356e+00  2.350e+00  2.350e+00  2.354e+00  2.358e+00  2.363e+00  2.369e+00  2.376e+00  2.386e+00  2.399e+00  2.413e+00  2.428e+00  2.446e+00  2.460e+00  2.484e+00  2.499e+00  2.514e+00  2.518e+00  2.516e+00  2.531e+00  2.524e+00  2.516e+00  2.533e+00  2.533e+00  2.489e+00  2.457e+00  2.469e+00  2.487e+00  2.459e+00  2.388e+00  2.318e+00  2.296e+00  2.330e+00  2.397e+00  2.458e+00  2.478e+00  2.426e+00  2.276e+00  2.040e+00  1.743e+00  1.429e+00  1.133e+00  8.778e-01  6.653e-01 	
 2.362e+00  2.366e+00  2.372e+00  2.377e+00  2.363e+00  2.342e+00  2.327e+00  2.320e+00  2.320e+00  2.323e+00  2.327e+00  2.331e+00  2.336e+00  2.343e+00  2.351e+00  2.363e+00  2.376e+00  2.390e+00  2.405e+00  2.421e+00  2.439e+00  2.457e+00  2.468e+00  2.473e+00  2.474e+00  2.481e+00  2.476e+00  2.485e+00  2.484e+00  2.464e+00  2.465e+00  2.465e+00  2.425e+00  2.385e+00  2.390e+00  2.419e+00  2.422e+00  2.377e+00  2.309e+00  2.270e+00  2.282e+00  2.341e+00  2.417e+00  2.466e+00  2.452e+00  2.351e+00  2.152e+00  1.876e+00  1.563e+00  1.247e+00 	
 2.321e+00  2.327e+00  2.334e+00  2.342e+00  2.332e+00  2.313e+00  2.299e+00  2.293e+00  2.292e+00  2.295e+00  2.298e+00  2.302e+00  2.306e+00  2.312e+00  2.320e+00  2.331e+00  2.342e+00  2.355e+00  2.369e+00  2.382e+00  2.400e+00  2.417e+00  2.426e+00  2.434e+00  2.432e+00  2.438e+00  2.437e+00  2.443e+00  2.435e+00  2.432e+00  2.432e+00  2.402e+00  2.385e+00  2.392e+00  2.376e+00  2.342e+00  2.336e+00  2.365e+00  2.388e+00  2.369e+00  2.312e+00  2.264e+00  2.261e+00  2.304e+00  2.374e+00  2.439e+00  2.460e+00  2.402e+00  2.246e+00  1.992e+00 	
 2.282e+00  2.291e+00  2.299e+00  2.309e+00  2.302e+00  2.286e+00  2.273e+00  2.267e+00  2.267e+00  2.269e+00  2.272e+00  2.276e+00  2.279e+00  2.285e+00  2.292e+00  2.301e+00  2.311e+00  2.323e+00  2.336e+00  2.349e+00  2.365e+00  2.380e+00  2.390e+00  2.395e+00  2.396e+00  2.399e+00  2.400e+00  2.403e+00  2.398e+00  2.396e+00  2.388e+00  2.367e+00  2.363e+00  2.345e+00  2.325e+00  2.335e+00  2.341e+00  2.318e+00  2.301e+00  2.320e+00  2.352e+00  2.361e+00  2.331e+00  2.281e+00  2.254e+00  2.272e+00  2.331e+00  2.402e+00  2.448e+00  2.423e+00 	
 2.247e+00  2.257e+00  2.267e+00  2.278e+00  2.274e+00  2.261e+00  2.249e+00  2.244e+00  2.243e+00  2.246e+00  2.248e+00  2.252e+00  2.255e+00  2.260e+00  2.266e+00  2.274e+00  2.284e+00  2.295e+00  2.307e+00  2.318e+00  2.333e+00  2.347e+00  2.356e+00  2.361e+00  2.362e+00  2.364e+00  2.368e+00  2.365e+00  2.365e+00  2.360e+00  2.353e+00  2.336e+00  2.328e+00  2.307e+00  2.305e+00  2.304e+00  2.288e+00  2.292e+00  2.309e+00  2.302e+00  2.281e+00  2.288e+00  2.327e+00  2.355e+00  2.344e+00  2.298e+00  2.254e+00  2.248e+00  2.289e+00  2.354e+00 	
 2.215e+00  2.226e+00  2.237e+00  2.249e+00  2.248e+00  2.237e+00  2.227e+00  2.222e+00  2.222e+00  2.224e+00  2.226e+00  2.229e+00  2.232e+00  2.237e+00  2.242e+00  2.250e+00  2.259e+00  2.269e+00  2.280e+00  2.290e+00  2.304e+00  2.317e+00  2.326e+00  2.331e+00  2.331e+00  2.333e+00  2.335e+00  2.336e+00  2.332e+00  2.329e+00  2.322e+00  2.306e+00  2.296e+00  2.279e+00  2.276e+00  2.269e+00  2.263e+00  2.272e+00  2.265e+00  2.261e+00  2.278e+00  2.290e+00  2.280e+00  2.277e+00  2.302e+00  2.338e+00  2.348e+00  2.315e+00  2.263e+00  2.230e+00 	
 2.187e+00  2.198e+00  2.209e+00  2.222e+00  2.224e+00  2.215e+00  2.207e+00  2.202e+00  2.202e+00  2.204e+00  2.206e+00  2.209e+00  2.212e+00  2.216e+00  2.221e+00  2.228e+00  2.236e+00  2.245e+00  2.255e+00  2.265e+00  2.278e+00  2.290e+00  2.298e+00  2.303e+00  2.304e+00  2.305e+00  2.307e+00  2.307e+00  2.305e+00  2.301e+00  2.292e+00  2.281e+00  2.266e+00  2.255e+00  2.247e+00  2.242e+00  2.238e+00  2.242e+00  2.235e+00  2.244e+00  2.248e+00  2.244e+00  2.260e+00  2.282e+00  2.282e+00  2.270e+00  2.280e+00  2.315e+00  2.341e+00  2.321e+00 	
 2.161e+00  2.173e+00  2.183e+00  2.197e+00  2.200e+00  2.195e+00  2.187e+00  2.184e+00  2.183e+00  2.185e+00  2.188e+00  2.190e+00  2.193e+00  2.196e+00  2.201e+00  2.208e+00  2.215e+00  2.223e+00  2.233e+00  2.242e+00  2.254e+00  2.265e+00  2.273e+00  2.278e+00  2.279e+00  2.280e+00  2.282e+00  2.282e+00  2.279e+00  2.276e+00  2.267e+00  2.255e+00  2.242e+00  2.231e+00  2.221e+00  2.219e+00  2.213e+00  2.216e+00  2.212e+00  2.218e+00  2.217e+00  2.222e+00  2.240e+00  2.242e+00  2.245e+00  2.267e+00  2.280e+00  2.268e+00  2.263e+00  2.284e+00 	
 2.139e+00  2.150e+00  2.160e+00  2.174e+00  2.179e+00  2.175e+00  2.169e+00  2.166e+00  2.166e+00  2.168e+00  2.170e+00  2.173e+00  2.175e+00  2.179e+00  2.183e+00  2.189e+00  2.196e+00  2.203e+00  2.212e+00  2.221e+00  2.232e+00  2.243e+00  2.250e+00  2.255e+00  2.256e+00  2.257e+00  2.259e+00  2.259e+00  2.256e+00  2.253e+00  2.245e+00  2.233e+00  2.220e+00  2.210e+00  2.201e+00  2.195e+00  2.193e+00  2.191e+00  2.191e+00  2.193e+00  2.194e+00  2.199e+00  2.211e+00  2.214e+00  2.228e+00  2.237e+00  2.235e+00  2.249e+00  2.270e+00  2.263e+00 	
 2.119e+00  2.130e+00  2.140e+00  2.152e+00  2.159e+00  2.157e+00  2.153e+00  2.150e+00  2.150e+00  2.152e+00  2.154e+00  2.157e+00  2.159e+00  2.162e+00  2.166e+00  2.172e+00  2.178e+00  2.185e+00  2.193e+00  2.201e+00  2.211e+00  2.222e+00  2.229e+00  2.234e+00  2.235e+00  2.237e+00  2.239e+00  2.238e+00  2.236e+00  2.233e+00  2.226e+00  2.214e+00  2.201e+00  2.191e+00  2.182e+00  2.177e+00  2.173e+00  2.171e+00  2.171e+00  2.171e+00  2.174e+00  2.177e+00  2.187e+00  2.192e+00  2.203e+00  2.208e+00  2.215e+00  2.229e+00  2.229e+00  2.229e+00 	
 2.103e+00  2.112e+00  2.121e+00  2.133e+00  2.140e+00  2.140e+00  2.137e+00  2.135e+00  2.135e+00  2.137e+00  2.140e+00  2.142e+00  2.144e+00  2.147e+00  2.151e+00  2.156e+00  2.162e+00  2.168e+00  2.176e+00  2.183e+00  2.193e+00  2.203e+00  2.210e+00  2.215e+00  2.217e+00  2.218e+00  2.220e+00  2.220e+00  2.218e+00  2.215e+00  2.208e+00  2.197e+00  2.184e+00  2.174e+00  2.165e+00  2.160e+00  2.156e+00  2.153e+00  2.153e+00  2.153e+00  2.153e+00  2.158e+00  2.165e+00  2.171e+00  2.179e+00  2.185e+00  2.192e+00  2.201e+00  2.203e+00  2.213e+00 	
 2.088e+00  2.096e+00  2.104e+00  2.116e+00  2.123e+00  2.125e+00  2.123e+00  2.121e+00  2.122e+00  2.124e+00  2.126e+00  2.128e+00  2.131e+00  2.133e+00  2.137e+00  2.142e+00  2.147e+00  2.153e+00  2.160e+00  2.167e+00  2.176e+00  2.185e+00  2.193e+00  2.198e+00  2.199e+00  2.201e+00  2.203e+00  2.203e+00  2.201e+00  2.198e+00  2.192e+00  2.182e+00  2.169e+00  2.159e+00  2.151e+00  2.145e+00  2.141e+00  2.138e+00  2.137e+00  2.137e+00  2.137e+00  2.140e+00  2.146e+00  2.153e+00  2.157e+00  2.165e+00  2.170e+00  2.178e+00  2.181e+00  2.189e+00 	
 2.076e+00  2.083e+00  2.090e+00  2.100e+00  2.108e+00  2.110e+00  2.109e+00  2.108e+00  2.109e+00  2.111e+00  2.113e+00  2.116e+00  2.118e+00  2.121e+00  2.124e+00  2.128e+00  2.133e+00  2.139e+00  2.145e+00  2.152e+00  2.160e+00  2.169e+00  2.176e+00  2.181e+00  2.183e+00  2.185e+00  2.187e+00  2.188e+00  2.186e+00  2.184e+00  2.178e+00  2.168e+00  2.156e+00  2.146e+00  2.138e+00  2.132e+00  2.128e+00  2.125e+00  2.123e+00  2.122e+00  2.122e+00  2.125e+00  2.130e+00  2.135e+00  2.140e+00  2.145e+00  2.151e+00  2.157e+00  2.162e+00  2.166e+00 	
 2.065e+00  2.071e+00  2.078e+00  2.086e+00  2.094e+00  2.097e+00  2.097e+00  2.097e+00  2.097e+00  2.100e+00  2.102e+00  2.104e+00  2.106e+00  2.109e+00  2.112e+00  2.116e+00  2.120e+00  2.126e+00  2.132e+00  2.138e+00  2.146e+00  2.154e+00  2.161e+00  2.166e+00  2.169e+00  2.171e+00  2.173e+00  2.173e+00  2.172e+00  2.170e+00  2.165e+00  2.156e+00  2.145e+00  2.135e+00  2.126e+00  2.121e+00  2.116e+00  2.113e+00  2.111e+00  2.110e+00  2.109e+00  2.111e+00  2.116e+00  2.120e+00  2.125e+00  2.129e+00  2.134e+00  2.138e+00  2.144e+00  2.145e+00 	
 2.056e+00  2.061e+00  2.067e+00  2.074e+00  2.082e+00  2.085e+00  2.086e+00  2.086e+00  2.087e+00  2.089e+00  2.091e+00  2.093e+00  2.095e+00  2.098e+00  2.101e+00  2.104e+00  2.109e+00  2.113e+00  2.119e+00  2.125e+00  2.132e+00  2.140e+00  2.147e+00  2.152e+00  2.155e+00  2.157e+00  2.160e+00  2.160e+00  2.160e+00  2.158e+00  2.153e+00  2.145e+00  2.134e+00  2.125e+00  2.116e+00  2.111e+00  2.106e+00  2.103e+00  2.100e+00  2.099e+00  2.098e+00  2.100e+00  2.104e+00  2.107e+00  2.111e+00  2.115e+00  2.119e+00  2.123e+00  2.127e+00  2.129e+00 	
 2.048e+00  2.053e+00  2.057e+00  2.064e+00  2.071e+00  2.074e+00  2.075e+00  2.076e+00  2.077e+00  2.079e+00  2.081e+00  2.083e+00  2.085e+00  2.088e+00  2.090e+00  2.094e+00  2.098e+00  2.102e+00  2.108e+00  2.113e+00  2.120e+00  2.127e+00  2.134e+00  2.139e+00  2.142e+00  2.145e+00  2.147e+00  2.148e+00  2.148e+00  2.147e+00  2.143e+00  2.135e+00  2.125e+00  2.116e+00  2.108e+00  2.102e+00  2.097e+00  2.094e+00  2.091e+00  2.090e+00  2.089e+00  2.090e+00  2.093e+00  2.096e+00  2.099e+00  2.102e+00  2.106e+00  2.109e+00  2.113e+00  2.114e+00 	
 2.042e+00  2.046e+00  2.049e+00  2.055e+00  2.061e+00  2.065e+00  2.066e+00  2.067e+00  2.068e+00  2.070e+00  2.072e+00  2.074e+00  2.076e+00  2.079e+00  2.081e+00  2.084e+00  2.088e+00  2.092e+00  2.097e+00  2.102e+00  2.108e+00  2.115e+00  2.122e+00  2.127e+00  2.130e+00  2.133e+00  2.136e+00  2.137e+00  2.137e+00  2.137e+00  2.133e+00  2.126e+00  2.116e+00  2.107e+00  2.100e+00  2.094e+00  2.089e+00  2.086e+00  2.083e+00  2.082e+00  2.080e+00  2.081e+00  2.084e+00  2.086e+00  2.089e+00  2.092e+00  2.095e+00  2.097e+00  2.100e+00  2.101e+00 	
 2.036e+00  2.039e+00  2.043e+00  2.047e+00  2.052e+00  2.056e+00  2.058e+00  2.059e+00  2.060e+00  2.062e+00  2.064e+00  2.066e+00  2.068e+00  2.070e+00  2.073e+00  2.075e+00  2.079e+00  2.083e+00  2.087e+00  2.092e+00  2.097e+00  2.104e+00  2.111e+00  2.116e+00  2.119e+00  2.122e+00  2.125e+00  2.127e+00  2.127e+00  2.127e+00  2.124e+00  2.118e+00  2.109e+00  2.100e+00  2.093e+00  2.087e+00  2.083e+00  2.079e+00  2.076e+00  2.074e+00  2.073e+00  2.073e+00  2.076e+00  2.078e+00  2.080e+00  2.082e+00  2.085e+00  2.087e+00  2.090e+00  2.090e+00 	
 2.031e+00  2.034e+00  2.037e+00  2.041e+00  2.045e+00  2.049e+00  2.050e+00  2.051e+00  2.053e+00  2.055e+00  2.057e+00  2.059e+00  2.060e+00  2.062e+00  2.065e+00  2.067e+00  2.070e+00  2.074e+00  2.078e+00  2.082e+00  2.088e+00  2.094e+00  2.100e+00  2.105e+00  2.109e+00  2.112e+00  2.115e+00  2.117e+00  2.118e+00  2.118e+00  2.116e+00  2.110e+00  2.102e+00  2.094e+00  2.086e+00  2.081e+00  2.076e+00  2.073e+00  2.070e+00  2.068e+00  2.067e+00  2.067e+00  2.069e+00  2.071e+00  2.072e+00  2.074e+00  2.076e+00  2.078e+00  2.080e+00  2.080e+00 	
 2.027e+00  2.029e+00  2.032e+00  2.035e+00  2.039e+00  2.042e+00  2.044e+00  2.045e+00  2.046e+00  2.048e+00  2.050e+00  2.052e+00  2.054e+00  2.055e+00  2.058e+00  2.060e+00  2.063e+00  2.066e+00  2.070e+00  2.074e+00  2.079e+00  2.084e+00  2.090e+00  2.095e+00  2.099e+00  2.102e+00  2.106e+00  2.108e+00  2.109e+00  2.110e+00  2.108e+00  2.103e+00  2.095e+00  2.088e+00  2.081e+00  2.075e+00  2.071e+00  2.068e+00  2.065e+00  2.063e+00  2.061e+00  2.061e+00  2.063e+00  2.064e+00  2.065e+00  2.067e+00  2.069e+00  2.070e+00  2.072e+00  2.072e+00 	
 2.024e+00  2.025e+00  2.027e+00  2.030e+00  2.033e+00  2.036e+00  2.038e+00  2.039e+00  2.041e+00  2.042e+00  2.044e+00  2.046e+00  2.047e+00  2.049e+00  2.051e+00  2.053e+00  2.056e+00  2.059e+00  2.062e+00  2.066e+00  2.070e+00  2.076e+00  2.081e+00  2.086e+00  2.090e+00  2.093e+00  2.097e+00  2.099e+00  2.101e+00  2.102e+00  2.101e+00  2.096e+00  2.089e+00  2.082e+00  2.076e+00  2.070e+00  2.066e+00  2.063e+00  2.060e+00  2.058e+00  2.056e+00  2.056e+00  2.057e+00  2.058e+00  2.059e+00  2.061e+00  2.062e+00  2.064e+00  2.065e+00  2.065e+00 	
 2.020e+00  2.022e+00  2.024e+00  2.026e+00  2.029e+00  2.031e+00  2.033e+00  2.034e+00  2.035e+00  2.037e+00  2.039e+00  2.040e+00  2.042e+00  2.043e+00  2.045e+00  2.047e+00  2.050e+00  2.052e+00  2.055e+00  2.059e+00  2.063e+00  2.068e+00  2.073e+00  2.077e+00  2.081e+00  2.085e+00  2.088e+00  2.091e+00  2.093e+00  2.095e+00  2.094e+00  2.090e+00  2.084e+00  2.077e+00  2.071e+00  2.066e+00  2.062e+00  2.058e+00  2.055e+00  2.053e+00  2.051e+00  2.051e+00  2.052e+00  2.053e+00  2.054e+00  2.055e+00  2.057e+00  2.058e+00  2.059e+00  2.058e+00 	
 2.018e+00  2.019e+00  2.021e+00  2.023e+00  2.025e+00  2.027e+00  2.029e+00  2.030e+00  2.031e+00  2.032e+00  2.034e+00  2.035e+00  2.037e+00  2.038e+00  2.040e+00  2.042e+00  2.044e+00  2.046e+00  2.049e+00  2.052e+00  2.056e+00  2.060e+00  2.065e+00  2.069e+00  2.073e+00  2.077e+00  2.080e+00  2.083e+00  2.086e+00  2.087e+00  2.087e+00  2.084e+00  2.079e+00  2.073e+00  2.067e+00  2.062e+00  2.058e+00  2.054e+00  2.052e+00  2.049e+00  2.048e+00  2.047e+00  2.048e+00  2.049e+00  2.050e+00  2.051e+00  2.052e+00  2.053e+00  2.054e+00  2.053e+00 	
 2.015e+00  2.017e+00  2.018e+00  2.020e+00  2.021e+00  2.023e+00  2.025e+00  2.026e+00  2.027e+00  2.028e+00  2.030e+00  2.031e+00  2.032e+00  2.034e+00  2.035e+00  2.037e+00  2.039e+00  2.041e+00  2.043e+00  2.046e+00  2.049e+00  2.053e+00  2.058e+00  2.062e+00  2.066e+00  2.069e+00  2.073e+00  2.076e+00  2.079e+00  2.081e+00  2.081e+00  2.079e+00  2.074e+00  2.068e+00  2.063e+00  2.058e+00  2.054e+00  2.051e+00  2.048e+00  2.046e+00  2.044e+00  2.044e+00  2.044e+00  2.045e+00  2.045e+00  2.046e+00  2.047e+00  2.048e+00  2.049e+00  2.048e+00 	
