 9.900e-01  9.900e-01  9.900e-01  9.792e-01  9.458e-01  9.132e-01  8.809e-01  8.491e-01  8.174e-01  7.857e-01  7.539e-01  7.375e-01  7.427e-01  7.502e-01  7.417e-01  7.199e-01  6.933e-01  6.633e-01  6.257e-01  5.775e-01  5.188e-01  4.459e-01  3.662e-01  2.940e-01  2.343e-01  1.872e-01  1.503e-01  1.189e-01  9.248e-02  7.228e-02  5.761e-02  4.216e-02  2.590e-02  1.047e-02  1.000e-08  1.000e-08  1.000e-08  1.000e-08  1.000e-08  1.000e-08  1.000e-08  1.000e-08  1.000e-08  3.537e-03  1.479e-02  2.992e-02  4.843e-02  8.619e-02  1.930e-01  5.518e-01 	
 9.900e-01  9.972e-01  9.642e-01  9.323e-01  9.014e-01  8.712e-01  8.415e-01  8.127e-01  7.851e-01  7.596e-01  7.399e-01  7.333e-01  7.387e-01  7.434e-01  7.346e-01  7.163e-01  6.945e-01  6.709e-01  6.430e-01  6.072e-01  5.629e-01  5.062e-01  4.387e-01  3.691e-01  3.047e-01  2.513e-01  2.077e-01  1.694e-01  1.371e-01  1.133e-01  9.732e-02  8.359e-02  6.961e-02  5.273e-02  3.564e-02  1.641e-02  2.777e-03  1.000e-08  1.000e-08  1.000e-08  1.000e-08  1.000e-08  1.000e-08  1.000e-08  1.000e-08  1.000e-08  1.000e-08  1.000e-08  1.000e-08  8.792e-02 	
 9.887e-01  9.575e-01  9.270e-01  8.973e-01  8.688e-01  8.418e-01  8.161e-01  7.917e-01  7.699e-01  7.517e-01  7.395e-01  7.386e-01  7.484e-01  7.517e-01  7.392e-01  7.209e-01  7.061e-01  6.915e-01  6.725e-01  6.468e-01  6.151e-01  5.766e-01  5.280e-01  4.718e-01  4.120e-01  3.546e-01  3.011e-01  2.505e-01  2.058e-01  1.715e-01  1.482e-01  1.309e-01  1.147e-01  9.375e-02  7.006e-02  4.408e-02  2.415e-02  1.100e-02  3.534e-03  1.000e-08  1.000e-08  1.000e-08  1.000e-08  1.000e-08  1.000e-08  1.000e-08  1.000e-08  1.000e-08  1.000e-08  1.354e-02 	
 9.556e-01  9.258e-01  8.977e-01  8.712e-01  8.456e-01  8.218e-01  7.998e-01  7.800e-01  7.635e-01  7.510e-01  7.445e-01  7.441e-01  7.544e-01  7.604e-01  7.481e-01  7.268e-01  7.116e-01  7.025e-01  6.924e-01  6.759e-01  6.525e-01  6.249e-01  5.930e-01  5.554e-01  5.123e-01  4.652e-01  4.122e-01  3.551e-01  2.987e-01  2.513e-01  2.171e-01  1.932e-01  1.721e-01  1.449e-01  1.127e-01  7.715e-02  4.847e-02  2.803e-02  1.502e-02  5.110e-03  7.672e-05  1.000e-08  1.000e-08  1.000e-08  1.000e-08  1.000e-08  1.000e-08  1.000e-08  1.000e-08  1.000e-08 	
 9.287e-01  9.017e-01  8.760e-01  8.520e-01  8.294e-01  8.086e-01  7.902e-01  7.741e-01  7.616e-01  7.522e-01  7.482e-01  7.502e-01  7.595e-01  7.650e-01  7.557e-01  7.360e-01  7.182e-01  7.072e-01  7.007e-01  6.927e-01  6.783e-01  6.593e-01  6.375e-01  6.138e-01  5.884e-01  5.612e-01  5.238e-01  4.742e-01  4.155e-01  3.585e-01  3.126e-01  2.800e-01  2.518e-01  2.161e-01  1.728e-01  1.245e-01  8.345e-02  5.235e-02  3.101e-02  1.491e-02  6.184e-03  1.921e-03  1.000e-08  1.000e-08  1.000e-08  1.000e-08  1.000e-08  1.000e-08  1.000e-08  1.000e-08 	
 9.077e-01  8.829e-01  8.598e-01  8.377e-01  8.183e-01  8.003e-01  7.845e-01  7.715e-01  7.613e-01  7.550e-01  7.527e-01  7.542e-01  7.644e-01  7.697e-01  7.601e-01  7.427e-01  7.268e-01  7.144e-01  7.053e-01  6.990e-01  6.929e-01  6.830e-01  6.699e-01  6.542e-01  6.398e-01  6.291e-01  6.139e-01  5.856e-01  5.406e-01  4.865e-01  4.349e-01  3.956e-01  3.599e-01  3.135e-01  2.571e-01  1.929e-01  1.358e-01  8.983e-02  5.608e-02  3.025e-02  1.541e-02  8.019e-03  4.014e-03  1.000e-08  1.000e-08  1.000e-08  1.000e-08  1.000e-08  1.000e-08  1.000e-08 	
 8.912e-01  8.688e-01  8.476e-01  8.281e-01  8.104e-01  7.948e-01  7.816e-01  7.707e-01  7.626e-01  7.573e-01  7.558e-01  7.584e-01  7.682e-01  7.742e-01  7.646e-01  7.471e-01  7.335e-01  7.234e-01  7.133e-01  7.041e-01  6.985e-01  6.946e-01  6.904e-01  6.832e-01  6.753e-01  6.733e-01  6.734e-01  6.671e-01  6.473e-01  6.127e-01  5.698e-01  5.334e-01  4.941e-01  4.389e-01  3.686e-01  2.877e-01  2.118e-01  1.467e-01  9.573e-02  5.520e-02  3.060e-02  1.794e-02  1.126e-02  5.289e-03  7.124e-04  1.000e-08  1.000e-08  1.000e-08  1.000e-08  1.000e-08 	
 8.784e-01  8.575e-01  8.386e-01  8.212e-01  8.053e-01  7.915e-01  7.799e-01  7.708e-01  7.640e-01  7.599e-01  7.591e-01  7.622e-01  7.716e-01  7.777e-01  7.688e-01  7.527e-01  7.384e-01  7.296e-01  7.224e-01  7.132e-01  7.047e-01  6.998e-01  6.993e-01  7.011e-01  7.013e-01  7.045e-01  7.110e-01  7.161e-01  7.173e-01  7.094e-01  6.907e-01  6.717e-01  6.414e-01  5.842e-01  5.044e-01  4.098e-01  3.154e-01  2.290e-01  1.562e-01  9.514e-02  5.576e-02  3.457e-02  2.330e-02  1.429e-02  7.768e-03  2.894e-03  1.000e-08  1.000e-08  1.000e-08  1.000e-08 	
 8.685e-01  8.493e-01  8.319e-01  8.161e-01  8.021e-01  7.900e-01  7.798e-01  7.718e-01  7.664e-01  7.629e-01  7.625e-01  7.653e-01  7.748e-01  7.809e-01  7.727e-01  7.566e-01  7.438e-01  7.349e-01  7.277e-01  7.213e-01  7.140e-01  7.068e-01  7.038e-01  7.080e-01  7.161e-01  7.267e-01  7.379e-01  7.461e-01  7.546e-01  7.656e-01  7.725e-01  7.809e-01  7.734e-01  7.297e-01  6.515e-01  5.528e-01  4.456e-01  3.397e-01  2.431e-01  1.565e-01  9.636e-02  6.221e-02  4.349e-02  2.936e-02  1.943e-02  1.221e-02  5.842e-03  1.000e-08  1.000e-08  1.000e-08 	
 8.608e-01  8.431e-01  8.272e-01  8.127e-01  8.001e-01  7.892e-01  7.805e-01  7.734e-01  7.684e-01  7.657e-01  7.656e-01  7.686e-01  7.780e-01  7.838e-01  7.760e-01  7.611e-01  7.485e-01  7.404e-01  7.334e-01  7.266e-01  7.211e-01  7.158e-01  7.121e-01  7.128e-01  7.211e-01  7.385e-01  7.563e-01  7.679e-01  7.773e-01  7.925e-01  8.138e-01  8.425e-01  8.636e-01  8.478e-01  7.881e-01  7.012e-01  5.932e-01  4.758e-01  3.587e-01  2.449e-01  1.590e-01  1.067e-01  7.671e-02  5.450e-02  3.904e-02  2.789e-02  1.809e-02  6.770e-03  1.000e-08  1.000e-08 	
 8.552e-01  8.387e-01  8.241e-01  8.109e-01  7.994e-01  7.896e-01  7.815e-01  7.751e-01  7.711e-01  7.685e-01  7.688e-01  7.713e-01  7.811e-01  7.869e-01  7.792e-01  7.642e-01  7.524e-01  7.446e-01  7.385e-01  7.328e-01  7.270e-01  7.227e-01  7.209e-01  7.212e-01  7.267e-01  7.426e-01  7.648e-01  7.831e-01  7.957e-01  8.091e-01  8.307e-01  8.650e-01  9.024e-01  9.172e-01  8.896e-01  8.313e-01  7.404e-01  6.249e-01  4.975e-01  3.624e-01  2.495e-01  1.747e-01  1.293e-01  9.534e-02  7.144e-02  5.421e-02  3.880e-02  2.139e-02  3.008e-03  1.000e-08 	
 8.512e-01  8.358e-01  8.219e-01  8.097e-01  7.994e-01  7.903e-01  7.830e-01  7.772e-01  7.738e-01  7.714e-01  7.715e-01  7.743e-01  7.837e-01  7.893e-01  7.820e-01  7.679e-01  7.566e-01  7.492e-01  7.432e-01  7.377e-01  7.328e-01  7.286e-01  7.269e-01  7.293e-01  7.349e-01  7.480e-01  7.678e-01  7.895e-01  8.085e-01  8.243e-01  8.430e-01  8.708e-01  9.080e-01  9.374e-01  9.418e-01  9.205e-01  8.623e-01  7.680e-01  6.459e-01  5.034e-01  3.697e-01  2.720e-01  2.079e-01  1.586e-01  1.230e-01  9.693e-02  7.310e-02  4.617e-02  1.925e-02  1.000e-08 	
 8.484e-01  8.341e-01  8.209e-01  8.098e-01  8.001e-01  7.914e-01  7.847e-01  7.798e-01  7.760e-01  7.743e-01  7.744e-01  7.772e-01  7.860e-01  7.915e-01  7.847e-01  7.708e-01  7.600e-01  7.528e-01  7.476e-01  7.425e-01  7.375e-01  7.343e-01  7.328e-01  7.349e-01  7.422e-01  7.563e-01  7.738e-01  7.927e-01  8.132e-01  8.344e-01  8.552e-01  8.769e-01  9.037e-01  9.321e-01  9.513e-01  9.597e-01  9.393e-01  8.804e-01  7.823e-01  6.535e-01  5.134e-01  3.988e-01  3.166e-01  2.502e-01  2.004e-01  1.629e-01  1.276e-01  8.686e-02  4.737e-02  1.000e-08 	
 8.465e-01  8.330e-01  8.209e-01  8.104e-01  8.009e-01  7.932e-01  7.867e-01  7.820e-01  7.788e-01  7.771e-01  7.771e-01  7.794e-01  7.882e-01  7.940e-01  7.872e-01  7.736e-01  7.630e-01  7.564e-01  7.517e-01  7.464e-01  7.423e-01  7.392e-01  7.380e-01  7.407e-01  7.477e-01  7.623e-01  7.816e-01  7.991e-01  8.165e-01  8.383e-01  8.626e-01  8.860e-01  9.068e-01  9.251e-01  9.429e-01  9.601e-01  9.659e-01  9.457e-01  8.853e-01  7.893e-01  6.642e-01  5.462e-01  4.519e-01  3.715e-01  3.076e-01  2.576e-01  2.086e-01  1.502e-01  9.373e-02  2.659e-02 	
 8.452e-01  8.325e-01  8.211e-01  8.111e-01  8.024e-01  7.951e-01  7.891e-01  7.847e-01  7.814e-01  7.797e-01  7.798e-01  7.821e-01  7.905e-01  7.959e-01  7.892e-01  7.763e-01  7.659e-01  7.595e-01  7.550e-01  7.505e-01  7.466e-01  7.433e-01  7.428e-01  7.454e-01  7.528e-01  7.667e-01  7.860e-01  8.053e-01  8.230e-01  8.421e-01  8.651e-01  8.916e-01  9.136e-01  9.268e-01  9.366e-01  9.481e-01  9.607e-01  9.647e-01  9.414e-01  8.878e-01  7.970e-01  6.947e-01  6.012e-01  5.155e-01  4.420e-01  3.808e-01  3.187e-01  2.416e-01  1.651e-01  8.274e-02 	
 8.450e-01  8.327e-01  8.218e-01  8.126e-01  8.039e-01  7.969e-01  7.914e-01  7.869e-01  7.840e-01  7.827e-01  7.826e-01  7.846e-01  7.924e-01  7.981e-01  7.915e-01  7.788e-01  7.686e-01  7.628e-01  7.581e-01  7.542e-01  7.502e-01  7.478e-01  7.473e-01  7.504e-01  7.572e-01  7.717e-01  7.904e-01  8.095e-01  8.280e-01  8.476e-01  8.689e-01  8.941e-01  9.180e-01  9.332e-01  9.395e-01  9.416e-01  9.483e-01  9.563e-01  9.558e-01  9.378e-01  8.890e-01  8.190e-01  7.429e-01  6.657e-01  5.916e-01  5.246e-01  4.532e-01  3.612e-01  2.657e-01  1.699e-01 	
 8.451e-01  8.337e-01  8.232e-01  8.138e-01  8.063e-01  7.991e-01  7.940e-01  7.900e-01  7.867e-01  7.851e-01  7.851e-01  7.867e-01  7.948e-01  8.000e-01  7.936e-01  7.808e-01  7.712e-01  7.656e-01  7.612e-01  7.572e-01  7.537e-01  7.511e-01  7.509e-01  7.540e-01  7.616e-01  7.755e-01  7.945e-01  8.132e-01  8.315e-01  8.516e-01  8.741e-01  8.980e-01  9.209e-01  9.368e-01  9.445e-01  9.451e-01  9.441e-01  9.458e-01  9.489e-01  9.473e-01  9.313e-01  8.989e-01  8.531e-01  7.998e-01  7.377e-01  6.732e-01  5.997e-01  5.012e-01  3.932e-01  2.903e-01 	
 8.460e-01  8.347e-01  8.247e-01  8.158e-01  8.082e-01  8.019e-01  7.966e-01  7.926e-01  7.893e-01  7.878e-01  7.876e-01  7.890e-01  7.966e-01  8.017e-01  7.954e-01  7.829e-01  7.736e-01  7.679e-01  7.642e-01  7.604e-01  7.567e-01  7.550e-01  7.546e-01  7.577e-01  7.651e-01  7.795e-01  7.979e-01  8.168e-01  8.351e-01  8.543e-01  8.770e-01  9.016e-01  9.240e-01  9.396e-01  9.477e-01  9.503e-01  9.487e-01  9.453e-01  9.425e-01  9.405e-01  9.382e-01  9.316e-01  9.174e-01  8.961e-01  8.584e-01  8.078e-01  7.411e-01  6.475e-01  5.375e-01  4.384e-01 	
 8.469e-01  8.361e-01  8.267e-01  8.183e-01  8.106e-01  8.045e-01  7.991e-01  7.954e-01  7.925e-01  7.907e-01  7.902e-01  7.918e-01  7.989e-01  8.033e-01  7.971e-01  7.853e-01  7.758e-01  7.701e-01  7.662e-01  7.630e-01  7.599e-01  7.578e-01  7.583e-01  7.616e-01  7.690e-01  7.830e-01  8.011e-01  8.198e-01  8.377e-01  8.575e-01  8.792e-01  9.040e-01  9.269e-01  9.423e-01  9.499e-01  9.533e-01  9.532e-01  9.499e-01  9.444e-01  9.368e-01  9.318e-01  9.338e-01  9.389e-01  9.442e-01  9.364e-01  9.106e-01  8.616e-01  7.842e-01  6.838e-01  5.992e-01 	
 8.486e-01  8.380e-01  8.288e-01  8.206e-01  8.131e-01  8.073e-01  8.018e-01  7.981e-01  7.952e-01  7.934e-01  7.931e-01  7.937e-01  8.007e-01  8.053e-01  7.988e-01  7.870e-01  7.775e-01  7.727e-01  7.684e-01  7.655e-01  7.626e-01  7.607e-01  7.611e-01  7.643e-01  7.720e-01  7.860e-01  8.043e-01  8.224e-01  8.403e-01  8.598e-01  8.819e-01  9.055e-01  9.284e-01  9.438e-01  9.521e-01  9.552e-01  9.558e-01  9.542e-01  9.500e-01  9.401e-01  9.306e-01  9.291e-01  9.374e-01  9.528e-01  9.670e-01  9.689e-01  9.469e-01  8.969e-01  8.166e-01  7.552e-01 	
 8.505e-01  8.400e-01  8.310e-01  8.227e-01  8.158e-01  8.099e-01  8.048e-01  8.010e-01  7.981e-01  7.964e-01  7.957e-01  7.965e-01  8.026e-01  8.067e-01  8.003e-01  7.889e-01  7.797e-01  7.745e-01  7.712e-01  7.678e-01  7.652e-01  7.634e-01  7.637e-01  7.672e-01  7.748e-01  7.885e-01  8.067e-01  8.249e-01  8.430e-01  8.621e-01  8.837e-01  9.074e-01  9.301e-01  9.452e-01  9.540e-01  9.573e-01  9.578e-01  9.563e-01  9.532e-01  9.461e-01  9.365e-01  9.306e-01  9.332e-01  9.448e-01  9.648e-01  9.844e-01  9.891e-01  9.713e-01  9.213e-01  8.888e-01 	
 8.520e-01  8.421e-01  8.330e-01  8.253e-01  8.187e-01  8.127e-01  8.079e-01  8.037e-01  8.009e-01  7.988e-01  7.982e-01  7.984e-01  8.043e-01  8.086e-01  8.019e-01  7.901e-01  7.816e-01  7.763e-01  7.730e-01  7.699e-01  7.672e-01  7.657e-01  7.667e-01  7.700e-01  7.775e-01  7.912e-01  8.091e-01  8.272e-01  8.447e-01  8.643e-01  8.854e-01  9.088e-01  9.309e-01  9.464e-01  9.548e-01  9.584e-01  9.597e-01  9.588e-01  9.553e-01  9.491e-01  9.419e-01  9.365e-01  9.360e-01  9.395e-01  9.527e-01  9.744e-01  9.932e-01  9.900e-01  9.861e-01  9.844e-01 	
 8.545e-01  8.448e-01  8.359e-01  8.281e-01  8.210e-01  8.157e-01  8.105e-01  8.067e-01  8.038e-01  8.022e-01  8.009e-01  8.008e-01  8.065e-01  8.098e-01  8.037e-01  7.922e-01  7.833e-01  7.783e-01  7.749e-01  7.722e-01  7.693e-01  7.681e-01  7.690e-01  7.725e-01  7.800e-01  7.935e-01  8.111e-01  8.292e-01  8.465e-01  8.656e-01  8.870e-01  9.106e-01  9.322e-01  9.474e-01  9.561e-01  9.594e-01  9.610e-01  9.602e-01  9.577e-01  9.518e-01  9.451e-01  9.418e-01  9.418e-01  9.425e-01  9.472e-01  9.606e-01  9.794e-01  9.977e-01  9.900e-01  9.900e-01 	
 8.567e-01  8.472e-01  8.386e-01  8.310e-01  8.238e-01  8.185e-01  8.132e-01  8.099e-01  8.066e-01  8.046e-01  8.033e-01  8.033e-01  8.084e-01  8.116e-01  8.051e-01  7.936e-01  7.847e-01  7.801e-01  7.766e-01  7.741e-01  7.716e-01  7.704e-01  7.707e-01  7.746e-01  7.820e-01  7.954e-01  8.136e-01  8.312e-01  8.486e-01  8.674e-01  8.886e-01  9.117e-01  9.332e-01  9.481e-01  9.565e-01  9.607e-01  9.620e-01  9.610e-01  9.590e-01  9.536e-01  9.475e-01  9.442e-01  9.456e-01  9.484e-01  9.509e-01  9.561e-01  9.660e-01  9.794e-01  9.986e-01  9.900e-01 	
 8.593e-01  8.498e-01  8.410e-01  8.334e-01  8.265e-01  8.211e-01  8.162e-01  8.124e-01  8.091e-01  8.072e-01  8.064e-01  8.057e-01  8.104e-01  8.130e-01  8.062e-01  7.952e-01  7.862e-01  7.819e-01  7.784e-01  7.759e-01  7.733e-01  7.723e-01  7.729e-01  7.768e-01  7.841e-01  7.976e-01  8.151e-01  8.328e-01  8.499e-01  8.690e-01  8.895e-01  9.129e-01  9.342e-01  9.493e-01  9.573e-01  9.612e-01  9.629e-01  9.625e-01  9.603e-01  9.557e-01  9.496e-01  9.467e-01  9.484e-01  9.518e-01  9.559e-01  9.595e-01  9.626e-01  9.672e-01  9.806e-01  9.900e-01 	
 8.617e-01  8.525e-01  8.436e-01  8.363e-01  8.297e-01  8.239e-01  8.190e-01  8.152e-01  8.123e-01  8.100e-01  8.085e-01  8.077e-01  8.122e-01  8.149e-01  8.079e-01  7.964e-01  7.881e-01  7.835e-01  7.803e-01  7.773e-01  7.751e-01  7.744e-01  7.749e-01  7.787e-01  7.860e-01  7.991e-01  8.171e-01  8.345e-01  8.518e-01  8.702e-01  8.910e-01  9.138e-01  9.353e-01  9.497e-01  9.578e-01  9.621e-01  9.634e-01  9.630e-01  9.609e-01  9.563e-01  9.512e-01  9.490e-01  9.509e-01  9.541e-01  9.590e-01  9.640e-01  9.662e-01  9.650e-01  9.710e-01  9.900e-01 	
 8.647e-01  8.549e-01  8.468e-01  8.394e-01  8.324e-01  8.269e-01  8.219e-01  8.177e-01  8.148e-01  8.122e-01  8.111e-01  8.100e-01  8.141e-01  8.165e-01  8.096e-01  7.981e-01  7.894e-01  7.847e-01  7.815e-01  7.793e-01  7.769e-01  7.758e-01  7.766e-01  7.808e-01  7.877e-01  8.012e-01  8.185e-01  8.361e-01  8.531e-01  8.712e-01  8.917e-01  9.143e-01  9.356e-01  9.506e-01  9.587e-01  9.622e-01  9.644e-01  9.640e-01  9.618e-01  9.576e-01  9.522e-01  9.502e-01  9.526e-01  9.564e-01  9.609e-01  9.661e-01  9.696e-01  9.685e-01  9.708e-01  9.964e-01 	
 8.674e-01  8.579e-01  8.492e-01  8.417e-01  8.355e-01  8.293e-01  8.242e-01  8.204e-01  8.172e-01  8.149e-01  8.134e-01  8.123e-01  8.162e-01  8.179e-01  8.105e-01  7.991e-01  7.908e-01  7.864e-01  7.832e-01  7.805e-01  7.786e-01  7.778e-01  7.785e-01  7.822e-01  7.898e-01  8.026e-01  8.196e-01  8.369e-01  8.540e-01  8.723e-01  8.925e-01  9.153e-01  9.363e-01  9.510e-01  9.593e-01  9.632e-01  9.645e-01  9.645e-01  9.624e-01  9.586e-01  9.535e-01  9.516e-01  9.539e-01  9.581e-01  9.626e-01  9.681e-01  9.713e-01  9.712e-01  9.736e-01  9.928e-01 	
 8.701e-01  8.606e-01  8.523e-01  8.443e-01  8.376e-01  8.321e-01  8.271e-01  8.229e-01  8.196e-01  8.170e-01  8.155e-01  8.140e-01  8.178e-01  8.196e-01  8.124e-01  8.006e-01  7.927e-01  7.874e-01  7.846e-01  7.823e-01  7.799e-01  7.790e-01  7.801e-01  7.837e-01  7.909e-01  8.042e-01  8.216e-01  8.386e-01  8.550e-01  8.734e-01  8.934e-01  9.159e-01  9.372e-01  9.515e-01  9.594e-01  9.634e-01  9.651e-01  9.647e-01  9.634e-01  9.591e-01  9.544e-01  9.529e-01  9.549e-01  9.591e-01  9.640e-01  9.694e-01  9.728e-01  9.735e-01  9.750e-01  9.904e-01 	
 8.731e-01  8.638e-01  8.550e-01  8.470e-01  8.407e-01  8.343e-01  8.292e-01  8.251e-01  8.219e-01  8.192e-01  8.173e-01  8.162e-01  8.201e-01  8.211e-01  8.135e-01  8.021e-01  7.934e-01  7.889e-01  7.856e-01  7.837e-01  7.812e-01  7.808e-01  7.814e-01  7.853e-01  7.926e-01  8.058e-01  8.225e-01  8.396e-01  8.561e-01  8.743e-01  8.944e-01  9.162e-01  9.372e-01  9.521e-01  9.596e-01  9.640e-01  9.653e-01  9.658e-01  9.640e-01  9.597e-01  9.553e-01  9.538e-01  9.558e-01  9.596e-01  9.651e-01  9.704e-01  9.740e-01  9.749e-01  9.765e-01  9.895e-01 	
 8.765e-01  8.668e-01  8.575e-01  8.499e-01  8.431e-01  8.371e-01  8.316e-01  8.274e-01  8.238e-01  8.211e-01  8.197e-01  8.181e-01  8.220e-01  8.227e-01  8.147e-01  8.033e-01  7.950e-01  7.905e-01  7.876e-01  7.849e-01  7.831e-01  7.818e-01  7.832e-01  7.867e-01  7.942e-01  8.071e-01  8.235e-01  8.403e-01  8.570e-01  8.752e-01  8.950e-01  9.170e-01  9.376e-01  9.522e-01  9.602e-01  9.642e-01  9.660e-01  9.655e-01  9.642e-01  9.607e-01  9.559e-01  9.548e-01  9.568e-01  9.610e-01  9.661e-01  9.711e-01  9.751e-01  9.756e-01  9.775e-01  9.892e-01 	
 8.792e-01  8.694e-01  8.605e-01  8.524e-01  8.456e-01  8.392e-01  8.336e-01  8.295e-01  8.259e-01  8.228e-01  8.214e-01  8.198e-01  8.232e-01  8.243e-01  8.164e-01  8.046e-01  7.962e-01  7.913e-01  7.884e-01  7.860e-01  7.843e-01  7.837e-01  7.842e-01  7.885e-01  7.956e-01  8.081e-01  8.250e-01  8.415e-01  8.578e-01  8.757e-01  8.957e-01  9.174e-01  9.382e-01  9.524e-01  9.604e-01  9.645e-01  9.662e-01  9.662e-01  9.644e-01  9.609e-01  9.565e-01  9.549e-01  9.574e-01  9.616e-01  9.667e-01  9.721e-01  9.758e-01  9.768e-01  9.781e-01  9.887e-01 	
 8.825e-01  8.722e-01  8.632e-01  8.551e-01  8.478e-01  8.414e-01  8.359e-01  8.312e-01  8.272e-01  8.245e-01  8.227e-01  8.215e-01  8.253e-01  8.261e-01  8.177e-01  8.059e-01  7.975e-01  7.926e-01  7.901e-01  7.877e-01  7.855e-01  7.848e-01  7.858e-01  7.895e-01  7.967e-01  8.096e-01  8.262e-01  8.427e-01  8.591e-01  8.767e-01  8.964e-01  9.183e-01  9.383e-01  9.526e-01  9.607e-01  9.647e-01  9.665e-01  9.665e-01  9.651e-01  9.615e-01  9.575e-01  9.559e-01  9.584e-01  9.622e-01  9.673e-01  9.724e-01  9.760e-01  9.770e-01  9.789e-01  9.886e-01 	
 8.858e-01  8.755e-01  8.660e-01  8.578e-01  8.501e-01  8.436e-01  8.377e-01  8.331e-01  8.290e-01  8.260e-01  8.241e-01  8.229e-01  8.267e-01  8.274e-01  8.191e-01  8.073e-01  7.989e-01  7.940e-01  7.910e-01  7.886e-01  7.867e-01  7.860e-01  7.869e-01  7.911e-01  7.983e-01  8.108e-01  8.270e-01  8.436e-01  8.593e-01  8.770e-01  8.968e-01  9.187e-01  9.389e-01  9.528e-01  9.609e-01  9.650e-01  9.668e-01  9.668e-01  9.654e-01  9.618e-01  9.577e-01  9.565e-01  9.585e-01  9.628e-01  9.675e-01  9.730e-01  9.768e-01  9.777e-01  9.792e-01  9.881e-01 	
 8.888e-01  8.784e-01  8.689e-01  8.602e-01  8.520e-01  8.456e-01  8.396e-01  8.346e-01  8.305e-01  8.271e-01  8.252e-01  8.239e-01  8.277e-01  8.284e-01  8.205e-01  8.083e-01  7.999e-01  7.954e-01  7.924e-01  7.899e-01  7.881e-01  7.874e-01  7.886e-01  7.919e-01  7.994e-01  8.120e-01  8.278e-01  8.446e-01  8.603e-01  8.777e-01  8.972e-01  9.188e-01  9.391e-01  9.531e-01  9.612e-01  9.653e-01  9.671e-01  9.671e-01  9.657e-01  9.620e-01  9.584e-01  9.567e-01  9.592e-01  9.635e-01  9.682e-01  9.738e-01  9.775e-01  9.785e-01  9.799e-01  9.880e-01 	
 8.928e-01  8.819e-01  8.719e-01  8.628e-01  8.545e-01  8.472e-01  8.412e-01  8.357e-01  8.317e-01  8.287e-01  8.263e-01  8.255e-01  8.292e-01  8.299e-01  8.212e-01  8.098e-01  8.010e-01  7.964e-01  7.934e-01  7.909e-01  7.891e-01  7.887e-01  7.895e-01  7.932e-01  8.003e-01  8.128e-01  8.292e-01  8.452e-01  8.610e-01  8.784e-01  8.980e-01  9.189e-01  9.393e-01  9.533e-01  9.615e-01  9.656e-01  9.670e-01  9.674e-01  9.660e-01  9.623e-01  9.586e-01  9.574e-01  9.594e-01  9.637e-01  9.684e-01  9.740e-01  9.778e-01  9.792e-01  9.802e-01  9.880e-01 	
 8.960e-01  8.850e-01  8.745e-01  8.653e-01  8.571e-01  8.498e-01  8.429e-01  8.374e-01  8.329e-01  8.295e-01  8.276e-01  8.267e-01  8.304e-01  8.311e-01  8.227e-01  8.105e-01  8.020e-01  7.975e-01  7.945e-01  7.915e-01  7.900e-01  7.897e-01  7.909e-01  7.946e-01  8.012e-01  8.142e-01  8.302e-01  8.463e-01  8.617e-01  8.788e-01  8.981e-01  9.194e-01  9.395e-01  9.536e-01  9.614e-01  9.655e-01  9.673e-01  9.673e-01  9.658e-01  9.631e-01  9.589e-01  9.576e-01  9.601e-01  9.640e-01  9.692e-01  9.739e-01  9.781e-01  9.791e-01  9.810e-01  9.883e-01 	
 9.002e-01  8.887e-01  8.782e-01  8.680e-01  8.593e-01  8.515e-01  8.447e-01  8.392e-01  8.342e-01  8.303e-01  8.280e-01  8.270e-01  8.316e-01  8.323e-01  8.240e-01  8.121e-01  8.032e-01  7.987e-01  7.956e-01  7.930e-01  7.912e-01  7.907e-01  7.919e-01  7.956e-01  8.026e-01  8.152e-01  8.308e-01  8.469e-01  8.624e-01  8.796e-01  8.990e-01  9.196e-01  9.397e-01  9.535e-01  9.612e-01  9.654e-01  9.672e-01  9.676e-01  9.667e-01  9.634e-01  9.592e-01  9.579e-01  9.608e-01  9.647e-01  9.695e-01  9.742e-01  9.784e-01  9.799e-01  9.809e-01  9.883e-01 	
 9.045e-01  8.925e-01  8.814e-01  8.712e-01  8.620e-01  8.533e-01  8.460e-01  8.401e-01  8.347e-01  8.313e-01  8.289e-01  8.279e-01  8.324e-01  8.331e-01  8.247e-01  8.129e-01  8.039e-01  7.994e-01  7.964e-01  7.938e-01  7.923e-01  7.918e-01  7.930e-01  7.966e-01  8.041e-01  8.162e-01  8.319e-01  8.476e-01  8.633e-01  8.801e-01  8.991e-01  9.198e-01  9.395e-01  9.538e-01  9.616e-01  9.657e-01  9.676e-01  9.680e-01  9.665e-01  9.637e-01  9.595e-01  9.582e-01  9.606e-01  9.650e-01  9.693e-01  9.745e-01  9.788e-01  9.802e-01  9.817e-01  9.882e-01 	
 9.094e-01  8.968e-01  8.852e-01  8.745e-01  8.648e-01  8.561e-01  8.483e-01  8.415e-01  8.361e-01  8.318e-01  8.294e-01  8.289e-01  8.333e-01  8.344e-01  8.256e-01  8.137e-01  8.052e-01  8.002e-01  7.975e-01  7.950e-01  7.930e-01  7.925e-01  7.936e-01  7.976e-01  8.051e-01  8.169e-01  8.326e-01  8.484e-01  8.636e-01  8.805e-01  8.992e-01  9.204e-01  9.398e-01  9.541e-01  9.620e-01  9.656e-01  9.675e-01  9.684e-01  9.669e-01  9.636e-01  9.598e-01  9.589e-01  9.610e-01  9.648e-01  9.696e-01  9.753e-01  9.791e-01  9.806e-01  9.816e-01  9.886e-01 	
 9.143e-01  9.011e-01  8.895e-01  8.779e-01  8.673e-01  8.581e-01  8.503e-01  8.430e-01  8.372e-01  8.324e-01  8.300e-01  8.289e-01  8.338e-01  8.349e-01  8.270e-01  8.145e-01  8.060e-01  8.014e-01  7.984e-01  7.958e-01  7.942e-01  7.933e-01  7.947e-01  7.988e-01  8.058e-01  8.180e-01  8.337e-01  8.496e-01  8.644e-01  8.810e-01  8.997e-01  9.206e-01  9.405e-01  9.540e-01  9.619e-01  9.660e-01  9.679e-01  9.678e-01  9.668e-01  9.635e-01  9.602e-01  9.588e-01  9.613e-01  9.656e-01  9.700e-01  9.752e-01  9.790e-01  9.805e-01  9.819e-01  9.885e-01 	
 9.197e-01  9.061e-01  8.934e-01  8.817e-01  8.706e-01  8.609e-01  8.522e-01  8.445e-01  8.387e-01  8.334e-01  8.301e-01  8.295e-01  8.348e-01  8.363e-01  8.274e-01  8.154e-01  8.069e-01  8.023e-01  7.992e-01  7.966e-01  7.950e-01  7.945e-01  7.960e-01  7.995e-01  8.070e-01  8.192e-01  8.345e-01  8.500e-01  8.653e-01  8.815e-01  9.003e-01  9.209e-01  9.404e-01  9.543e-01  9.618e-01  9.659e-01  9.678e-01  9.682e-01  9.667e-01  9.639e-01  9.601e-01  9.592e-01  9.612e-01  9.655e-01  9.699e-01  9.756e-01  9.794e-01  9.809e-01  9.823e-01  9.885e-01 	
 9.263e-01  9.120e-01  8.984e-01  8.862e-01  8.746e-01  8.639e-01  8.542e-01  8.465e-01  8.393e-01  8.341e-01  8.308e-01  8.301e-01  8.350e-01  8.368e-01  8.284e-01  8.160e-01  8.074e-01  8.032e-01  8.001e-01  7.975e-01  7.958e-01  7.954e-01  7.963e-01  8.008e-01  8.077e-01  8.199e-01  8.353e-01  8.509e-01  8.658e-01  8.821e-01  9.005e-01  9.216e-01  9.407e-01  9.542e-01  9.621e-01  9.663e-01  9.682e-01  9.681e-01  9.671e-01  9.638e-01  9.604e-01  9.595e-01  9.620e-01  9.659e-01  9.707e-01  9.755e-01  9.798e-01  9.808e-01  9.827e-01  9.884e-01 	
 9.339e-01  9.186e-01  9.048e-01  8.916e-01  8.790e-01  8.674e-01  8.572e-01  8.481e-01  8.409e-01  8.347e-01  8.314e-01  8.303e-01  8.355e-01  8.374e-01  8.289e-01  8.174e-01  8.084e-01  8.037e-01  8.006e-01  7.980e-01  7.968e-01  7.962e-01  7.972e-01  8.015e-01  8.089e-01  8.207e-01  8.361e-01  8.513e-01  8.664e-01  8.826e-01  9.007e-01  9.218e-01  9.406e-01  9.546e-01  9.621e-01  9.663e-01  9.681e-01  9.685e-01  9.675e-01  9.642e-01  9.603e-01  9.594e-01  9.619e-01  9.658e-01  9.706e-01  9.759e-01  9.797e-01  9.812e-01  9.827e-01  9.884e-01 	
 9.421e-01  9.262e-01  9.113e-01  8.976e-01  8.839e-01  8.718e-01  8.603e-01  8.506e-01  8.421e-01  8.359e-01  8.317e-01  8.310e-01  8.362e-01  8.376e-01  8.300e-01  8.175e-01  8.089e-01  8.047e-01  8.016e-01  7.989e-01  7.973e-01  7.971e-01  7.981e-01  8.024e-01  8.093e-01  8.216e-01  8.370e-01  8.522e-01  8.669e-01  8.832e-01  9.013e-01  9.216e-01  9.409e-01  9.545e-01  9.620e-01  9.662e-01  9.681e-01  9.685e-01  9.675e-01  9.641e-01  9.603e-01  9.593e-01  9.623e-01  9.662e-01  9.705e-01  9.758e-01  9.797e-01  9.807e-01  9.826e-01  9.884e-01 	
 9.514e-01  9.353e-01  9.194e-01  9.041e-01  8.899e-01  8.768e-01  8.648e-01  8.537e-01  8.442e-01  8.370e-01  8.319e-01  8.308e-01  8.365e-01  8.382e-01  8.301e-01  8.185e-01  8.095e-01  8.048e-01  8.021e-01  7.994e-01  7.978e-01  7.976e-01  7.994e-01  8.033e-01  8.102e-01  8.224e-01  8.379e-01  8.527e-01  8.678e-01  8.838e-01  9.020e-01  9.219e-01  9.408e-01  9.544e-01  9.624e-01  9.662e-01  9.685e-01  9.684e-01  9.674e-01  9.640e-01  9.611e-01  9.597e-01  9.622e-01  9.661e-01  9.705e-01  9.762e-01  9.801e-01  9.811e-01  9.826e-01  9.888e-01 	
 9.629e-01  9.452e-01  9.286e-01  9.132e-01  8.979e-01  8.833e-01  8.697e-01  8.577e-01  8.473e-01  8.383e-01  8.323e-01  8.310e-01  8.362e-01  8.385e-01  8.308e-01  8.188e-01  8.101e-01  8.054e-01  8.026e-01  8.000e-01  7.987e-01  7.985e-01  7.999e-01  8.038e-01  8.111e-01  8.234e-01  8.384e-01  8.532e-01  8.679e-01  8.840e-01  9.022e-01  9.217e-01  9.411e-01  9.548e-01  9.623e-01  9.666e-01  9.684e-01  9.684e-01  9.674e-01  9.644e-01  9.606e-01  9.601e-01  9.621e-01  9.660e-01  9.709e-01  9.757e-01  9.796e-01  9.811e-01  9.825e-01  9.893e-01 	
 9.751e-01  9.571e-01  9.399e-01  9.234e-01  9.070e-01  8.918e-01  8.772e-01  8.632e-01  8.513e-01  8.405e-01  8.330e-01  8.309e-01  8.360e-01  8.388e-01  8.310e-01  8.194e-01  8.107e-01  8.060e-01  8.032e-01  8.006e-01  7.993e-01  7.986e-01  8.000e-01  8.043e-01  8.117e-01  8.238e-01  8.389e-01  8.538e-01  8.685e-01  8.846e-01  9.020e-01  9.220e-01  9.410e-01  9.543e-01  9.623e-01  9.665e-01  9.684e-01  9.683e-01  9.673e-01  9.644e-01  9.605e-01  9.596e-01  9.620e-01  9.660e-01  9.708e-01  9.757e-01  9.791e-01  9.805e-01  9.820e-01  9.897e-01 	
 9.895e-01  9.708e-01  9.529e-01  9.357e-01  9.186e-01  9.023e-01  8.871e-01  8.721e-01  8.577e-01  8.450e-01  8.347e-01  8.316e-01  8.363e-01  8.385e-01  8.313e-01  8.196e-01  8.109e-01  8.062e-01  8.034e-01  8.012e-01  7.995e-01  7.992e-01  8.006e-01  8.049e-01  8.122e-01  8.244e-01  8.399e-01  8.548e-01  8.691e-01  8.848e-01  9.026e-01  9.223e-01  9.409e-01  9.547e-01  9.622e-01  9.660e-01  9.679e-01  9.683e-01  9.673e-01  9.639e-01  9.605e-01  9.595e-01  9.620e-01  9.659e-01  9.703e-01  9.751e-01  9.790e-01  9.805e-01  9.824e-01  9.916e-01 	
 9.900e-01  9.869e-01  9.681e-01  9.502e-01  9.330e-01  9.164e-01  9.001e-01  8.839e-01  8.690e-01  8.542e-01  8.411e-01  8.352e-01  8.389e-01  8.401e-01  8.324e-01  8.217e-01  8.139e-01  8.092e-01  8.064e-01  8.041e-01  8.025e-01  8.027e-01  8.044e-01  8.087e-01  8.160e-01  8.281e-01  8.427e-01  8.572e-01  8.716e-01  8.872e-01  9.042e-01  9.235e-01  9.412e-01  9.541e-01  9.622e-01  9.664e-01  9.688e-01  9.692e-01  9.687e-01  9.657e-01  9.633e-01  9.623e-01  9.648e-01  9.682e-01  9.731e-01  9.785e-01  9.824e-01  9.853e-01  9.897e-01  9.900e-01 	
