-4.701e-03 -5.017e-03 -5.067e-03 -5.933e-03 -6.582e-03 -6.319e-03 -4.831e-03 -3.128e-03 -1.866e-03 -1.120e-03 -5.669e-04 -1.048e-04  2.710e-04  5.153e-04  6.488e-04  6.400e-04  5.651e-04  4.471e-04  2.730e-04  1.461e-04 -1.527e-05 -2.353e-04 -4.204e-04 -5.657e-04 -6.607e-04 -7.122e-04 -7.774e-04 -8.419e-04 -8.992e-04 -9.622e-04 -1.056e-03 -1.166e-03 -1.289e-03 -1.389e-03 -1.480e-03 -1.538e-03 -1.584e-03 -1.605e-03 -1.620e-03 -1.605e-03 -1.582e-03 -1.448e-03 -1.202e-03 -9.700e-04 -7.730e-04 -7.552e-04 -7.266e-04 -6.911e-04 -6.516e-04 -6.661e-04 	
-6.625e-03 -7.140e-03 -7.254e-03 -8.517e-03 -9.496e-03 -9.202e-03 -7.147e-03 -4.728e-03 -2.896e-03 -1.793e-03 -9.673e-04 -2.731e-04  2.938e-04  6.694e-04  8.815e-04  8.843e-04  7.867e-04  6.239e-04  3.771e-04  1.971e-04 -3.365e-05 -3.511e-04 -6.185e-04 -8.286e-04 -9.660e-04 -1.040e-03 -1.134e-03 -1.227e-03 -1.310e-03 -1.401e-03 -1.537e-03 -1.696e-03 -1.874e-03 -2.019e-03 -2.151e-03 -2.235e-03 -2.304e-03 -2.333e-03 -2.356e-03 -2.334e-03 -2.301e-03 -2.108e-03 -1.751e-03 -1.414e-03 -1.128e-03 -1.101e-03 -1.059e-03 -1.007e-03 -9.490e-04 -9.698e-04 	
-9.165e-03 -1.003e-02 -1.028e-02 -1.212e-02 -1.361e-02 -1.336e-02 -1.060e-02 -7.217e-03 -4.574e-03 -2.939e-03 -1.700e-03 -6.479e-04  2.171e-04  8.047e-04  1.150e-03  1.187e-03  1.069e-03  8.510e-04  5.058e-04  2.538e-04 -7.305e-05 -5.288e-04 -9.141e-04 -1.217e-03 -1.415e-03 -1.521e-03 -1.655e-03 -1.789e-03 -1.908e-03 -2.039e-03 -2.236e-03 -2.466e-03 -2.724e-03 -2.934e-03 -3.125e-03 -3.248e-03 -3.347e-03 -3.390e-03 -3.424e-03 -3.393e-03 -3.346e-03 -3.067e-03 -2.550e-03 -2.062e-03 -1.647e-03 -1.606e-03 -1.543e-03 -1.466e-03 -1.382e-03 -1.412e-03 	
-1.230e-02 -1.377e-02 -1.432e-02 -1.701e-02 -1.930e-02 -1.928e-02 -1.574e-02 -1.112e-02 -7.350e-03 -4.930e-03 -3.065e-03 -1.457e-03 -1.210e-04  8.160e-04  1.395e-03  1.516e-03  1.395e-03  1.118e-03  6.452e-04  2.998e-04 -1.569e-04 -8.070e-04 -1.359e-03 -1.793e-03 -2.077e-03 -2.227e-03 -2.419e-03 -2.610e-03 -2.780e-03 -2.968e-03 -3.251e-03 -3.583e-03 -3.956e-03 -4.259e-03 -4.536e-03 -4.713e-03 -4.857e-03 -4.920e-03 -4.970e-03 -4.927e-03 -4.862e-03 -4.461e-03 -3.715e-03 -3.010e-03 -2.408e-03 -2.344e-03 -2.250e-03 -2.136e-03 -2.012e-03 -2.055e-03 	
-1.569e-02 -1.821e-02 -1.938e-02 -2.331e-02 -2.684e-02 -2.744e-02 -2.324e-02 -1.720e-02 -1.196e-02 -8.422e-03 -5.621e-03 -3.153e-03 -1.071e-03  4.508e-04  1.445e-03  1.761e-03  1.692e-03  1.373e-03  7.477e-04  2.900e-04 -3.345e-04 -1.252e-03 -2.037e-03 -2.655e-03 -3.058e-03 -3.269e-03 -3.538e-03 -3.810e-03 -4.052e-03 -4.318e-03 -4.723e-03 -5.201e-03 -5.736e-03 -6.174e-03 -6.572e-03 -6.829e-03 -7.037e-03 -7.130e-03 -7.204e-03 -7.146e-03 -7.058e-03 -6.484e-03 -5.411e-03 -4.396e-03 -3.526e-03 -3.424e-03 -3.281e-03 -3.113e-03 -2.930e-03 -2.991e-03 	
-1.827e-02 -2.259e-02 -2.498e-02 -3.073e-02 -3.616e-02 -3.805e-02 -3.373e-02 -2.642e-02 -1.950e-02 -1.448e-02 -1.036e-02 -6.597e-03 -3.347e-03 -8.472e-04  8.912e-04  1.634e-03  1.754e-03  1.464e-03  6.878e-04  1.162e-04 -7.077e-04 -1.983e-03 -3.085e-03 -3.955e-03 -4.523e-03 -4.812e-03 -5.186e-03 -5.565e-03 -5.904e-03 -6.279e-03 -6.854e-03 -7.535e-03 -8.301e-03 -8.929e-03 -9.501e-03 -9.871e-03 -1.017e-02 -1.031e-02 -1.042e-02 -1.034e-02 -1.023e-02 -9.415e-03 -7.881e-03 -6.426e-03 -5.175e-03 -5.008e-03 -4.789e-03 -4.536e-03 -4.265e-03 -4.351e-03 	
-1.777e-02 -2.494e-02 -2.955e-02 -3.798e-02 -4.617e-02 -5.040e-02 -4.714e-02 -3.945e-02 -3.116e-02 -2.454e-02 -1.878e-02 -1.326e-02 -8.286e-03 -4.203e-03 -1.155e-03  4.717e-04  1.087e-03  1.023e-03  1.709e-04 -4.647e-04 -1.486e-03 -3.213e-03 -4.735e-03 -5.937e-03 -6.725e-03 -7.111e-03 -7.615e-03 -8.137e-03 -8.603e-03 -9.121e-03 -9.928e-03 -1.089e-02 -1.198e-02 -1.287e-02 -1.369e-02 -1.422e-02 -1.465e-02 -1.485e-02 -1.502e-02 -1.493e-02 -1.478e-02 -1.365e-02 -1.147e-02 -9.406e-03 -7.615e-03 -7.336e-03 -6.993e-03 -6.611e-03 -6.208e-03 -6.325e-03 	
-1.020e-02 -2.160e-02 -2.990e-02 -4.216e-02 -5.412e-02 -6.194e-02 -6.153e-02 -5.542e-02 -4.720e-02 -3.971e-02 -3.258e-02 -2.514e-02 -1.801e-02 -1.162e-02 -6.423e-03 -3.101e-03 -1.379e-03 -7.668e-04 -1.441e-03 -1.968e-03 -3.088e-03 -5.333e-03 -7.373e-03 -8.995e-03 -1.006e-02 -1.055e-02 -1.121e-02 -1.190e-02 -1.253e-02 -1.323e-02 -1.434e-02 -1.569e-02 -1.721e-02 -1.847e-02 -1.962e-02 -2.038e-02 -2.100e-02 -2.130e-02 -2.154e-02 -2.145e-02 -2.129e-02 -1.973e-02 -1.669e-02 -1.378e-02 -1.124e-02 -1.077e-02 -1.022e-02 -9.634e-03 -9.030e-03 -9.187e-03 	
 1.022e-02 -7.251e-03 -2.104e-02 -3.861e-02 -5.534e-02 -6.779e-02 -7.209e-02 -7.020e-02 -6.485e-02 -5.871e-02 -5.188e-02 -4.360e-02 -3.478e-02 -2.582e-02 -1.768e-02 -1.153e-02 -7.677e-03 -5.523e-03 -5.421e-03 -5.417e-03 -6.320e-03 -9.036e-03 -1.165e-02 -1.375e-02 -1.514e-02 -1.572e-02 -1.652e-02 -1.741e-02 -1.822e-02 -1.913e-02 -2.063e-02 -2.247e-02 -2.457e-02 -2.633e-02 -2.793e-02 -2.899e-02 -2.987e-02 -3.031e-02 -3.069e-02 -3.062e-02 -3.047e-02 -2.839e-02 -2.422e-02 -2.021e-02 -1.666e-02 -1.583e-02 -1.494e-02 -1.404e-02 -1.312e-02 -1.332e-02 	
 5.387e-02  2.557e-02  3.297e-03 -2.172e-02 -4.424e-02 -6.197e-02 -7.202e-02 -7.637e-02 -7.690e-02 -7.546e-02 -7.219e-02 -6.613e-02 -5.814e-02 -4.821e-02 -3.762e-02 -2.799e-02 -2.089e-02 -1.594e-02 -1.398e-02 -1.264e-02 -1.261e-02 -1.549e-02 -1.860e-02 -2.115e-02 -2.286e-02 -2.347e-02 -2.435e-02 -2.541e-02 -2.639e-02 -2.751e-02 -2.947e-02 -3.192e-02 -3.476e-02 -3.716e-02 -3.935e-02 -4.082e-02 -4.204e-02 -4.269e-02 -4.326e-02 -4.327e-02 -4.320e-02 -4.054e-02 -3.499e-02 -2.960e-02 -2.475e-02 -2.329e-02 -2.184e-02 -2.042e-02 -1.903e-02 -1.927e-02 	
 1.505e-01  9.433e-02  5.399e-02  1.578e-02 -1.519e-02 -3.918e-02 -5.534e-02 -6.659e-02 -7.456e-02 -8.035e-02 -8.383e-02 -8.386e-02 -8.093e-02 -7.423e-02 -6.463e-02 -5.337e-02 -4.339e-02 -3.497e-02 -2.995e-02 -2.623e-02 -2.410e-02 -2.639e-02 -2.965e-02 -3.247e-02 -3.442e-02 -3.491e-02 -3.572e-02 -3.686e-02 -3.795e-02 -3.922e-02 -4.166e-02 -4.482e-02 -4.853e-02 -5.171e-02 -5.462e-02 -5.662e-02 -5.829e-02 -5.923e-02 -6.007e-02 -6.028e-02 -6.042e-02 -5.719e-02 -5.011e-02 -4.316e-02 -3.677e-02 -3.422e-02 -3.186e-02 -2.963e-02 -2.751e-02 -2.775e-02 	
 3.324e-01  2.411e-01  1.624e-01  9.320e-02  4.287e-02  7.283e-03 -1.723e-02 -3.622e-02 -5.212e-02 -6.600e-02 -7.754e-02 -8.572e-02 -9.085e-02 -9.172e-02 -8.837e-02 -8.073e-02 -7.176e-02 -6.204e-02 -5.437e-02 -4.804e-02 -4.281e-02 -4.344e-02 -4.625e-02 -4.896e-02 -5.100e-02 -5.119e-02 -5.167e-02 -5.272e-02 -5.379e-02 -5.509e-02 -5.794e-02 -6.182e-02 -6.648e-02 -7.057e-02 -7.430e-02 -7.693e-02 -7.914e-02 -8.046e-02 -8.168e-02 -8.223e-02 -8.276e-02 -7.915e-02 -7.064e-02 -6.222e-02 -5.425e-02 -4.998e-02 -4.617e-02 -4.271e-02 -3.952e-02 -3.968e-02 	
 4.386e-01  4.078e-01  3.452e-01  2.515e-01  1.631e-01  9.822e-02  5.431e-02  2.150e-02 -5.429e-03 -2.890e-02 -4.916e-02 -6.581e-02 -7.949e-02 -8.927e-02 -9.501e-02 -9.583e-02 -9.351e-02 -8.796e-02 -8.155e-02 -7.513e-02 -6.783e-02 -6.644e-02 -6.842e-02 -7.077e-02 -7.285e-02 -7.270e-02 -7.267e-02 -7.347e-02 -7.437e-02 -7.552e-02 -7.864e-02 -8.316e-02 -8.875e-02 -9.377e-02 -9.837e-02 -1.017e-01 -1.045e-01 -1.063e-01 -1.080e-01 -1.091e-01 -1.102e-01 -1.065e-01 -9.713e-02 -8.776e-02 -7.862e-02 -7.191e-02 -6.606e-02 -6.085e-02 -5.614e-02 -5.608e-02 	
 4.674e-01  4.448e-01  4.329e-01  4.033e-01  3.445e-01  2.656e-01  1.912e-01  1.294e-01  7.955e-02  3.869e-02  5.312e-03 -2.188e-02 -4.474e-02 -6.338e-02 -7.815e-02 -8.848e-02 -9.551e-02 -9.854e-02 -9.871e-02 -9.703e-02 -9.186e-02 -9.047e-02 -9.253e-02 -9.510e-02 -9.772e-02 -9.778e-02 -9.747e-02 -9.813e-02 -9.894e-02 -9.989e-02 -1.031e-01 -1.082e-01 -1.146e-01 -1.205e-01 -1.259e-01 -1.299e-01 -1.334e-01 -1.357e-01 -1.379e-01 -1.396e-01 -1.415e-01 -1.383e-01 -1.289e-01 -1.195e-01 -1.102e-01 -1.006e-01 -9.231e-02 -8.493e-02 -7.831e-02 -7.781e-02 	
 5.396e-01  5.103e-01  4.695e-01  4.336e-01  4.161e-01  3.980e-01  3.617e-01  3.027e-01  2.316e-01  1.621e-01  1.029e-01  5.583e-02  1.804e-02 -1.238e-02 -3.722e-02 -5.713e-02 -7.356e-02 -8.605e-02 -9.528e-02 -1.018e-01 -1.034e-01 -1.061e-01 -1.108e-01 -1.155e-01 -1.201e-01 -1.217e-01 -1.223e-01 -1.235e-01 -1.248e-01 -1.259e-01 -1.294e-01 -1.349e-01 -1.419e-01 -1.487e-01 -1.548e-01 -1.595e-01 -1.636e-01 -1.665e-01 -1.693e-01 -1.717e-01 -1.743e-01 -1.719e-01 -1.635e-01 -1.554e-01 -1.470e-01 -1.351e-01 -1.245e-01 -1.149e-01 -1.062e-01 -1.051e-01 	
 5.617e-01  5.427e-01  5.337e-01  5.048e-01  4.606e-01  4.298e-01  4.186e-01  4.095e-01  3.849e-01  3.353e-01  2.664e-01  1.939e-01  1.291e-01  7.622e-02  3.409e-02  5.411e-04 -2.720e-02 -4.984e-02 -6.871e-02 -8.425e-02 -9.478e-02 -1.048e-01 -1.152e-01 -1.245e-01 -1.330e-01 -1.381e-01 -1.412e-01 -1.445e-01 -1.474e-01 -1.496e-01 -1.539e-01 -1.601e-01 -1.679e-01 -1.755e-01 -1.823e-01 -1.877e-01 -1.924e-01 -1.959e-01 -1.993e-01 -2.024e-01 -2.056e-01 -2.043e-01 -1.976e-01 -1.914e-01 -1.851e-01 -1.722e-01 -1.602e-01 -1.491e-01 -1.388e-01 -1.370e-01 	
 5.876e-01  5.801e-01  5.603e-01  5.304e-01  5.163e-01  5.005e-01  4.736e-01  4.470e-01  4.302e-01  4.182e-01  3.990e-01  3.603e-01  2.994e-01  2.277e-01  1.589e-01  1.004e-01  5.254e-02  1.419e-02 -1.748e-02 -4.368e-02 -6.414e-02 -8.322e-02 -1.013e-01 -1.171e-01 -1.311e-01 -1.414e-01 -1.490e-01 -1.560e-01 -1.619e-01 -1.666e-01 -1.727e-01 -1.804e-01 -1.893e-01 -1.979e-01 -2.056e-01 -2.118e-01 -2.173e-01 -2.215e-01 -2.255e-01 -2.293e-01 -2.331e-01 -2.330e-01 -2.282e-01 -2.241e-01 -2.199e-01 -2.076e-01 -1.958e-01 -1.844e-01 -1.735e-01 -1.711e-01 	
 6.082e-01  5.993e-01  5.823e-01  5.664e-01  5.469e-01  5.247e-01  5.176e-01  5.121e-01  4.929e-01  4.633e-01  4.386e-01  4.236e-01  4.088e-01  3.804e-01  3.301e-01  2.628e-01  1.908e-01  1.257e-01  7.088e-02  2.665e-02 -8.229e-03 -3.933e-02 -6.719e-02 -9.122e-02 -1.122e-01 -1.287e-01 -1.422e-01 -1.543e-01 -1.647e-01 -1.733e-01 -1.824e-01 -1.925e-01 -2.032e-01 -2.132e-01 -2.222e-01 -2.297e-01 -2.361e-01 -2.414e-01 -2.462e-01 -2.507e-01 -2.552e-01 -2.562e-01 -2.533e-01 -2.511e-01 -2.489e-01 -2.384e-01 -2.278e-01 -2.173e-01 -2.070e-01 -2.044e-01 	
 6.211e-01  6.139e-01  6.014e-01  5.868e-01  5.664e-01  5.563e-01  5.513e-01  5.382e-01  5.271e-01  5.196e-01  5.045e-01  4.773e-01  4.490e-01  4.299e-01  4.164e-01  3.962e-01  3.565e-01  2.953e-01  2.218e-01  1.503e-01  8.947e-02  3.692e-02 -7.232e-03 -4.358e-02 -7.397e-02 -9.844e-02 -1.191e-01 -1.375e-01 -1.535e-01 -1.671e-01 -1.806e-01 -1.940e-01 -2.074e-01 -2.196e-01 -2.304e-01 -2.396e-01 -2.476e-01 -2.542e-01 -2.602e-01 -2.658e-01 -2.711e-01 -2.734e-01 -2.723e-01 -2.718e-01 -2.712e-01 -2.630e-01 -2.544e-01 -2.456e-01 -2.366e-01 -2.344e-01 	
 6.308e-01  6.245e-01  6.146e-01  6.006e-01  5.840e-01  5.769e-01  5.705e-01  5.644e-01  5.609e-01  5.490e-01  5.329e-01  5.231e-01  5.125e-01  4.908e-01  4.619e-01  4.382e-01  4.224e-01  4.063e-01  3.757e-01  3.225e-01  2.518e-01  1.730e-01  9.990e-02  3.957e-02 -8.464e-03 -4.594e-02 -7.696e-02 -1.036e-01 -1.266e-01 -1.466e-01 -1.654e-01 -1.833e-01 -2.003e-01 -2.154e-01 -2.289e-01 -2.404e-01 -2.504e-01 -2.590e-01 -2.667e-01 -2.737e-01 -2.803e-01 -2.841e-01 -2.849e-01 -2.861e-01 -2.871e-01 -2.813e-01 -2.749e-01 -2.682e-01 -2.611e-01 -2.595e-01 	
 6.372e-01  6.310e-01  6.248e-01  6.099e-01  5.973e-01  5.903e-01  5.866e-01  5.840e-01  5.808e-01  5.711e-01  5.641e-01  5.555e-01  5.398e-01  5.270e-01  5.184e-01  5.028e-01  4.755e-01  4.470e-01  4.261e-01  4.104e-01  3.880e-01  3.425e-01  2.714e-01  1.882e-01  1.101e-01  4.642e-02 -4.851e-03 -4.636e-02 -8.038e-02 -1.092e-01 -1.352e-01 -1.589e-01 -1.805e-01 -1.995e-01 -2.163e-01 -2.308e-01 -2.437e-01 -2.548e-01 -2.649e-01 -2.738e-01 -2.821e-01 -2.878e-01 -2.908e-01 -2.938e-01 -2.965e-01 -2.932e-01 -2.893e-01 -2.848e-01 -2.797e-01 -2.791e-01 	
 6.412e-01  6.364e-01  6.303e-01  6.172e-01  6.066e-01  5.995e-01  5.988e-01  5.972e-01  5.955e-01  5.892e-01  5.843e-01  5.757e-01  5.667e-01  5.602e-01  5.476e-01  5.326e-01  5.221e-01  5.104e-01  4.866e-01  4.550e-01  4.290e-01  4.088e-01  3.871e-01  3.495e-01  2.867e-01  2.075e-01  1.268e-01  5.617e-02 -7.443e-04 -4.642e-02 -8.478e-02 -1.175e-01 -1.458e-01 -1.700e-01 -1.913e-01 -2.097e-01 -2.262e-01 -2.406e-01 -2.536e-01 -2.652e-01 -2.759e-01 -2.839e-01 -2.893e-01 -2.946e-01 -2.993e-01 -2.988e-01 -2.974e-01 -2.952e-01 -2.924e-01 -2.931e-01 	
 6.430e-01  6.393e-01  6.343e-01  6.219e-01  6.121e-01  6.072e-01  6.066e-01  6.070e-01  6.062e-01  6.022e-01  5.981e-01  5.921e-01  5.863e-01  5.802e-01  5.705e-01  5.637e-01  5.541e-01  5.380e-01  5.233e-01  5.124e-01  4.942e-01  4.607e-01  4.246e-01  3.990e-01  3.802e-01  3.533e-01  3.026e-01  2.277e-01  1.443e-01  6.775e-02  3.399e-03 -4.812e-02 -8.953e-02 -1.228e-01 -1.510e-01 -1.750e-01 -1.962e-01 -2.148e-01 -2.316e-01 -2.467e-01 -2.604e-01 -2.714e-01 -2.798e-01 -2.877e-01 -2.948e-01 -2.974e-01 -2.988e-01 -2.993e-01 -2.990e-01 -3.013e-01 	
 6.437e-01  6.409e-01  6.367e-01  6.251e-01  6.160e-01  6.117e-01  6.125e-01  6.138e-01  6.136e-01  6.117e-01  6.079e-01  6.044e-01  5.996e-01  5.952e-01  5.887e-01  5.838e-01  5.746e-01  5.651e-01  5.565e-01  5.413e-01  5.236e-01  5.086e-01  4.905e-01  4.591e-01  4.207e-01  3.922e-01  3.739e-01  3.530e-01  3.130e-01  2.460e-01  1.615e-01  7.900e-02  9.780e-03 -4.398e-02 -8.669e-02 -1.211e-01 -1.501e-01 -1.750e-01 -1.970e-01 -2.165e-01 -2.341e-01 -2.489e-01 -2.609e-01 -2.720e-01 -2.822e-01 -2.882e-01 -2.930e-01 -2.965e-01 -2.990e-01 -3.033e-01 	
 6.433e-01  6.412e-01  6.376e-01  6.268e-01  6.185e-01  6.149e-01  6.163e-01  6.185e-01  6.192e-01  6.178e-01  6.155e-01  6.128e-01  6.094e-01  6.062e-01  6.017e-01  5.978e-01  5.912e-01  5.847e-01  5.764e-01  5.643e-01  5.553e-01  5.405e-01  5.166e-01  4.966e-01  4.818e-01  4.585e-01  4.220e-01  3.876e-01  3.657e-01  3.482e-01  3.167e-01  2.588e-01  1.794e-01  9.798e-02  2.652e-02 -3.092e-02 -7.689e-02 -1.140e-01 -1.451e-01 -1.715e-01 -1.948e-01 -2.146e-01 -2.310e-01 -2.461e-01 -2.599e-01 -2.702e-01 -2.788e-01 -2.859e-01 -2.917e-01 -2.985e-01 	
 6.421e-01  6.407e-01  6.377e-01  6.273e-01  6.197e-01  6.167e-01  6.187e-01  6.215e-01  6.229e-01  6.222e-01  6.205e-01  6.188e-01  6.165e-01  6.139e-01  6.113e-01  6.078e-01  6.036e-01  5.981e-01  5.916e-01  5.826e-01  5.753e-01  5.606e-01  5.444e-01  5.305e-01  5.090e-01  4.877e-01  4.737e-01  4.559e-01  4.231e-01  3.848e-01  3.565e-01  3.384e-01  3.153e-01  2.717e-01  2.039e-01  1.256e-01  5.121e-02 -1.141e-02 -6.212e-02 -1.028e-01 -1.366e-01 -1.644e-01 -1.873e-01 -2.078e-01 -2.264e-01 -2.417e-01 -2.549e-01 -2.662e-01 -2.758e-01 -2.859e-01 	
 6.403e-01  6.395e-01  6.369e-01  6.271e-01  6.200e-01  6.176e-01  6.201e-01  6.234e-01  6.254e-01  6.252e-01  6.241e-01  6.229e-01  6.214e-01  6.196e-01  6.176e-01  6.155e-01  6.121e-01  6.079e-01  6.027e-01  5.956e-01  5.893e-01  5.772e-01  5.642e-01  5.499e-01  5.322e-01  5.208e-01  5.045e-01  4.807e-01  4.635e-01  4.495e-01  4.216e-01  3.819e-01  3.494e-01  3.316e-01  3.157e-01  2.853e-01  2.303e-01  1.572e-01  8.086e-02  1.330e-02 -4.268e-02 -8.719e-02 -1.225e-01 -1.522e-01 -1.780e-01 -2.001e-01 -2.192e-01 -2.357e-01 -2.500e-01 -2.640e-01 	
 6.382e-01  6.379e-01  6.357e-01  6.262e-01  6.197e-01  6.177e-01  6.207e-01  6.244e-01  6.268e-01  6.270e-01  6.263e-01  6.256e-01  6.246e-01  6.235e-01  6.223e-01  6.207e-01  6.182e-01  6.151e-01  6.103e-01  6.052e-01  5.992e-01  5.896e-01  5.774e-01  5.649e-01  5.508e-01  5.405e-01  5.243e-01  5.100e-01  4.973e-01  4.747e-01  4.522e-01  4.381e-01  4.180e-01  3.848e-01  3.515e-01  3.308e-01  3.174e-01  2.965e-01  2.541e-01  1.896e-01  1.142e-01  4.305e-02 -1.678e-02 -6.574e-02 -1.059e-01 -1.396e-01 -1.677e-01 -1.915e-01 -2.119e-01 -2.311e-01 	
 6.357e-01  6.359e-01  6.340e-01  6.249e-01  6.188e-01  6.173e-01  6.207e-01  6.248e-01  6.274e-01  6.280e-01  6.277e-01  6.274e-01  6.268e-01  6.262e-01  6.254e-01  6.244e-01  6.225e-01  6.200e-01  6.161e-01  6.115e-01  6.068e-01  5.981e-01  5.869e-01  5.760e-01  5.637e-01  5.543e-01  5.411e-01  5.299e-01  5.160e-01  4.990e-01  4.863e-01  4.668e-01  4.429e-01  4.296e-01  4.174e-01  3.927e-01  3.599e-01  3.345e-01  3.196e-01  3.047e-01  2.741e-01  2.209e-01  1.516e-01  7.872e-02  1.266e-02 -4.371e-02 -8.930e-02 -1.263e-01 -1.568e-01 -1.837e-01 	
 6.332e-01  6.337e-01  6.320e-01  6.231e-01  6.175e-01  6.165e-01  6.202e-01  6.246e-01  6.276e-01  6.284e-01  6.284e-01  6.283e-01  6.281e-01  6.278e-01  6.274e-01  6.268e-01  6.253e-01  6.233e-01  6.200e-01  6.161e-01  6.119e-01  6.041e-01  5.941e-01  5.833e-01  5.733e-01  5.639e-01  5.537e-01  5.428e-01  5.312e-01  5.178e-01  5.054e-01  4.869e-01  4.738e-01  4.620e-01  4.419e-01  4.267e-01  4.177e-01  4.010e-01  3.714e-01  3.425e-01  3.237e-01  3.112e-01  2.914e-01  2.508e-01  1.882e-01  1.136e-01  4.147e-02 -2.048e-02 -7.096e-02 -1.128e-01 	
 6.306e-01  6.314e-01  6.299e-01  6.212e-01  6.160e-01  6.154e-01  6.194e-01  6.241e-01  6.273e-01  6.283e-01  6.285e-01  6.287e-01  6.287e-01  6.287e-01  6.286e-01  6.283e-01  6.272e-01  6.256e-01  6.226e-01  6.192e-01  6.155e-01  6.082e-01  5.989e-01  5.891e-01  5.794e-01  5.712e-01  5.624e-01  5.520e-01  5.426e-01  5.304e-01  5.192e-01  5.041e-01  4.934e-01  4.804e-01  4.677e-01  4.602e-01  4.453e-01  4.281e-01  4.181e-01  4.074e-01  3.841e-01  3.544e-01  3.322e-01  3.188e-01  3.040e-01  2.730e-01  2.190e-01  1.475e-01  7.267e-02  4.356e-03 	
 6.281e-01  6.291e-01  6.277e-01  6.191e-01  6.142e-01  6.140e-01  6.184e-01  6.233e-01  6.267e-01  6.279e-01  6.283e-01  6.287e-01  6.289e-01  6.291e-01  6.292e-01  6.291e-01  6.282e-01  6.269e-01  6.243e-01  6.212e-01  6.179e-01  6.109e-01  6.020e-01  5.928e-01  5.839e-01  5.763e-01  5.681e-01  5.593e-01  5.498e-01  5.400e-01  5.288e-01  5.166e-01  5.062e-01  4.958e-01  4.866e-01  4.788e-01  4.666e-01  4.591e-01  4.494e-01  4.328e-01  4.200e-01  4.123e-01  3.973e-01  3.706e-01  3.436e-01  3.244e-01  3.105e-01  2.884e-01  2.456e-01  1.799e-01 	
 6.257e-01  6.268e-01  6.255e-01  6.170e-01  6.124e-01  6.125e-01  6.172e-01  6.223e-01  6.259e-01  6.272e-01  6.277e-01  6.283e-01  6.286e-01  6.290e-01  6.293e-01  6.294e-01  6.287e-01  6.276e-01  6.252e-01  6.224e-01  6.193e-01  6.127e-01  6.041e-01  5.953e-01  5.869e-01  5.798e-01  5.722e-01  5.640e-01  5.556e-01  5.463e-01  5.358e-01  5.257e-01  5.150e-01  5.074e-01  4.990e-01  4.928e-01  4.839e-01  4.783e-01  4.684e-01  4.592e-01  4.528e-01  4.399e-01  4.259e-01  4.178e-01  4.076e-01  3.842e-01  3.539e-01  3.299e-01  3.149e-01  2.979e-01 	
 6.234e-01  6.246e-01  6.234e-01  6.148e-01  6.105e-01  6.109e-01  6.159e-01  6.212e-01  6.249e-01  6.264e-01  6.270e-01  6.277e-01  6.282e-01  6.287e-01  6.291e-01  6.294e-01  6.288e-01  6.278e-01  6.256e-01  6.229e-01  6.201e-01  6.136e-01  6.053e-01  5.968e-01  5.888e-01  5.821e-01  5.749e-01  5.671e-01  5.593e-01  5.508e-01  5.409e-01  5.311e-01  5.223e-01  5.149e-01  5.082e-01  5.029e-01  4.962e-01  4.913e-01  4.840e-01  4.780e-01  4.715e-01  4.618e-01  4.567e-01  4.488e-01  4.339e-01  4.209e-01  4.119e-01  3.947e-01  3.660e-01  3.369e-01 	
 6.214e-01  6.226e-01  6.213e-01  6.127e-01  6.085e-01  6.093e-01  6.145e-01  6.201e-01  6.239e-01  6.254e-01  6.262e-01  6.269e-01  6.275e-01  6.281e-01  6.287e-01  6.290e-01  6.286e-01  6.277e-01  6.256e-01  6.230e-01  6.203e-01  6.140e-01  6.058e-01  5.975e-01  5.898e-01  5.835e-01  5.766e-01  5.692e-01  5.617e-01  5.537e-01  5.445e-01  5.353e-01  5.269e-01  5.206e-01  5.147e-01  5.097e-01  5.053e-01  5.002e-01  4.957e-01  4.905e-01  4.857e-01  4.793e-01  4.759e-01  4.682e-01  4.605e-01  4.534e-01  4.395e-01  4.237e-01  4.139e-01  4.014e-01 	
 6.195e-01  6.206e-01  6.194e-01  6.106e-01  6.066e-01  6.077e-01  6.132e-01  6.189e-01  6.228e-01  6.244e-01  6.252e-01  6.261e-01  6.267e-01  6.274e-01  6.281e-01  6.285e-01  6.281e-01  6.273e-01  6.252e-01  6.228e-01  6.202e-01  6.139e-01  6.059e-01  5.978e-01  5.903e-01  5.841e-01  5.775e-01  5.704e-01  5.633e-01  5.556e-01  5.469e-01  5.382e-01  5.303e-01  5.244e-01  5.192e-01  5.150e-01  5.109e-01  5.074e-01  5.035e-01  4.996e-01  4.960e-01  4.916e-01  4.890e-01  4.840e-01  4.793e-01  4.723e-01  4.617e-01  4.546e-01  4.447e-01  4.274e-01 	
 6.178e-01  6.189e-01  6.176e-01  6.087e-01  6.048e-01  6.061e-01  6.118e-01  6.176e-01  6.217e-01  6.234e-01  6.242e-01  6.251e-01  6.259e-01  6.266e-01  6.273e-01  6.278e-01  6.275e-01  6.267e-01  6.247e-01  6.223e-01  6.197e-01  6.135e-01  6.056e-01  5.976e-01  5.903e-01  5.843e-01  5.779e-01  5.710e-01  5.641e-01  5.568e-01  5.483e-01  5.399e-01  5.324e-01  5.269e-01  5.222e-01  5.186e-01  5.152e-01  5.121e-01  5.091e-01  5.063e-01  5.030e-01  5.006e-01  4.982e-01  4.957e-01  4.918e-01  4.866e-01  4.792e-01  4.738e-01  4.641e-01  4.544e-01 	
 6.163e-01  6.173e-01  6.159e-01  6.069e-01  6.031e-01  6.045e-01  6.104e-01  6.164e-01  6.205e-01  6.223e-01  6.232e-01  6.242e-01  6.250e-01  6.258e-01  6.265e-01  6.270e-01  6.267e-01  6.260e-01  6.240e-01  6.217e-01  6.191e-01  6.129e-01  6.051e-01  5.972e-01  5.899e-01  5.841e-01  5.778e-01  5.711e-01  5.645e-01  5.574e-01  5.491e-01  5.410e-01  5.338e-01  5.286e-01  5.243e-01  5.211e-01  5.181e-01  5.156e-01  5.130e-01  5.108e-01  5.084e-01  5.064e-01  5.054e-01  5.037e-01  5.010e-01  4.970e-01  4.915e-01  4.870e-01  4.800e-01  4.732e-01 	
 6.149e-01  6.159e-01  6.144e-01  6.053e-01  6.014e-01  6.031e-01  6.091e-01  6.153e-01  6.195e-01  6.213e-01  6.222e-01  6.232e-01  6.241e-01  6.249e-01  6.257e-01  6.262e-01  6.259e-01  6.252e-01  6.232e-01  6.209e-01  6.183e-01  6.122e-01  6.043e-01  5.965e-01  5.893e-01  5.837e-01  5.775e-01  5.709e-01  5.644e-01  5.575e-01  5.495e-01  5.416e-01  5.346e-01  5.297e-01  5.256e-01  5.227e-01  5.201e-01  5.178e-01  5.156e-01  5.139e-01  5.121e-01  5.108e-01  5.102e-01  5.094e-01  5.078e-01  5.041e-01  5.006e-01  4.962e-01  4.917e-01  4.857e-01 	
 6.137e-01  6.146e-01  6.131e-01  6.038e-01  5.999e-01  6.017e-01  6.079e-01  6.141e-01  6.184e-01  6.202e-01  6.212e-01  6.223e-01  6.231e-01  6.240e-01  6.248e-01  6.253e-01  6.251e-01  6.244e-01  6.224e-01  6.201e-01  6.175e-01  6.113e-01  6.035e-01  5.957e-01  5.886e-01  5.830e-01  5.769e-01  5.705e-01  5.641e-01  5.573e-01  5.495e-01  5.418e-01  5.350e-01  5.303e-01  5.264e-01  5.237e-01  5.213e-01  5.194e-01  5.175e-01  5.161e-01  5.147e-01  5.138e-01  5.137e-01  5.134e-01  5.124e-01  5.096e-01  5.065e-01  5.033e-01  4.998e-01  4.948e-01 	
 6.126e-01  6.135e-01  6.119e-01  6.025e-01  5.985e-01  6.004e-01  6.068e-01  6.131e-01  6.174e-01  6.193e-01  6.203e-01  6.213e-01  6.222e-01  6.231e-01  6.239e-01  6.245e-01  6.242e-01  6.235e-01  6.215e-01  6.192e-01  6.166e-01  6.104e-01  6.025e-01  5.947e-01  5.877e-01  5.822e-01  5.762e-01  5.698e-01  5.636e-01  5.569e-01  5.492e-01  5.417e-01  5.351e-01  5.305e-01  5.268e-01  5.243e-01  5.221e-01  5.203e-01  5.187e-01  5.176e-01  5.164e-01  5.158e-01  5.161e-01  5.161e-01  5.156e-01  5.133e-01  5.109e-01  5.082e-01  5.054e-01  5.016e-01 	
 6.116e-01  6.125e-01  6.108e-01  6.013e-01  5.973e-01  5.992e-01  6.057e-01  6.121e-01  6.165e-01  6.184e-01  6.194e-01  6.205e-01  6.214e-01  6.223e-01  6.231e-01  6.236e-01  6.234e-01  6.227e-01  6.206e-01  6.183e-01  6.157e-01  6.094e-01  6.015e-01  5.937e-01  5.868e-01  5.813e-01  5.753e-01  5.691e-01  5.629e-01  5.563e-01  5.488e-01  5.414e-01  5.349e-01  5.305e-01  5.270e-01  5.246e-01  5.225e-01  5.209e-01  5.194e-01  5.185e-01  5.175e-01  5.172e-01  5.177e-01  5.180e-01  5.179e-01  5.160e-01  5.139e-01  5.118e-01  5.094e-01  5.062e-01 	
 6.108e-01  6.116e-01  6.099e-01  6.003e-01  5.962e-01  5.981e-01  6.047e-01  6.112e-01  6.156e-01  6.175e-01  6.185e-01  6.196e-01  6.206e-01  6.215e-01  6.223e-01  6.228e-01  6.225e-01  6.218e-01  6.198e-01  6.174e-01  6.147e-01  6.084e-01  6.005e-01  5.927e-01  5.858e-01  5.803e-01  5.744e-01  5.682e-01  5.621e-01  5.556e-01  5.482e-01  5.410e-01  5.346e-01  5.303e-01  5.269e-01  5.246e-01  5.226e-01  5.211e-01  5.198e-01  5.190e-01  5.182e-01  5.181e-01  5.188e-01  5.193e-01  5.194e-01  5.177e-01  5.160e-01  5.142e-01  5.122e-01  5.094e-01 	
 6.100e-01  6.108e-01  6.091e-01  5.993e-01  5.952e-01  5.971e-01  6.038e-01  6.103e-01  6.148e-01  6.167e-01  6.177e-01  6.188e-01  6.198e-01  6.207e-01  6.215e-01  6.220e-01  6.217e-01  6.210e-01  6.189e-01  6.165e-01  6.138e-01  6.074e-01  5.995e-01  5.917e-01  5.847e-01  5.793e-01  5.734e-01  5.673e-01  5.612e-01  5.549e-01  5.475e-01  5.404e-01  5.342e-01  5.300e-01  5.267e-01  5.244e-01  5.226e-01  5.212e-01  5.199e-01  5.193e-01  5.185e-01  5.186e-01  5.194e-01  5.201e-01  5.203e-01  5.189e-01  5.174e-01  5.158e-01  5.141e-01  5.117e-01 	
 6.094e-01  6.101e-01  6.083e-01  5.985e-01  5.943e-01  5.963e-01  6.030e-01  6.096e-01  6.140e-01  6.159e-01  6.170e-01  6.181e-01  6.190e-01  6.200e-01  6.208e-01  6.213e-01  6.210e-01  6.202e-01  6.181e-01  6.157e-01  6.129e-01  6.065e-01  5.985e-01  5.906e-01  5.837e-01  5.783e-01  5.724e-01  5.663e-01  5.603e-01  5.540e-01  5.468e-01  5.398e-01  5.337e-01  5.296e-01  5.263e-01  5.242e-01  5.224e-01  5.211e-01  5.199e-01  5.193e-01  5.187e-01  5.188e-01  5.197e-01  5.206e-01  5.209e-01  5.196e-01  5.183e-01  5.169e-01  5.154e-01  5.132e-01 	
 6.088e-01  6.095e-01  6.076e-01  5.978e-01  5.935e-01  5.955e-01  6.022e-01  6.089e-01  6.133e-01  6.153e-01  6.163e-01  6.174e-01  6.184e-01  6.193e-01  6.201e-01  6.206e-01  6.203e-01  6.195e-01  6.173e-01  6.149e-01  6.121e-01  6.056e-01  5.975e-01  5.896e-01  5.827e-01  5.773e-01  5.714e-01  5.653e-01  5.594e-01  5.531e-01  5.460e-01  5.391e-01  5.331e-01  5.291e-01  5.259e-01  5.239e-01  5.221e-01  5.209e-01  5.198e-01  5.192e-01  5.187e-01  5.189e-01  5.199e-01  5.208e-01  5.212e-01  5.201e-01  5.188e-01  5.176e-01  5.162e-01  5.142e-01 	
 6.082e-01  6.089e-01  6.071e-01  5.971e-01  5.928e-01  5.948e-01  6.016e-01  6.082e-01  6.127e-01  6.146e-01  6.157e-01  6.168e-01  6.177e-01  6.186e-01  6.195e-01  6.199e-01  6.196e-01  6.188e-01  6.166e-01  6.142e-01  6.113e-01  6.047e-01  5.966e-01  5.886e-01  5.817e-01  5.763e-01  5.704e-01  5.643e-01  5.584e-01  5.522e-01  5.452e-01  5.384e-01  5.325e-01  5.286e-01  5.255e-01  5.235e-01  5.218e-01  5.206e-01  5.195e-01  5.190e-01  5.186e-01  5.188e-01  5.198e-01  5.208e-01  5.213e-01  5.202e-01  5.191e-01  5.179e-01  5.167e-01  5.148e-01 	
 6.078e-01  6.084e-01  6.065e-01  5.965e-01  5.922e-01  5.942e-01  6.010e-01  6.076e-01  6.121e-01  6.141e-01  6.151e-01  6.162e-01  6.172e-01  6.181e-01  6.189e-01  6.193e-01  6.190e-01  6.182e-01  6.159e-01  6.134e-01  6.105e-01  6.039e-01  5.957e-01  5.877e-01  5.807e-01  5.753e-01  5.694e-01  5.633e-01  5.575e-01  5.513e-01  5.443e-01  5.377e-01  5.319e-01  5.281e-01  5.250e-01  5.231e-01  5.214e-01  5.203e-01  5.192e-01  5.188e-01  5.183e-01  5.186e-01  5.197e-01  5.207e-01  5.213e-01  5.203e-01  5.192e-01  5.181e-01  5.170e-01  5.151e-01 	
 6.073e-01  6.080e-01  6.061e-01  5.960e-01  5.917e-01  5.936e-01  6.004e-01  6.071e-01  6.116e-01  6.136e-01  6.146e-01  6.157e-01  6.166e-01  6.175e-01  6.183e-01  6.188e-01  6.184e-01  6.176e-01  6.153e-01  6.128e-01  6.098e-01  6.031e-01  5.949e-01  5.868e-01  5.798e-01  5.744e-01  5.684e-01  5.624e-01  5.565e-01  5.504e-01  5.435e-01  5.369e-01  5.312e-01  5.275e-01  5.245e-01  5.226e-01  5.210e-01  5.199e-01  5.189e-01  5.185e-01  5.181e-01  5.184e-01  5.195e-01  5.205e-01  5.212e-01  5.202e-01  5.191e-01  5.181e-01  5.170e-01  5.153e-01 	
 6.070e-01  6.076e-01  6.057e-01  5.956e-01  5.912e-01  5.931e-01  6.000e-01  6.067e-01  6.112e-01  6.131e-01  6.141e-01  6.152e-01  6.162e-01  6.171e-01  6.178e-01  6.183e-01  6.179e-01  6.170e-01  6.147e-01  6.122e-01  6.092e-01  6.024e-01  5.941e-01  5.860e-01  5.789e-01  5.735e-01  5.675e-01  5.614e-01  5.556e-01  5.495e-01  5.426e-01  5.361e-01  5.306e-01  5.269e-01  5.240e-01  5.222e-01  5.206e-01  5.195e-01  5.186e-01  5.182e-01  5.178e-01  5.181e-01  5.192e-01  5.203e-01  5.210e-01  5.200e-01  5.190e-01  5.180e-01  5.170e-01  5.153e-01 	
