 1.060e-03  1.259e-04  3.329e-05 -2.101e-05 -5.287e-05 -7.375e-05 -8.876e-05 -1.004e-04 -1.100e-04 -1.184e-04 -1.262e-04 -1.338e-04 -1.414e-04 -1.491e-04 -1.568e-04 -1.640e-04 -1.695e-04 -1.719e-04 -1.690e-04 -1.579e-04 -1.348e-04 -9.529e-05 -3.425e-05  5.412e-05  1.761e-04  3.385e-04  5.483e-04  8.126e-04  1.139e-03  1.533e-03  2.004e-03  2.556e-03  3.195e-03  3.928e-03  4.758e-03  5.689e-03  6.726e-03  7.871e-03  9.127e-03  1.050e-02  1.199e-02  1.360e-02  1.535e-02  1.725e-02  1.932e-02  2.159e-02  2.412e-02  2.697e-02  3.026e-02  3.415e-02 	
 2.999e-04 -1.537e-04 -1.077e-04 -9.963e-05 -9.319e-05 -8.813e-05 -8.459e-05 -8.251e-05 -8.183e-05 -8.259e-05 -8.485e-05 -8.863e-05 -9.381e-05 -9.990e-05 -1.059e-04 -1.099e-04 -1.092e-04 -9.996e-05 -7.694e-05 -3.386e-05  3.679e-05  1.435e-04  2.957e-04  5.034e-04  7.769e-04  1.127e-03  1.564e-03  2.097e-03  2.737e-03  3.493e-03  4.371e-03  5.380e-03  6.525e-03  7.810e-03  9.239e-03  1.081e-02  1.254e-02  1.441e-02  1.642e-02  1.859e-02  2.089e-02  2.335e-02  2.595e-02  2.871e-02  3.163e-02  3.472e-02  3.800e-02  4.151e-02  4.526e-02  4.932e-02 	
 4.988e-05 -2.188e-04 -1.210e-04 -9.778e-05 -8.528e-05 -7.825e-05 -7.487e-05 -7.422e-05 -7.591e-05 -7.982e-05 -8.583e-05 -9.355e-05 -1.019e-04 -1.087e-04 -1.104e-04 -1.015e-04 -7.478e-05 -2.078e-05  7.170e-05  2.155e-04  4.247e-04  7.142e-04  1.099e-03  1.596e-03  2.218e-03  2.979e-03  3.894e-03  4.972e-03  6.224e-03  7.658e-03  9.279e-03  1.109e-02  1.310e-02  1.531e-02  1.771e-02  2.031e-02  2.309e-02  2.606e-02  2.921e-02  3.254e-02  3.602e-02  3.967e-02  4.346e-02  4.740e-02  5.146e-02  5.565e-02  5.995e-02  6.435e-02  6.885e-02  7.343e-02 	
-2.827e-05 -2.150e-04 -1.066e-04 -8.660e-05 -7.822e-05 -7.527e-05 -7.595e-05 -7.962e-05 -8.614e-05 -9.539e-05 -1.066e-04 -1.178e-04 -1.249e-04 -1.209e-04 -9.597e-05 -3.684e-05  7.282e-05  2.519e-04  5.213e-04  9.030e-04  1.419e-03  2.092e-03  2.941e-03  3.986e-03  5.243e-03  6.725e-03  8.445e-03  1.041e-02  1.262e-02  1.509e-02  1.781e-02  2.078e-02  2.400e-02  2.745e-02  3.114e-02  3.505e-02  3.917e-02  4.349e-02  4.799e-02  5.268e-02  5.752e-02  6.250e-02  6.762e-02  7.283e-02  7.813e-02  8.349e-02  8.886e-02  9.422e-02  9.950e-02  1.046e-01 	
-5.255e-05 -1.962e-04 -9.509e-05 -8.246e-05 -7.936e-05 -8.094e-05 -8.635e-05 -9.558e-05 -1.086e-04 -1.240e-04 -1.383e-04 -1.438e-04 -1.282e-04 -7.381e-05  4.222e-05  2.472e-04  5.714e-04  1.047e-03  1.706e-03  2.580e-03  3.696e-03  5.080e-03  6.752e-03  8.727e-03  1.102e-02  1.363e-02  1.656e-02  1.982e-02  2.339e-02  2.727e-02  3.145e-02  3.591e-02  4.063e-02  4.561e-02  5.082e-02  5.625e-02  6.188e-02  6.768e-02  7.365e-02  7.976e-02  8.600e-02  9.233e-02  9.874e-02  1.052e-01  1.117e-01  1.181e-01  1.244e-01  1.306e-01  1.366e-01  1.422e-01 	
-6.313e-05 -1.799e-04 -9.176e-05 -8.576e-05 -8.749e-05 -9.421e-05 -1.062e-04 -1.235e-04 -1.442e-04 -1.621e-04 -1.641e-04 -1.288e-04 -2.633e-05  1.813e-04  5.376e-04  1.089e-03  1.882e-03  2.962e-03  4.366e-03  6.128e-03  8.273e-03  1.082e-02  1.378e-02  1.715e-02  2.093e-02  2.511e-02  2.967e-02  3.460e-02  3.988e-02  4.548e-02  5.137e-02  5.754e-02  6.395e-02  7.058e-02  7.740e-02  8.439e-02  9.153e-02  9.879e-02  1.062e-01  1.136e-01  1.211e-01  1.286e-01  1.362e-01  1.437e-01  1.511e-01  1.584e-01  1.655e-01  1.723e-01  1.788e-01  1.846e-01 	
-7.266e-05 -1.704e-04 -9.534e-05 -9.500e-05 -1.023e-04 -1.168e-04 -1.389e-04 -1.663e-04 -1.891e-04 -1.862e-04 -1.225e-04  5.095e-05  3.944e-04  9.744e-04  1.859e-03  3.112e-03  4.789e-03  6.935e-03  9.583e-03  1.275e-02  1.645e-02  2.067e-02  2.540e-02  3.062e-02  3.630e-02  4.241e-02  4.891e-02  5.577e-02  6.294e-02  7.040e-02  7.809e-02  8.600e-02  9.407e-02  1.023e-01  1.106e-01  1.190e-01  1.275e-01  1.360e-01  1.445e-01  1.531e-01  1.616e-01  1.700e-01  1.784e-01  1.866e-01  1.947e-01  2.026e-01  2.102e-01  2.174e-01  2.241e-01  2.300e-01 	
-8.446e-05 -1.676e-04 -1.044e-04 -1.103e-04 -1.263e-04 -1.532e-04 -1.887e-04 -2.191e-04 -2.122e-04 -1.128e-04  1.559e-04  6.863e-04  1.577e-03  2.922e-03  4.804e-03  7.289e-03  1.042e-02  1.422e-02  1.870e-02  2.383e-02  2.960e-02  3.596e-02  4.286e-02  5.026e-02  5.810e-02  6.632e-02  7.487e-02  8.370e-02  9.275e-02  1.020e-01  1.113e-01  1.208e-01  1.303e-01  1.399e-01  1.494e-01  1.590e-01  1.685e-01  1.779e-01  1.872e-01  1.965e-01  2.056e-01  2.146e-01  2.235e-01  2.321e-01  2.406e-01  2.487e-01  2.565e-01  2.638e-01  2.705e-01  2.764e-01 	
-9.904e-05 -1.707e-04 -1.189e-04 -1.340e-04 -1.646e-04 -2.092e-04 -2.514e-04 -2.456e-04 -1.092e-04  2.743e-04  1.043e-03  2.338e-03  4.286e-03  6.989e-03  1.051e-02  1.490e-02  2.014e-02  2.621e-02  3.306e-02  4.063e-02  4.885e-02  5.763e-02  6.691e-02  7.659e-02  8.660e-02  9.687e-02  1.073e-01  1.179e-01  1.286e-01  1.394e-01  1.501e-01  1.607e-01  1.714e-01  1.819e-01  1.923e-01  2.025e-01  2.126e-01  2.226e-01  2.324e-01  2.420e-01  2.514e-01  2.606e-01  2.695e-01  2.783e-01  2.867e-01  2.948e-01  3.025e-01  3.097e-01  3.162e-01  3.219e-01 	
-1.163e-04 -1.795e-04 -1.406e-04 -1.712e-04 -2.242e-04 -2.831e-04 -2.898e-04 -1.271e-04  3.766e-04  1.423e-03  3.211e-03  5.908e-03  9.630e-03  1.444e-02  2.034e-02  2.730e-02  3.523e-02  4.405e-02  5.365e-02  6.390e-02  7.470e-02  8.593e-02  9.748e-02  1.093e-01  1.212e-01  1.332e-01  1.453e-01  1.573e-01  1.692e-01  1.810e-01  1.926e-01  2.040e-01  2.153e-01  2.263e-01  2.371e-01  2.477e-01  2.580e-01  2.681e-01  2.779e-01  2.875e-01  2.968e-01  3.059e-01  3.147e-01  3.232e-01  3.314e-01  3.392e-01  3.466e-01  3.535e-01  3.597e-01  3.650e-01 	
-1.366e-04 -1.950e-04 -1.736e-04 -2.298e-04 -3.079e-04 -3.434e-04 -1.816e-04  4.218e-04  1.758e-03  4.106e-03  7.682e-03  1.262e-02  1.894e-02  2.663e-02  3.556e-02  4.561e-02  5.661e-02  6.839e-02  8.079e-02  9.366e-02  1.068e-01  1.202e-01  1.337e-01  1.472e-01  1.606e-01  1.739e-01  1.870e-01  1.999e-01  2.125e-01  2.249e-01  2.369e-01  2.487e-01  2.601e-01  2.712e-01  2.820e-01  2.925e-01  3.026e-01  3.125e-01  3.221e-01  3.314e-01  3.403e-01  3.490e-01  3.574e-01  3.655e-01  3.733e-01  3.806e-01  3.876e-01  3.940e-01  3.998e-01  4.048e-01 	
-1.603e-04 -2.196e-04 -2.250e-04 -3.168e-04 -3.961e-04 -2.788e-04  3.675e-04  1.959e-03  4.890e-03  9.444e-03  1.576e-02  2.383e-02  3.353e-02  4.468e-02  5.705e-02  7.039e-02  8.448e-02  9.908e-02  1.140e-01  1.291e-01  1.442e-01  1.593e-01  1.742e-01  1.888e-01  2.031e-01  2.171e-01  2.307e-01  2.440e-01  2.568e-01  2.692e-01  2.812e-01  2.929e-01  3.041e-01  3.149e-01  3.254e-01  3.355e-01  3.452e-01  3.546e-01  3.637e-01  3.724e-01  3.808e-01  3.890e-01  3.968e-01  4.043e-01  4.115e-01  4.183e-01  4.247e-01  4.306e-01  4.360e-01  4.405e-01 	
-1.891e-04 -2.584e-04 -3.040e-04 -4.278e-04 -4.055e-04  1.841e-04  1.928e-03  5.392e-03  1.096e-02  1.879e-02  2.879e-02  4.074e-02  5.432e-02  6.920e-02  8.501e-02  1.015e-01  1.183e-01  1.352e-01  1.521e-01  1.689e-01  1.853e-01  2.014e-01  2.170e-01  2.321e-01  2.468e-01  2.609e-01  2.745e-01  2.876e-01  3.002e-01  3.123e-01  3.240e-01  3.351e-01  3.458e-01  3.561e-01  3.660e-01  3.755e-01  3.846e-01  3.933e-01  4.017e-01  4.098e-01  4.176e-01  4.251e-01  4.322e-01  4.391e-01  4.457e-01  4.519e-01  4.577e-01  4.631e-01  4.679e-01  4.721e-01 	
-2.251e-04 -3.190e-04 -4.176e-04 -5.189e-04 -1.172e-04  1.583e-03  5.414e-03  1.194e-02  2.133e-02  3.342e-02  4.781e-02  6.402e-02  8.156e-02  9.995e-02  1.188e-01  1.378e-01  1.567e-01  1.753e-01  1.935e-01  2.111e-01  2.282e-01  2.446e-01  2.603e-01  2.754e-01  2.899e-01  3.037e-01  3.169e-01  3.294e-01  3.415e-01  3.529e-01  3.639e-01  3.743e-01  3.843e-01  3.939e-01  4.030e-01  4.117e-01  4.201e-01  4.281e-01  4.358e-01  4.431e-01  4.502e-01  4.570e-01  4.634e-01  4.696e-01  4.755e-01  4.811e-01  4.864e-01  4.912e-01  4.956e-01  4.994e-01 	
-2.723e-04 -4.114e-04 -5.580e-04 -4.530e-04  9.192e-04  4.787e-03  1.204e-02  2.294e-02  3.719e-02  5.419e-02  7.322e-02  9.357e-02  1.146e-01  1.359e-01  1.571e-01  1.779e-01  1.980e-01  2.175e-01  2.361e-01  2.540e-01  2.710e-01  2.871e-01  3.025e-01  3.171e-01  3.309e-01  3.440e-01  3.565e-01  3.683e-01  3.795e-01  3.901e-01  4.002e-01  4.098e-01  4.190e-01  4.277e-01  4.360e-01  4.439e-01  4.515e-01  4.587e-01  4.656e-01  4.723e-01  4.786e-01  4.847e-01  4.905e-01  4.960e-01  5.013e-01  5.063e-01  5.110e-01  5.153e-01  5.192e-01  5.226e-01 	
-3.356e-04 -5.446e-04 -6.730e-04  8.220e-05  3.468e-03  1.097e-02  2.312e-02  3.952e-02  5.925e-02  8.127e-02  1.046e-01  1.285e-01  1.523e-01  1.756e-01  1.981e-01  2.198e-01  2.403e-01  2.599e-01  2.783e-01  2.958e-01  3.122e-01  3.276e-01  3.422e-01  3.559e-01  3.688e-01  3.810e-01  3.925e-01  4.034e-01  4.136e-01  4.233e-01  4.325e-01  4.412e-01  4.495e-01  4.574e-01  4.648e-01  4.719e-01  4.787e-01  4.852e-01  4.914e-01  4.973e-01  5.029e-01  5.083e-01  5.135e-01  5.184e-01  5.231e-01  5.276e-01  5.317e-01  5.356e-01  5.391e-01  5.422e-01 	
-4.215e-04 -7.180e-04 -6.128e-04  1.668e-03  8.615e-03  2.144e-02  3.977e-02  6.229e-02  8.749e-02  1.140e-01  1.408e-01  1.672e-01  1.927e-01  2.170e-01  2.400e-01  2.617e-01  2.819e-01  3.009e-01  3.186e-01  3.352e-01  3.506e-01  3.650e-01  3.785e-01  3.912e-01  4.030e-01  4.142e-01  4.246e-01  4.344e-01  4.437e-01  4.525e-01  4.607e-01  4.685e-01  4.759e-01  4.829e-01  4.896e-01  4.959e-01  5.020e-01  5.077e-01  5.132e-01  5.185e-01  5.235e-01  5.283e-01  5.329e-01  5.372e-01  5.414e-01  5.453e-01  5.490e-01  5.525e-01  5.556e-01  5.584e-01 	
-5.362e-04 -9.030e-04 -4.990e-05  5.210e-03  1.764e-02  3.733e-02  6.256e-02  9.113e-02  1.211e-01  1.512e-01  1.803e-01  2.081e-01  2.342e-01  2.585e-01  2.811e-01  3.021e-01  3.214e-01  3.393e-01  3.559e-01  3.713e-01  3.855e-01  3.987e-01  4.110e-01  4.225e-01  4.332e-01  4.432e-01  4.526e-01  4.614e-01  4.697e-01  4.775e-01  4.849e-01  4.918e-01  4.984e-01  5.047e-01  5.106e-01  5.162e-01  5.216e-01  5.267e-01  5.315e-01  5.362e-01  5.406e-01  5.449e-01  5.489e-01  5.528e-01  5.565e-01  5.600e-01  5.633e-01  5.664e-01  5.692e-01  5.718e-01 	
-6.830e-04 -1.007e-03  1.612e-03  1.189e-02  3.174e-02  5.928e-02  9.136e-02  1.252e-01  1.588e-01  1.910e-01  2.212e-01  2.492e-01  2.749e-01  2.985e-01  3.200e-01  3.398e-01  3.578e-01  3.744e-01  3.896e-01  4.035e-01  4.165e-01  4.284e-01  4.395e-01  4.498e-01  4.593e-01  4.683e-01  4.766e-01  4.845e-01  4.919e-01  4.988e-01  5.053e-01  5.115e-01  5.173e-01  5.229e-01  5.281e-01  5.331e-01  5.378e-01  5.424e-01  5.467e-01  5.508e-01  5.547e-01  5.585e-01  5.621e-01  5.656e-01  5.689e-01  5.720e-01  5.750e-01  5.777e-01  5.803e-01  5.826e-01 	
-8.574e-04 -8.172e-04  5.294e-03  2.300e-02  5.177e-02  8.729e-02  1.253e-01  1.630e-01  1.987e-01  2.317e-01  2.618e-01  2.890e-01  3.136e-01  3.358e-01  3.559e-01  3.741e-01  3.905e-01  4.056e-01  4.193e-01  4.319e-01  4.434e-01  4.541e-01  4.640e-01  4.731e-01  4.816e-01  4.896e-01  4.970e-01  5.039e-01  5.105e-01  5.166e-01  5.224e-01  5.278e-01  5.330e-01  5.379e-01  5.426e-01  5.470e-01  5.512e-01  5.552e-01  5.591e-01  5.628e-01  5.663e-01  5.696e-01  5.729e-01  5.759e-01  5.789e-01  5.817e-01  5.844e-01  5.869e-01  5.892e-01  5.913e-01 	
-1.039e-03  8.625e-05  1.219e-02  3.962e-02  7.790e-02  1.206e-01  1.630e-01  2.029e-01  2.392e-01  2.717e-01  3.007e-01  3.265e-01  3.494e-01  3.698e-01  3.881e-01  4.045e-01  4.194e-01  4.328e-01  4.451e-01  4.563e-01  4.665e-01  4.760e-01  4.847e-01  4.928e-01  5.004e-01  5.074e-01  5.140e-01  5.201e-01  5.259e-01  5.313e-01  5.365e-01  5.413e-01  5.459e-01  5.503e-01  5.544e-01  5.584e-01  5.621e-01  5.657e-01  5.691e-01  5.724e-01  5.756e-01  5.786e-01  5.815e-01  5.842e-01  5.869e-01  5.894e-01  5.918e-01  5.941e-01  5.962e-01  5.982e-01 	
-1.180e-03  2.410e-03  2.356e-02  6.231e-02  1.096e-01  1.578e-01  2.028e-01  2.431e-01  2.787e-01  3.097e-01  3.369e-01  3.606e-01  3.815e-01  4.000e-01  4.164e-01  4.311e-01  4.443e-01  4.562e-01  4.671e-01  4.770e-01  4.860e-01  4.944e-01  5.021e-01  5.093e-01  5.159e-01  5.221e-01  5.280e-01  5.334e-01  5.385e-01  5.434e-01  5.479e-01  5.523e-01  5.564e-01  5.603e-01  5.640e-01  5.675e-01  5.709e-01  5.741e-01  5.772e-01  5.801e-01  5.830e-01  5.857e-01  5.883e-01  5.908e-01  5.932e-01  5.956e-01  5.978e-01  5.998e-01  6.018e-01  6.036e-01 	
-1.183e-03  7.171e-03  4.047e-02  9.092e-02  1.456e-01  1.972e-01  2.428e-01  2.822e-01  3.159e-01  3.447e-01  3.695e-01  3.910e-01  4.098e-01  4.262e-01  4.408e-01  4.538e-01  4.655e-01  4.760e-01  4.856e-01  4.943e-01  5.023e-01  5.097e-01  5.165e-01  5.228e-01  5.287e-01  5.342e-01  5.394e-01  5.442e-01  5.488e-01  5.531e-01  5.572e-01  5.611e-01  5.648e-01  5.683e-01  5.716e-01  5.748e-01  5.778e-01  5.808e-01  5.836e-01  5.863e-01  5.888e-01  5.913e-01  5.937e-01  5.960e-01  5.982e-01  6.003e-01  6.023e-01  6.043e-01  6.061e-01  6.078e-01 	
-8.563e-04  1.560e-02  6.339e-02  1.246e-01  1.844e-01  2.370e-01  2.815e-01  3.188e-01  3.499e-01  3.761e-01  3.984e-01  4.176e-01  4.342e-01  4.487e-01  4.616e-01  4.730e-01  4.832e-01  4.925e-01  5.009e-01  5.086e-01  5.157e-01  5.222e-01  5.282e-01  5.339e-01  5.391e-01  5.440e-01  5.486e-01  5.530e-01  5.571e-01  5.609e-01  5.646e-01  5.681e-01  5.715e-01  5.746e-01  5.777e-01  5.806e-01  5.833e-01  5.860e-01  5.886e-01  5.910e-01  5.934e-01  5.957e-01  5.979e-01  6.000e-01  6.020e-01  6.040e-01  6.058e-01  6.076e-01  6.093e-01  6.109e-01 	
 1.556e-04  2.890e-02  9.212e-02  1.618e-01  2.240e-01  2.757e-01  3.178e-01  3.521e-01  3.803e-01  4.037e-01  4.235e-01  4.404e-01  4.549e-01  4.677e-01  4.789e-01  4.890e-01  4.980e-01  5.061e-01  5.135e-01  5.203e-01  5.266e-01  5.324e-01  5.377e-01  5.427e-01  5.474e-01  5.518e-01  5.560e-01  5.599e-01  5.636e-01  5.671e-01  5.705e-01  5.737e-01  5.767e-01  5.796e-01  5.824e-01  5.850e-01  5.876e-01  5.900e-01  5.924e-01  5.947e-01  5.969e-01  5.990e-01  6.010e-01  6.030e-01  6.049e-01  6.067e-01  6.085e-01  6.101e-01  6.118e-01  6.133e-01 	
 2.463e-03  4.791e-02  1.258e-01  2.009e-01  2.630e-01  3.121e-01  3.509e-01  3.818e-01  4.068e-01  4.275e-01  4.448e-01  4.596e-01  4.723e-01  4.835e-01  4.933e-01  5.021e-01  5.100e-01  5.172e-01  5.238e-01  5.298e-01  5.354e-01  5.405e-01  5.453e-01  5.498e-01  5.541e-01  5.581e-01  5.618e-01  5.654e-01  5.688e-01  5.720e-01  5.750e-01  5.779e-01  5.807e-01  5.834e-01  5.860e-01  5.884e-01  5.908e-01  5.931e-01  5.953e-01  5.974e-01  5.995e-01  6.014e-01  6.033e-01  6.052e-01  6.070e-01  6.087e-01  6.103e-01  6.119e-01  6.135e-01  6.149e-01 	
 6.989e-03  7.287e-02  1.628e-01  2.402e-01  2.999e-01  3.453e-01  3.802e-01  4.076e-01  4.296e-01  4.476e-01  4.627e-01  4.756e-01  4.867e-01  4.965e-01  5.051e-01  5.128e-01  5.198e-01  5.262e-01  5.320e-01  5.374e-01  5.424e-01  5.470e-01  5.514e-01  5.554e-01  5.593e-01  5.629e-01  5.664e-01  5.696e-01  5.727e-01  5.757e-01  5.785e-01  5.812e-01  5.838e-01  5.863e-01  5.887e-01  5.910e-01  5.932e-01  5.954e-01  5.974e-01  5.994e-01  6.013e-01  6.032e-01  6.050e-01  6.068e-01  6.084e-01  6.101e-01  6.117e-01  6.132e-01  6.146e-01  6.160e-01 	
 1.491e-02  1.033e-01  2.017e-01  2.781e-01  3.339e-01  3.749e-01  4.057e-01  4.297e-01  4.488e-01  4.645e-01  4.776e-01  4.888e-01  4.985e-01  5.070e-01  5.146e-01  5.214e-01  5.276e-01  5.333e-01  5.385e-01  5.434e-01  5.479e-01  5.521e-01  5.561e-01  5.598e-01  5.633e-01  5.667e-01  5.698e-01  5.729e-01  5.757e-01  5.785e-01  5.811e-01  5.837e-01  5.861e-01  5.884e-01  5.907e-01  5.929e-01  5.950e-01  5.970e-01  5.989e-01  6.008e-01  6.026e-01  6.044e-01  6.061e-01  6.078e-01  6.094e-01  6.110e-01  6.125e-01  6.140e-01  6.154e-01  6.167e-01 	
 2.746e-02  1.380e-01  2.406e-01  3.136e-01  3.643e-01  4.006e-01  4.275e-01  4.483e-01  4.648e-01  4.784e-01  4.898e-01  4.995e-01  5.080e-01  5.155e-01  5.222e-01  5.283e-01  5.339e-01  5.390e-01  5.437e-01  5.481e-01  5.522e-01  5.561e-01  5.597e-01  5.631e-01  5.664e-01  5.695e-01  5.725e-01  5.753e-01  5.780e-01  5.806e-01  5.831e-01  5.855e-01  5.878e-01  5.900e-01  5.921e-01  5.942e-01  5.961e-01  5.981e-01  5.999e-01  6.017e-01  6.035e-01  6.052e-01  6.068e-01  6.084e-01  6.100e-01  6.115e-01  6.130e-01  6.144e-01  6.157e-01  6.171e-01 	
 4.560e-02  1.754e-01  2.782e-01  3.458e-01  3.910e-01  4.226e-01  4.459e-01  4.638e-01  4.780e-01  4.898e-01  4.997e-01  5.082e-01  5.157e-01  5.223e-01  5.283e-01  5.337e-01  5.387e-01  5.434e-01  5.477e-01  5.517e-01  5.555e-01  5.591e-01  5.624e-01  5.657e-01  5.687e-01  5.716e-01  5.744e-01  5.771e-01  5.796e-01  5.821e-01  5.844e-01  5.867e-01  5.889e-01  5.910e-01  5.930e-01  5.950e-01  5.969e-01  5.988e-01  6.005e-01  6.023e-01  6.040e-01  6.056e-01  6.072e-01  6.087e-01  6.102e-01  6.117e-01  6.131e-01  6.145e-01  6.158e-01  6.171e-01 	
 6.970e-02  2.140e-01  3.133e-01  3.744e-01  4.139e-01  4.412e-01  4.612e-01  4.765e-01  4.888e-01  4.990e-01  5.076e-01  5.151e-01  5.217e-01  5.277e-01  5.330e-01  5.380e-01  5.425e-01  5.468e-01  5.507e-01  5.545e-01  5.580e-01  5.613e-01  5.645e-01  5.675e-01  5.704e-01  5.731e-01  5.758e-01  5.783e-01  5.807e-01  5.831e-01  5.853e-01  5.875e-01  5.896e-01  5.916e-01  5.936e-01  5.955e-01  5.973e-01  5.991e-01  6.008e-01  6.025e-01  6.042e-01  6.057e-01  6.073e-01  6.088e-01  6.102e-01  6.117e-01  6.130e-01  6.144e-01  6.157e-01  6.170e-01 	
 9.941e-02  2.521e-01  3.451e-01  3.992e-01  4.333e-01  4.566e-01  4.737e-01  4.869e-01  4.975e-01  5.063e-01  5.139e-01  5.206e-01  5.265e-01  5.319e-01  5.367e-01  5.412e-01  5.454e-01  5.494e-01  5.530e-01  5.565e-01  5.598e-01  5.630e-01  5.659e-01  5.688e-01  5.715e-01  5.742e-01  5.767e-01  5.791e-01  5.814e-01  5.837e-01  5.858e-01  5.879e-01  5.900e-01  5.919e-01  5.938e-01  5.957e-01  5.975e-01  5.992e-01  6.009e-01  6.025e-01  6.041e-01  6.056e-01  6.072e-01  6.086e-01  6.100e-01  6.114e-01  6.128e-01  6.141e-01  6.154e-01  6.166e-01 	
 1.337e-01  2.884e-01  3.734e-01  4.204e-01  4.495e-01  4.693e-01  4.839e-01  4.952e-01  5.044e-01  5.122e-01  5.189e-01  5.249e-01  5.302e-01  5.351e-01  5.396e-01  5.437e-01  5.476e-01  5.513e-01  5.547e-01  5.580e-01  5.611e-01  5.641e-01  5.670e-01  5.697e-01  5.723e-01  5.748e-01  5.772e-01  5.796e-01  5.818e-01  5.840e-01  5.861e-01  5.881e-01  5.901e-01  5.920e-01  5.938e-01  5.956e-01  5.974e-01  5.991e-01  6.007e-01  6.023e-01  6.039e-01  6.054e-01  6.069e-01  6.083e-01  6.097e-01  6.111e-01  6.124e-01  6.137e-01  6.149e-01  6.162e-01 	
 1.709e-01  3.220e-01  3.979e-01  4.382e-01  4.629e-01  4.797e-01  4.921e-01  5.019e-01  5.099e-01  5.168e-01  5.228e-01  5.282e-01  5.331e-01  5.375e-01  5.417e-01  5.456e-01  5.492e-01  5.527e-01  5.559e-01  5.590e-01  5.620e-01  5.649e-01  5.676e-01  5.702e-01  5.727e-01  5.752e-01  5.775e-01  5.798e-01  5.819e-01  5.840e-01  5.861e-01  5.881e-01  5.900e-01  5.919e-01  5.937e-01  5.954e-01  5.971e-01  5.988e-01  6.004e-01  6.020e-01  6.035e-01  6.050e-01  6.064e-01  6.079e-01  6.092e-01  6.106e-01  6.119e-01  6.132e-01  6.144e-01  6.156e-01 	
 2.094e-01  3.523e-01  4.188e-01  4.530e-01  4.738e-01  4.880e-01  4.987e-01  5.072e-01  5.143e-01  5.204e-01  5.258e-01  5.307e-01  5.352e-01  5.394e-01  5.432e-01  5.469e-01  5.503e-01  5.536e-01  5.567e-01  5.597e-01  5.626e-01  5.653e-01  5.679e-01  5.705e-01  5.729e-01  5.753e-01  5.775e-01  5.797e-01  5.819e-01  5.839e-01  5.859e-01  5.879e-01  5.897e-01  5.916e-01  5.933e-01  5.951e-01  5.967e-01  5.984e-01  6.000e-01  6.015e-01  6.030e-01  6.045e-01  6.059e-01  6.073e-01  6.087e-01  6.100e-01  6.113e-01  6.126e-01  6.138e-01  6.150e-01 	
 2.476e-01  3.790e-01  4.364e-01  4.651e-01  4.826e-01  4.947e-01  5.039e-01  5.113e-01  5.176e-01  5.232e-01  5.281e-01  5.326e-01  5.368e-01  5.407e-01  5.444e-01  5.478e-01  5.511e-01  5.542e-01  5.572e-01  5.601e-01  5.628e-01  5.655e-01  5.680e-01  5.705e-01  5.729e-01  5.752e-01  5.774e-01  5.795e-01  5.816e-01  5.837e-01  5.856e-01  5.875e-01  5.894e-01  5.912e-01  5.929e-01  5.946e-01  5.963e-01  5.979e-01  5.994e-01  6.010e-01  6.025e-01  6.039e-01  6.053e-01  6.067e-01  6.081e-01  6.094e-01  6.107e-01  6.119e-01  6.131e-01  6.143e-01 	
 2.841e-01  4.021e-01  4.509e-01  4.749e-01  4.896e-01  5.000e-01  5.080e-01  5.146e-01  5.202e-01  5.253e-01  5.298e-01  5.340e-01  5.380e-01  5.416e-01  5.451e-01  5.484e-01  5.515e-01  5.546e-01  5.574e-01  5.602e-01  5.629e-01  5.655e-01  5.680e-01  5.704e-01  5.727e-01  5.749e-01  5.771e-01  5.792e-01  5.813e-01  5.833e-01  5.852e-01  5.871e-01  5.889e-01  5.907e-01  5.924e-01  5.941e-01  5.957e-01  5.973e-01  5.989e-01  6.004e-01  6.018e-01  6.033e-01  6.047e-01  6.061e-01  6.074e-01  6.087e-01  6.100e-01  6.112e-01  6.125e-01  6.136e-01 	
 3.179e-01  4.218e-01  4.629e-01  4.829e-01  4.953e-01  5.041e-01  5.112e-01  5.171e-01  5.222e-01  5.268e-01  5.311e-01  5.350e-01  5.387e-01  5.422e-01  5.456e-01  5.487e-01  5.518e-01  5.547e-01  5.575e-01  5.602e-01  5.628e-01  5.653e-01  5.677e-01  5.701e-01  5.724e-01  5.746e-01  5.767e-01  5.788e-01  5.808e-01  5.828e-01  5.847e-01  5.866e-01  5.884e-01  5.901e-01  5.918e-01  5.935e-01  5.951e-01  5.967e-01  5.982e-01  5.997e-01  6.012e-01  6.026e-01  6.040e-01  6.054e-01  6.067e-01  6.080e-01  6.093e-01  6.105e-01  6.118e-01  6.129e-01 	
 3.483e-01  4.384e-01  4.726e-01  4.892e-01  4.997e-01  5.074e-01  5.136e-01  5.189e-01  5.237e-01  5.280e-01  5.320e-01  5.357e-01  5.392e-01  5.426e-01  5.458e-01  5.489e-01  5.518e-01  5.546e-01  5.574e-01  5.600e-01  5.626e-01  5.650e-01  5.674e-01  5.697e-01  5.720e-01  5.742e-01  5.763e-01  5.783e-01  5.803e-01  5.823e-01  5.841e-01  5.860e-01  5.878e-01  5.895e-01  5.912e-01  5.929e-01  5.945e-01  5.960e-01  5.976e-01  5.991e-01  6.005e-01  6.019e-01  6.033e-01  6.047e-01  6.060e-01  6.073e-01  6.086e-01  6.098e-01  6.110e-01  6.122e-01 	
 3.752e-01  4.521e-01  4.804e-01  4.943e-01  5.032e-01  5.099e-01  5.155e-01  5.204e-01  5.247e-01  5.288e-01  5.326e-01  5.361e-01  5.395e-01  5.428e-01  5.459e-01  5.488e-01  5.517e-01  5.545e-01  5.571e-01  5.597e-01  5.622e-01  5.647e-01  5.670e-01  5.693e-01  5.715e-01  5.737e-01  5.758e-01  5.778e-01  5.798e-01  5.817e-01  5.836e-01  5.854e-01  5.871e-01  5.889e-01  5.906e-01  5.922e-01  5.938e-01  5.954e-01  5.969e-01  5.984e-01  5.998e-01  6.013e-01  6.026e-01  6.040e-01  6.053e-01  6.066e-01  6.079e-01  6.091e-01  6.103e-01  6.115e-01 	
 3.984e-01  4.633e-01  4.867e-01  4.982e-01  5.059e-01  5.118e-01  5.169e-01  5.214e-01  5.255e-01  5.293e-01  5.329e-01  5.364e-01  5.396e-01  5.428e-01  5.458e-01  5.487e-01  5.515e-01  5.542e-01  5.568e-01  5.594e-01  5.618e-01  5.642e-01  5.665e-01  5.688e-01  5.710e-01  5.731e-01  5.752e-01  5.772e-01  5.792e-01  5.811e-01  5.829e-01  5.847e-01  5.865e-01  5.882e-01  5.899e-01  5.915e-01  5.931e-01  5.947e-01  5.962e-01  5.977e-01  5.991e-01  6.006e-01  6.019e-01  6.033e-01  6.046e-01  6.059e-01  6.072e-01  6.084e-01  6.096e-01  6.108e-01 	
 4.181e-01  4.725e-01  4.916e-01  5.013e-01  5.080e-01  5.133e-01  5.179e-01  5.221e-01  5.260e-01  5.296e-01  5.331e-01  5.364e-01  5.396e-01  5.426e-01  5.456e-01  5.484e-01  5.512e-01  5.538e-01  5.564e-01  5.589e-01  5.614e-01  5.637e-01  5.660e-01  5.683e-01  5.704e-01  5.726e-01  5.746e-01  5.766e-01  5.786e-01  5.804e-01  5.823e-01  5.841e-01  5.859e-01  5.876e-01  5.892e-01  5.909e-01  5.925e-01  5.940e-01  5.955e-01  5.970e-01  5.985e-01  5.999e-01  6.013e-01  6.026e-01  6.039e-01  6.052e-01  6.065e-01  6.077e-01  6.089e-01  6.101e-01 	
 4.347e-01  4.798e-01  4.955e-01  5.037e-01  5.096e-01  5.144e-01  5.187e-01  5.226e-01  5.263e-01  5.298e-01  5.331e-01  5.364e-01  5.394e-01  5.424e-01  5.453e-01  5.481e-01  5.508e-01  5.534e-01  5.560e-01  5.585e-01  5.609e-01  5.632e-01  5.655e-01  5.677e-01  5.699e-01  5.720e-01  5.740e-01  5.760e-01  5.779e-01  5.798e-01  5.817e-01  5.835e-01  5.852e-01  5.869e-01  5.886e-01  5.902e-01  5.918e-01  5.933e-01  5.949e-01  5.963e-01  5.978e-01  5.992e-01  6.006e-01  6.019e-01  6.033e-01  6.046e-01  6.058e-01  6.071e-01  6.083e-01  6.095e-01 	
 4.484e-01  4.857e-01  4.986e-01  5.056e-01  5.108e-01  5.152e-01  5.192e-01  5.229e-01  5.264e-01  5.298e-01  5.331e-01  5.362e-01  5.392e-01  5.421e-01  5.450e-01  5.477e-01  5.504e-01  5.530e-01  5.555e-01  5.580e-01  5.603e-01  5.627e-01  5.649e-01  5.671e-01  5.693e-01  5.714e-01  5.734e-01  5.754e-01  5.773e-01  5.792e-01  5.810e-01  5.828e-01  5.846e-01  5.863e-01  5.879e-01  5.895e-01  5.911e-01  5.927e-01  5.942e-01  5.957e-01  5.971e-01  5.985e-01  5.999e-01  6.013e-01  6.026e-01  6.039e-01  6.052e-01  6.064e-01  6.076e-01  6.088e-01 	
 4.597e-01  4.903e-01  5.009e-01  5.070e-01  5.116e-01  5.157e-01  5.195e-01  5.230e-01  5.265e-01  5.297e-01  5.329e-01  5.360e-01  5.389e-01  5.418e-01  5.446e-01  5.473e-01  5.499e-01  5.525e-01  5.550e-01  5.574e-01  5.598e-01  5.621e-01  5.643e-01  5.665e-01  5.687e-01  5.707e-01  5.728e-01  5.747e-01  5.767e-01  5.786e-01  5.804e-01  5.822e-01  5.839e-01  5.856e-01  5.873e-01  5.889e-01  5.905e-01  5.920e-01  5.936e-01  5.950e-01  5.965e-01  5.979e-01  5.993e-01  6.007e-01  6.020e-01  6.033e-01  6.046e-01  6.058e-01  6.070e-01  6.082e-01 	
 4.689e-01  4.940e-01  5.027e-01  5.080e-01  5.122e-01  5.160e-01  5.196e-01  5.231e-01  5.264e-01  5.296e-01  5.327e-01  5.357e-01  5.386e-01  5.414e-01  5.442e-01  5.469e-01  5.495e-01  5.520e-01  5.545e-01  5.569e-01  5.592e-01  5.615e-01  5.638e-01  5.659e-01  5.681e-01  5.701e-01  5.722e-01  5.741e-01  5.761e-01  5.779e-01  5.798e-01  5.815e-01  5.833e-01  5.850e-01  5.867e-01  5.883e-01  5.899e-01  5.914e-01  5.929e-01  5.944e-01  5.959e-01  5.973e-01  5.987e-01  6.000e-01  6.014e-01  6.027e-01  6.040e-01  6.052e-01  6.064e-01  6.076e-01 	
 4.764e-01  4.968e-01  5.041e-01  5.087e-01  5.126e-01  5.162e-01  5.196e-01  5.230e-01  5.262e-01  5.293e-01  5.324e-01  5.353e-01  5.382e-01  5.410e-01  5.437e-01  5.464e-01  5.490e-01  5.515e-01  5.539e-01  5.563e-01  5.587e-01  5.610e-01  5.632e-01  5.654e-01  5.675e-01  5.695e-01  5.716e-01  5.735e-01  5.754e-01  5.773e-01  5.792e-01  5.809e-01  5.827e-01  5.844e-01  5.861e-01  5.877e-01  5.893e-01  5.908e-01  5.923e-01  5.938e-01  5.953e-01  5.967e-01  5.981e-01  5.995e-01  6.008e-01  6.021e-01  6.034e-01  6.046e-01  6.059e-01  6.071e-01 	
 4.824e-01  4.990e-01  5.051e-01  5.092e-01  5.128e-01  5.162e-01  5.195e-01  5.228e-01  5.259e-01  5.290e-01  5.320e-01  5.349e-01  5.378e-01  5.405e-01  5.432e-01  5.459e-01  5.484e-01  5.509e-01  5.534e-01  5.558e-01  5.581e-01  5.604e-01  5.626e-01  5.648e-01  5.669e-01  5.689e-01  5.710e-01  5.729e-01  5.748e-01  5.767e-01  5.785e-01  5.803e-01  5.821e-01  5.838e-01  5.855e-01  5.871e-01  5.887e-01  5.902e-01  5.918e-01  5.932e-01  5.947e-01  5.961e-01  5.975e-01  5.989e-01  6.002e-01  6.015e-01  6.028e-01  6.041e-01  6.053e-01  6.066e-01 	
 4.874e-01  5.010e-01  5.061e-01  5.098e-01  5.131e-01  5.163e-01  5.195e-01  5.226e-01  5.257e-01  5.287e-01  5.316e-01  5.345e-01  5.373e-01  5.400e-01  5.427e-01  5.453e-01  5.479e-01  5.503e-01  5.528e-01  5.552e-01  5.575e-01  5.597e-01  5.620e-01  5.641e-01  5.662e-01  5.683e-01  5.703e-01  5.723e-01  5.742e-01  5.761e-01  5.779e-01  5.797e-01  5.815e-01  5.832e-01  5.848e-01  5.865e-01  5.881e-01  5.896e-01  5.911e-01  5.926e-01  5.941e-01  5.955e-01  5.969e-01  5.983e-01  5.996e-01  6.010e-01  6.023e-01  6.036e-01  6.049e-01  6.061e-01 	
 4.918e-01  5.035e-01  5.079e-01  5.111e-01  5.142e-01  5.173e-01  5.203e-01  5.233e-01  5.262e-01  5.292e-01  5.320e-01  5.348e-01  5.375e-01  5.402e-01  5.428e-01  5.454e-01  5.479e-01  5.504e-01  5.528e-01  5.551e-01  5.574e-01  5.597e-01  5.619e-01  5.640e-01  5.661e-01  5.681e-01  5.701e-01  5.721e-01  5.740e-01  5.759e-01  5.777e-01  5.795e-01  5.812e-01  5.829e-01  5.846e-01  5.862e-01  5.878e-01  5.894e-01  5.909e-01  5.924e-01  5.939e-01  5.953e-01  5.967e-01  5.981e-01  5.994e-01  6.008e-01  6.021e-01  6.035e-01  6.048e-01  6.063e-01 	
