 1.689e-05  6.850e-05  1.192e-04  1.594e-04  1.947e-04  2.299e-04  2.671e-04  3.070e-04  3.498e-04  3.958e-04  4.446e-04  4.971e-04  5.524e-04  6.111e-04  6.733e-04  7.388e-04  8.081e-04  8.812e-04  9.580e-04  1.038e-03  1.123e-03  1.212e-03  1.304e-03  1.401e-03  1.502e-03  1.606e-03  1.716e-03  1.827e-03  1.944e-03  2.066e-03  2.190e-03  2.318e-03  2.450e-03  2.584e-03  2.722e-03  2.863e-03  3.005e-03  3.150e-03  3.297e-03  3.446e-03  3.595e-03  3.746e-03  3.896e-03  4.047e-03  4.198e-03  4.348e-03  4.497e-03  4.645e-03  4.791e-03  4.937e-03 	
 2.218e-05  9.959e-05  1.860e-04  2.583e-04  3.222e-04  3.851e-04  4.508e-04  5.208e-04  5.957e-04  6.755e-04  7.613e-04  8.519e-04  9.481e-04  1.050e-03  1.158e-03  1.272e-03  1.392e-03  1.519e-03  1.652e-03  1.792e-03  1.938e-03  2.092e-03  2.252e-03  2.420e-03  2.595e-03  2.776e-03  2.965e-03  3.160e-03  3.363e-03  3.572e-03  3.789e-03  4.010e-03  4.239e-03  4.473e-03  4.713e-03  4.957e-03  5.204e-03  5.456e-03  5.711e-03  5.968e-03  6.229e-03  6.489e-03  6.750e-03  7.012e-03  7.272e-03  7.533e-03  7.791e-03  8.047e-03  8.301e-03  8.551e-03 	
 2.854e-05  1.401e-04  2.812e-04  4.081e-04  5.221e-04  6.338e-04  7.492e-04  8.715e-04  1.001e-03  1.141e-03  1.288e-03  1.445e-03  1.611e-03  1.788e-03  1.974e-03  2.170e-03  2.378e-03  2.596e-03  2.826e-03  3.067e-03  3.320e-03  3.586e-03  3.862e-03  4.150e-03  4.450e-03  4.764e-03  5.091e-03  5.428e-03  5.778e-03  6.139e-03  6.512e-03  6.896e-03  7.289e-03  7.694e-03  8.104e-03  8.525e-03  8.955e-03  9.388e-03  9.828e-03  1.027e-02  1.072e-02  1.117e-02  1.162e-02  1.207e-02  1.252e-02  1.296e-02  1.341e-02  1.385e-02  1.428e-02  1.471e-02 	
 3.619e-05  1.912e-04  4.114e-04  6.259e-04  8.253e-04  1.020e-03  1.221e-03  1.433e-03  1.657e-03  1.897e-03  2.151e-03  2.420e-03  2.705e-03  3.007e-03  3.326e-03  3.662e-03  4.017e-03  4.390e-03  4.783e-03  5.194e-03  5.630e-03  6.079e-03  6.553e-03  7.046e-03  7.565e-03  8.099e-03  8.655e-03  9.236e-03  9.834e-03  1.045e-02  1.109e-02  1.174e-02  1.242e-02  1.311e-02  1.381e-02  1.453e-02  1.526e-02  1.600e-02  1.675e-02  1.751e-02  1.827e-02  1.904e-02  1.980e-02  2.057e-02  2.133e-02  2.209e-02  2.285e-02  2.359e-02  2.433e-02  2.506e-02 	
 4.542e-05  2.545e-04  5.827e-04  9.300e-04  1.267e-03  1.601e-03  1.944e-03  2.306e-03  2.688e-03  3.093e-03  3.524e-03  3.981e-03  4.465e-03  4.976e-03  5.516e-03  6.086e-03  6.686e-03  7.317e-03  7.984e-03  8.682e-03  9.412e-03  1.018e-02  1.098e-02  1.182e-02  1.269e-02  1.359e-02  1.454e-02  1.551e-02  1.652e-02  1.757e-02  1.864e-02  1.975e-02  2.089e-02  2.205e-02  2.324e-02  2.446e-02  2.569e-02  2.693e-02  2.819e-02  2.946e-02  3.074e-02  3.203e-02  3.331e-02  3.459e-02  3.587e-02  3.713e-02  3.839e-02  3.963e-02  4.085e-02  4.206e-02 	
 5.669e-05  3.324e-04  8.029e-04  1.340e-03  1.887e-03  2.440e-03  3.013e-03  3.617e-03  4.255e-03  4.934e-03  5.654e-03  6.416e-03  7.223e-03  8.076e-03  8.977e-03  9.927e-03  1.093e-02  1.198e-02  1.309e-02  1.426e-02  1.547e-02  1.675e-02  1.808e-02  1.948e-02  2.093e-02  2.244e-02  2.401e-02  2.563e-02  2.732e-02  2.905e-02  3.084e-02  3.268e-02  3.457e-02  3.650e-02  3.846e-02  4.046e-02  4.249e-02  4.454e-02  4.662e-02  4.870e-02  5.080e-02  5.289e-02  5.501e-02  5.709e-02  5.914e-02  6.119e-02  6.324e-02  6.524e-02  6.721e-02  6.917e-02 	
 7.066e-05  4.290e-04  1.082e-03  1.879e-03  2.730e-03  3.615e-03  4.541e-03  5.522e-03  6.564e-03  7.672e-03  8.849e-03  1.010e-02  1.142e-02  1.282e-02  1.429e-02  1.585e-02  1.749e-02  1.922e-02  2.103e-02  2.294e-02  2.494e-02  2.703e-02  2.921e-02  3.149e-02  3.386e-02  3.633e-02  3.889e-02  4.154e-02  4.427e-02  4.710e-02  5.000e-02  5.297e-02  5.601e-02  5.911e-02  6.226e-02  6.546e-02  6.870e-02  7.198e-02  7.523e-02  7.852e-02  8.185e-02  8.512e-02  8.841e-02  9.162e-02  9.482e-02  9.800e-02  1.011e-01  1.042e-01  1.072e-01  1.102e-01 	
 8.836e-05  5.506e-04  1.436e-03  2.579e-03  3.854e-03  5.215e-03  6.665e-03  8.212e-03  9.866e-03  1.163e-02  1.351e-02  1.551e-02  1.763e-02  1.988e-02  2.224e-02  2.474e-02  2.739e-02  3.016e-02  3.307e-02  3.613e-02  3.934e-02  4.269e-02  4.618e-02  4.983e-02  5.362e-02  5.755e-02  6.161e-02  6.580e-02  7.011e-02  7.454e-02  7.906e-02  8.368e-02  8.837e-02  9.318e-02  9.793e-02  1.029e-01  1.077e-01  1.126e-01  1.175e-01  1.223e-01  1.272e-01  1.320e-01  1.367e-01  1.414e-01  1.460e-01  1.506e-01  1.550e-01  1.593e-01  1.636e-01  1.678e-01 	
 1.113e-04  7.081e-04  1.895e-03  3.496e-03  5.348e-03  7.379e-03  9.579e-03  1.195e-02  1.451e-02  1.725e-02  2.019e-02  2.333e-02  2.665e-02  3.017e-02  3.392e-02  3.786e-02  4.200e-02  4.638e-02  5.097e-02  5.578e-02  6.080e-02  6.605e-02  7.150e-02  7.716e-02  8.301e-02  8.903e-02  9.522e-02  1.016e-01  1.080e-01  1.146e-01  1.212e-01  1.280e-01  1.348e-01  1.416e-01  1.484e-01  1.552e-01  1.619e-01  1.686e-01  1.752e-01  1.818e-01  1.882e-01  1.945e-01  2.007e-01  2.068e-01  2.126e-01  2.184e-01  2.240e-01  2.294e-01  2.347e-01  2.398e-01 	
 1.419e-04  9.192e-04  2.509e-03  4.722e-03  7.364e-03  1.033e-02  1.360e-02  1.716e-02  2.104e-02  2.523e-02  2.974e-02  3.456e-02  3.971e-02  4.517e-02  5.097e-02  5.707e-02  6.350e-02  7.026e-02  7.732e-02  8.470e-02  9.236e-02  1.003e-01  1.085e-01  1.169e-01  1.254e-01  1.343e-01  1.431e-01  1.520e-01  1.611e-01  1.701e-01  1.791e-01  1.880e-01  1.968e-01  2.057e-01  2.142e-01  2.227e-01  2.310e-01  2.391e-01  2.470e-01  2.546e-01  2.621e-01  2.694e-01  2.764e-01  2.832e-01  2.897e-01  2.961e-01  3.022e-01  3.081e-01  3.138e-01  3.192e-01 	
 1.847e-04  1.215e-03  3.366e-03  6.437e-03  1.019e-02  1.449e-02  1.930e-02  2.461e-02  3.045e-02  3.679e-02  4.366e-02  5.103e-02  5.891e-02  6.730e-02  7.617e-02  8.549e-02  9.526e-02  1.055e-01  1.160e-01  1.269e-01  1.381e-01  1.495e-01  1.610e-01  1.727e-01  1.844e-01  1.960e-01  2.076e-01  2.191e-01  2.303e-01  2.413e-01  2.521e-01  2.627e-01  2.728e-01  2.827e-01  2.922e-01  3.015e-01  3.104e-01  3.189e-01  3.272e-01  3.350e-01  3.426e-01  3.499e-01  3.568e-01  3.634e-01  3.698e-01  3.759e-01  3.817e-01  3.873e-01  3.926e-01  3.977e-01 	
 2.468e-04  1.650e-03  4.627e-03  8.958e-03  1.435e-02  2.063e-02  2.775e-02  3.571e-02  4.453e-02  5.417e-02  6.467e-02  7.595e-02  8.799e-02  1.007e-01  1.141e-01  1.280e-01  1.424e-01  1.572e-01  1.721e-01  1.872e-01  2.022e-01  2.172e-01  2.320e-01  2.465e-01  2.606e-01  2.744e-01  2.877e-01  3.004e-01  3.128e-01  3.246e-01  3.358e-01  3.466e-01  3.568e-01  3.665e-01  3.758e-01  3.846e-01  3.929e-01  4.008e-01  4.084e-01  4.154e-01  4.222e-01  4.286e-01  4.347e-01  4.404e-01  4.459e-01  4.512e-01  4.560e-01  4.609e-01  4.650e-01  4.692e-01 	
 3.425e-04  2.327e-03  6.591e-03  1.288e-02  2.083e-02  3.023e-02  4.101e-02  5.318e-02  6.670e-02  8.154e-02  9.765e-02  1.148e-01  1.330e-01  1.518e-01  1.712e-01  1.907e-01  2.104e-01  2.299e-01  2.491e-01  2.676e-01  2.856e-01  3.030e-01  3.194e-01  3.351e-01  3.499e-01  3.638e-01  3.770e-01  3.894e-01  4.010e-01  4.119e-01  4.221e-01  4.317e-01  4.407e-01  4.490e-01  4.569e-01  4.643e-01  4.713e-01  4.778e-01  4.839e-01  4.895e-01  4.948e-01  5.000e-01  5.048e-01  5.094e-01  5.136e-01  5.176e-01  5.212e-01  5.250e-01  5.283e-01  5.315e-01 	
 4.971e-04  3.441e-03  9.833e-03  1.936e-02  3.155e-02  4.608e-02  6.287e-02  8.186e-02  1.029e-01  1.258e-01  1.501e-01  1.754e-01  2.013e-01  2.270e-01  2.526e-01  2.773e-01  3.009e-01  3.234e-01  3.444e-01  3.641e-01  3.824e-01  3.993e-01  4.149e-01  4.293e-01  4.427e-01  4.548e-01  4.661e-01  4.765e-01  4.860e-01  4.948e-01  5.029e-01  5.105e-01  5.174e-01  5.239e-01  5.298e-01  5.354e-01  5.403e-01  5.454e-01  5.497e-01  5.538e-01  5.576e-01  5.612e-01  5.648e-01  5.677e-01  5.708e-01  5.736e-01  5.761e-01  5.784e-01  5.808e-01  5.830e-01 	
 7.621e-04  5.380e-03  1.548e-02  3.065e-02  5.010e-02  7.335e-02  1.001e-01  1.299e-01  1.621e-01  1.959e-01  2.304e-01  2.641e-01  2.968e-01  3.278e-01  3.564e-01  3.828e-01  4.066e-01  4.282e-01  4.476e-01  4.651e-01  4.807e-01  4.948e-01  5.075e-01  5.188e-01  5.291e-01  5.384e-01  5.467e-01  5.544e-01  5.610e-01  5.677e-01  5.733e-01  5.784e-01  5.834e-01  5.879e-01  5.918e-01  5.956e-01  5.989e-01  6.020e-01  6.047e-01  6.073e-01  6.098e-01  6.122e-01  6.142e-01  6.162e-01  6.179e-01  6.196e-01  6.210e-01  6.224e-01  6.236e-01  6.249e-01 	
 1.239e-03  8.914e-03  2.576e-02  5.095e-02  8.305e-02  1.208e-01  1.628e-01  2.076e-01  2.532e-01  2.978e-01  3.398e-01  3.782e-01  4.127e-01  4.431e-01  4.696e-01  4.927e-01  5.126e-01  5.301e-01  5.452e-01  5.583e-01  5.699e-01  5.800e-01  5.888e-01  5.966e-01  6.035e-01  6.100e-01  6.150e-01  6.202e-01  6.244e-01  6.286e-01  6.318e-01  6.350e-01  6.379e-01  6.407e-01  6.427e-01  6.448e-01  6.467e-01  6.482e-01  6.500e-01  6.512e-01  6.526e-01  6.536e-01  6.545e-01  6.554e-01  6.563e-01  6.569e-01  6.575e-01  6.583e-01  6.585e-01  6.592e-01 	
 2.134e-03  1.560e-02  4.497e-02  8.805e-02  1.410e-01  2.000e-01  2.612e-01  3.207e-01  3.755e-01  4.241e-01  4.659e-01  5.009e-01  5.303e-01  5.547e-01  5.750e-01  5.919e-01  6.061e-01  6.181e-01  6.282e-01  6.367e-01  6.443e-01  6.501e-01  6.555e-01  6.604e-01  6.643e-01  6.676e-01  6.710e-01  6.734e-01  6.758e-01  6.778e-01  6.791e-01  6.806e-01  6.819e-01  6.831e-01  6.839e-01  6.847e-01  6.855e-01  6.858e-01  6.862e-01  6.868e-01  6.870e-01  6.872e-01  6.873e-01  6.872e-01  6.872e-01  6.873e-01  6.872e-01  6.869e-01  6.868e-01  6.867e-01 	
 3.871e-03  2.856e-02  8.094e-02  1.538e-01  2.363e-01  3.187e-01  3.939e-01  4.580e-01  5.107e-01  5.526e-01  5.857e-01  6.118e-01  6.324e-01  6.489e-01  6.621e-01  6.727e-01  6.813e-01  6.880e-01  6.941e-01  6.989e-01  7.025e-01  7.058e-01  7.084e-01  7.103e-01  7.120e-01  7.133e-01  7.146e-01  7.153e-01  7.158e-01  7.162e-01  7.167e-01  7.166e-01  7.167e-01  7.167e-01  7.164e-01  7.162e-01  7.158e-01  7.156e-01  7.150e-01  7.147e-01  7.141e-01  7.136e-01  7.132e-01  7.126e-01  7.119e-01  7.114e-01  7.106e-01  7.100e-01  7.094e-01  7.087e-01 	
 7.319e-03  5.363e-02  1.461e-01  2.608e-01  3.724e-01  4.664e-01  5.391e-01  5.932e-01  6.328e-01  6.620e-01  6.836e-01  7.000e-01  7.123e-01  7.216e-01  7.292e-01  7.343e-01  7.384e-01  7.419e-01  7.446e-01  7.460e-01  7.474e-01  7.479e-01  7.486e-01  7.488e-01  7.487e-01  7.484e-01  7.481e-01  7.477e-01  7.471e-01  7.462e-01  7.455e-01  7.446e-01  7.435e-01  7.425e-01  7.416e-01  7.406e-01  7.396e-01  7.386e-01  7.377e-01  7.366e-01  7.353e-01  7.343e-01  7.334e-01  7.322e-01  7.313e-01  7.302e-01  7.293e-01  7.282e-01  7.272e-01  7.262e-01 	
 1.425e-02  1.012e-01  2.539e-01  4.093e-01  5.297e-01  6.123e-01  6.667e-01  7.032e-01  7.277e-01  7.447e-01  7.566e-01  7.652e-01  7.710e-01  7.752e-01  7.785e-01  7.801e-01  7.812e-01  7.820e-01  7.818e-01  7.817e-01  7.808e-01  7.801e-01  7.788e-01  7.775e-01  7.764e-01  7.750e-01  7.737e-01  7.720e-01  7.705e-01  7.690e-01  7.674e-01  7.656e-01  7.641e-01  7.625e-01  7.612e-01  7.594e-01  7.580e-01  7.565e-01  7.548e-01  7.535e-01  7.521e-01  7.507e-01  7.491e-01  7.478e-01  7.466e-01  7.452e-01  7.439e-01  7.425e-01  7.415e-01  7.401e-01 	
 2.820e-02  1.857e-01  4.062e-01  5.731e-01  6.726e-01  7.293e-01  7.625e-01  7.827e-01  7.955e-01  8.036e-01  8.090e-01  8.122e-01  8.137e-01  8.144e-01  8.145e-01  8.138e-01  8.128e-01  8.111e-01  8.096e-01  8.079e-01  8.059e-01  8.037e-01  8.014e-01  7.995e-01  7.973e-01  7.950e-01  7.929e-01  7.907e-01  7.885e-01  7.862e-01  7.842e-01  7.821e-01  7.801e-01  7.780e-01  7.760e-01  7.743e-01  7.722e-01  7.704e-01  7.687e-01  7.667e-01  7.652e-01  7.634e-01  7.617e-01  7.602e-01  7.586e-01  7.572e-01  7.556e-01  7.542e-01  7.528e-01  7.512e-01 	
 5.593e-02  3.186e-01  5.768e-01  7.140e-01  7.788e-01  8.109e-01  8.280e-01  8.372e-01  8.424e-01  8.445e-01  8.457e-01  8.451e-01  8.441e-01  8.424e-01  8.403e-01  8.381e-01  8.357e-01  8.328e-01  8.301e-01  8.271e-01  8.244e-01  8.214e-01  8.188e-01  8.157e-01  8.128e-01  8.102e-01  8.074e-01  8.047e-01  8.020e-01  7.998e-01  7.973e-01  7.947e-01  7.923e-01  7.900e-01  7.879e-01  7.857e-01  7.835e-01  7.814e-01  7.794e-01  7.773e-01  7.754e-01  7.737e-01  7.719e-01  7.700e-01  7.683e-01  7.665e-01  7.650e-01  7.635e-01  7.619e-01  7.605e-01 	
 1.090e-01  4.898e-01  7.245e-01  8.140e-01  8.493e-01  8.647e-01  8.716e-01  8.745e-01  8.748e-01  8.734e-01  8.715e-01  8.690e-01  8.662e-01  8.630e-01  8.597e-01  8.560e-01  8.526e-01  8.489e-01  8.455e-01  8.418e-01  8.383e-01  8.348e-01  8.317e-01  8.282e-01  8.248e-01  8.217e-01  8.186e-01  8.157e-01  8.129e-01  8.100e-01  8.072e-01  8.047e-01  8.019e-01  7.996e-01  7.971e-01  7.948e-01  7.923e-01  7.901e-01  7.880e-01  7.859e-01  7.837e-01  7.818e-01  7.798e-01  7.781e-01  7.761e-01  7.743e-01  7.728e-01  7.710e-01  7.695e-01  7.677e-01 	
 2.029e-01  6.604e-01  8.276e-01  8.768e-01  8.937e-01  8.996e-01  9.004e-01  8.994e-01  8.973e-01  8.939e-01  8.900e-01  8.864e-01  8.820e-01  8.780e-01  8.735e-01  8.693e-01  8.651e-01  8.609e-01  8.569e-01  8.528e-01  8.490e-01  8.449e-01  8.412e-01  8.375e-01  8.342e-01  8.308e-01  8.275e-01  8.243e-01  8.211e-01  8.180e-01  8.153e-01  8.125e-01  8.095e-01  8.071e-01  8.046e-01  8.019e-01  7.996e-01  7.972e-01  7.948e-01  7.926e-01  7.905e-01  7.886e-01  7.864e-01  7.845e-01  7.827e-01  7.808e-01  7.789e-01  7.774e-01  7.755e-01  7.740e-01 	
 3.476e-01  7.918e-01  8.905e-01  9.150e-01  9.216e-01  9.219e-01  9.201e-01  9.169e-01  9.127e-01  9.078e-01  9.030e-01  8.981e-01  8.933e-01  8.887e-01  8.838e-01  8.790e-01  8.741e-01  8.696e-01  8.652e-01  8.610e-01  8.569e-01  8.528e-01  8.488e-01  8.450e-01  8.412e-01  8.377e-01  8.343e-01  8.310e-01  8.276e-01  8.247e-01  8.214e-01  8.186e-01  8.158e-01  8.130e-01  8.104e-01  8.078e-01  8.053e-01  8.030e-01  8.004e-01  7.982e-01  7.962e-01  7.940e-01  7.918e-01  7.899e-01  7.881e-01  7.862e-01  7.844e-01  7.827e-01  7.809e-01  7.792e-01 	
 5.267e-01  8.754e-01  9.274e-01  9.383e-01  9.394e-01  9.371e-01  9.330e-01  9.286e-01  9.234e-01  9.180e-01  9.126e-01  9.070e-01  9.015e-01  8.963e-01  8.910e-01  8.862e-01  8.813e-01  8.766e-01  8.716e-01  8.673e-01  8.627e-01  8.588e-01  8.544e-01  8.505e-01  8.467e-01  8.431e-01  8.397e-01  8.362e-01  8.329e-01  8.296e-01  8.266e-01  8.236e-01  8.206e-01  8.180e-01  8.153e-01  8.127e-01  8.100e-01  8.074e-01  8.052e-01  8.030e-01  8.008e-01  7.987e-01  7.966e-01  7.945e-01  7.925e-01  7.905e-01  7.889e-01  7.870e-01  7.854e-01  7.836e-01 	
 6.965e-01  9.233e-01  9.491e-01  9.524e-01  9.512e-01  9.472e-01  9.420e-01  9.367e-01  9.307e-01  9.249e-01  9.190e-01  9.132e-01  9.078e-01  9.020e-01  8.969e-01  8.916e-01  8.866e-01  8.815e-01  8.766e-01  8.723e-01  8.676e-01  8.633e-01  8.592e-01  8.553e-01  8.513e-01  8.476e-01  8.438e-01  8.404e-01  8.370e-01  8.339e-01  8.308e-01  8.278e-01  8.248e-01  8.218e-01  8.192e-01  8.166e-01  8.141e-01  8.117e-01  8.092e-01  8.069e-01  8.046e-01  8.026e-01  8.004e-01  7.986e-01  7.964e-01  7.947e-01  7.926e-01  7.910e-01  7.894e-01  7.875e-01 	
 8.211e-01  9.498e-01  9.621e-01  9.621e-01  9.586e-01  9.538e-01  9.484e-01  9.421e-01  9.364e-01  9.303e-01  9.242e-01  9.181e-01  9.123e-01  9.066e-01  9.011e-01  8.955e-01  8.903e-01  8.854e-01  8.808e-01  8.759e-01  8.713e-01  8.672e-01  8.627e-01  8.588e-01  8.550e-01  8.511e-01  8.476e-01  8.438e-01  8.407e-01  8.373e-01  8.340e-01  8.311e-01  8.282e-01  8.254e-01  8.226e-01  8.199e-01  8.173e-01  8.151e-01  8.126e-01  8.101e-01  8.080e-01  8.060e-01  8.037e-01  8.018e-01  7.997e-01  7.979e-01  7.961e-01  7.944e-01  7.928e-01  7.909e-01 	
 8.966e-01  9.651e-01  9.700e-01  9.682e-01  9.643e-01  9.587e-01  9.527e-01  9.467e-01  9.402e-01  9.340e-01  9.277e-01  9.217e-01  9.157e-01  9.101e-01  9.044e-01  8.989e-01  8.938e-01  8.885e-01  8.837e-01  8.791e-01  8.745e-01  8.699e-01  8.660e-01  8.617e-01  8.579e-01  8.540e-01  8.503e-01  8.470e-01  8.433e-01  8.401e-01  8.370e-01  8.340e-01  8.310e-01  8.284e-01  8.256e-01  8.228e-01  8.205e-01  8.178e-01  8.156e-01  8.131e-01  8.110e-01  8.090e-01  8.067e-01  8.047e-01  8.029e-01  8.011e-01  7.990e-01  7.973e-01  7.956e-01  7.940e-01 	
 9.388e-01  9.740e-01  9.756e-01  9.723e-01  9.675e-01  9.622e-01  9.560e-01  9.495e-01  9.431e-01  9.366e-01  9.305e-01  9.244e-01  9.185e-01  9.126e-01  9.067e-01  9.013e-01  8.960e-01  8.911e-01  8.860e-01  8.814e-01  8.767e-01  8.725e-01  8.683e-01  8.642e-01  8.601e-01  8.565e-01  8.530e-01  8.492e-01  8.458e-01  8.425e-01  8.397e-01  8.366e-01  8.335e-01  8.309e-01  8.280e-01  8.256e-01  8.229e-01  8.206e-01  8.180e-01  8.158e-01  8.137e-01  8.117e-01  8.093e-01  8.074e-01  8.056e-01  8.038e-01  8.020e-01  8.000e-01  7.983e-01  7.967e-01 	
 9.611e-01  9.798e-01  9.791e-01  9.753e-01  9.705e-01  9.645e-01  9.582e-01  9.518e-01  9.454e-01  9.390e-01  9.327e-01  9.263e-01  9.204e-01  9.146e-01  9.090e-01  9.036e-01  8.982e-01  8.932e-01  8.882e-01  8.836e-01  8.791e-01  8.747e-01  8.703e-01  8.661e-01  8.623e-01  8.586e-01  8.550e-01  8.515e-01  8.481e-01  8.448e-01  8.415e-01  8.388e-01  8.357e-01  8.331e-01  8.302e-01  8.278e-01  8.251e-01  8.228e-01  8.205e-01  8.180e-01  8.159e-01  8.139e-01  8.119e-01  8.100e-01  8.078e-01  8.060e-01  8.043e-01  8.026e-01  8.010e-01  7.994e-01 	
 9.732e-01  9.829e-01  9.815e-01  9.774e-01  9.722e-01  9.663e-01  9.602e-01  9.535e-01  9.470e-01  9.407e-01  9.343e-01  9.279e-01  9.219e-01  9.162e-01  9.104e-01  9.051e-01  8.997e-01  8.948e-01  8.900e-01  8.853e-01  8.807e-01  8.762e-01  8.721e-01  8.682e-01  8.640e-01  8.603e-01  8.567e-01  8.531e-01  8.501e-01  8.468e-01  8.436e-01  8.408e-01  8.377e-01  8.352e-01  8.323e-01  8.298e-01  8.271e-01  8.248e-01  8.226e-01  8.205e-01  8.181e-01  8.160e-01  8.141e-01  8.122e-01  8.104e-01  8.082e-01  8.065e-01  8.048e-01  8.032e-01  8.016e-01 	
 9.801e-01  9.852e-01  9.831e-01  9.789e-01  9.735e-01  9.678e-01  9.612e-01  9.550e-01  9.485e-01  9.419e-01  9.357e-01  9.293e-01  9.236e-01  9.175e-01  9.118e-01  9.066e-01  9.011e-01  8.961e-01  8.912e-01  8.865e-01  8.822e-01  8.776e-01  8.736e-01  8.696e-01  8.658e-01  8.621e-01  8.585e-01  8.550e-01  8.516e-01  8.486e-01  8.454e-01  8.423e-01  8.397e-01  8.367e-01  8.342e-01  8.318e-01  8.291e-01  8.268e-01  8.246e-01  8.222e-01  8.201e-01  8.181e-01  8.162e-01  8.143e-01  8.121e-01  8.104e-01  8.087e-01  8.070e-01  8.054e-01  8.039e-01 	
 9.840e-01  9.872e-01  9.843e-01  9.800e-01  9.747e-01  9.689e-01  9.624e-01  9.557e-01  9.495e-01  9.429e-01  9.365e-01  9.305e-01  9.245e-01  9.186e-01  9.132e-01  9.076e-01  9.024e-01  8.974e-01  8.924e-01  8.880e-01  8.834e-01  8.792e-01  8.748e-01  8.709e-01  8.671e-01  8.634e-01  8.598e-01  8.563e-01  8.533e-01  8.500e-01  8.468e-01  8.441e-01  8.411e-01  8.385e-01  8.361e-01  8.333e-01  8.310e-01  8.287e-01  8.262e-01  8.241e-01  8.221e-01  8.201e-01  8.178e-01  8.160e-01  8.142e-01  8.124e-01  8.107e-01  8.091e-01  8.075e-01  8.060e-01 	
 9.868e-01  9.882e-01  9.853e-01  9.807e-01  9.754e-01  9.693e-01  9.632e-01  9.566e-01  9.500e-01  9.437e-01  9.375e-01  9.313e-01  9.252e-01  9.196e-01  9.142e-01  9.085e-01  9.033e-01  8.983e-01  8.938e-01  8.890e-01  8.848e-01  8.802e-01  8.762e-01  8.723e-01  8.685e-01  8.649e-01  8.613e-01  8.578e-01  8.545e-01  8.516e-01  8.484e-01  8.454e-01  8.427e-01  8.402e-01  8.374e-01  8.350e-01  8.327e-01  8.301e-01  8.280e-01  8.259e-01  8.239e-01  8.216e-01  8.197e-01  8.178e-01  8.161e-01  8.143e-01  8.127e-01  8.111e-01  8.095e-01  8.076e-01 	
 9.882e-01  9.888e-01  9.859e-01  9.815e-01  9.759e-01  9.701e-01  9.636e-01  9.572e-01  9.511e-01  9.446e-01  9.382e-01  9.319e-01  9.262e-01  9.203e-01  9.148e-01  9.096e-01  9.044e-01  8.994e-01  8.945e-01  8.902e-01  8.856e-01  8.815e-01  8.771e-01  8.732e-01  8.695e-01  8.658e-01  8.623e-01  8.592e-01  8.559e-01  8.527e-01  8.499e-01  8.468e-01  8.443e-01  8.414e-01  8.390e-01  8.366e-01  8.340e-01  8.318e-01  8.296e-01  8.276e-01  8.252e-01  8.233e-01  8.214e-01  8.196e-01  8.178e-01  8.161e-01  8.144e-01  8.128e-01  8.113e-01  8.094e-01 	
 9.896e-01  9.896e-01  9.862e-01  9.818e-01  9.765e-01  9.707e-01  9.644e-01  9.577e-01  9.514e-01  9.449e-01  9.389e-01  9.326e-01  9.270e-01  9.210e-01  9.157e-01  9.104e-01  9.053e-01  9.003e-01  8.955e-01  8.908e-01  8.866e-01  8.825e-01  8.782e-01  8.743e-01  8.706e-01  8.670e-01  8.635e-01  8.605e-01  8.571e-01  8.539e-01  8.512e-01  8.481e-01  8.456e-01  8.431e-01  8.403e-01  8.380e-01  8.357e-01  8.332e-01  8.310e-01  8.290e-01  8.270e-01  8.251e-01  8.229e-01  8.211e-01  8.193e-01  8.176e-01  8.160e-01  8.144e-01  8.129e-01  8.114e-01 	
 9.905e-01  9.901e-01  9.866e-01  9.825e-01  9.770e-01  9.709e-01  9.648e-01  9.584e-01  9.517e-01  9.456e-01  9.393e-01  9.331e-01  9.275e-01  9.216e-01  9.162e-01  9.110e-01  9.060e-01  9.011e-01  8.962e-01  8.920e-01  8.874e-01  8.834e-01  8.794e-01  8.752e-01  8.715e-01  8.683e-01  8.648e-01  8.614e-01  8.581e-01  8.553e-01  8.522e-01  8.496e-01  8.470e-01  8.441e-01  8.418e-01  8.395e-01  8.368e-01  8.347e-01  8.326e-01  8.305e-01  8.286e-01  8.263e-01  8.244e-01  8.227e-01  8.209e-01  8.193e-01  8.176e-01  8.161e-01  8.145e-01  8.131e-01 	
 9.912e-01  9.901e-01  9.872e-01  9.825e-01  9.775e-01  9.712e-01  9.650e-01  9.587e-01  9.521e-01  9.461e-01  9.398e-01  9.337e-01  9.281e-01  9.223e-01  9.170e-01  9.114e-01  9.064e-01  9.015e-01  8.971e-01  8.925e-01  8.883e-01  8.843e-01  8.800e-01  8.762e-01  8.725e-01  8.693e-01  8.658e-01  8.625e-01  8.596e-01  8.564e-01  8.537e-01  8.507e-01  8.481e-01  8.453e-01  8.429e-01  8.406e-01  8.384e-01  8.359e-01  8.338e-01  8.318e-01  8.298e-01  8.279e-01  8.261e-01  8.243e-01  8.222e-01  8.206e-01  8.190e-01  8.174e-01  8.159e-01  8.144e-01 	
 9.915e-01  9.907e-01  9.875e-01  9.829e-01  9.776e-01  9.718e-01  9.653e-01  9.591e-01  9.526e-01  9.462e-01  9.400e-01  9.340e-01  9.285e-01  9.227e-01  9.175e-01  9.123e-01  9.073e-01  9.025e-01  8.977e-01  8.935e-01  8.889e-01  8.849e-01  8.811e-01  8.773e-01  8.736e-01  8.700e-01  8.669e-01  8.636e-01  8.603e-01  8.575e-01  8.544e-01  8.518e-01  8.493e-01  8.465e-01  8.441e-01  8.418e-01  8.396e-01  8.375e-01  8.350e-01  8.330e-01  8.311e-01  8.292e-01  8.274e-01  8.256e-01  8.239e-01  8.223e-01  8.203e-01  8.188e-01  8.173e-01  8.158e-01 	
 9.921e-01  9.907e-01  9.874e-01  9.833e-01  9.776e-01  9.720e-01  9.657e-01  9.591e-01  9.527e-01  9.465e-01  9.404e-01  9.344e-01  9.290e-01  9.232e-01  9.180e-01  9.129e-01  9.079e-01  9.031e-01  8.983e-01  8.941e-01  8.900e-01  8.856e-01  8.817e-01  8.779e-01  8.747e-01  8.711e-01  8.677e-01  8.647e-01  8.614e-01  8.587e-01  8.556e-01  8.530e-01  8.505e-01  8.477e-01  8.453e-01  8.430e-01  8.408e-01  8.387e-01  8.363e-01  8.343e-01  8.324e-01  8.305e-01  8.287e-01  8.269e-01  8.253e-01  8.236e-01  8.217e-01  8.201e-01  8.187e-01  8.172e-01 	
 9.923e-01  9.913e-01  9.877e-01  9.831e-01  9.782e-01  9.723e-01  9.657e-01  9.593e-01  9.530e-01  9.469e-01  9.408e-01  9.349e-01  9.290e-01  9.238e-01  9.186e-01  9.131e-01  9.085e-01  9.037e-01  8.989e-01  8.947e-01  8.906e-01  8.867e-01  8.828e-01  8.790e-01  8.753e-01  8.718e-01  8.687e-01  8.654e-01  8.625e-01  8.594e-01  8.567e-01  8.541e-01  8.516e-01  8.488e-01  8.465e-01  8.442e-01  8.420e-01  8.399e-01  8.375e-01  8.355e-01  8.336e-01  8.317e-01  8.299e-01  8.282e-01  8.265e-01  8.245e-01  8.230e-01  8.214e-01  8.200e-01  8.186e-01 	
 9.929e-01  9.911e-01  9.881e-01  9.834e-01  9.783e-01  9.722e-01  9.658e-01  9.596e-01  9.534e-01  9.473e-01  9.413e-01  9.354e-01  9.296e-01  9.243e-01  9.187e-01  9.136e-01  9.091e-01  9.042e-01  8.995e-01  8.953e-01  8.912e-01  8.872e-01  8.834e-01  8.796e-01  8.763e-01  8.728e-01  8.697e-01  8.664e-01  8.635e-01  8.604e-01  8.577e-01  8.552e-01  8.523e-01  8.499e-01  8.475e-01  8.453e-01  8.431e-01  8.410e-01  8.386e-01  8.366e-01  8.347e-01  8.329e-01  8.311e-01  8.294e-01  8.277e-01  8.257e-01  8.242e-01  8.227e-01  8.212e-01  8.198e-01 	
 9.931e-01  9.912e-01  9.880e-01  9.837e-01  9.780e-01  9.722e-01  9.660e-01  9.598e-01  9.537e-01  9.473e-01  9.413e-01  9.354e-01  9.300e-01  9.243e-01  9.192e-01  9.141e-01  9.096e-01  9.047e-01  9.004e-01  8.962e-01  8.921e-01  8.881e-01  8.843e-01  8.805e-01  8.768e-01  8.737e-01  8.702e-01  8.673e-01  8.645e-01  8.613e-01  8.587e-01  8.561e-01  8.536e-01  8.508e-01  8.485e-01  8.463e-01  8.441e-01  8.420e-01  8.396e-01  8.377e-01  8.358e-01  8.339e-01  8.322e-01  8.305e-01  8.288e-01  8.268e-01  8.253e-01  8.238e-01  8.224e-01  8.210e-01 	
 9.932e-01  9.915e-01  9.879e-01  9.837e-01  9.783e-01  9.727e-01  9.661e-01  9.601e-01  9.536e-01  9.476e-01  9.417e-01  9.358e-01  9.304e-01  9.247e-01  9.195e-01  9.149e-01  9.099e-01  9.055e-01  9.008e-01  8.966e-01  8.925e-01  8.885e-01  8.850e-01  8.813e-01  8.780e-01  8.745e-01  8.714e-01  8.681e-01  8.653e-01  8.625e-01  8.595e-01  8.569e-01  8.545e-01  8.521e-01  8.494e-01  8.471e-01  8.450e-01  8.429e-01  8.409e-01  8.390e-01  8.367e-01  8.349e-01  8.331e-01  8.314e-01  8.298e-01  8.278e-01  8.263e-01  8.248e-01  8.234e-01  8.220e-01 	
 9.935e-01  9.917e-01  9.884e-01  9.836e-01  9.786e-01  9.727e-01  9.663e-01  9.603e-01  9.538e-01  9.478e-01  9.419e-01  9.360e-01  9.307e-01  9.254e-01  9.202e-01  9.151e-01  9.106e-01  9.057e-01  9.014e-01  8.972e-01  8.931e-01  8.895e-01  8.856e-01  8.819e-01  8.786e-01  8.751e-01  8.721e-01  8.691e-01  8.659e-01  8.632e-01  8.605e-01  8.580e-01  8.551e-01  8.528e-01  8.505e-01  8.482e-01  8.461e-01  8.436e-01  8.416e-01  8.397e-01  8.379e-01  8.361e-01  8.339e-01  8.322e-01  8.306e-01  8.291e-01  8.275e-01  8.257e-01  8.243e-01  8.229e-01 	
 9.934e-01  9.915e-01  9.884e-01  9.836e-01  9.783e-01  9.726e-01  9.667e-01  9.603e-01  9.544e-01  9.479e-01  9.420e-01  9.366e-01  9.312e-01  9.259e-01  9.207e-01  9.156e-01  9.110e-01  9.066e-01  9.023e-01  8.980e-01  8.939e-01  8.899e-01  8.865e-01  8.827e-01  8.795e-01  8.759e-01  8.729e-01  8.700e-01  8.668e-01  8.641e-01  8.614e-01  8.589e-01  8.560e-01  8.537e-01  8.514e-01  8.492e-01  8.467e-01  8.446e-01  8.426e-01  8.407e-01  8.389e-01  8.367e-01  8.349e-01  8.333e-01  8.317e-01  8.297e-01  8.282e-01  8.268e-01  8.250e-01  8.236e-01 	
 9.935e-01  9.917e-01  9.884e-01  9.840e-01  9.785e-01  9.728e-01  9.666e-01  9.607e-01  9.543e-01  9.483e-01  9.423e-01  9.369e-01  9.315e-01  9.262e-01  9.210e-01  9.163e-01  9.113e-01  9.068e-01  9.025e-01  8.987e-01  8.946e-01  8.906e-01  8.871e-01  8.834e-01  8.801e-01  8.766e-01  8.736e-01  8.707e-01  8.679e-01  8.647e-01  8.621e-01  8.596e-01  8.572e-01  8.544e-01  8.521e-01  8.499e-01  8.478e-01  8.454e-01  8.434e-01  8.415e-01  8.397e-01  8.375e-01  8.358e-01  8.341e-01  8.325e-01  8.306e-01  8.291e-01  8.276e-01  8.259e-01  8.245e-01 	
 9.935e-01  9.920e-01  9.883e-01  9.838e-01  9.785e-01  9.729e-01  9.667e-01  9.608e-01  9.544e-01  9.484e-01  9.429e-01  9.370e-01  9.316e-01  9.262e-01  9.214e-01  9.167e-01  9.117e-01  9.073e-01  9.033e-01  8.991e-01  8.950e-01  8.914e-01  8.875e-01  8.842e-01  8.806e-01  8.774e-01  8.744e-01  8.711e-01  8.683e-01  8.656e-01  8.630e-01  8.601e-01  8.576e-01  8.553e-01  8.530e-01  8.504e-01  8.483e-01  8.463e-01  8.444e-01  8.421e-01  8.402e-01  8.385e-01  8.368e-01  8.347e-01  8.332e-01  8.316e-01  8.297e-01  8.283e-01  8.265e-01  8.252e-01 	
 9.934e-01  9.918e-01  9.887e-01  9.840e-01  9.788e-01  9.728e-01  9.671e-01  9.607e-01  9.548e-01  9.487e-01  9.432e-01  9.372e-01  9.318e-01  9.269e-01  9.216e-01  9.169e-01  9.123e-01  9.079e-01  9.035e-01  8.997e-01  8.956e-01  8.920e-01  8.881e-01  8.848e-01  8.816e-01  8.780e-01  8.750e-01  8.722e-01  8.689e-01  8.662e-01  8.636e-01  8.611e-01  8.583e-01  8.560e-01  8.537e-01  8.516e-01  8.491e-01  8.470e-01  8.451e-01  8.428e-01  8.410e-01  8.393e-01  8.372e-01  8.355e-01  8.340e-01  8.320e-01  8.306e-01  8.288e-01  8.274e-01  8.257e-01 	
