 2.270e-03  3.392e-03  5.155e-03  7.690e-03  1.110e-02  1.549e-02  2.091e-02  2.745e-02  3.520e-02  4.424e-02  5.472e-02  6.675e-02  8.048e-02  9.605e-02  1.136e-01  1.332e-01  1.550e-01  1.791e-01  2.055e-01  2.341e-01  2.651e-01  2.983e-01  3.336e-01  3.710e-01  4.103e-01  4.514e-01  4.942e-01  5.384e-01  5.839e-01  6.304e-01  6.780e-01  7.263e-01  7.751e-01  8.245e-01  8.741e-01  9.238e-01  9.735e-01  1.023e+00  1.073e+00  1.122e+00  1.170e+00  1.218e+00  1.265e+00  1.311e+00  1.355e+00  1.397e+00  1.436e+00  1.471e+00  1.500e+00  1.520e+00 	
 2.761e-03  4.142e-03  6.336e-03  9.516e-03  1.383e-02  1.939e-02  2.632e-02  3.474e-02  4.479e-02  5.665e-02  7.052e-02  8.661e-02  1.051e-01  1.263e-01  1.502e-01  1.770e-01  2.068e-01  2.396e-01  2.754e-01  3.140e-01  3.554e-01  3.994e-01  4.457e-01  4.941e-01  5.445e-01  5.964e-01  6.497e-01  7.042e-01  7.594e-01  8.153e-01  8.716e-01  9.281e-01  9.845e-01  1.041e+00  1.097e+00  1.152e+00  1.207e+00  1.261e+00  1.315e+00  1.367e+00  1.419e+00  1.469e+00  1.518e+00  1.566e+00  1.612e+00  1.655e+00  1.696e+00  1.732e+00  1.764e+00  1.789e+00 	
 3.460e-03  5.179e-03  7.947e-03  1.198e-02  1.748e-02  2.462e-02  3.360e-02  4.462e-02  5.796e-02  7.392e-02  9.281e-02  1.149e-01  1.406e-01  1.699e-01  2.031e-01  2.402e-01  2.810e-01  3.256e-01  3.735e-01  4.246e-01  4.786e-01  5.350e-01  5.934e-01  6.536e-01  7.150e-01  7.774e-01  8.404e-01  9.036e-01  9.669e-01  1.030e+00  1.092e+00  1.154e+00  1.215e+00  1.275e+00  1.333e+00  1.391e+00  1.447e+00  1.502e+00  1.555e+00  1.607e+00  1.658e+00  1.707e+00  1.754e+00  1.799e+00  1.843e+00  1.884e+00  1.923e+00  1.958e+00  1.989e+00  2.014e+00 	
 4.293e-03  6.390e-03  9.819e-03  1.486e-02  2.179e-02  3.091e-02  4.256e-02  5.714e-02  7.510e-02  9.692e-02  1.230e-01  1.538e-01  1.895e-01  2.302e-01  2.758e-01  3.261e-01  3.809e-01  4.395e-01  5.015e-01  5.664e-01  6.336e-01  7.026e-01  7.727e-01  8.435e-01  9.145e-01  9.853e-01  1.056e+00  1.125e+00  1.193e+00  1.260e+00  1.326e+00  1.390e+00  1.452e+00  1.512e+00  1.570e+00  1.627e+00  1.681e+00  1.734e+00  1.785e+00  1.834e+00  1.881e+00  1.926e+00  1.970e+00  2.011e+00  2.051e+00  2.088e+00  2.123e+00  2.154e+00  2.182e+00  2.206e+00 	
 5.198e-03  7.684e-03  1.183e-02  1.804e-02  2.673e-02  3.845e-02  5.380e-02  7.347e-02  9.817e-02  1.285e-01  1.651e-01  2.080e-01  2.574e-01  3.130e-01  3.742e-01  4.405e-01  5.111e-01  5.851e-01  6.617e-01  7.401e-01  8.195e-01  8.993e-01  9.788e-01  1.057e+00  1.135e+00  1.211e+00  1.285e+00  1.357e+00  1.427e+00  1.494e+00  1.559e+00  1.622e+00  1.682e+00  1.739e+00  1.794e+00  1.847e+00  1.898e+00  1.946e+00  1.992e+00  2.036e+00  2.078e+00  2.118e+00  2.157e+00  2.193e+00  2.227e+00  2.259e+00  2.289e+00  2.317e+00  2.341e+00  2.362e+00 	
 6.119e-03  8.992e-03  1.394e-02  2.156e-02  3.260e-02  4.798e-02  6.877e-02  9.602e-02  1.307e-01  1.735e-01  2.246e-01  2.839e-01  3.508e-01  4.244e-01  5.036e-01  5.871e-01  6.738e-01  7.625e-01  8.520e-01  9.415e-01  1.030e+00  1.117e+00  1.202e+00  1.285e+00  1.365e+00  1.442e+00  1.515e+00  1.586e+00  1.654e+00  1.718e+00  1.779e+00  1.837e+00  1.893e+00  1.945e+00  1.995e+00  2.042e+00  2.087e+00  2.129e+00  2.170e+00  2.208e+00  2.244e+00  2.278e+00  2.310e+00  2.341e+00  2.370e+00  2.397e+00  2.422e+00  2.445e+00  2.465e+00  2.483e+00 	
 7.011e-03  1.028e-02  1.619e-02  2.570e-02  4.012e-02  6.102e-02  9.007e-02  1.287e-01  1.779e-01  2.379e-01  3.083e-01  3.879e-01  4.752e-01  5.684e-01  6.658e-01  7.656e-01  8.663e-01  9.664e-01  1.065e+00  1.161e+00  1.255e+00  1.344e+00  1.430e+00  1.512e+00  1.590e+00  1.664e+00  1.734e+00  1.800e+00  1.862e+00  1.920e+00  1.976e+00  2.027e+00  2.076e+00  2.122e+00  2.165e+00  2.206e+00  2.244e+00  2.280e+00  2.313e+00  2.345e+00  2.375e+00  2.403e+00  2.430e+00  2.455e+00  2.478e+00  2.500e+00  2.520e+00  2.539e+00  2.556e+00  2.571e+00 	
 7.845e-03  1.156e-02  1.875e-02  3.103e-02  5.064e-02  8.011e-02  1.218e-01  1.771e-01  2.463e-01  3.287e-01  4.222e-01  5.245e-01  6.328e-01  7.446e-01  8.577e-01  9.700e-01  1.080e+00  1.187e+00  1.289e+00  1.387e+00  1.479e+00  1.567e+00  1.649e+00  1.726e+00  1.799e+00  1.866e+00  1.929e+00  1.988e+00  2.043e+00  2.094e+00  2.141e+00  2.186e+00  2.227e+00  2.266e+00  2.302e+00  2.335e+00  2.367e+00  2.396e+00  2.424e+00  2.449e+00  2.473e+00  2.496e+00  2.517e+00  2.536e+00  2.555e+00  2.572e+00  2.588e+00  2.603e+00  2.617e+00  2.629e+00 	
 8.612e-03  1.292e-02  2.198e-02  3.859e-02  6.641e-02  1.092e-01  1.694e-01  2.477e-01  3.427e-01  4.512e-01  5.697e-01  6.940e-01  8.208e-01  9.471e-01  1.071e+00  1.189e+00  1.303e+00  1.410e+00  1.510e+00  1.604e+00  1.692e+00  1.773e+00  1.848e+00  1.917e+00  1.981e+00  2.040e+00  2.095e+00  2.145e+00  2.192e+00  2.235e+00  2.275e+00  2.311e+00  2.345e+00  2.377e+00  2.406e+00  2.433e+00  2.458e+00  2.481e+00  2.503e+00  2.523e+00  2.542e+00  2.559e+00  2.575e+00  2.591e+00  2.605e+00  2.618e+00  2.630e+00  2.642e+00  2.653e+00  2.663e+00 	
 9.325e-03  1.451e-02  2.652e-02  5.010e-02  9.095e-02  1.537e-01  2.398e-01  3.473e-01  4.719e-01  6.076e-01  7.490e-01  8.913e-01  1.031e+00  1.165e+00  1.292e+00  1.411e+00  1.521e+00  1.623e+00  1.717e+00  1.803e+00  1.881e+00  1.953e+00  2.019e+00  2.079e+00  2.133e+00  2.183e+00  2.229e+00  2.271e+00  2.309e+00  2.344e+00  2.376e+00  2.406e+00  2.433e+00  2.458e+00  2.481e+00  2.502e+00  2.521e+00  2.539e+00  2.556e+00  2.571e+00  2.585e+00  2.599e+00  2.611e+00  2.622e+00  2.633e+00  2.643e+00  2.652e+00  2.661e+00  2.669e+00  2.677e+00 	
 1.002e-02  1.660e-02  3.344e-02  6.834e-02  1.293e-01  2.202e-01  3.394e-01  4.804e-01  6.347e-01  7.944e-01  9.530e-01  1.106e+00  1.250e+00  1.384e+00  1.508e+00  1.620e+00  1.723e+00  1.815e+00  1.899e+00  1.974e+00  2.042e+00  2.103e+00  2.159e+00  2.209e+00  2.254e+00  2.295e+00  2.332e+00  2.365e+00  2.396e+00  2.423e+00  2.449e+00  2.472e+00  2.493e+00  2.512e+00  2.530e+00  2.546e+00  2.560e+00  2.574e+00  2.586e+00  2.598e+00  2.608e+00  2.618e+00  2.627e+00  2.635e+00  2.643e+00  2.650e+00  2.657e+00  2.664e+00  2.670e+00  2.677e+00 	
 1.076e-02  1.964e-02  4.448e-02  9.743e-02  1.877e-01  3.156e-01  4.728e-01  6.469e-01  8.265e-01  1.003e+00  1.170e+00  1.325e+00  1.466e+00  1.593e+00  1.707e+00  1.808e+00  1.899e+00  1.980e+00  2.051e+00  2.115e+00  2.172e+00  2.222e+00  2.267e+00  2.308e+00  2.344e+00  2.376e+00  2.406e+00  2.432e+00  2.456e+00  2.477e+00  2.496e+00  2.514e+00  2.530e+00  2.544e+00  2.558e+00  2.570e+00  2.580e+00  2.590e+00  2.599e+00  2.608e+00  2.615e+00  2.622e+00  2.629e+00  2.634e+00  2.640e+00  2.645e+00  2.650e+00  2.655e+00  2.660e+00  2.665e+00 	
 1.163e-02  2.439e-02  6.243e-02  1.430e-01  2.732e-01  4.445e-01  6.395e-01  8.413e-01  1.037e+00  1.220e+00  1.386e+00  1.534e+00  1.665e+00  1.780e+00  1.880e+00  1.969e+00  2.046e+00  2.113e+00  2.173e+00  2.225e+00  2.271e+00  2.311e+00  2.347e+00  2.379e+00  2.407e+00  2.432e+00  2.455e+00  2.475e+00  2.493e+00  2.509e+00  2.524e+00  2.537e+00  2.549e+00  2.559e+00  2.569e+00  2.578e+00  2.585e+00  2.593e+00  2.599e+00  2.605e+00  2.610e+00  2.615e+00  2.619e+00  2.623e+00  2.627e+00  2.630e+00  2.634e+00  2.637e+00  2.641e+00  2.645e+00 	
 1.279e-02  3.208e-02  9.143e-02  2.119e-01  3.912e-01  6.070e-01  8.338e-01  1.053e+00  1.254e+00  1.432e+00  1.588e+00  1.723e+00  1.839e+00  1.939e+00  2.024e+00  2.098e+00  2.162e+00  2.217e+00  2.264e+00  2.306e+00  2.342e+00  2.374e+00  2.402e+00  2.426e+00  2.448e+00  2.467e+00  2.484e+00  2.499e+00  2.513e+00  2.524e+00  2.535e+00  2.545e+00  2.553e+00  2.561e+00  2.568e+00  2.574e+00  2.579e+00  2.584e+00  2.588e+00  2.592e+00  2.596e+00  2.599e+00  2.602e+00  2.604e+00  2.607e+00  2.609e+00  2.611e+00  2.614e+00  2.617e+00  2.620e+00 	
 1.447e-02  4.474e-02  1.372e-01  3.104e-01  5.433e-01  7.980e-01  1.045e+00  1.268e+00  1.462e+00  1.628e+00  1.768e+00  1.886e+00  1.984e+00  2.068e+00  2.138e+00  2.198e+00  2.249e+00  2.293e+00  2.330e+00  2.362e+00  2.390e+00  2.415e+00  2.436e+00  2.454e+00  2.470e+00  2.485e+00  2.497e+00  2.508e+00  2.518e+00  2.527e+00  2.534e+00  2.541e+00  2.547e+00  2.552e+00  2.557e+00  2.561e+00  2.565e+00  2.568e+00  2.571e+00  2.573e+00  2.575e+00  2.577e+00  2.579e+00  2.581e+00  2.582e+00  2.583e+00  2.585e+00  2.587e+00  2.589e+00  2.592e+00 	
 1.709e-02  6.553e-02  2.063e-01  4.427e-01  7.260e-01  1.007e+00  1.259e+00  1.474e+00  1.652e+00  1.799e+00  1.919e+00  2.018e+00  2.100e+00  2.167e+00  2.224e+00  2.271e+00  2.311e+00  2.345e+00  2.374e+00  2.398e+00  2.419e+00  2.437e+00  2.453e+00  2.467e+00  2.479e+00  2.489e+00  2.498e+00  2.506e+00  2.513e+00  2.519e+00  2.524e+00  2.529e+00  2.533e+00  2.536e+00  2.540e+00  2.542e+00  2.545e+00  2.547e+00  2.548e+00  2.550e+00  2.551e+00  2.552e+00  2.553e+00  2.554e+00  2.554e+00  2.555e+00  2.556e+00  2.557e+00  2.559e+00  2.561e+00 	
 2.132e-02  9.901e-02  3.051e-01  6.081e-01  9.300e-01  1.221e+00  1.464e+00  1.660e+00  1.816e+00  1.941e+00  2.041e+00  2.122e+00  2.187e+00  2.240e+00  2.284e+00  2.321e+00  2.352e+00  2.377e+00  2.399e+00  2.417e+00  2.433e+00  2.446e+00  2.458e+00  2.468e+00  2.476e+00  2.484e+00  2.490e+00  2.496e+00  2.500e+00  2.504e+00  2.508e+00  2.511e+00  2.514e+00  2.516e+00  2.518e+00  2.520e+00  2.521e+00  2.522e+00  2.523e+00  2.524e+00  2.524e+00  2.525e+00  2.525e+00  2.525e+00  2.525e+00  2.526e+00  2.526e+00  2.527e+00  2.528e+00  2.530e+00 	
 2.831e-02  1.510e-01  4.375e-01  8.006e-01  1.143e+00  1.426e+00  1.648e+00  1.819e+00  1.951e+00  2.054e+00  2.135e+00  2.198e+00  2.249e+00  2.291e+00  2.324e+00  2.352e+00  2.375e+00  2.394e+00  2.410e+00  2.424e+00  2.435e+00  2.445e+00  2.453e+00  2.460e+00  2.466e+00  2.471e+00  2.476e+00  2.479e+00  2.483e+00  2.485e+00  2.488e+00  2.489e+00  2.491e+00  2.492e+00  2.494e+00  2.494e+00  2.495e+00  2.496e+00  2.496e+00  2.496e+00  2.496e+00  2.496e+00  2.496e+00  2.496e+00  2.496e+00  2.496e+00  2.496e+00  2.496e+00  2.497e+00  2.499e+00 	
 3.999e-02  2.280e-01  6.028e-01  1.009e+00  1.351e+00  1.612e+00  1.806e+00  1.950e+00  2.058e+00  2.140e+00  2.203e+00  2.252e+00  2.291e+00  2.322e+00  2.348e+00  2.368e+00  2.385e+00  2.399e+00  2.411e+00  2.421e+00  2.429e+00  2.436e+00  2.441e+00  2.446e+00  2.451e+00  2.454e+00  2.457e+00  2.459e+00  2.461e+00  2.463e+00  2.465e+00  2.466e+00  2.467e+00  2.467e+00  2.468e+00  2.468e+00  2.468e+00  2.468e+00  2.468e+00  2.468e+00  2.468e+00  2.468e+00  2.467e+00  2.467e+00  2.466e+00  2.466e+00  2.466e+00  2.466e+00  2.467e+00  2.469e+00 	
 5.936e-02  3.354e-01  7.948e-01  1.221e+00  1.543e+00  1.772e+00  1.935e+00  2.052e+00  2.137e+00  2.201e+00  2.249e+00  2.287e+00  2.316e+00  2.339e+00  2.358e+00  2.373e+00  2.385e+00  2.395e+00  2.404e+00  2.411e+00  2.417e+00  2.421e+00  2.425e+00  2.429e+00  2.432e+00  2.434e+00  2.436e+00  2.437e+00  2.439e+00  2.440e+00  2.440e+00  2.441e+00  2.441e+00  2.442e+00  2.442e+00  2.442e+00  2.441e+00  2.441e+00  2.441e+00  2.440e+00  2.440e+00  2.439e+00  2.439e+00  2.438e+00  2.438e+00  2.437e+00  2.437e+00  2.437e+00  2.438e+00  2.439e+00 	
 9.083e-02  4.757e-01  1.003e+00  1.422e+00  1.710e+00  1.904e+00  2.036e+00  2.128e+00  2.194e+00  2.242e+00  2.279e+00  2.306e+00  2.328e+00  2.345e+00  2.358e+00  2.369e+00  2.378e+00  2.385e+00  2.391e+00  2.396e+00  2.400e+00  2.404e+00  2.406e+00  2.409e+00  2.410e+00  2.412e+00  2.413e+00  2.414e+00  2.415e+00  2.415e+00  2.416e+00  2.416e+00  2.416e+00  2.416e+00  2.416e+00  2.415e+00  2.415e+00  2.415e+00  2.414e+00  2.413e+00  2.413e+00  2.412e+00  2.412e+00  2.411e+00  2.410e+00  2.410e+00  2.409e+00  2.409e+00  2.410e+00  2.411e+00 	
 1.401e-01  6.466e-01  1.213e+00  1.603e+00  1.850e+00  2.007e+00  2.111e+00  2.182e+00  2.231e+00  2.267e+00  2.294e+00  2.314e+00  2.330e+00  2.342e+00  2.352e+00  2.360e+00  2.366e+00  2.371e+00  2.375e+00  2.379e+00  2.382e+00  2.384e+00  2.386e+00  2.387e+00  2.388e+00  2.389e+00  2.390e+00  2.391e+00  2.391e+00  2.391e+00  2.391e+00  2.391e+00  2.391e+00  2.391e+00  2.390e+00  2.390e+00  2.389e+00  2.389e+00  2.388e+00  2.388e+00  2.387e+00  2.386e+00  2.385e+00  2.385e+00  2.384e+00  2.383e+00  2.383e+00  2.383e+00  2.383e+00  2.384e+00 	
 2.136e-01  8.409e-01  1.413e+00  1.758e+00  1.961e+00  2.085e+00  2.164e+00  2.217e+00  2.254e+00  2.280e+00  2.299e+00  2.314e+00  2.325e+00  2.334e+00  2.341e+00  2.346e+00  2.351e+00  2.354e+00  2.357e+00  2.360e+00  2.362e+00  2.363e+00  2.364e+00  2.365e+00  2.366e+00  2.367e+00  2.367e+00  2.367e+00  2.367e+00  2.367e+00  2.367e+00  2.367e+00  2.367e+00  2.366e+00  2.366e+00  2.365e+00  2.365e+00  2.364e+00  2.363e+00  2.363e+00  2.362e+00  2.361e+00  2.360e+00  2.360e+00  2.359e+00  2.358e+00  2.358e+00  2.358e+00  2.358e+00  2.359e+00 	
 3.166e-01  1.047e+00  1.592e+00  1.884e+00  2.045e+00  2.140e+00  2.199e+00  2.238e+00  2.264e+00  2.283e+00  2.297e+00  2.307e+00  2.315e+00  2.321e+00  2.326e+00  2.330e+00  2.334e+00  2.336e+00  2.338e+00  2.340e+00  2.341e+00  2.342e+00  2.343e+00  2.344e+00  2.344e+00  2.345e+00  2.345e+00  2.345e+00  2.345e+00  2.345e+00  2.344e+00  2.344e+00  2.344e+00  2.343e+00  2.343e+00  2.342e+00  2.341e+00  2.341e+00  2.340e+00  2.339e+00  2.339e+00  2.338e+00  2.337e+00  2.336e+00  2.335e+00  2.335e+00  2.334e+00  2.334e+00  2.334e+00  2.335e+00 	
 4.519e-01  1.253e+00  1.746e+00  1.983e+00  2.107e+00  2.177e+00  2.220e+00  2.248e+00  2.266e+00  2.280e+00  2.289e+00  2.297e+00  2.302e+00  2.307e+00  2.310e+00  2.313e+00  2.315e+00  2.317e+00  2.319e+00  2.320e+00  2.321e+00  2.322e+00  2.322e+00  2.323e+00  2.323e+00  2.323e+00  2.323e+00  2.323e+00  2.323e+00  2.323e+00  2.322e+00  2.322e+00  2.322e+00  2.321e+00  2.321e+00  2.320e+00  2.319e+00  2.319e+00  2.318e+00  2.317e+00  2.316e+00  2.316e+00  2.315e+00  2.314e+00  2.313e+00  2.312e+00  2.312e+00  2.312e+00  2.312e+00  2.312e+00 	
 6.173e-01  1.446e+00  1.871e+00  2.057e+00  2.149e+00  2.200e+00  2.230e+00  2.249e+00  2.262e+00  2.271e+00  2.278e+00  2.283e+00  2.287e+00  2.291e+00  2.293e+00  2.295e+00  2.297e+00  2.298e+00  2.300e+00  2.301e+00  2.301e+00  2.302e+00  2.302e+00  2.303e+00  2.303e+00  2.303e+00  2.303e+00  2.303e+00  2.302e+00  2.302e+00  2.302e+00  2.301e+00  2.301e+00  2.300e+00  2.300e+00  2.299e+00  2.299e+00  2.298e+00  2.297e+00  2.296e+00  2.295e+00  2.295e+00  2.294e+00  2.293e+00  2.292e+00  2.292e+00  2.291e+00  2.291e+00  2.291e+00  2.291e+00 	
 8.059e-01  1.618e+00  1.969e+00  2.109e+00  2.176e+00  2.211e+00  2.232e+00  2.245e+00  2.254e+00  2.260e+00  2.265e+00  2.268e+00  2.271e+00  2.274e+00  2.276e+00  2.278e+00  2.279e+00  2.280e+00  2.281e+00  2.282e+00  2.282e+00  2.283e+00  2.283e+00  2.283e+00  2.284e+00  2.284e+00  2.283e+00  2.283e+00  2.283e+00  2.283e+00  2.282e+00  2.282e+00  2.281e+00  2.281e+00  2.280e+00  2.280e+00  2.279e+00  2.278e+00  2.278e+00  2.277e+00  2.276e+00  2.275e+00  2.274e+00  2.273e+00  2.273e+00  2.272e+00  2.271e+00  2.271e+00  2.271e+00  2.271e+00 	
 1.007e+00  1.764e+00  2.042e+00  2.144e+00  2.191e+00  2.214e+00  2.228e+00  2.237e+00  2.243e+00  2.247e+00  2.250e+00  2.253e+00  2.255e+00  2.257e+00  2.259e+00  2.260e+00  2.261e+00  2.262e+00  2.263e+00  2.264e+00  2.264e+00  2.265e+00  2.265e+00  2.265e+00  2.265e+00  2.265e+00  2.265e+00  2.265e+00  2.265e+00  2.265e+00  2.264e+00  2.264e+00  2.263e+00  2.263e+00  2.262e+00  2.261e+00  2.261e+00  2.260e+00  2.259e+00  2.258e+00  2.258e+00  2.257e+00  2.256e+00  2.255e+00  2.254e+00  2.254e+00  2.253e+00  2.253e+00  2.252e+00  2.253e+00 	
 1.207e+00  1.882e+00  2.093e+00  2.166e+00  2.197e+00  2.212e+00  2.220e+00  2.226e+00  2.230e+00  2.233e+00  2.235e+00  2.238e+00  2.239e+00  2.241e+00  2.242e+00  2.244e+00  2.245e+00  2.246e+00  2.246e+00  2.247e+00  2.248e+00  2.248e+00  2.248e+00  2.248e+00  2.248e+00  2.248e+00  2.248e+00  2.248e+00  2.248e+00  2.247e+00  2.247e+00  2.247e+00  2.246e+00  2.245e+00  2.245e+00  2.244e+00  2.244e+00  2.243e+00  2.242e+00  2.241e+00  2.240e+00  2.240e+00  2.239e+00  2.238e+00  2.237e+00  2.236e+00  2.236e+00  2.235e+00  2.235e+00  2.235e+00 	
 1.396e+00  1.974e+00  2.128e+00  2.177e+00  2.196e+00  2.205e+00  2.210e+00  2.214e+00  2.216e+00  2.219e+00  2.221e+00  2.222e+00  2.224e+00  2.225e+00  2.227e+00  2.228e+00  2.229e+00  2.230e+00  2.231e+00  2.231e+00  2.232e+00  2.232e+00  2.232e+00  2.232e+00  2.232e+00  2.232e+00  2.232e+00  2.232e+00  2.232e+00  2.231e+00  2.231e+00  2.231e+00  2.230e+00  2.229e+00  2.229e+00  2.228e+00  2.227e+00  2.227e+00  2.226e+00  2.225e+00  2.224e+00  2.223e+00  2.223e+00  2.222e+00  2.221e+00  2.220e+00  2.219e+00  2.219e+00  2.219e+00  2.219e+00 	
 1.565e+00  2.043e+00  2.149e+00  2.180e+00  2.191e+00  2.196e+00  2.199e+00  2.201e+00  2.203e+00  2.204e+00  2.206e+00  2.208e+00  2.209e+00  2.211e+00  2.212e+00  2.213e+00  2.214e+00  2.215e+00  2.216e+00  2.216e+00  2.217e+00  2.217e+00  2.217e+00  2.218e+00  2.218e+00  2.217e+00  2.217e+00  2.217e+00  2.217e+00  2.216e+00  2.216e+00  2.216e+00  2.215e+00  2.214e+00  2.214e+00  2.213e+00  2.212e+00  2.212e+00  2.211e+00  2.210e+00  2.209e+00  2.208e+00  2.207e+00  2.207e+00  2.206e+00  2.205e+00  2.204e+00  2.204e+00  2.204e+00  2.204e+00 	
 1.709e+00  2.091e+00  2.160e+00  2.178e+00  2.183e+00  2.185e+00  2.186e+00  2.188e+00  2.189e+00  2.191e+00  2.192e+00  2.194e+00  2.195e+00  2.197e+00  2.198e+00  2.199e+00  2.200e+00  2.201e+00  2.202e+00  2.202e+00  2.203e+00  2.203e+00  2.204e+00  2.204e+00  2.204e+00  2.204e+00  2.203e+00  2.203e+00  2.203e+00  2.202e+00  2.202e+00  2.202e+00  2.201e+00  2.200e+00  2.200e+00  2.199e+00  2.198e+00  2.198e+00  2.197e+00  2.196e+00  2.195e+00  2.194e+00  2.193e+00  2.192e+00  2.192e+00  2.191e+00  2.190e+00  2.190e+00  2.189e+00  2.189e+00 	
 1.827e+00  2.123e+00  2.164e+00  2.172e+00  2.173e+00  2.173e+00  2.174e+00  2.175e+00  2.176e+00  2.178e+00  2.179e+00  2.181e+00  2.182e+00  2.184e+00  2.185e+00  2.186e+00  2.187e+00  2.188e+00  2.189e+00  2.190e+00  2.190e+00  2.190e+00  2.191e+00  2.191e+00  2.191e+00  2.191e+00  2.190e+00  2.190e+00  2.190e+00  2.189e+00  2.189e+00  2.188e+00  2.188e+00  2.187e+00  2.187e+00  2.186e+00  2.185e+00  2.184e+00  2.183e+00  2.183e+00  2.182e+00  2.181e+00  2.180e+00  2.179e+00  2.178e+00  2.177e+00  2.177e+00  2.176e+00  2.176e+00  2.176e+00 	
 1.920e+00  2.143e+00  2.162e+00  2.163e+00  2.162e+00  2.162e+00  2.162e+00  2.163e+00  2.164e+00  2.166e+00  2.167e+00  2.169e+00  2.170e+00  2.172e+00  2.173e+00  2.174e+00  2.175e+00  2.176e+00  2.177e+00  2.178e+00  2.178e+00  2.178e+00  2.179e+00  2.179e+00  2.179e+00  2.178e+00  2.178e+00  2.178e+00  2.178e+00  2.177e+00  2.177e+00  2.176e+00  2.175e+00  2.175e+00  2.174e+00  2.173e+00  2.173e+00  2.172e+00  2.171e+00  2.170e+00  2.169e+00  2.168e+00  2.168e+00  2.167e+00  2.166e+00  2.165e+00  2.164e+00  2.164e+00  2.163e+00  2.163e+00 	
 1.990e+00  2.153e+00  2.156e+00  2.154e+00  2.151e+00  2.150e+00  2.150e+00  2.151e+00  2.153e+00  2.154e+00  2.156e+00  2.158e+00  2.159e+00  2.161e+00  2.162e+00  2.163e+00  2.164e+00  2.165e+00  2.166e+00  2.166e+00  2.167e+00  2.167e+00  2.167e+00  2.167e+00  2.167e+00  2.167e+00  2.167e+00  2.167e+00  2.166e+00  2.166e+00  2.165e+00  2.165e+00  2.164e+00  2.163e+00  2.163e+00  2.162e+00  2.161e+00  2.160e+00  2.159e+00  2.159e+00  2.158e+00  2.157e+00  2.156e+00  2.155e+00  2.154e+00  2.153e+00  2.153e+00  2.152e+00  2.152e+00  2.152e+00 	
 2.040e+00  2.155e+00  2.149e+00  2.143e+00  2.140e+00  2.139e+00  2.139e+00  2.140e+00  2.142e+00  2.144e+00  2.145e+00  2.147e+00  2.149e+00  2.150e+00  2.152e+00  2.153e+00  2.154e+00  2.155e+00  2.155e+00  2.156e+00  2.156e+00  2.157e+00  2.157e+00  2.157e+00  2.157e+00  2.156e+00  2.156e+00  2.156e+00  2.155e+00  2.155e+00  2.154e+00  2.154e+00  2.153e+00  2.152e+00  2.152e+00  2.151e+00  2.150e+00  2.149e+00  2.148e+00  2.148e+00  2.147e+00  2.146e+00  2.145e+00  2.144e+00  2.143e+00  2.142e+00  2.142e+00  2.141e+00  2.141e+00  2.141e+00 	
 2.074e+00  2.153e+00  2.139e+00  2.133e+00  2.130e+00  2.129e+00  2.129e+00  2.130e+00  2.132e+00  2.134e+00  2.136e+00  2.138e+00  2.139e+00  2.141e+00  2.142e+00  2.143e+00  2.144e+00  2.145e+00  2.146e+00  2.146e+00  2.147e+00  2.147e+00  2.147e+00  2.147e+00  2.147e+00  2.146e+00  2.146e+00  2.146e+00  2.145e+00  2.145e+00  2.144e+00  2.144e+00  2.143e+00  2.142e+00  2.141e+00  2.141e+00  2.140e+00  2.139e+00  2.138e+00  2.137e+00  2.136e+00  2.136e+00  2.135e+00  2.134e+00  2.133e+00  2.132e+00  2.131e+00  2.131e+00  2.130e+00  2.130e+00 	
 2.096e+00  2.148e+00  2.130e+00  2.123e+00  2.120e+00  2.119e+00  2.120e+00  2.121e+00  2.123e+00  2.125e+00  2.127e+00  2.129e+00  2.130e+00  2.132e+00  2.133e+00  2.135e+00  2.135e+00  2.136e+00  2.137e+00  2.137e+00  2.138e+00  2.138e+00  2.138e+00  2.138e+00  2.137e+00  2.137e+00  2.137e+00  2.136e+00  2.136e+00  2.135e+00  2.135e+00  2.134e+00  2.133e+00  2.133e+00  2.132e+00  2.131e+00  2.130e+00  2.129e+00  2.129e+00  2.128e+00  2.127e+00  2.126e+00  2.125e+00  2.124e+00  2.123e+00  2.122e+00  2.122e+00  2.121e+00  2.121e+00  2.120e+00 	
 2.109e+00  2.140e+00  2.120e+00  2.113e+00  2.110e+00  2.110e+00  2.111e+00  2.113e+00  2.115e+00  2.117e+00  2.119e+00  2.121e+00  2.122e+00  2.124e+00  2.125e+00  2.126e+00  2.127e+00  2.128e+00  2.128e+00  2.129e+00  2.129e+00  2.129e+00  2.129e+00  2.129e+00  2.129e+00  2.128e+00  2.128e+00  2.128e+00  2.127e+00  2.126e+00  2.126e+00  2.125e+00  2.124e+00  2.124e+00  2.123e+00  2.122e+00  2.121e+00  2.120e+00  2.119e+00  2.119e+00  2.118e+00  2.117e+00  2.116e+00  2.115e+00  2.114e+00  2.113e+00  2.113e+00  2.112e+00  2.112e+00  2.111e+00 	
 2.114e+00  2.131e+00  2.110e+00  2.104e+00  2.102e+00  2.102e+00  2.103e+00  2.105e+00  2.107e+00  2.109e+00  2.111e+00  2.113e+00  2.115e+00  2.116e+00  2.118e+00  2.119e+00  2.119e+00  2.120e+00  2.121e+00  2.121e+00  2.121e+00  2.121e+00  2.121e+00  2.121e+00  2.121e+00  2.120e+00  2.120e+00  2.119e+00  2.119e+00  2.118e+00  2.117e+00  2.117e+00  2.116e+00  2.115e+00  2.114e+00  2.114e+00  2.113e+00  2.112e+00  2.111e+00  2.110e+00  2.109e+00  2.108e+00  2.107e+00  2.107e+00  2.106e+00  2.105e+00  2.104e+00  2.104e+00  2.103e+00  2.103e+00 	
 2.115e+00  2.122e+00  2.101e+00  2.095e+00  2.094e+00  2.094e+00  2.096e+00  2.098e+00  2.100e+00  2.102e+00  2.104e+00  2.106e+00  2.108e+00  2.109e+00  2.110e+00  2.111e+00  2.112e+00  2.113e+00  2.113e+00  2.113e+00  2.114e+00  2.114e+00  2.113e+00  2.113e+00  2.113e+00  2.112e+00  2.112e+00  2.111e+00  2.111e+00  2.110e+00  2.109e+00  2.109e+00  2.108e+00  2.107e+00  2.106e+00  2.106e+00  2.105e+00  2.104e+00  2.103e+00  2.102e+00  2.101e+00  2.100e+00  2.100e+00  2.099e+00  2.098e+00  2.097e+00  2.096e+00  2.096e+00  2.095e+00  2.095e+00 	
 2.111e+00  2.113e+00  2.092e+00  2.087e+00  2.086e+00  2.087e+00  2.089e+00  2.091e+00  2.094e+00  2.096e+00  2.098e+00  2.100e+00  2.101e+00  2.103e+00  2.104e+00  2.105e+00  2.105e+00  2.106e+00  2.106e+00  2.106e+00  2.107e+00  2.106e+00  2.106e+00  2.106e+00  2.106e+00  2.105e+00  2.105e+00  2.104e+00  2.103e+00  2.103e+00  2.102e+00  2.101e+00  2.100e+00  2.100e+00  2.099e+00  2.098e+00  2.097e+00  2.096e+00  2.096e+00  2.095e+00  2.094e+00  2.093e+00  2.092e+00  2.091e+00  2.090e+00  2.090e+00  2.089e+00  2.088e+00  2.088e+00  2.087e+00 	
 2.106e+00  2.104e+00  2.084e+00  2.080e+00  2.080e+00  2.081e+00  2.083e+00  2.085e+00  2.088e+00  2.090e+00  2.092e+00  2.094e+00  2.095e+00  2.097e+00  2.098e+00  2.098e+00  2.099e+00  2.100e+00  2.100e+00  2.100e+00  2.100e+00  2.100e+00  2.099e+00  2.099e+00  2.099e+00  2.098e+00  2.098e+00  2.097e+00  2.096e+00  2.096e+00  2.095e+00  2.094e+00  2.093e+00  2.093e+00  2.092e+00  2.091e+00  2.090e+00  2.089e+00  2.088e+00  2.088e+00  2.087e+00  2.086e+00  2.085e+00  2.084e+00  2.084e+00  2.083e+00  2.082e+00  2.081e+00  2.081e+00  2.080e+00 	
 2.099e+00  2.095e+00  2.077e+00  2.074e+00  2.074e+00  2.075e+00  2.077e+00  2.080e+00  2.082e+00  2.084e+00  2.086e+00  2.088e+00  2.090e+00  2.091e+00  2.092e+00  2.093e+00  2.093e+00  2.094e+00  2.094e+00  2.094e+00  2.094e+00  2.093e+00  2.093e+00  2.093e+00  2.092e+00  2.092e+00  2.091e+00  2.090e+00  2.090e+00  2.089e+00  2.088e+00  2.088e+00  2.087e+00  2.086e+00  2.085e+00  2.084e+00  2.084e+00  2.083e+00  2.082e+00  2.081e+00  2.080e+00  2.079e+00  2.079e+00  2.078e+00  2.077e+00  2.076e+00  2.076e+00  2.075e+00  2.074e+00  2.074e+00 	
 2.092e+00  2.087e+00  2.071e+00  2.068e+00  2.068e+00  2.070e+00  2.072e+00  2.075e+00  2.077e+00  2.079e+00  2.081e+00  2.083e+00  2.084e+00  2.086e+00  2.086e+00  2.087e+00  2.088e+00  2.088e+00  2.088e+00  2.088e+00  2.088e+00  2.087e+00  2.087e+00  2.087e+00  2.086e+00  2.086e+00  2.085e+00  2.084e+00  2.084e+00  2.083e+00  2.082e+00  2.081e+00  2.081e+00  2.080e+00  2.079e+00  2.078e+00  2.077e+00  2.077e+00  2.076e+00  2.075e+00  2.074e+00  2.073e+00  2.073e+00  2.072e+00  2.071e+00  2.070e+00  2.070e+00  2.069e+00  2.068e+00  2.068e+00 	
 2.084e+00  2.081e+00  2.065e+00  2.063e+00  2.063e+00  2.065e+00  2.068e+00  2.070e+00  2.073e+00  2.075e+00  2.077e+00  2.078e+00  2.080e+00  2.081e+00  2.081e+00  2.082e+00  2.082e+00  2.082e+00  2.083e+00  2.082e+00  2.082e+00  2.082e+00  2.081e+00  2.081e+00  2.080e+00  2.080e+00  2.079e+00  2.079e+00  2.078e+00  2.077e+00  2.076e+00  2.076e+00  2.075e+00  2.074e+00  2.073e+00  2.072e+00  2.072e+00  2.071e+00  2.070e+00  2.069e+00  2.068e+00  2.068e+00  2.067e+00  2.066e+00  2.065e+00  2.065e+00  2.064e+00  2.063e+00  2.063e+00  2.062e+00 	
 2.075e+00  2.074e+00  2.060e+00  2.058e+00  2.059e+00  2.061e+00  2.064e+00  2.066e+00  2.069e+00  2.071e+00  2.072e+00  2.074e+00  2.075e+00  2.076e+00  2.077e+00  2.077e+00  2.077e+00  2.077e+00  2.077e+00  2.077e+00  2.077e+00  2.077e+00  2.076e+00  2.076e+00  2.075e+00  2.074e+00  2.074e+00  2.073e+00  2.072e+00  2.072e+00  2.071e+00  2.070e+00  2.069e+00  2.068e+00  2.068e+00  2.067e+00  2.066e+00  2.065e+00  2.065e+00  2.064e+00  2.063e+00  2.062e+00  2.062e+00  2.061e+00  2.060e+00  2.060e+00  2.059e+00  2.058e+00  2.057e+00  2.057e+00 	
 2.064e+00  2.068e+00  2.056e+00  2.054e+00  2.056e+00  2.058e+00  2.060e+00  2.063e+00  2.065e+00  2.067e+00  2.069e+00  2.070e+00  2.071e+00  2.072e+00  2.072e+00  2.073e+00  2.073e+00  2.073e+00  2.073e+00  2.072e+00  2.072e+00  2.072e+00  2.071e+00  2.071e+00  2.070e+00  2.069e+00  2.069e+00  2.068e+00  2.067e+00  2.066e+00  2.066e+00  2.065e+00  2.064e+00  2.063e+00  2.063e+00  2.062e+00  2.061e+00  2.060e+00  2.060e+00  2.059e+00  2.058e+00  2.058e+00  2.057e+00  2.056e+00  2.055e+00  2.055e+00  2.054e+00  2.053e+00  2.053e+00  2.052e+00 	
 2.046e+00  2.059e+00  2.050e+00  2.050e+00  2.052e+00  2.054e+00  2.057e+00  2.059e+00  2.061e+00  2.063e+00  2.065e+00  2.066e+00  2.067e+00  2.068e+00  2.068e+00  2.069e+00  2.069e+00  2.069e+00  2.068e+00  2.068e+00  2.068e+00  2.067e+00  2.067e+00  2.066e+00  2.066e+00  2.065e+00  2.064e+00  2.063e+00  2.063e+00  2.062e+00  2.061e+00  2.060e+00  2.060e+00  2.059e+00  2.058e+00  2.057e+00  2.057e+00  2.056e+00  2.055e+00  2.055e+00  2.054e+00  2.053e+00  2.053e+00  2.052e+00  2.051e+00  2.051e+00  2.050e+00  2.049e+00  2.048e+00  2.047e+00 	
 2.006e+00  2.042e+00  2.040e+00  2.041e+00  2.044e+00  2.047e+00  2.050e+00  2.053e+00  2.055e+00  2.057e+00  2.059e+00  2.060e+00  2.061e+00  2.062e+00  2.062e+00  2.062e+00  2.063e+00  2.063e+00  2.062e+00  2.062e+00  2.062e+00  2.061e+00  2.061e+00  2.060e+00  2.059e+00  2.059e+00  2.058e+00  2.057e+00  2.057e+00  2.056e+00  2.055e+00  2.055e+00  2.054e+00  2.053e+00  2.052e+00  2.052e+00  2.051e+00  2.050e+00  2.050e+00  2.049e+00  2.048e+00  2.048e+00  2.047e+00  2.046e+00  2.045e+00  2.045e+00  2.043e+00  2.042e+00  2.041e+00  2.038e+00 	
