 2.225e-03  3.281e-03  4.583e-03  6.173e-03  8.065e-03  1.027e-02  1.280e-02  1.566e-02  1.887e-02  2.243e-02  2.636e-02  3.066e-02  3.533e-02  4.040e-02  4.587e-02  5.175e-02  5.805e-02  6.478e-02  7.195e-02  7.957e-02  8.765e-02  9.620e-02  1.052e-01  1.147e-01  1.248e-01  1.353e-01  1.463e-01  1.579e-01  1.700e-01  1.826e-01  1.957e-01  2.094e-01  2.236e-01  2.384e-01  2.537e-01  2.696e-01  2.860e-01  3.029e-01  3.204e-01  3.384e-01  3.568e-01  3.758e-01  3.951e-01  4.148e-01  4.346e-01  4.545e-01  4.741e-01  4.929e-01  5.105e-01  5.259e-01 	
 2.743e-03  4.060e-03  5.698e-03  7.710e-03  1.011e-02  1.292e-02  1.615e-02  1.982e-02  2.393e-02  2.850e-02  3.355e-02  3.908e-02  4.512e-02  5.167e-02  5.875e-02  6.638e-02  7.456e-02  8.333e-02  9.268e-02  1.026e-01  1.132e-01  1.244e-01  1.363e-01  1.488e-01  1.619e-01  1.758e-01  1.903e-01  2.055e-01  2.214e-01  2.380e-01  2.553e-01  2.733e-01  2.920e-01  3.115e-01  3.316e-01  3.524e-01  3.739e-01  3.960e-01  4.189e-01  4.423e-01  4.664e-01  4.911e-01  5.163e-01  5.418e-01  5.675e-01  5.931e-01  6.183e-01  6.425e-01  6.649e-01  6.846e-01 	
 3.481e-03  5.116e-03  7.188e-03  9.747e-03  1.281e-02  1.639e-02  2.050e-02  2.518e-02  3.043e-02  3.628e-02  4.274e-02  4.985e-02  5.761e-02  6.605e-02  7.519e-02  8.506e-02  9.568e-02  1.071e-01  1.192e-01  1.322e-01  1.460e-01  1.606e-01  1.761e-01  1.924e-01  2.097e-01  2.278e-01  2.467e-01  2.666e-01  2.873e-01  3.090e-01  3.315e-01  3.548e-01  3.790e-01  4.040e-01  4.299e-01  4.566e-01  4.840e-01  5.122e-01  5.411e-01  5.707e-01  6.009e-01  6.317e-01  6.630e-01  6.945e-01  7.262e-01  7.576e-01  7.883e-01  8.176e-01  8.447e-01  8.683e-01 	
 4.366e-03  6.346e-03  8.903e-03  1.207e-02  1.587e-02  2.031e-02  2.544e-02  3.127e-02  3.784e-02  4.518e-02  5.332e-02  6.229e-02  7.213e-02  8.286e-02  9.452e-02  1.071e-01  1.208e-01  1.354e-01  1.510e-01  1.678e-01  1.856e-01  2.045e-01  2.245e-01  2.456e-01  2.678e-01  2.911e-01  3.156e-01  3.411e-01  3.677e-01  3.953e-01  4.240e-01  4.536e-01  4.843e-01  5.158e-01  5.482e-01  5.815e-01  6.155e-01  6.503e-01  6.858e-01  7.219e-01  7.585e-01  7.956e-01  8.331e-01  8.706e-01  9.080e-01  9.448e-01  9.806e-01  1.015e+00  1.046e+00  1.073e+00 	
 5.333e-03  7.657e-03  1.072e-02  1.453e-02  1.912e-02  2.452e-02  3.077e-02  3.792e-02  4.601e-02  5.510e-02  6.524e-02  7.646e-02  8.882e-02  1.024e-01  1.171e-01  1.332e-01  1.505e-01  1.692e-01  1.892e-01  2.106e-01  2.334e-01  2.576e-01  2.831e-01  3.101e-01  3.384e-01  3.680e-01  3.990e-01  4.312e-01  4.646e-01  4.992e-01  5.349e-01  5.717e-01  6.094e-01  6.480e-01  6.875e-01  7.277e-01  7.686e-01  8.100e-01  8.520e-01  8.944e-01  9.371e-01  9.800e-01  1.023e+00  1.066e+00  1.108e+00  1.149e+00  1.189e+00  1.226e+00  1.261e+00  1.290e+00 	
 6.317e-03  8.971e-03  1.254e-02  1.703e-02  2.248e-02  2.894e-02  3.648e-02  4.517e-02  5.508e-02  6.629e-02  7.885e-02  9.285e-02  1.083e-01  1.254e-01  1.440e-01  1.643e-01  1.863e-01  2.100e-01  2.355e-01  2.627e-01  2.916e-01  3.222e-01  3.545e-01  3.884e-01  4.239e-01  4.610e-01  4.994e-01  5.393e-01  5.804e-01  6.226e-01  6.659e-01  7.102e-01  7.553e-01  8.011e-01  8.475e-01  8.944e-01  9.416e-01  9.891e-01  1.037e+00  1.084e+00  1.132e+00  1.179e+00  1.226e+00  1.273e+00  1.318e+00  1.362e+00  1.404e+00  1.443e+00  1.479e+00  1.510e+00 	
 7.265e-03  1.024e-02  1.433e-02  1.956e-02  2.599e-02  3.368e-02  4.276e-02  5.331e-02  6.545e-02  7.928e-02  9.489e-02  1.124e-01  1.318e-01  1.533e-01  1.769e-01  2.025e-01  2.304e-01  2.604e-01  2.925e-01  3.268e-01  3.631e-01  4.014e-01  4.417e-01  4.837e-01  5.275e-01  5.728e-01  6.196e-01  6.677e-01  7.168e-01  7.670e-01  8.179e-01  8.695e-01  9.215e-01  9.739e-01  1.026e+00  1.079e+00  1.131e+00  1.183e+00  1.235e+00  1.286e+00  1.337e+00  1.387e+00  1.435e+00  1.483e+00  1.529e+00  1.574e+00  1.616e+00  1.655e+00  1.691e+00  1.722e+00 	
 8.144e-03  1.144e-02  1.611e-02  2.219e-02  2.977e-02  3.898e-02  4.996e-02  6.287e-02  7.785e-02  9.504e-02  1.146e-01  1.366e-01  1.611e-01  1.882e-01  2.180e-01  2.505e-01  2.856e-01  3.234e-01  3.637e-01  4.065e-01  4.517e-01  4.990e-01  5.483e-01  5.994e-01  6.522e-01  7.064e-01  7.618e-01  8.181e-01  8.751e-01  9.327e-01  9.905e-01  1.048e+00  1.106e+00  1.163e+00  1.220e+00  1.277e+00  1.332e+00  1.386e+00  1.440e+00  1.492e+00  1.543e+00  1.593e+00  1.641e+00  1.688e+00  1.732e+00  1.775e+00  1.815e+00  1.852e+00  1.886e+00  1.915e+00 	
 8.943e-03  1.260e-02  1.795e-02  2.508e-02  3.411e-02  4.526e-02  5.871e-02  7.470e-02  9.341e-02  1.150e-01  1.397e-01  1.676e-01  1.987e-01  2.331e-01  2.709e-01  3.119e-01  3.561e-01  4.033e-01  4.535e-01  5.063e-01  5.615e-01  6.188e-01  6.780e-01  7.388e-01  8.008e-01  8.637e-01  9.272e-01  9.909e-01  1.055e+00  1.118e+00  1.181e+00  1.243e+00  1.305e+00  1.365e+00  1.423e+00  1.481e+00  1.536e+00  1.591e+00  1.643e+00  1.694e+00  1.742e+00  1.789e+00  1.835e+00  1.878e+00  1.919e+00  1.957e+00  1.994e+00  2.027e+00  2.058e+00  2.084e+00 	
 9.676e-03  1.378e-02  1.999e-02  2.847e-02  3.942e-02  5.314e-02  6.991e-02  9.002e-02  1.137e-01  1.413e-01  1.728e-01  2.083e-01  2.481e-01  2.919e-01  3.397e-01  3.913e-01  4.465e-01  5.050e-01  5.665e-01  6.305e-01  6.967e-01  7.646e-01  8.337e-01  9.037e-01  9.741e-01  1.045e+00  1.115e+00  1.184e+00  1.252e+00  1.319e+00  1.384e+00  1.448e+00  1.510e+00  1.569e+00  1.627e+00  1.682e+00  1.736e+00  1.786e+00  1.835e+00  1.882e+00  1.926e+00  1.968e+00  2.008e+00  2.046e+00  2.081e+00  2.115e+00  2.146e+00  2.175e+00  2.201e+00  2.223e+00 	
 1.037e-02  1.507e-02  2.243e-02  3.272e-02  4.628e-02  6.350e-02  8.481e-02  1.106e-01  1.411e-01  1.765e-01  2.171e-01  2.629e-01  3.137e-01  3.693e-01  4.295e-01  4.939e-01  5.620e-01  6.332e-01  7.070e-01  7.828e-01  8.598e-01  9.376e-01  1.016e+00  1.093e+00  1.170e+00  1.245e+00  1.319e+00  1.390e+00  1.460e+00  1.527e+00  1.591e+00  1.653e+00  1.712e+00  1.768e+00  1.821e+00  1.871e+00  1.919e+00  1.965e+00  2.007e+00  2.047e+00  2.085e+00  2.121e+00  2.154e+00  2.186e+00  2.215e+00  2.243e+00  2.268e+00  2.291e+00  2.313e+00  2.332e+00 	
 1.107e-02  1.659e-02  2.553e-02  3.833e-02  5.548e-02  7.758e-02  1.052e-01  1.387e-01  1.784e-01  2.246e-01  2.772e-01  3.360e-01  4.008e-01  4.710e-01  5.459e-01  6.249e-01  7.070e-01  7.914e-01  8.773e-01  9.638e-01  1.050e+00  1.136e+00  1.219e+00  1.301e+00  1.381e+00  1.457e+00  1.530e+00  1.600e+00  1.667e+00  1.730e+00  1.790e+00  1.846e+00  1.899e+00  1.948e+00  1.995e+00  2.038e+00  2.079e+00  2.117e+00  2.152e+00  2.185e+00  2.216e+00  2.244e+00  2.271e+00  2.296e+00  2.319e+00  2.340e+00  2.360e+00  2.378e+00  2.395e+00  2.410e+00 	
 1.184e-02  1.853e-02  2.967e-02  4.596e-02  6.817e-02  9.708e-02  1.334e-01  1.775e-01  2.298e-01  2.902e-01  3.583e-01  4.336e-01  5.153e-01  6.022e-01  6.934e-01  7.875e-01  8.833e-01  9.797e-01  1.075e+00  1.170e+00  1.262e+00  1.351e+00  1.436e+00  1.517e+00  1.595e+00  1.668e+00  1.736e+00  1.800e+00  1.860e+00  1.916e+00  1.968e+00  2.016e+00  2.061e+00  2.102e+00  2.140e+00  2.175e+00  2.208e+00  2.238e+00  2.266e+00  2.291e+00  2.315e+00  2.336e+00  2.356e+00  2.375e+00  2.392e+00  2.408e+00  2.423e+00  2.436e+00  2.449e+00  2.462e+00 	
 1.276e-02  2.110e-02  3.535e-02  5.659e-02  8.594e-02  1.245e-01  1.729e-01  2.316e-01  3.006e-01  3.792e-01  4.666e-01  5.614e-01  6.620e-01  7.668e-01  8.738e-01  9.815e-01  1.088e+00  1.193e+00  1.294e+00  1.391e+00  1.483e+00  1.570e+00  1.651e+00  1.727e+00  1.797e+00  1.862e+00  1.922e+00  1.978e+00  2.028e+00  2.074e+00  2.117e+00  2.156e+00  2.191e+00  2.224e+00  2.253e+00  2.280e+00  2.305e+00  2.327e+00  2.348e+00  2.366e+00  2.384e+00  2.399e+00  2.414e+00  2.427e+00  2.439e+00  2.450e+00  2.461e+00  2.471e+00  2.480e+00  2.490e+00 	
 1.391e-02  2.460e-02  4.328e-02  7.159e-02  1.111e-01  1.631e-01  2.282e-01  3.064e-01  3.969e-01  4.980e-01  6.077e-01  7.237e-01  8.433e-01  9.640e-01  1.084e+00  1.200e+00  1.312e+00  1.419e+00  1.519e+00  1.612e+00  1.698e+00  1.777e+00  1.849e+00  1.915e+00  1.975e+00  2.029e+00  2.078e+00  2.123e+00  2.163e+00  2.199e+00  2.232e+00  2.261e+00  2.288e+00  2.312e+00  2.333e+00  2.353e+00  2.371e+00  2.387e+00  2.401e+00  2.414e+00  2.426e+00  2.437e+00  2.447e+00  2.456e+00  2.464e+00  2.471e+00  2.479e+00  2.486e+00  2.493e+00  2.500e+00 	
 1.542e-02  2.946e-02  5.449e-02  9.294e-02  1.469e-01  2.177e-01  3.052e-01  4.085e-01  5.250e-01  6.517e-01  7.847e-01  9.205e-01  1.055e+00  1.187e+00  1.312e+00  1.430e+00  1.540e+00  1.641e+00  1.733e+00  1.816e+00  1.890e+00  1.957e+00  2.017e+00  2.071e+00  2.118e+00  2.161e+00  2.199e+00  2.232e+00  2.262e+00  2.289e+00  2.313e+00  2.334e+00  2.353e+00  2.370e+00  2.385e+00  2.398e+00  2.411e+00  2.421e+00  2.431e+00  2.440e+00  2.447e+00  2.454e+00  2.461e+00  2.466e+00  2.472e+00  2.477e+00  2.481e+00  2.486e+00  2.491e+00  2.497e+00 	
 1.744e-02  3.626e-02  7.044e-02  1.234e-01  1.977e-01  2.939e-01  4.105e-01  5.440e-01  6.896e-01  8.416e-01  9.948e-01  1.145e+00  1.287e+00  1.421e+00  1.543e+00  1.654e+00  1.753e+00  1.841e+00  1.919e+00  1.988e+00  2.049e+00  2.102e+00  2.148e+00  2.189e+00  2.225e+00  2.256e+00  2.283e+00  2.307e+00  2.329e+00  2.347e+00  2.364e+00  2.378e+00  2.391e+00  2.403e+00  2.413e+00  2.422e+00  2.429e+00  2.436e+00  2.442e+00  2.448e+00  2.453e+00  2.457e+00  2.461e+00  2.464e+00  2.467e+00  2.470e+00  2.473e+00  2.476e+00  2.480e+00  2.484e+00 	
 2.019e-02  4.580e-02  9.318e-02  1.669e-01  2.691e-01  3.985e-01  5.500e-01  7.165e-01  8.897e-01  1.062e+00  1.227e+00  1.381e+00  1.520e+00  1.645e+00  1.755e+00  1.851e+00  1.935e+00  2.007e+00  2.069e+00  2.122e+00  2.168e+00  2.207e+00  2.241e+00  2.271e+00  2.296e+00  2.318e+00  2.337e+00  2.353e+00  2.368e+00  2.380e+00  2.391e+00  2.401e+00  2.409e+00  2.416e+00  2.423e+00  2.428e+00  2.433e+00  2.437e+00  2.441e+00  2.444e+00  2.446e+00  2.449e+00  2.451e+00  2.453e+00  2.454e+00  2.456e+00  2.458e+00  2.460e+00  2.462e+00  2.466e+00 	
 2.393e-02  5.925e-02  1.256e-01  2.282e-01  3.674e-01  5.370e-01  7.265e-01  9.235e-01  1.117e+00  1.298e+00  1.463e+00  1.608e+00  1.734e+00  1.842e+00  1.934e+00  2.011e+00  2.076e+00  2.131e+00  2.177e+00  2.216e+00  2.249e+00  2.277e+00  2.301e+00  2.321e+00  2.338e+00  2.353e+00  2.365e+00  2.376e+00  2.386e+00  2.394e+00  2.401e+00  2.406e+00  2.412e+00  2.416e+00  2.420e+00  2.423e+00  2.426e+00  2.428e+00  2.430e+00  2.431e+00  2.433e+00  2.434e+00  2.434e+00  2.435e+00  2.436e+00  2.437e+00  2.437e+00  2.439e+00  2.441e+00  2.443e+00 	
 2.905e-02  7.825e-02  1.715e-01  3.134e-01  4.984e-01  7.121e-01  9.362e-01  1.154e+00  1.354e+00  1.530e+00  1.681e+00  1.808e+00  1.913e+00  1.999e+00  2.070e+00  2.129e+00  2.177e+00  2.216e+00  2.249e+00  2.276e+00  2.299e+00  2.318e+00  2.334e+00  2.347e+00  2.358e+00  2.368e+00  2.376e+00  2.383e+00  2.389e+00  2.394e+00  2.398e+00  2.401e+00  2.404e+00  2.407e+00  2.409e+00  2.410e+00  2.412e+00  2.413e+00  2.413e+00  2.414e+00  2.414e+00  2.414e+00  2.414e+00  2.414e+00  2.414e+00  2.415e+00  2.415e+00  2.416e+00  2.417e+00  2.419e+00 	
 3.609e-02  1.051e-01  2.359e-01  4.282e-01  6.652e-01  9.200e-01  1.167e+00  1.390e+00  1.580e+00  1.737e+00  1.865e+00  1.967e+00  2.049e+00  2.114e+00  2.166e+00  2.208e+00  2.241e+00  2.269e+00  2.291e+00  2.309e+00  2.325e+00  2.337e+00  2.347e+00  2.356e+00  2.363e+00  2.369e+00  2.374e+00  2.378e+00  2.382e+00  2.385e+00  2.387e+00  2.389e+00  2.390e+00  2.391e+00  2.392e+00  2.393e+00  2.393e+00  2.394e+00  2.394e+00  2.393e+00  2.393e+00  2.393e+00  2.392e+00  2.392e+00  2.391e+00  2.391e+00  2.391e+00  2.391e+00  2.392e+00  2.394e+00 	
 4.578e-02  1.429e-01  3.243e-01  5.770e-01  8.652e-01  1.149e+00  1.401e+00  1.610e+00  1.776e+00  1.906e+00  2.006e+00  2.083e+00  2.143e+00  2.190e+00  2.226e+00  2.255e+00  2.278e+00  2.297e+00  2.312e+00  2.324e+00  2.334e+00  2.342e+00  2.348e+00  2.354e+00  2.358e+00  2.362e+00  2.365e+00  2.367e+00  2.369e+00  2.370e+00  2.371e+00  2.372e+00  2.373e+00  2.373e+00  2.373e+00  2.373e+00  2.373e+00  2.373e+00  2.372e+00  2.372e+00  2.371e+00  2.370e+00  2.370e+00  2.369e+00  2.368e+00  2.368e+00  2.367e+00  2.367e+00  2.368e+00  2.369e+00 	
 5.918e-02  1.955e-01  4.420e-01  7.597e-01  1.088e+00  1.380e+00  1.616e+00  1.796e+00  1.931e+00  2.031e+00  2.106e+00  2.161e+00  2.203e+00  2.236e+00  2.260e+00  2.280e+00  2.295e+00  2.307e+00  2.317e+00  2.325e+00  2.331e+00  2.336e+00  2.341e+00  2.344e+00  2.347e+00  2.349e+00  2.350e+00  2.351e+00  2.352e+00  2.353e+00  2.353e+00  2.353e+00  2.353e+00  2.353e+00  2.353e+00  2.353e+00  2.352e+00  2.351e+00  2.351e+00  2.350e+00  2.349e+00  2.348e+00  2.347e+00  2.346e+00  2.345e+00  2.344e+00  2.344e+00  2.344e+00  2.344e+00  2.345e+00 	
 7.769e-02  2.678e-01  5.922e-01  9.695e-01  1.317e+00  1.593e+00  1.797e+00  1.942e+00  2.044e+00  2.117e+00  2.170e+00  2.209e+00  2.237e+00  2.259e+00  2.276e+00  2.289e+00  2.299e+00  2.307e+00  2.313e+00  2.318e+00  2.322e+00  2.326e+00  2.328e+00  2.330e+00  2.331e+00  2.333e+00  2.333e+00  2.334e+00  2.334e+00  2.334e+00  2.334e+00  2.334e+00  2.333e+00  2.333e+00  2.332e+00  2.332e+00  2.331e+00  2.330e+00  2.329e+00  2.328e+00  2.327e+00  2.326e+00  2.325e+00  2.324e+00  2.323e+00  2.322e+00  2.321e+00  2.321e+00  2.321e+00  2.322e+00 	
 1.033e-01  3.645e-01  7.737e-01  1.192e+00  1.531e+00  1.772e+00  1.936e+00  2.046e+00  2.120e+00  2.171e+00  2.207e+00  2.234e+00  2.253e+00  2.268e+00  2.279e+00  2.287e+00  2.294e+00  2.299e+00  2.304e+00  2.307e+00  2.309e+00  2.311e+00  2.313e+00  2.314e+00  2.315e+00  2.315e+00  2.315e+00  2.315e+00  2.315e+00  2.315e+00  2.315e+00  2.314e+00  2.313e+00  2.313e+00  2.312e+00  2.311e+00  2.310e+00  2.309e+00  2.308e+00  2.307e+00  2.306e+00  2.305e+00  2.304e+00  2.302e+00  2.301e+00  2.300e+00  2.300e+00  2.299e+00  2.299e+00  2.300e+00 	
 1.385e-01  4.896e-01  9.789e-01  1.410e+00  1.716e+00  1.912e+00  2.035e+00  2.114e+00  2.166e+00  2.201e+00  2.226e+00  2.243e+00  2.257e+00  2.266e+00  2.274e+00  2.280e+00  2.284e+00  2.288e+00  2.291e+00  2.293e+00  2.294e+00  2.296e+00  2.296e+00  2.297e+00  2.297e+00  2.297e+00  2.297e+00  2.297e+00  2.297e+00  2.296e+00  2.296e+00  2.295e+00  2.294e+00  2.293e+00  2.292e+00  2.291e+00  2.290e+00  2.289e+00  2.288e+00  2.287e+00  2.286e+00  2.284e+00  2.283e+00  2.282e+00  2.281e+00  2.280e+00  2.279e+00  2.279e+00  2.279e+00  2.279e+00 	
 1.869e-01  6.447e-01  1.195e+00  1.607e+00  1.862e+00  2.012e+00  2.101e+00  2.156e+00  2.191e+00  2.215e+00  2.231e+00  2.244e+00  2.253e+00  2.259e+00  2.265e+00  2.269e+00  2.272e+00  2.274e+00  2.276e+00  2.277e+00  2.279e+00  2.279e+00  2.280e+00  2.280e+00  2.280e+00  2.280e+00  2.279e+00  2.279e+00  2.278e+00  2.278e+00  2.277e+00  2.276e+00  2.275e+00  2.274e+00  2.273e+00  2.272e+00  2.271e+00  2.270e+00  2.269e+00  2.268e+00  2.267e+00  2.265e+00  2.264e+00  2.263e+00  2.262e+00  2.261e+00  2.260e+00  2.259e+00  2.259e+00  2.260e+00 	
 2.526e-01  8.271e-01  1.406e+00  1.770e+00  1.970e+00  2.079e+00  2.141e+00  2.178e+00  2.202e+00  2.218e+00  2.229e+00  2.238e+00  2.244e+00  2.249e+00  2.253e+00  2.256e+00  2.258e+00  2.260e+00  2.261e+00  2.262e+00  2.263e+00  2.263e+00  2.263e+00  2.263e+00  2.263e+00  2.263e+00  2.262e+00  2.262e+00  2.261e+00  2.260e+00  2.259e+00  2.259e+00  2.258e+00  2.257e+00  2.256e+00  2.254e+00  2.253e+00  2.252e+00  2.251e+00  2.250e+00  2.248e+00  2.247e+00  2.246e+00  2.245e+00  2.244e+00  2.242e+00  2.242e+00  2.241e+00  2.241e+00  2.241e+00 	
 3.405e-01  1.029e+00  1.596e+00  1.897e+00  2.045e+00  2.121e+00  2.162e+00  2.187e+00  2.204e+00  2.215e+00  2.223e+00  2.229e+00  2.233e+00  2.237e+00  2.240e+00  2.242e+00  2.244e+00  2.245e+00  2.246e+00  2.247e+00  2.247e+00  2.247e+00  2.247e+00  2.247e+00  2.247e+00  2.246e+00  2.246e+00  2.245e+00  2.244e+00  2.244e+00  2.243e+00  2.242e+00  2.241e+00  2.240e+00  2.239e+00  2.238e+00  2.236e+00  2.235e+00  2.234e+00  2.233e+00  2.231e+00  2.230e+00  2.229e+00  2.228e+00  2.226e+00  2.225e+00  2.224e+00  2.224e+00  2.224e+00  2.224e+00 	
 4.549e-01  1.237e+00  1.755e+00  1.989e+00  2.093e+00  2.144e+00  2.172e+00  2.189e+00  2.200e+00  2.208e+00  2.213e+00  2.218e+00  2.221e+00  2.224e+00  2.226e+00  2.228e+00  2.230e+00  2.231e+00  2.231e+00  2.232e+00  2.232e+00  2.232e+00  2.232e+00  2.232e+00  2.231e+00  2.231e+00  2.230e+00  2.229e+00  2.229e+00  2.228e+00  2.227e+00  2.226e+00  2.225e+00  2.224e+00  2.223e+00  2.222e+00  2.220e+00  2.219e+00  2.218e+00  2.217e+00  2.215e+00  2.214e+00  2.213e+00  2.211e+00  2.210e+00  2.209e+00  2.208e+00  2.208e+00  2.207e+00  2.207e+00 	
 5.986e-01  1.437e+00  1.880e+00  2.050e+00  2.121e+00  2.154e+00  2.173e+00  2.184e+00  2.192e+00  2.198e+00  2.203e+00  2.206e+00  2.209e+00  2.211e+00  2.213e+00  2.215e+00  2.216e+00  2.217e+00  2.217e+00  2.218e+00  2.218e+00  2.218e+00  2.218e+00  2.217e+00  2.217e+00  2.216e+00  2.215e+00  2.215e+00  2.214e+00  2.213e+00  2.212e+00  2.211e+00  2.210e+00  2.209e+00  2.208e+00  2.206e+00  2.205e+00  2.204e+00  2.203e+00  2.202e+00  2.200e+00  2.199e+00  2.198e+00  2.196e+00  2.195e+00  2.194e+00  2.193e+00  2.192e+00  2.192e+00  2.192e+00 	
 7.706e-01  1.616e+00  1.971e+00  2.089e+00  2.135e+00  2.157e+00  2.169e+00  2.177e+00  2.183e+00  2.188e+00  2.192e+00  2.195e+00  2.197e+00  2.199e+00  2.201e+00  2.202e+00  2.203e+00  2.204e+00  2.204e+00  2.204e+00  2.204e+00  2.204e+00  2.204e+00  2.203e+00  2.203e+00  2.202e+00  2.202e+00  2.201e+00  2.200e+00  2.199e+00  2.198e+00  2.197e+00  2.196e+00  2.195e+00  2.194e+00  2.192e+00  2.191e+00  2.190e+00  2.189e+00  2.187e+00  2.186e+00  2.185e+00  2.183e+00  2.182e+00  2.181e+00  2.180e+00  2.179e+00  2.178e+00  2.178e+00  2.178e+00 	
 9.650e-01  1.765e+00  2.033e+00  2.111e+00  2.140e+00  2.154e+00  2.163e+00  2.169e+00  2.174e+00  2.177e+00  2.180e+00  2.183e+00  2.185e+00  2.187e+00  2.189e+00  2.190e+00  2.191e+00  2.191e+00  2.191e+00  2.192e+00  2.192e+00  2.191e+00  2.191e+00  2.191e+00  2.190e+00  2.189e+00  2.189e+00  2.188e+00  2.187e+00  2.186e+00  2.185e+00  2.184e+00  2.183e+00  2.181e+00  2.180e+00  2.179e+00  2.178e+00  2.177e+00  2.175e+00  2.174e+00  2.173e+00  2.171e+00  2.170e+00  2.169e+00  2.168e+00  2.167e+00  2.166e+00  2.165e+00  2.164e+00  2.164e+00 	
 1.170e+00  1.881e+00  2.072e+00  2.121e+00  2.139e+00  2.149e+00  2.155e+00  2.160e+00  2.163e+00  2.167e+00  2.170e+00  2.172e+00  2.174e+00  2.176e+00  2.177e+00  2.178e+00  2.179e+00  2.179e+00  2.180e+00  2.180e+00  2.180e+00  2.179e+00  2.179e+00  2.178e+00  2.178e+00  2.177e+00  2.176e+00  2.175e+00  2.174e+00  2.173e+00  2.172e+00  2.171e+00  2.170e+00  2.169e+00  2.168e+00  2.167e+00  2.165e+00  2.164e+00  2.163e+00  2.161e+00  2.160e+00  2.159e+00  2.158e+00  2.156e+00  2.155e+00  2.154e+00  2.153e+00  2.152e+00  2.152e+00  2.152e+00 	
 1.372e+00  1.966e+00  2.095e+00  2.124e+00  2.135e+00  2.141e+00  2.146e+00  2.150e+00  2.154e+00  2.157e+00  2.159e+00  2.162e+00  2.164e+00  2.165e+00  2.166e+00  2.167e+00  2.168e+00  2.168e+00  2.169e+00  2.169e+00  2.168e+00  2.168e+00  2.168e+00  2.167e+00  2.166e+00  2.166e+00  2.165e+00  2.164e+00  2.163e+00  2.162e+00  2.161e+00  2.160e+00  2.158e+00  2.157e+00  2.156e+00  2.155e+00  2.154e+00  2.152e+00  2.151e+00  2.150e+00  2.148e+00  2.147e+00  2.146e+00  2.145e+00  2.144e+00  2.142e+00  2.142e+00  2.141e+00  2.140e+00  2.140e+00 	
 1.555e+00  2.025e+00  2.106e+00  2.122e+00  2.129e+00  2.133e+00  2.137e+00  2.141e+00  2.144e+00  2.147e+00  2.150e+00  2.152e+00  2.154e+00  2.155e+00  2.156e+00  2.157e+00  2.158e+00  2.158e+00  2.158e+00  2.158e+00  2.158e+00  2.157e+00  2.157e+00  2.156e+00  2.156e+00  2.155e+00  2.154e+00  2.153e+00  2.152e+00  2.151e+00  2.150e+00  2.149e+00  2.147e+00  2.146e+00  2.145e+00  2.144e+00  2.142e+00  2.141e+00  2.140e+00  2.139e+00  2.137e+00  2.136e+00  2.135e+00  2.134e+00  2.133e+00  2.132e+00  2.131e+00  2.130e+00  2.129e+00  2.129e+00 	
 1.710e+00  2.064e+00  2.109e+00  2.118e+00  2.122e+00  2.125e+00  2.129e+00  2.132e+00  2.135e+00  2.138e+00  2.141e+00  2.143e+00  2.144e+00  2.146e+00  2.147e+00  2.148e+00  2.148e+00  2.148e+00  2.148e+00  2.148e+00  2.148e+00  2.147e+00  2.147e+00  2.146e+00  2.145e+00  2.145e+00  2.144e+00  2.143e+00  2.142e+00  2.140e+00  2.139e+00  2.138e+00  2.137e+00  2.136e+00  2.135e+00  2.133e+00  2.132e+00  2.131e+00  2.130e+00  2.128e+00  2.127e+00  2.126e+00  2.125e+00  2.124e+00  2.122e+00  2.121e+00  2.120e+00  2.120e+00  2.119e+00  2.119e+00 	
 1.833e+00  2.086e+00  2.108e+00  2.111e+00  2.114e+00  2.117e+00  2.121e+00  2.124e+00  2.127e+00  2.130e+00  2.132e+00  2.134e+00  2.136e+00  2.137e+00  2.138e+00  2.139e+00  2.139e+00  2.139e+00  2.139e+00  2.139e+00  2.139e+00  2.138e+00  2.137e+00  2.137e+00  2.136e+00  2.135e+00  2.134e+00  2.133e+00  2.132e+00  2.131e+00  2.130e+00  2.128e+00  2.127e+00  2.126e+00  2.125e+00  2.124e+00  2.122e+00  2.121e+00  2.120e+00  2.119e+00  2.118e+00  2.116e+00  2.115e+00  2.114e+00  2.113e+00  2.112e+00  2.111e+00  2.110e+00  2.110e+00  2.109e+00 	
 1.924e+00  2.098e+00  2.103e+00  2.105e+00  2.107e+00  2.110e+00  2.113e+00  2.116e+00  2.119e+00  2.122e+00  2.124e+00  2.126e+00  2.128e+00  2.129e+00  2.130e+00  2.130e+00  2.131e+00  2.131e+00  2.131e+00  2.130e+00  2.130e+00  2.129e+00  2.129e+00  2.128e+00  2.127e+00  2.126e+00  2.125e+00  2.124e+00  2.123e+00  2.122e+00  2.120e+00  2.119e+00  2.118e+00  2.117e+00  2.116e+00  2.114e+00  2.113e+00  2.112e+00  2.111e+00  2.110e+00  2.108e+00  2.107e+00  2.106e+00  2.105e+00  2.104e+00  2.103e+00  2.102e+00  2.101e+00  2.101e+00  2.100e+00 	
 1.987e+00  2.102e+00  2.098e+00  2.098e+00  2.099e+00  2.102e+00  2.106e+00  2.109e+00  2.112e+00  2.114e+00  2.117e+00  2.119e+00  2.120e+00  2.121e+00  2.122e+00  2.122e+00  2.123e+00  2.123e+00  2.122e+00  2.122e+00  2.122e+00  2.121e+00  2.120e+00  2.119e+00  2.118e+00  2.117e+00  2.116e+00  2.115e+00  2.114e+00  2.113e+00  2.112e+00  2.111e+00  2.109e+00  2.108e+00  2.107e+00  2.106e+00  2.105e+00  2.104e+00  2.102e+00  2.101e+00  2.100e+00  2.099e+00  2.098e+00  2.097e+00  2.096e+00  2.095e+00  2.094e+00  2.093e+00  2.092e+00  2.092e+00 	
 2.028e+00  2.102e+00  2.091e+00  2.091e+00  2.093e+00  2.096e+00  2.099e+00  2.102e+00  2.105e+00  2.108e+00  2.110e+00  2.112e+00  2.113e+00  2.114e+00  2.115e+00  2.115e+00  2.115e+00  2.115e+00  2.115e+00  2.114e+00  2.114e+00  2.113e+00  2.112e+00  2.111e+00  2.110e+00  2.109e+00  2.108e+00  2.107e+00  2.106e+00  2.105e+00  2.104e+00  2.103e+00  2.101e+00  2.100e+00  2.099e+00  2.098e+00  2.097e+00  2.096e+00  2.094e+00  2.093e+00  2.092e+00  2.091e+00  2.090e+00  2.089e+00  2.088e+00  2.087e+00  2.086e+00  2.085e+00  2.085e+00  2.084e+00 	
 2.052e+00  2.098e+00  2.085e+00  2.084e+00  2.086e+00  2.089e+00  2.093e+00  2.096e+00  2.099e+00  2.101e+00  2.103e+00  2.105e+00  2.106e+00  2.107e+00  2.108e+00  2.108e+00  2.108e+00  2.108e+00  2.107e+00  2.107e+00  2.106e+00  2.106e+00  2.105e+00  2.104e+00  2.103e+00  2.102e+00  2.101e+00  2.100e+00  2.098e+00  2.097e+00  2.096e+00  2.095e+00  2.094e+00  2.093e+00  2.092e+00  2.090e+00  2.089e+00  2.088e+00  2.087e+00  2.086e+00  2.085e+00  2.084e+00  2.083e+00  2.082e+00  2.081e+00  2.080e+00  2.079e+00  2.078e+00  2.078e+00  2.077e+00 	
 2.065e+00  2.093e+00  2.078e+00  2.078e+00  2.080e+00  2.084e+00  2.087e+00  2.090e+00  2.093e+00  2.095e+00  2.097e+00  2.099e+00  2.100e+00  2.101e+00  2.101e+00  2.101e+00  2.101e+00  2.101e+00  2.101e+00  2.100e+00  2.099e+00  2.099e+00  2.098e+00  2.097e+00  2.096e+00  2.095e+00  2.094e+00  2.092e+00  2.091e+00  2.090e+00  2.089e+00  2.088e+00  2.087e+00  2.086e+00  2.084e+00  2.083e+00  2.082e+00  2.081e+00  2.080e+00  2.079e+00  2.078e+00  2.077e+00  2.076e+00  2.075e+00  2.074e+00  2.073e+00  2.072e+00  2.072e+00  2.071e+00  2.071e+00 	
 2.069e+00  2.087e+00  2.072e+00  2.073e+00  2.075e+00  2.078e+00  2.082e+00  2.085e+00  2.088e+00  2.090e+00  2.092e+00  2.093e+00  2.094e+00  2.095e+00  2.095e+00  2.095e+00  2.095e+00  2.095e+00  2.094e+00  2.094e+00  2.093e+00  2.092e+00  2.091e+00  2.090e+00  2.089e+00  2.088e+00  2.087e+00  2.086e+00  2.085e+00  2.083e+00  2.082e+00  2.081e+00  2.080e+00  2.079e+00  2.078e+00  2.077e+00  2.076e+00  2.075e+00  2.074e+00  2.073e+00  2.072e+00  2.071e+00  2.070e+00  2.069e+00  2.068e+00  2.067e+00  2.066e+00  2.066e+00  2.065e+00  2.064e+00 	
 2.068e+00  2.081e+00  2.067e+00  2.067e+00  2.070e+00  2.074e+00  2.077e+00  2.080e+00  2.083e+00  2.085e+00  2.086e+00  2.088e+00  2.089e+00  2.089e+00  2.089e+00  2.089e+00  2.089e+00  2.089e+00  2.088e+00  2.087e+00  2.087e+00  2.086e+00  2.085e+00  2.084e+00  2.083e+00  2.082e+00  2.080e+00  2.079e+00  2.078e+00  2.077e+00  2.076e+00  2.075e+00  2.074e+00  2.073e+00  2.072e+00  2.071e+00  2.070e+00  2.069e+00  2.068e+00  2.067e+00  2.066e+00  2.065e+00  2.064e+00  2.063e+00  2.062e+00  2.061e+00  2.061e+00  2.060e+00  2.059e+00  2.059e+00 	
 2.065e+00  2.075e+00  2.062e+00  2.063e+00  2.066e+00  2.069e+00  2.073e+00  2.075e+00  2.078e+00  2.080e+00  2.082e+00  2.083e+00  2.083e+00  2.084e+00  2.084e+00  2.084e+00  2.083e+00  2.083e+00  2.082e+00  2.082e+00  2.081e+00  2.080e+00  2.079e+00  2.078e+00  2.077e+00  2.076e+00  2.075e+00  2.073e+00  2.072e+00  2.071e+00  2.070e+00  2.069e+00  2.068e+00  2.067e+00  2.066e+00  2.065e+00  2.064e+00  2.063e+00  2.062e+00  2.061e+00  2.060e+00  2.059e+00  2.059e+00  2.058e+00  2.057e+00  2.056e+00  2.055e+00  2.055e+00  2.054e+00  2.053e+00 	
 2.059e+00  2.070e+00  2.058e+00  2.059e+00  2.062e+00  2.065e+00  2.069e+00  2.071e+00  2.074e+00  2.076e+00  2.077e+00  2.078e+00  2.079e+00  2.079e+00  2.079e+00  2.079e+00  2.078e+00  2.078e+00  2.077e+00  2.076e+00  2.075e+00  2.074e+00  2.073e+00  2.072e+00  2.071e+00  2.070e+00  2.069e+00  2.068e+00  2.067e+00  2.066e+00  2.065e+00  2.064e+00  2.063e+00  2.062e+00  2.061e+00  2.060e+00  2.059e+00  2.058e+00  2.057e+00  2.056e+00  2.055e+00  2.054e+00  2.054e+00  2.053e+00  2.052e+00  2.051e+00  2.051e+00  2.050e+00  2.049e+00  2.048e+00 	
 2.050e+00  2.064e+00  2.054e+00  2.056e+00  2.059e+00  2.062e+00  2.065e+00  2.068e+00  2.070e+00  2.072e+00  2.073e+00  2.074e+00  2.074e+00  2.074e+00  2.074e+00  2.074e+00  2.073e+00  2.073e+00  2.072e+00  2.071e+00  2.070e+00  2.069e+00  2.068e+00  2.067e+00  2.066e+00  2.065e+00  2.064e+00  2.063e+00  2.062e+00  2.061e+00  2.060e+00  2.059e+00  2.058e+00  2.057e+00  2.056e+00  2.055e+00  2.054e+00  2.053e+00  2.052e+00  2.051e+00  2.051e+00  2.050e+00  2.049e+00  2.048e+00  2.048e+00  2.047e+00  2.046e+00  2.045e+00  2.045e+00  2.044e+00 	
 2.032e+00  2.056e+00  2.049e+00  2.052e+00  2.055e+00  2.058e+00  2.062e+00  2.064e+00  2.066e+00  2.068e+00  2.069e+00  2.070e+00  2.070e+00  2.070e+00  2.070e+00  2.069e+00  2.069e+00  2.068e+00  2.067e+00  2.066e+00  2.065e+00  2.064e+00  2.063e+00  2.062e+00  2.061e+00  2.060e+00  2.059e+00  2.058e+00  2.057e+00  2.056e+00  2.055e+00  2.054e+00  2.053e+00  2.052e+00  2.052e+00  2.051e+00  2.050e+00  2.049e+00  2.048e+00  2.047e+00  2.047e+00  2.046e+00  2.045e+00  2.045e+00  2.044e+00  2.043e+00  2.042e+00  2.041e+00  2.040e+00  2.039e+00 	
 1.991e+00  2.040e+00  2.039e+00  2.043e+00  2.048e+00  2.052e+00  2.055e+00  2.058e+00  2.060e+00  2.061e+00  2.063e+00  2.063e+00  2.064e+00  2.064e+00  2.063e+00  2.063e+00  2.062e+00  2.062e+00  2.061e+00  2.060e+00  2.059e+00  2.058e+00  2.057e+00  2.056e+00  2.055e+00  2.054e+00  2.053e+00  2.052e+00  2.051e+00  2.050e+00  2.049e+00  2.049e+00  2.048e+00  2.047e+00  2.046e+00  2.045e+00  2.044e+00  2.044e+00  2.043e+00  2.042e+00  2.041e+00  2.041e+00  2.040e+00  2.039e+00  2.038e+00  2.037e+00  2.036e+00  2.035e+00  2.033e+00  2.031e+00 	
