 3.457e-07  1.107e-07  8.406e-08  6.745e-08  5.716e-08  5.017e-08  4.508e-08  4.120e-08  3.814e-08  3.567e-08  3.363e-08  3.192e-08  3.048e-08  2.924e-08  2.818e-08  2.725e-08  2.645e-08  2.575e-08  2.514e-08  2.460e-08  2.413e-08  2.372e-08  2.337e-08  2.306e-08  2.281e-08  2.259e-08  2.241e-08  2.227e-08  2.215e-08  2.206e-08  2.198e-08  2.191e-08  2.183e-08  2.172e-08  2.157e-08  2.135e-08  2.106e-08  2.071e-08  2.038e-08  2.018e-08  2.038e-08  2.144e-08  2.407e-08  2.943e-08  3.925e-08  5.610e-08  8.375e-08  1.277e-07  1.957e-07  2.993e-07 	
 1.136e-07 -1.350e-08 -9.002e-09 -1.155e-08 -1.288e-08 -1.352e-08 -1.381e-08 -1.393e-08 -1.395e-08 -1.393e-08 -1.387e-08 -1.381e-08 -1.374e-08 -1.368e-08 -1.364e-08 -1.360e-08 -1.357e-08 -1.357e-08 -1.357e-08 -1.360e-08 -1.365e-08 -1.371e-08 -1.380e-08 -1.390e-08 -1.404e-08 -1.419e-08 -1.438e-08 -1.460e-08 -1.487e-08 -1.518e-08 -1.557e-08 -1.604e-08 -1.664e-08 -1.740e-08 -1.837e-08 -1.961e-08 -2.118e-08 -2.311e-08 -2.542e-08 -2.805e-08 -3.082e-08 -3.341e-08 -3.522e-08 -3.533e-08 -3.238e-08 -2.441e-08 -8.777e-09  1.818e-08  6.144e-08  1.280e-07 	
 3.823e-08 -4.512e-08 -2.481e-08 -2.056e-08 -1.764e-08 -1.542e-08 -1.371e-08 -1.235e-08 -1.126e-08 -1.036e-08 -9.612e-09 -8.983e-09 -8.449e-09 -7.993e-09 -7.602e-09 -7.265e-09 -6.975e-09 -6.724e-09 -6.510e-09 -6.326e-09 -6.171e-09 -6.042e-09 -5.936e-09 -5.854e-09 -5.792e-09 -5.752e-09 -5.733e-09 -5.737e-09 -5.767e-09 -5.831e-09 -5.939e-09 -6.108e-09 -6.363e-09 -6.736e-09 -7.270e-09 -8.014e-09 -9.021e-09 -1.033e-08 -1.198e-08 -1.393e-08 -1.607e-08 -1.818e-08 -1.981e-08 -2.027e-08 -1.850e-08 -1.297e-08 -1.515e-09  1.884e-08  5.221e-08  1.044e-07 	
 1.651e-08 -4.593e-08 -1.983e-08 -1.440e-08 -1.122e-08 -9.096e-09 -7.622e-09 -6.558e-09 -5.765e-09 -5.159e-09 -4.685e-09 -4.310e-09 -4.010e-09 -3.767e-09 -3.570e-09 -3.410e-09 -3.280e-09 -3.177e-09 -3.095e-09 -3.033e-09 -2.989e-09 -2.960e-09 -2.946e-09 -2.946e-09 -2.959e-09 -2.985e-09 -3.025e-09 -3.081e-09 -3.156e-09 -3.256e-09 -3.389e-09 -3.572e-09 -3.824e-09 -4.174e-09 -4.659e-09 -5.321e-09 -6.207e-09 -7.355e-09 -8.786e-09 -1.048e-08 -1.234e-08 -1.417e-08 -1.559e-08 -1.598e-08 -1.442e-08 -9.546e-09  5.433e-10  1.850e-08  4.801e-08  9.426e-08 	
 1.204e-08 -3.904e-08 -1.304e-08 -8.840e-09 -6.649e-09 -5.296e-09 -4.420e-09 -3.824e-09 -3.402e-09 -3.093e-09 -2.860e-09 -2.683e-09 -2.546e-09 -2.439e-09 -2.357e-09 -2.294e-09 -2.247e-09 -2.214e-09 -2.193e-09 -2.183e-09 -2.183e-09 -2.193e-09 -2.212e-09 -2.241e-09 -2.279e-09 -2.326e-09 -2.384e-09 -2.455e-09 -2.542e-09 -2.650e-09 -2.788e-09 -2.970e-09 -3.215e-09 -3.549e-09 -4.005e-09 -4.624e-09 -5.445e-09 -6.507e-09 -7.826e-09 -9.384e-09 -1.109e-08 -1.277e-08 -1.405e-08 -1.439e-08 -1.291e-08 -8.355e-09  1.038e-09  1.774e-08  4.516e-08  8.815e-08 	
 1.223e-08 -3.210e-08 -8.557e-09 -5.827e-09 -4.493e-09 -3.676e-09 -3.154e-09 -2.803e-09 -2.553e-09 -2.370e-09 -2.231e-09 -2.125e-09 -2.042e-09 -1.979e-09 -1.930e-09 -1.894e-09 -1.869e-09 -1.854e-09 -1.847e-09 -1.849e-09 -1.859e-09 -1.876e-09 -1.901e-09 -1.935e-09 -1.976e-09 -2.026e-09 -2.086e-09 -2.157e-09 -2.243e-09 -2.349e-09 -2.483e-09 -2.659e-09 -2.894e-09 -3.214e-09 -3.650e-09 -4.239e-09 -5.020e-09 -6.028e-09 -7.280e-09 -8.758e-09 -1.038e-08 -1.196e-08 -1.317e-08 -1.347e-08 -1.205e-08 -7.694e-09  1.272e-09  1.720e-08  4.335e-08  8.432e-08 	
 1.308e-08 -2.689e-08 -6.146e-09 -4.417e-09 -3.554e-09 -2.992e-09 -2.620e-09 -2.363e-09 -2.176e-09 -2.036e-09 -1.929e-09 -1.846e-09 -1.781e-09 -1.732e-09 -1.695e-09 -1.668e-09 -1.651e-09 -1.642e-09 -1.641e-09 -1.648e-09 -1.661e-09 -1.682e-09 -1.710e-09 -1.745e-09 -1.788e-09 -1.839e-09 -1.899e-09 -1.971e-09 -2.056e-09 -2.160e-09 -2.292e-09 -2.464e-09 -2.694e-09 -3.004e-09 -3.427e-09 -3.998e-09 -4.754e-09 -5.729e-09 -6.940e-09 -8.367e-09 -9.932e-09 -1.146e-08 -1.262e-08 -1.291e-08 -1.151e-08 -7.286e-09  1.410e-09  1.685e-08  4.219e-08  8.190e-08 	
 1.357e-08 -2.331e-08 -4.936e-09 -3.745e-09 -3.094e-09 -2.638e-09 -2.328e-09 -2.109e-09 -1.948e-09 -1.828e-09 -1.735e-09 -1.664e-09 -1.610e-09 -1.569e-09 -1.539e-09 -1.519e-09 -1.507e-09 -1.503e-09 -1.506e-09 -1.516e-09 -1.533e-09 -1.556e-09 -1.586e-09 -1.623e-09 -1.668e-09 -1.720e-09 -1.781e-09 -1.852e-09 -1.937e-09 -2.041e-09 -2.172e-09 -2.341e-09 -2.567e-09 -2.872e-09 -3.287e-09 -3.847e-09 -4.588e-09 -5.543e-09 -6.728e-09 -8.124e-09 -9.654e-09 -1.115e-08 -1.228e-08 -1.255e-08 -1.118e-08 -7.030e-09  1.503e-09  1.665e-08  4.150e-08  8.043e-08 	
 1.361e-08 -2.090e-08 -4.315e-09 -3.376e-09 -2.817e-09 -2.411e-09 -2.131e-09 -1.934e-09 -1.791e-09 -1.683e-09 -1.602e-09 -1.540e-09 -1.493e-09 -1.459e-09 -1.434e-09 -1.419e-09 -1.411e-09 -1.411e-09 -1.417e-09 -1.429e-09 -1.448e-09 -1.474e-09 -1.506e-09 -1.544e-09 -1.590e-09 -1.643e-09 -1.704e-09 -1.776e-09 -1.862e-09 -1.965e-09 -2.095e-09 -2.264e-09 -2.487e-09 -2.790e-09 -3.200e-09 -3.754e-09 -4.486e-09 -5.430e-09 -6.600e-09 -7.980e-09 -9.491e-09 -1.096e-08 -1.208e-08 -1.235e-08 -1.098e-08 -6.872e-09  1.574e-09  1.656e-08  4.114e-08  7.966e-08 	
 1.336e-08 -1.922e-08 -3.965e-09 -3.138e-09 -2.625e-09 -2.249e-09 -1.991e-09 -1.810e-09 -1.679e-09 -1.582e-09 -1.509e-09 -1.454e-09 -1.413e-09 -1.383e-09 -1.363e-09 -1.351e-09 -1.347e-09 -1.349e-09 -1.357e-09 -1.372e-09 -1.393e-09 -1.420e-09 -1.453e-09 -1.493e-09 -1.539e-09 -1.593e-09 -1.656e-09 -1.728e-09 -1.814e-09 -1.918e-09 -2.048e-09 -2.216e-09 -2.439e-09 -2.741e-09 -3.150e-09 -3.701e-09 -4.430e-09 -5.369e-09 -6.534e-09 -7.907e-09 -9.410e-09 -1.087e-08 -1.199e-08 -1.225e-08 -1.088e-08 -6.783e-09  1.634e-09  1.656e-08  4.106e-08  7.942e-08 	
 1.294e-08 -1.801e-08 -3.743e-09 -2.968e-09 -2.484e-09 -2.131e-09 -1.890e-09 -1.722e-09 -1.601e-09 -1.512e-09 -1.445e-09 -1.395e-09 -1.358e-09 -1.333e-09 -1.316e-09 -1.306e-09 -1.304e-09 -1.309e-09 -1.319e-09 -1.335e-09 -1.358e-09 -1.386e-09 -1.420e-09 -1.461e-09 -1.509e-09 -1.563e-09 -1.627e-09 -1.700e-09 -1.786e-09 -1.891e-09 -2.022e-09 -2.190e-09 -2.414e-09 -2.716e-09 -3.126e-09 -3.678e-09 -4.408e-09 -5.349e-09 -6.515e-09 -7.889e-09 -9.393e-09 -1.086e-08 -1.197e-08 -1.223e-08 -1.086e-08 -6.747e-09  1.689e-09  1.665e-08  4.119e-08  7.964e-08 	
 1.246e-08 -1.710e-08 -3.589e-09 -2.843e-09 -2.381e-09 -2.046e-09 -1.819e-09 -1.661e-09 -1.547e-09 -1.464e-09 -1.402e-09 -1.356e-09 -1.323e-09 -1.300e-09 -1.285e-09 -1.278e-09 -1.278e-09 -1.284e-09 -1.296e-09 -1.314e-09 -1.337e-09 -1.367e-09 -1.402e-09 -1.444e-09 -1.492e-09 -1.548e-09 -1.612e-09 -1.686e-09 -1.774e-09 -1.879e-09 -2.011e-09 -2.181e-09 -2.407e-09 -2.711e-09 -3.123e-09 -3.679e-09 -4.414e-09 -5.360e-09 -6.534e-09 -7.916e-09 -9.429e-09 -1.090e-08 -1.202e-08 -1.228e-08 -1.090e-08 -6.753e-09  1.745e-09  1.681e-08  4.153e-08  8.024e-08 	
 1.198e-08 -1.640e-08 -3.477e-09 -2.752e-09 -2.307e-09 -1.986e-09 -1.770e-09 -1.620e-09 -1.512e-09 -1.433e-09 -1.375e-09 -1.332e-09 -1.301e-09 -1.280e-09 -1.268e-09 -1.263e-09 -1.264e-09 -1.271e-09 -1.284e-09 -1.303e-09 -1.328e-09 -1.359e-09 -1.395e-09 -1.438e-09 -1.487e-09 -1.544e-09 -1.609e-09 -1.685e-09 -1.773e-09 -1.880e-09 -2.013e-09 -2.185e-09 -2.413e-09 -2.721e-09 -3.138e-09 -3.699e-09 -4.442e-09 -5.398e-09 -6.584e-09 -7.981e-09 -9.511e-09 -1.100e-08 -1.213e-08 -1.238e-08 -1.099e-08 -6.793e-09  1.804e-09  1.704e-08  4.204e-08  8.119e-08 	
 1.151e-08 -1.584e-08 -3.397e-09 -2.687e-09 -2.256e-09 -1.947e-09 -1.739e-09 -1.594e-09 -1.491e-09 -1.416e-09 -1.360e-09 -1.320e-09 -1.291e-09 -1.272e-09 -1.261e-09 -1.257e-09 -1.260e-09 -1.268e-09 -1.283e-09 -1.303e-09 -1.328e-09 -1.360e-09 -1.397e-09 -1.441e-09 -1.492e-09 -1.550e-09 -1.616e-09 -1.692e-09 -1.782e-09 -1.891e-09 -2.026e-09 -2.200e-09 -2.432e-09 -2.743e-09 -3.166e-09 -3.736e-09 -4.489e-09 -5.460e-09 -6.663e-09 -8.081e-09 -9.632e-09 -1.114e-08 -1.229e-08 -1.255e-08 -1.112e-08 -6.863e-09  1.870e-09  1.735e-08  4.273e-08  8.248e-08 	
 1.107e-08 -1.540e-08 -3.342e-09 -2.645e-09 -2.224e-09 -1.924e-09 -1.722e-09 -1.582e-09 -1.482e-09 -1.409e-09 -1.356e-09 -1.317e-09 -1.290e-09 -1.272e-09 -1.263e-09 -1.260e-09 -1.264e-09 -1.273e-09 -1.289e-09 -1.309e-09 -1.336e-09 -1.369e-09 -1.407e-09 -1.452e-09 -1.504e-09 -1.563e-09 -1.630e-09 -1.708e-09 -1.799e-09 -1.910e-09 -2.047e-09 -2.225e-09 -2.460e-09 -2.777e-09 -3.207e-09 -3.787e-09 -4.554e-09 -5.542e-09 -6.768e-09 -8.211e-09 -9.790e-09 -1.133e-08 -1.249e-08 -1.275e-08 -1.130e-08 -6.957e-09  1.944e-09  1.772e-08  4.359e-08  8.410e-08 	
 1.065e-08 -1.505e-08 -3.309e-09 -2.621e-09 -2.209e-09 -1.915e-09 -1.718e-09 -1.581e-09 -1.484e-09 -1.413e-09 -1.361e-09 -1.324e-09 -1.298e-09 -1.281e-09 -1.272e-09 -1.270e-09 -1.275e-09 -1.285e-09 -1.301e-09 -1.323e-09 -1.351e-09 -1.384e-09 -1.424e-09 -1.470e-09 -1.522e-09 -1.582e-09 -1.651e-09 -1.730e-09 -1.823e-09 -1.936e-09 -2.076e-09 -2.256e-09 -2.496e-09 -2.820e-09 -3.259e-09 -3.850e-09 -4.634e-09 -5.643e-09 -6.894e-09 -8.369e-09 -9.982e-09 -1.155e-08 -1.274e-08 -1.300e-08 -1.152e-08 -7.073e-09  2.032e-09  1.816e-08  4.462e-08  8.605e-08 	
 1.027e-08 -1.478e-08 -3.296e-09 -2.614e-09 -2.207e-09 -1.919e-09 -1.724e-09 -1.589e-09 -1.494e-09 -1.424e-09 -1.374e-09 -1.337e-09 -1.312e-09 -1.296e-09 -1.288e-09 -1.287e-09 -1.292e-09 -1.304e-09 -1.320e-09 -1.343e-09 -1.371e-09 -1.405e-09 -1.446e-09 -1.493e-09 -1.546e-09 -1.607e-09 -1.677e-09 -1.758e-09 -1.853e-09 -1.967e-09 -2.110e-09 -2.294e-09 -2.539e-09 -2.869e-09 -3.318e-09 -3.924e-09 -4.726e-09 -5.760e-09 -7.042e-09 -8.552e-09 -1.020e-08 -1.181e-08 -1.303e-08 -1.330e-08 -1.177e-08 -7.206e-09  2.138e-09  1.869e-08  4.584e-08  8.834e-08 	
 9.921e-09 -1.458e-08 -3.299e-09 -2.622e-09 -2.219e-09 -1.933e-09 -1.740e-09 -1.607e-09 -1.512e-09 -1.444e-09 -1.394e-09 -1.358e-09 -1.334e-09 -1.318e-09 -1.311e-09 -1.310e-09 -1.316e-09 -1.328e-09 -1.345e-09 -1.368e-09 -1.397e-09 -1.432e-09 -1.473e-09 -1.520e-09 -1.575e-09 -1.637e-09 -1.708e-09 -1.789e-09 -1.886e-09 -2.002e-09 -2.147e-09 -2.335e-09 -2.585e-09 -2.924e-09 -3.384e-09 -4.005e-09 -4.828e-09 -5.889e-09 -7.206e-09 -8.757e-09 -1.046e-08 -1.211e-08 -1.335e-08 -1.363e-08 -1.205e-08 -7.350e-09  2.271e-09  1.931e-08  4.725e-08  9.100e-08 	
 9.596e-09 -1.444e-08 -3.320e-09 -2.644e-09 -2.242e-09 -1.957e-09 -1.766e-09 -1.633e-09 -1.539e-09 -1.471e-09 -1.421e-09 -1.386e-09 -1.362e-09 -1.347e-09 -1.339e-09 -1.339e-09 -1.345e-09 -1.357e-09 -1.374e-09 -1.398e-09 -1.427e-09 -1.462e-09 -1.503e-09 -1.551e-09 -1.606e-09 -1.668e-09 -1.740e-09 -1.823e-09 -1.920e-09 -2.038e-09 -2.185e-09 -2.377e-09 -2.633e-09 -2.979e-09 -3.451e-09 -4.089e-09 -4.935e-09 -6.027e-09 -7.382e-09 -8.980e-09 -1.073e-08 -1.243e-08 -1.371e-08 -1.399e-08 -1.235e-08 -7.495e-09  2.443e-09  2.004e-08  4.889e-08  9.406e-08 	
 9.295e-09 -1.436e-08 -3.355e-09 -2.678e-09 -2.276e-09 -1.992e-09 -1.800e-09 -1.668e-09 -1.574e-09 -1.505e-09 -1.456e-09 -1.420e-09 -1.396e-09 -1.381e-09 -1.373e-09 -1.373e-09 -1.379e-09 -1.390e-09 -1.408e-09 -1.431e-09 -1.459e-09 -1.494e-09 -1.535e-09 -1.583e-09 -1.638e-09 -1.700e-09 -1.772e-09 -1.854e-09 -1.952e-09 -2.071e-09 -2.220e-09 -2.415e-09 -2.675e-09 -3.030e-09 -3.514e-09 -4.170e-09 -5.041e-09 -6.166e-09 -7.564e-09 -9.212e-09 -1.102e-08 -1.277e-08 -1.409e-08 -1.437e-08 -1.267e-08 -7.630e-09  2.672e-09  2.091e-08  5.080e-08  9.758e-08 	
 9.017e-09 -1.433e-08 -3.407e-09 -2.726e-09 -2.322e-09 -2.036e-09 -1.844e-09 -1.711e-09 -1.616e-09 -1.547e-09 -1.497e-09 -1.461e-09 -1.436e-09 -1.420e-09 -1.412e-09 -1.411e-09 -1.416e-09 -1.427e-09 -1.443e-09 -1.466e-09 -1.493e-09 -1.527e-09 -1.567e-09 -1.613e-09 -1.667e-09 -1.728e-09 -1.798e-09 -1.880e-09 -1.977e-09 -2.095e-09 -2.245e-09 -2.441e-09 -2.706e-09 -3.067e-09 -3.563e-09 -4.237e-09 -5.134e-09 -6.295e-09 -7.738e-09 -9.442e-09 -1.131e-08 -1.312e-08 -1.448e-08 -1.476e-08 -1.298e-08 -7.731e-09  2.985e-09  2.194e-08  5.301e-08  1.016e-07 	
 8.759e-09 -1.435e-08 -3.474e-09 -2.787e-09 -2.379e-09 -2.091e-09 -1.897e-09 -1.763e-09 -1.667e-09 -1.597e-09 -1.545e-09 -1.508e-09 -1.482e-09 -1.465e-09 -1.456e-09 -1.453e-09 -1.456e-09 -1.465e-09 -1.480e-09 -1.500e-09 -1.526e-09 -1.557e-09 -1.594e-09 -1.638e-09 -1.689e-09 -1.747e-09 -1.814e-09 -1.892e-09 -1.986e-09 -2.102e-09 -2.250e-09 -2.445e-09 -2.712e-09 -3.079e-09 -3.585e-09 -4.276e-09 -5.199e-09 -6.396e-09 -7.888e-09 -9.649e-09 -1.158e-08 -1.345e-08 -1.485e-08 -1.513e-08 -1.326e-08 -7.767e-09  3.421e-09  2.320e-08  5.560e-08  1.063e-07 	
 8.521e-09 -1.443e-08 -3.557e-09 -2.861e-09 -2.448e-09 -2.157e-09 -1.960e-09 -1.823e-09 -1.725e-09 -1.654e-09 -1.600e-09 -1.561e-09 -1.533e-09 -1.514e-09 -1.502e-09 -1.497e-09 -1.497e-09 -1.503e-09 -1.514e-09 -1.531e-09 -1.552e-09 -1.579e-09 -1.611e-09 -1.650e-09 -1.695e-09 -1.747e-09 -1.808e-09 -1.880e-09 -1.967e-09 -2.076e-09 -2.218e-09 -2.410e-09 -2.674e-09 -3.043e-09 -3.556e-09 -4.262e-09 -5.210e-09 -6.443e-09 -7.982e-09 -9.803e-09 -1.180e-08 -1.373e-08 -1.518e-08 -1.544e-08 -1.346e-08 -7.686e-09  4.043e-09  2.476e-08  5.867e-08  1.117e-07 	
 8.302e-09 -1.457e-08 -3.656e-09 -2.950e-09 -2.530e-09 -2.234e-09 -2.033e-09 -1.894e-09 -1.793e-09 -1.718e-09 -1.662e-09 -1.620e-09 -1.589e-09 -1.566e-09 -1.550e-09 -1.541e-09 -1.536e-09 -1.537e-09 -1.542e-09 -1.551e-09 -1.566e-09 -1.585e-09 -1.609e-09 -1.638e-09 -1.673e-09 -1.715e-09 -1.765e-09 -1.825e-09 -1.900e-09 -1.997e-09 -2.127e-09 -2.308e-09 -2.564e-09 -2.928e-09 -3.442e-09 -4.157e-09 -5.125e-09 -6.391e-09 -7.976e-09 -9.856e-09 -1.192e-08 -1.391e-08 -1.539e-08 -1.563e-08 -1.351e-08 -7.409e-09  4.942e-09  2.673e-08  6.236e-08  1.181e-07 	
 8.101e-09 -1.475e-08 -3.774e-09 -3.054e-09 -2.626e-09 -2.324e-09 -2.118e-09 -1.974e-09 -1.869e-09 -1.791e-09 -1.730e-09 -1.684e-09 -1.647e-09 -1.619e-09 -1.596e-09 -1.580e-09 -1.567e-09 -1.559e-09 -1.554e-09 -1.553e-09 -1.556e-09 -1.562e-09 -1.572e-09 -1.586e-09 -1.605e-09 -1.629e-09 -1.660e-09 -1.701e-09 -1.755e-09 -1.830e-09 -1.939e-09 -2.099e-09 -2.336e-09 -2.686e-09 -3.191e-09 -3.906e-09 -4.884e-09 -6.175e-09 -7.800e-09 -9.732e-09 -1.185e-08 -1.390e-08 -1.541e-08 -1.560e-08 -1.330e-08 -6.817e-09  6.258e-09  2.927e-08  6.687e-08  1.256e-07 	
 7.916e-09 -1.500e-08 -3.911e-09 -3.175e-09 -2.737e-09 -2.427e-09 -2.215e-09 -2.065e-09 -1.955e-09 -1.870e-09 -1.803e-09 -1.750e-09 -1.705e-09 -1.668e-09 -1.636e-09 -1.608e-09 -1.582e-09 -1.560e-09 -1.540e-09 -1.521e-09 -1.505e-09 -1.490e-09 -1.478e-09 -1.467e-09 -1.460e-09 -1.455e-09 -1.456e-09 -1.464e-09 -1.483e-09 -1.523e-09 -1.595e-09 -1.719e-09 -1.921e-09 -2.238e-09 -2.718e-09 -3.415e-09 -4.388e-09 -5.688e-09 -7.338e-09 -9.309e-09 -1.148e-08 -1.356e-08 -1.507e-08 -1.518e-08 -1.267e-08 -5.715e-09  8.209e-09  3.264e-08  7.250e-08  1.347e-07 	
 7.747e-09 -1.531e-08 -4.070e-09 -3.315e-09 -2.864e-09 -2.544e-09 -2.324e-09 -2.167e-09 -2.049e-09 -1.956e-09 -1.879e-09 -1.815e-09 -1.758e-09 -1.707e-09 -1.659e-09 -1.613e-09 -1.568e-09 -1.524e-09 -1.479e-09 -1.433e-09 -1.386e-09 -1.339e-09 -1.290e-09 -1.241e-09 -1.191e-09 -1.141e-09 -1.092e-09 -1.047e-09 -1.012e-09 -9.930e-10 -1.004e-09 -1.066e-09 -1.207e-09 -1.465e-09 -1.891e-09 -2.543e-09 -3.483e-09 -4.765e-09 -6.413e-09 -8.397e-09 -1.058e-08 -1.268e-08 -1.415e-08 -1.414e-08 -1.133e-08 -3.806e-09  1.113e-08  3.722e-08  7.970e-08  1.459e-07 	
 7.595e-09 -1.569e-08 -4.253e-09 -3.476e-09 -3.010e-09 -2.678e-09 -2.447e-09 -2.280e-09 -2.150e-09 -2.045e-09 -1.955e-09 -1.874e-09 -1.799e-09 -1.726e-09 -1.654e-09 -1.581e-09 -1.505e-09 -1.426e-09 -1.342e-09 -1.254e-09 -1.160e-09 -1.061e-09 -9.559e-10 -8.451e-10 -7.285e-10 -6.067e-10 -4.809e-10 -3.537e-10 -2.301e-10 -1.184e-10 -3.254e-11  6.384e-12 -3.210e-11 -1.894e-10 -5.184e-10 -1.081e-09 -1.943e-09 -3.162e-09 -4.764e-09 -6.715e-09 -8.874e-09 -1.093e-08 -1.231e-08 -1.210e-08 -8.891e-09 -6.506e-10  1.550e-08  4.356e-08  8.910e-08  1.600e-07 	
 7.458e-09 -1.614e-08 -4.462e-09 -3.660e-09 -3.176e-09 -2.829e-09 -2.585e-09 -2.402e-09 -2.257e-09 -2.133e-09 -2.022e-09 -1.917e-09 -1.814e-09 -1.709e-09 -1.599e-09 -1.484e-09 -1.360e-09 -1.227e-09 -1.084e-09 -9.296e-10 -7.631e-10 -5.839e-10 -3.915e-10 -1.855e-10  3.437e-11  2.678e-10  5.137e-10  7.698e-10  1.031e-09  1.288e-09  1.528e-09  1.727e-09  1.853e-09  1.862e-09  1.698e-09  1.295e-09  5.820e-10 -5.007e-10 -1.982e-09 -3.826e-09 -5.879e-09 -7.806e-09 -9.000e-09 -8.474e-09 -4.725e-09  4.432e-09  2.208e-08  5.249e-08  1.016e-07  1.779e-07 	
 7.336e-09 -1.668e-08 -4.703e-09 -3.871e-09 -3.365e-09 -2.999e-09 -2.736e-09 -2.533e-09 -2.365e-09 -2.215e-09 -2.072e-09 -1.930e-09 -1.783e-09 -1.628e-09 -1.462e-09 -1.281e-09 -1.084e-09 -8.688e-10 -6.336e-10 -3.771e-10 -9.806e-11  2.048e-10  5.324e-10  8.856e-10  1.265e-09  1.671e-09  2.104e-09  2.559e-09  3.034e-09  3.519e-09  3.998e-09  4.449e-09  4.836e-09  5.114e-09  5.221e-09  5.087e-09  4.636e-09  3.805e-09  2.563e-09  9.496e-10 -8.703e-10 -2.535e-09 -3.389e-09 -2.371e-09  2.139e-09  1.249e-08  3.200e-08  6.529e-08  1.188e-07  2.015e-07 	
 7.230e-09 -1.731e-08 -4.978e-09 -4.111e-09 -3.579e-09 -3.189e-09 -2.900e-09 -2.668e-09 -2.466e-09 -2.275e-09 -2.085e-09 -1.886e-09 -1.674e-09 -1.442e-09 -1.188e-09 -9.072e-10 -5.968e-10 -2.543e-10  1.229e-10  5.369e-10  9.900e-10  1.484e-09  2.021e-09  2.602e-09  3.229e-09  3.903e-09  4.623e-09  5.389e-09  6.196e-09  7.034e-09  7.888e-09  8.733e-09  9.533e-09  1.024e-08  1.078e-08  1.109e-08  1.108e-08  1.069e-08  9.879e-09  8.695e-09  7.316e-09  6.136e-09  5.863e-09  7.648e-09  1.325e-08  2.520e-08  4.710e-08  8.394e-08  1.427e-07  2.330e-07 	
 7.140e-09 -1.806e-08 -5.294e-09 -4.387e-09 -3.821e-09 -3.397e-09 -3.072e-09 -2.799e-09 -2.547e-09 -2.296e-09 -2.033e-09 -1.749e-09 -1.435e-09 -1.087e-09 -6.979e-10 -2.635e-10  2.206e-10  7.584e-10  1.354e-09  2.010e-09  2.730e-09  3.518e-09  4.376e-09  5.307e-09  6.315e-09  7.401e-09  8.565e-09  9.809e-09  1.113e-08  1.251e-08  1.394e-08  1.540e-08  1.684e-08  1.822e-08  1.946e-08  2.047e-08  2.119e-08  2.152e-08  2.144e-08  2.100e-08  2.038e-08  2.003e-08  2.072e-08  2.369e-08  3.086e-08  4.500e-08  7.001e-08  1.113e-07  1.765e-07  2.762e-07 	
 7.064e-09 -1.893e-08 -5.657e-09 -4.701e-09 -4.093e-09 -3.624e-09 -3.248e-09 -2.913e-09 -2.586e-09 -2.243e-09 -1.870e-09 -1.455e-09 -9.879e-10 -4.604e-10  1.349e-10  8.047e-10  1.555e-09  2.393e-09  3.322e-09  4.350e-09  5.481e-09  6.719e-09  8.071e-09  9.541e-09  1.113e-08  1.285e-08  1.470e-08  1.668e-08  1.878e-08  2.100e-08  2.333e-08  2.573e-08  2.817e-08  3.059e-08  3.292e-08  3.506e-08  3.692e-08  3.843e-08  3.955e-08  4.034e-08  4.101e-08  4.203e-08  4.425e-08  4.906e-08  5.853e-08  7.570e-08  1.048e-07  1.519e-07  2.252e-07  3.362e-07 	
 7.003e-09 -1.994e-08 -6.075e-09 -5.059e-09 -4.396e-09 -3.864e-09 -3.413e-09 -2.987e-09 -2.546e-09 -2.065e-09 -1.524e-09 -9.086e-10 -2.055e-10  5.968e-10  1.509e-09  2.540e-09  3.700e-09  4.998e-09  6.442e-09  8.040e-09  9.802e-09  1.173e-08  1.385e-08  1.614e-08  1.863e-08  2.133e-08  2.422e-08  2.733e-08  3.065e-08  3.417e-08  3.788e-08  4.174e-08  4.573e-08  4.977e-08  5.380e-08  5.770e-08  6.140e-08  6.479e-08  6.785e-08  7.063e-08  7.339e-08  7.664e-08  8.132e-08  8.895e-08  1.018e-07  1.233e-07  1.581e-07  2.127e-07  2.962e-07  4.215e-07 	
 6.954e-09 -2.114e-08 -6.556e-09 -5.468e-09 -4.729e-09 -4.108e-09 -3.548e-09 -2.985e-09 -2.373e-09 -1.681e-09 -8.849e-10  3.593e-11  1.099e-09  2.320e-09  3.715e-09  5.299e-09  7.084e-09  9.084e-09  1.131e-08  1.378e-08  1.651e-08  1.950e-08  2.277e-08  2.633e-08  3.020e-08  3.437e-08  3.888e-08  4.371e-08  4.888e-08  5.438e-08  6.020e-08  6.631e-08  7.266e-08  7.921e-08  8.585e-08  9.250e-08  9.904e-08  1.054e-07  1.115e-07  1.175e-07  1.235e-07  1.303e-07  1.388e-07  1.508e-07  1.687e-07  1.963e-07  2.389e-07  3.035e-07  4.004e-07  5.436e-07 	
 6.912e-09 -2.255e-08 -7.112e-09 -5.933e-09 -5.089e-09 -4.339e-09 -3.616e-09 -2.845e-09 -1.973e-09 -9.589e-10  2.288e-10  1.618e-09  3.233e-09  5.098e-09  7.236e-09  9.666e-09  1.241e-08  1.549e-08  1.893e-08  2.274e-08  2.694e-08  3.156e-08  3.661e-08  4.212e-08  4.810e-08  5.456e-08  6.153e-08  6.902e-08  7.704e-08  8.559e-08  9.466e-08  1.042e-07  1.142e-07  1.247e-07  1.354e-07  1.463e-07  1.573e-07  1.683e-07  1.792e-07  1.902e-07  2.015e-07  2.139e-07  2.284e-07  2.470e-07  2.726e-07  3.091e-07  3.625e-07  4.408e-07  5.552e-07  7.214e-07 	
 6.866e-09 -2.423e-08 -7.757e-09 -6.460e-09 -5.469e-09 -4.529e-09 -3.560e-09 -2.476e-09 -1.206e-09  2.991e-10  2.085e-09  4.190e-09  6.650e-09  9.499e-09  1.277e-08  1.650e-08  2.071e-08  2.545e-08  3.073e-08  3.659e-08  4.306e-08  5.017e-08  5.794e-08  6.642e-08  7.563e-08  8.559e-08  9.634e-08  1.079e-07  1.203e-07  1.335e-07  1.475e-07  1.624e-07  1.781e-07  1.944e-07  2.114e-07  2.289e-07  2.468e-07  2.650e-07  2.834e-07  3.023e-07  3.219e-07  3.430e-07  3.669e-07  3.957e-07  4.326e-07  4.823e-07  5.512e-07  6.483e-07  7.861e-07  9.822e-07 	
 6.786e-09 -2.627e-08 -8.505e-09 -7.052e-09 -5.850e-09 -4.629e-09 -3.292e-09 -1.730e-09  1.427e-10  2.398e-09  5.095e-09  8.292e-09  1.204e-08  1.639e-08  2.139e-08  2.710e-08  3.355e-08  4.080e-08  4.889e-08  5.788e-08  6.780e-08  7.870e-08  9.064e-08  1.036e-07  1.178e-07  1.331e-07  1.496e-07  1.673e-07  1.863e-07  2.067e-07  2.283e-07  2.513e-07  2.755e-07  3.009e-07  3.275e-07  3.551e-07  3.836e-07  4.129e-07  4.430e-07  4.740e-07  5.064e-07  5.410e-07  5.793e-07  6.236e-07  6.777e-07  7.466e-07  8.378e-07  9.611e-07  1.131e-06  1.366e-06 	
 6.613e-09 -2.877e-08 -9.379e-09 -7.709e-09 -6.202e-09 -4.559e-09 -2.663e-09 -3.731e-10  2.424e-09  5.826e-09  9.922e-09  1.479e-08  2.051e-08  2.717e-08  3.482e-08  4.356e-08  5.344e-08  6.455e-08  7.696e-08  9.073e-08  1.059e-07  1.227e-07  1.410e-07  1.609e-07  1.826e-07  2.061e-07  2.314e-07  2.586e-07  2.879e-07  3.191e-07  3.524e-07  3.878e-07  4.252e-07  4.647e-07  5.060e-07  5.492e-07  5.941e-07  6.406e-07  6.887e-07  7.387e-07  7.910e-07  8.465e-07  9.071e-07  9.753e-07  1.055e-06  1.153e-06  1.276e-06  1.437e-06  1.650e-06  1.939e-06 	
 6.224e-09 -3.195e-08 -1.042e-08 -8.427e-09 -6.471e-09 -4.197e-09 -1.452e-09  1.945e-09  6.151e-09  1.130e-08  1.753e-08  2.495e-08  3.368e-08  4.384e-08  5.554e-08  6.889e-08  8.400e-08  1.010e-07  1.200e-07  1.410e-07  1.643e-07  1.899e-07  2.179e-07  2.484e-07  2.815e-07  3.175e-07  3.562e-07  3.979e-07  4.427e-07  4.905e-07  5.416e-07  5.959e-07  6.534e-07  7.142e-07  7.781e-07  8.450e-07  9.150e-07  9.879e-07  1.064e-06  1.143e-06  1.226e-06  1.313e-06  1.408e-06  1.513e-06  1.632e-06  1.772e-06  1.943e-06  2.157e-06  2.431e-06  2.791e-06 	
 5.388e-09 -3.616e-08 -1.172e-08 -9.194e-09 -6.561e-09 -3.335e-09  7.021e-10  5.792e-09  1.215e-08  1.999e-08  2.947e-08  4.080e-08  5.414e-08  6.966e-08  8.754e-08  1.079e-07  1.311e-07  1.570e-07  1.860e-07  2.182e-07  2.538e-07  2.929e-07  3.358e-07  3.824e-07  4.332e-07  4.881e-07  5.474e-07  6.112e-07  6.796e-07  7.529e-07  8.311e-07  9.144e-07  1.003e-06  1.096e-06  1.194e-06  1.298e-06  1.406e-06  1.520e-06  1.638e-06  1.762e-06  1.892e-06  2.030e-06  2.177e-06  2.337e-06  2.516e-06  2.720e-06  2.960e-06  3.251e-06  3.611e-06  4.068e-06 	
 3.701e-09 -4.205e-08 -1.351e-08 -1.003e-08 -6.328e-09 -1.641e-09  4.373e-09  1.206e-08  2.173e-08  3.368e-08  4.818e-08  6.550e-08  8.591e-08  1.097e-07  1.371e-07  1.683e-07  2.037e-07  2.435e-07  2.879e-07  3.372e-07  3.917e-07  4.516e-07  5.171e-07  5.886e-07  6.663e-07  7.504e-07  8.412e-07  9.390e-07  1.044e-06  1.156e-06  1.276e-06  1.404e-06  1.539e-06  1.683e-06  1.835e-06  1.994e-06  2.162e-06  2.338e-06  2.523e-06  2.716e-06  2.919e-06  3.133e-06  3.361e-06  3.607e-06  3.877e-06  4.177e-06  4.521e-06  4.922e-06  5.403e-06  5.994e-06 	
 5.529e-10 -5.074e-08 -1.644e-08 -1.112e-08 -5.632e-09  1.346e-09  1.041e-08  2.208e-08  3.682e-08  5.506e-08  7.723e-08  1.037e-07  1.350e-07  1.713e-07  2.132e-07  2.610e-07  3.152e-07  3.760e-07  4.440e-07  5.194e-07  6.028e-07  6.944e-07  7.947e-07  9.041e-07  1.023e-06  1.152e-06  1.291e-06  1.440e-06  1.601e-06  1.772e-06  1.956e-06  2.152e-06  2.359e-06  2.580e-06  2.813e-06  3.058e-06  3.317e-06  3.589e-06  3.875e-06  4.175e-06  4.490e-06  4.822e-06  5.174e-06  5.550e-06  5.957e-06  6.403e-06  6.900e-06  7.464e-06  8.118e-06  8.893e-06 	
-4.728e-09 -6.401e-08 -2.197e-08 -1.320e-08 -4.574e-09  6.160e-09  2.004e-08  3.792e-08  6.050e-08  8.847e-08  1.225e-07  1.631e-07  2.110e-07  2.667e-07  3.310e-07  4.043e-07  4.873e-07  5.806e-07  6.847e-07  8.004e-07  9.282e-07  1.069e-06  1.222e-06  1.390e-06  1.572e-06  1.769e-06  1.982e-06  2.212e-06  2.458e-06  2.721e-06  3.003e-06  3.303e-06  3.622e-06  3.960e-06  4.318e-06  4.697e-06  5.096e-06  5.517e-06  5.959e-06  6.423e-06  6.912e-06  7.427e-06  7.970e-06  8.548e-06  9.165e-06  9.831e-06  1.056e-05  1.136e-05  1.226e-05  1.329e-05 	
-1.215e-08 -8.412e-08 -3.310e-08 -1.852e-08 -4.363e-09  1.270e-08  3.442e-08  6.214e-08  9.701e-08  1.401e-07  1.923e-07  2.547e-07  3.283e-07  4.138e-07  5.124e-07  6.249e-07  7.521e-07  8.952e-07  1.055e-06  1.232e-06  1.428e-06  1.643e-06  1.879e-06  2.136e-06  2.415e-06  2.717e-06  3.044e-06  3.395e-06  3.772e-06  4.176e-06  4.608e-06  5.068e-06  5.557e-06  6.077e-06  6.628e-06  7.210e-06  7.825e-06  8.473e-06  9.156e-06  9.874e-06  1.063e-05  1.143e-05  1.226e-05  1.315e-05  1.409e-05  1.509e-05  1.616e-05  1.731e-05  1.856e-05  1.995e-05 	
-1.869e-08 -1.120e-07 -5.418e-08 -3.175e-08 -8.846e-09  1.864e-08  5.318e-08  9.680e-08  1.513e-07  2.182e-07  2.992e-07  3.958e-07  5.093e-07  6.413e-07  7.932e-07  9.664e-07  1.162e-06  1.383e-06  1.628e-06  1.901e-06  2.203e-06  2.534e-06  2.896e-06  3.291e-06  3.721e-06  4.186e-06  4.688e-06  5.228e-06  5.808e-06  6.429e-06  7.093e-06  7.801e-06  8.555e-06  9.355e-06  1.020e-05  1.110e-05  1.205e-05  1.305e-05  1.411e-05  1.523e-05  1.640e-05  1.763e-05  1.893e-05  2.029e-05  2.173e-05  2.323e-05  2.482e-05  2.649e-05  2.825e-05  3.011e-05 	
-1.158e-08 -1.407e-07 -8.586e-08 -5.759e-08 -2.421e-08  1.804e-08  7.204e-08  1.405e-07  2.258e-07  3.305e-07  4.568e-07  6.070e-07  7.833e-07  9.881e-07  1.223e-06  1.492e-06  1.795e-06  2.135e-06  2.515e-06  2.936e-06  3.401e-06  3.912e-06  4.472e-06  5.081e-06  5.743e-06  6.460e-06  7.234e-06  8.066e-06  8.960e-06  9.918e-06  1.094e-05  1.203e-05  1.320e-05  1.443e-05  1.574e-05  1.713e-05  1.860e-05  2.015e-05  2.179e-05  2.352e-05  2.534e-05  2.726e-05  2.927e-05  3.137e-05  3.357e-05  3.585e-05  3.821e-05  4.064e-05  4.311e-05  4.561e-05 	
 4.938e-08 -1.367e-07 -1.038e-07 -8.012e-08 -4.091e-08  1.653e-08  9.511e-08  1.980e-07  3.286e-07  4.903e-07  6.864e-07  9.203e-07  1.195e-06  1.515e-06  1.882e-06  2.301e-06  2.774e-06  3.306e-06  3.898e-06  4.556e-06  5.281e-06  6.078e-06  6.950e-06  7.900e-06  8.932e-06  1.005e-05  1.125e-05  1.255e-05  1.394e-05  1.543e-05  1.703e-05  1.873e-05  2.054e-05  2.246e-05  2.451e-05  2.668e-05  2.897e-05  3.141e-05  3.398e-05  3.669e-05  3.955e-05  4.255e-05  4.569e-05  4.896e-05  5.235e-05  5.582e-05  5.934e-05  6.285e-05  6.627e-05  6.951e-05 	
 2.794e-07  5.474e-09  1.444e-09  1.049e-08  4.923e-08  1.204e-07  2.277e-07  3.756e-07  5.689e-07  8.126e-07  1.112e-06  1.472e-06  1.898e-06  2.395e-06  2.968e-06  3.623e-06  4.365e-06  5.200e-06  6.132e-06  7.167e-06  8.311e-06  9.568e-06  1.094e-05  1.245e-05  1.408e-05  1.584e-05  1.775e-05  1.981e-05  2.201e-05  2.438e-05  2.691e-05  2.961e-05  3.249e-05  3.555e-05  3.880e-05  4.226e-05  4.593e-05  4.981e-05  5.391e-05  5.824e-05  6.279e-05  6.755e-05  7.249e-05  7.759e-05  8.277e-05  8.796e-05  9.305e-05  9.788e-05  1.023e-04  1.059e-04 	
 1.001e-06  5.702e-07  5.522e-07  5.857e-07  6.690e-07  8.035e-07  9.942e-07  1.247e-06  1.570e-06  1.971e-06  2.456e-06  3.033e-06  3.712e-06  4.498e-06  5.402e-06  6.429e-06  7.590e-06  8.890e-06  1.034e-05  1.195e-05  1.372e-05  1.566e-05  1.778e-05  2.009e-05  2.260e-05  2.531e-05  2.824e-05  3.139e-05  3.476e-05  3.837e-05  4.223e-05  4.634e-05  5.071e-05  5.535e-05  6.027e-05  6.548e-05  7.098e-05  7.678e-05  8.287e-05  8.927e-05  9.595e-05  1.029e-04  1.100e-04  1.173e-04  1.246e-04  1.317e-04  1.384e-04  1.442e-04  1.485e-04  1.504e-04 	
