 9.900e-01  2.604e-01  1.270e-01  6.574e-02  3.812e-02  2.409e-02  1.624e-02  1.154e-02  8.548e-03  6.567e-03  5.197e-03  4.227e-03  3.521e-03  2.990e-03  2.586e-03  2.272e-03  2.026e-03  1.829e-03  1.671e-03  1.540e-03  1.433e-03  1.343e-03  1.269e-03  1.207e-03  1.152e-03  1.108e-03  1.069e-03  1.035e-03  1.006e-03  9.797e-04  9.555e-04  9.312e-04  9.056e-04  8.775e-04  8.455e-04  8.086e-04  7.671e-04  7.230e-04  6.801e-04  6.478e-04  6.407e-04  6.820e-04  8.066e-04  1.065e-03  1.531e-03  2.304e-03  3.527e-03  5.401e-03  8.217e-03  1.240e-02 	
 6.154e-01  1.000e-08  1.000e-08  1.000e-08  1.000e-08  1.000e-08  1.000e-08  1.000e-08  1.000e-08  1.000e-08  1.000e-08  1.000e-08  1.000e-08  1.000e-08  1.000e-08  1.000e-08  1.000e-08  1.000e-08  1.000e-08  1.000e-08  1.000e-08  1.000e-08  1.000e-08  1.000e-08  1.000e-08  1.000e-08  1.000e-08  1.000e-08  1.000e-08  1.000e-08  1.000e-08  1.000e-08  1.000e-08  1.000e-08  1.000e-08  1.000e-08  1.000e-08  1.000e-08  1.000e-08  1.000e-08  1.000e-08  1.000e-08  1.000e-08  1.000e-08  1.000e-08  1.000e-08  3.757e-04  1.481e-03  3.161e-03  5.656e-03 	
 1.765e-01  1.000e-08  1.000e-08  1.000e-08  1.000e-08  1.000e-08  1.000e-08  1.000e-08  1.000e-08  1.000e-08  1.000e-08  1.000e-08  1.000e-08  1.000e-08  1.000e-08  1.000e-08  1.000e-08  1.000e-08  1.000e-08  1.000e-08  1.000e-08  1.000e-08  1.000e-08  1.000e-08  1.000e-08  1.000e-08  1.000e-08  3.203e-05  6.676e-05  9.702e-05  1.226e-04  1.429e-04  1.567e-04  1.629e-04  1.597e-04  1.457e-04  1.195e-04  8.069e-05  3.011e-05  1.000e-08  1.000e-08  1.000e-08  1.000e-08  1.000e-08  3.411e-06  2.751e-04  7.573e-04  1.541e-03  2.750e-03  4.568e-03 	
 6.649e-02  1.000e-08  1.000e-08  1.000e-08  1.000e-08  1.000e-08  1.000e-08  1.000e-08  1.000e-08  1.000e-08  1.000e-08  1.000e-08  1.000e-08  1.000e-08  1.000e-08  1.000e-08  1.000e-08  1.000e-08  1.000e-08  1.000e-08  5.231e-05  1.121e-04  1.656e-04  2.139e-04  2.578e-04  2.980e-04  3.346e-04  3.688e-04  3.998e-04  4.280e-04  4.533e-04  4.749e-04  4.916e-04  5.031e-04  5.077e-04  5.039e-04  4.910e-04  4.684e-04  4.366e-04  3.983e-04  3.590e-04  3.282e-04  3.207e-04  3.586e-04  4.724e-04  7.039e-04  1.110e-03  1.764e-03  2.774e-03  4.292e-03 	
 3.857e-02  1.000e-08  1.000e-08  1.000e-08  1.000e-08  1.000e-08  1.000e-08  1.000e-08  1.000e-08  1.000e-08  1.000e-08  1.000e-08  1.000e-08  1.000e-08  1.000e-08  1.000e-08  3.363e-05  1.261e-04  2.075e-04  2.799e-04  3.450e-04  4.041e-04  4.585e-04  5.082e-04  5.547e-04  5.984e-04  6.393e-04  6.781e-04  7.150e-04  7.498e-04  7.822e-04  8.116e-04  8.380e-04  8.599e-04  8.764e-04  8.865e-04  8.890e-04  8.838e-04  8.711e-04  8.533e-04  8.350e-04  8.245e-04  8.346e-04  8.847e-04  1.003e-03  1.225e-03  1.603e-03  2.205e-03  3.125e-03  4.502e-03 	
 2.938e-02  1.000e-08  1.000e-08  1.000e-08  1.000e-08  1.000e-08  1.000e-08  1.000e-08  1.000e-08  1.000e-08  1.000e-08  1.000e-08  1.000e-08  1.000e-08  1.152e-04  2.400e-04  3.491e-04  4.456e-04  5.321e-04  6.102e-04  6.821e-04  7.486e-04  8.104e-04  8.692e-04  9.247e-04  9.781e-04  1.030e-03  1.080e-03  1.129e-03  1.176e-03  1.222e-03  1.267e-03  1.309e-03  1.348e-03  1.383e-03  1.413e-03  1.438e-03  1.456e-03  1.468e-03  1.477e-03  1.486e-03  1.503e-03  1.540e-03  1.614e-03  1.753e-03  1.992e-03  2.378e-03  2.979e-03  3.882e-03  5.220e-03 	
 2.398e-02  1.000e-08  1.000e-08  1.000e-08  1.000e-08  1.000e-08  1.000e-08  1.000e-08  1.000e-08  1.000e-08  1.000e-08  1.000e-08  1.549e-04  3.350e-04  4.897e-04  6.252e-04  7.452e-04  8.533e-04  9.521e-04  1.043e-03  1.128e-03  1.209e-03  1.285e-03  1.360e-03  1.432e-03  1.503e-03  1.573e-03  1.643e-03  1.713e-03  1.784e-03  1.854e-03  1.924e-03  1.993e-03  2.062e-03  2.129e-03  2.191e-03  2.251e-03  2.306e-03  2.357e-03  2.407e-03  2.458e-03  2.518e-03  2.603e-03  2.724e-03  2.910e-03  3.195e-03  3.630e-03  4.279e-03  5.231e-03  6.620e-03 	
 1.924e-02  1.000e-08  1.000e-08  1.000e-08  1.000e-08  1.000e-08  1.000e-08  1.000e-08  1.000e-08  1.000e-08  1.043e-04  3.808e-04  6.128e-04  8.119e-04  9.853e-04  1.139e-03  1.278e-03  1.406e-03  1.525e-03  1.637e-03  1.744e-03  1.849e-03  1.951e-03  2.052e-03  2.154e-03  2.255e-03  2.359e-03  2.464e-03  2.571e-03  2.681e-03  2.794e-03  2.910e-03  3.027e-03  3.147e-03  3.267e-03  3.385e-03  3.506e-03  3.626e-03  3.743e-03  3.863e-03  3.989e-03  4.126e-03  4.289e-03  4.494e-03  4.771e-03  5.152e-03  5.691e-03  6.452e-03  7.529e-03  9.065e-03 	
 1.467e-02  1.000e-08  1.000e-08  1.000e-08  1.000e-08  1.000e-08  1.000e-08  1.000e-08  1.000e-08  2.951e-04  6.644e-04  9.708e-04  1.232e-03  1.459e-03  1.660e-03  1.843e-03  2.012e-03  2.171e-03  2.322e-03  2.471e-03  2.616e-03  2.760e-03  2.906e-03  3.054e-03  3.206e-03  3.361e-03  3.522e-03  3.691e-03  3.863e-03  4.046e-03  4.234e-03  4.430e-03  4.630e-03  4.840e-03  5.058e-03  5.278e-03  5.507e-03  5.735e-03  5.973e-03  6.216e-03  6.475e-03  6.747e-03  7.052e-03  7.412e-03  7.848e-03  8.406e-03  9.127e-03  1.010e-02  1.140e-02  1.321e-02 	
 1.020e-02  1.000e-08  1.000e-08  1.000e-08  1.000e-08  1.000e-08  1.000e-08  1.000e-08  5.105e-04  1.014e-03  1.427e-03  1.776e-03  2.077e-03  2.344e-03  2.588e-03  2.816e-03  3.032e-03  3.242e-03  3.449e-03  3.657e-03  3.867e-03  4.082e-03  4.304e-03  4.535e-03  4.775e-03  5.024e-03  5.289e-03  5.568e-03  5.861e-03  6.168e-03  6.493e-03  6.830e-03  7.185e-03  7.559e-03  7.941e-03  8.347e-03  8.762e-03  9.199e-03  9.646e-03  1.011e-02  1.060e-02  1.112e-02  1.168e-02  1.231e-02  1.304e-02  1.389e-02  1.494e-02  1.626e-02  1.795e-02  2.018e-02 	
 5.806e-03  1.000e-08  1.000e-08  1.000e-08  1.000e-08  1.000e-08  1.000e-08  7.261e-04  1.430e-03  1.996e-03  2.467e-03  2.871e-03  3.229e-03  3.561e-03  3.872e-03  4.171e-03  4.466e-03  4.763e-03  5.064e-03  5.376e-03  5.699e-03  6.039e-03  6.393e-03  6.773e-03  7.170e-03  7.594e-03  8.044e-03  8.518e-03  9.021e-03  9.555e-03  1.012e-02  1.071e-02  1.134e-02  1.200e-02  1.270e-02  1.343e-02  1.418e-02  1.497e-02  1.580e-02  1.666e-02  1.757e-02  1.852e-02  1.955e-02  2.065e-02  2.186e-02  2.324e-02  2.483e-02  2.673e-02  2.901e-02  3.186e-02 	
 1.435e-03  1.000e-08  1.000e-08  1.000e-08  1.000e-08  1.000e-08  8.814e-04  1.887e-03  2.674e-03  3.317e-03  3.867e-03  4.357e-03  4.808e-03  5.236e-03  5.657e-03  6.078e-03  6.509e-03  6.956e-03  7.425e-03  7.921e-03  8.448e-03  9.005e-03  9.606e-03  1.025e-02  1.092e-02  1.165e-02  1.243e-02  1.326e-02  1.414e-02  1.508e-02  1.607e-02  1.712e-02  1.824e-02  1.941e-02  2.064e-02  2.194e-02  2.330e-02  2.472e-02  2.621e-02  2.777e-02  2.939e-02  3.111e-02  3.291e-02  3.482e-02  3.688e-02  3.912e-02  4.159e-02  4.437e-02  4.756e-02  5.129e-02 	
 1.000e-08  1.000e-08  1.000e-08  1.000e-08  1.000e-08  8.399e-04  2.318e-03  3.435e-03  4.327e-03  5.079e-03  5.749e-03  6.370e-03  6.967e-03  7.566e-03  8.174e-03  8.810e-03  9.483e-03  1.020e-02  1.097e-02  1.179e-02  1.267e-02  1.362e-02  1.465e-02  1.576e-02  1.694e-02  1.821e-02  1.958e-02  2.104e-02  2.259e-02  2.423e-02  2.598e-02  2.783e-02  2.978e-02  3.185e-02  3.402e-02  3.631e-02  3.869e-02  4.119e-02  4.380e-02  4.653e-02  4.937e-02  5.235e-02  5.543e-02  5.865e-02  6.208e-02  6.566e-02  6.946e-02  7.356e-02  7.795e-02  8.278e-02 	
 1.000e-08  1.000e-08  1.000e-08  1.000e-08  3.179e-04  2.574e-03  4.198e-03  5.453e-03  6.497e-03  7.418e-03  8.277e-03  9.120e-03  9.974e-03  1.086e-02  1.181e-02  1.283e-02  1.392e-02  1.511e-02  1.641e-02  1.781e-02  1.934e-02  2.099e-02  2.278e-02  2.471e-02  2.678e-02  2.901e-02  3.139e-02  3.391e-02  3.662e-02  3.950e-02  4.252e-02  4.572e-02  4.911e-02  5.265e-02  5.637e-02  6.026e-02  6.434e-02  6.859e-02  7.296e-02  7.756e-02  8.226e-02  8.720e-02  9.221e-02  9.745e-02  1.028e-01  1.084e-01  1.140e-01  1.198e-01  1.257e-01  1.318e-01 	
 1.000e-08  1.000e-08  1.000e-08  1.000e-08  2.363e-03  4.809e-03  6.617e-03  8.071e-03  9.345e-03  1.054e-02  1.173e-02  1.296e-02  1.427e-02  1.567e-02  1.721e-02  1.891e-02  2.076e-02  2.278e-02  2.501e-02  2.744e-02  3.009e-02  3.296e-02  3.607e-02  3.941e-02  4.299e-02  4.684e-02  5.091e-02  5.525e-02  5.987e-02  6.471e-02  6.980e-02  7.519e-02  8.081e-02  8.668e-02  9.280e-02  9.911e-02  1.057e-01  1.124e-01  1.195e-01  1.266e-01  1.340e-01  1.415e-01  1.492e-01  1.570e-01  1.648e-01  1.727e-01  1.805e-01  1.882e-01  1.956e-01  2.026e-01 	
 1.000e-08  1.000e-08  1.000e-08  1.074e-03  4.954e-03  7.634e-03  9.708e-03  1.148e-02  1.315e-02  1.483e-02  1.659e-02  1.851e-02  2.063e-02  2.294e-02  2.554e-02  2.841e-02  3.158e-02  3.507e-02  3.890e-02  4.308e-02  4.765e-02  5.258e-02  5.786e-02  6.354e-02  6.959e-02  7.598e-02  8.276e-02  8.996e-02  9.748e-02  1.053e-01  1.135e-01  1.220e-01  1.307e-01  1.398e-01  1.491e-01  1.587e-01  1.684e-01  1.784e-01  1.885e-01  1.987e-01  2.092e-01  2.196e-01  2.300e-01  2.405e-01  2.507e-01  2.607e-01  2.705e-01  2.796e-01  2.879e-01  2.950e-01 	
 1.000e-08  1.000e-08  1.000e-08  4.012e-03  8.199e-03  1.122e-02  1.372e-02  1.605e-02  1.842e-02  2.094e-02  2.373e-02  2.684e-02  3.037e-02  3.429e-02  3.870e-02  4.360e-02  4.903e-02  5.502e-02  6.154e-02  6.861e-02  7.618e-02  8.440e-02  9.311e-02  1.023e-01  1.120e-01  1.223e-01  1.329e-01  1.440e-01  1.554e-01  1.672e-01  1.792e-01  1.916e-01  2.041e-01  2.167e-01  2.295e-01  2.424e-01  2.555e-01  2.684e-01  2.814e-01  2.942e-01  3.070e-01  3.196e-01  3.319e-01  3.440e-01  3.557e-01  3.668e-01  3.772e-01  3.865e-01  3.944e-01  4.007e-01 	
 1.000e-08  1.000e-08  4.937e-04  7.651e-03  1.228e-02  1.586e-02  1.913e-02  2.243e-02  2.601e-02  3.004e-02  3.462e-02  3.983e-02  4.578e-02  5.246e-02  5.994e-02  6.818e-02  7.726e-02  8.714e-02  9.787e-02  1.093e-01  1.215e-01  1.344e-01  1.479e-01  1.618e-01  1.764e-01  1.913e-01  2.065e-01  2.221e-01  2.378e-01  2.537e-01  2.695e-01  2.853e-01  3.010e-01  3.166e-01  3.319e-01  3.472e-01  3.620e-01  3.765e-01  3.907e-01  4.045e-01  4.178e-01  4.308e-01  4.431e-01  4.550e-01  4.662e-01  4.764e-01  4.858e-01  4.939e-01  5.004e-01  5.049e-01 	
 1.000e-08  1.000e-08  4.467e-03  1.221e-02  1.754e-02  2.212e-02  2.670e-02  3.173e-02  3.747e-02  4.412e-02  5.176e-02  6.055e-02  7.047e-02  8.160e-02  9.390e-02  1.074e-01  1.220e-01  1.375e-01  1.541e-01  1.714e-01  1.894e-01  2.079e-01  2.269e-01  2.462e-01  2.656e-01  2.850e-01  3.044e-01  3.236e-01  3.423e-01  3.608e-01  3.787e-01  3.963e-01  4.131e-01  4.296e-01  4.450e-01  4.602e-01  4.744e-01  4.881e-01  5.012e-01  5.138e-01  5.253e-01  5.366e-01  5.468e-01  5.565e-01  5.657e-01  5.737e-01  5.810e-01  5.867e-01  5.907e-01  5.935e-01 	
 1.000e-08  1.000e-08  9.417e-03  1.804e-02  2.462e-02  3.094e-02  3.787e-02  4.589e-02  5.532e-02  6.634e-02  7.906e-02  9.353e-02  1.097e-01  1.275e-01  1.468e-01  1.673e-01  1.890e-01  2.116e-01  2.349e-01  2.586e-01  2.823e-01  3.061e-01  3.297e-01  3.528e-01  3.754e-01  3.972e-01  4.182e-01  4.385e-01  4.575e-01  4.758e-01  4.929e-01  5.094e-01  5.245e-01  5.388e-01  5.521e-01  5.647e-01  5.763e-01  5.868e-01  5.972e-01  6.065e-01  6.152e-01  6.230e-01  6.305e-01  6.371e-01  6.433e-01  6.484e-01  6.530e-01  6.565e-01  6.591e-01  6.598e-01 	
 1.000e-08  1.000e-08  1.573e-02  2.583e-02  3.456e-02  4.393e-02  5.491e-02  6.798e-02  8.348e-02  1.015e-01  1.219e-01  1.446e-01  1.694e-01  1.959e-01  2.237e-01  2.523e-01  2.815e-01  3.107e-01  3.396e-01  3.680e-01  3.952e-01  4.215e-01  4.465e-01  4.703e-01  4.926e-01  5.133e-01  5.324e-01  5.500e-01  5.663e-01  5.816e-01  5.953e-01  6.078e-01  6.197e-01  6.303e-01  6.396e-01  6.481e-01  6.561e-01  6.629e-01  6.696e-01  6.757e-01  6.812e-01  6.858e-01  6.902e-01  6.940e-01  6.976e-01  7.005e-01  7.026e-01  7.043e-01  7.053e-01  7.051e-01 	
 1.000e-08  8.838e-04  2.409e-02  3.667e-02  4.916e-02  6.372e-02  8.137e-02  1.025e-01  1.273e-01  1.554e-01  1.863e-01  2.195e-01  2.543e-01  2.899e-01  3.257e-01  3.608e-01  3.950e-01  4.276e-01  4.585e-01  4.871e-01  5.137e-01  5.384e-01  5.609e-01  5.811e-01  5.992e-01  6.156e-01  6.304e-01  6.439e-01  6.556e-01  6.658e-01  6.752e-01  6.834e-01  6.903e-01  6.970e-01  7.025e-01  7.075e-01  7.122e-01  7.160e-01  7.192e-01  7.222e-01  7.250e-01  7.274e-01  7.291e-01  7.311e-01  7.327e-01  7.335e-01  7.343e-01  7.347e-01  7.344e-01  7.341e-01 	
 1.000e-08  1.048e-02  3.554e-02  5.235e-02  7.116e-02  9.420e-02  1.222e-01  1.553e-01  1.926e-01  2.333e-01  2.760e-01  3.198e-01  3.631e-01  4.049e-01  4.447e-01  4.820e-01  5.159e-01  5.470e-01  5.749e-01  5.996e-01  6.216e-01  6.408e-01  6.570e-01  6.719e-01  6.843e-01  6.952e-01  7.047e-01  7.129e-01  7.198e-01  7.255e-01  7.306e-01  7.352e-01  7.386e-01  7.416e-01  7.442e-01  7.463e-01  7.483e-01  7.499e-01  7.507e-01  7.519e-01  7.527e-01  7.534e-01  7.537e-01  7.540e-01  7.544e-01  7.543e-01  7.538e-01  7.534e-01  7.530e-01  7.518e-01 	
 1.000e-08  2.317e-02  5.171e-02  7.556e-02  1.045e-01  1.404e-01  1.831e-01  2.314e-01  2.832e-01  3.363e-01  3.887e-01  4.388e-01  4.855e-01  5.277e-01  5.655e-01  5.985e-01  6.277e-01  6.524e-01  6.732e-01  6.911e-01  7.059e-01  7.184e-01  7.290e-01  7.373e-01  7.447e-01  7.501e-01  7.553e-01  7.588e-01  7.622e-01  7.644e-01  7.665e-01  7.678e-01  7.690e-01  7.698e-01  7.702e-01  7.702e-01  7.705e-01  7.704e-01  7.703e-01  7.702e-01  7.697e-01  7.691e-01  7.686e-01  7.681e-01  7.675e-01  7.670e-01  7.665e-01  7.652e-01  7.643e-01  7.631e-01 	
 1.089e-03  4.027e-02  7.493e-02  1.102e-01  1.543e-01  2.080e-01  2.685e-01  3.325e-01  3.965e-01  4.573e-01  5.129e-01  5.622e-01  6.050e-01  6.411e-01  6.713e-01  6.965e-01  7.167e-01  7.334e-01  7.461e-01  7.568e-01  7.653e-01  7.720e-01  7.769e-01  7.805e-01  7.832e-01  7.857e-01  7.870e-01  7.879e-01  7.883e-01  7.883e-01  7.883e-01  7.882e-01  7.877e-01  7.869e-01  7.859e-01  7.854e-01  7.844e-01  7.835e-01  7.825e-01  7.811e-01  7.801e-01  7.792e-01  7.782e-01  7.772e-01  7.762e-01  7.752e-01  7.739e-01  7.729e-01  7.716e-01  7.700e-01 	
 1.873e-02  6.356e-02  1.084e-01  1.607e-01  2.256e-01  2.999e-01  3.777e-01  4.529e-01  5.217e-01  5.816e-01  6.316e-01  6.732e-01  7.062e-01  7.326e-01  7.524e-01  7.680e-01  7.802e-01  7.889e-01  7.953e-01  8.003e-01  8.034e-01  8.053e-01  8.071e-01  8.076e-01  8.076e-01  8.071e-01  8.063e-01  8.054e-01  8.041e-01  8.031e-01  8.014e-01  8.000e-01  7.986e-01  7.972e-01  7.958e-01  7.944e-01  7.930e-01  7.912e-01  7.898e-01  7.884e-01  7.870e-01  7.859e-01  7.845e-01  7.831e-01  7.817e-01  7.803e-01  7.789e-01  7.775e-01  7.762e-01  7.749e-01 	
 4.255e-02  9.519e-02  1.562e-01  2.319e-01  3.210e-01  4.140e-01  5.017e-01  5.784e-01  6.417e-01  6.921e-01  7.311e-01  7.598e-01  7.816e-01  7.973e-01  8.084e-01  8.158e-01  8.213e-01  8.245e-01  8.264e-01  8.270e-01  8.267e-01  8.262e-01  8.250e-01  8.232e-01  8.219e-01  8.197e-01  8.183e-01  8.161e-01  8.139e-01  8.117e-01  8.098e-01  8.080e-01  8.057e-01  8.039e-01  8.020e-01  8.002e-01  7.983e-01  7.965e-01  7.946e-01  7.928e-01  7.914e-01  7.898e-01  7.884e-01  7.866e-01  7.851e-01  7.837e-01  7.823e-01  7.813e-01  7.800e-01  7.783e-01 	
 7.328e-02  1.380e-01  2.224e-01  3.262e-01  4.369e-01  5.392e-01  6.254e-01  6.924e-01  7.425e-01  7.782e-01  8.039e-01  8.208e-01  8.324e-01  8.395e-01  8.438e-01  8.457e-01  8.463e-01  8.456e-01  8.448e-01  8.426e-01  8.405e-01  8.383e-01  8.356e-01  8.330e-01  8.303e-01  8.277e-01  8.254e-01  8.223e-01  8.200e-01  8.177e-01  8.150e-01  8.123e-01  8.100e-01  8.082e-01  8.059e-01  8.039e-01  8.020e-01  8.002e-01  7.979e-01  7.960e-01  7.945e-01  7.931e-01  7.912e-01  7.898e-01  7.879e-01  7.868e-01  7.850e-01  7.840e-01  7.822e-01  7.813e-01 	
 1.115e-01  1.949e-01  3.099e-01  4.402e-01  5.619e-01  6.601e-01  7.331e-01  7.833e-01  8.167e-01  8.384e-01  8.516e-01  8.596e-01  8.639e-01  8.650e-01  8.647e-01  8.635e-01  8.610e-01  8.584e-01  8.553e-01  8.522e-01  8.491e-01  8.456e-01  8.425e-01  8.389e-01  8.358e-01  8.326e-01  8.295e-01  8.267e-01  8.240e-01  8.209e-01  8.181e-01  8.158e-01  8.135e-01  8.112e-01  8.088e-01  8.065e-01  8.046e-01  8.027e-01  8.004e-01  7.985e-01  7.970e-01  7.951e-01  7.936e-01  7.917e-01  7.907e-01  7.892e-01  7.878e-01  7.860e-01  7.846e-01  7.833e-01 	
 1.580e-01  2.693e-01  4.173e-01  5.636e-01  6.808e-01  7.621e-01  8.149e-01  8.474e-01  8.664e-01  8.764e-01  8.816e-01  8.832e-01  8.825e-01  8.804e-01  8.774e-01  8.739e-01  8.695e-01  8.660e-01  8.619e-01  8.580e-01  8.539e-01  8.499e-01  8.463e-01  8.427e-01  8.391e-01  8.355e-01  8.327e-01  8.295e-01  8.264e-01  8.236e-01  8.208e-01  8.181e-01  8.157e-01  8.134e-01  8.106e-01  8.087e-01  8.068e-01  8.044e-01  8.025e-01  8.006e-01  7.991e-01  7.972e-01  7.953e-01  7.942e-01  7.923e-01  7.909e-01  7.894e-01  7.876e-01  7.866e-01  7.852e-01 	
 2.143e-01  3.624e-01  5.367e-01  6.824e-01  7.798e-01  8.389e-01  8.716e-01  8.892e-01  8.974e-01  8.999e-01  8.988e-01  8.966e-01  8.932e-01  8.892e-01  8.843e-01  8.795e-01  8.750e-01  8.701e-01  8.660e-01  8.611e-01  8.571e-01  8.530e-01  8.490e-01  8.453e-01  8.412e-01  8.380e-01  8.348e-01  8.312e-01  8.284e-01  8.256e-01  8.228e-01  8.200e-01  8.176e-01  8.148e-01  8.125e-01  8.105e-01  8.086e-01  8.063e-01  8.044e-01  8.020e-01  8.005e-01  7.990e-01  7.971e-01  7.955e-01  7.941e-01  7.926e-01  7.912e-01  7.897e-01  7.883e-01  7.870e-01 	
 2.822e-01  4.715e-01  6.560e-01  7.822e-01  8.539e-01  8.901e-01  9.073e-01  9.141e-01  9.153e-01  9.127e-01  9.088e-01  9.043e-01  8.994e-01  8.940e-01  8.882e-01  8.833e-01  8.779e-01  8.730e-01  8.684e-01  8.639e-01  8.593e-01  8.548e-01  8.507e-01  8.470e-01  8.434e-01  8.397e-01  8.361e-01  8.328e-01  8.300e-01  8.272e-01  8.244e-01  8.216e-01  8.188e-01  8.164e-01  8.140e-01  8.120e-01  8.097e-01  8.078e-01  8.058e-01  8.038e-01  8.019e-01  8.005e-01  7.989e-01  7.970e-01  7.955e-01  7.940e-01  7.926e-01  7.911e-01  7.897e-01  7.883e-01 	
 3.641e-01  5.881e-01  7.605e-01  8.569e-01  9.033e-01  9.225e-01  9.283e-01  9.281e-01  9.246e-01  9.201e-01  9.147e-01  9.088e-01  9.030e-01  8.971e-01  8.908e-01  8.854e-01  8.800e-01  8.749e-01  8.699e-01  8.650e-01  8.604e-01  8.567e-01  8.521e-01  8.480e-01  8.447e-01  8.410e-01  8.374e-01  8.341e-01  8.313e-01  8.285e-01  8.256e-01  8.228e-01  8.200e-01  8.180e-01  8.156e-01  8.132e-01  8.113e-01  8.089e-01  8.074e-01  8.054e-01  8.035e-01  8.019e-01  8.000e-01  7.985e-01  7.970e-01  7.951e-01  7.941e-01  7.926e-01  7.916e-01  7.902e-01 	
 4.607e-01  7.002e-01  8.427e-01  9.085e-01  9.336e-01  9.404e-01  9.401e-01  9.361e-01  9.307e-01  9.243e-01  9.175e-01  9.111e-01  9.048e-01  8.984e-01  8.930e-01  8.871e-01  8.816e-01  8.765e-01  8.711e-01  8.665e-01  8.619e-01  8.577e-01  8.531e-01  8.494e-01  8.457e-01  8.420e-01  8.387e-01  8.359e-01  8.326e-01  8.297e-01  8.269e-01  8.240e-01  8.217e-01  8.193e-01  8.169e-01  8.145e-01  8.125e-01  8.105e-01  8.086e-01  8.066e-01  8.051e-01  8.031e-01  8.012e-01  8.001e-01  7.981e-01  7.967e-01  7.956e-01  7.941e-01  7.928e-01  7.914e-01 	
 5.684e-01  7.955e-01  9.007e-01  9.402e-01  9.508e-01  9.510e-01  9.464e-01  9.405e-01  9.336e-01  9.263e-01  9.199e-01  9.126e-01  9.062e-01  8.998e-01  8.938e-01  8.883e-01  8.824e-01  8.773e-01  8.718e-01  8.672e-01  8.630e-01  8.584e-01  8.542e-01  8.505e-01  8.467e-01  8.430e-01  8.397e-01  8.364e-01  8.336e-01  8.307e-01  8.279e-01  8.250e-01  8.230e-01  8.206e-01  8.182e-01  8.158e-01  8.134e-01  8.118e-01  8.099e-01  8.079e-01  8.063e-01  8.044e-01  8.024e-01  8.009e-01  7.994e-01  7.983e-01  7.965e-01  7.954e-01  7.939e-01  7.930e-01 	
 6.797e-01  8.672e-01  9.383e-01  9.585e-01  9.605e-01  9.564e-01  9.499e-01  9.426e-01  9.356e-01  9.283e-01  9.205e-01  9.140e-01  9.071e-01  9.007e-01  8.947e-01  8.887e-01  8.832e-01  8.781e-01  8.730e-01  8.684e-01  8.638e-01  8.595e-01  8.554e-01  8.516e-01  8.474e-01  8.441e-01  8.408e-01  8.374e-01  8.346e-01  8.317e-01  8.288e-01  8.260e-01  8.239e-01  8.215e-01  8.191e-01  8.167e-01  8.151e-01  8.127e-01  8.107e-01  8.088e-01  8.072e-01  8.057e-01  8.037e-01  8.022e-01  8.008e-01  7.992e-01  7.977e-01  7.967e-01  7.952e-01  7.943e-01 	
 7.813e-01  9.162e-01  9.606e-01  9.684e-01  9.651e-01  9.595e-01  9.516e-01  9.442e-01  9.363e-01  9.289e-01  9.215e-01  9.146e-01  9.081e-01  9.012e-01  8.952e-01  8.892e-01  8.841e-01  8.790e-01  8.738e-01  8.692e-01  8.645e-01  8.603e-01  8.561e-01  8.523e-01  8.490e-01  8.448e-01  8.414e-01  8.385e-01  8.352e-01  8.327e-01  8.303e-01  8.274e-01  8.250e-01  8.226e-01  8.201e-01  8.181e-01  8.161e-01  8.137e-01  8.117e-01  8.102e-01  8.082e-01  8.067e-01  8.047e-01  8.032e-01  8.021e-01  8.006e-01  7.991e-01  7.976e-01  7.966e-01  7.952e-01 	
 8.636e-01  9.477e-01  9.730e-01  9.739e-01  9.678e-01  9.608e-01  9.529e-01  9.449e-01  9.370e-01  9.291e-01  9.221e-01  9.152e-01  9.082e-01  9.022e-01  8.957e-01  8.901e-01  8.845e-01  8.794e-01  8.747e-01  8.696e-01  8.649e-01  8.611e-01  8.573e-01  8.531e-01  8.493e-01  8.459e-01  8.425e-01  8.397e-01  8.363e-01  8.334e-01  8.310e-01  8.285e-01  8.260e-01  8.236e-01  8.212e-01  8.187e-01  8.172e-01  8.152e-01  8.132e-01  8.112e-01  8.093e-01  8.077e-01  8.061e-01  8.046e-01  8.031e-01  8.016e-01  8.001e-01  7.991e-01  7.976e-01  7.966e-01 	
 9.220e-01  9.662e-01  9.800e-01  9.758e-01  9.692e-01  9.611e-01  9.531e-01  9.452e-01  9.377e-01  9.298e-01  9.228e-01  9.153e-01  9.088e-01  9.023e-01  8.962e-01  8.906e-01  8.850e-01  8.799e-01  8.747e-01  8.704e-01  8.657e-01  8.619e-01  8.577e-01  8.539e-01  8.500e-01  8.467e-01  8.433e-01  8.404e-01  8.375e-01  8.346e-01  8.321e-01  8.296e-01  8.267e-01  8.243e-01  8.223e-01  8.202e-01  8.183e-01  8.158e-01  8.138e-01  8.118e-01  8.107e-01  8.087e-01  8.072e-01  8.057e-01  8.042e-01  8.027e-01  8.011e-01  8.001e-01  7.987e-01  7.976e-01 	
 9.587e-01  9.767e-01  9.828e-01  9.771e-01  9.700e-01  9.619e-01  9.535e-01  9.455e-01  9.375e-01  9.305e-01  9.230e-01  9.155e-01  9.094e-01  9.029e-01  8.968e-01  8.911e-01  8.855e-01  8.804e-01  8.761e-01  8.709e-01  8.666e-01  8.623e-01  8.585e-01  8.546e-01  8.513e-01  8.479e-01  8.445e-01  8.411e-01  8.382e-01  8.353e-01  8.329e-01  8.299e-01  8.279e-01  8.254e-01  8.230e-01  8.210e-01  8.190e-01  8.165e-01  8.149e-01  8.134e-01  8.114e-01  8.094e-01  8.079e-01  8.064e-01  8.049e-01  8.033e-01  8.023e-01  8.008e-01  7.997e-01  7.988e-01 	
 9.793e-01  9.819e-01  9.842e-01  9.775e-01  9.699e-01  9.618e-01  9.538e-01  9.458e-01  9.382e-01  9.303e-01  9.232e-01  9.162e-01  9.096e-01  9.035e-01  8.974e-01  8.917e-01  8.865e-01  8.813e-01  8.761e-01  8.718e-01  8.671e-01  8.632e-01  8.594e-01  8.555e-01  8.521e-01  8.487e-01  8.454e-01  8.420e-01  8.390e-01  8.361e-01  8.337e-01  8.307e-01  8.287e-01  8.262e-01  8.242e-01  8.217e-01  8.197e-01  8.177e-01  8.161e-01  8.141e-01  8.126e-01  8.106e-01  8.091e-01  8.076e-01  8.060e-01  8.045e-01  8.030e-01  8.019e-01  8.005e-01  7.994e-01 	
 9.903e-01  9.847e-01  9.842e-01  9.779e-01  9.703e-01  9.627e-01  9.541e-01  9.461e-01  9.381e-01  9.310e-01  9.239e-01  9.169e-01  9.103e-01  9.037e-01  8.975e-01  8.923e-01  8.866e-01  8.819e-01  8.771e-01  8.723e-01  8.680e-01  8.637e-01  8.599e-01  8.560e-01  8.526e-01  8.492e-01  8.458e-01  8.429e-01  8.403e-01  8.374e-01  8.344e-01  8.320e-01  8.295e-01  8.270e-01  8.246e-01  8.230e-01  8.210e-01  8.190e-01  8.170e-01  8.150e-01  8.129e-01  8.114e-01  8.099e-01  8.084e-01  8.068e-01  8.053e-01  8.038e-01  8.027e-01  8.013e-01  8.007e-01 	
 9.947e-01  9.857e-01  9.846e-01  9.779e-01  9.707e-01  9.621e-01  9.545e-01  9.464e-01  9.384e-01  9.313e-01  9.242e-01  9.171e-01  9.105e-01  9.043e-01  8.986e-01  8.929e-01  8.877e-01  8.824e-01  8.772e-01  8.729e-01  8.685e-01  8.642e-01  8.603e-01  8.565e-01  8.531e-01  8.496e-01  8.467e-01  8.437e-01  8.407e-01  8.378e-01  8.353e-01  8.329e-01  8.304e-01  8.279e-01  8.258e-01  8.238e-01  8.218e-01  8.198e-01  8.178e-01  8.158e-01  8.138e-01  8.122e-01  8.107e-01  8.092e-01  8.076e-01  8.061e-01  8.050e-01  8.036e-01  8.025e-01  8.011e-01 	
 9.971e-01  9.861e-01  9.846e-01  9.778e-01  9.706e-01  9.625e-01  9.544e-01  9.463e-01  9.387e-01  9.311e-01  9.240e-01  9.173e-01  9.107e-01  9.045e-01  8.988e-01  8.931e-01  8.878e-01  8.826e-01  8.782e-01  8.734e-01  8.691e-01  8.652e-01  8.613e-01  8.574e-01  8.540e-01  8.506e-01  8.471e-01  8.442e-01  8.412e-01  8.387e-01  8.362e-01  8.337e-01  8.313e-01  8.288e-01  8.263e-01  8.243e-01  8.223e-01  8.202e-01  8.182e-01  8.162e-01  8.147e-01  8.131e-01  8.111e-01  8.096e-01  8.080e-01  8.070e-01  8.054e-01  8.040e-01  8.029e-01  8.023e-01 	
 9.981e-01  9.861e-01  9.845e-01  9.782e-01  9.705e-01  9.624e-01  9.547e-01  9.466e-01  9.386e-01  9.314e-01  9.247e-01  9.176e-01  9.110e-01  9.052e-01  8.995e-01  8.937e-01  8.885e-01  8.832e-01  8.788e-01  8.745e-01  8.697e-01  8.658e-01  8.619e-01  8.580e-01  8.545e-01  8.511e-01  8.486e-01  8.451e-01  8.422e-01  8.397e-01  8.367e-01  8.342e-01  8.317e-01  8.292e-01  8.272e-01  8.252e-01  8.227e-01  8.207e-01  8.191e-01  8.171e-01  8.156e-01  8.136e-01  8.120e-01  8.105e-01  8.089e-01  8.079e-01  8.059e-01  8.049e-01  8.038e-01  8.028e-01 	
 9.981e-01  9.860e-01  9.840e-01  9.777e-01  9.705e-01  9.628e-01  9.542e-01  9.470e-01  9.389e-01  9.317e-01  9.246e-01  9.179e-01  9.117e-01  9.055e-01  8.997e-01  8.940e-01  8.891e-01  8.838e-01  8.794e-01  8.746e-01  8.703e-01  8.663e-01  8.624e-01  8.585e-01  8.551e-01  8.516e-01  8.487e-01  8.461e-01  8.431e-01  8.402e-01  8.377e-01  8.352e-01  8.327e-01  8.302e-01  8.282e-01  8.257e-01  8.236e-01  8.216e-01  8.201e-01  8.180e-01  8.160e-01  8.145e-01  8.125e-01  8.110e-01  8.094e-01  8.084e-01  8.068e-01  8.054e-01  8.048e-01  8.037e-01 	
 9.985e-01  9.855e-01  9.840e-01  9.777e-01  9.704e-01  9.627e-01  9.546e-01  9.469e-01  9.392e-01  9.316e-01  9.249e-01  9.182e-01  9.115e-01  9.057e-01  9.000e-01  8.942e-01  8.893e-01  8.840e-01  8.796e-01  8.752e-01  8.708e-01  8.669e-01  8.630e-01  8.596e-01  8.561e-01  8.527e-01  8.492e-01  8.462e-01  8.433e-01  8.408e-01  8.378e-01  8.353e-01  8.333e-01  8.307e-01  8.282e-01  8.262e-01  8.242e-01  8.222e-01  8.206e-01  8.186e-01  8.170e-01  8.150e-01  8.130e-01  8.115e-01  8.104e-01  8.089e-01  8.074e-01  8.063e-01  8.053e-01  8.047e-01 	
 9.900e-01  9.855e-01  9.834e-01  9.771e-01  9.699e-01  9.622e-01  9.545e-01  9.468e-01  9.391e-01  9.315e-01  9.247e-01  9.180e-01  9.118e-01  9.060e-01  9.002e-01  8.949e-01  8.895e-01  8.847e-01  8.798e-01  8.754e-01  8.715e-01  8.676e-01  8.636e-01  8.597e-01  8.562e-01  8.533e-01  8.498e-01  8.468e-01  8.438e-01  8.413e-01  8.383e-01  8.358e-01  8.338e-01  8.313e-01  8.293e-01  8.268e-01  8.247e-01  8.227e-01  8.212e-01  8.191e-01  8.172e-01  8.156e-01  8.141e-01  8.125e-01  8.105e-01  8.090e-01  8.079e-01  8.068e-01  8.059e-01  8.053e-01 	
 9.900e-01  9.874e-01  9.844e-01  9.776e-01  9.703e-01  9.626e-01  9.544e-01  9.467e-01  9.395e-01  9.318e-01  9.251e-01  9.184e-01  9.121e-01  9.063e-01  9.005e-01  8.951e-01  8.898e-01  8.849e-01  8.805e-01  8.761e-01  8.717e-01  8.677e-01  8.643e-01  8.603e-01  8.569e-01  8.534e-01  8.504e-01  8.474e-01  8.444e-01  8.419e-01  8.389e-01  8.364e-01  8.344e-01  8.319e-01  8.294e-01  8.269e-01  8.249e-01  8.233e-01  8.213e-01  8.192e-01  8.173e-01  8.157e-01  8.142e-01  8.122e-01  8.107e-01  8.096e-01  8.085e-01  8.074e-01  8.069e-01  8.063e-01 	
 9.900e-01  9.946e-01  9.887e-01  9.809e-01  9.727e-01  9.644e-01  9.567e-01  9.485e-01  9.408e-01  9.340e-01  9.263e-01  9.200e-01  9.138e-01  9.075e-01  9.021e-01  8.968e-01  8.919e-01  8.865e-01  8.821e-01  8.777e-01  8.737e-01  8.693e-01  8.658e-01  8.619e-01  8.584e-01  8.554e-01  8.524e-01  8.489e-01  8.464e-01  8.434e-01  8.409e-01  8.380e-01  8.354e-01  8.334e-01  8.309e-01  8.289e-01  8.268e-01  8.249e-01  8.228e-01  8.213e-01  8.192e-01  8.172e-01  8.157e-01  8.146e-01  8.131e-01  8.120e-01  8.109e-01  8.103e-01  8.106e-01  8.109e-01 	
