 8.690e-04  4.940e-04  1.919e-04 -4.931e-05 -2.399e-04 -3.883e-04 -5.017e-04 -5.863e-04 -6.469e-04 -6.879e-04 -7.130e-04 -7.251e-04 -7.267e-04 -7.200e-04 -7.068e-04 -6.916e-04 -7.609e-04 -8.257e-04 -8.823e-04 -9.338e-04 -9.750e-04 -1.011e-03 -1.040e-03 -1.068e-03 -1.088e-03 -1.113e-03 -1.117e-03 -1.123e-03 -1.113e-03 -1.115e-03 -1.102e-03 -1.105e-03 -1.102e-03 -1.105e-03 -1.106e-03 -1.106e-03 -1.115e-03 -1.128e-03 -1.142e-03 -1.145e-03 -1.162e-03 -1.174e-03 -1.180e-03 -1.178e-03 -1.173e-03 -1.167e-03 -1.165e-03 -1.164e-03 -1.162e-03 -1.159e-03 	
 1.248e-03  6.920e-04  2.457e-04 -1.093e-04 -3.885e-04 -6.049e-04 -7.694e-04 -8.911e-04 -9.776e-04 -1.035e-03 -1.069e-03 -1.085e-03 -1.085e-03 -1.073e-03 -1.052e-03 -1.027e-03 -1.125e-03 -1.216e-03 -1.296e-03 -1.369e-03 -1.428e-03 -1.478e-03 -1.519e-03 -1.559e-03 -1.588e-03 -1.623e-03 -1.628e-03 -1.636e-03 -1.621e-03 -1.624e-03 -1.605e-03 -1.609e-03 -1.604e-03 -1.609e-03 -1.609e-03 -1.610e-03 -1.622e-03 -1.640e-03 -1.661e-03 -1.666e-03 -1.690e-03 -1.708e-03 -1.717e-03 -1.713e-03 -1.706e-03 -1.697e-03 -1.695e-03 -1.694e-03 -1.691e-03 -1.686e-03 	
 1.812e-03  9.738e-04  3.053e-04 -2.233e-04 -6.367e-04 -9.549e-04 -1.195e-03 -1.371e-03 -1.494e-03 -1.575e-03 -1.620e-03 -1.639e-03 -1.634e-03 -1.613e-03 -1.577e-03 -1.538e-03 -1.673e-03 -1.800e-03 -1.912e-03 -2.013e-03 -2.095e-03 -2.165e-03 -2.222e-03 -2.279e-03 -2.319e-03 -2.369e-03 -2.375e-03 -2.385e-03 -2.362e-03 -2.366e-03 -2.338e-03 -2.343e-03 -2.335e-03 -2.341e-03 -2.341e-03 -2.342e-03 -2.359e-03 -2.386e-03 -2.416e-03 -2.423e-03 -2.456e-03 -2.483e-03 -2.496e-03 -2.490e-03 -2.480e-03 -2.467e-03 -2.464e-03 -2.462e-03 -2.457e-03 -2.451e-03 	
 2.702e-03  1.408e-03  3.838e-04 -4.207e-04 -1.045e-03 -1.521e-03 -1.877e-03 -2.134e-03 -2.311e-03 -2.424e-03 -2.485e-03 -2.504e-03 -2.490e-03 -2.451e-03 -2.391e-03 -2.326e-03 -2.508e-03 -2.680e-03 -2.832e-03 -2.972e-03 -3.082e-03 -3.179e-03 -3.257e-03 -3.335e-03 -3.389e-03 -3.459e-03 -3.465e-03 -3.478e-03 -3.443e-03 -3.447e-03 -3.405e-03 -3.411e-03 -3.397e-03 -3.406e-03 -3.405e-03 -3.405e-03 -3.429e-03 -3.467e-03 -3.510e-03 -3.520e-03 -3.568e-03 -3.606e-03 -3.625e-03 -3.616e-03 -3.602e-03 -3.583e-03 -3.578e-03 -3.575e-03 -3.568e-03 -3.560e-03 	
 4.257e-03  2.187e-03  5.599e-04 -7.077e-04 -1.683e-03 -2.420e-03 -2.964e-03 -3.352e-03 -3.615e-03 -3.776e-03 -3.857e-03 -3.875e-03 -3.842e-03 -3.771e-03 -3.671e-03 -3.561e-03 -3.796e-03 -4.023e-03 -4.223e-03 -4.408e-03 -4.554e-03 -4.682e-03 -4.785e-03 -4.888e-03 -4.960e-03 -5.057e-03 -5.060e-03 -5.074e-03 -5.020e-03 -5.022e-03 -4.958e-03 -4.964e-03 -4.942e-03 -4.952e-03 -4.948e-03 -4.947e-03 -4.981e-03 -5.034e-03 -5.095e-03 -5.109e-03 -5.178e-03 -5.232e-03 -5.258e-03 -5.246e-03 -5.225e-03 -5.198e-03 -5.189e-03 -5.185e-03 -5.176e-03 -5.163e-03 	
 7.308e-03  3.846e-03  1.138e-03 -9.599e-04 -2.563e-03 -3.766e-03 -4.648e-03 -5.269e-03 -5.684e-03 -5.933e-03 -6.052e-03 -6.069e-03 -6.006e-03 -5.882e-03 -5.713e-03 -5.528e-03 -5.813e-03 -6.095e-03 -6.345e-03 -6.577e-03 -6.760e-03 -6.922e-03 -7.049e-03 -7.182e-03 -7.270e-03 -7.400e-03 -7.394e-03 -7.406e-03 -7.321e-03 -7.316e-03 -7.218e-03 -7.220e-03 -7.183e-03 -7.193e-03 -7.183e-03 -7.178e-03 -7.224e-03 -7.297e-03 -7.383e-03 -7.404e-03 -7.500e-03 -7.576e-03 -7.614e-03 -7.596e-03 -7.566e-03 -7.526e-03 -7.513e-03 -7.507e-03 -7.492e-03 -7.474e-03 	
 1.380e-02  7.774e-03  3.054e-03 -6.070e-04 -3.408e-03 -5.512e-03 -7.053e-03 -8.143e-03 -8.872e-03 -9.314e-03 -9.530e-03 -9.571e-03 -9.476e-03 -9.279e-03 -9.005e-03 -8.699e-03 -9.008e-03 -9.326e-03 -9.611e-03 -9.881e-03 -1.009e-02 -1.028e-02 -1.042e-02 -1.058e-02 -1.068e-02 -1.084e-02 -1.081e-02 -1.081e-02 -1.068e-02 -1.066e-02 -1.050e-02 -1.049e-02 -1.043e-02 -1.043e-02 -1.041e-02 -1.040e-02 -1.046e-02 -1.056e-02 -1.068e-02 -1.070e-02 -1.084e-02 -1.094e-02 -1.100e-02 -1.097e-02 -1.093e-02 -1.087e-02 -1.085e-02 -1.084e-02 -1.082e-02 -1.079e-02 	
 2.779e-02  1.713e-02  8.696e-03  2.077e-03 -3.052e-03 -6.960e-03 -9.869e-03 -1.197e-02 -1.341e-02 -1.433e-02 -1.484e-02 -1.502e-02 -1.495e-02 -1.469e-02 -1.429e-02 -1.382e-02 -1.409e-02 -1.439e-02 -1.466e-02 -1.493e-02 -1.513e-02 -1.531e-02 -1.545e-02 -1.561e-02 -1.569e-02 -1.589e-02 -1.581e-02 -1.578e-02 -1.556e-02 -1.550e-02 -1.526e-02 -1.522e-02 -1.511e-02 -1.510e-02 -1.505e-02 -1.502e-02 -1.509e-02 -1.522e-02 -1.538e-02 -1.542e-02 -1.560e-02 -1.575e-02 -1.582e-02 -1.578e-02 -1.572e-02 -1.563e-02 -1.560e-02 -1.559e-02 -1.556e-02 -1.552e-02 	
 5.648e-02  3.785e-02  2.295e-02  1.105e-02  1.616e-03 -5.772e-03 -1.145e-02 -1.570e-02 -1.878e-02 -2.089e-02 -2.222e-02 -2.293e-02 -2.315e-02 -2.299e-02 -2.254e-02 -2.190e-02 -2.204e-02 -2.225e-02 -2.243e-02 -2.262e-02 -2.273e-02 -2.285e-02 -2.291e-02 -2.304e-02 -2.306e-02 -2.327e-02 -2.309e-02 -2.299e-02 -2.263e-02 -2.250e-02 -2.212e-02 -2.202e-02 -2.183e-02 -2.177e-02 -2.168e-02 -2.160e-02 -2.168e-02 -2.185e-02 -2.206e-02 -2.211e-02 -2.234e-02 -2.254e-02 -2.264e-02 -2.259e-02 -2.249e-02 -2.236e-02 -2.232e-02 -2.229e-02 -2.225e-02 -2.219e-02 	
 1.122e-01  7.956e-02  5.382e-02  3.321e-02  1.657e-02  3.156e-03 -7.551e-03 -1.596e-02 -2.240e-02 -2.718e-02 -3.057e-02 -3.279e-02 -3.406e-02 -3.457e-02 -3.448e-02 -3.394e-02 -3.394e-02 -3.399e-02 -3.401e-02 -3.403e-02 -3.397e-02 -3.394e-02 -3.384e-02 -3.385e-02 -3.374e-02 -3.393e-02 -3.356e-02 -3.334e-02 -3.275e-02 -3.250e-02 -3.189e-02 -3.168e-02 -3.135e-02 -3.121e-02 -3.102e-02 -3.088e-02 -3.094e-02 -3.113e-02 -3.140e-02 -3.146e-02 -3.175e-02 -3.201e-02 -3.214e-02 -3.206e-02 -3.192e-02 -3.174e-02 -3.167e-02 -3.163e-02 -3.156e-02 -3.148e-02 	
 2.204e-01  1.607e-01  1.145e-01  7.875e-02  5.045e-02  2.759e-02  8.946e-03 -6.261e-03 -1.854e-02 -2.828e-02 -3.581e-02 -4.141e-02 -4.536e-02 -4.791e-02 -4.929e-02 -4.974e-02 -5.001e-02 -5.015e-02 -5.013e-02 -5.003e-02 -4.979e-02 -4.956e-02 -4.926e-02 -4.908e-02 -4.876e-02 -4.889e-02 -4.824e-02 -4.783e-02 -4.694e-02 -4.647e-02 -4.555e-02 -4.515e-02 -4.459e-02 -4.430e-02 -4.396e-02 -4.368e-02 -4.370e-02 -4.390e-02 -4.421e-02 -4.429e-02 -4.462e-02 -4.495e-02 -4.511e-02 -4.500e-02 -4.479e-02 -4.454e-02 -4.443e-02 -4.437e-02 -4.426e-02 -4.415e-02 	
 3.902e-01  3.106e-01  2.329e-01  1.681e-01  1.175e-01  7.814e-02  4.694e-02  2.161e-02  7.377e-04 -1.651e-02 -3.065e-02 -4.206e-02 -5.102e-02 -5.783e-02 -6.272e-02 -6.595e-02 -6.783e-02 -6.907e-02 -6.976e-02 -7.006e-02 -7.001e-02 -6.985e-02 -6.949e-02 -6.921e-02 -6.871e-02 -6.882e-02 -6.789e-02 -6.726e-02 -6.603e-02 -6.529e-02 -6.397e-02 -6.329e-02 -6.243e-02 -6.190e-02 -6.134e-02 -6.087e-02 -6.078e-02 -6.095e-02 -6.129e-02 -6.138e-02 -6.172e-02 -6.212e-02 -6.232e-02 -6.216e-02 -6.188e-02 -6.153e-02 -6.137e-02 -6.127e-02 -6.112e-02 -6.097e-02 	
 4.919e-01  4.602e-01  4.047e-01  3.283e-01  2.478e-01  1.776e-01  1.219e-01  7.847e-02  4.404e-02  1.602e-02 -7.233e-03 -2.667e-02 -4.287e-02 -5.619e-02 -6.692e-02 -7.529e-02 -8.109e-02 -8.544e-02 -8.852e-02 -9.061e-02 -9.187e-02 -9.264e-02 -9.292e-02 -9.305e-02 -9.277e-02 -9.315e-02 -9.217e-02 -9.150e-02 -9.006e-02 -8.912e-02 -8.745e-02 -8.648e-02 -8.528e-02 -8.447e-02 -8.364e-02 -8.293e-02 -8.268e-02 -8.279e-02 -8.313e-02 -8.324e-02 -8.355e-02 -8.400e-02 -8.424e-02 -8.404e-02 -8.367e-02 -8.321e-02 -8.299e-02 -8.285e-02 -8.264e-02 -8.245e-02 	
 5.331e-01  5.059e-01  4.868e-01  4.621e-01  4.165e-01  3.464e-01  2.652e-01  1.900e-01  1.287e-01  8.054e-02  4.247e-02  1.154e-02 -1.418e-02 -3.587e-02 -5.419e-02 -6.953e-02 -8.159e-02 -9.137e-02 -9.909e-02 -1.050e-01 -1.095e-01 -1.128e-01 -1.151e-01 -1.168e-01 -1.177e-01 -1.191e-01 -1.187e-01 -1.186e-01 -1.174e-01 -1.166e-01 -1.149e-01 -1.139e-01 -1.125e-01 -1.115e-01 -1.104e-01 -1.095e-01 -1.091e-01 -1.092e-01 -1.095e-01 -1.097e-01 -1.099e-01 -1.104e-01 -1.107e-01 -1.105e-01 -1.101e-01 -1.095e-01 -1.092e-01 -1.090e-01 -1.088e-01 -1.086e-01 	
 5.943e-01  5.685e-01  5.323e-01  5.009e-01  4.804e-01  4.604e-01  4.246e-01  3.634e-01  2.845e-01  2.055e-01  1.384e-01  8.503e-02  4.286e-02  8.774e-03 -1.952e-02 -4.345e-02 -6.347e-02 -8.043e-02 -9.461e-02 -1.063e-01 -1.158e-01 -1.236e-01 -1.296e-01 -1.345e-01 -1.380e-01 -1.416e-01 -1.431e-01 -1.444e-01 -1.444e-01 -1.445e-01 -1.435e-01 -1.428e-01 -1.417e-01 -1.409e-01 -1.399e-01 -1.391e-01 -1.387e-01 -1.388e-01 -1.392e-01 -1.395e-01 -1.397e-01 -1.402e-01 -1.406e-01 -1.405e-01 -1.400e-01 -1.394e-01 -1.391e-01 -1.389e-01 -1.386e-01 -1.384e-01 	
 6.221e-01  6.020e-01  5.876e-01  5.670e-01  5.329e-01  4.978e-01  4.739e-01  4.561e-01  4.288e-01  3.781e-01  3.047e-01  2.240e-01  1.515e-01  9.247e-02  4.571e-02  8.123e-03 -2.296e-02 -4.910e-02 -7.127e-02 -9.016e-02 -1.062e-01 -1.198e-01 -1.311e-01 -1.406e-01 -1.483e-01 -1.554e-01 -1.600e-01 -1.640e-01 -1.664e-01 -1.683e-01 -1.689e-01 -1.696e-01 -1.695e-01 -1.694e-01 -1.691e-01 -1.687e-01 -1.687e-01 -1.690e-01 -1.697e-01 -1.703e-01 -1.706e-01 -1.714e-01 -1.719e-01 -1.719e-01 -1.716e-01 -1.710e-01 -1.708e-01 -1.707e-01 -1.704e-01 -1.702e-01 	
 6.473e-01  6.352e-01  6.175e-01  5.953e-01  5.797e-01  5.635e-01  5.341e-01  4.972e-01  4.688e-01  4.505e-01  4.294e-01  3.895e-01  3.244e-01  2.450e-01  1.681e-01  1.032e-01  5.079e-02  8.834e-03 -2.531e-02 -5.378e-02 -7.786e-02 -9.857e-02 -1.163e-01 -1.317e-01 -1.446e-01 -1.564e-01 -1.653e-01 -1.731e-01 -1.789e-01 -1.839e-01 -1.872e-01 -1.900e-01 -1.918e-01 -1.933e-01 -1.943e-01 -1.951e-01 -1.959e-01 -1.970e-01 -1.982e-01 -1.994e-01 -2.001e-01 -2.012e-01 -2.021e-01 -2.024e-01 -2.024e-01 -2.020e-01 -2.020e-01 -2.020e-01 -2.019e-01 -2.018e-01 	
 6.664e-01  6.553e-01  6.396e-01  6.268e-01  6.123e-01  5.900e-01  5.717e-01  5.579e-01  5.345e-01  4.987e-01  4.659e-01  4.448e-01  4.272e-01  3.969e-01  3.423e-01  2.672e-01  1.871e-01  1.156e-01  5.735e-02  1.098e-02 -2.633e-02 -5.721e-02 -8.327e-02 -1.058e-01 -1.251e-01 -1.425e-01 -1.567e-01 -1.692e-01 -1.794e-01 -1.883e-01 -1.951e-01 -2.011e-01 -2.057e-01 -2.096e-01 -2.127e-01 -2.153e-01 -2.176e-01 -2.199e-01 -2.222e-01 -2.243e-01 -2.257e-01 -2.274e-01 -2.289e-01 -2.297e-01 -2.301e-01 -2.302e-01 -2.305e-01 -2.308e-01 -2.310e-01 -2.311e-01 	
 6.795e-01  6.699e-01  6.576e-01  6.471e-01  6.325e-01  6.179e-01  6.059e-01  5.859e-01  5.648e-01  5.509e-01  5.332e-01  5.015e-01  4.658e-01  4.403e-01  4.233e-01  4.005e-01  3.566e-01  2.882e-01  2.073e-01  1.305e-01  6.639e-02  1.516e-02 -2.573e-02 -5.930e-02 -8.737e-02 -1.119e-01 -1.325e-01 -1.507e-01 -1.661e-01 -1.797e-01 -1.910e-01 -2.010e-01 -2.092e-01 -2.163e-01 -2.222e-01 -2.273e-01 -2.317e-01 -2.358e-01 -2.396e-01 -2.431e-01 -2.456e-01 -2.483e-01 -2.506e-01 -2.523e-01 -2.534e-01 -2.541e-01 -2.549e-01 -2.557e-01 -2.562e-01 -2.567e-01 	
 6.890e-01  6.805e-01  6.705e-01  6.610e-01  6.492e-01  6.380e-01  6.257e-01  6.097e-01  5.981e-01  5.820e-01  5.597e-01  5.435e-01  5.297e-01  5.040e-01  4.682e-01  4.380e-01  4.182e-01  3.995e-01  3.659e-01  3.069e-01  2.289e-01  1.484e-01  7.840e-02  2.175e-02 -2.318e-02 -5.999e-02 -8.996e-02 -1.157e-01 -1.376e-01 -1.569e-01 -1.734e-01 -1.882e-01 -2.008e-01 -2.118e-01 -2.214e-01 -2.296e-01 -2.369e-01 -2.435e-01 -2.494e-01 -2.546e-01 -2.588e-01 -2.629e-01 -2.664e-01 -2.691e-01 -2.712e-01 -2.728e-01 -2.743e-01 -2.757e-01 -2.768e-01 -2.777e-01 	
 6.955e-01  6.878e-01  6.798e-01  6.707e-01  6.616e-01  6.514e-01  6.411e-01  6.287e-01  6.184e-01  6.029e-01  5.897e-01  5.773e-01  5.564e-01  5.371e-01  5.244e-01  5.051e-01  4.716e-01  4.365e-01  4.123e-01  3.953e-01  3.703e-01  3.225e-01  2.506e-01  1.690e-01  9.368e-02  3.111e-02 -1.808e-02 -5.771e-02 -8.991e-02 -1.174e-01 -1.407e-01 -1.613e-01 -1.792e-01 -1.950e-01 -2.089e-01 -2.211e-01 -2.319e-01 -2.416e-01 -2.502e-01 -2.579e-01 -2.643e-01 -2.702e-01 -2.753e-01 -2.795e-01 -2.829e-01 -2.857e-01 -2.883e-01 -2.905e-01 -2.924e-01 -2.940e-01 	
 6.998e-01  6.930e-01  6.857e-01  6.781e-01  6.700e-01  6.611e-01  6.525e-01  6.420e-01  6.327e-01  6.203e-01  6.101e-01  5.970e-01  5.820e-01  5.711e-01  5.539e-01  5.325e-01  5.175e-01  5.024e-01  4.741e-01  4.371e-01  4.078e-01  3.895e-01  3.705e-01  3.338e-01  2.713e-01  1.915e-01  1.126e-01  4.487e-02 -9.190e-03 -5.266e-02 -8.761e-02 -1.172e-01 -1.423e-01 -1.643e-01 -1.835e-01 -2.004e-01 -2.156e-01 -2.292e-01 -2.413e-01 -2.520e-01 -2.612e-01 -2.695e-01 -2.768e-01 -2.830e-01 -2.881e-01 -2.925e-01 -2.964e-01 -2.998e-01 -3.027e-01 -3.053e-01 	
 7.025e-01  6.963e-01  6.898e-01  6.830e-01  6.758e-01  6.682e-01  6.600e-01  6.518e-01  6.428e-01  6.332e-01  6.237e-01  6.129e-01  6.015e-01  5.910e-01  5.757e-01  5.640e-01  5.503e-01  5.282e-01  5.096e-01  4.967e-01  4.750e-01  4.397e-01  4.057e-01  3.837e-01  3.676e-01  3.404e-01  2.895e-01  2.160e-01  1.358e-01  6.277e-02  3.131e-03 -4.487e-02 -8.337e-02 -1.153e-01 -1.423e-01 -1.657e-01 -1.864e-01 -2.047e-01 -2.211e-01 -2.356e-01 -2.484e-01 -2.599e-01 -2.700e-01 -2.786e-01 -2.861e-01 -2.926e-01 -2.983e-01 -3.033e-01 -3.076e-01 -3.114e-01 	
 7.040e-01  6.983e-01  6.924e-01  6.861e-01  6.796e-01  6.728e-01  6.657e-01  6.581e-01  6.503e-01  6.424e-01  6.333e-01  6.249e-01  6.147e-01  6.057e-01  5.937e-01  5.842e-01  5.700e-01  5.552e-01  5.439e-01  5.247e-01  5.030e-01  4.892e-01  4.734e-01  4.430e-01  4.065e-01  3.794e-01  3.632e-01  3.436e-01  3.048e-01  2.404e-01  1.617e-01  8.437e-02  1.865e-02 -3.445e-02 -7.687e-02 -1.115e-01 -1.408e-01 -1.660e-01 -1.880e-01 -2.074e-01 -2.246e-01 -2.400e-01 -2.536e-01 -2.655e-01 -2.759e-01 -2.851e-01 -2.931e-01 -3.003e-01 -3.064e-01 -3.118e-01 	
 7.045e-01  6.992e-01  6.937e-01  6.880e-01  6.820e-01  6.758e-01  6.693e-01  6.625e-01  6.555e-01  6.482e-01  6.408e-01  6.328e-01  6.246e-01  6.163e-01  6.067e-01  5.979e-01  5.863e-01  5.750e-01  5.634e-01  5.471e-01  5.356e-01  5.209e-01  4.984e-01  4.814e-01  4.691e-01  4.455e-01  4.101e-01  3.785e-01  3.596e-01  3.439e-01  3.158e-01  2.626e-01  1.885e-01  1.090e-01  3.776e-02 -2.074e-02 -6.775e-02 -1.059e-01 -1.375e-01 -1.641e-01 -1.876e-01 -2.081e-01 -2.262e-01 -2.422e-01 -2.563e-01 -2.688e-01 -2.799e-01 -2.898e-01 -2.984e-01 -3.060e-01 	
 7.045e-01  6.994e-01  6.942e-01  6.888e-01  6.833e-01  6.775e-01  6.715e-01  6.653e-01  6.590e-01  6.524e-01  6.456e-01  6.387e-01  6.313e-01  6.237e-01  6.162e-01  6.076e-01  5.986e-01  5.882e-01  5.782e-01  5.655e-01  5.556e-01  5.405e-01  5.268e-01  5.155e-01  4.955e-01  4.749e-01  4.631e-01  4.467e-01  4.161e-01  3.813e-01  3.575e-01  3.424e-01  3.220e-01  2.807e-01  2.150e-01  1.364e-01  6.059e-02 -3.807e-03 -5.574e-02 -9.714e-02 -1.316e-01 -1.604e-01 -1.850e-01 -2.065e-01 -2.254e-01 -2.422e-01 -2.572e-01 -2.705e-01 -2.823e-01 -2.927e-01 	
 7.039e-01  6.991e-01  6.941e-01  6.890e-01  6.837e-01  6.783e-01  6.727e-01  6.670e-01  6.611e-01  6.551e-01  6.489e-01  6.425e-01  6.360e-01  6.292e-01  6.222e-01  6.152e-01  6.068e-01  5.978e-01  5.891e-01  5.785e-01  5.693e-01  5.571e-01  5.467e-01  5.345e-01  5.189e-01  5.084e-01  4.933e-01  4.717e-01  4.575e-01  4.456e-01  4.219e-01  3.870e-01  3.578e-01  3.401e-01  3.245e-01  2.944e-01  2.394e-01  1.650e-01  8.685e-02  1.770e-02 -3.980e-02 -8.575e-02 -1.230e-01 -1.538e-01 -1.801e-01 -2.029e-01 -2.230e-01 -2.408e-01 -2.566e-01 -2.707e-01 	
 7.031e-01  6.983e-01  6.935e-01  6.886e-01  6.835e-01  6.784e-01  6.731e-01  6.677e-01  6.622e-01  6.566e-01  6.508e-01  6.449e-01  6.389e-01  6.328e-01  6.265e-01  6.201e-01  6.128e-01  6.049e-01  5.964e-01  5.881e-01  5.789e-01  5.696e-01  5.597e-01  5.496e-01  5.376e-01  5.280e-01  5.132e-01  5.014e-01  4.909e-01  4.711e-01  4.533e-01  4.425e-01  4.255e-01  3.942e-01  3.612e-01  3.392e-01  3.247e-01  3.031e-01  2.602e-01  1.943e-01  1.165e-01  4.272e-02 -1.979e-02 -7.034e-02 -1.112e-01 -1.449e-01 -1.733e-01 -1.977e-01 -2.190e-01 -2.379e-01 	
 7.020e-01  6.973e-01  6.926e-01  6.878e-01  6.829e-01  6.779e-01  6.729e-01  6.677e-01  6.625e-01  6.572e-01  6.518e-01  6.463e-01  6.408e-01  6.352e-01  6.294e-01  6.235e-01  6.167e-01  6.096e-01  6.020e-01  5.941e-01  5.863e-01  5.781e-01  5.690e-01  5.607e-01  5.504e-01  5.417e-01  5.301e-01  5.211e-01  5.096e-01  4.956e-01  4.869e-01  4.714e-01  4.512e-01  4.383e-01  4.264e-01  4.017e-01  3.677e-01  3.404e-01  3.241e-01  3.086e-01  2.770e-01  2.215e-01  1.483e-01  7.229e-02  4.458e-03 -5.158e-02 -9.691e-02 -1.339e-01 -1.646e-01 -1.908e-01 	
 7.008e-01  6.962e-01  6.915e-01  6.867e-01  6.820e-01  6.771e-01  6.722e-01  6.673e-01  6.623e-01  6.572e-01  6.521e-01  6.470e-01  6.417e-01  6.365e-01  6.311e-01  6.257e-01  6.193e-01  6.126e-01  6.057e-01  5.986e-01  5.913e-01  5.839e-01  5.763e-01  5.679e-01  5.601e-01  5.513e-01  5.426e-01  5.340e-01  5.248e-01  5.144e-01  5.061e-01  4.918e-01  4.817e-01  4.708e-01  4.514e-01  4.351e-01  4.250e-01  4.073e-01  3.763e-01  3.456e-01  3.251e-01  3.112e-01  2.893e-01  2.461e-01  1.805e-01  1.045e-01  3.216e-02 -2.952e-02 -7.976e-02 -1.204e-01 	
 6.996e-01  6.949e-01  6.902e-01  6.855e-01  6.808e-01  6.761e-01  6.713e-01  6.665e-01  6.617e-01  6.568e-01  6.519e-01  6.470e-01  6.420e-01  6.370e-01  6.320e-01  6.269e-01  6.209e-01  6.146e-01  6.082e-01  6.015e-01  5.948e-01  5.879e-01  5.810e-01  5.737e-01  5.662e-01  5.585e-01  5.514e-01  5.431e-01  5.363e-01  5.270e-01  5.199e-01  5.089e-01  5.012e-01  4.894e-01  4.769e-01  4.686e-01  4.529e-01  4.339e-01  4.225e-01  4.110e-01  3.859e-01  3.536e-01  3.287e-01  3.138e-01  2.979e-01  2.661e-01  2.106e-01  1.381e-01  6.306e-02 -3.947e-03 	
 6.983e-01  6.936e-01  6.889e-01  6.843e-01  6.796e-01  6.749e-01  6.702e-01  6.655e-01  6.607e-01  6.560e-01  6.513e-01  6.465e-01  6.418e-01  6.370e-01  6.322e-01  6.274e-01  6.216e-01  6.157e-01  6.096e-01  6.033e-01  5.970e-01  5.905e-01  5.841e-01  5.774e-01  5.707e-01  5.636e-01  5.571e-01  5.505e-01  5.436e-01  5.365e-01  5.297e-01  5.214e-01  5.141e-01  5.048e-01  4.958e-01  4.874e-01  4.739e-01  4.649e-01  4.541e-01  4.360e-01  4.212e-01  4.119e-01  3.945e-01  3.648e-01  3.357e-01  3.169e-01  3.033e-01  2.809e-01  2.370e-01  1.716e-01 	
 6.971e-01  6.924e-01  6.876e-01  6.829e-01  6.782e-01  6.736e-01  6.689e-01  6.643e-01  6.596e-01  6.550e-01  6.504e-01  6.458e-01  6.412e-01  6.366e-01  6.320e-01  6.274e-01  6.218e-01  6.161e-01  6.102e-01  6.042e-01  5.982e-01  5.922e-01  5.861e-01  5.798e-01  5.736e-01  5.671e-01  5.612e-01  5.551e-01  5.493e-01  5.428e-01  5.367e-01  5.304e-01  5.231e-01  5.164e-01  5.082e-01  5.013e-01  4.913e-01  4.842e-01  4.729e-01  4.622e-01  4.543e-01  4.393e-01  4.223e-01  4.125e-01  4.009e-01  3.766e-01  3.457e-01  3.220e-01  3.074e-01  2.912e-01 	
 6.959e-01  6.911e-01  6.864e-01  6.816e-01  6.769e-01  6.722e-01  6.676e-01  6.630e-01  6.584e-01  6.538e-01  6.493e-01  6.448e-01  6.403e-01  6.359e-01  6.314e-01  6.270e-01  6.216e-01  6.160e-01  6.103e-01  6.046e-01  5.988e-01  5.930e-01  5.872e-01  5.813e-01  5.755e-01  5.694e-01  5.639e-01  5.583e-01  5.531e-01  5.474e-01  5.419e-01  5.360e-01  5.304e-01  5.239e-01  5.175e-01  5.114e-01  5.036e-01  4.971e-01  4.885e-01  4.811e-01  4.729e-01  4.610e-01  4.535e-01  4.434e-01  4.263e-01  4.133e-01  4.045e-01  3.869e-01  3.578e-01  3.298e-01 	
 6.948e-01  6.899e-01  6.851e-01  6.803e-01  6.756e-01  6.709e-01  6.662e-01  6.616e-01  6.571e-01  6.526e-01  6.481e-01  6.437e-01  6.393e-01  6.349e-01  6.306e-01  6.263e-01  6.210e-01  6.155e-01  6.100e-01  6.044e-01  5.989e-01  5.933e-01  5.877e-01  5.821e-01  5.766e-01  5.708e-01  5.657e-01  5.604e-01  5.555e-01  5.503e-01  5.455e-01  5.402e-01  5.350e-01  5.296e-01  5.240e-01  5.182e-01  5.127e-01  5.061e-01  5.002e-01  4.935e-01  4.870e-01  4.784e-01  4.726e-01  4.625e-01  4.531e-01  4.460e-01  4.317e-01  4.158e-01  4.064e-01  3.947e-01 	
 6.937e-01  6.888e-01  6.839e-01  6.791e-01  6.743e-01  6.696e-01  6.649e-01  6.603e-01  6.558e-01  6.513e-01  6.468e-01  6.425e-01  6.381e-01  6.339e-01  6.296e-01  6.254e-01  6.202e-01  6.148e-01  6.094e-01  6.040e-01  5.986e-01  5.931e-01  5.878e-01  5.823e-01  5.770e-01  5.715e-01  5.666e-01  5.617e-01  5.571e-01  5.523e-01  5.479e-01  5.430e-01  5.383e-01  5.334e-01  5.285e-01  5.235e-01  5.183e-01  5.133e-01  5.079e-01  5.026e-01  4.973e-01  4.907e-01  4.856e-01  4.782e-01  4.719e-01  4.647e-01  4.538e-01  4.470e-01  4.369e-01  4.205e-01 	
 6.927e-01  6.878e-01  6.828e-01  6.780e-01  6.731e-01  6.684e-01  6.636e-01  6.590e-01  6.545e-01  6.500e-01  6.455e-01  6.412e-01  6.369e-01  6.327e-01  6.285e-01  6.244e-01  6.192e-01  6.139e-01  6.086e-01  6.033e-01  5.980e-01  5.927e-01  5.875e-01  5.822e-01  5.770e-01  5.717e-01  5.671e-01  5.623e-01  5.581e-01  5.535e-01  5.494e-01  5.448e-01  5.405e-01  5.359e-01  5.315e-01  5.271e-01  5.225e-01  5.180e-01  5.135e-01  5.093e-01  5.041e-01  4.998e-01  4.947e-01  4.900e-01  4.843e-01  4.789e-01  4.714e-01  4.660e-01  4.563e-01  4.476e-01 	
 6.918e-01  6.868e-01  6.818e-01  6.769e-01  6.720e-01  6.672e-01  6.624e-01  6.578e-01  6.532e-01  6.487e-01  6.443e-01  6.399e-01  6.357e-01  6.315e-01  6.274e-01  6.233e-01  6.182e-01  6.129e-01  6.077e-01  6.024e-01  5.972e-01  5.920e-01  5.869e-01  5.817e-01  5.767e-01  5.716e-01  5.671e-01  5.625e-01  5.585e-01  5.541e-01  5.502e-01  5.459e-01  5.419e-01  5.376e-01  5.336e-01  5.296e-01  5.255e-01  5.214e-01  5.174e-01  5.138e-01  5.095e-01  5.055e-01  5.018e-01  4.979e-01  4.934e-01  4.893e-01  4.836e-01  4.792e-01  4.722e-01  4.665e-01 	
 6.910e-01  6.859e-01  6.809e-01  6.759e-01  6.710e-01  6.661e-01  6.613e-01  6.566e-01  6.520e-01  6.474e-01  6.430e-01  6.387e-01  6.344e-01  6.303e-01  6.262e-01  6.221e-01  6.170e-01  6.118e-01  6.066e-01  6.014e-01  5.962e-01  5.911e-01  5.861e-01  5.811e-01  5.762e-01  5.712e-01  5.668e-01  5.624e-01  5.585e-01  5.543e-01  5.506e-01  5.465e-01  5.427e-01  5.387e-01  5.349e-01  5.312e-01  5.274e-01  5.236e-01  5.200e-01  5.169e-01  5.131e-01  5.098e-01  5.066e-01  5.035e-01  5.001e-01  4.963e-01  4.927e-01  4.883e-01  4.839e-01  4.789e-01 	
 6.902e-01  6.851e-01  6.800e-01  6.750e-01  6.700e-01  6.651e-01  6.602e-01  6.555e-01  6.508e-01  6.463e-01  6.418e-01  6.375e-01  6.332e-01  6.290e-01  6.250e-01  6.209e-01  6.159e-01  6.107e-01  6.055e-01  6.003e-01  5.952e-01  5.902e-01  5.852e-01  5.803e-01  5.755e-01  5.706e-01  5.663e-01  5.621e-01  5.583e-01  5.542e-01  5.506e-01  5.467e-01  5.430e-01  5.392e-01  5.356e-01  5.322e-01  5.286e-01  5.251e-01  5.218e-01  5.190e-01  5.157e-01  5.128e-01  5.101e-01  5.074e-01  5.047e-01  5.017e-01  4.985e-01  4.954e-01  4.920e-01  4.880e-01 	
 6.895e-01  6.843e-01  6.792e-01  6.741e-01  6.691e-01  6.641e-01  6.593e-01  6.545e-01  6.498e-01  6.452e-01  6.407e-01  6.363e-01  6.320e-01  6.279e-01  6.238e-01  6.198e-01  6.147e-01  6.095e-01  6.043e-01  5.991e-01  5.941e-01  5.891e-01  5.842e-01  5.793e-01  5.747e-01  5.699e-01  5.657e-01  5.615e-01  5.578e-01  5.539e-01  5.504e-01  5.466e-01  5.431e-01  5.394e-01  5.360e-01  5.327e-01  5.293e-01  5.260e-01  5.229e-01  5.204e-01  5.174e-01  5.148e-01  5.124e-01  5.101e-01  5.078e-01  5.054e-01  5.029e-01  5.003e-01  4.976e-01  4.948e-01 	
 6.888e-01  6.837e-01  6.785e-01  6.734e-01  6.683e-01  6.633e-01  6.584e-01  6.535e-01  6.488e-01  6.442e-01  6.396e-01  6.352e-01  6.309e-01  6.268e-01  6.227e-01  6.187e-01  6.135e-01  6.083e-01  6.032e-01  5.980e-01  5.930e-01  5.880e-01  5.832e-01  5.783e-01  5.737e-01  5.690e-01  5.649e-01  5.608e-01  5.572e-01  5.534e-01  5.500e-01  5.463e-01  5.429e-01  5.394e-01  5.361e-01  5.329e-01  5.296e-01  5.265e-01  5.236e-01  5.213e-01  5.185e-01  5.161e-01  5.140e-01  5.120e-01  5.100e-01  5.080e-01  5.059e-01  5.038e-01  5.016e-01  4.994e-01 	
 6.882e-01  6.830e-01  6.778e-01  6.727e-01  6.676e-01  6.625e-01  6.575e-01  6.527e-01  6.479e-01  6.432e-01  6.387e-01  6.342e-01  6.299e-01  6.257e-01  6.216e-01  6.176e-01  6.124e-01  6.072e-01  6.020e-01  5.968e-01  5.918e-01  5.869e-01  5.821e-01  5.773e-01  5.728e-01  5.681e-01  5.641e-01  5.601e-01  5.565e-01  5.528e-01  5.495e-01  5.459e-01  5.426e-01  5.391e-01  5.359e-01  5.328e-01  5.297e-01  5.267e-01  5.239e-01  5.218e-01  5.191e-01  5.169e-01  5.150e-01  5.133e-01  5.115e-01  5.098e-01  5.080e-01  5.062e-01  5.044e-01  5.026e-01 	
 6.877e-01  6.825e-01  6.773e-01  6.721e-01  6.669e-01  6.618e-01  6.568e-01  6.519e-01  6.471e-01  6.423e-01  6.378e-01  6.333e-01  6.289e-01  6.247e-01  6.206e-01  6.166e-01  6.114e-01  6.061e-01  6.009e-01  5.957e-01  5.907e-01  5.858e-01  5.810e-01  5.763e-01  5.717e-01  5.672e-01  5.632e-01  5.592e-01  5.558e-01  5.521e-01  5.489e-01  5.454e-01  5.421e-01  5.387e-01  5.356e-01  5.326e-01  5.296e-01  5.267e-01  5.240e-01  5.220e-01  5.194e-01  5.174e-01  5.156e-01  5.141e-01  5.125e-01  5.109e-01  5.094e-01  5.079e-01  5.064e-01  5.049e-01 	
 6.872e-01  6.820e-01  6.767e-01  6.715e-01  6.663e-01  6.612e-01  6.561e-01  6.512e-01  6.463e-01  6.416e-01  6.369e-01  6.324e-01  6.280e-01  6.238e-01  6.196e-01  6.156e-01  6.104e-01  6.051e-01  5.998e-01  5.946e-01  5.896e-01  5.847e-01  5.799e-01  5.752e-01  5.707e-01  5.662e-01  5.623e-01  5.584e-01  5.550e-01  5.514e-01  5.482e-01  5.447e-01  5.415e-01  5.383e-01  5.352e-01  5.323e-01  5.293e-01  5.265e-01  5.240e-01  5.220e-01  5.195e-01  5.176e-01  5.159e-01  5.145e-01  5.131e-01  5.117e-01  5.103e-01  5.090e-01  5.077e-01  5.064e-01 	
 6.868e-01  6.815e-01  6.762e-01  6.710e-01  6.658e-01  6.606e-01  6.555e-01  6.505e-01  6.456e-01  6.409e-01  6.362e-01  6.316e-01  6.272e-01  6.229e-01  6.188e-01  6.147e-01  6.094e-01  6.041e-01  5.988e-01  5.936e-01  5.886e-01  5.836e-01  5.789e-01  5.742e-01  5.697e-01  5.652e-01  5.613e-01  5.575e-01  5.542e-01  5.506e-01  5.475e-01  5.441e-01  5.409e-01  5.377e-01  5.347e-01  5.319e-01  5.290e-01  5.263e-01  5.238e-01  5.218e-01  5.195e-01  5.176e-01  5.160e-01  5.147e-01  5.134e-01  5.121e-01  5.109e-01  5.097e-01  5.085e-01  5.075e-01 	
 6.864e-01  6.811e-01  6.758e-01  6.705e-01  6.653e-01  6.601e-01  6.550e-01  6.500e-01  6.450e-01  6.402e-01  6.355e-01  6.309e-01  6.265e-01  6.222e-01  6.180e-01  6.139e-01  6.086e-01  6.032e-01  5.979e-01  5.926e-01  5.876e-01  5.826e-01  5.778e-01  5.731e-01  5.687e-01  5.642e-01  5.604e-01  5.566e-01  5.533e-01  5.498e-01  5.467e-01  5.434e-01  5.403e-01  5.371e-01  5.342e-01  5.314e-01  5.286e-01  5.259e-01  5.235e-01  5.216e-01  5.193e-01  5.175e-01  5.160e-01  5.147e-01  5.135e-01  5.123e-01  5.112e-01  5.101e-01  5.090e-01  5.081e-01 	
 6.861e-01  6.807e-01  6.754e-01  6.701e-01  6.648e-01  6.596e-01  6.545e-01  6.494e-01  6.445e-01  6.396e-01  6.349e-01  6.303e-01  6.258e-01  6.215e-01  6.172e-01  6.131e-01  6.078e-01  6.024e-01  5.970e-01  5.917e-01  5.866e-01  5.816e-01  5.769e-01  5.721e-01  5.677e-01  5.633e-01  5.595e-01  5.557e-01  5.525e-01  5.490e-01  5.460e-01  5.427e-01  5.396e-01  5.365e-01  5.337e-01  5.309e-01  5.281e-01  5.255e-01  5.231e-01  5.213e-01  5.191e-01  5.173e-01  5.159e-01  5.147e-01  5.135e-01  5.123e-01  5.113e-01  5.103e-01  5.093e-01  5.085e-01 	
 6.857e-01  6.804e-01  6.751e-01  6.697e-01  6.644e-01  6.592e-01  6.540e-01  6.490e-01  6.440e-01  6.391e-01  6.344e-01  6.297e-01  6.252e-01  6.208e-01  6.166e-01  6.124e-01  6.070e-01  6.016e-01  5.962e-01  5.908e-01  5.857e-01  5.807e-01  5.759e-01  5.712e-01  5.668e-01  5.624e-01  5.586e-01  5.549e-01  5.516e-01  5.482e-01  5.452e-01  5.420e-01  5.390e-01  5.359e-01  5.331e-01  5.304e-01  5.277e-01  5.251e-01  5.227e-01  5.210e-01  5.188e-01  5.170e-01  5.157e-01  5.145e-01  5.133e-01  5.123e-01  5.113e-01  5.103e-01  5.094e-01  5.087e-01 	
 6.855e-01  6.801e-01  6.747e-01  6.694e-01  6.641e-01  6.588e-01  6.537e-01  6.486e-01  6.436e-01  6.387e-01  6.339e-01  6.292e-01  6.247e-01  6.203e-01  6.160e-01  6.118e-01  6.064e-01  6.009e-01  5.954e-01  5.901e-01  5.849e-01  5.798e-01  5.750e-01  5.703e-01  5.659e-01  5.615e-01  5.577e-01  5.540e-01  5.508e-01  5.474e-01  5.445e-01  5.413e-01  5.383e-01  5.353e-01  5.325e-01  5.298e-01  5.272e-01  5.246e-01  5.223e-01  5.206e-01  5.184e-01  5.167e-01  5.154e-01  5.143e-01  5.132e-01  5.121e-01  5.112e-01  5.103e-01  5.094e-01  5.087e-01 	
