 1.413e-02  1.220e-02  1.054e-02  9.120e-03  7.892e-03  6.830e-03  5.917e-03  5.127e-03  4.447e-03  3.857e-03  3.347e-03  2.905e-03  2.523e-03  2.191e-03  1.903e-03  1.654e-03  1.435e-03  1.252e-03  1.097e-03  9.648e-04  8.507e-04  7.546e-04  6.715e-04  6.012e-04  5.395e-04  4.897e-04  4.402e-04  3.983e-04  3.581e-04  3.256e-04  2.941e-04  2.701e-04  2.480e-04  2.304e-04  2.145e-04  2.008e-04  1.906e-04  1.823e-04  1.744e-04  1.615e-04  1.578e-04  1.496e-04  1.386e-04  1.267e-04  1.164e-04  1.070e-04  9.826e-05  8.954e-05  8.128e-05  7.241e-05 	
 2.428e-02  2.100e-02  1.817e-02  1.573e-02  1.362e-02  1.180e-02  1.023e-02  8.869e-03  7.691e-03  6.670e-03  5.787e-03  5.023e-03  4.361e-03  3.786e-03  3.289e-03  2.857e-03  2.480e-03  2.164e-03  1.895e-03  1.667e-03  1.470e-03  1.303e-03  1.159e-03  1.037e-03  9.295e-04  8.423e-04  7.564e-04  6.836e-04  6.137e-04  5.574e-04  5.027e-04  4.606e-04  4.221e-04  3.912e-04  3.632e-04  3.389e-04  3.206e-04  3.050e-04  2.901e-04  2.668e-04  2.588e-04  2.432e-04  2.233e-04  2.021e-04  1.840e-04  1.674e-04  1.521e-04  1.369e-04  1.228e-04  1.080e-04 	
 4.122e-02  3.575e-02  3.099e-02  2.687e-02  2.331e-02  2.021e-02  1.753e-02  1.521e-02  1.319e-02  1.145e-02  9.935e-03  8.623e-03  7.485e-03  6.498e-03  5.642e-03  4.900e-03  4.255e-03  3.713e-03  3.251e-03  2.858e-03  2.519e-03  2.233e-03  1.985e-03  1.773e-03  1.588e-03  1.436e-03  1.288e-03  1.162e-03  1.041e-03  9.434e-04  8.494e-04  7.763e-04  7.091e-04  6.554e-04  6.062e-04  5.634e-04  5.301e-04  5.012e-04  4.730e-04  4.313e-04  4.149e-04  3.857e-04  3.503e-04  3.135e-04  2.824e-04  2.540e-04  2.279e-04  2.026e-04  1.794e-04  1.558e-04 	
 6.877e-02  5.988e-02  5.211e-02  4.530e-02  3.938e-02  3.422e-02  2.972e-02  2.581e-02  2.240e-02  1.946e-02  1.688e-02  1.465e-02  1.272e-02  1.104e-02  9.584e-03  8.318e-03  7.228e-03  6.307e-03  5.522e-03  4.854e-03  4.278e-03  3.788e-03  3.362e-03  3.002e-03  2.684e-03  2.421e-03  2.167e-03  1.950e-03  1.743e-03  1.575e-03  1.414e-03  1.288e-03  1.173e-03  1.079e-03  9.938e-04  9.190e-04  8.586e-04  8.053e-04  7.531e-04  6.797e-04  6.468e-04  5.943e-04  5.328e-04  4.712e-04  4.192e-04  3.729e-04  3.304e-04  2.900e-04  2.536e-04  2.175e-04 	
 1.118e-01  9.802e-02  8.576e-02  7.491e-02  6.536e-02  5.694e-02  4.958e-02  4.314e-02  3.750e-02  3.258e-02  2.830e-02  2.457e-02  2.133e-02  1.851e-02  1.606e-02  1.393e-02  1.211e-02  1.057e-02  9.258e-03  8.135e-03  7.164e-03  6.336e-03  5.620e-03  5.006e-03  4.469e-03  4.019e-03  3.588e-03  3.216e-03  2.868e-03  2.581e-03  2.310e-03  2.095e-03  1.900e-03  1.739e-03  1.592e-03  1.462e-03  1.357e-03  1.261e-03  1.166e-03  1.040e-03  9.791e-04  8.875e-04  7.852e-04  6.857e-04  6.032e-04  5.302e-04  4.643e-04  4.027e-04  3.481e-04  2.953e-04 	
 1.753e-01  1.553e-01  1.370e-01  1.206e-01  1.058e-01  9.264e-02  8.098e-02  7.065e-02  6.157e-02  5.359e-02  4.660e-02  4.048e-02  3.515e-02  3.050e-02  2.645e-02  2.293e-02  1.996e-02  1.743e-02  1.526e-02  1.341e-02  1.180e-02  1.042e-02  9.229e-03  8.204e-03  7.307e-03  6.541e-03  5.826e-03  5.200e-03  4.619e-03  4.139e-03  3.690e-03  3.330e-03  3.004e-03  2.733e-03  2.486e-03  2.266e-03  2.084e-03  1.917e-03  1.753e-03  1.544e-03  1.437e-03  1.285e-03  1.122e-03  9.686e-04  8.422e-04  7.329e-04  6.347e-04  5.448e-04  4.664e-04  3.919e-04 	
 2.611e-01  2.350e-01  2.102e-01  1.869e-01  1.657e-01  1.462e-01  1.286e-01  1.128e-01  9.864e-02  8.609e-02  7.501e-02  6.527e-02  5.670e-02  4.920e-02  4.267e-02  3.696e-02  3.222e-02  2.816e-02  2.466e-02  2.165e-02  1.905e-02  1.680e-02  1.484e-02  1.317e-02  1.169e-02  1.042e-02  9.244e-03  8.214e-03  7.262e-03  6.475e-03  5.747e-03  5.156e-03  4.625e-03  4.180e-03  3.774e-03  3.414e-03  3.110e-03  2.831e-03  2.560e-03  2.227e-03  2.048e-03  1.810e-03  1.562e-03  1.333e-03  1.148e-03  9.899e-04  8.499e-04  7.232e-04  6.143e-04  5.123e-04 	
 3.634e-01  3.344e-01  3.050e-01  2.761e-01  2.483e-01  2.218e-01  1.971e-01  1.743e-01  1.534e-01  1.346e-01  1.177e-01  1.027e-01  8.934e-02  7.759e-02  6.727e-02  5.827e-02  5.086e-02  4.447e-02  3.896e-02  3.421e-02  3.007e-02  2.648e-02  2.335e-02  2.065e-02  1.827e-02  1.621e-02  1.431e-02  1.266e-02  1.114e-02  9.873e-03  8.719e-03  7.778e-03  6.933e-03  6.223e-03  5.578e-03  5.006e-03  4.519e-03  4.071e-03  3.642e-03  3.133e-03  2.852e-03  2.494e-03  2.130e-03  1.802e-03  1.539e-03  1.317e-03  1.123e-03  9.487e-04  8.010e-04  6.643e-04 	
 4.644e-01  4.397e-01  4.118e-01  3.819e-01  3.508e-01  3.193e-01  2.885e-01  2.586e-01  2.303e-01  2.038e-01  1.795e-01  1.574e-01  1.374e-01  1.195e-01  1.038e-01  8.986e-02  7.853e-02  6.879e-02  6.025e-02  5.290e-02  4.646e-02  4.085e-02  3.595e-02  3.170e-02  2.796e-02  2.465e-02  2.169e-02  1.908e-02  1.671e-02  1.472e-02  1.294e-02  1.146e-02  1.016e-02  9.058e-03  8.062e-03  7.180e-03  6.429e-03  5.740e-03  5.085e-03  4.334e-03  3.912e-03  3.390e-03  2.871e-03  2.412e-03  2.048e-03  1.742e-03  1.476e-03  1.241e-03  1.043e-03  8.609e-04 	
 5.392e-01  5.273e-01  5.094e-01  4.863e-01  4.594e-01  4.292e-01  3.970e-01  3.636e-01  3.298e-01  2.965e-01  2.645e-01  2.342e-01  2.060e-01  1.802e-01  1.569e-01  1.361e-01  1.192e-01  1.045e-01  9.165e-02  8.046e-02  7.058e-02  6.198e-02  5.443e-02  4.786e-02  4.206e-02  3.690e-02  3.233e-02  2.828e-02  2.465e-02  2.161e-02  1.888e-02  1.664e-02  1.466e-02  1.299e-02  1.149e-02  1.016e-02  9.034e-03  8.005e-03  7.036e-03  5.950e-03  5.336e-03  4.593e-03  3.866e-03  3.228e-03  2.726e-03  2.308e-03  1.948e-03  1.631e-03  1.366e-03  1.124e-03 	
 5.688e-01  5.751e-01  5.739e-01  5.656e-01  5.506e-01  5.301e-01  5.046e-01  4.754e-01  4.427e-01  4.078e-01  3.717e-01  3.353e-01  2.994e-01  2.651e-01  2.328e-01  2.032e-01  1.788e-01  1.572e-01  1.381e-01  1.213e-01  1.064e-01  9.327e-02  8.174e-02  7.173e-02  6.283e-02  5.488e-02  4.789e-02  4.169e-02  3.616e-02  3.152e-02  2.741e-02  2.402e-02  2.105e-02  1.854e-02  1.631e-02  1.435e-02  1.268e-02  1.117e-02  9.758e-03  8.202e-03  7.321e-03  6.269e-03  5.252e-03  4.368e-03  3.673e-03  3.099e-03  2.607e-03  2.177e-03  1.818e-03  1.493e-03 	
 5.696e-01  5.804e-01  5.930e-01  6.019e-01  6.043e-01  5.991e-01  5.875e-01  5.699e-01  5.469e-01  5.189e-01  4.869e-01  4.517e-01  4.139e-01  3.746e-01  3.354e-01  2.971e-01  2.643e-01  2.342e-01  2.068e-01  1.822e-01  1.602e-01  1.405e-01  1.231e-01  1.078e-01  9.428e-02  8.211e-02  7.138e-02  6.188e-02  5.342e-02  4.635e-02  4.011e-02  3.498e-02  3.050e-02  2.675e-02  2.340e-02  2.048e-02  1.801e-02  1.579e-02  1.374e-02  1.150e-02  1.023e-02  8.730e-03  7.290e-03  6.042e-03  5.067e-03  4.263e-03  3.578e-03  2.980e-03  2.484e-03  2.036e-03 	
 5.935e-01  5.906e-01  5.924e-01  6.014e-01  6.142e-01  6.251e-01  6.301e-01  6.283e-01  6.200e-01  6.055e-01  5.853e-01  5.597e-01  5.292e-01  4.943e-01  4.560e-01  4.153e-01  3.773e-01  3.403e-01  3.048e-01  2.716e-01  2.406e-01  2.123e-01  1.866e-01  1.638e-01  1.432e-01  1.247e-01  1.083e-01  9.359e-02  8.055e-02  6.964e-02  5.999e-02  5.211e-02  4.522e-02  3.947e-02  3.438e-02  2.997e-02  2.626e-02  2.295e-02  1.991e-02  1.661e-02  1.473e-02  1.255e-02  1.046e-02  8.651e-03  7.236e-03  6.073e-03  5.087e-03  4.231e-03  3.521e-03  2.882e-03 	
 6.105e-01  6.167e-01  6.173e-01  6.147e-01  6.148e-01  6.214e-01  6.333e-01  6.452e-01  6.525e-01  6.536e-01  6.483e-01  6.370e-01  6.199e-01  5.972e-01  5.689e-01  5.359e-01  5.022e-01  4.661e-01  4.284e-01  3.903e-01  3.525e-01  3.159e-01  2.812e-01  2.492e-01  2.194e-01  1.922e-01  1.674e-01  1.450e-01  1.247e-01  1.077e-01  9.256e-02  8.019e-02  6.935e-02  6.034e-02  5.237e-02  4.548e-02  3.974e-02  3.464e-02  3.000e-02  2.500e-02  2.214e-02  1.885e-02  1.569e-02  1.295e-02  1.081e-02  9.054e-03  7.573e-03  6.292e-03  5.230e-03  4.276e-03 	
 6.204e-01  6.216e-01  6.285e-01  6.364e-01  6.396e-01  6.381e-01  6.369e-01  6.412e-01  6.512e-01  6.633e-01  6.724e-01  6.758e-01  6.735e-01  6.651e-01  6.512e-01  6.315e-01  6.103e-01  5.845e-01  5.545e-01  5.209e-01  4.846e-01  4.462e-01  4.069e-01  3.682e-01  3.303e-01  2.939e-01  2.591e-01  2.268e-01  1.964e-01  1.705e-01  1.469e-01  1.274e-01  1.102e-01  9.577e-02  8.302e-02  7.197e-02  6.280e-02  5.471e-02  4.736e-02  3.947e-02  3.492e-02  2.974e-02  2.477e-02  2.043e-02  1.703e-02  1.424e-02  1.190e-02  9.874e-03  8.201e-03  6.700e-03 	
 6.317e-01  6.377e-01  6.401e-01  6.409e-01  6.462e-01  6.547e-01  6.602e-01  6.605e-01  6.589e-01  6.608e-01  6.687e-01  6.799e-01  6.902e-01  6.959e-01  6.960e-01  6.907e-01  6.834e-01  6.714e-01  6.548e-01  6.336e-01  6.079e-01  5.778e-01  5.437e-01  5.070e-01  4.679e-01  4.279e-01  3.864e-01  3.457e-01  3.052e-01  2.690e-01  2.346e-01  2.052e-01  1.787e-01  1.561e-01  1.357e-01  1.179e-01  1.031e-01  8.997e-02  7.807e-02  6.526e-02  5.777e-02  4.928e-02  4.113e-02  3.395e-02  2.831e-02  2.366e-02  1.976e-02  1.641e-02  1.361e-02  1.112e-02 	
 6.431e-01  6.458e-01  6.483e-01  6.545e-01  6.592e-01  6.602e-01  6.637e-01  6.720e-01  6.792e-01  6.815e-01  6.804e-01  6.807e-01  6.861e-01  6.962e-01  7.066e-01  7.141e-01  7.201e-01  7.214e-01  7.184e-01  7.108e-01  6.984e-01  6.816e-01  6.603e-01  6.346e-01  6.043e-01  5.706e-01  5.319e-01  4.909e-01  4.468e-01  4.045e-01  3.613e-01  3.225e-01  2.856e-01  2.529e-01  2.226e-01  1.953e-01  1.721e-01  1.513e-01  1.322e-01  1.114e-01  9.891e-02  8.482e-02  7.114e-02  5.896e-02  4.925e-02  4.121e-02  3.447e-02  2.865e-02  2.380e-02  1.945e-02 	
 6.521e-01  6.543e-01  6.587e-01  6.632e-01  6.652e-01  6.709e-01  6.773e-01  6.794e-01  6.817e-01  6.885e-01  6.968e-01  7.010e-01  7.011e-01  7.006e-01  7.038e-01  7.121e-01  7.255e-01  7.381e-01  7.470e-01  7.520e-01  7.521e-01  7.482e-01  7.398e-01  7.276e-01  7.110e-01  6.897e-01  6.627e-01  6.317e-01  5.945e-01  5.561e-01  5.132e-01  4.720e-01  4.298e-01  3.900e-01  3.510e-01  3.140e-01  2.812e-01  2.511e-01  2.225e-01  1.905e-01  1.706e-01  1.479e-01  1.253e-01  1.048e-01  8.814e-02  7.412e-02  6.224e-02  5.194e-02  4.327e-02  3.547e-02 	
 6.602e-01  6.626e-01  6.669e-01  6.703e-01  6.742e-01  6.798e-01  6.828e-01  6.871e-01  6.940e-01  6.980e-01  6.999e-01  7.050e-01  7.132e-01  7.191e-01  7.208e-01  7.203e-01  7.251e-01  7.346e-01  7.482e-01  7.624e-01  7.734e-01  7.809e-01  7.838e-01  7.833e-01  7.786e-01  7.704e-01  7.570e-01  7.395e-01  7.160e-01  6.894e-01  6.571e-01  6.236e-01  5.862e-01  5.484e-01  5.085e-01  4.682e-01  4.302e-01  3.932e-01  3.564e-01  3.131e-01  2.849e-01  2.516e-01  2.173e-01  1.848e-01  1.575e-01  1.339e-01  1.136e-01  9.553e-02  8.014e-02  6.609e-02 	
 6.674e-01  6.706e-01  6.739e-01  6.777e-01  6.816e-01  6.866e-01  6.899e-01  6.957e-01  7.001e-01  7.034e-01  7.099e-01  7.156e-01  7.179e-01  7.214e-01  7.286e-01  7.358e-01  7.423e-01  7.461e-01  7.508e-01  7.592e-01  7.719e-01  7.863e-01  7.987e-01  8.083e-01  8.136e-01  8.157e-01  8.131e-01  8.073e-01  7.966e-01  7.837e-01  7.651e-01  7.446e-01  7.196e-01  6.926e-01  6.615e-01  6.277e-01  5.936e-01  5.581e-01  5.205e-01  4.731e-01  4.402e-01  3.994e-01  3.548e-01  3.101e-01  2.704e-01  2.345e-01  2.024e-01  1.730e-01  1.471e-01  1.229e-01 	
 6.747e-01  6.775e-01  6.806e-01  6.848e-01  6.882e-01  6.931e-01  6.967e-01  7.022e-01  7.060e-01  7.113e-01  7.168e-01  7.202e-01  7.254e-01  7.322e-01  7.356e-01  7.382e-01  7.465e-01  7.576e-01  7.667e-01  7.727e-01  7.775e-01  7.849e-01  7.962e-01  8.101e-01  8.233e-01  8.337e-01  8.402e-01  8.431e-01  8.421e-01  8.391e-01  8.320e-01  8.237e-01  8.113e-01  7.971e-01  7.787e-01  7.571e-01  7.341e-01  7.083e-01  6.790e-01  6.386e-01  6.090e-01  5.701e-01  5.240e-01  4.743e-01  4.271e-01  3.815e-01  3.383e-01  2.966e-01  2.580e-01  2.202e-01 	
 6.813e-01  6.841e-01  6.872e-01  6.906e-01  6.947e-01  6.987e-01  7.030e-01  7.078e-01  7.123e-01  7.173e-01  7.222e-01  7.266e-01  7.328e-01  7.368e-01  7.410e-01  7.477e-01  7.553e-01  7.611e-01  7.688e-01  7.800e-01  7.910e-01  7.986e-01  8.042e-01  8.107e-01  8.205e-01  8.335e-01  8.456e-01  8.559e-01  8.622e-01  8.671e-01  8.679e-01  8.677e-01  8.650e-01  8.603e-01  8.529e-01  8.427e-01  8.312e-01  8.170e-01  7.996e-01  7.727e-01  7.528e-01  7.242e-01  6.872e-01  6.445e-01  6.010e-01  5.557e-01  5.097e-01  4.620e-01  4.148e-01  3.656e-01 	
 6.875e-01  6.900e-01  6.930e-01  6.964e-01  7.000e-01  7.044e-01  7.085e-01  7.130e-01  7.178e-01  7.225e-01  7.276e-01  7.322e-01  7.380e-01  7.420e-01  7.477e-01  7.529e-01  7.591e-01  7.681e-01  7.778e-01  7.849e-01  7.923e-01  8.026e-01  8.140e-01  8.236e-01  8.300e-01  8.364e-01  8.439e-01  8.542e-01  8.648e-01  8.752e-01  8.825e-01  8.886e-01  8.921e-01  8.941e-01  8.939e-01  8.915e-01  8.884e-01  8.829e-01  8.755e-01  8.611e-01  8.511e-01  8.344e-01  8.114e-01  7.825e-01  7.511e-01  7.165e-01  6.783e-01  6.367e-01  5.920e-01  5.417e-01 	
 6.932e-01  6.957e-01  6.985e-01  7.018e-01  7.055e-01  7.094e-01  7.137e-01  7.183e-01  7.227e-01  7.274e-01  7.324e-01  7.370e-01  7.425e-01  7.473e-01  7.527e-01  7.574e-01  7.648e-01  7.739e-01  7.810e-01  7.896e-01  8.002e-01  8.089e-01  8.161e-01  8.254e-01  8.367e-01  8.470e-01  8.539e-01  8.594e-01  8.646e-01  8.735e-01  8.827e-01  8.932e-01  9.019e-01  9.087e-01  9.137e-01  9.166e-01  9.186e-01  9.189e-01  9.173e-01  9.118e-01  9.082e-01  9.007e-01  8.888e-01  8.729e-01  8.547e-01  8.334e-01  8.090e-01  7.801e-01  7.471e-01  7.078e-01 	
 6.986e-01  7.009e-01  7.038e-01  7.069e-01  7.105e-01  7.142e-01  7.184e-01  7.227e-01  7.273e-01  7.319e-01  7.368e-01  7.420e-01  7.468e-01  7.520e-01  7.570e-01  7.621e-01  7.695e-01  7.779e-01  7.855e-01  7.953e-01  8.039e-01  8.117e-01  8.220e-01  8.318e-01  8.398e-01  8.479e-01  8.574e-01  8.675e-01  8.740e-01  8.798e-01  8.847e-01  8.921e-01  9.010e-01  9.113e-01  9.196e-01  9.265e-01  9.324e-01  9.365e-01  9.387e-01  9.379e-01  9.386e-01  9.365e-01  9.320e-01  9.242e-01  9.153e-01  9.044e-01  8.912e-01  8.748e-01  8.553e-01  8.303e-01 	
 7.037e-01  7.061e-01  7.087e-01  7.116e-01  7.151e-01  7.187e-01  7.228e-01  7.270e-01  7.313e-01  7.361e-01  7.409e-01  7.458e-01  7.508e-01  7.558e-01  7.610e-01  7.663e-01  7.735e-01  7.820e-01  7.896e-01  7.991e-01  8.072e-01  8.165e-01  8.262e-01  8.343e-01  8.435e-01  8.541e-01  8.615e-01  8.685e-01  8.758e-01  8.853e-01  8.924e-01  8.989e-01  9.045e-01  9.110e-01  9.187e-01  9.271e-01  9.359e-01  9.426e-01  9.481e-01  9.501e-01  9.536e-01  9.547e-01  9.535e-01  9.510e-01  9.476e-01  9.431e-01  9.371e-01  9.291e-01  9.192e-01  9.057e-01 	
 7.085e-01  7.106e-01  7.133e-01  7.161e-01  7.193e-01  7.228e-01  7.268e-01  7.309e-01  7.353e-01  7.397e-01  7.447e-01  7.495e-01  7.545e-01  7.596e-01  7.646e-01  7.695e-01  7.774e-01  7.852e-01  7.933e-01  8.022e-01  8.107e-01  8.198e-01  8.292e-01  8.376e-01  8.475e-01  8.566e-01  8.642e-01  8.730e-01  8.805e-01  8.872e-01  8.934e-01  9.021e-01  9.103e-01  9.173e-01  9.227e-01  9.282e-01  9.352e-01  9.425e-01  9.496e-01  9.542e-01  9.596e-01  9.629e-01  9.643e-01  9.643e-01  9.637e-01  9.626e-01  9.609e-01  9.572e-01  9.531e-01  9.468e-01 	
 7.129e-01  7.150e-01  7.175e-01  7.204e-01  7.235e-01  7.271e-01  7.307e-01  7.348e-01  7.390e-01  7.434e-01  7.480e-01  7.528e-01  7.577e-01  7.628e-01  7.678e-01  7.732e-01  7.805e-01  7.884e-01  7.966e-01  8.051e-01  8.140e-01  8.228e-01  8.320e-01  8.408e-01  8.503e-01  8.590e-01  8.675e-01  8.758e-01  8.822e-01  8.901e-01  8.978e-01  9.045e-01  9.111e-01  9.187e-01  9.267e-01  9.333e-01  9.392e-01  9.444e-01  9.497e-01  9.537e-01  9.602e-01  9.651e-01  9.680e-01  9.697e-01  9.713e-01  9.721e-01  9.722e-01  9.715e-01  9.702e-01  9.680e-01 	
 7.172e-01  7.193e-01  7.216e-01  7.245e-01  7.274e-01  7.310e-01  7.344e-01  7.384e-01  7.426e-01  7.470e-01  7.515e-01  7.562e-01  7.608e-01  7.659e-01  7.709e-01  7.759e-01  7.833e-01  7.913e-01  7.992e-01  8.078e-01  8.165e-01  8.256e-01  8.343e-01  8.435e-01  8.527e-01  8.616e-01  8.698e-01  8.779e-01  8.849e-01  8.930e-01  8.995e-01  9.065e-01  9.144e-01  9.217e-01  9.276e-01  9.341e-01  9.416e-01  9.480e-01  9.534e-01  9.559e-01  9.611e-01  9.650e-01  9.684e-01  9.713e-01  9.738e-01  9.759e-01  9.773e-01  9.781e-01  9.786e-01  9.776e-01 	
 7.209e-01  7.231e-01  7.254e-01  7.281e-01  7.312e-01  7.346e-01  7.379e-01  7.418e-01  7.459e-01  7.499e-01  7.544e-01  7.591e-01  7.640e-01  7.687e-01  7.737e-01  7.789e-01  7.861e-01  7.939e-01  8.018e-01  8.104e-01  8.191e-01  8.278e-01  8.365e-01  8.459e-01  8.546e-01  8.640e-01  8.720e-01  8.799e-01  8.870e-01  8.948e-01  9.012e-01  9.089e-01  9.160e-01  9.227e-01  9.301e-01  9.366e-01  9.428e-01  9.487e-01  9.543e-01  9.583e-01  9.638e-01  9.670e-01  9.692e-01  9.712e-01  9.737e-01  9.764e-01  9.789e-01  9.805e-01  9.820e-01  9.825e-01 	
 7.243e-01  7.266e-01  7.290e-01  7.318e-01  7.347e-01  7.380e-01  7.415e-01  7.450e-01  7.490e-01  7.533e-01  7.574e-01  7.620e-01  7.666e-01  7.713e-01  7.762e-01  7.814e-01  7.885e-01  7.962e-01  8.042e-01  8.127e-01  8.210e-01  8.298e-01  8.385e-01  8.476e-01  8.567e-01  8.657e-01  8.738e-01  8.819e-01  8.886e-01  8.964e-01  9.031e-01  9.109e-01  9.174e-01  9.246e-01  9.319e-01  9.377e-01  9.441e-01  9.504e-01  9.560e-01  9.590e-01  9.645e-01  9.685e-01  9.711e-01  9.731e-01  9.751e-01  9.766e-01  9.785e-01  9.810e-01  9.829e-01  9.842e-01 	
 7.274e-01  7.298e-01  7.323e-01  7.352e-01  7.379e-01  7.413e-01  7.447e-01  7.481e-01  7.520e-01  7.559e-01  7.603e-01  7.646e-01  7.691e-01  7.738e-01  7.787e-01  7.836e-01  7.908e-01  7.984e-01  8.063e-01  8.147e-01  8.232e-01  8.316e-01  8.405e-01  8.494e-01  8.581e-01  8.675e-01  8.753e-01  8.831e-01  8.905e-01  8.978e-01  9.045e-01  9.122e-01  9.190e-01  9.262e-01  9.330e-01  9.392e-01  9.457e-01  9.515e-01  9.569e-01  9.603e-01  9.659e-01  9.693e-01  9.716e-01  9.741e-01  9.764e-01  9.784e-01  9.800e-01  9.815e-01  9.829e-01  9.842e-01 	
 7.301e-01  7.325e-01  7.352e-01  7.383e-01  7.411e-01  7.443e-01  7.476e-01  7.512e-01  7.550e-01  7.588e-01  7.628e-01  7.674e-01  7.719e-01  7.762e-01  7.811e-01  7.860e-01  7.928e-01  8.006e-01  8.084e-01  8.163e-01  8.248e-01  8.335e-01  8.419e-01  8.510e-01  8.597e-01  8.686e-01  8.767e-01  8.845e-01  8.917e-01  8.991e-01  9.057e-01  9.133e-01  9.204e-01  9.273e-01  9.338e-01  9.400e-01  9.469e-01  9.523e-01  9.578e-01  9.616e-01  9.662e-01  9.699e-01  9.729e-01  9.749e-01  9.766e-01  9.789e-01  9.810e-01  9.826e-01  9.841e-01  9.851e-01 	
 7.323e-01  7.352e-01  7.380e-01  7.409e-01  7.438e-01  7.473e-01  7.504e-01  7.538e-01  7.576e-01  7.616e-01  7.656e-01  7.698e-01  7.742e-01  7.786e-01  7.834e-01  7.883e-01  7.950e-01  8.023e-01  8.101e-01  8.183e-01  8.266e-01  8.349e-01  8.436e-01  8.523e-01  8.609e-01  8.699e-01  8.779e-01  8.860e-01  8.929e-01  9.002e-01  9.069e-01  9.144e-01  9.213e-01  9.283e-01  9.349e-01  9.413e-01  9.474e-01  9.532e-01  9.586e-01  9.620e-01  9.671e-01  9.707e-01  9.733e-01  9.755e-01  9.777e-01  9.797e-01  9.812e-01  9.830e-01  9.847e-01  9.856e-01 	
 7.343e-01  7.374e-01  7.403e-01  7.433e-01  7.465e-01  7.497e-01  7.530e-01  7.567e-01  7.603e-01  7.639e-01  7.682e-01  7.720e-01  7.764e-01  7.811e-01  7.856e-01  7.900e-01  7.970e-01  8.043e-01  8.119e-01  8.197e-01  8.280e-01  8.366e-01  8.449e-01  8.535e-01  8.621e-01  8.710e-01  8.790e-01  8.869e-01  8.937e-01  9.014e-01  9.080e-01  9.155e-01  9.223e-01  9.294e-01  9.358e-01  9.420e-01  9.483e-01  9.539e-01  9.590e-01  9.627e-01  9.675e-01  9.711e-01  9.738e-01  9.760e-01  9.780e-01  9.799e-01  9.820e-01  9.836e-01  9.849e-01  9.859e-01 	
 7.360e-01  7.393e-01  7.424e-01  7.456e-01  7.489e-01  7.520e-01  7.555e-01  7.590e-01  7.626e-01  7.664e-01  7.703e-01  7.744e-01  7.787e-01  7.830e-01  7.875e-01  7.919e-01  7.988e-01  8.060e-01  8.136e-01  8.213e-01  8.296e-01  8.377e-01  8.460e-01  8.550e-01  8.632e-01  8.721e-01  8.800e-01  8.879e-01  8.947e-01  9.022e-01  9.088e-01  9.162e-01  9.229e-01  9.300e-01  9.364e-01  9.427e-01  9.490e-01  9.548e-01  9.597e-01  9.635e-01  9.684e-01  9.718e-01  9.742e-01  9.765e-01  9.787e-01  9.807e-01  9.826e-01  9.842e-01  9.855e-01  9.867e-01 	
 7.375e-01  7.409e-01  7.442e-01  7.476e-01  7.508e-01  7.544e-01  7.578e-01  7.615e-01  7.649e-01  7.687e-01  7.728e-01  7.768e-01  7.808e-01  7.850e-01  7.895e-01  7.939e-01  8.007e-01  8.078e-01  8.150e-01  8.230e-01  8.309e-01  8.390e-01  8.473e-01  8.559e-01  8.645e-01  8.730e-01  8.809e-01  8.888e-01  8.955e-01  9.030e-01  9.094e-01  9.168e-01  9.237e-01  9.307e-01  9.373e-01  9.431e-01  9.494e-01  9.553e-01  9.604e-01  9.638e-01  9.686e-01  9.721e-01  9.750e-01  9.768e-01  9.792e-01  9.807e-01  9.828e-01  9.841e-01  9.858e-01  9.870e-01 	
 7.389e-01  7.423e-01  7.457e-01  7.493e-01  7.527e-01  7.562e-01  7.598e-01  7.634e-01  7.670e-01  7.711e-01  7.747e-01  7.787e-01  7.829e-01  7.871e-01  7.912e-01  7.960e-01  8.023e-01  8.094e-01  8.168e-01  8.245e-01  8.323e-01  8.404e-01  8.483e-01  8.569e-01  8.655e-01  8.740e-01  8.815e-01  8.894e-01  8.961e-01  9.035e-01  9.099e-01  9.172e-01  9.241e-01  9.310e-01  9.375e-01  9.437e-01  9.498e-01  9.556e-01  9.609e-01  9.640e-01  9.690e-01  9.727e-01  9.753e-01  9.772e-01  9.794e-01  9.811e-01  9.833e-01  9.845e-01  9.860e-01  9.873e-01 	
 7.400e-01  7.436e-01  7.473e-01  7.507e-01  7.543e-01  7.580e-01  7.618e-01  7.653e-01  7.692e-01  7.731e-01  7.767e-01  7.809e-01  7.848e-01  7.889e-01  7.933e-01  7.977e-01  8.040e-01  8.109e-01  8.184e-01  8.259e-01  8.333e-01  8.414e-01  8.497e-01  8.579e-01  8.661e-01  8.747e-01  8.822e-01  8.901e-01  8.968e-01  9.043e-01  9.106e-01  9.179e-01  9.247e-01  9.316e-01  9.379e-01  9.440e-01  9.501e-01  9.561e-01  9.612e-01  9.646e-01  9.695e-01  9.727e-01  9.754e-01  9.773e-01  9.796e-01  9.814e-01  9.833e-01  9.847e-01  9.865e-01  9.872e-01 	
 7.406e-01  7.444e-01  7.484e-01  7.521e-01  7.559e-01  7.595e-01  7.632e-01  7.673e-01  7.711e-01  7.749e-01  7.787e-01  7.825e-01  7.866e-01  7.907e-01  7.951e-01  7.995e-01  8.056e-01  8.125e-01  8.195e-01  8.270e-01  8.348e-01  8.429e-01  8.507e-01  8.590e-01  8.672e-01  8.754e-01  8.829e-01  8.905e-01  8.976e-01  9.046e-01  9.110e-01  9.182e-01  9.250e-01  9.318e-01  9.386e-01  9.446e-01  9.506e-01  9.561e-01  9.616e-01  9.649e-01  9.696e-01  9.731e-01  9.757e-01  9.778e-01  9.796e-01  9.815e-01  9.837e-01  9.852e-01  9.866e-01  9.876e-01 	
 7.415e-01  7.452e-01  7.491e-01  7.530e-01  7.571e-01  7.610e-01  7.649e-01  7.685e-01  7.725e-01  7.766e-01  7.803e-01  7.844e-01  7.885e-01  7.925e-01  7.968e-01  8.008e-01  8.072e-01  8.140e-01  8.209e-01  8.284e-01  8.362e-01  8.439e-01  8.517e-01  8.600e-01  8.678e-01  8.761e-01  8.837e-01  8.912e-01  8.980e-01  9.050e-01  9.118e-01  9.186e-01  9.254e-01  9.322e-01  9.389e-01  9.449e-01  9.509e-01  9.568e-01  9.617e-01  9.648e-01  9.699e-01  9.733e-01  9.757e-01  9.781e-01  9.801e-01  9.818e-01  9.839e-01  9.851e-01  9.869e-01  9.878e-01 	
 7.419e-01  7.459e-01  7.500e-01  7.539e-01  7.579e-01  7.620e-01  7.662e-01  7.700e-01  7.740e-01  7.780e-01  7.820e-01  7.860e-01  7.899e-01  7.943e-01  7.982e-01  8.025e-01  8.088e-01  8.155e-01  8.224e-01  8.298e-01  8.371e-01  8.448e-01  8.527e-01  8.609e-01  8.688e-01  8.772e-01  8.843e-01  8.919e-01  8.983e-01  9.058e-01  9.122e-01  9.190e-01  9.258e-01  9.326e-01  9.389e-01  9.453e-01  9.512e-01  9.566e-01  9.620e-01  9.655e-01  9.700e-01  9.733e-01  9.761e-01  9.782e-01  9.801e-01  9.821e-01  9.840e-01  9.854e-01  9.869e-01  9.879e-01 	
 7.425e-01  7.464e-01  7.504e-01  7.546e-01  7.589e-01  7.629e-01  7.670e-01  7.711e-01  7.754e-01  7.792e-01  7.835e-01  7.874e-01  7.917e-01  7.956e-01  7.998e-01  8.040e-01  8.103e-01  8.169e-01  8.241e-01  8.311e-01  8.383e-01  8.460e-01  8.539e-01  8.618e-01  8.697e-01  8.777e-01  8.849e-01  8.925e-01  8.989e-01  9.061e-01  9.125e-01  9.197e-01  9.261e-01  9.330e-01  9.393e-01  9.452e-01  9.516e-01  9.570e-01  9.623e-01  9.653e-01  9.702e-01  9.739e-01  9.761e-01  9.781e-01  9.803e-01  9.821e-01  9.839e-01  9.856e-01  9.869e-01  9.881e-01 	
 7.429e-01  7.471e-01  7.511e-01  7.552e-01  7.594e-01  7.637e-01  7.680e-01  7.721e-01  7.762e-01  7.804e-01  7.846e-01  7.888e-01  7.930e-01  7.972e-01  8.014e-01  8.056e-01  8.117e-01  8.182e-01  8.253e-01  8.326e-01  8.399e-01  8.471e-01  8.550e-01  8.625e-01  8.704e-01  8.785e-01  8.857e-01  8.930e-01  8.994e-01  9.066e-01  9.131e-01  9.200e-01  9.263e-01  9.332e-01  9.395e-01  9.455e-01  9.514e-01  9.573e-01  9.621e-01  9.655e-01  9.704e-01  9.736e-01  9.762e-01  9.786e-01  9.807e-01  9.823e-01  9.840e-01  9.855e-01  9.871e-01  9.880e-01 	
 7.431e-01  7.472e-01  7.515e-01  7.559e-01  7.601e-01  7.643e-01  7.686e-01  7.730e-01  7.774e-01  7.815e-01  7.860e-01  7.901e-01  7.942e-01  7.983e-01  8.024e-01  8.070e-01  8.130e-01  8.198e-01  8.265e-01  8.337e-01  8.409e-01  8.485e-01  8.559e-01  8.634e-01  8.714e-01  8.791e-01  8.864e-01  8.937e-01  8.998e-01  9.070e-01  9.131e-01  9.200e-01  9.269e-01  9.333e-01  9.397e-01  9.457e-01  9.516e-01  9.575e-01  9.623e-01  9.657e-01  9.706e-01  9.737e-01  9.763e-01  9.786e-01  9.806e-01  9.826e-01  9.841e-01  9.860e-01  9.874e-01  9.882e-01 	
 7.434e-01  7.475e-01  7.518e-01  7.561e-01  7.606e-01  7.651e-01  7.693e-01  7.736e-01  7.780e-01  7.824e-01  7.868e-01  7.912e-01  7.953e-01  7.997e-01  8.038e-01  8.082e-01  8.142e-01  8.209e-01  8.279e-01  8.350e-01  8.421e-01  8.493e-01  8.567e-01  8.646e-01  8.722e-01  8.799e-01  8.868e-01  8.943e-01  9.004e-01  9.072e-01  9.138e-01  9.203e-01  9.272e-01  9.337e-01  9.401e-01  9.457e-01  9.521e-01  9.576e-01  9.624e-01  9.658e-01  9.707e-01  9.738e-01  9.767e-01  9.785e-01  9.805e-01  9.824e-01  9.843e-01  9.861e-01  9.873e-01  9.885e-01 	
 7.435e-01  7.480e-01  7.521e-01  7.564e-01  7.608e-01  7.653e-01  7.699e-01  7.745e-01  7.788e-01  7.831e-01  7.878e-01  7.922e-01  7.962e-01  8.006e-01  8.049e-01  8.093e-01  8.156e-01  8.223e-01  8.291e-01  8.362e-01  8.432e-01  8.503e-01  8.577e-01  8.652e-01  8.728e-01  8.806e-01  8.875e-01  8.946e-01  9.011e-01  9.077e-01  9.138e-01  9.208e-01  9.273e-01  9.339e-01  9.404e-01  9.460e-01  9.519e-01  9.574e-01  9.628e-01  9.657e-01  9.706e-01  9.741e-01  9.766e-01  9.788e-01  9.807e-01  9.826e-01  9.844e-01  9.861e-01  9.873e-01  9.883e-01 	
 7.437e-01  7.481e-01  7.523e-01  7.569e-01  7.612e-01  7.657e-01  7.702e-01  7.747e-01  7.794e-01  7.840e-01  7.883e-01  7.930e-01  7.973e-01  8.016e-01  8.059e-01  8.103e-01  8.165e-01  8.234e-01  8.302e-01  8.372e-01  8.441e-01  8.516e-01  8.590e-01  8.664e-01  8.736e-01  8.814e-01  8.884e-01  8.950e-01  9.012e-01  9.083e-01  9.144e-01  9.211e-01  9.277e-01  9.343e-01  9.403e-01  9.460e-01  9.520e-01  9.576e-01  9.625e-01  9.659e-01  9.708e-01  9.743e-01  9.768e-01  9.785e-01  9.808e-01  9.827e-01  9.844e-01  9.860e-01  9.871e-01  9.886e-01 	
 7.437e-01  7.480e-01  7.525e-01  7.571e-01  7.614e-01  7.662e-01  7.706e-01  7.751e-01  7.797e-01  7.843e-01  7.889e-01  7.936e-01  7.978e-01  8.025e-01  8.067e-01  8.110e-01  8.175e-01  8.244e-01  8.311e-01  8.384e-01  8.453e-01  8.527e-01  8.596e-01  8.674e-01  8.745e-01  8.820e-01  8.890e-01  8.957e-01  9.020e-01  9.086e-01  9.148e-01  9.216e-01  9.277e-01  9.344e-01  9.405e-01  9.462e-01  9.523e-01  9.579e-01  9.628e-01  9.663e-01  9.707e-01  9.743e-01  9.767e-01  9.789e-01  9.807e-01  9.825e-01  9.847e-01  9.858e-01  9.873e-01  9.887e-01 	
 7.437e-01  7.480e-01  7.525e-01  7.570e-01  7.617e-01  7.664e-01  7.708e-01  7.757e-01  7.802e-01  7.848e-01  7.897e-01  7.943e-01  7.985e-01  8.031e-01  8.077e-01  8.119e-01  8.184e-01  8.252e-01  8.322e-01  8.394e-01  8.462e-01  8.535e-01  8.608e-01  8.682e-01  8.753e-01  8.827e-01  8.898e-01  8.965e-01  9.024e-01  9.091e-01  9.149e-01  9.217e-01  9.279e-01  9.347e-01  9.408e-01  9.466e-01  9.523e-01  9.579e-01  9.629e-01  9.664e-01  9.708e-01  9.744e-01  9.769e-01  9.786e-01  9.809e-01  9.826e-01  9.843e-01  9.858e-01  9.873e-01  9.886e-01 	
