 2.016e+00  2.091e+00  2.172e+00  2.258e+00  2.351e+00  2.451e+00  2.560e+00  2.680e+00  2.813e+00  2.963e+00  3.138e+00  3.225e+00  3.207e+00  3.178e+00  3.199e+00  3.251e+00  3.231e+00  3.048e+00  2.667e+00  2.154e+00  1.640e+00  1.207e+00  8.758e-01  6.368e-01  4.675e-01  3.471e-01  2.607e-01  1.986e-01  1.532e-01  1.194e-01  9.382e-02  7.399e-02  5.821e-02  4.567e-02  3.578e-02  2.808e-02  2.216e-02  1.771e-02  1.418e-02  1.164e-02  9.730e-03  8.151e-03  6.826e-03  5.773e-03  4.944e-03  4.299e-03  3.776e-03  3.360e-03  3.018e-03  2.792e-03 	
 2.126e+00  2.206e+00  2.291e+00  2.381e+00  2.478e+00  2.581e+00  2.692e+00  2.811e+00  2.937e+00  3.067e+00  3.183e+00  3.254e+00  3.275e+00  3.247e+00  3.218e+00  3.247e+00  3.315e+00  3.314e+00  3.138e+00  2.743e+00  2.211e+00  1.679e+00  1.229e+00  8.852e-01  6.383e-01  4.652e-01  3.438e-01  2.580e-01  1.967e-01  1.523e-01  1.193e-01  9.379e-02  7.368e-02  5.779e-02  4.532e-02  3.549e-02  2.794e-02  2.234e-02  1.789e-02  1.466e-02  1.226e-02  1.030e-02  8.633e-03  7.279e-03  6.227e-03  5.420e-03  4.763e-03  4.219e-03  3.763e-03  3.434e-03 	
 2.220e+00  2.301e+00  2.386e+00  2.476e+00  2.570e+00  2.669e+00  2.771e+00  2.876e+00  2.979e+00  3.073e+00  3.146e+00  3.180e+00  3.208e+00  3.221e+00  3.197e+00  3.163e+00  3.186e+00  3.249e+00  3.273e+00  3.141e+00  2.791e+00  2.290e+00  1.756e+00  1.284e+00  9.187e-01  6.567e-01  4.741e-01  3.480e-01  2.602e-01  1.985e-01  1.537e-01  1.200e-01  9.394e-02  7.354e-02  5.762e-02  4.511e-02  3.551e-02  2.836e-02  2.271e-02  1.860e-02  1.556e-02  1.308e-02  1.097e-02  9.260e-03  7.927e-03  6.902e-03  6.068e-03  5.378e-03  4.788e-03  4.321e-03 	
 2.296e+00  2.375e+00  2.458e+00  2.543e+00  2.631e+00  2.720e+00  2.808e+00  2.894e+00  2.972e+00  3.038e+00  3.085e+00  3.117e+00  3.131e+00  3.148e+00  3.164e+00  3.147e+00  3.110e+00  3.116e+00  3.172e+00  3.215e+00  3.128e+00  2.840e+00  2.376e+00  1.835e+00  1.342e+00  9.554e-01  6.763e-01  4.838e-01  3.524e-01  2.624e-01  1.993e-01  1.535e-01  1.189e-01  9.245e-02  7.210e-02  5.629e-02  4.419e-02  3.521e-02  2.812e-02  2.300e-02  1.922e-02  1.615e-02  1.355e-02  1.144e-02  9.797e-03  8.531e-03  7.502e-03  6.654e-03  5.922e-03  5.315e-03 	
 2.354e+00  2.430e+00  2.508e+00  2.586e+00  2.665e+00  2.742e+00  2.815e+00  2.883e+00  2.942e+00  2.988e+00  3.021e+00  3.044e+00  3.069e+00  3.080e+00  3.091e+00  3.108e+00  3.096e+00  3.059e+00  3.048e+00  3.097e+00  3.155e+00  3.114e+00  2.886e+00  2.450e+00  1.910e+00  1.402e+00  9.937e-01  6.981e-01  4.947e-01  3.575e-01  2.639e-01  1.986e-01  1.511e-01  1.159e-01  8.944e-02  6.929e-02  5.405e-02  4.281e-02  3.404e-02  2.772e-02  2.311e-02  1.937e-02  1.625e-02  1.371e-02  1.173e-02  1.021e-02  8.973e-03  7.962e-03  7.085e-03  6.344e-03 	
 2.397e+00  2.468e+00  2.539e+00  2.609e+00  2.677e+00  2.743e+00  2.803e+00  2.856e+00  2.900e+00  2.933e+00  2.957e+00  2.981e+00  3.001e+00  3.021e+00  3.031e+00  3.036e+00  3.052e+00  3.048e+00  3.011e+00  2.990e+00  3.031e+00  3.097e+00  3.096e+00  2.911e+00  2.510e+00  1.986e+00  1.466e+00  1.037e+00  7.237e-01  5.086e-01  3.635e-01  2.652e-01  1.964e-01  1.473e-01  1.116e-01  8.527e-02  6.574e-02  5.152e-02  4.062e-02  3.284e-02  2.721e-02  2.272e-02  1.900e-02  1.600e-02  1.367e-02  1.187e-02  1.043e-02  9.247e-03  8.226e-03  7.358e-03 	
 2.425e+00  2.490e+00  2.554e+00  2.616e+00  2.675e+00  2.729e+00  2.778e+00  2.819e+00  2.853e+00  2.878e+00  2.896e+00  2.916e+00  2.939e+00  2.956e+00  2.973e+00  2.984e+00  2.987e+00  2.998e+00  3.001e+00  2.969e+00  2.942e+00  2.969e+00  3.036e+00  3.059e+00  2.918e+00  2.566e+00  2.064e+00  1.534e+00  1.086e+00  7.553e-01  5.257e-01  3.712e-01  2.660e-01  1.936e-01  1.429e-01  1.068e-01  8.075e-02  6.224e-02  4.839e-02  3.865e-02  3.170e-02  2.626e-02  2.184e-02  1.831e-02  1.559e-02  1.350e-02  1.183e-02  1.047e-02  9.309e-03  8.322e-03 	
 2.442e+00  2.501e+00  2.558e+00  2.611e+00  2.661e+00  2.706e+00  2.745e+00  2.778e+00  2.803e+00  2.822e+00  2.836e+00  2.855e+00  2.878e+00  2.897e+00  2.912e+00  2.924e+00  2.935e+00  2.936e+00  2.944e+00  2.952e+00  2.928e+00  2.898e+00  2.909e+00  2.972e+00  3.013e+00  2.917e+00  2.617e+00  2.136e+00  1.605e+00  1.144e+00  7.928e-01  5.471e-01  3.801e-01  2.674e-01  1.911e-01  1.386e-01  1.021e-01  7.682e-02  5.851e-02  4.587e-02  3.701e-02  3.026e-02  2.492e-02  2.073e-02  1.753e-02  1.511e-02  1.318e-02  1.164e-02  1.032e-02  9.222e-03 	
 2.449e+00  2.502e+00  2.552e+00  2.598e+00  2.640e+00  2.677e+00  2.708e+00  2.734e+00  2.753e+00  2.767e+00  2.778e+00  2.798e+00  2.819e+00  2.839e+00  2.855e+00  2.868e+00  2.877e+00  2.887e+00  2.887e+00  2.891e+00  2.902e+00  2.890e+00  2.857e+00  2.856e+00  2.910e+00  2.961e+00  2.907e+00  2.649e+00  2.203e+00  1.685e+00  1.209e+00  8.374e-01  5.721e-01  3.913e-01  2.705e-01  1.898e-01  1.354e-01  9.875e-02  7.314e-02  5.588e-02  4.402e-02  3.528e-02  2.858e-02  2.347e-02  1.964e-02  1.678e-02  1.454e-02  1.277e-02  1.129e-02  1.007e-02 	
 2.449e+00  2.495e+00  2.539e+00  2.578e+00  2.614e+00  2.644e+00  2.669e+00  2.689e+00  2.703e+00  2.714e+00  2.724e+00  2.742e+00  2.764e+00  2.783e+00  2.800e+00  2.812e+00  2.824e+00  2.831e+00  2.841e+00  2.842e+00  2.844e+00  2.858e+00  2.857e+00  2.824e+00  2.809e+00  2.846e+00  2.900e+00  2.876e+00  2.669e+00  2.272e+00  1.770e+00  1.282e+00  8.875e-01  6.015e-01  4.061e-01  2.764e-01  1.907e-01  1.343e-01  9.625e-02  7.116e-02  5.431e-02  4.233e-02  3.349e-02  2.696e-02  2.219e-02  1.869e-02  1.601e-02  1.394e-02  1.225e-02  1.090e-02 	
 2.442e+00  2.483e+00  2.520e+00  2.554e+00  2.584e+00  2.609e+00  2.629e+00  2.644e+00  2.655e+00  2.663e+00  2.672e+00  2.689e+00  2.711e+00  2.731e+00  2.747e+00  2.761e+00  2.771e+00  2.780e+00  2.786e+00  2.794e+00  2.799e+00  2.802e+00  2.817e+00  2.821e+00  2.790e+00  2.761e+00  2.778e+00  2.834e+00  2.836e+00  2.685e+00  2.340e+00  1.854e+00  1.359e+00  9.442e-01  6.369e-01  4.260e-01  2.860e-01  1.950e-01  1.350e-01  9.622e-02  7.073e-02  5.321e-02  4.079e-02  3.195e-02  2.567e-02  2.116e-02  1.782e-02  1.530e-02  1.330e-02  1.178e-02 	
 2.430e+00  2.466e+00  2.499e+00  2.528e+00  2.552e+00  2.572e+00  2.588e+00  2.600e+00  2.608e+00  2.615e+00  2.622e+00  2.640e+00  2.661e+00  2.681e+00  2.697e+00  2.711e+00  2.721e+00  2.730e+00  2.738e+00  2.743e+00  2.750e+00  2.760e+00  2.762e+00  2.773e+00  2.780e+00  2.754e+00  2.714e+00  2.718e+00  2.770e+00  2.794e+00  2.694e+00  2.392e+00  1.937e+00  1.442e+00  1.009e+00  6.800e-01  4.517e-01  3.007e-01  2.021e-01  1.391e-01  9.835e-02  7.114e-02  5.253e-02  3.974e-02  3.091e-02  2.475e-02  2.031e-02  1.707e-02  1.461e-02  1.282e-02 	
 2.414e+00  2.446e+00  2.475e+00  2.499e+00  2.520e+00  2.536e+00  2.549e+00  2.558e+00  2.564e+00  2.569e+00  2.576e+00  2.593e+00  2.614e+00  2.634e+00  2.650e+00  2.663e+00  2.674e+00  2.683e+00  2.690e+00  2.697e+00  2.704e+00  2.712e+00  2.725e+00  2.727e+00  2.732e+00  2.739e+00  2.720e+00  2.676e+00  2.666e+00  2.706e+00  2.746e+00  2.683e+00  2.435e+00  2.019e+00  1.532e+00  1.081e+00  7.309e-01  4.847e-01  3.202e-01  2.143e-01  1.463e-01  1.019e-01  7.236e-02  5.265e-02  3.941e-02  3.039e-02  2.410e-02  1.966e-02  1.643e-02  1.423e-02 	
 2.397e+00  2.424e+00  2.449e+00  2.470e+00  2.487e+00  2.500e+00  2.510e+00  2.517e+00  2.521e+00  2.525e+00  2.532e+00  2.549e+00  2.570e+00  2.590e+00  2.606e+00  2.619e+00  2.630e+00  2.638e+00  2.645e+00  2.652e+00  2.658e+00  2.668e+00  2.676e+00  2.688e+00  2.690e+00  2.689e+00  2.696e+00  2.682e+00  2.639e+00  2.615e+00  2.642e+00  2.692e+00  2.664e+00  2.472e+00  2.102e+00  1.622e+00  1.161e+00  7.914e-01  5.250e-01  3.469e-01  2.310e-01  1.559e-01  1.068e-01  7.483e-02  5.378e-02  3.977e-02  3.027e-02  2.377e-02  1.923e-02  1.632e-02 	
 2.377e+00  2.401e+00  2.422e+00  2.440e+00  2.454e+00  2.465e+00  2.473e+00  2.478e+00  2.481e+00  2.484e+00  2.490e+00  2.507e+00  2.528e+00  2.548e+00  2.564e+00  2.577e+00  2.588e+00  2.596e+00  2.603e+00  2.609e+00  2.616e+00  2.624e+00  2.636e+00  2.642e+00  2.650e+00  2.652e+00  2.646e+00  2.650e+00  2.642e+00  2.604e+00  2.569e+00  2.588e+00  2.639e+00  2.640e+00  2.501e+00  2.167e+00  1.713e+00  1.250e+00  8.613e-01  5.751e-01  3.801e-01  2.515e-01  1.678e-01  1.138e-01  7.877e-02  5.587e-02  4.072e-02  3.060e-02  2.381e-02  1.967e-02 	
 2.356e+00  2.377e+00  2.396e+00  2.411e+00  2.422e+00  2.431e+00  2.437e+00  2.441e+00  2.443e+00  2.446e+00  2.451e+00  2.468e+00  2.489e+00  2.508e+00  2.525e+00  2.538e+00  2.548e+00  2.557e+00  2.564e+00  2.569e+00  2.576e+00  2.584e+00  2.593e+00  2.603e+00  2.608e+00  2.613e+00  2.615e+00  2.606e+00  2.606e+00  2.604e+00  2.575e+00  2.536e+00  2.540e+00  2.584e+00  2.607e+00  2.506e+00  2.227e+00  1.807e+00  1.348e+00  9.415e-01  6.340e-01  4.192e-01  2.759e-01  1.829e-01  1.229e-01  8.411e-02  5.886e-02  4.233e-02  3.156e-02  2.525e-02 	
 2.334e+00  2.353e+00  2.369e+00  2.382e+00  2.391e+00  2.398e+00  2.403e+00  2.405e+00  2.407e+00  2.409e+00  2.415e+00  2.431e+00  2.452e+00  2.471e+00  2.488e+00  2.501e+00  2.511e+00  2.520e+00  2.526e+00  2.532e+00  2.538e+00  2.546e+00  2.555e+00  2.564e+00  2.570e+00  2.574e+00  2.574e+00  2.576e+00  2.568e+00  2.565e+00  2.568e+00  2.546e+00  2.506e+00  2.493e+00  2.527e+00  2.564e+00  2.504e+00  2.281e+00  1.903e+00  1.449e+00  1.031e+00  7.008e-01  4.643e-01  3.053e-01  2.014e-01  1.342e-01  9.085e-02  6.284e-02  4.500e-02  3.480e-02 	
 2.312e+00  2.329e+00  2.343e+00  2.353e+00  2.362e+00  2.367e+00  2.370e+00  2.372e+00  2.373e+00  2.375e+00  2.380e+00  2.396e+00  2.417e+00  2.436e+00  2.453e+00  2.466e+00  2.477e+00  2.485e+00  2.492e+00  2.497e+00  2.503e+00  2.510e+00  2.519e+00  2.526e+00  2.533e+00  2.536e+00  2.539e+00  2.536e+00  2.537e+00  2.531e+00  2.524e+00  2.529e+00  2.515e+00  2.476e+00  2.449e+00  2.477e+00  2.520e+00  2.496e+00  2.329e+00  1.987e+00  1.554e+00  1.128e+00  7.757e-01  5.168e-01  3.400e-01  2.233e-01  1.477e-01  9.917e-02  6.866e-02  5.144e-02 	
 2.290e+00  2.305e+00  2.317e+00  2.326e+00  2.333e+00  2.337e+00  2.340e+00  2.341e+00  2.342e+00  2.343e+00  2.348e+00  2.364e+00  2.384e+00  2.403e+00  2.420e+00  2.433e+00  2.444e+00  2.452e+00  2.459e+00  2.465e+00  2.470e+00  2.477e+00  2.485e+00  2.492e+00  2.498e+00  2.502e+00  2.502e+00  2.504e+00  2.501e+00  2.501e+00  2.498e+00  2.490e+00  2.492e+00  2.486e+00  2.451e+00  2.420e+00  2.432e+00  2.475e+00  2.481e+00  2.356e+00  2.068e+00  1.663e+00  1.233e+00  8.586e-01  5.768e-01  3.798e-01  2.488e-01  1.638e-01  1.107e-01  8.074e-02 	
 2.269e+00  2.282e+00  2.292e+00  2.300e+00  2.306e+00  2.309e+00  2.311e+00  2.312e+00  2.312e+00  2.314e+00  2.318e+00  2.333e+00  2.353e+00  2.372e+00  2.389e+00  2.402e+00  2.413e+00  2.422e+00  2.429e+00  2.434e+00  2.439e+00  2.446e+00  2.453e+00  2.460e+00  2.466e+00  2.469e+00  2.470e+00  2.470e+00  2.469e+00  2.467e+00  2.465e+00  2.466e+00  2.458e+00  2.457e+00  2.457e+00  2.429e+00  2.392e+00  2.390e+00  2.427e+00  2.454e+00  2.377e+00  2.144e+00  1.771e+00  1.340e+00  9.497e-01  6.434e-01  4.250e-01  2.785e-01  1.854e-01  1.327e-01 	
 2.247e+00  2.259e+00  2.268e+00  2.275e+00  2.280e+00  2.283e+00  2.284e+00  2.284e+00  2.285e+00  2.286e+00  2.290e+00  2.305e+00  2.324e+00  2.343e+00  2.359e+00  2.373e+00  2.384e+00  2.393e+00  2.400e+00  2.405e+00  2.410e+00  2.417e+00  2.424e+00  2.430e+00  2.435e+00  2.438e+00  2.440e+00  2.438e+00  2.437e+00  2.436e+00  2.435e+00  2.433e+00  2.434e+00  2.427e+00  2.422e+00  2.424e+00  2.404e+00  2.367e+00  2.350e+00  2.388e+00  2.427e+00  2.391e+00  2.210e+00  1.868e+00  1.451e+00  1.047e+00  7.171e-01  4.767e-01  3.174e-01  2.247e-01 	
 2.227e+00  2.237e+00  2.246e+00  2.252e+00  2.256e+00  2.258e+00  2.259e+00  2.259e+00  2.259e+00  2.260e+00  2.265e+00  2.279e+00  2.297e+00  2.316e+00  2.332e+00  2.346e+00  2.357e+00  2.366e+00  2.373e+00  2.379e+00  2.383e+00  2.390e+00  2.397e+00  2.403e+00  2.407e+00  2.410e+00  2.411e+00  2.410e+00  2.408e+00  2.407e+00  2.405e+00  2.405e+00  2.403e+00  2.403e+00  2.398e+00  2.391e+00  2.393e+00  2.383e+00  2.348e+00  2.329e+00  2.353e+00  2.398e+00  2.394e+00  2.255e+00  1.961e+00  1.563e+00  1.151e+00  7.987e-01  5.430e-01  3.847e-01 	
 2.207e+00  2.216e+00  2.224e+00  2.229e+00  2.233e+00  2.235e+00  2.235e+00  2.235e+00  2.235e+00  2.236e+00  2.240e+00  2.254e+00  2.272e+00  2.290e+00  2.306e+00  2.320e+00  2.331e+00  2.341e+00  2.348e+00  2.353e+00  2.358e+00  2.364e+00  2.371e+00  2.377e+00  2.381e+00  2.383e+00  2.384e+00  2.383e+00  2.381e+00  2.379e+00  2.378e+00  2.376e+00  2.376e+00  2.373e+00  2.373e+00  2.371e+00  2.363e+00  2.364e+00  2.363e+00  2.335e+00  2.310e+00  2.321e+00  2.364e+00  2.383e+00  2.291e+00  2.047e+00  1.674e+00  1.258e+00  9.001e-01  6.502e-01 	
 2.188e+00  2.197e+00  2.203e+00  2.208e+00  2.211e+00  2.213e+00  2.213e+00  2.213e+00  2.213e+00  2.214e+00  2.218e+00  2.231e+00  2.249e+00  2.266e+00  2.282e+00  2.296e+00  2.307e+00  2.317e+00  2.324e+00  2.330e+00  2.335e+00  2.341e+00  2.347e+00  2.353e+00  2.357e+00  2.359e+00  2.359e+00  2.358e+00  2.355e+00  2.353e+00  2.352e+00  2.350e+00  2.349e+00  2.348e+00  2.346e+00  2.344e+00  2.344e+00  2.337e+00  2.336e+00  2.339e+00  2.322e+00  2.294e+00  2.291e+00  2.335e+00  2.368e+00  2.318e+00  2.121e+00  1.778e+00  1.385e+00  1.047e+00 	
 2.169e+00  2.178e+00  2.184e+00  2.189e+00  2.191e+00  2.193e+00  2.193e+00  2.193e+00  2.193e+00  2.194e+00  2.198e+00  2.210e+00  2.227e+00  2.244e+00  2.259e+00  2.273e+00  2.284e+00  2.294e+00  2.302e+00  2.308e+00  2.313e+00  2.319e+00  2.325e+00  2.331e+00  2.334e+00  2.336e+00  2.336e+00  2.335e+00  2.332e+00  2.329e+00  2.327e+00  2.326e+00  2.324e+00  2.323e+00  2.321e+00  2.321e+00  2.318e+00  2.319e+00  2.314e+00  2.313e+00  2.319e+00  2.311e+00  2.283e+00  2.275e+00  2.307e+00  2.349e+00  2.332e+00  2.179e+00  1.889e+00  1.534e+00 	
 2.152e+00  2.160e+00  2.166e+00  2.170e+00  2.173e+00  2.174e+00  2.174e+00  2.174e+00  2.174e+00  2.175e+00  2.179e+00  2.191e+00  2.206e+00  2.223e+00  2.238e+00  2.251e+00  2.263e+00  2.273e+00  2.281e+00  2.287e+00  2.292e+00  2.298e+00  2.304e+00  2.310e+00  2.313e+00  2.315e+00  2.315e+00  2.313e+00  2.310e+00  2.307e+00  2.305e+00  2.303e+00  2.301e+00  2.299e+00  2.298e+00  2.296e+00  2.295e+00  2.293e+00  2.295e+00  2.295e+00  2.293e+00  2.301e+00  2.302e+00  2.278e+00  2.261e+00  2.280e+00  2.325e+00  2.334e+00  2.228e+00  1.968e+00 	
 2.135e+00  2.143e+00  2.148e+00  2.153e+00  2.155e+00  2.157e+00  2.157e+00  2.157e+00  2.157e+00  2.158e+00  2.162e+00  2.173e+00  2.188e+00  2.203e+00  2.218e+00  2.231e+00  2.243e+00  2.253e+00  2.261e+00  2.267e+00  2.273e+00  2.279e+00  2.285e+00  2.290e+00  2.294e+00  2.296e+00  2.295e+00  2.294e+00  2.291e+00  2.288e+00  2.285e+00  2.282e+00  2.280e+00  2.278e+00  2.276e+00  2.274e+00  2.272e+00  2.272e+00  2.271e+00  2.274e+00  2.277e+00  2.276e+00  2.282e+00  2.288e+00  2.272e+00  2.250e+00  2.258e+00  2.304e+00  2.319e+00  2.195e+00 	
 2.119e+00  2.127e+00  2.132e+00  2.136e+00  2.139e+00  2.140e+00  2.141e+00  2.141e+00  2.141e+00  2.142e+00  2.146e+00  2.156e+00  2.170e+00  2.185e+00  2.199e+00  2.212e+00  2.224e+00  2.234e+00  2.242e+00  2.249e+00  2.254e+00  2.260e+00  2.267e+00  2.272e+00  2.276e+00  2.278e+00  2.277e+00  2.275e+00  2.272e+00  2.269e+00  2.266e+00  2.263e+00  2.261e+00  2.258e+00  2.255e+00  2.253e+00  2.252e+00  2.250e+00  2.251e+00  2.253e+00  2.255e+00  2.261e+00  2.261e+00  2.266e+00  2.275e+00  2.269e+00  2.247e+00  2.248e+00  2.268e+00  2.219e+00 	
 2.104e+00  2.111e+00  2.117e+00  2.121e+00  2.124e+00  2.126e+00  2.126e+00  2.127e+00  2.127e+00  2.128e+00  2.132e+00  2.141e+00  2.154e+00  2.168e+00  2.182e+00  2.194e+00  2.206e+00  2.216e+00  2.224e+00  2.231e+00  2.237e+00  2.243e+00  2.250e+00  2.255e+00  2.259e+00  2.261e+00  2.260e+00  2.259e+00  2.255e+00  2.252e+00  2.249e+00  2.246e+00  2.243e+00  2.239e+00  2.237e+00  2.234e+00  2.232e+00  2.231e+00  2.231e+00  2.232e+00  2.236e+00  2.239e+00  2.247e+00  2.250e+00  2.253e+00  2.265e+00  2.267e+00  2.249e+00  2.227e+00  2.176e+00 	
 2.090e+00  2.097e+00  2.103e+00  2.107e+00  2.110e+00  2.112e+00  2.113e+00  2.113e+00  2.114e+00  2.115e+00  2.119e+00  2.127e+00  2.140e+00  2.153e+00  2.166e+00  2.178e+00  2.189e+00  2.199e+00  2.207e+00  2.215e+00  2.221e+00  2.227e+00  2.234e+00  2.239e+00  2.243e+00  2.245e+00  2.245e+00  2.243e+00  2.240e+00  2.236e+00  2.233e+00  2.230e+00  2.226e+00  2.223e+00  2.220e+00  2.217e+00  2.214e+00  2.212e+00  2.212e+00  2.213e+00  2.216e+00  2.221e+00  2.225e+00  2.232e+00  2.238e+00  2.241e+00  2.253e+00  2.263e+00  2.244e+00  2.178e+00 	
 2.076e+00  2.083e+00  2.089e+00  2.094e+00  2.097e+00  2.099e+00  2.101e+00  2.101e+00  2.102e+00  2.104e+00  2.107e+00  2.115e+00  2.126e+00  2.138e+00  2.151e+00  2.162e+00  2.173e+00  2.183e+00  2.192e+00  2.199e+00  2.205e+00  2.212e+00  2.218e+00  2.224e+00  2.228e+00  2.230e+00  2.230e+00  2.229e+00  2.226e+00  2.222e+00  2.218e+00  2.215e+00  2.211e+00  2.208e+00  2.204e+00  2.200e+00  2.198e+00  2.196e+00  2.194e+00  2.195e+00  2.198e+00  2.201e+00  2.207e+00  2.213e+00  2.219e+00  2.228e+00  2.233e+00  2.245e+00  2.254e+00  2.212e+00 	
 2.063e+00  2.070e+00  2.077e+00  2.082e+00  2.085e+00  2.088e+00  2.089e+00  2.090e+00  2.091e+00  2.093e+00  2.096e+00  2.104e+00  2.114e+00  2.125e+00  2.137e+00  2.148e+00  2.159e+00  2.168e+00  2.177e+00  2.184e+00  2.191e+00  2.197e+00  2.204e+00  2.210e+00  2.214e+00  2.216e+00  2.217e+00  2.215e+00  2.212e+00  2.209e+00  2.205e+00  2.201e+00  2.198e+00  2.194e+00  2.190e+00  2.186e+00  2.183e+00  2.180e+00  2.179e+00  2.179e+00  2.181e+00  2.184e+00  2.189e+00  2.194e+00  2.201e+00  2.208e+00  2.220e+00  2.228e+00  2.232e+00  2.208e+00 	
 2.050e+00  2.058e+00  2.065e+00  2.070e+00  2.074e+00  2.077e+00  2.079e+00  2.080e+00  2.082e+00  2.083e+00  2.087e+00  2.093e+00  2.103e+00  2.113e+00  2.124e+00  2.135e+00  2.145e+00  2.154e+00  2.163e+00  2.170e+00  2.177e+00  2.184e+00  2.190e+00  2.196e+00  2.201e+00  2.203e+00  2.204e+00  2.203e+00  2.200e+00  2.197e+00  2.193e+00  2.189e+00  2.185e+00  2.181e+00  2.177e+00  2.173e+00  2.169e+00  2.166e+00  2.164e+00  2.164e+00  2.165e+00  2.168e+00  2.172e+00  2.177e+00  2.183e+00  2.192e+00  2.199e+00  2.212e+00  2.217e+00  2.188e+00 	
 2.038e+00  2.047e+00  2.053e+00  2.059e+00  2.063e+00  2.067e+00  2.069e+00  2.071e+00  2.073e+00  2.075e+00  2.078e+00  2.084e+00  2.093e+00  2.102e+00  2.112e+00  2.122e+00  2.132e+00  2.141e+00  2.150e+00  2.157e+00  2.164e+00  2.171e+00  2.178e+00  2.184e+00  2.188e+00  2.191e+00  2.192e+00  2.191e+00  2.188e+00  2.185e+00  2.181e+00  2.178e+00  2.174e+00  2.169e+00  2.165e+00  2.161e+00  2.157e+00  2.153e+00  2.151e+00  2.150e+00  2.151e+00  2.153e+00  2.156e+00  2.161e+00  2.167e+00  2.174e+00  2.183e+00  2.193e+00  2.200e+00  2.182e+00 	
 2.027e+00  2.035e+00  2.043e+00  2.049e+00  2.054e+00  2.058e+00  2.060e+00  2.063e+00  2.065e+00  2.067e+00  2.070e+00  2.076e+00  2.084e+00  2.092e+00  2.101e+00  2.111e+00  2.120e+00  2.129e+00  2.137e+00  2.145e+00  2.152e+00  2.158e+00  2.165e+00  2.171e+00  2.176e+00  2.179e+00  2.180e+00  2.180e+00  2.178e+00  2.175e+00  2.171e+00  2.167e+00  2.163e+00  2.159e+00  2.154e+00  2.150e+00  2.146e+00  2.142e+00  2.139e+00  2.138e+00  2.138e+00  2.140e+00  2.142e+00  2.147e+00  2.151e+00  2.158e+00  2.166e+00  2.176e+00  2.183e+00  2.164e+00 	
 2.015e+00  2.024e+00  2.032e+00  2.039e+00  2.044e+00  2.049e+00  2.052e+00  2.055e+00  2.057e+00  2.060e+00  2.063e+00  2.068e+00  2.075e+00  2.083e+00  2.092e+00  2.100e+00  2.109e+00  2.118e+00  2.126e+00  2.133e+00  2.140e+00  2.147e+00  2.154e+00  2.160e+00  2.165e+00  2.168e+00  2.170e+00  2.169e+00  2.168e+00  2.165e+00  2.161e+00  2.158e+00  2.154e+00  2.149e+00  2.145e+00  2.140e+00  2.136e+00  2.132e+00  2.129e+00  2.127e+00  2.127e+00  2.128e+00  2.130e+00  2.133e+00  2.137e+00  2.143e+00  2.150e+00  2.160e+00  2.166e+00  2.152e+00 	
 2.004e+00  2.014e+00  2.022e+00  2.030e+00  2.036e+00  2.041e+00  2.045e+00  2.048e+00  2.051e+00  2.053e+00  2.057e+00  2.061e+00  2.068e+00  2.075e+00  2.083e+00  2.091e+00  2.099e+00  2.107e+00  2.115e+00  2.122e+00  2.129e+00  2.136e+00  2.143e+00  2.149e+00  2.154e+00  2.158e+00  2.160e+00  2.160e+00  2.158e+00  2.155e+00  2.152e+00  2.149e+00  2.145e+00  2.140e+00  2.136e+00  2.131e+00  2.126e+00  2.122e+00  2.119e+00  2.117e+00  2.116e+00  2.117e+00  2.118e+00  2.121e+00  2.124e+00  2.129e+00  2.136e+00  2.145e+00  2.151e+00  2.136e+00 	
 1.993e+00  2.004e+00  2.013e+00  2.021e+00  2.027e+00  2.033e+00  2.038e+00  2.041e+00  2.045e+00  2.048e+00  2.051e+00  2.055e+00  2.061e+00  2.068e+00  2.075e+00  2.082e+00  2.090e+00  2.097e+00  2.105e+00  2.112e+00  2.119e+00  2.125e+00  2.132e+00  2.139e+00  2.144e+00  2.148e+00  2.150e+00  2.150e+00  2.149e+00  2.147e+00  2.144e+00  2.140e+00  2.136e+00  2.132e+00  2.128e+00  2.123e+00  2.118e+00  2.114e+00  2.110e+00  2.108e+00  2.107e+00  2.107e+00  2.108e+00  2.110e+00  2.113e+00  2.117e+00  2.123e+00  2.131e+00  2.136e+00  2.123e+00 	
 1.982e+00  1.993e+00  2.003e+00  2.012e+00  2.019e+00  2.025e+00  2.031e+00  2.035e+00  2.039e+00  2.042e+00  2.046e+00  2.050e+00  2.055e+00  2.061e+00  2.067e+00  2.074e+00  2.081e+00  2.088e+00  2.096e+00  2.102e+00  2.109e+00  2.116e+00  2.123e+00  2.129e+00  2.135e+00  2.139e+00  2.141e+00  2.142e+00  2.141e+00  2.139e+00  2.136e+00  2.133e+00  2.129e+00  2.125e+00  2.120e+00  2.115e+00  2.111e+00  2.106e+00  2.102e+00  2.100e+00  2.098e+00  2.098e+00  2.098e+00  2.100e+00  2.102e+00  2.106e+00  2.111e+00  2.118e+00  2.122e+00  2.111e+00 	
 1.971e+00  1.983e+00  1.994e+00  2.003e+00  2.011e+00  2.018e+00  2.024e+00  2.029e+00  2.034e+00  2.037e+00  2.041e+00  2.045e+00  2.050e+00  2.055e+00  2.061e+00  2.067e+00  2.073e+00  2.080e+00  2.087e+00  2.093e+00  2.100e+00  2.106e+00  2.113e+00  2.120e+00  2.125e+00  2.130e+00  2.132e+00  2.133e+00  2.133e+00  2.131e+00  2.129e+00  2.126e+00  2.122e+00  2.118e+00  2.113e+00  2.109e+00  2.104e+00  2.099e+00  2.095e+00  2.093e+00  2.091e+00  2.090e+00  2.090e+00  2.091e+00  2.093e+00  2.096e+00  2.100e+00  2.106e+00  2.110e+00  2.099e+00 	
 1.960e+00  1.972e+00  1.984e+00  1.994e+00  2.003e+00  2.011e+00  2.018e+00  2.024e+00  2.029e+00  2.033e+00  2.037e+00  2.040e+00  2.045e+00  2.049e+00  2.055e+00  2.060e+00  2.066e+00  2.073e+00  2.079e+00  2.085e+00  2.091e+00  2.098e+00  2.105e+00  2.111e+00  2.117e+00  2.121e+00  2.124e+00  2.125e+00  2.125e+00  2.124e+00  2.122e+00  2.119e+00  2.115e+00  2.111e+00  2.107e+00  2.102e+00  2.098e+00  2.093e+00  2.089e+00  2.086e+00  2.084e+00  2.083e+00  2.083e+00  2.083e+00  2.085e+00  2.087e+00  2.091e+00  2.096e+00  2.099e+00  2.088e+00 	
 1.948e+00  1.962e+00  1.974e+00  1.985e+00  1.995e+00  2.004e+00  2.012e+00  2.019e+00  2.024e+00  2.029e+00  2.033e+00  2.036e+00  2.040e+00  2.044e+00  2.049e+00  2.054e+00  2.060e+00  2.066e+00  2.072e+00  2.077e+00  2.083e+00  2.090e+00  2.096e+00  2.103e+00  2.108e+00  2.113e+00  2.116e+00  2.118e+00  2.118e+00  2.117e+00  2.115e+00  2.112e+00  2.109e+00  2.105e+00  2.101e+00  2.097e+00  2.092e+00  2.087e+00  2.083e+00  2.080e+00  2.078e+00  2.077e+00  2.076e+00  2.076e+00  2.077e+00  2.079e+00  2.082e+00  2.087e+00  2.090e+00  2.078e+00 	
 1.936e+00  1.950e+00  1.964e+00  1.976e+00  1.987e+00  1.997e+00  2.006e+00  2.013e+00  2.020e+00  2.025e+00  2.029e+00  2.033e+00  2.036e+00  2.040e+00  2.044e+00  2.049e+00  2.054e+00  2.059e+00  2.065e+00  2.070e+00  2.076e+00  2.082e+00  2.088e+00  2.095e+00  2.100e+00  2.105e+00  2.109e+00  2.111e+00  2.111e+00  2.111e+00  2.109e+00  2.107e+00  2.104e+00  2.100e+00  2.096e+00  2.091e+00  2.087e+00  2.082e+00  2.078e+00  2.075e+00  2.072e+00  2.071e+00  2.070e+00  2.070e+00  2.070e+00  2.072e+00  2.075e+00  2.079e+00  2.081e+00  2.070e+00 	
 1.923e+00  1.938e+00  1.952e+00  1.966e+00  1.978e+00  1.989e+00  1.999e+00  2.008e+00  2.015e+00  2.021e+00  2.026e+00  2.030e+00  2.033e+00  2.036e+00  2.040e+00  2.044e+00  2.049e+00  2.053e+00  2.059e+00  2.064e+00  2.069e+00  2.075e+00  2.081e+00  2.087e+00  2.093e+00  2.098e+00  2.102e+00  2.104e+00  2.105e+00  2.104e+00  2.103e+00  2.101e+00  2.098e+00  2.095e+00  2.091e+00  2.086e+00  2.082e+00  2.077e+00  2.073e+00  2.070e+00  2.067e+00  2.066e+00  2.065e+00  2.064e+00  2.065e+00  2.066e+00  2.068e+00  2.071e+00  2.073e+00  2.062e+00 	
 1.909e+00  1.925e+00  1.941e+00  1.955e+00  1.968e+00  1.981e+00  1.992e+00  2.002e+00  2.011e+00  2.018e+00  2.023e+00  2.027e+00  2.030e+00  2.033e+00  2.036e+00  2.040e+00  2.044e+00  2.048e+00  2.053e+00  2.058e+00  2.063e+00  2.068e+00  2.074e+00  2.080e+00  2.086e+00  2.091e+00  2.095e+00  2.097e+00  2.099e+00  2.099e+00  2.097e+00  2.096e+00  2.093e+00  2.090e+00  2.086e+00  2.082e+00  2.077e+00  2.073e+00  2.069e+00  2.066e+00  2.063e+00  2.061e+00  2.060e+00  2.059e+00  2.059e+00  2.060e+00  2.062e+00  2.065e+00  2.066e+00  2.055e+00 	
 1.894e+00  1.911e+00  1.927e+00  1.943e+00  1.958e+00  1.971e+00  1.984e+00  1.996e+00  2.006e+00  2.014e+00  2.021e+00  2.024e+00  2.027e+00  2.029e+00  2.032e+00  2.036e+00  2.039e+00  2.043e+00  2.048e+00  2.052e+00  2.057e+00  2.062e+00  2.068e+00  2.074e+00  2.079e+00  2.084e+00  2.088e+00  2.091e+00  2.093e+00  2.093e+00  2.092e+00  2.091e+00  2.088e+00  2.085e+00  2.082e+00  2.078e+00  2.073e+00  2.069e+00  2.065e+00  2.062e+00  2.059e+00  2.057e+00  2.056e+00  2.055e+00  2.055e+00  2.055e+00  2.057e+00  2.059e+00  2.060e+00  2.048e+00 	
 1.878e+00  1.896e+00  1.913e+00  1.929e+00  1.945e+00  1.960e+00  1.975e+00  1.988e+00  2.000e+00  2.010e+00  2.018e+00  2.022e+00  2.025e+00  2.027e+00  2.029e+00  2.032e+00  2.036e+00  2.039e+00  2.043e+00  2.047e+00  2.052e+00  2.057e+00  2.062e+00  2.067e+00  2.073e+00  2.078e+00  2.082e+00  2.085e+00  2.087e+00  2.088e+00  2.087e+00  2.086e+00  2.084e+00  2.081e+00  2.078e+00  2.074e+00  2.070e+00  2.065e+00  2.061e+00  2.058e+00  2.055e+00  2.053e+00  2.052e+00  2.051e+00  2.051e+00  2.051e+00  2.052e+00  2.055e+00  2.055e+00  2.042e+00 	
 1.860e+00  1.879e+00  1.897e+00  1.914e+00  1.931e+00  1.948e+00  1.964e+00  1.979e+00  1.993e+00  2.006e+00  2.015e+00  2.020e+00  2.023e+00  2.025e+00  2.027e+00  2.029e+00  2.032e+00  2.036e+00  2.039e+00  2.043e+00  2.047e+00  2.052e+00  2.057e+00  2.062e+00  2.067e+00  2.072e+00  2.076e+00  2.080e+00  2.082e+00  2.083e+00  2.083e+00  2.082e+00  2.080e+00  2.077e+00  2.074e+00  2.071e+00  2.066e+00  2.062e+00  2.058e+00  2.055e+00  2.052e+00  2.050e+00  2.049e+00  2.048e+00  2.047e+00  2.048e+00  2.049e+00  2.051e+00  2.052e+00  2.037e+00 	
 1.841e+00  1.860e+00  1.878e+00  1.896e+00  1.914e+00  1.932e+00  1.949e+00  1.966e+00  1.983e+00  1.998e+00  2.012e+00  2.018e+00  2.021e+00  2.023e+00  2.024e+00  2.027e+00  2.029e+00  2.032e+00  2.035e+00  2.039e+00  2.043e+00  2.047e+00  2.052e+00  2.057e+00  2.062e+00  2.066e+00  2.071e+00  2.074e+00  2.077e+00  2.078e+00  2.078e+00  2.078e+00  2.076e+00  2.074e+00  2.071e+00  2.067e+00  2.064e+00  2.060e+00  2.056e+00  2.052e+00  2.050e+00  2.048e+00  2.046e+00  2.045e+00  2.045e+00  2.045e+00  2.046e+00  2.048e+00  2.047e+00  2.028e+00 	
 1.819e+00  1.838e+00  1.858e+00  1.876e+00  1.895e+00  1.913e+00  1.931e+00  1.949e+00  1.967e+00  1.985e+00  2.002e+00  2.012e+00  2.015e+00  2.017e+00  2.019e+00  2.022e+00  2.024e+00  2.027e+00  2.030e+00  2.033e+00  2.037e+00  2.041e+00  2.045e+00  2.050e+00  2.054e+00  2.059e+00  2.063e+00  2.067e+00  2.069e+00  2.071e+00  2.071e+00  2.071e+00  2.069e+00  2.067e+00  2.065e+00  2.061e+00  2.058e+00  2.054e+00  2.050e+00  2.047e+00  2.044e+00  2.041e+00  2.040e+00  2.038e+00  2.037e+00  2.036e+00  2.035e+00  2.034e+00  2.027e+00  2.002e+00 	
