 2.329e-01  3.455e-01  4.943e-01  6.529e-01  7.782e-01  8.567e-01  8.997e-01  9.286e-01  9.460e-01  9.580e-01  9.668e-01  9.753e-01  9.780e-01  9.817e-01  9.845e-01  9.867e-01  9.884e-01  9.897e-01  9.907e-01  9.915e-01  9.920e-01  9.923e-01  9.924e-01  9.922e-01  9.918e-01  9.910e-01  9.899e-01  9.883e-01  9.860e-01  9.826e-01  9.779e-01  9.706e-01  9.590e-01  9.455e-01  8.949e-01  7.861e-01  4.908e-01  9.325e-02  1.857e-02  3.721e-01  1.018e-01  4.126e-02 -4.711e-03 -6.762e-03  1.358e-02 -4.120e-03 -2.917e-03 -2.829e-03 -2.723e-03 -2.859e-03 	
 1.972e-01  3.546e-01  5.770e-01  8.048e-01  9.513e-01  9.900e-01  9.900e-01  9.900e-01  9.900e-01  9.900e-01  9.900e-01  9.900e-01  9.900e-01  9.900e-01  9.900e-01  9.900e-01  9.900e-01  9.900e-01  9.900e-01  9.900e-01  9.900e-01  9.900e-01  9.998e-01  9.994e-01  9.989e-01  9.983e-01  9.976e-01  9.966e-01  9.953e-01  9.934e-01  9.909e-01  9.871e-01  9.809e-01  9.736e-01  9.452e-01  8.773e-01  6.429e-01  1.725e-01  4.254e-02  5.639e-01  1.922e-01  1.017e-01  8.445e-03  4.520e-04  4.071e-02  1.959e-03  1.983e-03  8.373e-04  4.138e-04 -2.352e-04 	
 2.676e-01  4.224e-01  6.379e-01  8.458e-01  9.623e-01  9.900e-01  9.900e-01  9.900e-01  9.900e-01  9.900e-01  9.900e-01  9.900e-01  9.900e-01  9.900e-01  9.900e-01  9.900e-01  9.999e-01  9.999e-01  9.998e-01  9.998e-01  9.997e-01  9.996e-01  9.995e-01  9.994e-01  9.992e-01  9.989e-01  9.986e-01  9.981e-01  9.975e-01  9.967e-01  9.955e-01  9.937e-01  9.908e-01  9.873e-01  9.733e-01  9.375e-01  7.845e-01  2.871e-01  7.952e-02  7.199e-01  3.090e-01  1.738e-01  1.642e-02  1.878e-03  7.372e-02  4.086e-03  3.737e-03  1.403e-03  9.054e-04  2.400e-04 	
 3.233e-01  4.659e-01  6.826e-01  8.856e-01  9.776e-01  9.900e-01  9.900e-01  9.900e-01  9.900e-01  9.900e-01  9.900e-01  9.900e-01  9.900e-01  9.900e-01  9.900e-01  9.900e-01  9.900e-01  9.900e-01  9.900e-01  9.900e-01  9.999e-01  9.998e-01  9.997e-01  9.996e-01  9.995e-01  9.993e-01  9.991e-01  9.988e-01  9.985e-01  9.979e-01  9.972e-01  9.960e-01  9.942e-01  9.920e-01  9.833e-01  9.606e-01  8.562e-01  3.948e-01  1.225e-01  8.090e-01  4.186e-01  2.522e-01  2.586e-02  2.629e-03  1.143e-01  6.368e-03  5.910e-03  2.175e-03  1.364e-03  2.907e-04 	
 3.641e-01  4.888e-01  7.171e-01  9.243e-01  9.888e-01  9.900e-01  9.900e-01  9.900e-01  9.900e-01  9.900e-01  9.900e-01  9.900e-01  9.900e-01  9.900e-01  9.900e-01  9.900e-01  9.900e-01  9.900e-01  9.900e-01  9.900e-01  9.900e-01  9.999e-01  9.998e-01  9.998e-01  9.997e-01  9.996e-01  9.994e-01  9.992e-01  9.990e-01  9.987e-01  9.982e-01  9.974e-01  9.962e-01  9.948e-01  9.891e-01  9.742e-01  9.024e-01  5.023e-01  1.770e-01  8.684e-01  5.240e-01  3.393e-01  3.917e-02  3.919e-03  1.661e-01  9.699e-03  9.070e-03  3.325e-03  2.042e-03  3.157e-04 	
 3.938e-01  4.958e-01  7.457e-01  9.612e-01  9.962e-01  9.900e-01  9.900e-01  9.900e-01  9.900e-01  9.900e-01  9.900e-01  9.900e-01  9.900e-01  9.900e-01  9.900e-01  9.900e-01  9.900e-01  9.900e-01  9.900e-01  9.900e-01  9.900e-01  9.900e-01  9.999e-01  9.998e-01  9.998e-01  9.997e-01  9.996e-01  9.995e-01  9.993e-01  9.991e-01  9.988e-01  9.983e-01  9.975e-01  9.966e-01  9.928e-01  9.828e-01  9.337e-01  6.051e-01  2.454e-01  9.096e-01  6.228e-01  4.344e-01  5.803e-02  6.031e-03  2.315e-01  1.463e-02  1.371e-02  5.023e-03  3.073e-03  4.035e-04 	
 4.177e-01  5.036e-01  7.782e-01  9.835e-01  9.987e-01  9.900e-01  9.900e-01  9.900e-01  9.900e-01  9.900e-01  9.900e-01  9.900e-01  9.900e-01  9.900e-01  9.900e-01  9.900e-01  9.900e-01  9.900e-01  9.900e-01  9.900e-01  9.900e-01  9.900e-01  9.900e-01  9.999e-01  9.999e-01  9.998e-01  9.998e-01  9.997e-01  9.996e-01  9.994e-01  9.992e-01  9.989e-01  9.984e-01  9.977e-01  9.952e-01  9.886e-01  9.554e-01  6.995e-01  3.307e-01  9.387e-01  7.126e-01  5.355e-01  8.497e-02  9.484e-03  3.126e-01  2.204e-02  2.070e-02  7.593e-03  4.664e-03  5.894e-04 	
 4.375e-01  5.294e-01  7.695e-01  9.727e-01  9.980e-01  9.900e-01  9.900e-01  9.900e-01  9.900e-01  9.900e-01  9.900e-01  9.900e-01  9.900e-01  9.900e-01  9.900e-01  9.900e-01  9.900e-01  9.900e-01  9.900e-01  9.900e-01  9.900e-01  9.900e-01  9.900e-01  9.900e-01  9.900e-01  9.999e-01  9.998e-01  9.998e-01  9.997e-01  9.996e-01  9.995e-01  9.993e-01  9.989e-01  9.985e-01  9.969e-01  9.926e-01  9.706e-01  7.808e-01  4.328e-01  9.593e-01  7.902e-01  6.374e-01  1.230e-01  1.518e-02  4.083e-01  3.330e-02  3.143e-02  1.165e-02  7.157e-03  9.176e-04 	
 4.509e-01  5.579e-01  7.622e-01  9.454e-01  9.936e-01  9.900e-01  9.900e-01  9.900e-01  9.900e-01  9.900e-01  9.900e-01  9.900e-01  9.900e-01  9.900e-01  9.900e-01  9.900e-01  9.900e-01  9.900e-01  9.900e-01  9.900e-01  9.900e-01  9.900e-01  9.900e-01  9.900e-01  9.900e-01  9.900e-01  9.999e-01  9.999e-01  9.998e-01  9.998e-01  9.997e-01  9.995e-01  9.993e-01  9.990e-01  9.980e-01  9.952e-01  9.806e-01  8.442e-01  5.396e-01  9.731e-01  8.517e-01  7.318e-01  1.748e-01  2.462e-02  5.125e-01  5.017e-02  4.748e-02  1.780e-02  1.100e-02  1.468e-03 	
 4.541e-01  5.718e-01  7.525e-01  9.188e-01  9.865e-01  9.900e-01  9.900e-01  9.900e-01  9.900e-01  9.900e-01  9.900e-01  9.900e-01  9.900e-01  9.900e-01  9.900e-01  9.900e-01  9.900e-01  9.900e-01  9.900e-01  9.900e-01  9.900e-01  9.900e-01  9.900e-01  9.900e-01  9.900e-01  9.900e-01  9.900e-01  9.900e-01  9.999e-01  9.998e-01  9.998e-01  9.997e-01  9.996e-01  9.994e-01  9.987e-01  9.969e-01  9.876e-01  8.940e-01  6.464e-01  9.826e-01  8.993e-01  8.148e-01  2.443e-01  4.053e-02  6.198e-01  7.618e-02  7.244e-02  2.772e-02  1.722e-02  2.394e-03 	
 4.438e-01  5.680e-01  7.376e-01  8.966e-01  9.787e-01  9.900e-01  9.900e-01  9.900e-01  9.900e-01  9.900e-01  9.900e-01  9.900e-01  9.900e-01  9.900e-01  9.900e-01  9.900e-01  9.900e-01  9.900e-01  9.900e-01  9.900e-01  9.900e-01  9.900e-01  9.900e-01  9.900e-01  9.900e-01  9.900e-01  9.900e-01  9.900e-01  9.900e-01  9.900e-01  9.999e-01  9.998e-01  9.997e-01  9.996e-01  9.992e-01  9.981e-01  9.922e-01  9.307e-01  7.430e-01  9.890e-01  9.339e-01  8.814e-01  3.315e-01  6.609e-02  7.206e-01  1.151e-01  1.101e-01  4.344e-02  2.720e-02  3.940e-03 	
 4.233e-01  5.524e-01  7.199e-01  8.792e-01  9.719e-01  9.900e-01  9.900e-01  9.900e-01  9.900e-01  9.900e-01  9.900e-01  9.900e-01  9.900e-01  9.900e-01  9.900e-01  9.900e-01  9.900e-01  9.900e-01  9.900e-01  9.900e-01  9.900e-01  9.900e-01  9.900e-01  9.900e-01  9.900e-01  9.900e-01  9.900e-01  9.900e-01  9.900e-01  9.900e-01  9.900e-01  9.999e-01  9.998e-01  9.998e-01  9.995e-01  9.988e-01  9.951e-01  9.552e-01  8.200e-01  9.931e-01  9.573e-01  9.290e-01  4.323e-01  1.051e-01  8.056e-01  1.709e-01  1.642e-01  6.747e-02  4.289e-02  6.515e-03 	
 3.978e-01  5.302e-01  7.016e-01  8.670e-01  9.672e-01  9.900e-01  9.900e-01  9.900e-01  9.900e-01  9.900e-01  9.900e-01  9.900e-01  9.900e-01  9.900e-01  9.900e-01  9.900e-01  9.900e-01  9.900e-01  9.900e-01  9.900e-01  9.900e-01  9.900e-01  9.900e-01  9.900e-01  9.900e-01  9.900e-01  9.900e-01  9.900e-01  9.900e-01  9.900e-01  9.900e-01  9.900e-01  9.999e-01  9.999e-01  9.997e-01  9.993e-01  9.970e-01  9.720e-01  8.799e-01  9.957e-01  9.731e-01  9.612e-01  5.426e-01  1.619e-01  8.730e-01  2.490e-01  2.409e-01  1.051e-01  6.817e-02  1.080e-02 	
 3.749e-01  5.081e-01  6.871e-01  8.628e-01  9.664e-01  9.900e-01  9.900e-01  9.900e-01  9.900e-01  9.900e-01  9.900e-01  9.900e-01  9.900e-01  9.900e-01  9.900e-01  9.900e-01  9.900e-01  9.900e-01  9.900e-01  9.900e-01  9.900e-01  9.900e-01  9.900e-01  9.900e-01  9.900e-01  9.900e-01  9.900e-01  9.900e-01  9.900e-01  9.900e-01  9.900e-01  9.900e-01  9.900e-01  9.900e-01  9.998e-01  9.995e-01  9.981e-01  9.826e-01  9.222e-01  9.974e-01  9.833e-01  9.807e-01  6.511e-01  2.376e-01  9.214e-01  3.482e-01  3.389e-01  1.597e-01  1.067e-01  1.777e-02 	
 3.584e-01  4.884e-01  6.781e-01  8.683e-01  9.700e-01  9.900e-01  9.900e-01  9.900e-01  9.900e-01  9.900e-01  9.900e-01  9.900e-01  9.900e-01  9.900e-01  9.900e-01  9.900e-01  9.900e-01  9.900e-01  9.900e-01  9.900e-01  9.900e-01  9.900e-01  9.900e-01  9.900e-01  9.900e-01  9.900e-01  9.900e-01  9.900e-01  9.900e-01  9.900e-01  9.900e-01  9.900e-01  9.900e-01  9.900e-01  9.999e-01  9.997e-01  9.989e-01  9.893e-01  9.508e-01  9.984e-01  9.897e-01  9.914e-01  7.491e-01  3.318e-01  9.537e-01  4.643e-01  4.551e-01  2.366e-01  1.642e-01  2.887e-02 	
 3.488e-01  4.698e-01  6.733e-01  8.843e-01  9.775e-01  9.900e-01  9.900e-01  9.900e-01  9.900e-01  9.900e-01  9.900e-01  9.900e-01  9.900e-01  9.900e-01  9.900e-01  9.900e-01  9.900e-01  9.900e-01  9.900e-01  9.900e-01  9.900e-01  9.900e-01  9.900e-01  9.900e-01  9.900e-01  9.900e-01  9.900e-01  9.900e-01  9.900e-01  9.900e-01  9.900e-01  9.900e-01  9.900e-01  9.900e-01  9.900e-01  9.998e-01  9.993e-01  9.935e-01  9.696e-01  9.991e-01  9.938e-01  9.968e-01  8.303e-01  4.403e-01  9.741e-01  5.867e-01  5.789e-01  3.375e-01  2.452e-01  4.601e-02 	
 3.456e-01  4.509e-01  6.690e-01  9.092e-01  9.867e-01  9.900e-01  9.900e-01  9.900e-01  9.900e-01  9.900e-01  9.900e-01  9.900e-01  9.900e-01  9.900e-01  9.900e-01  9.900e-01  9.900e-01  9.900e-01  9.900e-01  9.900e-01  9.900e-01  9.900e-01  9.900e-01  9.900e-01  9.900e-01  9.900e-01  9.900e-01  9.900e-01  9.900e-01  9.900e-01  9.900e-01  9.900e-01  9.900e-01  9.900e-01  9.900e-01  9.900e-01  9.996e-01  9.960e-01  9.814e-01  9.994e-01  9.963e-01  9.992e-01  8.910e-01  5.543e-01  9.861e-01  7.004e-01  6.945e-01  4.559e-01  3.496e-01  7.137e-02 	
 3.489e-01  4.381e-01  6.648e-01  9.365e-01  9.933e-01  9.900e-01  9.900e-01  9.900e-01  9.900e-01  9.900e-01  9.900e-01  9.900e-01  9.900e-01  9.900e-01  9.900e-01  9.900e-01  9.900e-01  9.900e-01  9.900e-01  9.900e-01  9.900e-01  9.900e-01  9.900e-01  9.900e-01  9.900e-01  9.900e-01  9.900e-01  9.900e-01  9.900e-01  9.900e-01  9.900e-01  9.900e-01  9.900e-01  9.900e-01  9.900e-01  9.900e-01  9.997e-01  9.976e-01  9.887e-01  9.997e-01  9.978e-01  9.900e-01  9.331e-01  6.647e-01  9.928e-01  7.956e-01  7.918e-01  5.821e-01  4.722e-01  1.075e-01 	
 3.592e-01  4.475e-01  6.601e-01  9.286e-01  9.910e-01  9.900e-01  9.900e-01  9.900e-01  9.900e-01  9.900e-01  9.900e-01  9.900e-01  9.900e-01  9.900e-01  9.900e-01  9.900e-01  9.900e-01  9.900e-01  9.900e-01  9.900e-01  9.900e-01  9.900e-01  9.900e-01  9.900e-01  9.900e-01  9.900e-01  9.900e-01  9.900e-01  9.900e-01  9.900e-01  9.900e-01  9.900e-01  9.900e-01  9.900e-01  9.900e-01  9.900e-01  9.998e-01  9.985e-01  9.932e-01  9.998e-01  9.987e-01  9.900e-01  9.602e-01  7.620e-01  9.964e-01  8.677e-01  8.652e-01  7.006e-01  5.994e-01  1.572e-01 	
 3.746e-01  4.735e-01  6.634e-01  8.919e-01  9.798e-01  9.900e-01  9.900e-01  9.900e-01  9.900e-01  9.900e-01  9.900e-01  9.900e-01  9.900e-01  9.900e-01  9.900e-01  9.900e-01  9.900e-01  9.900e-01  9.900e-01  9.900e-01  9.900e-01  9.900e-01  9.900e-01  9.900e-01  9.900e-01  9.900e-01  9.900e-01  9.900e-01  9.900e-01  9.900e-01  9.900e-01  9.900e-01  9.900e-01  9.900e-01  9.900e-01  9.900e-01  9.900e-01  9.991e-01  9.959e-01  9.999e-01  9.992e-01  9.900e-01  9.768e-01  8.398e-01  9.983e-01  9.178e-01  9.161e-01  7.985e-01  7.158e-01  2.231e-01 	
 3.914e-01  4.979e-01  6.680e-01  8.623e-01  9.659e-01  9.990e-01  9.900e-01  9.900e-01  9.900e-01  9.900e-01  9.900e-01  9.900e-01  9.900e-01  9.900e-01  9.900e-01  9.900e-01  9.900e-01  9.900e-01  9.900e-01  9.900e-01  9.900e-01  9.900e-01  9.900e-01  9.900e-01  9.900e-01  9.900e-01  9.900e-01  9.900e-01  9.900e-01  9.900e-01  9.900e-01  9.900e-01  9.900e-01  9.900e-01  9.900e-01  9.900e-01  9.900e-01  9.995e-01  9.974e-01  9.900e-01  9.995e-01  9.900e-01  9.866e-01  8.969e-01  9.993e-01  9.506e-01  9.494e-01  8.713e-01  8.107e-01  3.078e-01 	
 4.068e-01  5.155e-01  6.705e-01  8.422e-01  9.530e-01  9.965e-01  9.900e-01  9.900e-01  9.900e-01  9.900e-01  9.900e-01  9.900e-01  9.900e-01  9.900e-01  9.900e-01  9.900e-01  9.900e-01  9.900e-01  9.900e-01  9.900e-01  9.900e-01  9.900e-01  9.900e-01  9.900e-01  9.900e-01  9.900e-01  9.900e-01  9.900e-01  9.900e-01  9.900e-01  9.900e-01  9.900e-01  9.900e-01  9.900e-01  9.900e-01  9.900e-01  9.900e-01  9.996e-01  9.984e-01  9.900e-01  9.997e-01  9.900e-01  9.922e-01  9.353e-01  9.997e-01  9.708e-01  9.701e-01  9.206e-01  8.799e-01  4.100e-01 	
 4.192e-01  5.267e-01  6.715e-01  8.297e-01  9.433e-01  9.940e-01  9.900e-01  9.900e-01  9.900e-01  9.900e-01  9.900e-01  9.900e-01  9.900e-01  9.900e-01  9.900e-01  9.900e-01  9.900e-01  9.900e-01  9.900e-01  9.900e-01  9.900e-01  9.900e-01  9.900e-01  9.900e-01  9.900e-01  9.900e-01  9.900e-01  9.900e-01  9.900e-01  9.900e-01  9.900e-01  9.900e-01  9.900e-01  9.900e-01  9.900e-01  9.900e-01  9.900e-01  9.998e-01  9.989e-01  9.900e-01  9.998e-01  9.900e-01  9.952e-01  9.593e-01  9.900e-01  9.826e-01  9.822e-01  9.515e-01  9.255e-01  5.213e-01 	
 4.284e-01  5.329e-01  6.710e-01  8.229e-01  9.377e-01  9.922e-01  9.900e-01  9.900e-01  9.900e-01  9.900e-01  9.900e-01  9.900e-01  9.900e-01  9.900e-01  9.900e-01  9.900e-01  9.900e-01  9.900e-01  9.900e-01  9.900e-01  9.900e-01  9.900e-01  9.900e-01  9.900e-01  9.900e-01  9.900e-01  9.900e-01  9.900e-01  9.900e-01  9.900e-01  9.900e-01  9.900e-01  9.900e-01  9.900e-01  9.900e-01  9.900e-01  9.900e-01  9.998e-01  9.992e-01  9.900e-01  9.999e-01  9.900e-01  9.969e-01  9.732e-01  9.900e-01  9.891e-01  9.889e-01  9.695e-01  9.531e-01  6.264e-01 	
 4.344e-01  5.346e-01  6.688e-01  8.202e-01  9.365e-01  9.916e-01  9.900e-01  9.900e-01  9.900e-01  9.900e-01  9.900e-01  9.900e-01  9.900e-01  9.900e-01  9.900e-01  9.900e-01  9.900e-01  9.900e-01  9.900e-01  9.900e-01  9.900e-01  9.900e-01  9.900e-01  9.900e-01  9.900e-01  9.900e-01  9.900e-01  9.900e-01  9.900e-01  9.900e-01  9.900e-01  9.900e-01  9.900e-01  9.900e-01  9.900e-01  9.900e-01  9.900e-01  9.998e-01  9.993e-01  9.900e-01  9.900e-01  9.900e-01  9.977e-01  9.810e-01  9.900e-01  9.926e-01  9.925e-01  9.795e-01  9.687e-01  7.122e-01 	
 4.377e-01  5.323e-01  6.640e-01  8.212e-01  9.401e-01  9.925e-01  9.900e-01  9.900e-01  9.900e-01  9.900e-01  9.900e-01  9.900e-01  9.900e-01  9.900e-01  9.900e-01  9.900e-01  9.900e-01  9.900e-01  9.900e-01  9.900e-01  9.900e-01  9.900e-01  9.900e-01  9.900e-01  9.900e-01  9.900e-01  9.900e-01  9.900e-01  9.900e-01  9.900e-01  9.900e-01  9.900e-01  9.900e-01  9.900e-01  9.900e-01  9.900e-01  9.900e-01  9.999e-01  9.994e-01  9.900e-01  9.900e-01  9.900e-01  9.982e-01  9.853e-01  9.900e-01  9.945e-01  9.945e-01  9.850e-01  9.774e-01  7.742e-01 	
 4.392e-01  5.266e-01  6.554e-01  8.254e-01  9.485e-01  9.945e-01  9.900e-01  9.900e-01  9.900e-01  9.900e-01  9.900e-01  9.900e-01  9.900e-01  9.900e-01  9.900e-01  9.900e-01  9.900e-01  9.900e-01  9.900e-01  9.900e-01  9.900e-01  9.900e-01  9.900e-01  9.900e-01  9.900e-01  9.900e-01  9.900e-01  9.900e-01  9.900e-01  9.900e-01  9.900e-01  9.900e-01  9.900e-01  9.900e-01  9.900e-01  9.900e-01  9.900e-01  9.999e-01  9.995e-01  9.900e-01  9.900e-01  9.900e-01  9.984e-01  9.877e-01  9.900e-01  9.955e-01  9.956e-01  9.881e-01  9.824e-01  8.163e-01 	
 4.400e-01  5.189e-01  6.410e-01  8.331e-01  9.613e-01  9.971e-01  9.900e-01  9.900e-01  9.900e-01  9.900e-01  9.900e-01  9.900e-01  9.900e-01  9.900e-01  9.900e-01  9.900e-01  9.900e-01  9.900e-01  9.900e-01  9.900e-01  9.900e-01  9.900e-01  9.900e-01  9.900e-01  9.900e-01  9.900e-01  9.900e-01  9.900e-01  9.900e-01  9.900e-01  9.900e-01  9.900e-01  9.900e-01  9.900e-01  9.900e-01  9.900e-01  9.900e-01  9.999e-01  9.995e-01  9.900e-01  9.900e-01  9.900e-01  9.986e-01  9.892e-01  9.900e-01  9.962e-01  9.963e-01  9.901e-01  9.855e-01  8.444e-01 	
 4.416e-01  5.127e-01  6.196e-01  8.442e-01  9.760e-01  9.986e-01  9.900e-01  9.900e-01  9.900e-01  9.900e-01  9.900e-01  9.900e-01  9.900e-01  9.900e-01  9.900e-01  9.900e-01  9.900e-01  9.900e-01  9.900e-01  9.900e-01  9.900e-01  9.900e-01  9.900e-01  9.900e-01  9.900e-01  9.900e-01  9.900e-01  9.900e-01  9.900e-01  9.900e-01  9.900e-01  9.900e-01  9.900e-01  9.900e-01  9.900e-01  9.900e-01  9.900e-01  9.999e-01  9.995e-01  9.900e-01  9.900e-01  9.900e-01  9.987e-01  9.902e-01  9.900e-01  9.966e-01  9.967e-01  9.913e-01  9.874e-01  8.636e-01 	
 4.448e-01  5.132e-01  6.077e-01  8.470e-01  9.811e-01  9.986e-01  9.900e-01  9.900e-01  9.900e-01  9.900e-01  9.900e-01  9.900e-01  9.900e-01  9.900e-01  9.900e-01  9.900e-01  9.900e-01  9.900e-01  9.900e-01  9.900e-01  9.900e-01  9.900e-01  9.900e-01  9.900e-01  9.900e-01  9.900e-01  9.900e-01  9.900e-01  9.900e-01  9.900e-01  9.900e-01  9.900e-01  9.900e-01  9.900e-01  9.900e-01  9.900e-01  9.900e-01  9.999e-01  9.995e-01  9.900e-01  9.900e-01  9.900e-01  9.987e-01  9.908e-01  9.900e-01  9.968e-01  9.970e-01  9.922e-01  9.887e-01  8.770e-01 	
 4.494e-01  5.207e-01  6.260e-01  8.267e-01  9.657e-01  9.977e-01  9.900e-01  9.900e-01  9.900e-01  9.900e-01  9.900e-01  9.900e-01  9.900e-01  9.900e-01  9.900e-01  9.900e-01  9.900e-01  9.900e-01  9.900e-01  9.900e-01  9.900e-01  9.900e-01  9.900e-01  9.900e-01  9.900e-01  9.900e-01  9.900e-01  9.900e-01  9.900e-01  9.900e-01  9.900e-01  9.900e-01  9.900e-01  9.900e-01  9.900e-01  9.900e-01  9.900e-01  9.999e-01  9.995e-01  9.900e-01  9.900e-01  9.900e-01  9.988e-01  9.913e-01  9.900e-01  9.970e-01  9.972e-01  9.928e-01  9.896e-01  8.862e-01 	
 4.548e-01  5.305e-01  6.415e-01  8.123e-01  9.473e-01  9.942e-01  9.900e-01  9.900e-01  9.900e-01  9.900e-01  9.900e-01  9.900e-01  9.900e-01  9.900e-01  9.900e-01  9.900e-01  9.900e-01  9.900e-01  9.900e-01  9.900e-01  9.900e-01  9.900e-01  9.900e-01  9.900e-01  9.900e-01  9.900e-01  9.900e-01  9.900e-01  9.900e-01  9.900e-01  9.900e-01  9.900e-01  9.900e-01  9.900e-01  9.900e-01  9.900e-01  9.900e-01  9.999e-01  9.995e-01  9.900e-01  9.900e-01  9.900e-01  9.988e-01  9.916e-01  9.900e-01  9.972e-01  9.974e-01  9.932e-01  9.903e-01  8.928e-01 	
 4.598e-01  5.391e-01  6.513e-01  8.034e-01  9.323e-01  9.898e-01  9.900e-01  9.900e-01  9.900e-01  9.900e-01  9.900e-01  9.900e-01  9.900e-01  9.900e-01  9.900e-01  9.900e-01  9.900e-01  9.900e-01  9.900e-01  9.900e-01  9.900e-01  9.900e-01  9.900e-01  9.900e-01  9.900e-01  9.900e-01  9.900e-01  9.900e-01  9.900e-01  9.900e-01  9.900e-01  9.900e-01  9.900e-01  9.900e-01  9.900e-01  9.900e-01  9.900e-01  9.999e-01  9.995e-01  9.900e-01  9.900e-01  9.900e-01  9.988e-01  9.918e-01  9.900e-01  9.972e-01  9.975e-01  9.936e-01  9.907e-01  8.975e-01 	
 4.638e-01  5.451e-01  6.568e-01  7.982e-01  9.222e-01  9.862e-01  9.900e-01  9.900e-01  9.900e-01  9.900e-01  9.900e-01  9.900e-01  9.900e-01  9.900e-01  9.900e-01  9.900e-01  9.900e-01  9.900e-01  9.900e-01  9.900e-01  9.900e-01  9.900e-01  9.900e-01  9.900e-01  9.900e-01  9.900e-01  9.900e-01  9.900e-01  9.900e-01  9.900e-01  9.900e-01  9.900e-01  9.900e-01  9.900e-01  9.900e-01  9.900e-01  9.900e-01  9.999e-01  9.995e-01  9.900e-01  9.900e-01  9.900e-01  9.988e-01  9.919e-01  9.900e-01  9.973e-01  9.975e-01  9.938e-01  9.910e-01  9.010e-01 	
 4.662e-01  5.482e-01  6.591e-01  7.956e-01  9.173e-01  9.841e-01  9.900e-01  9.900e-01  9.900e-01  9.900e-01  9.900e-01  9.900e-01  9.900e-01  9.900e-01  9.900e-01  9.900e-01  9.900e-01  9.900e-01  9.900e-01  9.900e-01  9.900e-01  9.900e-01  9.900e-01  9.900e-01  9.900e-01  9.900e-01  9.900e-01  9.900e-01  9.900e-01  9.900e-01  9.900e-01  9.900e-01  9.900e-01  9.900e-01  9.900e-01  9.900e-01  9.900e-01  9.999e-01  9.995e-01  9.900e-01  9.900e-01  9.900e-01  9.988e-01  9.920e-01  9.900e-01  9.974e-01  9.976e-01  9.939e-01  9.913e-01  9.037e-01 	
 4.669e-01  5.483e-01  6.586e-01  7.951e-01  9.172e-01  9.841e-01  9.900e-01  9.900e-01  9.900e-01  9.900e-01  9.900e-01  9.900e-01  9.900e-01  9.900e-01  9.900e-01  9.900e-01  9.900e-01  9.900e-01  9.900e-01  9.900e-01  9.900e-01  9.900e-01  9.900e-01  9.900e-01  9.900e-01  9.900e-01  9.900e-01  9.900e-01  9.900e-01  9.900e-01  9.900e-01  9.900e-01  9.900e-01  9.900e-01  9.900e-01  9.900e-01  9.900e-01  9.999e-01  9.995e-01  9.900e-01  9.900e-01  9.900e-01  9.989e-01  9.921e-01  9.900e-01  9.974e-01  9.976e-01  9.941e-01  9.915e-01  9.059e-01 	
 4.660e-01  5.454e-01  6.551e-01  7.966e-01  9.221e-01  9.862e-01  9.900e-01  9.900e-01  9.900e-01  9.900e-01  9.900e-01  9.900e-01  9.900e-01  9.900e-01  9.900e-01  9.900e-01  9.900e-01  9.900e-01  9.900e-01  9.900e-01  9.900e-01  9.900e-01  9.900e-01  9.900e-01  9.900e-01  9.900e-01  9.900e-01  9.900e-01  9.900e-01  9.900e-01  9.900e-01  9.900e-01  9.900e-01  9.900e-01  9.900e-01  9.900e-01  9.900e-01  9.999e-01  9.995e-01  9.900e-01  9.900e-01  9.900e-01  9.989e-01  9.922e-01  9.900e-01  9.974e-01  9.977e-01  9.942e-01  9.917e-01  9.078e-01 	
 4.640e-01  5.399e-01  6.479e-01  8.001e-01  9.321e-01  9.899e-01  9.900e-01  9.900e-01  9.900e-01  9.900e-01  9.900e-01  9.900e-01  9.900e-01  9.900e-01  9.900e-01  9.900e-01  9.900e-01  9.900e-01  9.900e-01  9.900e-01  9.900e-01  9.900e-01  9.900e-01  9.900e-01  9.900e-01  9.900e-01  9.900e-01  9.900e-01  9.900e-01  9.900e-01  9.900e-01  9.900e-01  9.900e-01  9.900e-01  9.900e-01  9.900e-01  9.900e-01  9.999e-01  9.995e-01  9.900e-01  9.900e-01  9.900e-01  9.989e-01  9.923e-01  9.900e-01  9.975e-01  9.977e-01  9.943e-01  9.918e-01  9.095e-01 	
 4.615e-01  5.327e-01  6.356e-01  8.059e-01  9.470e-01  9.943e-01  9.900e-01  9.900e-01  9.900e-01  9.900e-01  9.900e-01  9.900e-01  9.900e-01  9.900e-01  9.900e-01  9.900e-01  9.900e-01  9.900e-01  9.900e-01  9.900e-01  9.900e-01  9.900e-01  9.900e-01  9.900e-01  9.900e-01  9.900e-01  9.900e-01  9.900e-01  9.900e-01  9.900e-01  9.900e-01  9.900e-01  9.900e-01  9.900e-01  9.900e-01  9.900e-01  9.900e-01  9.999e-01  9.995e-01  9.900e-01  9.900e-01  9.900e-01  9.989e-01  9.924e-01  9.900e-01  9.975e-01  9.977e-01  9.944e-01  9.920e-01  9.110e-01 	
 4.596e-01  5.259e-01  6.172e-01  8.150e-01  9.654e-01  9.979e-01  9.900e-01  9.900e-01  9.900e-01  9.900e-01  9.900e-01  9.900e-01  9.900e-01  9.900e-01  9.900e-01  9.900e-01  9.900e-01  9.900e-01  9.900e-01  9.900e-01  9.900e-01  9.900e-01  9.900e-01  9.900e-01  9.900e-01  9.900e-01  9.900e-01  9.900e-01  9.900e-01  9.900e-01  9.900e-01  9.900e-01  9.900e-01  9.900e-01  9.900e-01  9.900e-01  9.900e-01  9.999e-01  9.996e-01  9.900e-01  9.900e-01  9.900e-01  9.989e-01  9.924e-01  9.900e-01  9.975e-01  9.978e-01  9.944e-01  9.921e-01  9.124e-01 	
 4.591e-01  5.228e-01  5.992e-01  8.256e-01  9.792e-01  9.990e-01  9.900e-01  9.900e-01  9.900e-01  9.900e-01  9.900e-01  9.900e-01  9.900e-01  9.900e-01  9.900e-01  9.900e-01  9.900e-01  9.900e-01  9.900e-01  9.900e-01  9.900e-01  9.900e-01  9.900e-01  9.900e-01  9.900e-01  9.900e-01  9.900e-01  9.900e-01  9.900e-01  9.900e-01  9.900e-01  9.900e-01  9.900e-01  9.900e-01  9.900e-01  9.900e-01  9.900e-01  9.999e-01  9.996e-01  9.900e-01  9.900e-01  9.900e-01  9.989e-01  9.925e-01  9.900e-01  9.976e-01  9.978e-01  9.945e-01  9.922e-01  9.138e-01 	
 4.599e-01  5.255e-01  6.140e-01  8.149e-01  9.672e-01  9.980e-01  9.900e-01  9.900e-01  9.900e-01  9.900e-01  9.900e-01  9.900e-01  9.900e-01  9.900e-01  9.900e-01  9.900e-01  9.900e-01  9.900e-01  9.900e-01  9.900e-01  9.900e-01  9.900e-01  9.900e-01  9.900e-01  9.900e-01  9.900e-01  9.900e-01  9.900e-01  9.900e-01  9.900e-01  9.900e-01  9.900e-01  9.900e-01  9.900e-01  9.900e-01  9.900e-01  9.900e-01  9.999e-01  9.996e-01  9.900e-01  9.900e-01  9.900e-01  9.989e-01  9.925e-01  9.900e-01  9.976e-01  9.978e-01  9.946e-01  9.923e-01  9.151e-01 	
 4.568e-01  5.273e-01  6.304e-01  8.064e-01  9.531e-01  9.986e-01  9.900e-01  9.900e-01  9.900e-01  9.900e-01  9.900e-01  9.900e-01  9.900e-01  9.900e-01  9.900e-01  9.900e-01  9.900e-01  9.900e-01  9.900e-01  9.900e-01  9.900e-01  9.900e-01  9.900e-01  9.900e-01  9.900e-01  9.900e-01  9.900e-01  9.900e-01  9.900e-01  9.900e-01  9.900e-01  9.900e-01  9.900e-01  9.900e-01  9.900e-01  9.900e-01  9.900e-01  9.999e-01  9.996e-01  9.900e-01  9.900e-01  9.900e-01  9.989e-01  9.926e-01  9.900e-01  9.976e-01  9.979e-01  9.947e-01  9.925e-01  9.164e-01 	
 4.745e-01  5.531e-01  6.590e-01  7.900e-01  9.099e-01  9.791e-01  9.900e-01  9.900e-01  9.900e-01  9.900e-01  9.900e-01  9.900e-01  9.900e-01  9.900e-01  9.900e-01  9.900e-01  9.900e-01  9.900e-01  9.900e-01  9.900e-01  9.900e-01  9.900e-01  9.900e-01  9.900e-01  9.900e-01  9.900e-01  9.900e-01  9.900e-01  9.900e-01  9.900e-01  9.900e-01  9.900e-01  9.900e-01  9.900e-01  9.900e-01  9.900e-01  9.900e-01  9.999e-01  9.995e-01  9.900e-01  9.900e-01  9.900e-01  9.989e-01  9.926e-01  9.900e-01  9.976e-01  9.979e-01  9.948e-01  9.926e-01  9.179e-01 	
 4.815e-01  5.594e-01  6.624e-01  7.880e-01  9.041e-01  9.746e-01  9.900e-01  9.900e-01  9.900e-01  9.900e-01  9.900e-01  9.900e-01  9.900e-01  9.900e-01  9.900e-01  9.900e-01  9.900e-01  9.900e-01  9.900e-01  9.900e-01  9.900e-01  9.900e-01  9.900e-01  9.900e-01  9.900e-01  9.900e-01  9.900e-01  9.900e-01  9.900e-01  9.900e-01  9.900e-01  9.900e-01  9.900e-01  9.900e-01  9.900e-01  9.900e-01  9.900e-01  9.999e-01  9.995e-01  9.900e-01  9.900e-01  9.900e-01  9.989e-01  9.927e-01  9.900e-01  9.977e-01  9.979e-01  9.949e-01  9.927e-01  9.193e-01 	
 4.747e-01  5.516e-01  6.574e-01  7.917e-01  9.149e-01  9.834e-01  9.900e-01  9.900e-01  9.900e-01  9.900e-01  9.900e-01  9.900e-01  9.900e-01  9.900e-01  9.900e-01  9.900e-01  9.900e-01  9.900e-01  9.900e-01  9.900e-01  9.900e-01  9.900e-01  9.900e-01  9.900e-01  9.900e-01  9.900e-01  9.900e-01  9.900e-01  9.900e-01  9.900e-01  9.900e-01  9.900e-01  9.900e-01  9.900e-01  9.900e-01  9.900e-01  9.900e-01  9.999e-01  9.995e-01  9.900e-01  9.900e-01  9.900e-01  9.989e-01  9.927e-01  9.900e-01  9.977e-01  9.979e-01  9.949e-01  9.928e-01  9.207e-01 	
 4.746e-01  5.518e-01  6.574e-01  7.904e-01  9.129e-01  9.822e-01  9.900e-01  9.900e-01  9.900e-01  9.900e-01  9.900e-01  9.900e-01  9.900e-01  9.900e-01  9.900e-01  9.900e-01  9.900e-01  9.900e-01  9.900e-01  9.900e-01  9.900e-01  9.900e-01  9.900e-01  9.900e-01  9.900e-01  9.900e-01  9.900e-01  9.900e-01  9.900e-01  9.900e-01  9.900e-01  9.900e-01  9.900e-01  9.900e-01  9.900e-01  9.900e-01  9.900e-01  9.999e-01  9.995e-01  9.900e-01  9.900e-01  9.900e-01  9.989e-01  9.928e-01  9.900e-01  9.977e-01  9.980e-01  9.950e-01  9.930e-01  9.222e-01 	
 4.743e-01  5.499e-01  6.548e-01  7.912e-01  9.164e-01  9.838e-01  9.900e-01  9.900e-01  9.900e-01  9.900e-01  9.900e-01  9.900e-01  9.900e-01  9.900e-01  9.900e-01  9.900e-01  9.900e-01  9.900e-01  9.900e-01  9.900e-01  9.900e-01  9.900e-01  9.900e-01  9.900e-01  9.900e-01  9.900e-01  9.900e-01  9.900e-01  9.900e-01  9.900e-01  9.900e-01  9.900e-01  9.900e-01  9.900e-01  9.900e-01  9.900e-01  9.900e-01  9.999e-01  9.995e-01  9.900e-01  9.900e-01  9.900e-01  9.989e-01  9.929e-01  9.900e-01  9.977e-01  9.980e-01  9.951e-01  9.931e-01  9.237e-01 	
 4.731e-01  5.456e-01  6.486e-01  7.933e-01  9.247e-01  9.874e-01  9.900e-01  9.900e-01  9.900e-01  9.900e-01  9.900e-01  9.900e-01  9.900e-01  9.900e-01  9.900e-01  9.900e-01  9.900e-01  9.900e-01  9.900e-01  9.900e-01  9.900e-01  9.900e-01  9.900e-01  9.900e-01  9.900e-01  9.900e-01  9.900e-01  9.900e-01  9.900e-01  9.900e-01  9.900e-01  9.900e-01  9.900e-01  9.900e-01  9.900e-01  9.900e-01  9.900e-01  9.999e-01  9.995e-01  9.900e-01  9.900e-01  9.900e-01  9.989e-01  9.929e-01  9.900e-01  9.978e-01  9.980e-01  9.952e-01  9.932e-01  9.253e-01 	
 4.716e-01  5.395e-01  6.377e-01  7.969e-01  9.383e-01  9.921e-01  9.900e-01  9.900e-01  9.900e-01  9.900e-01  9.900e-01  9.900e-01  9.900e-01  9.900e-01  9.900e-01  9.900e-01  9.900e-01  9.900e-01  9.900e-01  9.900e-01  9.900e-01  9.900e-01  9.900e-01  9.900e-01  9.900e-01  9.900e-01  9.900e-01  9.900e-01  9.900e-01  9.900e-01  9.900e-01  9.900e-01  9.900e-01  9.900e-01  9.900e-01  9.900e-01  9.900e-01  9.999e-01  9.995e-01  9.900e-01  9.900e-01  9.900e-01  9.990e-01  9.930e-01  9.900e-01  9.978e-01  9.981e-01  9.953e-01  9.934e-01  9.269e-01 	
