 7.748e-02  8.070e-02  8.466e-02  8.999e-02  9.696e-02  1.046e-01  1.123e-01  1.235e-01  1.365e-01  1.527e-01  1.729e-01  2.090e-01  2.332e-01  2.783e-01  3.218e-01  3.523e-01  3.685e-01  3.559e-01  3.216e-01  2.732e-01  2.237e-01  1.615e-01  8.871e-02  5.137e-02  3.208e-02  3.485e-03 -5.266e-03 -5.253e-03 -4.223e-03 -3.312e-03 -2.595e-03 -2.223e-03 -2.243e-03 -1.835e-03 -1.824e-03 -1.698e-03 -1.509e-03 -1.357e-03 -1.241e-03 -1.159e-03 -1.106e-03 -1.067e-03 -1.025e-03 -9.761e-04 -9.052e-04 -8.272e-04 -7.349e-04 -6.659e-04 -6.662e-04 -7.225e-04 	
 1.560e-01  1.628e-01  1.708e-01  1.816e-01  1.956e-01  2.092e-01  2.209e-01  2.389e-01  2.587e-01  2.828e-01  3.118e-01  3.568e-01  3.929e-01  4.565e-01  5.132e-01  5.476e-01  5.679e-01  5.498e-01  5.078e-01  4.476e-01  3.888e-01  3.039e-01  1.816e-01  1.206e-01  8.964e-02  2.289e-02  2.751e-03  1.138e-03  1.250e-03  1.580e-03  1.884e-03  1.708e-03  7.575e-04  1.221e-03  4.240e-04  1.935e-04  1.785e-04  1.631e-04  1.461e-04  1.226e-04  9.038e-05  5.531e-05  2.431e-05  8.539e-07 -2.388e-06  4.143e-06  2.634e-05  3.890e-05  9.852e-06 -5.861e-05 	
 2.431e-01  2.543e-01  2.673e-01  2.844e-01  3.067e-01  3.278e-01  3.450e-01  3.712e-01  3.983e-01  4.297e-01  4.666e-01  5.177e-01  5.572e-01  6.225e-01  6.758e-01  7.060e-01  7.239e-01  7.086e-01  6.722e-01  6.159e-01  5.560e-01  4.595e-01  3.004e-01  2.087e-01  1.583e-01  4.195e-02  3.966e-03  9.522e-04  1.352e-03  2.159e-03  2.880e-03  2.656e-03  9.435e-04  1.879e-03  4.515e-04  6.311e-05  7.483e-05  7.939e-05  8.363e-05  8.960e-05  9.482e-05  1.001e-04  9.738e-05  8.871e-05  7.487e-05  5.933e-05  3.891e-05  2.598e-05  3.502e-05  4.934e-05 	
 3.170e-01  3.306e-01  3.464e-01  3.681e-01  3.980e-01  4.249e-01  4.449e-01  4.771e-01  5.076e-01  5.411e-01  5.808e-01  6.283e-01  6.659e-01  7.242e-01  7.690e-01  7.927e-01  8.078e-01  7.953e-01  7.667e-01  7.201e-01  6.681e-01  5.779e-01  4.087e-01  2.986e-01  2.342e-01  6.617e-02  6.415e-03  1.635e-03  2.225e-03  3.510e-03  4.655e-03  4.284e-03  1.497e-03  3.009e-03  6.868e-04  5.638e-05  7.689e-05  8.601e-05  8.976e-05  8.786e-05  7.925e-05  7.260e-05  6.291e-05  5.237e-05  4.488e-05  3.682e-05  2.442e-05  1.542e-05  2.436e-05  4.528e-05 	
 3.845e-01  4.004e-01  4.188e-01  4.446e-01  4.826e-01  5.147e-01  5.357e-01  5.728e-01  6.046e-01  6.375e-01  6.779e-01  7.181e-01  7.518e-01  8.008e-01  8.369e-01  8.543e-01  8.669e-01  8.569e-01  8.356e-01  7.990e-01  7.568e-01  6.797e-01  5.163e-01  3.969e-01  3.229e-01  9.889e-02  9.775e-03  2.594e-03  3.454e-03  5.439e-03  7.198e-03  6.626e-03  2.308e-03  4.650e-03  1.055e-03  8.047e-05  1.122e-04  1.264e-04  1.309e-04  1.236e-04  1.028e-04  8.327e-05  6.038e-05  3.891e-05  2.968e-05  2.360e-05  1.721e-05  1.164e-05  1.589e-05  2.857e-05 	
 4.446e-01  4.625e-01  4.824e-01  5.115e-01  5.573e-01  5.936e-01  6.141e-01  6.551e-01  6.863e-01  7.170e-01  7.564e-01  7.883e-01  8.174e-01  8.568e-01  8.852e-01  8.975e-01  9.080e-01  8.999e-01  8.847e-01  8.572e-01  8.245e-01  7.629e-01  6.172e-01  4.987e-01  4.211e-01  1.424e-01  1.446e-02  4.033e-03  5.250e-03  8.247e-03  1.089e-02  1.002e-02  3.493e-03  7.040e-03  1.597e-03  1.207e-04  1.686e-04  1.906e-04  1.967e-04  1.841e-04  1.503e-04  1.177e-04  7.987e-05  4.430e-05  2.971e-05  2.178e-05  1.727e-05  1.323e-05  1.302e-05  1.714e-05 	
 4.975e-01  5.170e-01  5.382e-01  5.700e-01  6.212e-01  6.603e-01  6.809e-01  7.237e-01  7.536e-01  7.817e-01  8.183e-01  8.436e-01  8.675e-01  8.982e-01  9.199e-01  9.286e-01  9.370e-01  9.308e-01  9.202e-01  9.003e-01  8.761e-01  8.295e-01  7.087e-01  6.005e-01  5.248e-01  2.008e-01  2.148e-02  6.219e-03  7.954e-03  1.247e-02  1.642e-02  1.514e-02  5.292e-03  1.065e-02  2.422e-03  1.836e-04  2.560e-04  2.899e-04  2.983e-04  2.784e-04  2.266e-04  1.763e-04  1.177e-04  6.247e-05  3.966e-05  2.767e-05  2.270e-05  1.911e-05  1.476e-05  1.224e-05 	
 5.424e-01  5.633e-01  5.874e-01  6.222e-01  6.724e-01  7.131e-01  7.379e-01  7.792e-01  8.087e-01  8.348e-01  8.651e-01  8.874e-01  9.057e-01  9.289e-01  9.448e-01  9.513e-01  9.572e-01  9.533e-01  9.460e-01  9.322e-01  9.152e-01  8.813e-01  7.881e-01  6.969e-01  6.278e-01  2.785e-01  3.345e-02  9.386e-03  1.214e-02  1.898e-02  2.497e-02  2.302e-02  8.105e-03  1.624e-02  3.714e-03  2.818e-04  3.925e-04  4.436e-04  4.572e-04  4.267e-04  3.470e-04  2.698e-04  1.799e-04  9.493e-05  5.949e-05  4.079e-05  3.357e-05  2.864e-05  2.065e-05  1.265e-05 	
 5.783e-01  6.001e-01  6.266e-01  6.629e-01  7.098e-01  7.509e-01  7.802e-01  8.191e-01  8.484e-01  8.730e-01  8.979e-01  9.185e-01  9.322e-01  9.499e-01  9.615e-01  9.667e-01  9.706e-01  9.683e-01  9.634e-01  9.540e-01  9.424e-01  9.180e-01  8.495e-01  7.778e-01  7.181e-01  3.711e-01  5.227e-02  1.405e-02  1.839e-02  2.864e-02  3.763e-02  3.474e-02  1.236e-02  2.463e-02  5.682e-03  4.298e-04  5.994e-04  6.759e-04  6.985e-04  6.542e-04  5.341e-04  4.168e-04  2.792e-04  1.483e-04  9.288e-05  6.327e-05  5.138e-05  4.279e-05  3.130e-05  1.805e-05 	
 6.071e-01  6.301e-01  6.584e-01  6.951e-01  7.392e-01  7.801e-01  8.121e-01  8.492e-01  8.779e-01  9.012e-01  9.222e-01  9.409e-01  9.513e-01  9.648e-01  9.733e-01  9.774e-01  9.801e-01  9.789e-01  9.756e-01  9.695e-01  9.618e-01  9.450e-01  8.972e-01  8.445e-01  7.966e-01  4.786e-01  8.188e-02  2.164e-02  2.842e-02  4.394e-02  5.756e-02  5.323e-02  1.927e-02  3.801e-02  8.891e-03  6.716e-04  9.373e-04  1.056e-03  1.092e-03  1.025e-03  8.397e-04  6.576e-04  4.426e-04  2.372e-04  1.492e-04  1.015e-04  8.126e-05  6.626e-05  4.978e-05  3.011e-05 	
 6.276e-01  6.516e-01  6.811e-01  7.179e-01  7.603e-01  8.009e-01  8.344e-01  8.705e-01  8.986e-01  9.207e-01  9.393e-01  9.563e-01  9.643e-01  9.749e-01  9.814e-01  9.846e-01  9.866e-01  9.860e-01  9.839e-01  9.800e-01  9.751e-01  9.639e-01  9.318e-01  8.953e-01  8.597e-01  5.910e-01  1.253e-01  3.375e-02  4.417e-02  6.762e-02  8.800e-02  8.156e-02  3.023e-02  5.880e-02  1.403e-02  1.064e-03  1.484e-03  1.671e-03  1.729e-03  1.624e-03  1.332e-03  1.046e-03  7.074e-04  3.827e-04  2.420e-04  1.648e-04  1.305e-04  1.051e-04  8.067e-05  5.214e-05 	
 6.394e-01  6.643e-01  6.948e-01  7.319e-01  7.736e-01  8.144e-01  8.489e-01  8.846e-01  9.121e-01  9.334e-01  9.505e-01  9.661e-01  9.727e-01  9.813e-01  9.865e-01  9.892e-01  9.906e-01  9.904e-01  9.891e-01  9.866e-01  9.835e-01  9.761e-01  9.547e-01  9.300e-01  9.049e-01  6.929e-01  1.834e-01  5.223e-02  6.780e-02  1.025e-01  1.320e-01  1.229e-01  4.704e-02  8.991e-02  2.207e-02  1.692e-03  2.353e-03  2.647e-03  2.740e-03  2.579e-03  2.123e-03  1.674e-03  1.137e-03  6.206e-04  3.941e-04  2.684e-04  2.104e-04  1.679e-04  1.313e-04  9.029e-05 	
 6.420e-01  6.678e-01  6.994e-01  7.373e-01  7.797e-01  8.217e-01  8.577e-01  8.938e-01  9.214e-01  9.422e-01  9.583e-01  9.727e-01  9.784e-01  9.857e-01  9.900e-01  9.922e-01  9.934e-01  9.934e-01  9.927e-01  9.911e-01  9.892e-01  9.844e-01  9.705e-01  9.544e-01  9.379e-01  7.825e-01  2.606e-01  8.169e-02  1.047e-01  1.551e-01  1.967e-01  1.842e-01  7.403e-02  1.376e-01  3.528e-02  2.760e-03  3.813e-03  4.285e-03  4.435e-03  4.177e-03  3.442e-03  2.719e-03  1.854e-03  1.018e-03  6.493e-04  4.430e-04  3.456e-04  2.748e-04  2.175e-04  1.565e-04 	
 6.345e-01  6.610e-01  6.938e-01  7.332e-01  7.772e-01  8.219e-01  8.601e-01  8.981e-01  9.268e-01  9.475e-01  9.632e-01  9.768e-01  9.819e-01  9.885e-01  9.921e-01  9.940e-01  9.951e-01  9.952e-01  9.948e-01  9.939e-01  9.927e-01  9.896e-01  9.806e-01  9.701e-01  9.597e-01  8.510e-01  3.515e-01  1.244e-01  1.570e-01  2.269e-01  2.818e-01  2.661e-01  1.141e-01  2.043e-01  5.571e-02  4.489e-03  6.155e-03  6.910e-03  7.155e-03  6.749e-03  5.576e-03  4.419e-03  3.025e-03  1.672e-03  1.069e-03  7.300e-04  5.667e-04  4.492e-04  3.591e-04  2.685e-04 	
 6.166e-01  6.435e-01  6.777e-01  7.193e-01  7.659e-01  8.148e-01  8.565e-01  8.978e-01  9.290e-01  9.501e-01  9.662e-01  9.793e-01  9.842e-01  9.902e-01  9.935e-01  9.952e-01  9.962e-01  9.964e-01  9.962e-01  9.956e-01  9.949e-01  9.929e-01  9.869e-01  9.801e-01  9.737e-01  9.000e-01  4.525e-01  1.845e-01  2.290e-01  3.201e-01  3.872e-01  3.694e-01  1.728e-01  2.940e-01  8.763e-02  7.372e-03  1.002e-02  1.125e-02  1.165e-02  1.101e-02  9.114e-03  7.243e-03  4.977e-03  2.766e-03  1.773e-03  1.212e-03  9.378e-04  7.429e-04  5.979e-04  4.603e-04 	
 5.904e-01  6.168e-01  6.518e-01  6.957e-01  7.446e-01  7.990e-01  8.458e-01  8.921e-01  9.277e-01  9.498e-01  9.673e-01  9.806e-01  9.855e-01  9.913e-01  9.944e-01  9.959e-01  9.969e-01  9.971e-01  9.971e-01  9.967e-01  9.962e-01  9.950e-01  9.909e-01  9.864e-01  9.827e-01  9.333e-01  5.557e-01  2.626e-01  3.203e-01  4.302e-01  5.048e-01  4.873e-01  2.538e-01  4.045e-01  1.358e-01  1.214e-02  1.639e-02  1.838e-02  1.907e-02  1.804e-02  1.498e-02  1.194e-02  8.238e-03  4.602e-03  2.958e-03  2.023e-03  1.562e-03  1.238e-03  1.001e-03  7.897e-04 	
 5.601e-01  5.853e-01  6.197e-01  6.653e-01  7.148e-01  7.749e-01  8.285e-01  8.809e-01  9.230e-01  9.465e-01  9.669e-01  9.807e-01  9.858e-01  9.919e-01  9.949e-01  9.963e-01  9.973e-01  9.976e-01  9.976e-01  9.974e-01  9.971e-01  9.962e-01  9.933e-01  9.903e-01  9.880e-01  9.540e-01  6.492e-01  3.522e-01  4.218e-01  5.432e-01  6.186e-01  6.043e-01  3.544e-01  5.243e-01  2.037e-01  1.981e-02  2.660e-02  2.986e-02  3.103e-02  2.946e-02  2.458e-02  1.969e-02  1.366e-02  7.673e-03  4.943e-03  3.383e-03  2.604e-03  2.062e-03  1.678e-03  1.355e-03 	
 5.312e-01  5.547e-01  5.865e-01  6.315e-01  6.795e-01  7.431e-01  8.043e-01  8.627e-01  9.139e-01  9.401e-01  9.644e-01  9.796e-01  9.853e-01  9.920e-01  9.951e-01  9.965e-01  9.976e-01  9.978e-01  9.979e-01  9.978e-01  9.976e-01  9.970e-01  9.948e-01  9.927e-01  9.913e-01  9.671e-01  7.273e-01  4.448e-01  5.234e-01  6.469e-01  7.175e-01  7.082e-01  4.677e-01  6.403e-01  2.933e-01  3.202e-02  4.292e-02  4.832e-02  5.038e-02  4.805e-02  4.034e-02  3.251e-02  2.270e-02  1.285e-02  8.306e-03  5.693e-03  4.372e-03  3.459e-03  2.832e-03  2.339e-03 	
 5.087e-01  5.310e-01  5.602e-01  6.003e-01  6.466e-01  7.090e-01  7.742e-01  8.395e-01  8.985e-01  9.314e-01  9.592e-01  9.778e-01  9.841e-01  9.918e-01  9.950e-01  9.966e-01  9.977e-01  9.979e-01  9.981e-01  9.980e-01  9.979e-01  9.975e-01  9.958e-01  9.942e-01  9.934e-01  9.754e-01  7.858e-01  5.294e-01  6.124e-01  7.305e-01  7.937e-01  7.898e-01  5.790e-01  7.389e-01  3.989e-01  5.059e-02  6.782e-02  7.688e-02  8.062e-02  7.741e-02  6.561e-02  5.336e-02  3.765e-02  2.154e-02  1.399e-02  9.612e-03  7.366e-03  5.801e-03  4.801e-03  4.056e-03 	
 4.933e-01  5.145e-01  5.409e-01  5.752e-01  6.189e-01  6.772e-01  7.420e-01  8.141e-01  8.773e-01  9.194e-01  9.513e-01  9.751e-01  9.822e-01  9.910e-01  9.947e-01  9.965e-01  9.977e-01  9.980e-01  9.982e-01  9.982e-01  9.981e-01  9.978e-01  9.964e-01  9.951e-01  9.946e-01  9.808e-01  8.263e-01  5.995e-01  6.825e-01  7.915e-01  8.475e-01  8.480e-01  6.751e-01  8.135e-01  5.089e-01  7.727e-02  1.035e-01  1.186e-01  1.255e-01  1.217e-01  1.046e-01  8.627e-02  6.185e-02  3.597e-02  2.356e-02  1.626e-02  1.245e-02  9.765e-03  8.180e-03  7.061e-03 	
 4.847e-01  5.044e-01  5.280e-01  5.578e-01  5.977e-01  6.512e-01  7.132e-01  7.880e-01  8.545e-01  9.042e-01  9.412e-01  9.710e-01  9.794e-01  9.896e-01  9.941e-01  9.962e-01  9.976e-01  9.979e-01  9.982e-01  9.982e-01  9.982e-01  9.979e-01  9.967e-01  9.957e-01  9.953e-01  9.842e-01  8.538e-01  6.536e-01  7.341e-01  8.338e-01  8.837e-01  8.873e-01  7.502e-01  8.660e-01  6.109e-01  1.130e-01  1.505e-01  1.749e-01  1.872e-01  1.841e-01  1.613e-01  1.357e-01  9.953e-02  5.933e-02  3.940e-02  2.743e-02  2.106e-02  1.655e-02  1.399e-02  1.227e-02 	
 4.809e-01  4.987e-01  5.196e-01  5.458e-01  5.813e-01  6.300e-01  6.882e-01  7.629e-01  8.316e-01  8.871e-01  9.293e-01  9.654e-01  9.755e-01  9.876e-01  9.932e-01  9.957e-01  9.973e-01  9.978e-01  9.981e-01  9.982e-01  9.982e-01  9.980e-01  9.969e-01  9.960e-01  9.958e-01  9.862e-01  8.722e-01  6.931e-01  7.699e-01  8.619e-01  9.073e-01  9.130e-01  8.044e-01  9.009e-01  6.959e-01  1.569e-01  2.062e-01  2.426e-01  2.628e-01  2.629e-01  2.361e-01  2.035e-01  1.539e-01  9.494e-02  6.435e-02  4.546e-02  3.522e-02  2.786e-02  2.373e-02  2.101e-02 	
 4.805e-01  4.965e-01  5.149e-01  5.376e-01  5.688e-01  6.125e-01  6.668e-01  7.398e-01  8.096e-01  8.693e-01  9.165e-01  9.586e-01  9.706e-01  9.850e-01  9.919e-01  9.950e-01  9.969e-01  9.975e-01  9.979e-01  9.981e-01  9.981e-01  9.980e-01  9.969e-01  9.961e-01  9.960e-01  9.872e-01  8.844e-01  7.209e-01  7.938e-01  8.804e-01  9.224e-01  9.294e-01  8.417e-01  9.235e-01  7.611e-01  2.058e-01  2.654e-01  3.147e-01  3.442e-01  3.499e-01  3.225e-01  2.857e-01  2.240e-01  1.441e-01  1.003e-01  7.236e-02  5.693e-02  4.560e-02  3.909e-02  3.470e-02 	
 4.824e-01  4.967e-01  5.127e-01  5.320e-01  5.589e-01  5.978e-01  6.479e-01  7.185e-01  7.887e-01  8.516e-01  9.031e-01  9.508e-01  9.648e-01  9.818e-01  9.901e-01  9.940e-01  9.962e-01  9.971e-01  9.976e-01  9.978e-01  9.979e-01  9.978e-01  9.967e-01  9.960e-01  9.960e-01  9.876e-01  8.920e-01  7.392e-01  8.088e-01  8.921e-01  9.319e-01  9.398e-01  8.664e-01  9.378e-01  8.076e-01  2.551e-01  3.214e-01  3.819e-01  4.200e-01  4.324e-01  4.082e-01  3.714e-01  3.020e-01  2.033e-01  1.460e-01  1.079e-01  8.656e-02  7.044e-02  6.083e-02  5.400e-02 	
 4.859e-01  4.987e-01  5.124e-01  5.284e-01  5.511e-01  5.852e-01  6.312e-01  6.990e-01  7.691e-01  8.344e-01  8.898e-01  9.426e-01  9.584e-01  9.781e-01  9.880e-01  9.927e-01  9.955e-01  9.966e-01  9.973e-01  9.975e-01  9.976e-01  9.976e-01  9.965e-01  9.958e-01  9.959e-01  9.875e-01  8.962e-01  7.502e-01  8.173e-01  8.992e-01  9.377e-01  9.462e-01  8.823e-01  9.466e-01  8.390e-01  2.999e-01  3.692e-01  4.375e-01  4.819e-01  5.006e-01  4.815e-01  4.480e-01  3.766e-01  2.649e-01  1.960e-01  1.486e-01  1.216e-01  1.006e-01  8.766e-02  7.799e-02 	
 4.901e-01  5.017e-01  5.134e-01  5.263e-01  5.450e-01  5.746e-01  6.165e-01  6.815e-01  7.515e-01  8.185e-01  8.775e-01  9.346e-01  9.518e-01  9.744e-01  9.857e-01  9.914e-01  9.946e-01  9.961e-01  9.968e-01  9.972e-01  9.973e-01  9.974e-01  9.962e-01  9.955e-01  9.957e-01  9.870e-01  8.981e-01  7.557e-01  8.212e-01  9.033e-01  9.410e-01  9.501e-01  8.923e-01  9.520e-01  8.595e-01  3.372e-01  4.068e-01  4.798e-01  5.281e-01  5.514e-01  5.376e-01  5.088e-01  4.395e-01  3.211e-01  2.442e-01  1.894e-01  1.576e-01  1.324e-01  1.166e-01  1.043e-01 	
 4.946e-01  5.054e-01  5.155e-01  5.253e-01  5.403e-01  5.658e-01  6.040e-01  6.662e-01  7.363e-01  8.043e-01  8.669e-01  9.273e-01  9.453e-01  9.710e-01  9.834e-01  9.900e-01  9.937e-01  9.954e-01  9.964e-01  9.968e-01  9.969e-01  9.971e-01  9.958e-01  9.950e-01  9.954e-01  9.863e-01  8.984e-01  7.575e-01  8.223e-01  9.053e-01  9.427e-01  9.524e-01  8.986e-01  9.554e-01  8.729e-01  3.666e-01  4.351e-01  5.105e-01  5.610e-01  5.876e-01  5.781e-01  5.537e-01  4.881e-01  3.678e-01  2.861e-01  2.263e-01  1.910e-01  1.625e-01  1.445e-01  1.304e-01 	
 4.989e-01  5.092e-01  5.182e-01  5.251e-01  5.369e-01  5.587e-01  5.936e-01  6.528e-01  7.239e-01  7.919e-01  8.586e-01  9.212e-01  9.390e-01  9.681e-01  9.813e-01  9.886e-01  9.929e-01  9.948e-01  9.959e-01  9.964e-01  9.964e-01  9.968e-01  9.955e-01  9.946e-01  9.952e-01  9.855e-01  8.978e-01  7.570e-01  8.216e-01  9.062e-01  9.436e-01  9.537e-01  9.026e-01  9.575e-01  8.820e-01  3.894e-01  4.562e-01  5.328e-01  5.846e-01  6.133e-01  6.071e-01  5.864e-01  5.247e-01  4.049e-01  3.207e-01  2.578e-01  2.201e-01  1.893e-01  1.698e-01  1.545e-01 	
 5.026e-01  5.127e-01  5.213e-01  5.252e-01  5.346e-01  5.532e-01  5.854e-01  6.404e-01  7.143e-01  7.808e-01  8.533e-01  9.160e-01  9.327e-01  9.657e-01  9.794e-01  9.872e-01  9.922e-01  9.943e-01  9.955e-01  9.960e-01  9.960e-01  9.965e-01  9.951e-01  9.942e-01  9.949e-01  9.846e-01  8.966e-01  7.551e-01  8.199e-01  9.063e-01  9.439e-01  9.545e-01  9.053e-01  9.589e-01  8.883e-01  4.073e-01  4.722e-01  5.494e-01  6.018e-01  6.320e-01  6.283e-01  6.105e-01  5.523e-01  4.340e-01  3.487e-01  2.840e-01  2.449e-01  2.125e-01  1.920e-01  1.759e-01 	
 5.056e-01  5.152e-01  5.235e-01  5.258e-01  5.336e-01  5.498e-01  5.798e-01  6.305e-01  7.068e-01  7.712e-01  8.486e-01  9.111e-01  9.278e-01  9.635e-01  9.779e-01  9.862e-01  9.917e-01  9.938e-01  9.952e-01  9.957e-01  9.956e-01  9.962e-01  9.947e-01  9.938e-01  9.946e-01  9.839e-01  8.948e-01  7.527e-01  8.178e-01  9.058e-01  9.439e-01  9.549e-01  9.070e-01  9.598e-01  8.928e-01  4.211e-01  4.841e-01  5.615e-01  6.144e-01  6.456e-01  6.438e-01  6.282e-01  5.728e-01  4.563e-01  3.708e-01  3.051e-01  2.651e-01  2.317e-01  2.106e-01  1.941e-01 	
 5.077e-01  5.165e-01  5.235e-01  5.268e-01  5.337e-01  5.489e-01  5.768e-01  6.268e-01  6.979e-01  7.646e-01  8.387e-01  9.065e-01  9.261e-01  9.611e-01  9.766e-01  9.857e-01  9.910e-01  9.934e-01  9.948e-01  9.954e-01  9.953e-01  9.959e-01  9.944e-01  9.934e-01  9.943e-01  9.834e-01  8.924e-01  7.509e-01  8.157e-01  9.049e-01  9.437e-01  9.551e-01  9.082e-01  9.604e-01  8.959e-01  4.315e-01  4.926e-01  5.702e-01  6.234e-01  6.553e-01  6.549e-01  6.410e-01  5.879e-01  4.731e-01  3.877e-01  3.215e-01  2.810e-01  2.468e-01  2.255e-01  2.089e-01 	
 5.092e-01  5.171e-01  5.233e-01  5.275e-01  5.343e-01  5.489e-01  5.752e-01  6.241e-01  6.915e-01  7.595e-01  8.315e-01  9.027e-01  9.247e-01  9.589e-01  9.756e-01  9.853e-01  9.905e-01  9.931e-01  9.946e-01  9.951e-01  9.952e-01  9.957e-01  9.942e-01  9.932e-01  9.940e-01  9.831e-01  8.901e-01  7.492e-01  8.138e-01  9.040e-01  9.434e-01  9.551e-01  9.090e-01  9.608e-01  8.981e-01  4.393e-01  4.987e-01  5.764e-01  6.298e-01  6.622e-01  6.629e-01  6.502e-01  5.988e-01  4.855e-01  4.003e-01  3.340e-01  2.932e-01  2.586e-01  2.371e-01  2.205e-01 	
 5.103e-01  5.174e-01  5.233e-01  5.279e-01  5.348e-01  5.491e-01  5.743e-01  6.222e-01  6.869e-01  7.556e-01  8.265e-01  8.999e-01  9.234e-01  9.572e-01  9.749e-01  9.850e-01  9.901e-01  9.928e-01  9.943e-01  9.950e-01  9.950e-01  9.955e-01  9.939e-01  9.930e-01  9.938e-01  9.829e-01  8.881e-01  7.476e-01  8.121e-01  9.030e-01  9.431e-01  9.550e-01  9.096e-01  9.610e-01  8.997e-01  4.452e-01  5.031e-01  5.809e-01  6.345e-01  6.672e-01  6.687e-01  6.569e-01  6.069e-01  4.948e-01  4.099e-01  3.435e-01  3.025e-01  2.677e-01  2.462e-01  2.296e-01 	
 5.112e-01  5.178e-01  5.234e-01  5.282e-01  5.351e-01  5.491e-01  5.737e-01  6.206e-01  6.836e-01  7.526e-01  8.230e-01  8.978e-01  9.223e-01  9.559e-01  9.743e-01  9.847e-01  9.899e-01  9.927e-01  9.942e-01  9.948e-01  9.949e-01  9.953e-01  9.938e-01  9.928e-01  9.936e-01  9.826e-01  8.865e-01  7.462e-01  8.106e-01  9.022e-01  9.429e-01  9.549e-01  9.099e-01  9.612e-01  9.009e-01  4.496e-01  5.064e-01  5.843e-01  6.380e-01  6.710e-01  6.730e-01  6.620e-01  6.130e-01  5.019e-01  4.172e-01  3.509e-01  3.099e-01  2.749e-01  2.533e-01  2.369e-01 	
 5.119e-01  5.182e-01  5.236e-01  5.284e-01  5.353e-01  5.490e-01  5.730e-01  6.192e-01  6.812e-01  7.503e-01  8.205e-01  8.963e-01  9.213e-01  9.550e-01  9.739e-01  9.844e-01  9.897e-01  9.925e-01  9.940e-01  9.947e-01  9.948e-01  9.952e-01  9.936e-01  9.927e-01  9.935e-01  9.824e-01  8.852e-01  7.448e-01  8.093e-01  9.016e-01  9.426e-01  9.548e-01  9.102e-01  9.613e-01  9.018e-01  4.531e-01  5.090e-01  5.869e-01  6.407e-01  6.739e-01  6.764e-01  6.659e-01  6.178e-01  5.074e-01  4.231e-01  3.568e-01  3.157e-01  2.807e-01  2.591e-01  2.427e-01 	
 5.126e-01  5.188e-01  5.241e-01  5.287e-01  5.353e-01  5.486e-01  5.721e-01  6.177e-01  6.794e-01  7.484e-01  8.190e-01  8.952e-01  9.204e-01  9.545e-01  9.735e-01  9.842e-01  9.895e-01  9.924e-01  9.939e-01  9.946e-01  9.947e-01  9.951e-01  9.935e-01  9.925e-01  9.934e-01  9.821e-01  8.842e-01  7.435e-01  8.081e-01  9.010e-01  9.424e-01  9.548e-01  9.103e-01  9.614e-01  9.025e-01  4.558e-01  5.110e-01  5.890e-01  6.429e-01  6.763e-01  6.791e-01  6.692e-01  6.217e-01  5.120e-01  4.279e-01  3.617e-01  3.207e-01  2.855e-01  2.640e-01  2.477e-01 	
 5.134e-01  5.196e-01  5.247e-01  5.289e-01  5.351e-01  5.478e-01  5.709e-01  6.159e-01  6.781e-01  7.467e-01  8.181e-01  8.944e-01  9.195e-01  9.543e-01  9.732e-01  9.840e-01  9.894e-01  9.923e-01  9.938e-01  9.945e-01  9.946e-01  9.950e-01  9.934e-01  9.924e-01  9.933e-01  9.818e-01  8.835e-01  7.421e-01  8.070e-01  9.006e-01  9.422e-01  9.547e-01  9.103e-01  9.614e-01  9.030e-01  4.580e-01  5.128e-01  5.907e-01  6.447e-01  6.783e-01  6.815e-01  6.719e-01  6.250e-01  5.160e-01  4.321e-01  3.660e-01  3.249e-01  2.898e-01  2.683e-01  2.520e-01 	
 5.142e-01  5.205e-01  5.256e-01  5.292e-01  5.347e-01  5.469e-01  5.693e-01  6.137e-01  6.772e-01  7.452e-01  8.181e-01  8.939e-01  9.186e-01  9.544e-01  9.729e-01  9.838e-01  9.893e-01  9.922e-01  9.938e-01  9.944e-01  9.944e-01  9.950e-01  9.933e-01  9.922e-01  9.932e-01  9.815e-01  8.829e-01  7.407e-01  8.060e-01  9.002e-01  9.420e-01  9.546e-01  9.102e-01  9.614e-01  9.035e-01  4.598e-01  5.145e-01  5.922e-01  6.463e-01  6.800e-01  6.835e-01  6.743e-01  6.280e-01  5.195e-01  4.358e-01  3.698e-01  3.288e-01  2.936e-01  2.721e-01  2.560e-01 	
 5.150e-01  5.216e-01  5.267e-01  5.295e-01  5.342e-01  5.457e-01  5.677e-01  6.110e-01  6.769e-01  7.434e-01  8.189e-01  8.935e-01  9.174e-01  9.547e-01  9.727e-01  9.836e-01  9.893e-01  9.921e-01  9.937e-01  9.944e-01  9.942e-01  9.949e-01  9.932e-01  9.921e-01  9.931e-01  9.811e-01  8.826e-01  7.393e-01  8.050e-01  9.000e-01  9.418e-01  9.546e-01  9.101e-01  9.615e-01  9.040e-01  4.614e-01  5.160e-01  5.936e-01  6.477e-01  6.816e-01  6.854e-01  6.766e-01  6.307e-01  5.227e-01  4.392e-01  3.734e-01  3.324e-01  2.972e-01  2.758e-01  2.597e-01 	
 5.156e-01  5.226e-01  5.281e-01  5.297e-01  5.338e-01  5.443e-01  5.664e-01  6.076e-01  6.775e-01  7.412e-01  8.211e-01  8.930e-01  9.156e-01  9.553e-01  9.727e-01  9.833e-01  9.894e-01  9.920e-01  9.937e-01  9.943e-01  9.940e-01  9.949e-01  9.931e-01  9.920e-01  9.930e-01  9.807e-01  8.823e-01  7.377e-01  8.039e-01  8.997e-01  9.416e-01  9.545e-01  9.100e-01  9.615e-01  9.043e-01  4.629e-01  5.174e-01  5.949e-01  6.491e-01  6.831e-01  6.871e-01  6.786e-01  6.333e-01  5.258e-01  4.425e-01  3.767e-01  3.358e-01  3.006e-01  2.792e-01  2.632e-01 	
 5.162e-01  5.233e-01  5.293e-01  5.298e-01  5.336e-01  5.433e-01  5.657e-01  6.037e-01  6.793e-01  7.383e-01  8.244e-01  8.921e-01  9.138e-01  9.555e-01  9.727e-01  9.830e-01  9.895e-01  9.921e-01  9.937e-01  9.943e-01  9.938e-01  9.948e-01  9.930e-01  9.918e-01  9.930e-01  9.803e-01  8.818e-01  7.362e-01  8.029e-01  8.994e-01  9.414e-01  9.544e-01  9.100e-01  9.615e-01  9.047e-01  4.645e-01  5.186e-01  5.961e-01  6.504e-01  6.846e-01  6.888e-01  6.806e-01  6.357e-01  5.287e-01  4.456e-01  3.800e-01  3.391e-01  3.039e-01  2.826e-01  2.666e-01 	
 5.165e-01  5.234e-01  5.287e-01  5.301e-01  5.339e-01  5.439e-01  5.655e-01  6.055e-01  6.757e-01  7.385e-01  8.197e-01  8.915e-01  9.144e-01  9.547e-01  9.723e-01  9.830e-01  9.892e-01  9.919e-01  9.936e-01  9.942e-01  9.938e-01  9.948e-01  9.929e-01  9.918e-01  9.929e-01  9.802e-01  8.807e-01  7.355e-01  8.020e-01  8.988e-01  9.412e-01  9.543e-01  9.100e-01  9.615e-01  9.051e-01  4.662e-01  5.198e-01  5.973e-01  6.517e-01  6.859e-01  6.905e-01  6.826e-01  6.381e-01  5.316e-01  4.487e-01  3.832e-01  3.424e-01  3.072e-01  2.859e-01  2.701e-01 	
 5.173e-01  5.235e-01  5.281e-01  5.302e-01  5.341e-01  5.443e-01  5.649e-01  6.065e-01  6.726e-01  7.387e-01  8.158e-01  8.908e-01  9.152e-01  9.538e-01  9.719e-01  9.831e-01  9.889e-01  9.917e-01  9.935e-01  9.941e-01  9.939e-01  9.947e-01  9.928e-01  9.917e-01  9.928e-01  9.802e-01  8.797e-01  7.344e-01  8.010e-01  8.981e-01  9.409e-01  9.542e-01  9.096e-01  9.615e-01  9.059e-01  4.677e-01  5.210e-01  5.985e-01  6.529e-01  6.874e-01  6.921e-01  6.846e-01  6.406e-01  5.346e-01  4.519e-01  3.865e-01  3.457e-01  3.106e-01  2.894e-01  2.736e-01 	
 5.160e-01  5.214e-01  5.260e-01  5.300e-01  5.358e-01  5.476e-01  5.688e-01  6.110e-01  6.702e-01  7.380e-01  8.095e-01  8.888e-01  9.154e-01  9.514e-01  9.716e-01  9.831e-01  9.887e-01  9.917e-01  9.934e-01  9.941e-01  9.941e-01  9.945e-01  9.927e-01  9.917e-01  9.926e-01  9.804e-01  8.771e-01  7.346e-01  8.001e-01  8.967e-01  9.406e-01  9.538e-01  9.105e-01  9.615e-01  9.059e-01  4.706e-01  5.217e-01  5.997e-01  6.542e-01  6.887e-01  6.938e-01  6.866e-01  6.431e-01  5.376e-01  4.552e-01  3.899e-01  3.493e-01  3.142e-01  2.930e-01  2.773e-01 	
 5.158e-01  5.211e-01  5.258e-01  5.301e-01  5.362e-01  5.482e-01  5.694e-01  6.111e-01  6.693e-01  7.367e-01  8.078e-01  8.878e-01  9.147e-01  9.508e-01  9.714e-01  9.830e-01  9.886e-01  9.917e-01  9.933e-01  9.941e-01  9.941e-01  9.944e-01  9.926e-01  9.916e-01  9.925e-01  9.803e-01  8.758e-01  7.338e-01  7.990e-01  8.959e-01  9.403e-01  9.536e-01  9.108e-01  9.614e-01  9.059e-01  4.727e-01  5.227e-01  6.008e-01  6.555e-01  6.901e-01  6.955e-01  6.887e-01  6.456e-01  5.407e-01  4.585e-01  3.934e-01  3.529e-01  3.179e-01  2.967e-01  2.812e-01 	
 5.170e-01  5.223e-01  5.267e-01  5.303e-01  5.355e-01  5.464e-01  5.668e-01  6.084e-01  6.677e-01  7.357e-01  8.081e-01  8.877e-01  9.144e-01  9.510e-01  9.712e-01  9.828e-01  9.884e-01  9.915e-01  9.932e-01  9.940e-01  9.939e-01  9.944e-01  9.925e-01  9.914e-01  9.924e-01  9.800e-01  8.755e-01  7.316e-01  7.977e-01  8.956e-01  9.400e-01  9.536e-01  9.101e-01  9.615e-01  9.067e-01  4.737e-01  5.241e-01  6.021e-01  6.568e-01  6.916e-01  6.972e-01  6.907e-01  6.482e-01  5.439e-01  4.620e-01  3.970e-01  3.566e-01  3.215e-01  3.005e-01  2.852e-01 	
 5.175e-01  5.227e-01  5.270e-01  5.306e-01  5.357e-01  5.465e-01  5.666e-01  6.078e-01  6.666e-01  7.344e-01  8.067e-01  8.867e-01  9.137e-01  9.505e-01  9.709e-01  9.826e-01  9.883e-01  9.914e-01  9.931e-01  9.939e-01  9.938e-01  9.943e-01  9.924e-01  9.913e-01  9.923e-01  9.797e-01  8.743e-01  7.302e-01  7.964e-01  8.948e-01  9.397e-01  9.534e-01  9.100e-01  9.614e-01  9.072e-01  4.756e-01  5.254e-01  6.033e-01  6.582e-01  6.931e-01  6.991e-01  6.929e-01  6.510e-01  5.472e-01  4.656e-01  4.009e-01  3.606e-01  3.257e-01  3.047e-01  2.895e-01 	
 5.181e-01  5.233e-01  5.275e-01  5.308e-01  5.356e-01  5.461e-01  5.657e-01  6.064e-01  6.654e-01  7.329e-01  8.059e-01  8.859e-01  9.130e-01  9.503e-01  9.707e-01  9.824e-01  9.882e-01  9.913e-01  9.931e-01  9.938e-01  9.937e-01  9.942e-01  9.922e-01  9.912e-01  9.922e-01  9.794e-01  8.732e-01  7.285e-01  7.949e-01  8.941e-01  9.393e-01  9.531e-01  9.098e-01  9.614e-01  9.075e-01  4.774e-01  5.266e-01  6.045e-01  6.595e-01  6.946e-01  7.009e-01  6.952e-01  6.538e-01  5.507e-01  4.695e-01  4.050e-01  3.648e-01  3.299e-01  3.092e-01  2.941e-01 	
 5.188e-01  5.241e-01  5.282e-01  5.312e-01  5.355e-01  5.454e-01  5.645e-01  6.044e-01  6.644e-01  7.312e-01  8.056e-01  8.851e-01  9.121e-01  9.503e-01  9.704e-01  9.822e-01  9.881e-01  9.912e-01  9.930e-01  9.937e-01  9.935e-01  9.941e-01  9.921e-01  9.910e-01  9.920e-01  9.789e-01  8.722e-01  7.265e-01  7.934e-01  8.933e-01  9.390e-01  9.529e-01  9.095e-01  9.613e-01  9.079e-01  4.792e-01  5.280e-01  6.058e-01  6.609e-01  6.961e-01  7.028e-01  6.975e-01  6.567e-01  5.543e-01  4.734e-01  4.092e-01  3.692e-01  3.344e-01  3.138e-01  2.990e-01 	
 5.196e-01  5.250e-01  5.292e-01  5.315e-01  5.353e-01  5.445e-01  5.630e-01  6.017e-01  6.638e-01  7.291e-01  8.060e-01  8.843e-01  9.110e-01  9.506e-01  9.702e-01  9.820e-01  9.881e-01  9.911e-01  9.929e-01  9.936e-01  9.933e-01  9.941e-01  9.920e-01  9.908e-01  9.919e-01  9.784e-01  8.712e-01  7.244e-01  7.917e-01  8.926e-01  9.386e-01  9.527e-01  9.092e-01  9.613e-01  9.082e-01  4.808e-01  5.293e-01  6.070e-01  6.622e-01  6.976e-01  7.047e-01  6.998e-01  6.596e-01  5.580e-01  4.774e-01  4.135e-01  3.736e-01  3.390e-01  3.186e-01  3.040e-01 	
