 2.077e-03  2.469e-03  3.266e-03  4.498e-03  6.206e-03  8.433e-03  1.123e-02  1.463e-02  1.868e-02  2.339e-02  2.877e-02  3.480e-02  4.147e-02  4.872e-02  5.650e-02  6.473e-02  7.331e-02  8.208e-02  9.086e-02  9.933e-02  1.071e-01  1.135e-01  1.180e-01  1.198e-01  1.184e-01  1.135e-01  1.053e-01  9.429e-02  8.153e-02  6.811e-02  5.508e-02  4.324e-02  3.307e-02  2.476e-02  1.821e-02  1.321e-02  9.489e-03  6.762e-03  4.790e-03  3.375e-03  2.368e-03  1.654e-03  1.151e-03  7.992e-04  5.541e-04  3.852e-04  2.708e-04  1.959e-04  1.508e-04  1.296e-04 	
 2.554e-03  3.033e-03  4.010e-03  5.518e-03  7.606e-03  1.033e-02  1.373e-02  1.788e-02  2.279e-02  2.850e-02  3.501e-02  4.229e-02  5.031e-02  5.902e-02  6.832e-02  7.814e-02  8.835e-02  9.878e-02  1.092e-01  1.193e-01  1.285e-01  1.364e-01  1.420e-01  1.447e-01  1.437e-01  1.387e-01  1.299e-01  1.178e-01  1.034e-01  8.800e-02  7.270e-02  5.848e-02  4.598e-02  3.546e-02  2.693e-02  2.020e-02  1.501e-02  1.106e-02  8.100e-03  5.893e-03  4.263e-03  3.065e-03  2.192e-03  1.561e-03  1.107e-03  7.856e-04  5.619e-04  4.121e-04  3.202e-04  2.765e-04 	
 3.474e-03  4.123e-03  5.445e-03  7.484e-03  1.030e-02  1.397e-02  1.855e-02  2.410e-02  3.067e-02  3.828e-02  4.691e-02  5.654e-02  6.710e-02  7.851e-02  9.066e-02  1.034e-01  1.166e-01  1.301e-01  1.435e-01  1.565e-01  1.686e-01  1.790e-01  1.868e-01  1.912e-01  1.913e-01  1.865e-01  1.770e-01  1.632e-01  1.462e-01  1.274e-01  1.082e-01  8.977e-02  7.299e-02  5.834e-02  4.597e-02  3.580e-02  2.760e-02  2.110e-02  1.599e-02  1.203e-02  8.978e-03  6.651e-03  4.891e-03  3.573e-03  2.596e-03  1.883e-03  1.374e-03  1.025e-03  8.072e-04  7.026e-04 	
 4.785e-03  5.675e-03  7.485e-03  1.027e-02  1.412e-02  1.911e-02  2.533e-02  3.285e-02  4.171e-02  5.193e-02  6.347e-02  7.629e-02  9.027e-02  1.053e-01  1.212e-01  1.379e-01  1.550e-01  1.724e-01  1.898e-01  2.066e-01  2.223e-01  2.361e-01  2.469e-01  2.538e-01  2.556e-01  2.518e-01  2.421e-01  2.270e-01  2.076e-01  1.853e-01  1.616e-01  1.381e-01  1.159e-01  9.574e-02  7.804e-02  6.287e-02  5.013e-02  3.958e-02  3.097e-02  2.401e-02  1.845e-02  1.405e-02  1.061e-02  7.945e-03  5.913e-03  4.386e-03  3.268e-03  2.487e-03  1.991e-03  1.750e-03 	
 6.432e-03  7.621e-03  1.004e-02  1.375e-02  1.887e-02  2.549e-02  3.371e-02  4.360e-02  5.522e-02  6.854e-02  8.353e-02  1.001e-01  1.180e-01  1.372e-01  1.574e-01  1.784e-01  1.999e-01  2.216e-01  2.431e-01  2.641e-01  2.837e-01  3.012e-01  3.156e-01  3.255e-01  3.300e-01  3.282e-01  3.195e-01  3.045e-01  2.838e-01  2.590e-01  2.317e-01  2.036e-01  1.759e-01  1.499e-01  1.261e-01  1.048e-01  8.617e-02  7.014e-02  5.652e-02  4.509e-02  3.562e-02  2.787e-02  2.160e-02  1.659e-02  1.265e-02  9.607e-03  7.321e-03  5.687e-03  4.633e-03  4.116e-03 	
 8.379e-03  9.917e-03  1.304e-02  1.783e-02  2.441e-02  3.289e-02  4.338e-02  5.595e-02  7.063e-02  8.737e-02  1.061e-01  1.266e-01  1.487e-01  1.722e-01  1.967e-01  2.220e-01  2.478e-01  2.736e-01  2.992e-01  3.240e-01  3.474e-01  3.685e-01  3.864e-01  3.998e-01  4.076e-01  4.087e-01  4.027e-01  3.894e-01  3.697e-01  3.446e-01  3.157e-01  2.846e-01  2.528e-01  2.216e-01  1.918e-01  1.642e-01  1.390e-01  1.164e-01  9.652e-02  7.916e-02  6.426e-02  5.162e-02  4.106e-02  3.235e-02  2.528e-02  1.966e-02  1.533e-02  1.217e-02  1.009e-02  9.065e-03 	
 1.063e-02  1.256e-02  1.649e-02  2.249e-02  3.070e-02  4.125e-02  5.423e-02  6.969e-02  8.763e-02  1.080e-01  1.305e-01  1.550e-01  1.813e-01  2.089e-01  2.375e-01  2.668e-01  2.964e-01  3.259e-01  3.549e-01  3.829e-01  4.094e-01  4.336e-01  4.546e-01  4.713e-01  4.826e-01  4.875e-01  4.853e-01  4.757e-01  4.591e-01  4.363e-01  4.084e-01  3.771e-01  3.435e-01  3.091e-01  2.749e-01  2.418e-01  2.104e-01  1.810e-01  1.541e-01  1.298e-01  1.082e-01  8.923e-02  7.281e-02  5.883e-02  4.713e-02  3.755e-02  2.996e-02  2.430e-02  2.052e-02  1.863e-02 	
 1.323e-02  1.562e-02  2.044e-02  2.781e-02  3.783e-02  5.065e-02  6.632e-02  8.487e-02  1.062e-01  1.302e-01  1.566e-01  1.851e-01  2.153e-01  2.467e-01  2.790e-01  3.117e-01  3.445e-01  3.768e-01  4.084e-01  4.388e-01  4.676e-01  4.940e-01  5.174e-01  5.370e-01  5.516e-01  5.604e-01  5.626e-01  5.579e-01  5.461e-01  5.278e-01  5.038e-01  4.750e-01  4.426e-01  4.078e-01  3.717e-01  3.352e-01  2.991e-01  2.640e-01  2.306e-01  1.992e-01  1.703e-01  1.441e-01  1.205e-01  9.984e-02  8.195e-02  6.687e-02  5.460e-02  4.524e-02  3.889e-02  3.567e-02 	
 1.628e-02  1.918e-02  2.503e-02  3.392e-02  4.598e-02  6.129e-02  7.989e-02  1.017e-01  1.267e-01  1.544e-01  1.847e-01  2.169e-01  2.507e-01  2.856e-01  3.211e-01  3.566e-01  3.917e-01  4.262e-01  4.595e-01  4.914e-01  5.214e-01  5.492e-01  5.741e-01  5.955e-01  6.128e-01  6.250e-01  6.316e-01  6.319e-01  6.259e-01  6.134e-01  5.951e-01  5.713e-01  5.429e-01  5.108e-01  4.758e-01  4.388e-01  4.007e-01  3.621e-01  3.239e-01  2.867e-01  2.511e-01  2.176e-01  1.866e-01  1.583e-01  1.331e-01  1.111e-01  9.280e-02  7.850e-02  6.863e-02  6.359e-02 	
 1.990e-02  2.339e-02  3.042e-02  4.106e-02  5.539e-02  7.347e-02  9.526e-02  1.206e-01  1.493e-01  1.809e-01  2.149e-01  2.508e-01  2.880e-01  3.258e-01  3.639e-01  4.015e-01  4.384e-01  4.741e-01  5.083e-01  5.408e-01  5.712e-01  5.994e-01  6.249e-01  6.473e-01  6.661e-01  6.808e-01  6.909e-01  6.957e-01  6.951e-01  6.888e-01  6.769e-01  6.595e-01  6.372e-01  6.102e-01  5.792e-01  5.449e-01  5.079e-01  4.690e-01  4.288e-01  3.882e-01  3.478e-01  3.085e-01  2.707e-01  2.350e-01  2.021e-01  1.726e-01  1.472e-01  1.270e-01  1.129e-01  1.055e-01 	
 2.425e-02  2.843e-02  3.681e-02  4.944e-02  6.635e-02  8.752e-02  1.128e-01  1.419e-01  1.745e-01  2.099e-01  2.476e-01  2.869e-01  3.271e-01  3.676e-01  4.076e-01  4.468e-01  4.847e-01  5.209e-01  5.553e-01  5.876e-01  6.177e-01  6.454e-01  6.705e-01  6.930e-01  7.124e-01  7.284e-01  7.407e-01  7.489e-01  7.527e-01  7.517e-01  7.459e-01  7.352e-01  7.196e-01  6.992e-01  6.743e-01  6.452e-01  6.123e-01  5.762e-01  5.373e-01  4.965e-01  4.544e-01  4.117e-01  3.691e-01  3.275e-01  2.877e-01  2.509e-01  2.184e-01  1.919e-01  1.731e-01  1.632e-01 	
 2.951e-02  3.447e-02  4.442e-02  5.932e-02  7.914e-02  1.037e-01  1.328e-01  1.659e-01  2.025e-01  2.418e-01  2.831e-01  3.255e-01  3.683e-01  4.108e-01  4.523e-01  4.924e-01  5.306e-01  5.667e-01  6.006e-01  6.321e-01  6.611e-01  6.877e-01  7.119e-01  7.335e-01  7.526e-01  7.688e-01  7.822e-01  7.923e-01  7.990e-01  8.021e-01  8.012e-01  7.963e-01  7.870e-01  7.734e-01  7.554e-01  7.329e-01  7.062e-01  6.754e-01  6.408e-01  6.030e-01  5.623e-01  5.194e-01  4.749e-01  4.298e-01  3.851e-01  3.423e-01  3.036e-01  2.712e-01  2.479e-01  2.355e-01 	
 3.585e-02  4.174e-02  5.347e-02  7.096e-02  9.402e-02  1.223e-01  1.555e-01  1.928e-01  2.334e-01  2.765e-01  3.212e-01  3.664e-01  4.114e-01  4.553e-01  4.977e-01  5.380e-01  5.759e-01  6.113e-01  6.441e-01  6.742e-01  7.018e-01  7.268e-01  7.494e-01  7.697e-01  7.877e-01  8.033e-01  8.166e-01  8.275e-01  8.358e-01  8.413e-01  8.438e-01  8.432e-01  8.391e-01  8.314e-01  8.198e-01  8.042e-01  7.843e-01  7.602e-01  7.318e-01  6.993e-01  6.628e-01  6.226e-01  5.792e-01  5.333e-01  4.862e-01  4.396e-01  3.962e-01  3.592e-01  3.321e-01  3.177e-01 	
 4.351e-02  5.044e-02  6.421e-02  8.459e-02  1.112e-01  1.436e-01  1.811e-01  2.226e-01  2.673e-01  3.141e-01  3.617e-01  4.093e-01  4.558e-01  5.006e-01  5.432e-01  5.831e-01  6.202e-01  6.543e-01  6.855e-01  7.139e-01  7.395e-01  7.627e-01  7.834e-01  8.020e-01  8.184e-01  8.329e-01  8.454e-01  8.561e-01  8.647e-01  8.714e-01  8.758e-01  8.780e-01  8.775e-01  8.742e-01  8.679e-01  8.581e-01  8.447e-01  8.272e-01  8.055e-01  7.793e-01  7.485e-01  7.129e-01  6.728e-01  6.285e-01  5.813e-01  5.331e-01  4.870e-01  4.470e-01  4.171e-01  4.011e-01 	
 5.271e-02  6.083e-02  7.687e-02  1.005e-01  1.310e-01  1.678e-01  2.096e-01  2.555e-01  3.041e-01  3.541e-01  4.043e-01  4.536e-01  5.012e-01  5.462e-01  5.883e-01  6.272e-01  6.629e-01  6.953e-01  7.245e-01  7.508e-01  7.743e-01  7.953e-01  8.140e-01  8.307e-01  8.454e-01  8.584e-01  8.697e-01  8.795e-01  8.878e-01  8.946e-01  8.998e-01  9.033e-01  9.050e-01  9.046e-01  9.018e-01  8.964e-01  8.879e-01  8.760e-01  8.601e-01  8.398e-01  8.146e-01  7.840e-01  7.479e-01  7.065e-01  6.607e-01  6.125e-01  5.654e-01  5.236e-01  4.921e-01  4.752e-01 	
 6.372e-02  7.315e-02  9.172e-02  1.188e-01  1.536e-01  1.948e-01  2.412e-01  2.913e-01  3.435e-01  3.964e-01  4.486e-01  4.990e-01  5.467e-01  5.913e-01  6.323e-01  6.697e-01  7.034e-01  7.337e-01  7.607e-01  7.847e-01  8.059e-01  8.247e-01  8.413e-01  8.560e-01  8.689e-01  8.803e-01  8.902e-01  8.989e-01  9.064e-01  9.127e-01  9.179e-01  9.218e-01  9.243e-01  9.254e-01  9.246e-01  9.218e-01  9.164e-01  9.081e-01  8.962e-01  8.801e-01  8.590e-01  8.323e-01  7.996e-01  7.606e-01  7.164e-01  6.688e-01  6.214e-01  5.789e-01  5.465e-01  5.290e-01 	
 7.680e-02  8.768e-02  1.090e-01  1.398e-01  1.790e-01  2.249e-01  2.757e-01  3.298e-01  3.851e-01  4.403e-01  4.938e-01  5.445e-01  5.919e-01  6.353e-01  6.747e-01  7.100e-01  7.414e-01  7.693e-01  7.938e-01  8.154e-01  8.343e-01  8.508e-01  8.654e-01  8.781e-01  8.893e-01  8.991e-01  9.076e-01  9.151e-01  9.216e-01  9.271e-01  9.317e-01  9.353e-01  9.379e-01  9.392e-01  9.390e-01  9.370e-01  9.328e-01  9.258e-01  9.154e-01  9.010e-01  8.815e-01  8.564e-01  8.249e-01  7.869e-01  7.431e-01  6.956e-01  6.479e-01  6.049e-01  5.720e-01  5.542e-01 	
 9.224e-02  1.047e-01  1.289e-01  1.637e-01  2.074e-01  2.578e-01  3.129e-01  3.705e-01  4.285e-01  4.852e-01  5.393e-01  5.897e-01  6.359e-01  6.776e-01  7.148e-01  7.476e-01  7.765e-01  8.017e-01  8.237e-01  8.428e-01  8.594e-01  8.738e-01  8.864e-01  8.973e-01  9.068e-01  9.151e-01  9.223e-01  9.286e-01  9.340e-01  9.386e-01  9.424e-01  9.452e-01  9.471e-01  9.476e-01  9.467e-01  9.439e-01  9.388e-01  9.308e-01  9.192e-01  9.034e-01  8.826e-01  8.560e-01  8.230e-01  7.836e-01  7.386e-01  6.901e-01  6.416e-01  5.980e-01  5.648e-01  5.468e-01 	
 1.103e-01  1.244e-01  1.517e-01  1.905e-01  2.387e-01  2.935e-01  3.525e-01  4.131e-01  4.731e-01  5.306e-01  5.845e-01  6.338e-01  6.781e-01  7.175e-01  7.521e-01  7.823e-01  8.084e-01  8.309e-01  8.503e-01  8.670e-01  8.814e-01  8.938e-01  9.045e-01  9.137e-01  9.217e-01  9.287e-01  9.347e-01  9.398e-01  9.442e-01  9.477e-01  9.504e-01  9.521e-01  9.525e-01  9.515e-01  9.485e-01  9.432e-01  9.350e-01  9.235e-01  9.080e-01  8.879e-01  8.626e-01  8.316e-01  7.945e-01  7.516e-01  7.038e-01  6.534e-01  6.038e-01  5.597e-01  5.264e-01  5.085e-01 	
 1.313e-01  1.470e-01  1.774e-01  2.203e-01  2.728e-01  3.318e-01  3.941e-01  4.570e-01  5.181e-01  5.757e-01  6.285e-01  6.761e-01  7.181e-01  7.547e-01  7.864e-01  8.136e-01  8.369e-01  8.567e-01  8.736e-01  8.880e-01  9.003e-01  9.109e-01  9.199e-01  9.276e-01  9.343e-01  9.400e-01  9.449e-01  9.490e-01  9.523e-01  9.547e-01  9.560e-01  9.560e-01  9.543e-01  9.504e-01  9.439e-01  9.343e-01  9.209e-01  9.034e-01  8.812e-01  8.542e-01  8.219e-01  7.842e-01  7.413e-01  6.936e-01  6.425e-01  5.900e-01  5.397e-01  4.957e-01  4.630e-01  4.454e-01 	
 1.553e-01  1.728e-01  2.062e-01  2.529e-01  3.095e-01  3.721e-01  4.372e-01  5.016e-01  5.631e-01  6.198e-01  6.709e-01  7.160e-01  7.552e-01  7.888e-01  8.174e-01  8.417e-01  8.621e-01  8.793e-01  8.939e-01  9.061e-01  9.165e-01  9.254e-01  9.329e-01  9.393e-01  9.448e-01  9.494e-01  9.533e-01  9.563e-01  9.585e-01  9.595e-01  9.590e-01  9.566e-01  9.517e-01  9.437e-01  9.320e-01  9.159e-01  8.951e-01  8.693e-01  8.383e-01  8.023e-01  7.615e-01  7.162e-01  6.670e-01  6.147e-01  5.608e-01  5.075e-01  4.577e-01  4.152e-01  3.839e-01  3.673e-01 	
 1.827e-01  2.017e-01  2.381e-01  2.884e-01  3.485e-01  4.141e-01  4.811e-01  5.462e-01  6.071e-01  6.623e-01  7.110e-01  7.532e-01  7.892e-01  8.196e-01  8.451e-01  8.663e-01  8.841e-01  8.988e-01  9.112e-01  9.215e-01  9.302e-01  9.376e-01  9.438e-01  9.490e-01  9.534e-01  9.571e-01  9.600e-01  9.619e-01  9.627e-01  9.620e-01  9.591e-01  9.534e-01  9.441e-01  9.304e-01  9.115e-01  8.870e-01  8.567e-01  8.207e-01  7.795e-01  7.337e-01  6.841e-01  6.316e-01  5.772e-01  5.219e-01  4.672e-01  4.150e-01  3.678e-01  3.284e-01  3.000e-01  2.850e-01 	
 2.133e-01  2.339e-01  2.729e-01  3.263e-01  3.894e-01  4.572e-01  5.252e-01  5.902e-01  6.497e-01  7.026e-01  7.483e-01  7.873e-01  8.199e-01  8.470e-01  8.693e-01  8.877e-01  9.029e-01  9.155e-01  9.258e-01  9.345e-01  9.417e-01  9.477e-01  9.528e-01  9.570e-01  9.605e-01  9.632e-01  9.651e-01  9.659e-01  9.651e-01  9.622e-01  9.562e-01  9.461e-01  9.309e-01  9.097e-01  8.818e-01  8.470e-01  8.057e-01  7.586e-01  7.068e-01  6.517e-01  5.945e-01  5.367e-01  4.794e-01  4.237e-01  3.709e-01  3.224e-01  2.798e-01  2.452e-01  2.207e-01  2.080e-01 	
 2.473e-01  2.692e-01  3.104e-01  3.664e-01  4.317e-01  5.008e-01  5.690e-01  6.329e-01  6.902e-01  7.402e-01  7.826e-01  8.180e-01  8.471e-01  8.710e-01  8.903e-01  9.061e-01  9.190e-01  9.295e-01  9.381e-01  9.452e-01  9.511e-01  9.560e-01  9.601e-01  9.635e-01  9.662e-01  9.680e-01  9.689e-01  9.684e-01  9.657e-01  9.600e-01  9.500e-01  9.345e-01  9.120e-01  8.818e-01  8.435e-01  7.973e-01  7.443e-01  6.861e-01  6.245e-01  5.617e-01  4.993e-01  4.390e-01  3.818e-01  3.287e-01  2.804e-01  2.377e-01  2.015e-01  1.728e-01  1.529e-01  1.427e-01 	
 2.846e-01  3.075e-01  3.505e-01  4.083e-01  4.750e-01  5.444e-01  6.118e-01  6.737e-01  7.283e-01  7.749e-01  8.136e-01  8.454e-01  8.711e-01  8.917e-01  9.083e-01  9.217e-01  9.324e-01  9.411e-01  9.482e-01  9.541e-01  9.589e-01  9.628e-01  9.661e-01  9.687e-01  9.706e-01  9.717e-01  9.716e-01  9.695e-01  9.647e-01  9.557e-01  9.411e-01  9.191e-01  8.884e-01  8.483e-01  7.987e-01  7.407e-01  6.764e-01  6.081e-01  5.388e-01  4.707e-01  4.061e-01  3.463e-01  2.921e-01  2.440e-01  2.022e-01  1.666e-01  1.375e-01  1.152e-01  9.992e-02  9.218e-02 	
 3.248e-01  3.485e-01  3.926e-01  4.515e-01  5.186e-01  5.874e-01  6.531e-01  7.123e-01  7.635e-01  8.063e-01  8.413e-01  8.694e-01  8.918e-01  9.095e-01  9.235e-01  9.347e-01  9.436e-01  9.508e-01  9.566e-01  9.613e-01  9.652e-01  9.684e-01  9.709e-01  9.729e-01  9.742e-01  9.745e-01  9.733e-01  9.697e-01  9.625e-01  9.500e-01  9.302e-01  9.014e-01  8.620e-01  8.117e-01  7.510e-01  6.819e-01  6.075e-01  5.312e-01  4.564e-01  3.859e-01  3.217e-01  2.649e-01  2.159e-01  1.743e-01  1.397e-01  1.116e-01  8.938e-02  7.285e-02  6.184e-02  5.633e-02 	
 3.677e-01  3.917e-01  4.364e-01  4.955e-01  5.620e-01  6.293e-01  6.924e-01  7.483e-01  7.957e-01  8.345e-01  8.657e-01  8.902e-01  9.095e-01  9.245e-01  9.363e-01  9.455e-01  9.528e-01  9.587e-01  9.634e-01  9.672e-01  9.703e-01  9.728e-01  9.748e-01  9.762e-01  9.769e-01  9.765e-01  9.743e-01  9.692e-01  9.596e-01  9.436e-01  9.189e-01  8.833e-01  8.357e-01  7.758e-01  7.051e-01  6.265e-01  5.439e-01  4.618e-01  3.839e-01  3.132e-01  2.514e-01  1.991e-01  1.560e-01  1.212e-01  9.361e-02  7.215e-02  5.591e-02  4.421e-02  3.661e-02  3.287e-02 	
 4.127e-01  4.368e-01  4.812e-01  5.396e-01  6.046e-01  6.694e-01  7.293e-01  7.814e-01  8.246e-01  8.595e-01  8.869e-01  9.081e-01  9.245e-01  9.371e-01  9.468e-01  9.544e-01  9.604e-01  9.651e-01  9.689e-01  9.719e-01  9.744e-01  9.764e-01  9.779e-01  9.789e-01  9.791e-01  9.780e-01  9.749e-01  9.685e-01  9.569e-01  9.377e-01  9.086e-01  8.673e-01  8.126e-01  7.448e-01  6.659e-01  5.798e-01  4.913e-01  4.053e-01  3.261e-01  2.565e-01  1.979e-01  1.504e-01  1.129e-01  8.405e-02  6.227e-02  4.612e-02  3.443e-02  2.631e-02  2.119e-02  1.871e-02 	
 4.593e-01  4.830e-01  5.266e-01  5.834e-01  6.460e-01  7.076e-01  7.636e-01  8.114e-01  8.504e-01  8.813e-01  9.051e-01  9.232e-01  9.370e-01  9.475e-01  9.555e-01  9.617e-01  9.665e-01  9.703e-01  9.733e-01  9.758e-01  9.777e-01  9.792e-01  9.804e-01  9.810e-01  9.808e-01  9.793e-01  9.755e-01  9.681e-01  9.549e-01  9.334e-01  9.011e-01  8.555e-01  7.957e-01  7.221e-01  6.375e-01  5.462e-01  4.538e-01  3.655e-01  2.859e-01  2.177e-01  1.620e-01  1.182e-01  8.506e-02  6.061e-02  4.297e-02  3.049e-02  2.184e-02  1.608e-02  1.255e-02  1.087e-02 	
 5.068e-01  5.298e-01  5.719e-01  6.263e-01  6.856e-01  7.433e-01  7.950e-01  8.384e-01  8.732e-01  9.001e-01  9.206e-01  9.360e-01  9.475e-01  9.561e-01  9.626e-01  9.676e-01  9.715e-01  9.745e-01  9.769e-01  9.788e-01  9.803e-01  9.815e-01  9.823e-01  9.827e-01  9.822e-01  9.804e-01  9.763e-01  9.683e-01  9.542e-01  9.316e-01  8.975e-01  8.497e-01  7.870e-01  7.103e-01  6.225e-01  5.284e-01  4.337e-01  3.441e-01  2.642e-01  1.968e-01  1.426e-01  1.010e-01  7.024e-02  4.824e-02  3.290e-02  2.244e-02  1.546e-02  1.097e-02  8.295e-03  7.049e-03 	
 5.545e-01  5.765e-01  6.164e-01  6.678e-01  7.232e-01  7.764e-01  8.234e-01  8.623e-01  8.930e-01  9.163e-01  9.337e-01  9.466e-01  9.560e-01  9.631e-01  9.683e-01  9.723e-01  9.754e-01  9.778e-01  9.797e-01  9.812e-01  9.824e-01  9.833e-01  9.839e-01  9.841e-01  9.835e-01  9.815e-01  9.773e-01  9.692e-01  9.551e-01  9.324e-01  8.983e-01  8.503e-01  7.874e-01  7.103e-01  6.220e-01  5.271e-01  4.315e-01  3.412e-01  2.606e-01  1.927e-01  1.383e-01  9.676e-02  6.628e-02  4.470e-02  2.986e-02  1.989e-02  1.337e-02  9.250e-03  6.838e-03  5.727e-03 	
 6.017e-01  6.223e-01  6.596e-01  7.073e-01  7.583e-01  8.068e-01  8.490e-01  8.834e-01  9.100e-01  9.300e-01  9.446e-01  9.553e-01  9.630e-01  9.687e-01  9.730e-01  9.761e-01  9.786e-01  9.805e-01  9.820e-01  9.832e-01  9.841e-01  9.848e-01  9.852e-01  9.852e-01  9.846e-01  9.827e-01  9.787e-01  9.710e-01  9.576e-01  9.360e-01  9.033e-01  8.573e-01  7.965e-01  7.216e-01  6.351e-01  5.414e-01  4.463e-01  3.556e-01  2.738e-01  2.041e-01  1.477e-01  1.041e-01  7.176e-02  4.862e-02  3.256e-02  2.170e-02  1.455e-02  1.002e-02  7.367e-03  6.144e-03 	
 6.475e-01  6.665e-01  7.009e-01  7.445e-01  7.907e-01  8.343e-01  8.717e-01  9.017e-01  9.246e-01  9.415e-01  9.537e-01  9.625e-01  9.687e-01  9.733e-01  9.767e-01  9.792e-01  9.811e-01  9.826e-01  9.838e-01  9.847e-01  9.854e-01  9.859e-01  9.862e-01  9.862e-01  9.856e-01  9.839e-01  9.802e-01  9.733e-01  9.613e-01  9.417e-01  9.118e-01  8.694e-01  8.129e-01  7.424e-01  6.599e-01  5.694e-01  4.761e-01  3.855e-01  3.022e-01  2.298e-01  1.698e-01  1.223e-01  8.618e-02  5.965e-02  4.074e-02  2.764e-02  1.882e-02  1.312e-02  9.734e-03  8.158e-03 	
 6.914e-01  7.087e-01  7.398e-01  7.790e-01  8.204e-01  8.589e-01  8.916e-01  9.175e-01  9.370e-01  9.511e-01  9.612e-01  9.683e-01  9.733e-01  9.770e-01  9.796e-01  9.816e-01  9.831e-01  9.843e-01  9.852e-01  9.859e-01  9.864e-01  9.869e-01  9.871e-01  9.870e-01  9.865e-01  9.850e-01  9.819e-01  9.760e-01  9.657e-01  9.487e-01  9.226e-01  8.851e-01  8.344e-01  7.702e-01  6.938e-01  6.083e-01  5.183e-01  4.287e-01  3.443e-01  2.687e-01  2.042e-01  1.514e-01  1.099e-01  7.833e-02  5.503e-02  3.834e-02  2.675e-02  1.905e-02  1.438e-02  1.218e-02 	
 7.328e-01  7.482e-01  7.759e-01  8.107e-01  8.471e-01  8.807e-01  9.089e-01  9.310e-01  9.474e-01  9.591e-01  9.673e-01  9.730e-01  9.770e-01  9.799e-01  9.820e-01  9.835e-01  9.847e-01  9.856e-01  9.863e-01  9.868e-01  9.873e-01  9.876e-01  9.877e-01  9.877e-01  9.873e-01  9.861e-01  9.836e-01  9.788e-01  9.704e-01  9.563e-01  9.345e-01  9.026e-01  8.588e-01  8.022e-01  7.335e-01  6.548e-01  5.698e-01  4.827e-01  3.981e-01  3.199e-01  2.506e-01  1.919e-01  1.438e-01  1.059e-01  7.675e-02  5.510e-02  3.954e-02  2.891e-02  2.231e-02  1.915e-02 	
 7.710e-01  7.846e-01  8.089e-01  8.393e-01  8.709e-01  8.998e-01  9.238e-01  9.424e-01  9.560e-01  9.656e-01  9.722e-01  9.768e-01  9.800e-01  9.822e-01  9.839e-01  9.850e-01  9.859e-01  9.866e-01  9.872e-01  9.876e-01  9.879e-01  9.882e-01  9.883e-01  9.882e-01  9.879e-01  9.870e-01  9.851e-01  9.814e-01  9.748e-01  9.638e-01  9.462e-01  9.202e-01  8.837e-01  8.357e-01  7.758e-01  7.055e-01  6.272e-01  5.445e-01  4.614e-01  3.817e-01  3.085e-01  2.439e-01  1.889e-01  1.437e-01  1.076e-01  7.974e-02  5.900e-02  4.439e-02  3.511e-02  3.060e-02 	
 8.059e-01  8.177e-01  8.387e-01  8.648e-01  8.918e-01  9.163e-01  9.365e-01  9.520e-01  9.631e-01  9.709e-01  9.762e-01  9.799e-01  9.823e-01  9.841e-01  9.853e-01  9.862e-01  9.869e-01  9.874e-01  9.879e-01  9.882e-01  9.884e-01  9.886e-01  9.887e-01  9.887e-01  9.884e-01  9.878e-01  9.864e-01  9.837e-01  9.788e-01  9.704e-01  9.570e-01  9.366e-01  9.074e-01  8.680e-01  8.177e-01  7.569e-01  6.870e-01  6.107e-01  5.313e-01  4.522e-01  3.766e-01  3.073e-01  2.458e-01  1.931e-01  1.494e-01  1.143e-01  8.729e-02  6.769e-02  5.494e-02  4.867e-02 	
 8.372e-01  8.472e-01  8.651e-01  8.872e-01  9.099e-01  9.305e-01  9.472e-01  9.599e-01  9.690e-01  9.752e-01  9.794e-01  9.823e-01  9.842e-01  9.855e-01  9.865e-01  9.872e-01  9.877e-01  9.881e-01  9.884e-01  9.886e-01  9.888e-01  9.890e-01  9.890e-01  9.890e-01  9.889e-01  9.884e-01  9.875e-01  9.856e-01  9.821e-01  9.760e-01  9.661e-01  9.508e-01  9.284e-01  8.974e-01  8.566e-01  8.058e-01  7.456e-01  6.776e-01  6.041e-01  5.281e-01  4.527e-01  3.805e-01  3.140e-01  2.546e-01  2.033e-01  1.607e-01  1.267e-01  1.013e-01  8.443e-02  7.601e-02 	
 8.648e-01  8.732e-01  8.881e-01  9.066e-01  9.255e-01  9.425e-01  9.562e-01  9.665e-01  9.738e-01  9.787e-01  9.820e-01  9.842e-01  9.857e-01  9.867e-01  9.874e-01  9.879e-01  9.883e-01  9.886e-01  9.888e-01  9.890e-01  9.891e-01  9.892e-01  9.893e-01  9.893e-01  9.892e-01  9.889e-01  9.882e-01  9.870e-01  9.846e-01  9.804e-01  9.734e-01  9.624e-01  9.459e-01  9.224e-01  8.907e-01  8.500e-01  8.000e-01  7.416e-01  6.762e-01  6.059e-01  5.333e-01  4.612e-01  3.919e-01  3.275e-01  2.698e-01  2.200e-01  1.790e-01  1.476e-01  1.262e-01  1.154e-01 	
 8.887e-01  8.957e-01  9.080e-01  9.232e-01  9.387e-01  9.525e-01  9.636e-01  9.718e-01  9.776e-01  9.815e-01  9.840e-01  9.857e-01  9.868e-01  9.876e-01  9.881e-01  9.885e-01  9.888e-01  9.890e-01  9.891e-01  9.893e-01  9.894e-01  9.894e-01  9.895e-01  9.895e-01  9.894e-01  9.892e-01  9.888e-01  9.880e-01  9.864e-01  9.836e-01  9.789e-01  9.713e-01  9.596e-01  9.426e-01  9.189e-01  8.876e-01  8.478e-01  7.997e-01  7.438e-01  6.815e-01  6.147e-01  5.455e-01  4.764e-01  4.098e-01  3.478e-01  2.923e-01  2.452e-01  2.082e-01  1.825e-01  1.694e-01 	
 9.092e-01  9.148e-01  9.249e-01  9.372e-01  9.497e-01  9.608e-01  9.697e-01  9.762e-01  9.807e-01  9.837e-01  9.856e-01  9.869e-01  9.877e-01  9.882e-01  9.886e-01  9.889e-01  9.891e-01  9.893e-01  9.894e-01  9.895e-01  9.895e-01  9.896e-01  9.896e-01  9.896e-01  9.896e-01  9.895e-01  9.892e-01  9.887e-01  9.877e-01  9.859e-01  9.828e-01  9.777e-01  9.698e-01  9.580e-01  9.410e-01  9.179e-01  8.876e-01  8.497e-01  8.040e-01  7.512e-01  6.924e-01  6.292e-01  5.636e-01  4.979e-01  4.345e-01  3.758e-01  3.246e-01  2.833e-01  2.542e-01  2.391e-01 	
 9.264e-01  9.309e-01  9.390e-01  9.489e-01  9.588e-01  9.676e-01  9.746e-01  9.796e-01  9.831e-01  9.854e-01  9.868e-01  9.878e-01  9.884e-01  9.888e-01  9.890e-01  9.892e-01  9.894e-01  9.895e-01  9.896e-01  9.896e-01  9.897e-01  9.897e-01  9.897e-01  9.897e-01  9.897e-01  9.896e-01  9.894e-01  9.891e-01  9.885e-01  9.873e-01  9.854e-01  9.821e-01  9.770e-01  9.690e-01  9.574e-01  9.410e-01  9.190e-01  8.904e-01  8.548e-01  8.121e-01  7.628e-01  7.078e-01  6.486e-01  5.871e-01  5.257e-01  4.671e-01  4.145e-01  3.711e-01  3.400e-01  3.238e-01 	
 9.406e-01  9.442e-01  9.506e-01  9.584e-01  9.662e-01  9.731e-01  9.785e-01  9.824e-01  9.850e-01  9.867e-01  9.878e-01  9.885e-01  9.889e-01  9.892e-01  9.894e-01  9.895e-01  9.896e-01  9.897e-01  9.897e-01  9.898e-01  9.898e-01  9.898e-01  9.898e-01  9.898e-01  9.898e-01  9.897e-01  9.896e-01  9.894e-01  9.890e-01  9.883e-01  9.870e-01  9.850e-01  9.817e-01  9.766e-01  9.689e-01  9.578e-01  9.424e-01  9.218e-01  8.953e-01  8.625e-01  8.231e-01  7.777e-01  7.270e-01  6.725e-01  6.164e-01  5.612e-01  5.103e-01  4.675e-01  4.364e-01  4.199e-01 	
 9.523e-01  9.551e-01  9.601e-01  9.661e-01  9.722e-01  9.775e-01  9.816e-01  9.845e-01  9.865e-01  9.878e-01  9.885e-01  9.890e-01  9.893e-01  9.895e-01  9.896e-01  9.897e-01  9.898e-01  9.898e-01  9.898e-01  9.899e-01  9.899e-01  9.899e-01  9.899e-01  9.899e-01  9.898e-01  9.898e-01  9.897e-01  9.895e-01  9.893e-01  9.888e-01  9.880e-01  9.868e-01  9.847e-01  9.815e-01  9.765e-01  9.693e-01  9.589e-01  9.447e-01  9.259e-01  9.018e-01  8.720e-01  8.363e-01  7.953e-01  7.497e-01  7.012e-01  6.523e-01  6.061e-01  5.665e-01  5.374e-01  5.219e-01 	
 9.616e-01  9.638e-01  9.677e-01  9.723e-01  9.769e-01  9.809e-01  9.840e-01  9.862e-01  9.877e-01  9.885e-01  9.891e-01  9.894e-01  9.896e-01  9.897e-01  9.898e-01  9.898e-01  9.899e-01  9.899e-01  9.899e-01  9.899e-01  9.899e-01  9.899e-01  9.899e-01  9.899e-01  9.899e-01  9.898e-01  9.897e-01  9.896e-01  9.894e-01  9.891e-01  9.886e-01  9.878e-01  9.865e-01  9.844e-01  9.813e-01  9.767e-01  9.700e-01  9.605e-01  9.477e-01  9.308e-01  9.093e-01  8.828e-01  8.512e-01  8.152e-01  7.758e-01  7.350e-01  6.958e-01  6.615e-01  6.360e-01  6.223e-01 	
 9.691e-01  9.707e-01  9.736e-01  9.772e-01  9.807e-01  9.836e-01  9.859e-01  9.875e-01  9.885e-01  9.892e-01  9.895e-01  9.897e-01  9.898e-01  9.899e-01  9.899e-01  9.899e-01  9.900e-01  9.900e-01  9.900e-01  9.900e-01  9.900e-01  9.900e-01  9.900e-01  9.899e-01  9.899e-01  9.899e-01  9.898e-01  9.897e-01  9.895e-01  9.893e-01  9.889e-01  9.883e-01  9.875e-01  9.862e-01  9.842e-01  9.812e-01  9.770e-01  9.709e-01  9.624e-01  9.510e-01  9.361e-01  9.173e-01  8.944e-01  8.674e-01  8.373e-01  8.053e-01  7.740e-01  7.463e-01  7.254e-01  7.141e-01 	
 9.749e-01  9.761e-01  9.783e-01  9.810e-01  9.835e-01  9.857e-01  9.874e-01  9.885e-01  9.892e-01  9.896e-01  9.898e-01  9.899e-01  9.900e-01  9.900e-01  9.900e-01  9.900e-01  9.900e-01  9.900e-01  9.900e-01  9.900e-01  9.900e-01  9.900e-01  9.900e-01  9.900e-01  9.899e-01  9.899e-01  9.898e-01  9.897e-01  9.896e-01  9.893e-01  9.891e-01  9.886e-01  9.880e-01  9.871e-01  9.858e-01  9.839e-01  9.811e-01  9.772e-01  9.717e-01  9.643e-01  9.544e-01  9.416e-01  9.256e-01  9.065e-01  8.846e-01  8.610e-01  8.375e-01  8.164e-01  8.004e-01  7.917e-01 	
 9.794e-01  9.803e-01  9.819e-01  9.839e-01  9.857e-01  9.873e-01  9.885e-01  9.892e-01  9.897e-01  9.899e-01  9.901e-01  9.901e-01  9.901e-01  9.901e-01  9.901e-01  9.901e-01  9.901e-01  9.901e-01  9.901e-01  9.900e-01  9.900e-01  9.900e-01  9.900e-01  9.900e-01  9.899e-01  9.899e-01  9.898e-01  9.897e-01  9.896e-01  9.894e-01  9.891e-01  9.888e-01  9.883e-01  9.876e-01  9.867e-01  9.853e-01  9.835e-01  9.809e-01  9.773e-01  9.725e-01  9.660e-01  9.575e-01  9.468e-01  9.337e-01  9.186e-01  9.021e-01  8.853e-01  8.702e-01  8.586e-01  8.523e-01 	
 9.828e-01  9.835e-01  9.847e-01  9.861e-01  9.874e-01  9.885e-01  9.893e-01  9.898e-01  9.901e-01  9.902e-01  9.902e-01  9.902e-01  9.902e-01  9.902e-01  9.901e-01  9.901e-01  9.901e-01  9.901e-01  9.901e-01  9.901e-01  9.900e-01  9.900e-01  9.900e-01  9.900e-01  9.899e-01  9.899e-01  9.898e-01  9.897e-01  9.896e-01  9.894e-01  9.892e-01  9.888e-01  9.884e-01  9.878e-01  9.871e-01  9.861e-01  9.847e-01  9.829e-01  9.805e-01  9.772e-01  9.729e-01  9.673e-01  9.602e-01  9.515e-01  9.413e-01  9.301e-01  9.187e-01  9.083e-01  9.003e-01  8.959e-01 	
 9.854e-01  9.859e-01  9.867e-01  9.877e-01  9.887e-01  9.894e-01  9.899e-01  9.902e-01  9.903e-01  9.904e-01  9.903e-01  9.903e-01  9.903e-01  9.902e-01  9.902e-01  9.902e-01  9.901e-01  9.901e-01  9.901e-01  9.901e-01  9.901e-01  9.900e-01  9.900e-01  9.900e-01  9.900e-01  9.899e-01  9.898e-01  9.897e-01  9.896e-01  9.894e-01  9.892e-01  9.889e-01  9.885e-01  9.880e-01  9.873e-01  9.864e-01  9.853e-01  9.839e-01  9.821e-01  9.798e-01  9.768e-01  9.729e-01  9.681e-01  9.623e-01  9.555e-01  9.479e-01  9.403e-01  9.333e-01  9.279e-01  9.249e-01 	
 9.874e-01  9.877e-01  9.883e-01  9.890e-01  9.896e-01  9.901e-01  9.903e-01  9.905e-01  9.905e-01  9.905e-01  9.904e-01  9.904e-01  9.903e-01  9.903e-01  9.902e-01  9.902e-01  9.901e-01  9.901e-01  9.901e-01  9.901e-01  9.901e-01  9.900e-01  9.900e-01  9.900e-01  9.900e-01  9.899e-01  9.898e-01  9.897e-01  9.896e-01  9.894e-01  9.892e-01  9.889e-01  9.885e-01  9.880e-01  9.874e-01  9.866e-01  9.856e-01  9.844e-01  9.830e-01  9.811e-01  9.788e-01  9.760e-01  9.725e-01  9.684e-01  9.636e-01  9.584e-01  9.532e-01  9.484e-01  9.447e-01  9.427e-01 	
 9.888e-01  9.891e-01  9.894e-01  9.899e-01  9.903e-01  9.905e-01  9.907e-01  9.907e-01  9.907e-01  9.906e-01  9.905e-01  9.904e-01  9.903e-01  9.903e-01  9.902e-01  9.902e-01  9.902e-01  9.901e-01  9.901e-01  9.901e-01  9.901e-01  9.901e-01  9.900e-01  9.900e-01  9.900e-01  9.899e-01  9.898e-01  9.897e-01  9.896e-01  9.894e-01  9.892e-01  9.889e-01  9.885e-01  9.880e-01  9.874e-01  9.867e-01  9.858e-01  9.847e-01  9.833e-01  9.817e-01  9.798e-01  9.775e-01  9.748e-01  9.716e-01  9.680e-01  9.641e-01  9.603e-01  9.568e-01  9.542e-01  9.527e-01 	
 9.899e-01  9.901e-01  9.903e-01  9.906e-01  9.908e-01  9.909e-01  9.909e-01  9.909e-01  9.908e-01  9.906e-01  9.905e-01  9.904e-01  9.904e-01  9.903e-01  9.902e-01  9.902e-01  9.902e-01  9.901e-01  9.901e-01  9.901e-01  9.901e-01  9.901e-01  9.900e-01  9.900e-01  9.900e-01  9.899e-01  9.898e-01  9.897e-01  9.896e-01  9.894e-01  9.892e-01  9.889e-01  9.885e-01  9.880e-01  9.874e-01  9.867e-01  9.858e-01  9.848e-01  9.835e-01  9.820e-01  9.802e-01  9.782e-01  9.758e-01  9.731e-01  9.702e-01  9.670e-01  9.639e-01  9.612e-01  9.591e-01  9.580e-01 	
 9.907e-01  9.908e-01  9.910e-01  9.911e-01  9.912e-01  9.912e-01  9.911e-01  9.910e-01  9.908e-01  9.907e-01  9.906e-01  9.905e-01  9.904e-01  9.903e-01  9.902e-01  9.902e-01  9.902e-01  9.901e-01  9.901e-01  9.901e-01  9.901e-01  9.901e-01  9.900e-01  9.900e-01  9.900e-01  9.899e-01  9.898e-01  9.897e-01  9.896e-01  9.894e-01  9.892e-01  9.889e-01  9.885e-01  9.880e-01  9.874e-01  9.867e-01  9.858e-01  9.848e-01  9.836e-01  9.821e-01  9.804e-01  9.785e-01  9.763e-01  9.738e-01  9.712e-01  9.684e-01  9.657e-01  9.633e-01  9.615e-01  9.605e-01 	
 9.914e-01  9.914e-01  9.914e-01  9.915e-01  9.914e-01  9.914e-01  9.912e-01  9.911e-01  9.909e-01  9.907e-01  9.906e-01  9.905e-01  9.904e-01  9.903e-01  9.902e-01  9.902e-01  9.902e-01  9.901e-01  9.901e-01  9.901e-01  9.901e-01  9.901e-01  9.900e-01  9.900e-01  9.900e-01  9.899e-01  9.898e-01  9.897e-01  9.896e-01  9.894e-01  9.892e-01  9.889e-01  9.885e-01  9.880e-01  9.874e-01  9.867e-01  9.858e-01  9.848e-01  9.836e-01  9.821e-01  9.805e-01  9.786e-01  9.765e-01  9.741e-01  9.716e-01  9.690e-01  9.665e-01  9.642e-01  9.626e-01  9.617e-01 	
 9.918e-01  9.918e-01  9.918e-01  9.918e-01  9.917e-01  9.915e-01  9.913e-01  9.911e-01  9.909e-01  9.907e-01  9.906e-01  9.905e-01  9.904e-01  9.903e-01  9.903e-01  9.902e-01  9.902e-01  9.901e-01  9.901e-01  9.901e-01  9.901e-01  9.901e-01  9.900e-01  9.900e-01  9.900e-01  9.899e-01  9.898e-01  9.897e-01  9.896e-01  9.894e-01  9.892e-01  9.889e-01  9.885e-01  9.880e-01  9.874e-01  9.867e-01  9.858e-01  9.848e-01  9.836e-01  9.822e-01  9.805e-01  9.787e-01  9.766e-01  9.743e-01  9.718e-01  9.693e-01  9.668e-01  9.647e-01  9.630e-01  9.622e-01 	
 9.922e-01  9.922e-01  9.921e-01  9.920e-01  9.919e-01  9.916e-01  9.914e-01  9.912e-01  9.910e-01  9.908e-01  9.906e-01  9.905e-01  9.904e-01  9.903e-01  9.903e-01  9.902e-01  9.902e-01  9.901e-01  9.901e-01  9.901e-01  9.901e-01  9.901e-01  9.900e-01  9.900e-01  9.900e-01  9.899e-01  9.898e-01  9.897e-01  9.896e-01  9.894e-01  9.892e-01  9.888e-01  9.885e-01  9.880e-01  9.874e-01  9.867e-01  9.858e-01  9.848e-01  9.836e-01  9.821e-01  9.805e-01  9.787e-01  9.766e-01  9.743e-01  9.719e-01  9.694e-01  9.669e-01  9.648e-01  9.632e-01  9.624e-01 	
 9.925e-01  9.925e-01  9.924e-01  9.922e-01  9.920e-01  9.917e-01  9.915e-01  9.912e-01  9.910e-01  9.908e-01  9.906e-01  9.905e-01  9.904e-01  9.903e-01  9.903e-01  9.902e-01  9.902e-01  9.902e-01  9.901e-01  9.901e-01  9.901e-01  9.901e-01  9.900e-01  9.900e-01  9.900e-01  9.899e-01  9.898e-01  9.897e-01  9.896e-01  9.894e-01  9.891e-01  9.888e-01  9.885e-01  9.880e-01  9.874e-01  9.866e-01  9.858e-01  9.848e-01  9.835e-01  9.821e-01  9.805e-01  9.787e-01  9.766e-01  9.743e-01  9.719e-01  9.694e-01  9.670e-01  9.649e-01  9.633e-01  9.625e-01 	
 9.927e-01  9.927e-01  9.926e-01  9.924e-01  9.921e-01  9.918e-01  9.915e-01  9.913e-01  9.910e-01  9.908e-01  9.906e-01  9.905e-01  9.904e-01  9.903e-01  9.903e-01  9.902e-01  9.902e-01  9.902e-01  9.901e-01  9.901e-01  9.901e-01  9.901e-01  9.900e-01  9.900e-01  9.900e-01  9.899e-01  9.898e-01  9.897e-01  9.896e-01  9.894e-01  9.891e-01  9.888e-01  9.884e-01  9.880e-01  9.874e-01  9.866e-01  9.858e-01  9.847e-01  9.835e-01  9.821e-01  9.805e-01  9.787e-01  9.766e-01  9.743e-01  9.719e-01  9.694e-01  9.670e-01  9.650e-01  9.634e-01  9.626e-01 	
 9.929e-01  9.929e-01  9.927e-01  9.925e-01  9.922e-01  9.919e-01  9.916e-01  9.913e-01  9.910e-01  9.908e-01  9.907e-01  9.905e-01  9.904e-01  9.903e-01  9.903e-01  9.902e-01  9.902e-01  9.902e-01  9.901e-01  9.901e-01  9.901e-01  9.901e-01  9.900e-01  9.900e-01  9.900e-01  9.899e-01  9.898e-01  9.897e-01  9.896e-01  9.894e-01  9.891e-01  9.888e-01  9.884e-01  9.879e-01  9.874e-01  9.866e-01  9.858e-01  9.847e-01  9.835e-01  9.821e-01  9.805e-01  9.787e-01  9.766e-01  9.743e-01  9.719e-01  9.694e-01  9.671e-01  9.650e-01  9.634e-01  9.626e-01 	
 9.931e-01  9.930e-01  9.928e-01  9.926e-01  9.923e-01  9.920e-01  9.916e-01  9.913e-01  9.911e-01  9.908e-01  9.907e-01  9.905e-01  9.904e-01  9.903e-01  9.903e-01  9.902e-01  9.902e-01  9.902e-01  9.901e-01  9.901e-01  9.901e-01  9.901e-01  9.900e-01  9.900e-01  9.900e-01  9.899e-01  9.898e-01  9.897e-01  9.896e-01  9.894e-01  9.891e-01  9.888e-01  9.884e-01  9.879e-01  9.873e-01  9.866e-01  9.857e-01  9.847e-01  9.835e-01  9.821e-01  9.805e-01  9.787e-01  9.766e-01  9.743e-01  9.719e-01  9.695e-01  9.671e-01  9.650e-01  9.634e-01  9.626e-01 	
 9.932e-01  9.931e-01  9.929e-01  9.927e-01  9.923e-01  9.920e-01  9.917e-01  9.913e-01  9.911e-01  9.908e-01  9.907e-01  9.905e-01  9.904e-01  9.903e-01  9.903e-01  9.902e-01  9.902e-01  9.902e-01  9.901e-01  9.901e-01  9.901e-01  9.901e-01  9.900e-01  9.900e-01  9.900e-01  9.899e-01  9.898e-01  9.897e-01  9.896e-01  9.894e-01  9.891e-01  9.888e-01  9.884e-01  9.879e-01  9.873e-01  9.866e-01  9.857e-01  9.847e-01  9.835e-01  9.821e-01  9.805e-01  9.786e-01  9.766e-01  9.743e-01  9.719e-01  9.695e-01  9.671e-01  9.650e-01  9.635e-01  9.626e-01 	
 9.933e-01  9.932e-01  9.930e-01  9.927e-01  9.924e-01  9.920e-01  9.917e-01  9.914e-01  9.911e-01  9.909e-01  9.907e-01  9.905e-01  9.904e-01  9.903e-01  9.903e-01  9.902e-01  9.902e-01  9.902e-01  9.901e-01  9.901e-01  9.901e-01  9.901e-01  9.900e-01  9.900e-01  9.900e-01  9.899e-01  9.898e-01  9.897e-01  9.896e-01  9.894e-01  9.891e-01  9.888e-01  9.884e-01  9.879e-01  9.873e-01  9.866e-01  9.857e-01  9.847e-01  9.835e-01  9.821e-01  9.805e-01  9.786e-01  9.766e-01  9.743e-01  9.719e-01  9.695e-01  9.671e-01  9.650e-01  9.635e-01  9.627e-01 	
 9.934e-01  9.933e-01  9.931e-01  9.928e-01  9.924e-01  9.921e-01  9.917e-01  9.914e-01  9.911e-01  9.909e-01  9.907e-01  9.905e-01  9.904e-01  9.903e-01  9.903e-01  9.902e-01  9.902e-01  9.902e-01  9.901e-01  9.901e-01  9.901e-01  9.901e-01  9.900e-01  9.900e-01  9.900e-01  9.899e-01  9.898e-01  9.897e-01  9.896e-01  9.894e-01  9.891e-01  9.888e-01  9.884e-01  9.879e-01  9.873e-01  9.866e-01  9.857e-01  9.847e-01  9.835e-01  9.821e-01  9.805e-01  9.786e-01  9.766e-01  9.743e-01  9.719e-01  9.695e-01  9.671e-01  9.650e-01  9.635e-01  9.627e-01 	
 9.935e-01  9.934e-01  9.932e-01  9.928e-01  9.925e-01  9.921e-01  9.917e-01  9.914e-01  9.911e-01  9.909e-01  9.907e-01  9.905e-01  9.904e-01  9.903e-01  9.903e-01  9.902e-01  9.902e-01  9.902e-01  9.901e-01  9.901e-01  9.901e-01  9.901e-01  9.900e-01  9.900e-01  9.900e-01  9.899e-01  9.898e-01  9.897e-01  9.896e-01  9.894e-01  9.891e-01  9.888e-01  9.884e-01  9.879e-01  9.873e-01  9.866e-01  9.857e-01  9.847e-01  9.835e-01  9.821e-01  9.805e-01  9.786e-01  9.766e-01  9.743e-01  9.719e-01  9.695e-01  9.671e-01  9.650e-01  9.635e-01  9.627e-01 	
 9.936e-01  9.934e-01  9.932e-01  9.929e-01  9.925e-01  9.921e-01  9.917e-01  9.914e-01  9.911e-01  9.909e-01  9.907e-01  9.905e-01  9.904e-01  9.903e-01  9.903e-01  9.902e-01  9.902e-01  9.902e-01  9.901e-01  9.901e-01  9.901e-01  9.901e-01  9.900e-01  9.900e-01  9.900e-01  9.899e-01  9.898e-01  9.897e-01  9.896e-01  9.894e-01  9.891e-01  9.888e-01  9.884e-01  9.879e-01  9.873e-01  9.866e-01  9.857e-01  9.847e-01  9.835e-01  9.821e-01  9.805e-01  9.786e-01  9.766e-01  9.743e-01  9.719e-01  9.695e-01  9.671e-01  9.651e-01  9.635e-01  9.627e-01 	
 9.936e-01  9.935e-01  9.932e-01  9.929e-01  9.925e-01  9.921e-01  9.918e-01  9.914e-01  9.911e-01  9.909e-01  9.907e-01  9.905e-01  9.904e-01  9.903e-01  9.903e-01  9.902e-01  9.902e-01  9.902e-01  9.901e-01  9.901e-01  9.901e-01  9.901e-01  9.900e-01  9.900e-01  9.900e-01  9.899e-01  9.898e-01  9.897e-01  9.896e-01  9.894e-01  9.891e-01  9.888e-01  9.884e-01  9.879e-01  9.873e-01  9.866e-01  9.857e-01  9.847e-01  9.835e-01  9.821e-01  9.805e-01  9.786e-01  9.766e-01  9.743e-01  9.719e-01  9.695e-01  9.671e-01  9.651e-01  9.635e-01  9.627e-01 	
 9.937e-01  9.935e-01  9.933e-01  9.930e-01  9.926e-01  9.922e-01  9.918e-01  9.914e-01  9.911e-01  9.909e-01  9.907e-01  9.905e-01  9.904e-01  9.903e-01  9.903e-01  9.902e-01  9.902e-01  9.902e-01  9.901e-01  9.901e-01  9.901e-01  9.901e-01  9.900e-01  9.900e-01  9.900e-01  9.899e-01  9.898e-01  9.897e-01  9.896e-01  9.894e-01  9.891e-01  9.888e-01  9.884e-01  9.879e-01  9.873e-01  9.866e-01  9.857e-01  9.847e-01  9.835e-01  9.821e-01  9.805e-01  9.786e-01  9.766e-01  9.743e-01  9.719e-01  9.695e-01  9.671e-01  9.651e-01  9.635e-01  9.627e-01 	
 9.937e-01  9.936e-01  9.933e-01  9.930e-01  9.926e-01  9.922e-01  9.918e-01  9.914e-01  9.911e-01  9.909e-01  9.907e-01  9.905e-01  9.904e-01  9.904e-01  9.903e-01  9.902e-01  9.902e-01  9.902e-01  9.901e-01  9.901e-01  9.901e-01  9.901e-01  9.900e-01  9.900e-01  9.900e-01  9.899e-01  9.898e-01  9.897e-01  9.896e-01  9.894e-01  9.891e-01  9.888e-01  9.884e-01  9.879e-01  9.873e-01  9.866e-01  9.857e-01  9.847e-01  9.835e-01  9.821e-01  9.805e-01  9.786e-01  9.766e-01  9.743e-01  9.719e-01  9.695e-01  9.671e-01  9.651e-01  9.636e-01  9.627e-01 	
 9.937e-01  9.936e-01  9.933e-01  9.930e-01  9.926e-01  9.922e-01  9.918e-01  9.914e-01  9.911e-01  9.909e-01  9.907e-01  9.905e-01  9.904e-01  9.904e-01  9.903e-01  9.902e-01  9.902e-01  9.902e-01  9.901e-01  9.901e-01  9.901e-01  9.901e-01  9.900e-01  9.900e-01  9.900e-01  9.899e-01  9.898e-01  9.897e-01  9.896e-01  9.894e-01  9.891e-01  9.888e-01  9.884e-01  9.879e-01  9.873e-01  9.866e-01  9.857e-01  9.847e-01  9.835e-01  9.821e-01  9.804e-01  9.786e-01  9.766e-01  9.743e-01  9.719e-01  9.695e-01  9.671e-01  9.651e-01  9.636e-01  9.627e-01 	
 9.938e-01  9.936e-01  9.934e-01  9.930e-01  9.926e-01  9.922e-01  9.918e-01  9.914e-01  9.911e-01  9.909e-01  9.907e-01  9.906e-01  9.904e-01  9.904e-01  9.903e-01  9.902e-01  9.902e-01  9.902e-01  9.901e-01  9.901e-01  9.901e-01  9.901e-01  9.900e-01  9.900e-01  9.900e-01  9.899e-01  9.898e-01  9.897e-01  9.896e-01  9.894e-01  9.891e-01  9.888e-01  9.884e-01  9.879e-01  9.873e-01  9.866e-01  9.857e-01  9.847e-01  9.835e-01  9.820e-01  9.804e-01  9.786e-01  9.766e-01  9.743e-01  9.719e-01  9.695e-01  9.672e-01  9.651e-01  9.636e-01  9.628e-01 	
 9.938e-01  9.937e-01  9.934e-01  9.930e-01  9.926e-01  9.922e-01  9.918e-01  9.914e-01  9.911e-01  9.909e-01  9.907e-01  9.906e-01  9.904e-01  9.904e-01  9.903e-01  9.902e-01  9.902e-01  9.902e-01  9.901e-01  9.901e-01  9.901e-01  9.901e-01  9.900e-01  9.900e-01  9.900e-01  9.899e-01  9.898e-01  9.897e-01  9.896e-01  9.894e-01  9.891e-01  9.888e-01  9.884e-01  9.879e-01  9.873e-01  9.866e-01  9.857e-01  9.847e-01  9.834e-01  9.820e-01  9.804e-01  9.786e-01  9.766e-01  9.743e-01  9.719e-01  9.695e-01  9.672e-01  9.651e-01  9.636e-01  9.628e-01 	
 9.938e-01  9.937e-01  9.934e-01  9.931e-01  9.926e-01  9.922e-01  9.918e-01  9.914e-01  9.911e-01  9.909e-01  9.907e-01  9.906e-01  9.904e-01  9.904e-01  9.903e-01  9.902e-01  9.902e-01  9.902e-01  9.901e-01  9.901e-01  9.901e-01  9.901e-01  9.900e-01  9.900e-01  9.900e-01  9.899e-01  9.898e-01  9.897e-01  9.896e-01  9.894e-01  9.891e-01  9.888e-01  9.884e-01  9.879e-01  9.873e-01  9.866e-01  9.857e-01  9.847e-01  9.834e-01  9.820e-01  9.804e-01  9.786e-01  9.766e-01  9.743e-01  9.719e-01  9.695e-01  9.672e-01  9.651e-01  9.636e-01  9.628e-01 	
 9.938e-01  9.937e-01  9.934e-01  9.931e-01  9.927e-01  9.922e-01  9.918e-01  9.915e-01  9.911e-01  9.909e-01  9.907e-01  9.906e-01  9.904e-01  9.904e-01  9.903e-01  9.902e-01  9.902e-01  9.902e-01  9.901e-01  9.901e-01  9.901e-01  9.901e-01  9.900e-01  9.900e-01  9.900e-01  9.899e-01  9.898e-01  9.897e-01  9.896e-01  9.894e-01  9.891e-01  9.888e-01  9.884e-01  9.879e-01  9.873e-01  9.866e-01  9.857e-01  9.847e-01  9.834e-01  9.820e-01  9.804e-01  9.786e-01  9.766e-01  9.743e-01  9.719e-01  9.695e-01  9.672e-01  9.651e-01  9.636e-01  9.628e-01 	
 9.939e-01  9.937e-01  9.935e-01  9.931e-01  9.927e-01  9.922e-01  9.918e-01  9.915e-01  9.911e-01  9.909e-01  9.907e-01  9.906e-01  9.904e-01  9.904e-01  9.903e-01  9.902e-01  9.902e-01  9.902e-01  9.901e-01  9.901e-01  9.901e-01  9.901e-01  9.900e-01  9.900e-01  9.900e-01  9.899e-01  9.898e-01  9.897e-01  9.896e-01  9.894e-01  9.891e-01  9.888e-01  9.884e-01  9.879e-01  9.873e-01  9.866e-01  9.857e-01  9.847e-01  9.834e-01  9.820e-01  9.804e-01  9.786e-01  9.766e-01  9.743e-01  9.719e-01  9.695e-01  9.672e-01  9.651e-01  9.636e-01  9.628e-01 	
 9.939e-01  9.937e-01  9.935e-01  9.931e-01  9.927e-01  9.922e-01  9.918e-01  9.915e-01  9.911e-01  9.909e-01  9.907e-01  9.906e-01  9.904e-01  9.904e-01  9.903e-01  9.902e-01  9.902e-01  9.902e-01  9.901e-01  9.901e-01  9.901e-01  9.901e-01  9.900e-01  9.900e-01  9.900e-01  9.899e-01  9.898e-01  9.897e-01  9.896e-01  9.894e-01  9.891e-01  9.888e-01  9.884e-01  9.879e-01  9.873e-01  9.866e-01  9.857e-01  9.846e-01  9.834e-01  9.820e-01  9.804e-01  9.786e-01  9.766e-01  9.743e-01  9.719e-01  9.695e-01  9.672e-01  9.651e-01  9.636e-01  9.628e-01 	
 9.939e-01  9.938e-01  9.935e-01  9.931e-01  9.927e-01  9.923e-01  9.918e-01  9.915e-01  9.912e-01  9.909e-01  9.907e-01  9.906e-01  9.904e-01  9.904e-01  9.903e-01  9.902e-01  9.902e-01  9.902e-01  9.901e-01  9.901e-01  9.901e-01  9.901e-01  9.900e-01  9.900e-01  9.900e-01  9.899e-01  9.898e-01  9.897e-01  9.896e-01  9.894e-01  9.891e-01  9.888e-01  9.884e-01  9.879e-01  9.873e-01  9.866e-01  9.857e-01  9.846e-01  9.834e-01  9.820e-01  9.804e-01  9.786e-01  9.766e-01  9.743e-01  9.719e-01  9.695e-01  9.672e-01  9.651e-01  9.636e-01  9.628e-01 	
 9.939e-01  9.938e-01  9.935e-01  9.931e-01  9.927e-01  9.923e-01  9.918e-01  9.915e-01  9.912e-01  9.909e-01  9.907e-01  9.906e-01  9.904e-01  9.904e-01  9.903e-01  9.902e-01  9.902e-01  9.902e-01  9.901e-01  9.901e-01  9.901e-01  9.901e-01  9.900e-01  9.900e-01  9.900e-01  9.899e-01  9.898e-01  9.897e-01  9.896e-01  9.894e-01  9.891e-01  9.888e-01  9.884e-01  9.879e-01  9.873e-01  9.866e-01  9.857e-01  9.846e-01  9.834e-01  9.820e-01  9.804e-01  9.786e-01  9.766e-01  9.743e-01  9.719e-01  9.695e-01  9.672e-01  9.651e-01  9.636e-01  9.628e-01 	
 9.940e-01  9.938e-01  9.935e-01  9.931e-01  9.927e-01  9.923e-01  9.918e-01  9.915e-01  9.912e-01  9.909e-01  9.907e-01  9.906e-01  9.904e-01  9.904e-01  9.903e-01  9.902e-01  9.902e-01  9.902e-01  9.901e-01  9.901e-01  9.901e-01  9.901e-01  9.900e-01  9.900e-01  9.900e-01  9.899e-01  9.898e-01  9.897e-01  9.896e-01  9.894e-01  9.891e-01  9.888e-01  9.884e-01  9.879e-01  9.873e-01  9.866e-01  9.857e-01  9.846e-01  9.834e-01  9.820e-01  9.804e-01  9.786e-01  9.766e-01  9.743e-01  9.719e-01  9.695e-01  9.672e-01  9.651e-01  9.636e-01  9.628e-01 	
 9.940e-01  9.938e-01  9.935e-01  9.932e-01  9.927e-01  9.923e-01  9.918e-01  9.915e-01  9.912e-01  9.909e-01  9.907e-01  9.906e-01  9.904e-01  9.904e-01  9.903e-01  9.902e-01  9.902e-01  9.902e-01  9.901e-01  9.901e-01  9.901e-01  9.901e-01  9.900e-01  9.900e-01  9.900e-01  9.899e-01  9.898e-01  9.897e-01  9.896e-01  9.894e-01  9.891e-01  9.888e-01  9.884e-01  9.879e-01  9.873e-01  9.866e-01  9.857e-01  9.846e-01  9.834e-01  9.820e-01  9.804e-01  9.786e-01  9.766e-01  9.743e-01  9.719e-01  9.695e-01  9.672e-01  9.651e-01  9.636e-01  9.628e-01 	
 9.940e-01  9.938e-01  9.936e-01  9.932e-01  9.927e-01  9.923e-01  9.919e-01  9.915e-01  9.912e-01  9.909e-01  9.907e-01  9.906e-01  9.904e-01  9.904e-01  9.903e-01  9.902e-01  9.902e-01  9.902e-01  9.901e-01  9.901e-01  9.901e-01  9.901e-01  9.900e-01  9.900e-01  9.900e-01  9.899e-01  9.898e-01  9.897e-01  9.896e-01  9.894e-01  9.891e-01  9.888e-01  9.884e-01  9.879e-01  9.873e-01  9.866e-01  9.857e-01  9.846e-01  9.834e-01  9.820e-01  9.804e-01  9.786e-01  9.766e-01  9.743e-01  9.719e-01  9.695e-01  9.672e-01  9.651e-01  9.636e-01  9.628e-01 	
 9.940e-01  9.939e-01  9.936e-01  9.932e-01  9.927e-01  9.923e-01  9.919e-01  9.915e-01  9.912e-01  9.909e-01  9.907e-01  9.906e-01  9.904e-01  9.904e-01  9.903e-01  9.902e-01  9.902e-01  9.902e-01  9.901e-01  9.901e-01  9.901e-01  9.901e-01  9.900e-01  9.900e-01  9.900e-01  9.899e-01  9.898e-01  9.897e-01  9.896e-01  9.894e-01  9.891e-01  9.888e-01  9.884e-01  9.879e-01  9.873e-01  9.866e-01  9.857e-01  9.846e-01  9.834e-01  9.820e-01  9.804e-01  9.786e-01  9.765e-01  9.743e-01  9.719e-01  9.695e-01  9.672e-01  9.651e-01  9.636e-01  9.628e-01 	
 9.940e-01  9.939e-01  9.936e-01  9.932e-01  9.927e-01  9.923e-01  9.919e-01  9.915e-01  9.912e-01  9.909e-01  9.907e-01  9.906e-01  9.904e-01  9.904e-01  9.903e-01  9.902e-01  9.902e-01  9.902e-01  9.901e-01  9.901e-01  9.901e-01  9.901e-01  9.900e-01  9.900e-01  9.900e-01  9.899e-01  9.898e-01  9.897e-01  9.896e-01  9.894e-01  9.891e-01  9.888e-01  9.884e-01  9.879e-01  9.873e-01  9.866e-01  9.857e-01  9.846e-01  9.834e-01  9.820e-01  9.804e-01  9.786e-01  9.765e-01  9.743e-01  9.719e-01  9.695e-01  9.672e-01  9.651e-01  9.636e-01  9.628e-01 	
 9.940e-01  9.939e-01  9.936e-01  9.932e-01  9.928e-01  9.923e-01  9.919e-01  9.915e-01  9.912e-01  9.909e-01  9.907e-01  9.906e-01  9.904e-01  9.904e-01  9.903e-01  9.902e-01  9.902e-01  9.902e-01  9.901e-01  9.901e-01  9.901e-01  9.901e-01  9.900e-01  9.900e-01  9.900e-01  9.899e-01  9.898e-01  9.897e-01  9.896e-01  9.894e-01  9.891e-01  9.888e-01  9.884e-01  9.879e-01  9.873e-01  9.866e-01  9.857e-01  9.846e-01  9.834e-01  9.820e-01  9.804e-01  9.786e-01  9.765e-01  9.743e-01  9.719e-01  9.695e-01  9.672e-01  9.651e-01  9.636e-01  9.628e-01 	
 9.941e-01  9.939e-01  9.936e-01  9.932e-01  9.928e-01  9.923e-01  9.919e-01  9.915e-01  9.912e-01  9.909e-01  9.907e-01  9.906e-01  9.904e-01  9.904e-01  9.903e-01  9.902e-01  9.902e-01  9.902e-01  9.901e-01  9.901e-01  9.901e-01  9.901e-01  9.900e-01  9.900e-01  9.900e-01  9.899e-01  9.898e-01  9.897e-01  9.896e-01  9.894e-01  9.891e-01  9.888e-01  9.884e-01  9.879e-01  9.873e-01  9.865e-01  9.857e-01  9.846e-01  9.834e-01  9.820e-01  9.804e-01  9.786e-01  9.765e-01  9.743e-01  9.719e-01  9.695e-01  9.672e-01  9.651e-01  9.636e-01  9.628e-01 	
 9.941e-01  9.939e-01  9.936e-01  9.932e-01  9.928e-01  9.923e-01  9.919e-01  9.915e-01  9.912e-01  9.909e-01  9.907e-01  9.906e-01  9.904e-01  9.904e-01  9.903e-01  9.902e-01  9.902e-01  9.902e-01  9.901e-01  9.901e-01  9.901e-01  9.901e-01  9.900e-01  9.900e-01  9.900e-01  9.899e-01  9.898e-01  9.897e-01  9.896e-01  9.894e-01  9.891e-01  9.888e-01  9.884e-01  9.879e-01  9.873e-01  9.865e-01  9.857e-01  9.846e-01  9.834e-01  9.820e-01  9.804e-01  9.786e-01  9.765e-01  9.743e-01  9.719e-01  9.695e-01  9.672e-01  9.651e-01  9.636e-01  9.628e-01 	
 9.941e-01  9.939e-01  9.936e-01  9.932e-01  9.928e-01  9.923e-01  9.919e-01  9.915e-01  9.912e-01  9.909e-01  9.907e-01  9.906e-01  9.904e-01  9.904e-01  9.903e-01  9.902e-01  9.902e-01  9.902e-01  9.901e-01  9.901e-01  9.901e-01  9.901e-01  9.900e-01  9.900e-01  9.900e-01  9.899e-01  9.898e-01  9.897e-01  9.896e-01  9.894e-01  9.891e-01  9.888e-01  9.884e-01  9.879e-01  9.873e-01  9.865e-01  9.857e-01  9.846e-01  9.834e-01  9.820e-01  9.804e-01  9.786e-01  9.766e-01  9.743e-01  9.719e-01  9.695e-01  9.672e-01  9.652e-01  9.636e-01  9.628e-01 	
 9.941e-01  9.940e-01  9.937e-01  9.932e-01  9.928e-01  9.923e-01  9.919e-01  9.915e-01  9.912e-01  9.909e-01  9.907e-01  9.906e-01  9.904e-01  9.904e-01  9.903e-01  9.902e-01  9.902e-01  9.902e-01  9.901e-01  9.901e-01  9.901e-01  9.901e-01  9.900e-01  9.900e-01  9.900e-01  9.899e-01  9.898e-01  9.897e-01  9.896e-01  9.894e-01  9.891e-01  9.888e-01  9.884e-01  9.879e-01  9.873e-01  9.865e-01  9.857e-01  9.846e-01  9.834e-01  9.820e-01  9.804e-01  9.786e-01  9.766e-01  9.743e-01  9.720e-01  9.695e-01  9.672e-01  9.652e-01  9.637e-01  9.628e-01 	
 9.941e-01  9.940e-01  9.937e-01  9.933e-01  9.928e-01  9.923e-01  9.919e-01  9.915e-01  9.912e-01  9.909e-01  9.907e-01  9.906e-01  9.904e-01  9.904e-01  9.903e-01  9.902e-01  9.902e-01  9.902e-01  9.901e-01  9.901e-01  9.901e-01  9.901e-01  9.900e-01  9.900e-01  9.900e-01  9.899e-01  9.898e-01  9.897e-01  9.896e-01  9.894e-01  9.891e-01  9.888e-01  9.884e-01  9.879e-01  9.873e-01  9.865e-01  9.857e-01  9.846e-01  9.834e-01  9.820e-01  9.804e-01  9.786e-01  9.766e-01  9.743e-01  9.720e-01  9.696e-01  9.672e-01  9.652e-01  9.637e-01  9.629e-01 	
 9.942e-01  9.940e-01  9.937e-01  9.933e-01  9.928e-01  9.923e-01  9.919e-01  9.915e-01  9.912e-01  9.909e-01  9.907e-01  9.906e-01  9.904e-01  9.904e-01  9.903e-01  9.902e-01  9.902e-01  9.902e-01  9.901e-01  9.901e-01  9.901e-01  9.901e-01  9.900e-01  9.900e-01  9.900e-01  9.899e-01  9.898e-01  9.897e-01  9.895e-01  9.894e-01  9.891e-01  9.888e-01  9.884e-01  9.879e-01  9.873e-01  9.865e-01  9.857e-01  9.846e-01  9.834e-01  9.820e-01  9.804e-01  9.786e-01  9.766e-01  9.744e-01  9.720e-01  9.696e-01  9.673e-01  9.652e-01  9.637e-01  9.629e-01 	
 9.942e-01  9.940e-01  9.937e-01  9.933e-01  9.928e-01  9.923e-01  9.919e-01  9.915e-01  9.912e-01  9.909e-01  9.907e-01  9.906e-01  9.905e-01  9.904e-01  9.903e-01  9.902e-01  9.902e-01  9.902e-01  9.901e-01  9.901e-01  9.901e-01  9.901e-01  9.900e-01  9.900e-01  9.900e-01  9.899e-01  9.898e-01  9.897e-01  9.895e-01  9.894e-01  9.891e-01  9.888e-01  9.884e-01  9.879e-01  9.873e-01  9.865e-01  9.857e-01  9.846e-01  9.834e-01  9.820e-01  9.804e-01  9.786e-01  9.766e-01  9.744e-01  9.720e-01  9.696e-01  9.673e-01  9.653e-01  9.638e-01  9.629e-01 	
 9.942e-01  9.940e-01  9.937e-01  9.933e-01  9.928e-01  9.923e-01  9.919e-01  9.915e-01  9.912e-01  9.909e-01  9.907e-01  9.906e-01  9.905e-01  9.904e-01  9.903e-01  9.902e-01  9.902e-01  9.902e-01  9.901e-01  9.901e-01  9.901e-01  9.901e-01  9.900e-01  9.900e-01  9.900e-01  9.899e-01  9.898e-01  9.897e-01  9.895e-01  9.894e-01  9.891e-01  9.888e-01  9.884e-01  9.879e-01  9.873e-01  9.865e-01  9.857e-01  9.846e-01  9.834e-01  9.820e-01  9.804e-01  9.786e-01  9.766e-01  9.744e-01  9.720e-01  9.696e-01  9.673e-01  9.653e-01  9.638e-01  9.630e-01 	
 9.942e-01  9.940e-01  9.937e-01  9.933e-01  9.928e-01  9.924e-01  9.919e-01  9.915e-01  9.912e-01  9.909e-01  9.907e-01  9.906e-01  9.905e-01  9.904e-01  9.903e-01  9.902e-01  9.902e-01  9.902e-01  9.901e-01  9.901e-01  9.901e-01  9.901e-01  9.900e-01  9.900e-01  9.900e-01  9.899e-01  9.898e-01  9.897e-01  9.895e-01  9.894e-01  9.891e-01  9.888e-01  9.884e-01  9.879e-01  9.873e-01  9.865e-01  9.857e-01  9.846e-01  9.834e-01  9.820e-01  9.804e-01  9.786e-01  9.766e-01  9.744e-01  9.720e-01  9.696e-01  9.673e-01  9.653e-01  9.638e-01  9.630e-01 	
 9.942e-01  9.941e-01  9.937e-01  9.933e-01  9.928e-01  9.924e-01  9.919e-01  9.915e-01  9.912e-01  9.909e-01  9.907e-01  9.906e-01  9.905e-01  9.904e-01  9.903e-01  9.902e-01  9.902e-01  9.902e-01  9.901e-01  9.901e-01  9.901e-01  9.901e-01  9.900e-01  9.900e-01  9.900e-01  9.899e-01  9.898e-01  9.897e-01  9.895e-01  9.894e-01  9.891e-01  9.888e-01  9.884e-01  9.879e-01  9.873e-01  9.865e-01  9.857e-01  9.846e-01  9.834e-01  9.820e-01  9.804e-01  9.786e-01  9.766e-01  9.744e-01  9.720e-01  9.696e-01  9.673e-01  9.653e-01  9.638e-01  9.630e-01 	
 9.942e-01  9.941e-01  9.938e-01  9.933e-01  9.929e-01  9.924e-01  9.919e-01  9.915e-01  9.912e-01  9.909e-01  9.907e-01  9.906e-01  9.905e-01  9.904e-01  9.903e-01  9.902e-01  9.902e-01  9.902e-01  9.901e-01  9.901e-01  9.901e-01  9.901e-01  9.900e-01  9.900e-01  9.900e-01  9.899e-01  9.898e-01  9.897e-01  9.895e-01  9.894e-01  9.891e-01  9.888e-01  9.884e-01  9.879e-01  9.873e-01  9.865e-01  9.857e-01  9.846e-01  9.834e-01  9.820e-01  9.804e-01  9.786e-01  9.766e-01  9.744e-01  9.720e-01  9.696e-01  9.673e-01  9.653e-01  9.638e-01  9.630e-01 	
 9.943e-01  9.941e-01  9.938e-01  9.933e-01  9.929e-01  9.924e-01  9.919e-01  9.915e-01  9.912e-01  9.909e-01  9.907e-01  9.906e-01  9.905e-01  9.904e-01  9.903e-01  9.902e-01  9.902e-01  9.902e-01  9.901e-01  9.901e-01  9.901e-01  9.901e-01  9.900e-01  9.900e-01  9.900e-01  9.899e-01  9.898e-01  9.897e-01  9.895e-01  9.894e-01  9.891e-01  9.888e-01  9.884e-01  9.879e-01  9.873e-01  9.865e-01  9.857e-01  9.846e-01  9.834e-01  9.820e-01  9.804e-01  9.786e-01  9.766e-01  9.744e-01  9.720e-01  9.696e-01  9.673e-01  9.653e-01  9.638e-01  9.630e-01 	
 9.943e-01  9.941e-01  9.938e-01  9.934e-01  9.929e-01  9.924e-01  9.919e-01  9.915e-01  9.912e-01  9.909e-01  9.907e-01  9.906e-01  9.905e-01  9.904e-01  9.903e-01  9.902e-01  9.902e-01  9.902e-01  9.901e-01  9.901e-01  9.901e-01  9.901e-01  9.900e-01  9.900e-01  9.900e-01  9.899e-01  9.898e-01  9.897e-01  9.895e-01  9.894e-01  9.891e-01  9.888e-01  9.884e-01  9.879e-01  9.873e-01  9.865e-01  9.857e-01  9.846e-01  9.834e-01  9.820e-01  9.804e-01  9.786e-01  9.766e-01  9.744e-01  9.721e-01  9.697e-01  9.674e-01  9.653e-01  9.638e-01  9.630e-01 	
 9.943e-01  9.941e-01  9.938e-01  9.934e-01  9.929e-01  9.924e-01  9.919e-01  9.915e-01  9.912e-01  9.909e-01  9.907e-01  9.906e-01  9.905e-01  9.904e-01  9.903e-01  9.902e-01  9.902e-01  9.902e-01  9.901e-01  9.901e-01  9.901e-01  9.901e-01  9.900e-01  9.900e-01  9.900e-01  9.899e-01  9.898e-01  9.897e-01  9.895e-01  9.893e-01  9.891e-01  9.888e-01  9.884e-01  9.879e-01  9.873e-01  9.865e-01  9.857e-01  9.846e-01  9.834e-01  9.820e-01  9.804e-01  9.786e-01  9.766e-01  9.744e-01  9.721e-01  9.697e-01  9.674e-01  9.654e-01  9.639e-01  9.631e-01 	
 9.943e-01  9.941e-01  9.938e-01  9.934e-01  9.929e-01  9.924e-01  9.919e-01  9.915e-01  9.912e-01  9.909e-01  9.907e-01  9.906e-01  9.905e-01  9.904e-01  9.903e-01  9.902e-01  9.902e-01  9.902e-01  9.901e-01  9.901e-01  9.901e-01  9.901e-01  9.900e-01  9.900e-01  9.900e-01  9.899e-01  9.898e-01  9.897e-01  9.895e-01  9.893e-01  9.891e-01  9.888e-01  9.884e-01  9.879e-01  9.873e-01  9.865e-01  9.857e-01  9.846e-01  9.834e-01  9.820e-01  9.804e-01  9.786e-01  9.766e-01  9.744e-01  9.721e-01  9.697e-01  9.674e-01  9.654e-01  9.639e-01  9.631e-01 	
 9.943e-01  9.941e-01  9.938e-01  9.934e-01  9.929e-01  9.924e-01  9.919e-01  9.915e-01  9.912e-01  9.909e-01  9.907e-01  9.906e-01  9.905e-01  9.904e-01  9.903e-01  9.902e-01  9.902e-01  9.902e-01  9.901e-01  9.901e-01  9.901e-01  9.901e-01  9.900e-01  9.900e-01  9.900e-01  9.899e-01  9.898e-01  9.897e-01  9.895e-01  9.893e-01  9.891e-01  9.888e-01  9.884e-01  9.879e-01  9.873e-01  9.865e-01  9.857e-01  9.846e-01  9.834e-01  9.820e-01  9.804e-01  9.786e-01  9.766e-01  9.744e-01  9.721e-01  9.697e-01  9.674e-01  9.654e-01  9.639e-01  9.631e-01 	
