6.535466443338881e-05
0.00014088425297702464
0.00023472031893227157
0.000367459255944596
0.0005583451587684193
0.0008384722005002434
0.0012766733714041666
0.0019414337297055646
0.0029599593222529256
0.004670698395398858
0.007254963494408478
0.011427523382635887
0.018252762687906626
0.028651333117026015
0.04529520613946158
0.0699765222281215
0.10439249495147587
0.14871346278004205
0.19850898905492712
0.24883160502176044
0.29494296943333315
0.33485502005058954
0.368453096907868
0.3962901375495753
0.4188989740126466
0.4368941560979015
0.45091898153033816
0.4619840769151292
0.47069626081429305
0.47730909484399014
0.4822293642418317
0.4858384848182775
0.48850460770969334
0.49051251432323856
0.4920694471168232
0.49330821510242134
0.49434897257706323
0.4952552902504972
0.4960835921160766
0.4968482827485694
0.4975854697398629
0.4983081296094143
0.4990590090963954
0.4998162483021763
0.5005428520358459
0.5013430044808924
0.5021629646523965
0.5030104155772681
0.5038766039897941
0.5047466572935682