 1.020e+05  9.634e+04  8.884e+04  7.961e+04  6.966e+04  6.011e+04  5.207e+04  4.454e+04  3.914e+04  3.512e+04  3.190e+04  2.831e+04  2.701e+04  2.515e+04  2.360e+04  2.214e+04  2.091e+04  1.987e+04  1.885e+04  1.784e+04  1.689e+04  1.595e+04  1.502e+04  1.399e+04  1.299e+04  1.198e+04  1.095e+04  9.991e+03  9.066e+03  8.175e+03  7.338e+03  6.557e+03  5.850e+03  5.386e+03  4.598e+03  4.036e+03  3.548e+03  3.116e+03  2.745e+03  2.419e+03  2.133e+03  1.875e+03  1.640e+03  1.443e+03  1.267e+03  1.119e+03  9.857e+02  8.675e+02  7.594e+02  6.553e+02 	
 9.120e+04  8.461e+04  7.574e+04  6.506e+04  5.426e+04  4.471e+04  3.725e+04  3.081e+04  2.672e+04  2.396e+04  2.185e+04  1.946e+04  1.857e+04  1.733e+04  1.633e+04  1.531e+04  1.448e+04  1.381e+04  1.311e+04  1.240e+04  1.176e+04  1.110e+04  1.047e+04  9.736e+03  9.037e+03  8.337e+03  7.609e+03  6.945e+03  6.303e+03  5.684e+03  5.104e+03  4.562e+03  4.075e+03  3.756e+03  3.211e+03  2.820e+03  2.481e+03  2.182e+03  1.926e+03  1.703e+03  1.508e+03  1.332e+03  1.170e+03  1.034e+03  9.088e+02  8.037e+02  7.066e+02  6.217e+02  5.481e+02  4.787e+02 	
 7.139e+04  6.526e+04  5.768e+04  4.912e+04  4.080e+04  3.357e+04  2.789e+04  2.297e+04  1.982e+04  1.767e+04  1.600e+04  1.413e+04  1.344e+04  1.249e+04  1.172e+04  1.095e+04  1.033e+04  9.831e+03  9.317e+03  8.801e+03  8.333e+03  7.860e+03  7.405e+03  6.885e+03  6.388e+03  5.891e+03  5.375e+03  4.906e+03  4.451e+03  4.014e+03  3.605e+03  3.222e+03  2.879e+03  2.654e+03  2.270e+03  1.994e+03  1.755e+03  1.543e+03  1.363e+03  1.207e+03  1.072e+03  9.500e+02  8.368e+02  7.414e+02  6.515e+02  5.751e+02  5.030e+02  4.409e+02  3.909e+02  3.462e+02 	
 5.898e+04  5.416e+04  4.807e+04  4.096e+04  3.406e+04  2.803e+04  2.322e+04  1.901e+04  1.633e+04  1.447e+04  1.302e+04  1.142e+04  1.083e+04  1.002e+04  9.378e+03  8.734e+03  8.222e+03  7.808e+03  7.389e+03  6.968e+03  6.590e+03  6.209e+03  5.844e+03  5.428e+03  5.033e+03  4.638e+03  4.229e+03  3.858e+03  3.498e+03  3.153e+03  2.829e+03  2.526e+03  2.254e+03  2.077e+03  1.774e+03  1.558e+03  1.371e+03  1.205e+03  1.064e+03  9.393e+02  8.310e+02  7.337e+02  6.444e+02  5.700e+02  5.014e+02  4.436e+02  3.900e+02  3.432e+02  3.027e+02  2.658e+02 	
 4.873e+04  4.500e+04  4.018e+04  3.434e+04  2.869e+04  2.372e+04  1.964e+04  1.600e+04  1.371e+04  1.208e+04  1.080e+04  9.390e+03  8.871e+03  8.171e+03  7.624e+03  7.071e+03  6.639e+03  6.291e+03  5.941e+03  5.593e+03  5.282e+03  4.970e+03  4.674e+03  4.338e+03  4.019e+03  3.702e+03  3.373e+03  3.076e+03  2.788e+03  2.512e+03  2.253e+03  2.012e+03  1.796e+03  1.654e+03  1.413e+03  1.240e+03  1.091e+03  9.586e+02  8.461e+02  7.474e+02  6.615e+02  5.840e+02  5.127e+02  4.531e+02  3.984e+02  3.523e+02  3.097e+02  2.724e+02  2.403e+02  2.106e+02 	
 4.000e+04  3.721e+04  3.358e+04  2.889e+04  2.437e+04  2.033e+04  1.688e+04  1.371e+04  1.175e+04  1.030e+04  9.134e+03  7.877e+03  7.410e+03  6.789e+03  6.309e+03  5.823e+03  5.451e+03  5.150e+03  4.852e+03  4.557e+03  4.296e+03  4.035e+03  3.791e+03  3.514e+03  3.253e+03  2.994e+03  2.726e+03  2.484e+03  2.250e+03  2.027e+03  1.818e+03  1.623e+03  1.448e+03  1.334e+03  1.139e+03  9.999e+02  8.791e+02  7.722e+02  6.816e+02  6.025e+02  5.337e+02  4.716e+02  4.142e+02  3.662e+02  3.217e+02  2.844e+02  2.496e+02  2.193e+02  1.937e+02  1.698e+02 	
 3.287e+04  3.092e+04  2.839e+04  2.477e+04  2.124e+04  1.797e+04  1.503e+04  1.223e+04  1.049e+04  9.156e+03  8.059e+03  6.889e+03  6.452e+03  5.874e+03  5.431e+03  4.984e+03  4.647e+03  4.374e+03  4.108e+03  3.847e+03  3.618e+03  3.391e+03  3.180e+03  2.942e+03  2.720e+03  2.501e+03  2.276e+03  2.072e+03  1.875e+03  1.688e+03  1.512e+03  1.348e+03  1.202e+03  1.107e+03  9.444e+02  8.288e+02  7.289e+02  6.408e+02  5.651e+02  4.985e+02  4.408e+02  3.889e+02  3.412e+02  3.015e+02  2.650e+02  2.344e+02  2.062e+02  1.817e+02  1.599e+02  1.397e+02 	
 2.626e+04  2.486e+04  2.306e+04  2.065e+04  1.811e+04  1.560e+04  1.325e+04  1.094e+04  9.394e+03  8.172e+03  7.154e+03  6.058e+03  5.655e+03  5.112e+03  4.692e+03  4.286e+03  3.974e+03  3.722e+03  3.481e+03  3.248e+03  3.045e+03  2.846e+03  2.663e+03  2.459e+03  2.270e+03  2.084e+03  1.893e+03  1.722e+03  1.557e+03  1.400e+03  1.254e+03  1.117e+03  9.958e+02  9.166e+02  7.817e+02  6.857e+02  6.026e+02  5.293e+02  4.668e+02  4.121e+02  3.646e+02  3.218e+02  2.824e+02  2.496e+02  2.193e+02  1.938e+02  1.703e+02  1.498e+02  1.320e+02  1.155e+02 	
 2.057e+04  1.962e+04  1.843e+04  1.691e+04  1.521e+04  1.339e+04  1.161e+04  9.794e+03  8.457e+03  7.365e+03  6.435e+03  5.414e+03  5.044e+03  4.531e+03  4.128e+03  3.752e+03  3.460e+03  3.221e+03  2.997e+03  2.785e+03  2.600e+03  2.423e+03  2.260e+03  2.083e+03  1.918e+03  1.757e+03  1.594e+03  1.447e+03  1.307e+03  1.174e+03  1.050e+03  9.354e+02  8.330e+02  7.664e+02  6.531e+02  5.725e+02  5.027e+02  4.411e+02  3.890e+02  3.435e+02  3.040e+02  2.684e+02  2.356e+02  2.081e+02  1.828e+02  1.615e+02  1.418e+02  1.245e+02  1.099e+02  9.623e+01 	
 1.582e+04  1.527e+04  1.457e+04  1.369e+04  1.263e+04  1.141e+04  1.016e+04  8.796e+03  7.695e+03  6.749e+03  5.913e+03  4.969e+03  4.624e+03  4.137e+03  3.744e+03  3.388e+03  3.105e+03  2.872e+03  2.657e+03  2.455e+03  2.281e+03  2.117e+03  1.966e+03  1.806e+03  1.657e+03  1.514e+03  1.371e+03  1.242e+03  1.119e+03  1.003e+03  8.959e+02  7.964e+02  7.080e+02  6.507e+02  5.537e+02  4.850e+02  4.257e+02  3.735e+02  3.290e+02  2.900e+02  2.560e+02  2.256e+02  1.978e+02  1.746e+02  1.534e+02  1.356e+02  1.193e+02  1.050e+02  9.238e+01  8.059e+01 	
 1.171e+04  1.138e+04  1.099e+04  1.051e+04  9.916e+03  9.193e+03  8.406e+03  7.490e+03  6.682e+03  5.939e+03  5.252e+03  4.442e+03  4.142e+03  3.704e+03  3.341e+03  3.016e+03  2.752e+03  2.531e+03  2.328e+03  2.140e+03  1.977e+03  1.826e+03  1.688e+03  1.544e+03  1.411e+03  1.285e+03  1.160e+03  1.048e+03  9.420e+02  8.428e+02  7.511e+02  6.666e+02  5.917e+02  5.433e+02  4.617e+02  4.039e+02  3.542e+02  3.104e+02  2.733e+02  2.409e+02  2.129e+02  1.877e+02  1.646e+02  1.453e+02  1.275e+02  1.126e+02  9.888e+01  8.690e+01  7.658e+01  6.698e+01 	
 8.550e+03  8.385e+03  8.193e+03  7.963e+03  7.667e+03  7.278e+03  6.824e+03  6.254e+03  5.703e+03  5.158e+03  4.626e+03  3.969e+03  3.718e+03  3.340e+03  3.017e+03  2.727e+03  2.484e+03  2.277e+03  2.086e+03  1.908e+03  1.755e+03  1.613e+03  1.483e+03  1.351e+03  1.229e+03  1.114e+03  1.002e+03  9.019e+02  8.080e+02  7.207e+02  6.404e+02  5.667e+02  5.018e+02  4.600e+02  3.899e+02  3.406e+02  2.982e+02  2.609e+02  2.294e+02  2.020e+02  1.783e+02  1.571e+02  1.376e+02  1.214e+02  1.065e+02  9.404e+01  8.254e+01  7.251e+01  6.387e+01  5.583e+01 	
 6.122e+03  6.049e+03  5.970e+03  5.878e+03  5.756e+03  5.578e+03  5.350e+03  5.036e+03  4.701e+03  4.339e+03  3.962e+03  3.472e+03  3.278e+03  2.975e+03  2.706e+03  2.460e+03  2.249e+03  2.062e+03  1.888e+03  1.723e+03  1.580e+03  1.446e+03  1.324e+03  1.201e+03  1.087e+03  9.813e+02  8.786e+02  7.872e+02  7.021e+02  6.236e+02  5.518e+02  4.864e+02  4.291e+02  3.924e+02  3.314e+02  2.888e+02  2.523e+02  2.203e+02  1.934e+02  1.699e+02  1.497e+02  1.316e+02  1.152e+02  1.015e+02  8.898e+01  7.853e+01  6.895e+01  6.057e+01  5.329e+01  4.650e+01 	
 4.289e+03  4.256e+03  4.226e+03  4.198e+03  4.162e+03  4.098e+03  4.001e+03  3.853e+03  3.672e+03  3.455e+03  3.215e+03  2.885e+03  2.749e+03  2.530e+03  2.327e+03  2.138e+03  1.971e+03  1.816e+03  1.669e+03  1.528e+03  1.402e+03  1.283e+03  1.172e+03  1.061e+03  9.579e+02  8.614e+02  7.684e+02  6.853e+02  6.083e+02  5.378e+02  4.736e+02  4.155e+02  3.649e+02  3.327e+02  2.798e+02  2.431e+02  2.117e+02  1.844e+02  1.615e+02  1.417e+02  1.248e+02  1.097e+02  9.587e+01  8.440e+01  7.391e+01  6.512e+01  5.704e+01  5.002e+01  4.404e+01  3.850e+01 	
 3.001e+03  2.993e+03  2.991e+03  2.995e+03  2.998e+03  2.989e+03  2.961e+03  2.906e+03  2.822e+03  2.704e+03  2.563e+03  2.357e+03  2.269e+03  2.120e+03  1.977e+03  1.843e+03  1.718e+03  1.598e+03  1.482e+03  1.367e+03  1.261e+03  1.159e+03  1.062e+03  9.631e+02  8.691e+02  7.806e+02  6.950e+02  6.177e+02  5.456e+02  4.800e+02  4.202e+02  3.662e+02  3.196e+02  2.901e+02  2.424e+02  2.096e+02  1.818e+02  1.578e+02  1.376e+02  1.203e+02  1.054e+02  9.234e+01  8.050e+01  7.071e+01  6.185e+01  5.446e+01  4.774e+01  4.188e+01  3.676e+01  3.203e+01 	
 2.062e+03  2.059e+03  2.061e+03  2.073e+03  2.087e+03  2.097e+03  2.099e+03  2.090e+03  2.060e+03  2.005e+03  1.932e+03  1.818e+03  1.767e+03  1.677e+03  1.586e+03  1.500e+03  1.418e+03  1.335e+03  1.253e+03  1.169e+03  1.090e+03  1.012e+03  9.343e+02  8.541e+02  7.750e+02  6.989e+02  6.240e+02  5.546e+02  4.890e+02  4.289e+02  3.737e+02  3.238e+02  2.808e+02  2.536e+02  2.103e+02  1.807e+02  1.558e+02  1.344e+02  1.167e+02  1.016e+02  8.886e+01  7.762e+01  6.751e+01  5.914e+01  5.160e+01  4.531e+01  3.959e+01  3.462e+01  3.041e+01  2.651e+01 	
 1.416e+03  1.416e+03  1.421e+03  1.433e+03  1.448e+03  1.461e+03  1.471e+03  1.481e+03  1.475e+03  1.455e+03  1.422e+03  1.365e+03  1.339e+03  1.289e+03  1.235e+03  1.184e+03  1.134e+03  1.081e+03  1.028e+03  9.717e+02  9.173e+02  8.623e+02  8.058e+02  7.459e+02  6.843e+02  6.232e+02  5.614e+02  5.019e+02  4.440e+02  3.899e+02  3.392e+02  2.927e+02  2.523e+02  2.268e+02  1.864e+02  1.591e+02  1.362e+02  1.168e+02  1.007e+02  8.709e+01  7.569e+01  6.579e+01  5.697e+01  4.972e+01  4.325e+01  3.787e+01  3.302e+01  2.884e+01  2.525e+01  2.197e+01 	
 9.681e+02  9.695e+02  9.733e+02  9.828e+02  9.947e+02  1.006e+03  1.016e+03  1.030e+03  1.033e+03  1.029e+03  1.018e+03  9.933e+02  9.819e+02  9.571e+02  9.280e+02  9.014e+02  8.735e+02  8.421e+02  8.107e+02  7.764e+02  7.426e+02  7.077e+02  6.705e+02  6.302e+02  5.870e+02  5.425e+02  4.958e+02  4.489e+02  4.012e+02  3.551e+02  3.104e+02  2.682e+02  2.308e+02  2.069e+02  1.690e+02  1.433e+02  1.217e+02  1.035e+02  8.848e+01  7.592e+01  6.549e+01  5.652e+01  4.865e+01  4.221e+01  3.655e+01  3.187e+01  2.770e+01  2.413e+01  2.105e+01  1.826e+01 	
 6.581e+02  6.590e+02  6.614e+02  6.678e+02  6.758e+02  6.838e+02  6.917e+02  7.027e+02  7.078e+02  7.100e+02  7.085e+02  7.005e+02  6.968e+02  6.863e+02  6.722e+02  6.599e+02  6.460e+02  6.290e+02  6.120e+02  5.929e+02  5.737e+02  5.536e+02  5.315e+02  5.073e+02  4.800e+02  4.511e+02  4.196e+02  3.863e+02  3.509e+02  3.152e+02  2.791e+02  2.434e+02  2.107e+02  1.892e+02  1.546e+02  1.308e+02  1.105e+02  9.323e+01  7.903e+01  6.725e+01  5.753e+01  4.926e+01  4.209e+01  3.625e+01  3.119e+01  2.701e+01  2.334e+01  2.020e+01  1.758e+01  1.523e+01 	
 4.479e+02  4.490e+02  4.512e+02  4.552e+02  4.602e+02  4.656e+02  4.713e+02  4.786e+02  4.835e+02  4.871e+02  4.888e+02  4.882e+02  4.877e+02  4.843e+02  4.786e+02  4.739e+02  4.677e+02  4.594e+02  4.511e+02  4.414e+02  4.313e+02  4.206e+02  4.085e+02  3.950e+02  3.792e+02  3.620e+02  3.427e+02  3.212e+02  2.972e+02  2.720e+02  2.450e+02  2.171e+02  1.904e+02  1.723e+02  1.423e+02  1.209e+02  1.022e+02  8.607e+01  7.252e+01  6.119e+01  5.186e+01  4.398e+01  3.724e+01  3.178e+01  2.712e+01  2.331e+01  2.001e+01  1.722e+01  1.489e+01  1.283e+01 	
 3.038e+02  3.044e+02  3.058e+02  3.081e+02  3.112e+02  3.147e+02  3.185e+02  3.231e+02  3.268e+02  3.300e+02  3.323e+02  3.341e+02  3.347e+02  3.344e+02  3.327e+02  3.316e+02  3.294e+02  3.259e+02  3.224e+02  3.180e+02  3.132e+02  3.082e+02  3.021e+02  2.953e+02  2.870e+02  2.777e+02  2.669e+02  2.543e+02  2.396e+02  2.235e+02  2.055e+02  1.858e+02  1.661e+02  1.521e+02  1.281e+02  1.103e+02  9.403e+01  7.957e+01  6.711e+01  5.650e+01  4.765e+01  4.014e+01  3.373e+01  2.853e+01  2.413e+01  2.053e+01  1.746e+01  1.489e+01  1.279e+01  1.097e+01 	
 2.068e+02  2.071e+02  2.079e+02  2.094e+02  2.113e+02  2.135e+02  2.159e+02  2.189e+02  2.215e+02  2.238e+02  2.258e+02  2.280e+02  2.289e+02  2.296e+02  2.296e+02  2.300e+02  2.296e+02  2.285e+02  2.274e+02  2.257e+02  2.238e+02  2.217e+02  2.190e+02  2.160e+02  2.119e+02  2.073e+02  2.018e+02  1.949e+02  1.866e+02  1.771e+02  1.659e+02  1.531e+02  1.397e+02  1.297e+02  1.121e+02  9.829e+01  8.517e+01  7.304e+01  6.218e+01  5.262e+01  4.444e+01  3.739e+01  3.131e+01  2.631e+01  2.210e+01  1.864e+01  1.570e+01  1.326e+01  1.129e+01  9.618e+00 	
 1.416e+02  1.417e+02  1.422e+02  1.430e+02  1.442e+02  1.456e+02  1.471e+02  1.490e+02  1.507e+02  1.523e+02  1.539e+02  1.557e+02  1.565e+02  1.574e+02  1.580e+02  1.588e+02  1.592e+02  1.591e+02  1.591e+02  1.587e+02  1.582e+02  1.576e+02  1.566e+02  1.555e+02  1.538e+02  1.518e+02  1.492e+02  1.458e+02  1.414e+02  1.362e+02  1.297e+02  1.220e+02  1.135e+02  1.070e+02  9.492e+01  8.504e+01  7.521e+01  6.572e+01  5.685e+01  4.875e+01  4.155e+01  3.517e+01  2.955e+01  2.481e+01  2.079e+01  1.743e+01  1.458e+01  1.221e+01  1.030e+01  8.703e+00 	
 9.831e+01  9.834e+01  9.858e+01  9.909e+01  9.984e+01  1.007e+02  1.017e+02  1.029e+02  1.040e+02  1.052e+02  1.062e+02  1.076e+02  1.083e+02  1.091e+02  1.098e+02  1.106e+02  1.111e+02  1.115e+02  1.119e+02  1.121e+02  1.121e+02  1.122e+02  1.121e+02  1.119e+02  1.114e+02  1.106e+02  1.096e+02  1.081e+02  1.060e+02  1.033e+02  9.976e+01  9.533e+01  9.027e+01  8.623e+01  7.846e+01  7.179e+01  6.485e+01  5.786e+01  5.104e+01  4.455e+01  3.855e+01  3.303e+01  2.802e+01  2.366e+01  1.989e+01  1.666e+01  1.391e+01  1.159e+01  9.699e+00  8.125e+00 	
 6.970e+01  6.970e+01  6.984e+01  7.017e+01  7.066e+01  7.126e+01  7.189e+01  7.267e+01  7.342e+01  7.418e+01  7.493e+01  7.597e+01  7.642e+01  7.709e+01  7.769e+01  7.839e+01  7.894e+01  7.938e+01  7.989e+01  8.024e+01  8.057e+01  8.092e+01  8.111e+01  8.130e+01  8.133e+01  8.122e+01  8.098e+01  8.042e+01  7.950e+01  7.824e+01  7.643e+01  7.400e+01  7.111e+01  6.870e+01  6.390e+01  5.958e+01  5.489e+01  4.996e+01  4.495e+01  3.999e+01  3.521e+01  3.065e+01  2.635e+01  2.248e+01  1.904e+01  1.602e+01  1.341e+01  1.117e+01  9.303e+00  7.738e+00 	
 5.062e+01  5.066e+01  5.078e+01  5.102e+01  5.136e+01  5.176e+01  5.219e+01  5.271e+01  5.322e+01  5.374e+01  5.427e+01  5.502e+01  5.536e+01  5.587e+01  5.636e+01  5.692e+01  5.739e+01  5.782e+01  5.829e+01  5.868e+01  5.906e+01  5.948e+01  5.978e+01  6.011e+01  6.036e+01  6.052e+01  6.062e+01  6.053e+01  6.022e+01  5.971e+01  5.884e+01  5.757e+01  5.597e+01  5.458e+01  5.169e+01  4.895e+01  4.585e+01  4.247e+01  3.890e+01  3.521e+01  3.153e+01  2.788e+01  2.433e+01  2.101e+01  1.798e+01  1.524e+01  1.282e+01  1.071e+01  8.916e+00  7.385e+00 	
 3.747e+01  3.756e+01  3.770e+01  3.790e+01  3.815e+01  3.843e+01  3.872e+01  3.908e+01  3.944e+01  3.980e+01  4.018e+01  4.072e+01  4.097e+01  4.136e+01  4.174e+01  4.218e+01  4.256e+01  4.293e+01  4.333e+01  4.368e+01  4.404e+01  4.444e+01  4.475e+01  4.510e+01  4.541e+01  4.566e+01  4.589e+01  4.602e+01  4.599e+01  4.585e+01  4.549e+01  4.486e+01  4.400e+01  4.321e+01  4.149e+01  3.979e+01  3.778e+01  3.550e+01  3.300e+01  3.032e+01  2.754e+01  2.470e+01  2.184e+01  1.909e+01  1.651e+01  1.412e+01  1.197e+01  1.005e+01  8.375e+00  6.923e+00 	
 2.779e+01  2.791e+01  2.805e+01  2.821e+01  2.839e+01  2.859e+01  2.879e+01  2.904e+01  2.929e+01  2.955e+01  2.982e+01  3.021e+01  3.039e+01  3.068e+01  3.097e+01  3.130e+01  3.160e+01  3.190e+01  3.222e+01  3.251e+01  3.282e+01  3.315e+01  3.343e+01  3.375e+01  3.405e+01  3.431e+01  3.457e+01  3.476e+01  3.486e+01  3.489e+01  3.478e+01  3.450e+01  3.407e+01  3.364e+01  3.265e+01  3.162e+01  3.034e+01  2.885e+01  2.713e+01  2.523e+01  2.319e+01  2.105e+01  1.884e+01  1.665e+01  1.455e+01  1.255e+01  1.072e+01  9.058e+00  7.567e+00  6.258e+00 	
 2.029e+01  2.039e+01  2.050e+01  2.062e+01  2.074e+01  2.088e+01  2.102e+01  2.119e+01  2.137e+01  2.155e+01  2.174e+01  2.201e+01  2.214e+01  2.235e+01  2.256e+01  2.280e+01  2.303e+01  2.325e+01  2.350e+01  2.373e+01  2.397e+01  2.423e+01  2.446e+01  2.473e+01  2.498e+01  2.520e+01  2.544e+01  2.563e+01  2.577e+01  2.587e+01  2.588e+01  2.579e+01  2.560e+01  2.538e+01  2.484e+01  2.424e+01  2.345e+01  2.250e+01  2.137e+01  2.008e+01  1.866e+01  1.712e+01  1.548e+01  1.382e+01  1.218e+01  1.059e+01  9.108e+00  7.740e+00  6.493e+00  5.385e+00 	
 1.456e+01  1.463e+01  1.470e+01  1.478e+01  1.487e+01  1.496e+01  1.506e+01  1.518e+01  1.530e+01  1.542e+01  1.555e+01  1.574e+01  1.583e+01  1.598e+01  1.613e+01  1.630e+01  1.646e+01  1.663e+01  1.681e+01  1.698e+01  1.716e+01  1.736e+01  1.754e+01  1.774e+01  1.793e+01  1.811e+01  1.830e+01  1.847e+01  1.860e+01  1.872e+01  1.877e+01  1.877e+01  1.870e+01  1.860e+01  1.831e+01  1.797e+01  1.750e+01  1.691e+01  1.618e+01  1.533e+01  1.437e+01  1.330e+01  1.214e+01  1.093e+01  9.710e+00  8.502e+00  7.351e+00  6.276e+00  5.290e+00  4.407e+00 	
 1.031e+01  1.036e+01  1.041e+01  1.046e+01  1.052e+01  1.059e+01  1.065e+01  1.073e+01  1.082e+01  1.090e+01  1.099e+01  1.112e+01  1.119e+01  1.129e+01  1.139e+01  1.151e+01  1.163e+01  1.175e+01  1.187e+01  1.200e+01  1.213e+01  1.227e+01  1.240e+01  1.255e+01  1.270e+01  1.283e+01  1.298e+01  1.311e+01  1.322e+01  1.332e+01  1.338e+01  1.341e+01  1.339e+01  1.335e+01  1.320e+01  1.301e+01  1.273e+01  1.236e+01  1.190e+01  1.135e+01  1.070e+01  9.974e+00  9.165e+00  8.308e+00  7.430e+00  6.544e+00  5.687e+00  4.874e+00  4.127e+00  3.451e+00 	
 7.219e+00  7.249e+00  7.283e+00  7.321e+00  7.362e+00  7.406e+00  7.451e+00  7.506e+00  7.562e+00  7.621e+00  7.682e+00  7.774e+00  7.816e+00  7.887e+00  7.960e+00  8.042e+00  8.122e+00  8.205e+00  8.295e+00  8.382e+00  8.477e+00  8.578e+00  8.671e+00  8.777e+00  8.882e+00  8.981e+00  9.088e+00  9.185e+00  9.269e+00  9.349e+00  9.405e+00  9.436e+00  9.443e+00  9.426e+00  9.353e+00  9.242e+00  9.073e+00  8.845e+00  8.552e+00  8.191e+00  7.765e+00  7.274e+00  6.719e+00  6.123e+00  5.504e+00  4.871e+00  4.250e+00  3.655e+00  3.106e+00  2.606e+00 	
 5.004e+00  5.024e+00  5.046e+00  5.071e+00  5.099e+00  5.129e+00  5.159e+00  5.197e+00  5.235e+00  5.275e+00  5.317e+00  5.380e+00  5.408e+00  5.457e+00  5.507e+00  5.563e+00  5.619e+00  5.676e+00  5.738e+00  5.799e+00  5.865e+00  5.935e+00  6.001e+00  6.075e+00  6.149e+00  6.219e+00  6.296e+00  6.365e+00  6.427e+00  6.487e+00  6.531e+00  6.560e+00  6.573e+00  6.568e+00  6.532e+00  6.468e+00  6.365e+00  6.222e+00  6.035e+00  5.800e+00  5.518e+00  5.190e+00  4.814e+00  4.405e+00  3.975e+00  3.531e+00  3.091e+00  2.667e+00  2.272e+00  1.911e+00 	
 3.439e+00  3.451e+00  3.465e+00  3.482e+00  3.501e+00  3.521e+00  3.542e+00  3.567e+00  3.593e+00  3.620e+00  3.648e+00  3.691e+00  3.710e+00  3.743e+00  3.778e+00  3.816e+00  3.854e+00  3.893e+00  3.936e+00  3.978e+00  4.023e+00  4.071e+00  4.117e+00  4.169e+00  4.220e+00  4.269e+00  4.322e+00  4.371e+00  4.415e+00  4.459e+00  4.492e+00  4.515e+00  4.528e+00  4.528e+00  4.510e+00  4.472e+00  4.409e+00  4.319e+00  4.199e+00  4.046e+00  3.860e+00  3.641e+00  3.388e+00  3.110e+00  2.816e+00  2.509e+00  2.202e+00  1.904e+00  1.626e+00  1.371e+00 	
 2.348e+00  2.355e+00  2.364e+00  2.375e+00  2.387e+00  2.401e+00  2.415e+00  2.432e+00  2.450e+00  2.468e+00  2.487e+00  2.516e+00  2.529e+00  2.551e+00  2.574e+00  2.600e+00  2.626e+00  2.653e+00  2.682e+00  2.710e+00  2.741e+00  2.774e+00  2.806e+00  2.841e+00  2.876e+00  2.910e+00  2.947e+00  2.981e+00  3.012e+00  3.042e+00  3.066e+00  3.083e+00  3.095e+00  3.096e+00  3.088e+00  3.065e+00  3.026e+00  2.969e+00  2.891e+00  2.792e+00  2.670e+00  2.524e+00  2.355e+00  2.167e+00  1.967e+00  1.757e+00  1.546e+00  1.339e+00  1.146e+00  9.682e-01 	
 1.597e+00  1.602e+00  1.607e+00  1.614e+00  1.622e+00  1.632e+00  1.641e+00  1.653e+00  1.664e+00  1.677e+00  1.690e+00  1.709e+00  1.718e+00  1.733e+00  1.749e+00  1.766e+00  1.784e+00  1.802e+00  1.821e+00  1.841e+00  1.862e+00  1.884e+00  1.906e+00  1.930e+00  1.954e+00  1.977e+00  2.002e+00  2.026e+00  2.047e+00  2.068e+00  2.085e+00  2.098e+00  2.106e+00  2.109e+00  2.105e+00  2.091e+00  2.066e+00  2.030e+00  1.980e+00  1.915e+00  1.834e+00  1.738e+00  1.625e+00  1.498e+00  1.363e+00  1.220e+00  1.075e+00  9.333e-01  7.999e-01  6.768e-01 	
 1.085e+00  1.088e+00  1.092e+00  1.096e+00  1.102e+00  1.108e+00  1.115e+00  1.123e+00  1.131e+00  1.139e+00  1.148e+00  1.161e+00  1.167e+00  1.177e+00  1.187e+00  1.199e+00  1.211e+00  1.223e+00  1.237e+00  1.250e+00  1.264e+00  1.279e+00  1.294e+00  1.310e+00  1.327e+00  1.343e+00  1.360e+00  1.376e+00  1.390e+00  1.405e+00  1.417e+00  1.426e+00  1.432e+00  1.434e+00  1.432e+00  1.424e+00  1.409e+00  1.385e+00  1.352e+00  1.309e+00  1.256e+00  1.192e+00  1.116e+00  1.031e+00  9.398e-01  8.427e-01  7.443e-01  6.473e-01  5.554e-01  4.703e-01 	
 7.357e-01  7.372e-01  7.394e-01  7.426e-01  7.464e-01  7.507e-01  7.549e-01  7.602e-01  7.656e-01  7.711e-01  7.770e-01  7.858e-01  7.898e-01  7.967e-01  8.038e-01  8.117e-01  8.198e-01  8.281e-01  8.371e-01  8.460e-01  8.557e-01  8.660e-01  8.759e-01  8.871e-01  8.982e-01  9.089e-01  9.206e-01  9.316e-01  9.416e-01  9.517e-01  9.598e-01  9.662e-01  9.709e-01  9.724e-01  9.718e-01  9.668e-01  9.569e-01  9.417e-01  9.204e-01  8.922e-01  8.570e-01  8.142e-01  7.637e-01  7.068e-01  6.451e-01  5.795e-01  5.127e-01  4.465e-01  3.836e-01  3.251e-01 	
 4.978e-01  4.984e-01  4.997e-01  5.019e-01  5.045e-01  5.073e-01  5.102e-01  5.137e-01  5.173e-01  5.211e-01  5.250e-01  5.309e-01  5.336e-01  5.382e-01  5.431e-01  5.484e-01  5.538e-01  5.594e-01  5.655e-01  5.715e-01  5.780e-01  5.850e-01  5.917e-01  5.992e-01  6.068e-01  6.140e-01  6.220e-01  6.294e-01  6.363e-01  6.432e-01  6.488e-01  6.532e-01  6.566e-01  6.578e-01  6.577e-01  6.547e-01  6.484e-01  6.386e-01  6.247e-01  6.061e-01  5.829e-01  5.546e-01  5.208e-01  4.828e-01  4.413e-01  3.971e-01  3.518e-01  3.069e-01  2.640e-01  2.240e-01 	
 3.370e-01  3.372e-01  3.379e-01  3.394e-01  3.412e-01  3.431e-01  3.450e-01  3.474e-01  3.499e-01  3.524e-01  3.550e-01  3.590e-01  3.608e-01  3.639e-01  3.672e-01  3.708e-01  3.744e-01  3.782e-01  3.823e-01  3.863e-01  3.907e-01  3.955e-01  4.000e-01  4.051e-01  4.102e-01  4.151e-01  4.205e-01  4.255e-01  4.302e-01  4.349e-01  4.388e-01  4.419e-01  4.442e-01  4.451e-01  4.453e-01  4.435e-01  4.394e-01  4.331e-01  4.240e-01  4.118e-01  3.963e-01  3.775e-01  3.549e-01  3.295e-01  3.017e-01  2.719e-01  2.413e-01  2.108e-01  1.816e-01  1.544e-01 	
 2.291e-01  2.290e-01  2.291e-01  2.302e-01  2.315e-01  2.327e-01  2.340e-01  2.356e-01  2.373e-01  2.390e-01  2.407e-01  2.434e-01  2.447e-01  2.468e-01  2.490e-01  2.514e-01  2.539e-01  2.564e-01  2.592e-01  2.619e-01  2.650e-01  2.682e-01  2.713e-01  2.747e-01  2.782e-01  2.815e-01  2.852e-01  2.886e-01  2.918e-01  2.951e-01  2.977e-01  2.998e-01  3.015e-01  3.021e-01  3.022e-01  3.011e-01  2.985e-01  2.945e-01  2.885e-01  2.802e-01  2.699e-01  2.574e-01  2.425e-01  2.256e-01  2.070e-01  1.869e-01  1.661e-01  1.452e-01  1.253e-01  1.069e-01 	
 1.563e-01  1.558e-01  1.558e-01  1.563e-01  1.570e-01  1.578e-01  1.586e-01  1.597e-01  1.608e-01  1.619e-01  1.631e-01  1.650e-01  1.658e-01  1.672e-01  1.687e-01  1.703e-01  1.720e-01  1.737e-01  1.756e-01  1.774e-01  1.794e-01  1.815e-01  1.835e-01  1.858e-01  1.882e-01  1.905e-01  1.931e-01  1.956e-01  1.978e-01  1.998e-01  2.014e-01  2.027e-01  2.038e-01  2.044e-01  2.048e-01  2.045e-01  2.033e-01  2.011e-01  1.971e-01  1.919e-01  1.857e-01  1.783e-01  1.690e-01  1.578e-01  1.447e-01  1.304e-01  1.153e-01  1.006e-01  8.731e-02  7.528e-02 	
 1.184e-01  1.177e-01  1.169e-01  1.175e-01  1.184e-01  1.191e-01  1.198e-01  1.206e-01  1.215e-01  1.223e-01  1.233e-01  1.247e-01  1.253e-01  1.264e-01  1.275e-01  1.288e-01  1.301e-01  1.314e-01  1.328e-01  1.343e-01  1.359e-01  1.377e-01  1.394e-01  1.413e-01  1.432e-01  1.450e-01  1.468e-01  1.484e-01  1.501e-01  1.523e-01  1.546e-01  1.568e-01  1.586e-01  1.591e-01  1.594e-01  1.582e-01  1.554e-01  1.519e-01  1.497e-01  1.481e-01  1.443e-01  1.381e-01  1.298e-01  1.205e-01  1.106e-01  1.000e-01  8.861e-02  7.629e-02  6.724e-02  5.696e-02 	
 8.172e-02  8.326e-02  8.479e-02  8.590e-02  8.663e-02  8.723e-02  8.776e-02  8.838e-02  8.899e-02  8.961e-02  9.027e-02  9.125e-02  9.169e-02  9.245e-02  9.325e-02  9.412e-02  9.501e-02  9.592e-02  9.690e-02  9.789e-02  9.894e-02  1.001e-01  1.011e-01  1.023e-01  1.035e-01  1.046e-01  1.059e-01  1.070e-01  1.080e-01  1.090e-01  1.097e-01  1.101e-01  1.103e-01  1.103e-01  1.101e-01  1.098e-01  1.092e-01  1.081e-01  1.059e-01  1.021e-01  9.722e-02  9.177e-02  8.606e-02  8.006e-02  7.409e-02  6.778e-02  6.171e-02  5.508e-02  4.676e-02  3.868e-02 	
 4.503e-02  4.379e-02  4.275e-02  4.216e-02  4.198e-02  4.205e-02  4.222e-02  4.249e-02  4.278e-02  4.308e-02  4.341e-02  4.390e-02  4.412e-02  4.450e-02  4.491e-02  4.535e-02  4.581e-02  4.629e-02  4.680e-02  4.733e-02  4.790e-02  4.852e-02  4.913e-02  4.981e-02  5.051e-02  5.120e-02  5.197e-02  5.271e-02  5.343e-02  5.419e-02  5.490e-02  5.559e-02  5.626e-02  5.661e-02  5.712e-02  5.715e-02  5.679e-02  5.619e-02  5.551e-02  5.491e-02  5.424e-02  5.314e-02  5.112e-02  4.824e-02  4.428e-02  3.971e-02  3.454e-02  2.981e-02  2.655e-02  2.392e-02 	
 3.727e-02  3.758e-02  3.795e-02  3.829e-02  3.860e-02  3.887e-02  3.912e-02  3.939e-02  3.967e-02  3.994e-02  4.024e-02  4.067e-02  4.087e-02  4.121e-02  4.156e-02  4.195e-02  4.235e-02  4.276e-02  4.320e-02  4.365e-02  4.413e-02  4.464e-02  4.513e-02  4.567e-02  4.622e-02  4.674e-02  4.732e-02  4.785e-02  4.834e-02  4.883e-02  4.920e-02  4.947e-02  4.967e-02  4.974e-02  4.973e-02  4.959e-02  4.930e-02  4.877e-02  4.786e-02  4.645e-02  4.461e-02  4.244e-02  4.004e-02  3.743e-02  3.471e-02  3.176e-02  2.873e-02  2.550e-02  2.197e-02  1.857e-02 	
 2.681e-02  2.682e-02  2.687e-02  2.695e-02  2.706e-02  2.720e-02  2.734e-02  2.752e-02  2.770e-02  2.789e-02  2.810e-02  2.840e-02  2.854e-02  2.878e-02  2.904e-02  2.931e-02  2.960e-02  2.989e-02  3.021e-02  3.053e-02  3.088e-02  3.126e-02  3.162e-02  3.203e-02  3.244e-02  3.285e-02  3.329e-02  3.371e-02  3.410e-02  3.451e-02  3.486e-02  3.516e-02  3.543e-02  3.555e-02  3.569e-02  3.565e-02  3.545e-02  3.510e-02  3.455e-02  3.378e-02  3.277e-02  3.147e-02  2.985e-02  2.797e-02  2.587e-02  2.358e-02  2.117e-02  1.869e-02  1.625e-02  1.389e-02 	
 1.941e-02  1.944e-02  1.948e-02  1.955e-02  1.965e-02  1.975e-02  1.986e-02  1.999e-02  2.013e-02  2.027e-02  2.041e-02  2.063e-02  2.073e-02  2.091e-02  2.109e-02  2.129e-02  2.149e-02  2.170e-02  2.193e-02  2.217e-02  2.242e-02  2.268e-02  2.294e-02  2.324e-02  2.353e-02  2.382e-02  2.413e-02  2.443e-02  2.471e-02  2.500e-02  2.524e-02  2.545e-02  2.564e-02  2.573e-02  2.582e-02  2.580e-02  2.567e-02  2.543e-02  2.506e-02  2.452e-02  2.382e-02  2.293e-02  2.181e-02  2.050e-02  1.900e-02  1.734e-02  1.558e-02  1.377e-02  1.201e-02  1.032e-02 	
 1.408e-02  1.411e-02  1.415e-02  1.420e-02  1.427e-02  1.435e-02  1.443e-02  1.452e-02  1.462e-02  1.472e-02  1.482e-02  1.498e-02  1.505e-02  1.518e-02  1.531e-02  1.545e-02  1.560e-02  1.576e-02  1.592e-02  1.609e-02  1.627e-02  1.647e-02  1.666e-02  1.687e-02  1.708e-02  1.729e-02  1.752e-02  1.774e-02  1.794e-02  1.816e-02  1.834e-02  1.849e-02  1.863e-02  1.870e-02  1.878e-02  1.877e-02  1.868e-02  1.852e-02  1.826e-02  1.788e-02  1.739e-02  1.675e-02  1.596e-02  1.503e-02  1.396e-02  1.277e-02  1.149e-02  1.018e-02  8.897e-03  7.661e-03 	
 1.017e-02  1.020e-02  1.024e-02  1.029e-02  1.034e-02  1.039e-02  1.045e-02  1.052e-02  1.059e-02  1.066e-02  1.073e-02  1.085e-02  1.090e-02  1.099e-02  1.109e-02  1.119e-02  1.130e-02  1.141e-02  1.153e-02  1.165e-02  1.178e-02  1.192e-02  1.206e-02  1.221e-02  1.236e-02  1.252e-02  1.268e-02  1.284e-02  1.299e-02  1.314e-02  1.328e-02  1.339e-02  1.349e-02  1.355e-02  1.361e-02  1.361e-02  1.355e-02  1.344e-02  1.326e-02  1.300e-02  1.266e-02  1.221e-02  1.165e-02  1.099e-02  1.022e-02  9.369e-03  8.451e-03  7.501e-03  6.567e-03  5.660e-03 	
