 8.172e+01  6.663e+01  6.479e+01  6.663e+01  6.991e+01  7.483e+01  8.402e+01  9.603e+01  1.112e+02  1.337e+02  1.584e+02  1.872e+02  2.215e+02  2.511e+02  2.840e+02  3.091e+02  3.281e+02  3.363e+02  3.240e+02  2.928e+02  2.444e+02  1.918e+02  1.437e+02  1.052e+02  7.673e+01  5.655e+01  4.219e+01  3.140e+01  2.289e+01  1.636e+01  1.155e+01  8.067e+00  5.578e+00  3.825e+00  2.606e+00  1.770e+00  1.201e+00  8.131e-01  5.492e-01  3.712e-01  2.516e-01  1.705e-01  1.289e-01  9.406e-02  4.551e-02  4.193e-02  2.933e-02  2.130e-02  1.546e-02  1.119e-02 	
 7.872e+01  6.414e+01  6.233e+01  6.405e+01  6.715e+01  7.183e+01  8.061e+01  9.207e+01  1.066e+02  1.280e+02  1.516e+02  1.790e+02  2.117e+02  2.401e+02  2.716e+02  2.960e+02  3.149e+02  3.240e+02  3.139e+02  2.856e+02  2.401e+02  1.896e+02  1.427e+02  1.049e+02  7.666e+01  5.658e+01  4.225e+01  3.146e+01  2.294e+01  1.640e+01  1.158e+01  8.087e+00  5.592e+00  3.834e+00  2.612e+00  1.774e+00  1.204e+00  8.151e-01  5.506e-01  3.722e-01  2.522e-01  1.709e-01  1.292e-01  9.429e-02  4.562e-02  4.203e-02  2.940e-02  2.135e-02  1.550e-02  1.122e-02 	
 7.581e+01  6.172e+01  5.993e+01  6.154e+01  6.448e+01  6.893e+01  7.729e+01  8.822e+01  1.020e+02  1.225e+02  1.450e+02  1.711e+02  2.023e+02  2.294e+02  2.595e+02  2.831e+02  3.018e+02  3.117e+02  3.037e+02  2.782e+02  2.355e+02  1.872e+02  1.416e+02  1.045e+02  7.657e+01  5.661e+01  4.231e+01  3.152e+01  2.299e+01  1.644e+01  1.161e+01  8.107e+00  5.606e+00  3.844e+00  2.619e+00  1.778e+00  1.207e+00  8.171e-01  5.520e-01  3.731e-01  2.529e-01  1.714e-01  1.295e-01  9.453e-02  4.573e-02  4.214e-02  2.948e-02  2.140e-02  1.553e-02  1.124e-02 	
 7.299e+01  5.938e+01  5.761e+01  5.911e+01  6.189e+01  6.611e+01  7.408e+01  8.449e+01  9.766e+01  1.172e+02  1.386e+02  1.634e+02  1.931e+02  2.189e+02  2.477e+02  2.705e+02  2.890e+02  2.996e+02  2.934e+02  2.707e+02  2.308e+02  1.846e+02  1.405e+02  1.040e+02  7.646e+01  5.662e+01  4.237e+01  3.158e+01  2.304e+01  1.648e+01  1.164e+01  8.128e+00  5.620e+00  3.854e+00  2.626e+00  1.783e+00  1.210e+00  8.193e-01  5.534e-01  3.741e-01  2.535e-01  1.718e-01  1.299e-01  9.477e-02  4.584e-02  4.225e-02  2.955e-02  2.145e-02  1.557e-02  1.127e-02 	
 7.026e+01  5.712e+01  5.536e+01  5.676e+01  5.938e+01  6.337e+01  7.096e+01  8.087e+01  9.341e+01  1.120e+02  1.323e+02  1.560e+02  1.842e+02  2.087e+02  2.362e+02  2.581e+02  2.763e+02  2.875e+02  2.831e+02  2.629e+02  2.258e+02  1.819e+02  1.392e+02  1.035e+02  7.632e+01  5.662e+01  4.242e+01  3.164e+01  2.310e+01  1.652e+01  1.167e+01  8.149e+00  5.635e+00  3.864e+00  2.633e+00  1.788e+00  1.214e+00  8.215e-01  5.549e-01  3.751e-01  2.542e-01  1.723e-01  1.302e-01  9.502e-02  4.596e-02  4.236e-02  2.963e-02  2.151e-02  1.561e-02  1.130e-02 	
 6.763e+01  5.493e+01  5.318e+01  5.448e+01  5.695e+01  6.073e+01  6.794e+01  7.736e+01  8.929e+01  1.070e+02  1.263e+02  1.488e+02  1.756e+02  1.988e+02  2.251e+02  2.461e+02  2.640e+02  2.756e+02  2.728e+02  2.550e+02  2.207e+02  1.790e+02  1.378e+02  1.029e+02  7.614e+01  5.661e+01  4.246e+01  3.170e+01  2.315e+01  1.656e+01  1.170e+01  8.171e+00  5.651e+00  3.875e+00  2.640e+00  1.793e+00  1.217e+00  8.237e-01  5.564e-01  3.761e-01  2.549e-01  1.727e-01  1.306e-01  9.528e-02  4.608e-02  4.248e-02  2.971e-02  2.157e-02  1.566e-02  1.133e-02 	
 6.508e+01  5.281e+01  5.108e+01  5.228e+01  5.460e+01  5.817e+01  6.502e+01  7.398e+01  8.531e+01  1.021e+02  1.205e+02  1.418e+02  1.672e+02  1.892e+02  2.142e+02  2.344e+02  2.518e+02  2.638e+02  2.625e+02  2.470e+02  2.153e+02  1.759e+02  1.363e+02  1.023e+02  7.593e+01  5.658e+01  4.250e+01  3.175e+01  2.320e+01  1.660e+01  1.173e+01  8.194e+00  5.666e+00  3.886e+00  2.647e+00  1.798e+00  1.220e+00  8.260e-01  5.580e-01  3.771e-01  2.556e-01  1.732e-01  1.310e-01  9.554e-02  4.621e-02  4.259e-02  2.979e-02  2.163e-02  1.570e-02  1.136e-02 	
 6.263e+01  5.078e+01  4.906e+01  5.016e+01  5.233e+01  5.570e+01  6.221e+01  7.070e+01  8.146e+01  9.741e+01  1.148e+02  1.350e+02  1.591e+02  1.799e+02  2.036e+02  2.229e+02  2.399e+02  2.521e+02  2.521e+02  2.389e+02  2.098e+02  1.727e+02  1.347e+02  1.016e+02  7.569e+01  5.654e+01  4.253e+01  3.180e+01  2.325e+01  1.664e+01  1.176e+01  8.216e+00  5.683e+00  3.897e+00  2.655e+00  1.803e+00  1.224e+00  8.284e-01  5.596e-01  3.782e-01  2.563e-01  1.737e-01  1.314e-01  9.581e-02  4.634e-02  4.272e-02  2.988e-02  2.169e-02  1.574e-02  1.140e-02 	
 6.027e+01  4.881e+01  4.710e+01  4.811e+01  5.014e+01  5.332e+01  5.948e+01  6.754e+01  7.774e+01  9.287e+01  1.094e+02  1.285e+02  1.512e+02  1.709e+02  1.934e+02  2.118e+02  2.283e+02  2.406e+02  2.418e+02  2.306e+02  2.041e+02  1.693e+02  1.329e+02  1.008e+02  7.540e+01  5.647e+01  4.255e+01  3.185e+01  2.330e+01  1.669e+01  1.179e+01  8.239e+00  5.699e+00  3.908e+00  2.663e+00  1.808e+00  1.228e+00  8.309e-01  5.612e-01  3.794e-01  2.571e-01  1.742e-01  1.318e-01  9.609e-02  4.648e-02  4.284e-02  2.997e-02  2.176e-02  1.579e-02  1.143e-02 	
 5.800e+01  4.693e+01  4.522e+01  4.614e+01  4.804e+01  5.102e+01  5.686e+01  6.449e+01  7.416e+01  8.849e+01  1.041e+02  1.221e+02  1.436e+02  1.622e+02  1.835e+02  2.010e+02  2.169e+02  2.293e+02  2.316e+02  2.223e+02  1.982e+02  1.657e+02  1.310e+02  9.996e+01  7.506e+01  5.638e+01  4.256e+01  3.189e+01  2.335e+01  1.673e+01  1.183e+01  8.263e+00  5.715e+00  3.920e+00  2.671e+00  1.814e+00  1.231e+00  8.334e-01  5.629e-01  3.805e-01  2.579e-01  1.748e-01  1.322e-01  9.638e-02  4.663e-02  4.297e-02  3.006e-02  2.182e-02  1.584e-02  1.146e-02 	
 5.582e+01  4.512e+01  4.341e+01  4.424e+01  4.601e+01  4.881e+01  5.434e+01  6.156e+01  7.071e+01  8.427e+01  9.901e+01  1.161e+02  1.363e+02  1.538e+02  1.738e+02  1.905e+02  2.059e+02  2.183e+02  2.214e+02  2.139e+02  1.922e+02  1.619e+02  1.290e+02  9.899e+01  7.468e+01  5.626e+01  4.255e+01  3.193e+01  2.339e+01  1.677e+01  1.186e+01  8.286e+00  5.732e+00  3.932e+00  2.679e+00  1.819e+00  1.235e+00  8.360e-01  5.647e-01  3.817e-01  2.587e-01  1.753e-01  1.326e-01  9.667e-02  4.678e-02  4.310e-02  3.015e-02  2.189e-02  1.589e-02  1.150e-02 	
 5.374e+01  4.338e+01  4.168e+01  4.242e+01  4.405e+01  4.669e+01  5.191e+01  5.873e+01  6.738e+01  8.021e+01  9.412e+01  1.102e+02  1.293e+02  1.457e+02  1.646e+02  1.803e+02  1.951e+02  2.074e+02  2.113e+02  2.054e+02  1.860e+02  1.580e+02  1.268e+02  9.793e+01  7.423e+01  5.611e+01  4.253e+01  3.196e+01  2.343e+01  1.681e+01  1.189e+01  8.310e+00  5.749e+00  3.943e+00  2.687e+00  1.825e+00  1.239e+00  8.386e-01  5.665e-01  3.829e-01  2.595e-01  1.758e-01  1.330e-01  9.697e-02  4.693e-02  4.324e-02  3.025e-02  2.196e-02  1.594e-02  1.154e-02 	
 5.174e+01  4.171e+01  4.001e+01  4.067e+01  4.218e+01  4.464e+01  4.957e+01  5.602e+01  6.419e+01  7.631e+01  8.941e+01  1.045e+02  1.225e+02  1.379e+02  1.556e+02  1.705e+02  1.847e+02  1.968e+02  2.013e+02  1.969e+02  1.797e+02  1.539e+02  1.244e+02  9.677e+01  7.372e+01  5.593e+01  4.249e+01  3.198e+01  2.347e+01  1.684e+01  1.192e+01  8.333e+00  5.766e+00  3.955e+00  2.695e+00  1.831e+00  1.243e+00  8.413e-01  5.683e-01  3.841e-01  2.604e-01  1.764e-01  1.335e-01  9.727e-02  4.709e-02  4.338e-02  3.035e-02  2.203e-02  1.599e-02  1.158e-02 	
 4.984e+01  4.013e+01  3.842e+01  3.899e+01  4.039e+01  4.268e+01  4.733e+01  5.341e+01  6.112e+01  7.255e+01  8.489e+01  9.910e+01  1.159e+02  1.304e+02  1.470e+02  1.610e+02  1.745e+02  1.864e+02  1.915e+02  1.884e+02  1.732e+02  1.496e+02  1.219e+02  9.548e+01  7.314e+01  5.570e+01  4.244e+01  3.199e+01  2.351e+01  1.688e+01  1.195e+01  8.356e+00  5.783e+00  3.968e+00  2.704e+00  1.836e+00  1.247e+00  8.440e-01  5.701e-01  3.854e-01  2.612e-01  1.770e-01  1.340e-01  9.758e-02  4.726e-02  4.352e-02  3.045e-02  2.211e-02  1.605e-02  1.161e-02 	
 4.802e+01  3.861e+01  3.690e+01  3.739e+01  3.867e+01  4.081e+01  4.518e+01  5.091e+01  5.817e+01  6.895e+01  8.054e+01  9.388e+01  1.096e+02  1.231e+02  1.386e+02  1.518e+02  1.647e+02  1.762e+02  1.818e+02  1.799e+02  1.666e+02  1.451e+02  1.193e+02  9.408e+01  7.249e+01  5.544e+01  4.235e+01  3.199e+01  2.353e+01  1.691e+01  1.198e+01  8.379e+00  5.800e+00  3.980e+00  2.712e+00  1.842e+00  1.251e+00  8.467e-01  5.720e-01  3.866e-01  2.621e-01  1.776e-01  1.344e-01  9.789e-02  4.743e-02  4.366e-02  3.056e-02  2.218e-02  1.610e-02  1.165e-02 	
 4.631e+01  3.717e+01  3.545e+01  3.586e+01  3.703e+01  3.901e+01  4.313e+01  4.852e+01  5.535e+01  6.550e+01  7.638e+01  8.886e+01  1.036e+02  1.161e+02  1.306e+02  1.430e+02  1.551e+02  1.664e+02  1.722e+02  1.714e+02  1.599e+02  1.404e+02  1.164e+02  9.256e+01  7.175e+01  5.513e+01  4.224e+01  3.197e+01  2.355e+01  1.694e+01  1.201e+01  8.401e+00  5.816e+00  3.991e+00  2.720e+00  1.848e+00  1.255e+00  8.495e-01  5.739e-01  3.879e-01  2.630e-01  1.782e-01  1.349e-01  9.820e-02  4.761e-02  4.381e-02  3.066e-02  2.226e-02  1.616e-02  1.170e-02 	
 4.468e+01  3.581e+01  3.408e+01  3.441e+01  3.546e+01  3.730e+01  4.116e+01  4.623e+01  5.265e+01  6.219e+01  7.239e+01  8.406e+01  9.778e+01  1.094e+02  1.229e+02  1.344e+02  1.459e+02  1.568e+02  1.629e+02  1.630e+02  1.532e+02  1.356e+02  1.134e+02  9.090e+01  7.093e+01  5.476e+01  4.210e+01  3.194e+01  2.356e+01  1.697e+01  1.203e+01  8.422e+00  5.832e+00  4.003e+00  2.729e+00  1.854e+00  1.259e+00  8.522e-01  5.757e-01  3.892e-01  2.638e-01  1.788e-01  1.354e-01  9.852e-02  4.779e-02  4.395e-02  3.077e-02  2.234e-02  1.622e-02  1.174e-02 	
 4.315e+01  3.452e+01  3.277e+01  3.303e+01  3.397e+01  3.567e+01  3.929e+01  4.405e+01  5.007e+01  5.903e+01  6.857e+01  7.946e+01  9.222e+01  1.030e+02  1.155e+02  1.262e+02  1.371e+02  1.475e+02  1.537e+02  1.546e+02  1.464e+02  1.307e+02  1.103e+02  8.910e+01  7.001e+01  5.433e+01  4.193e+01  3.188e+01  2.357e+01  1.699e+01  1.205e+01  8.441e+00  5.848e+00  4.014e+00  2.737e+00  1.859e+00  1.263e+00  8.550e-01  5.776e-01  3.905e-01  2.647e-01  1.794e-01  1.359e-01  9.883e-02  4.797e-02  4.410e-02  3.088e-02  2.242e-02  1.627e-02  1.178e-02 	
 4.171e+01  3.331e+01  3.154e+01  3.172e+01  3.256e+01  3.412e+01  3.751e+01  4.197e+01  4.762e+01  5.602e+01  6.492e+01  7.506e+01  8.690e+01  9.685e+01  1.084e+02  1.183e+02  1.285e+02  1.385e+02  1.448e+02  1.464e+02  1.395e+02  1.256e+02  1.069e+02  8.715e+01  6.898e+01  5.384e+01  4.171e+01  3.181e+01  2.355e+01  1.700e+01  1.207e+01  8.459e+00  5.862e+00  4.025e+00  2.745e+00  1.865e+00  1.267e+00  8.576e-01  5.795e-01  3.918e-01  2.656e-01  1.800e-01  1.363e-01  9.915e-02  4.815e-02  4.425e-02  3.100e-02  2.250e-02  1.633e-02  1.182e-02 	
 4.037e+01  3.217e+01  3.038e+01  3.048e+01  3.122e+01  3.265e+01  3.582e+01  3.999e+01  4.528e+01  5.314e+01  6.143e+01  7.085e+01  8.182e+01  9.096e+01  1.016e+02  1.108e+02  1.203e+02  1.297e+02  1.361e+02  1.382e+02  1.326e+02  1.204e+02  1.035e+02  8.506e+01  6.785e+01  5.327e+01  4.145e+01  3.171e+01  2.353e+01  1.700e+01  1.209e+01  8.475e+00  5.875e+00  4.035e+00  2.752e+00  1.870e+00  1.270e+00  8.602e-01  5.813e-01  3.930e-01  2.665e-01  1.806e-01  1.368e-01  9.945e-02  4.834e-02  4.440e-02  3.111e-02  2.258e-02  1.639e-02  1.187e-02 	
 3.913e+01  3.111e+01  2.929e+01  2.932e+01  2.996e+01  3.126e+01  3.422e+01  3.811e+01  4.305e+01  5.041e+01  5.812e+01  6.684e+01  7.697e+01  8.534e+01  9.511e+01  1.036e+02  1.124e+02  1.213e+02  1.276e+02  1.302e+02  1.258e+02  1.151e+02  9.981e+01  8.282e+01  6.659e+01  5.262e+01  4.114e+01  3.157e+01  2.348e+01  1.700e+01  1.210e+01  8.487e+00  5.886e+00  4.044e+00  2.759e+00  1.875e+00  1.274e+00  8.627e-01  5.830e-01  3.942e-01  2.673e-01  1.812e-01  1.373e-01  9.975e-02  4.853e-02  4.454e-02  3.122e-02  2.266e-02  1.645e-02  1.191e-02 	
 3.799e+01  3.014e+01  2.828e+01  2.823e+01  2.878e+01  2.995e+01  3.270e+01  3.633e+01  4.094e+01  4.781e+01  5.496e+01  6.302e+01  7.234e+01  7.997e+01  8.890e+01  9.663e+01  1.048e+02  1.133e+02  1.194e+02  1.223e+02  1.189e+02  1.097e+02  9.602e+01  8.042e+01  6.521e+01  5.188e+01  4.077e+01  3.140e+01  2.342e+01  1.698e+01  1.210e+01  8.496e+00  5.896e+00  4.052e+00  2.765e+00  1.880e+00  1.277e+00  8.650e-01  5.846e-01  3.954e-01  2.681e-01  1.817e-01  1.378e-01  1.000e-01  4.871e-02  4.468e-02  3.133e-02  2.274e-02  1.651e-02  1.195e-02 	
 3.696e+01  2.924e+01  2.734e+01  2.722e+01  2.767e+01  2.872e+01  3.128e+01  3.466e+01  3.895e+01  4.535e+01  5.196e+01  5.939e+01  6.793e+01  7.485e+01  8.298e+01  9.002e+01  9.756e+01  1.055e+02  1.114e+02  1.146e+02  1.121e+02  1.043e+02  9.209e+01  7.787e+01  6.370e+01  5.105e+01  4.034e+01  3.120e+01  2.333e+01  1.696e+01  1.210e+01  8.500e+00  5.902e+00  4.058e+00  2.770e+00  1.884e+00  1.280e+00  8.671e-01  5.861e-01  3.964e-01  2.688e-01  1.822e-01  1.382e-01  1.003e-01  4.889e-02  4.481e-02  3.143e-02  2.282e-02  1.657e-02  1.200e-02 	
 3.604e+01  2.844e+01  2.649e+01  2.629e+01  2.664e+01  2.758e+01  2.995e+01  3.308e+01  3.707e+01  4.302e+01  4.913e+01  5.594e+01  6.374e+01  6.998e+01  7.734e+01  8.372e+01  9.063e+01  9.802e+01  1.038e+02  1.072e+02  1.054e+02  9.878e+01  8.804e+01  7.517e+01  6.206e+01  5.012e+01  3.984e+01  3.094e+01  2.322e+01  1.691e+01  1.208e+01  8.498e+00  5.905e+00  4.062e+00  2.774e+00  1.887e+00  1.282e+00  8.688e-01  5.873e-01  3.973e-01  2.695e-01  1.827e-01  1.386e-01  1.005e-01  4.907e-02  4.493e-02  3.153e-02  2.289e-02  1.663e-02  1.204e-02 	
 3.525e+01  2.773e+01  2.572e+01  2.544e+01  2.570e+01  2.652e+01  2.871e+01  3.161e+01  3.531e+01  4.083e+01  4.644e+01  5.268e+01  5.976e+01  6.536e+01  7.198e+01  7.772e+01  8.403e+01  9.089e+01  9.638e+01  9.987e+01  9.877e+01  9.325e+01  8.387e+01  7.232e+01  6.027e+01  4.907e+01  3.925e+01  3.063e+01  2.307e+01  1.684e+01  1.205e+01  8.489e+00  5.903e+00  4.064e+00  2.776e+00  1.889e+00  1.284e+00  8.701e-01  5.883e-01  3.980e-01  2.700e-01  1.831e-01  1.390e-01  1.007e-01  4.923e-02  4.503e-02  3.162e-02  2.296e-02  1.668e-02  1.208e-02 	
 3.458e+01  2.712e+01  2.503e+01  2.467e+01  2.484e+01  2.555e+01  2.756e+01  3.024e+01  3.366e+01  3.877e+01  4.391e+01  4.959e+01  5.599e+01  6.097e+01  6.689e+01  7.202e+01  7.775e+01  8.407e+01  8.928e+01  9.280e+01  9.226e+01  8.773e+01  7.961e+01  6.933e+01  5.834e+01  4.790e+01  3.858e+01  3.027e+01  2.288e+01  1.675e+01  1.201e+01  8.472e+00  5.897e+00  4.061e+00  2.776e+00  1.889e+00  1.285e+00  8.709e-01  5.890e-01  3.985e-01  2.704e-01  1.834e-01  1.392e-01  1.008e-01  4.938e-02  4.512e-02  3.170e-02  2.302e-02  1.672e-02  1.211e-02 	
 3.406e+01  2.661e+01  2.445e+01  2.400e+01  2.407e+01  2.466e+01  2.651e+01  2.898e+01  3.213e+01  3.684e+01  4.153e+01  4.667e+01  5.242e+01  5.681e+01  6.207e+01  6.662e+01  7.178e+01  7.758e+01  8.248e+01  8.598e+01  8.588e+01  8.223e+01  7.527e+01  6.620e+01  5.627e+01  4.662e+01  3.782e+01  2.983e+01  2.265e+01  1.664e+01  1.195e+01  8.443e+00  5.883e+00  4.055e+00  2.773e+00  1.888e+00  1.284e+00  8.709e-01  5.892e-01  3.988e-01  2.706e-01  1.836e-01  1.395e-01  1.009e-01  4.950e-02  4.518e-02  3.177e-02  2.307e-02  1.676e-02  1.214e-02 	
 3.370e+01  2.623e+01  2.396e+01  2.342e+01  2.340e+01  2.388e+01  2.556e+01  2.782e+01  3.071e+01  3.505e+01  3.931e+01  4.393e+01  4.906e+01  5.288e+01  5.750e+01  6.150e+01  6.612e+01  7.142e+01  7.598e+01  7.940e+01  7.967e+01  7.677e+01  7.087e+01  6.295e+01  5.405e+01  4.520e+01  3.695e+01  2.932e+01  2.237e+01  1.649e+01  1.188e+01  8.402e+00  5.861e+00  4.044e+00  2.767e+00  1.885e+00  1.283e+00  8.701e-01  5.888e-01  3.986e-01  2.706e-01  1.836e-01  1.395e-01  1.009e-01  4.959e-02  4.520e-02  3.181e-02  2.310e-02  1.679e-02  1.217e-02 	
 3.352e+01  2.597e+01  2.359e+01  2.296e+01  2.283e+01  2.319e+01  2.472e+01  2.678e+01  2.942e+01  3.339e+01  3.723e+01  4.135e+01  4.589e+01  4.917e+01  5.319e+01  5.667e+01  6.078e+01  6.557e+01  6.980e+01  7.309e+01  7.363e+01  7.139e+01  6.644e+01  5.960e+01  5.170e+01  4.364e+01  3.597e+01  2.873e+01  2.203e+01  1.630e+01  1.177e+01  8.345e+00  5.830e+00  4.026e+00  2.756e+00  1.879e+00  1.279e+00  8.681e-01  5.876e-01  3.979e-01  2.702e-01  1.835e-01  1.395e-01  1.008e-01  4.964e-02  4.518e-02  3.182e-02  2.312e-02  1.681e-02  1.218e-02 	
 3.355e+01  2.588e+01  2.336e+01  2.261e+01  2.237e+01  2.262e+01  2.399e+01  2.585e+01  2.825e+01  3.187e+01  3.530e+01  3.895e+01  4.291e+01  4.568e+01  4.914e+01  5.212e+01  5.573e+01  6.004e+01  6.392e+01  6.705e+01  6.779e+01  6.610e+01  6.201e+01  5.615e+01  4.921e+01  4.196e+01  3.487e+01  2.805e+01  2.162e+01  1.607e+01  1.164e+01  8.269e+00  5.786e+00  4.000e+00  2.741e+00  1.870e+00  1.274e+00  8.647e-01  5.856e-01  3.967e-01  2.695e-01  1.830e-01  1.393e-01  1.005e-01  4.964e-02  4.510e-02  3.180e-02  2.311e-02  1.680e-02  1.218e-02 	
 3.383e+01  2.596e+01  2.327e+01  2.240e+01  2.204e+01  2.217e+01  2.338e+01  2.505e+01  2.721e+01  3.050e+01  3.352e+01  3.670e+01  4.011e+01  4.239e+01  4.532e+01  4.784e+01  5.099e+01  5.483e+01  5.836e+01  6.129e+01  6.216e+01  6.093e+01  5.758e+01  5.263e+01  4.661e+01  4.013e+01  3.365e+01  2.727e+01  2.115e+01  1.578e+01  1.147e+01  8.171e+00  5.727e+00  3.965e+00  2.720e+00  1.856e+00  1.265e+00  8.595e-01  5.823e-01  3.947e-01  2.682e-01  1.823e-01  1.388e-01  1.000e-01  4.957e-02  4.495e-02  3.173e-02  2.306e-02  1.678e-02  1.217e-02 	
 3.442e+01  2.626e+01  2.336e+01  2.234e+01  2.185e+01  2.185e+01  2.291e+01  2.439e+01  2.631e+01  2.926e+01  3.190e+01  3.463e+01  3.751e+01  3.932e+01  4.174e+01  4.382e+01  4.654e+01  4.993e+01  5.311e+01  5.582e+01  5.677e+01  5.590e+01  5.320e+01  4.906e+01  4.389e+01  3.817e+01  3.230e+01  2.638e+01  2.059e+01  1.544e+01  1.127e+01  8.047e+00  5.651e+00  3.918e+00  2.690e+00  1.838e+00  1.254e+00  8.521e-01  5.777e-01  3.917e-01  2.664e-01  1.811e-01  1.380e-01  9.933e-02  4.940e-02  4.470e-02  3.160e-02  2.297e-02  1.672e-02  1.214e-02 	
 3.539e+01  2.683e+01  2.366e+01  2.248e+01  2.184e+01  2.170e+01  2.259e+01  2.388e+01  2.556e+01  2.818e+01  3.043e+01  3.271e+01  3.508e+01  3.645e+01  3.840e+01  4.007e+01  4.237e+01  4.534e+01  4.817e+01  5.065e+01  5.161e+01  5.103e+01  4.888e+01  4.547e+01  4.108e+01  3.609e+01  3.083e+01  2.537e+01  1.994e+01  1.504e+01  1.102e+01  7.891e+00  5.554e+00  3.857e+00  2.652e+00  1.814e+00  1.238e+00  8.421e-01  5.712e-01  3.876e-01  2.637e-01  1.794e-01  1.369e-01  9.835e-02  4.911e-02  4.433e-02  3.139e-02  2.283e-02  1.663e-02  1.207e-02 	
 3.684e+01  2.774e+01  2.423e+01  2.285e+01  2.204e+01  2.173e+01  2.246e+01  2.353e+01  2.497e+01  2.726e+01  2.911e+01  3.095e+01  3.283e+01  3.377e+01  3.528e+01  3.658e+01  3.849e+01  4.106e+01  4.355e+01  4.578e+01  4.672e+01  4.635e+01  4.465e+01  4.187e+01  3.819e+01  3.390e+01  2.922e+01  2.425e+01  1.920e+01  1.456e+01  1.072e+01  7.701e+00  5.433e+00  3.780e+00  2.603e+00  1.782e+00  1.218e+00  8.288e-01  5.626e-01  3.820e-01  2.601e-01  1.771e-01  1.352e-01  9.703e-02  4.868e-02  4.381e-02  3.108e-02  2.262e-02  1.649e-02  1.198e-02 	
 3.893e+01  2.908e+01  2.515e+01  2.352e+01  2.249e+01  2.200e+01  2.253e+01  2.339e+01  2.457e+01  2.651e+01  2.796e+01  2.936e+01  3.075e+01  3.129e+01  3.238e+01  3.333e+01  3.489e+01  3.708e+01  3.924e+01  4.121e+01  4.208e+01  4.187e+01  4.054e+01  3.830e+01  3.525e+01  3.160e+01  2.750e+01  2.302e+01  1.835e+01  1.401e+01  1.036e+01  7.470e+00  5.284e+00  3.684e+00  2.541e+00  1.742e+00  1.191e+00  8.117e-01  5.514e-01  3.747e-01  2.553e-01  1.740e-01  1.330e-01  9.528e-02  4.806e-02  4.311e-02  3.065e-02  2.232e-02  1.628e-02  1.184e-02 	
 4.187e+01  3.102e+01  2.652e+01  2.456e+01  2.328e+01  2.255e+01  2.286e+01  2.347e+01  2.436e+01  2.594e+01  2.698e+01  2.793e+01  2.884e+01  2.899e+01  2.971e+01  3.034e+01  3.157e+01  3.340e+01  3.524e+01  3.695e+01  3.773e+01  3.760e+01  3.657e+01  3.478e+01  3.229e+01  2.921e+01  2.566e+01  2.166e+01  1.741e+01  1.337e+01  9.937e+00  7.194e+00  5.104e+00  3.566e+00  2.464e+00  1.691e+00  1.158e+00  7.899e-01  5.372e-01  3.653e-01  2.492e-01  1.700e-01  1.301e-01  9.302e-02  4.721e-02  4.219e-02  3.007e-02  2.192e-02  1.600e-02  1.164e-02 	
 4.600e+01  3.376e+01  2.849e+01  2.612e+01  2.449e+01  2.347e+01  2.351e+01  2.383e+01  2.440e+01  2.558e+01  2.617e+01  2.666e+01  2.711e+01  2.689e+01  2.724e+01  2.758e+01  2.852e+01  3.002e+01  3.155e+01  3.299e+01  3.365e+01  3.357e+01  3.276e+01  3.133e+01  2.933e+01  2.677e+01  2.373e+01  2.020e+01  1.636e+01  1.265e+01  9.450e+00  6.869e+00  4.889e+00  3.424e+00  2.370e+00  1.630e+00  1.117e+00  7.630e-01  5.194e-01  3.536e-01  2.414e-01  1.649e-01  1.264e-01  9.015e-02  4.608e-02  4.100e-02  2.931e-02  2.138e-02  1.563e-02  1.138e-02 	
 5.184e+01  3.765e+01  3.133e+01  2.837e+01  2.627e+01  2.486e+01  2.458e+01  2.453e+01  2.471e+01  2.545e+01  2.555e+01  2.556e+01  2.554e+01  2.497e+01  2.500e+01  2.507e+01  2.573e+01  2.693e+01  2.817e+01  2.934e+01  2.986e+01  2.978e+01  2.913e+01  2.800e+01  2.639e+01  2.429e+01  2.172e+01  1.864e+01  1.521e+01  1.184e+01  8.894e+00  6.492e+00  4.636e+00  3.255e+00  2.258e+00  1.555e+00  1.068e+00  7.300e-01  4.976e-01  3.391e-01  2.317e-01  1.586e-01  1.217e-01  8.659e-02  4.462e-02  3.951e-02  2.833e-02  2.069e-02  1.514e-02  1.104e-02 	
 6.020e+01  4.321e+01  3.538e+01  3.159e+01  2.885e+01  2.690e+01  2.616e+01  2.564e+01  2.535e+01  2.556e+01  2.512e+01  2.463e+01  2.415e+01  2.325e+01  2.298e+01  2.281e+01  2.322e+01  2.413e+01  2.509e+01  2.600e+01  2.637e+01  2.625e+01  2.570e+01  2.480e+01  2.351e+01  2.181e+01  1.965e+01  1.700e+01  1.397e+01  1.095e+01  8.271e+00  6.064e+00  4.345e+00  3.059e+00  2.126e+00  1.467e+00  1.009e+00  6.907e-01  4.713e-01  3.216e-01  2.200e-01  1.508e-01  1.159e-01  8.226e-02  4.278e-02  3.767e-02  2.710e-02  1.981e-02  1.452e-02  1.061e-02 	
 7.233e+01  5.127e+01  4.121e+01  3.621e+01  3.252e+01  2.980e+01  2.842e+01  2.727e+01  2.637e+01  2.595e+01  2.489e+01  2.388e+01  2.294e+01  2.173e+01  2.118e+01  2.080e+01  2.097e+01  2.162e+01  2.231e+01  2.296e+01  2.316e+01  2.298e+01  2.249e+01  2.175e+01  2.072e+01  1.934e+01  1.756e+01  1.530e+01  1.267e+01  9.990e+00  7.584e+00  5.585e+00  4.015e+00  2.834e+00  1.975e+00  1.365e+00  9.402e-01  6.446e-01  4.405e-01  3.009e-01  2.062e-01  1.416e-01  1.090e-01  7.710e-02  4.052e-02  3.544e-02  2.560e-02  1.874e-02  1.376e-02  1.006e-02 	
 9.019e+01  6.306e+01  4.963e+01  4.280e+01  3.770e+01  3.384e+01  3.155e+01  2.952e+01  2.782e+01  2.664e+01  2.490e+01  2.333e+01  2.194e+01  2.043e+01  1.964e+01  1.905e+01  1.901e+01  1.940e+01  1.983e+01  2.023e+01  2.025e+01  1.998e+01  1.950e+01  1.887e+01  1.804e+01  1.693e+01  1.546e+01  1.356e+01  1.130e+01  8.969e+00  6.844e+00  5.061e+00  3.651e+00  2.584e+00  1.804e+00  1.250e+00  8.621e-01  5.919e-01  4.050e-01  2.771e-01  1.901e-01  1.308e-01  1.008e-01  7.110e-02  3.780e-02  3.282e-02  2.380e-02  1.745e-02  1.283e-02  9.405e-03 	
 1.165e+02  8.035e+01  6.176e+01  5.211e+01  4.488e+01  3.933e+01  3.571e+01  3.249e+01  2.975e+01  2.767e+01  2.516e+01  2.301e+01  2.120e+01  1.940e+01  1.838e+01  1.760e+01  1.735e+01  1.749e+01  1.766e+01  1.780e+01  1.762e+01  1.725e+01  1.675e+01  1.619e+01  1.551e+01  1.461e+01  1.341e+01  1.182e+01  9.909e+00  7.907e+00  6.062e+00  4.500e+00  3.257e+00  2.311e+00  1.617e+00  1.122e+00  7.754e-01  5.332e-01  3.653e-01  2.503e-01  1.719e-01  1.186e-01  9.146e-02  6.429e-02  3.463e-02  2.981e-02  2.172e-02  1.595e-02  1.175e-02  8.626e-03 	
 1.541e+02  1.050e+02  7.865e+01  6.481e+01  5.445e+01  4.649e+01  4.103e+01  3.622e+01  3.222e+01  2.910e+01  2.576e+01  2.303e+01  2.079e+01  1.871e+01  1.746e+01  1.649e+01  1.602e+01  1.590e+01  1.579e+01  1.566e+01  1.528e+01  1.479e+01  1.425e+01  1.372e+01  1.313e+01  1.240e+01  1.142e+01  1.011e+01  8.516e+00  6.827e+00  5.257e+00  3.916e+00  2.842e+00  2.022e+00  1.418e+00  9.855e-01  6.820e-01  4.696e-01  3.222e-01  2.210e-01  1.520e-01  1.052e-01  8.110e-02  5.681e-02  3.104e-02  2.647e-02  1.937e-02  1.425e-02  1.052e-02  7.735e-03 	
 2.036e+02  1.375e+02  1.006e+02  8.094e+01  6.640e+01  5.529e+01  4.750e+01  4.078e+01  3.532e+01  3.108e+01  2.688e+01  2.355e+01  2.088e+01  1.850e+01  1.699e+01  1.579e+01  1.507e+01  1.465e+01  1.423e+01  1.381e+01  1.321e+01  1.258e+01  1.198e+01  1.146e+01  1.094e+01  1.032e+01  9.525e+00  8.461e+00  7.151e+00  5.755e+00  4.447e+00  3.323e+00  2.418e+00  1.724e+00  1.211e+00  8.431e-01  5.842e-01  4.027e-01  2.767e-01  1.900e-01  1.309e-01  9.081e-02  6.998e-02  4.885e-02  2.711e-02  2.287e-02  1.681e-02  1.239e-02  9.162e-03  6.750e-03 	
 2.604e+02  1.757e+02  1.262e+02  9.974e+01  8.035e+01  6.564e+01  5.523e+01  4.644e+01  3.943e+01  3.401e+01  2.890e+01  2.492e+01  2.174e+01  1.897e+01  1.713e+01  1.560e+01  1.453e+01  1.374e+01  1.297e+01  1.221e+01  1.139e+01  1.061e+01  9.953e+00  9.417e+00  8.935e+00  8.413e+00  7.759e+00  6.900e+00  5.845e+00  4.717e+00  3.654e+00  2.737e+00  1.996e+00  1.426e+00  1.003e+00  6.992e-01  4.851e-01  3.348e-01  2.303e-01  1.583e-01  1.092e-01  7.598e-02  5.846e-02  4.066e-02  2.295e-02  1.913e-02  1.413e-02  1.043e-02  7.725e-03  5.700e-03 	
 3.198e+02  2.174e+02  1.550e+02  1.212e+02  9.666e+01  7.818e+01  6.500e+01  5.403e+01  4.534e+01  3.862e+01  3.245e+01  2.763e+01  2.376e+01  2.041e+01  1.803e+01  1.600e+01  1.443e+01  1.315e+01  1.193e+01  1.082e+01  9.763e+00  8.862e+00  8.143e+00  7.591e+00  7.133e+00  6.678e+00  6.141e+00  5.456e+00  4.624e+00  3.737e+00  2.900e+00  2.176e+00  1.589e+00  1.137e+00  8.007e-01  5.588e-01  3.880e-01  2.680e-01  1.845e-01  1.270e-01  8.770e-02  6.121e-02  4.695e-02  3.254e-02  1.872e-02  1.539e-02  1.141e-02  8.440e-03  6.260e-03  4.625e-03 	
 3.808e+02  2.637e+02  1.881e+02  1.462e+02  1.162e+02  9.371e+01  7.750e+01  6.413e+01  5.353e+01  4.524e+01  3.773e+01  3.179e+01  2.694e+01  2.273e+01  1.955e+01  1.677e+01  1.453e+01  1.264e+01  1.095e+01  9.520e+00  8.283e+00  7.294e+00  6.541e+00  5.982e+00  5.542e+00  5.138e+00  4.694e+00  4.155e+00  3.516e+00  2.841e+00  2.206e+00  1.656e+00  1.210e+00  8.664e-01  6.108e-01  4.266e-01  2.964e-01  2.049e-01  1.412e-01  9.723e-02  6.722e-02  4.705e-02  3.591e-02  2.481e-02  1.457e-02  1.180e-02  8.778e-03  6.504e-03  4.830e-03  3.572e-03 	
 4.186e+02  2.981e+02  2.137e+02  1.653e+02  1.312e+02  1.058e+02  8.722e+01  7.206e+01  5.999e+01  5.041e+01  4.185e+01  3.495e+01  2.922e+01  2.424e+01  2.031e+01  1.690e+01  1.410e+01  1.178e+01  9.812e+00  8.218e+00  6.917e+00  5.912e+00  5.158e+00  4.605e+00  4.181e+00  3.815e+00  3.446e+00  3.025e+00  2.548e+00  2.053e+00  1.592e+00  1.194e+00  8.728e-01  6.248e-01  4.406e-01  3.078e-01  2.139e-01  1.479e-01  1.019e-01  7.026e-02  4.863e-02  3.413e-02  2.586e-02  1.783e-02  1.071e-02  8.523e-03  6.355e-03  4.716e-03  3.504e-03  2.592e-03 	
 3.901e+02  2.845e+02  2.058e+02  1.587e+02  1.258e+02  1.014e+02  8.340e+01  6.888e+01  5.728e+01  4.797e+01  3.978e+01  3.309e+01  2.750e+01  2.267e+01  1.877e+01  1.542e+01  1.265e+01  1.037e+01  8.464e+00  6.932e+00  5.694e+00  4.735e+00  4.008e+00  3.469e+00  3.061e+00  2.727e+00  2.416e+00  2.092e+00  1.744e+00  1.397e+00  1.079e+00  8.078e-01  5.895e-01  4.217e-01  2.973e-01  2.076e-01  1.442e-01  9.969e-02  6.872e-02  4.738e-02  3.283e-02  2.309e-02  1.731e-02  1.192e-02  7.340e-03  5.736e-03  4.277e-03  3.176e-03  2.360e-03  1.744e-03 	
 3.015e+02  2.251e+02  1.653e+02  1.274e+02  1.008e+02  8.124e+01  6.670e+01  5.507e+01  4.577e+01  3.825e+01  3.174e+01  2.637e+01  2.188e+01  1.803e+01  1.489e+01  1.220e+01  9.972e+00  8.124e+00  6.584e+00  5.332e+00  4.316e+00  3.516e+00  2.902e+00  2.440e+00  2.090e+00  1.812e+00  1.569e+00  1.334e+00  1.098e+00  8.725e-01  6.703e-01  5.003e-01  3.645e-01  2.605e-01  1.836e-01  1.282e-01  8.905e-02  6.157e-02  4.245e-02  2.930e-02  2.033e-02  1.431e-02  1.059e-02  7.300e-03  4.618e-03  3.541e-03  2.633e-03  1.954e-03  1.450e-03  1.068e-03 	
