 7.280e+02  8.783e+02  1.001e+03  1.110e+03  1.211e+03  1.307e+03  1.399e+03  1.488e+03  1.576e+03  1.663e+03  1.749e+03  1.835e+03  1.921e+03  2.008e+03  2.095e+03  2.182e+03  2.271e+03  2.360e+03  2.451e+03  2.542e+03  2.634e+03  2.728e+03  2.822e+03  2.918e+03  3.015e+03  3.113e+03  3.212e+03  3.313e+03  3.415e+03  3.518e+03  3.623e+03  3.729e+03  3.837e+03  3.946e+03  4.056e+03  4.168e+03  4.281e+03  4.396e+03  4.513e+03  4.631e+03  4.750e+03  4.871e+03  4.994e+03  5.118e+03  5.244e+03  5.371e+03  5.499e+03  5.629e+03  5.761e+03  5.893e+03 	
 4.985e+02  6.015e+02  6.854e+02  7.601e+02  8.293e+02  8.949e+02  9.580e+02  1.019e+03  1.079e+03  1.139e+03  1.198e+03  1.257e+03  1.316e+03  1.375e+03  1.435e+03  1.495e+03  1.556e+03  1.617e+03  1.679e+03  1.742e+03  1.805e+03  1.869e+03  1.934e+03  2.000e+03  2.066e+03  2.134e+03  2.202e+03  2.271e+03  2.341e+03  2.412e+03  2.484e+03  2.557e+03  2.631e+03  2.706e+03  2.782e+03  2.859e+03  2.937e+03  3.016e+03  3.096e+03  3.178e+03  3.260e+03  3.344e+03  3.429e+03  3.515e+03  3.602e+03  3.690e+03  3.779e+03  3.869e+03  3.961e+03  4.053e+03 	
 3.780e+02  4.561e+02  5.197e+02  5.764e+02  6.289e+02  6.787e+02  7.266e+02  7.731e+02  8.188e+02  8.639e+02  9.088e+02  9.535e+02  9.983e+02  1.043e+03  1.089e+03  1.134e+03  1.180e+03  1.227e+03  1.274e+03  1.322e+03  1.370e+03  1.418e+03  1.468e+03  1.518e+03  1.568e+03  1.619e+03  1.671e+03  1.724e+03  1.777e+03  1.831e+03  1.886e+03  1.941e+03  1.998e+03  2.055e+03  2.113e+03  2.171e+03  2.231e+03  2.291e+03  2.353e+03  2.415e+03  2.478e+03  2.542e+03  2.607e+03  2.673e+03  2.740e+03  2.808e+03  2.876e+03  2.946e+03  3.016e+03  3.087e+03 	
 3.018e+02  3.642e+02  4.150e+02  4.603e+02  5.022e+02  5.420e+02  5.802e+02  6.174e+02  6.539e+02  6.900e+02  7.259e+02  7.616e+02  7.975e+02  8.335e+02  8.697e+02  9.062e+02  9.431e+02  9.803e+02  1.018e+03  1.056e+03  1.095e+03  1.134e+03  1.173e+03  1.213e+03  1.253e+03  1.294e+03  1.336e+03  1.378e+03  1.421e+03  1.464e+03  1.508e+03  1.553e+03  1.598e+03  1.644e+03  1.690e+03  1.737e+03  1.785e+03  1.834e+03  1.883e+03  1.933e+03  1.984e+03  2.036e+03  2.088e+03  2.142e+03  2.196e+03  2.250e+03  2.306e+03  2.362e+03  2.420e+03  2.477e+03 	
 2.414e+02  2.913e+02  3.320e+02  3.683e+02  4.019e+02  4.337e+02  4.644e+02  4.942e+02  5.234e+02  5.523e+02  5.810e+02  6.097e+02  6.384e+02  6.673e+02  6.963e+02  7.256e+02  7.551e+02  7.850e+02  8.152e+02  8.457e+02  8.766e+02  9.079e+02  9.396e+02  9.717e+02  1.004e+03  1.037e+03  1.071e+03  1.104e+03  1.139e+03  1.174e+03  1.209e+03  1.245e+03  1.281e+03  1.318e+03  1.355e+03  1.393e+03  1.432e+03  1.471e+03  1.511e+03  1.552e+03  1.593e+03  1.635e+03  1.677e+03  1.721e+03  1.765e+03  1.809e+03  1.855e+03  1.900e+03  1.947e+03  1.994e+03 	
 1.980e+02  2.389e+02  2.723e+02  3.021e+02  3.296e+02  3.558e+02  3.809e+02  4.054e+02  4.294e+02  4.532e+02  4.768e+02  5.003e+02  5.239e+02  5.477e+02  5.715e+02  5.956e+02  6.199e+02  6.445e+02  6.693e+02  6.945e+02  7.199e+02  7.457e+02  7.717e+02  7.982e+02  8.250e+02  8.521e+02  8.796e+02  9.075e+02  9.359e+02  9.646e+02  9.937e+02  1.023e+03  1.053e+03  1.084e+03  1.115e+03  1.146e+03  1.179e+03  1.211e+03  1.244e+03  1.278e+03  1.312e+03  1.347e+03  1.383e+03  1.419e+03  1.455e+03  1.493e+03  1.531e+03  1.569e+03  1.608e+03  1.648e+03 	
 1.641e+02  1.981e+02  2.258e+02  2.505e+02  2.734e+02  2.951e+02  3.160e+02  3.363e+02  3.563e+02  3.760e+02  3.957e+02  4.152e+02  4.349e+02  4.546e+02  4.745e+02  4.945e+02  5.148e+02  5.352e+02  5.559e+02  5.768e+02  5.980e+02  6.195e+02  6.413e+02  6.633e+02  6.857e+02  7.083e+02  7.313e+02  7.546e+02  7.783e+02  8.023e+02  8.267e+02  8.515e+02  8.767e+02  9.023e+02  9.284e+02  9.548e+02  9.818e+02  1.009e+03  1.037e+03  1.066e+03  1.095e+03  1.124e+03  1.154e+03  1.185e+03  1.216e+03  1.248e+03  1.280e+03  1.313e+03  1.346e+03  1.380e+03 	
 1.360e+02  1.642e+02  1.872e+02  2.077e+02  2.267e+02  2.447e+02  2.621e+02  2.790e+02  2.956e+02  3.120e+02  3.283e+02  3.446e+02  3.609e+02  3.774e+02  3.939e+02  4.106e+02  4.275e+02  4.445e+02  4.618e+02  4.792e+02  4.969e+02  5.148e+02  5.330e+02  5.514e+02  5.701e+02  5.890e+02  6.083e+02  6.278e+02  6.476e+02  6.678e+02  6.883e+02  7.091e+02  7.303e+02  7.518e+02  7.737e+02  7.961e+02  8.188e+02  8.420e+02  8.656e+02  8.897e+02  9.143e+02  9.393e+02  9.649e+02  9.909e+02  1.018e+03  1.045e+03  1.072e+03  1.100e+03  1.129e+03  1.158e+03 	
 1.147e+02  1.385e+02  1.579e+02  1.753e+02  1.913e+02  2.066e+02  2.213e+02  2.356e+02  2.496e+02  2.635e+02  2.774e+02  2.912e+02  3.051e+02  3.190e+02  3.330e+02  3.472e+02  3.616e+02  3.760e+02  3.907e+02  4.056e+02  4.206e+02  4.359e+02  4.514e+02  4.671e+02  4.830e+02  4.992e+02  5.157e+02  5.324e+02  5.494e+02  5.666e+02  5.842e+02  6.021e+02  6.203e+02  6.388e+02  6.577e+02  6.770e+02  6.966e+02  7.167e+02  7.371e+02  7.580e+02  7.793e+02  8.011e+02  8.234e+02  8.461e+02  8.692e+02  8.929e+02  9.170e+02  9.415e+02  9.666e+02  9.921e+02 	
 9.576e+01  1.157e+02  1.320e+02  1.465e+02  1.600e+02  1.728e+02  1.851e+02  1.971e+02  2.089e+02  2.206e+02  2.322e+02  2.439e+02  2.555e+02  2.673e+02  2.791e+02  2.911e+02  3.032e+02  3.154e+02  3.278e+02  3.404e+02  3.531e+02  3.661e+02  3.792e+02  3.925e+02  4.061e+02  4.198e+02  4.338e+02  4.481e+02  4.626e+02  4.773e+02  4.923e+02  5.076e+02  5.232e+02  5.391e+02  5.554e+02  5.719e+02  5.889e+02  6.062e+02  6.239e+02  6.420e+02  6.604e+02  6.793e+02  6.986e+02  7.184e+02  7.385e+02  7.591e+02  7.802e+02  8.016e+02  8.234e+02  8.457e+02 	
 7.937e+01  9.593e+01  1.095e+02  1.216e+02  1.328e+02  1.435e+02  1.538e+02  1.638e+02  1.737e+02  1.834e+02  1.932e+02  2.029e+02  2.127e+02  2.226e+02  2.325e+02  2.425e+02  2.527e+02  2.630e+02  2.735e+02  2.841e+02  2.948e+02  3.058e+02  3.169e+02  3.282e+02  3.396e+02  3.513e+02  3.632e+02  3.753e+02  3.877e+02  4.002e+02  4.131e+02  4.262e+02  4.395e+02  4.532e+02  4.672e+02  4.814e+02  4.960e+02  5.110e+02  5.262e+02  5.419e+02  5.579e+02  5.742e+02  5.910e+02  6.081e+02  6.256e+02  6.435e+02  6.618e+02  6.804e+02  6.994e+02  7.188e+02 	
 6.715e+01  8.122e+01  9.274e+01  1.030e+02  1.126e+02  1.217e+02  1.305e+02  1.391e+02  1.475e+02  1.559e+02  1.643e+02  1.727e+02  1.811e+02  1.896e+02  1.981e+02  2.068e+02  2.156e+02  2.245e+02  2.335e+02  2.427e+02  2.521e+02  2.616e+02  2.713e+02  2.811e+02  2.911e+02  3.013e+02  3.118e+02  3.224e+02  3.332e+02  3.443e+02  3.556e+02  3.672e+02  3.790e+02  3.911e+02  4.035e+02  4.162e+02  4.292e+02  4.425e+02  4.561e+02  4.700e+02  4.843e+02  4.989e+02  5.139e+02  5.292e+02  5.448e+02  5.608e+02  5.771e+02  5.937e+02  6.107e+02  6.280e+02 	
 5.551e+01  6.720e+01  7.680e+01  8.539e+01  9.339e+01  1.010e+02  1.084e+02  1.156e+02  1.227e+02  1.298e+02  1.368e+02  1.439e+02  1.510e+02  1.582e+02  1.655e+02  1.729e+02  1.803e+02  1.879e+02  1.957e+02  2.035e+02  2.116e+02  2.197e+02  2.280e+02  2.365e+02  2.452e+02  2.540e+02  2.631e+02  2.723e+02  2.818e+02  2.914e+02  3.013e+02  3.114e+02  3.218e+02  3.324e+02  3.433e+02  3.544e+02  3.658e+02  3.775e+02  3.895e+02  4.017e+02  4.143e+02  4.271e+02  4.403e+02  4.537e+02  4.674e+02  4.814e+02  4.957e+02  5.103e+02  5.251e+02  5.401e+02 	
 4.614e+01  5.594e+01  6.400e+01  7.124e+01  7.800e+01  8.445e+01  9.070e+01  9.683e+01  1.029e+02  1.089e+02  1.149e+02  1.210e+02  1.271e+02  1.333e+02  1.396e+02  1.459e+02  1.524e+02  1.590e+02  1.658e+02  1.726e+02  1.796e+02  1.868e+02  1.941e+02  2.015e+02  2.092e+02  2.170e+02  2.249e+02  2.331e+02  2.415e+02  2.501e+02  2.588e+02  2.678e+02  2.771e+02  2.865e+02  2.962e+02  3.061e+02  3.163e+02  3.267e+02  3.373e+02  3.482e+02  3.594e+02  3.707e+02  3.824e+02  3.942e+02  4.063e+02  4.186e+02  4.312e+02  4.439e+02  4.568e+02  4.700e+02 	
 3.882e+01  4.716e+01  5.405e+01  6.026e+01  6.607e+01  7.164e+01  7.706e+01  8.238e+01  8.765e+01  9.291e+01  9.820e+01  1.035e+02  1.089e+02  1.144e+02  1.200e+02  1.256e+02  1.314e+02  1.373e+02  1.433e+02  1.495e+02  1.558e+02  1.622e+02  1.688e+02  1.756e+02  1.825e+02  1.896e+02  1.969e+02  2.043e+02  2.119e+02  2.198e+02  2.278e+02  2.360e+02  2.444e+02  2.530e+02  2.618e+02  2.708e+02  2.800e+02  2.895e+02  2.991e+02  3.089e+02  3.189e+02  3.291e+02  3.395e+02  3.501e+02  3.608e+02  3.718e+02  3.828e+02  3.940e+02  4.054e+02  4.169e+02 	
 3.208e+01  3.909e+01  4.491e+01  5.018e+01  5.514e+01  5.992e+01  6.458e+01  6.917e+01  7.375e+01  7.833e+01  8.295e+01  8.763e+01  9.238e+01  9.721e+01  1.021e+02  1.072e+02  1.123e+02  1.176e+02  1.230e+02  1.285e+02  1.342e+02  1.400e+02  1.459e+02  1.520e+02  1.583e+02  1.647e+02  1.713e+02  1.780e+02  1.849e+02  1.919e+02  1.991e+02  2.065e+02  2.141e+02  2.218e+02  2.296e+02  2.376e+02  2.458e+02  2.541e+02  2.626e+02  2.712e+02  2.800e+02  2.889e+02  2.979e+02  3.070e+02  3.162e+02  3.256e+02  3.350e+02  3.445e+02  3.541e+02  3.637e+02 	
 2.690e+01  3.292e+01  3.796e+01  4.255e+01  4.690e+01  5.111e+01  5.524e+01  5.934e+01  6.344e+01  6.757e+01  7.175e+01  7.599e+01  8.032e+01  8.473e+01  8.925e+01  9.387e+01  9.861e+01  1.035e+02  1.084e+02  1.136e+02  1.188e+02  1.242e+02  1.296e+02  1.353e+02  1.410e+02  1.469e+02  1.530e+02  1.591e+02  1.654e+02  1.718e+02  1.784e+02  1.851e+02  1.918e+02  1.987e+02  2.058e+02  2.129e+02  2.201e+02  2.274e+02  2.349e+02  2.424e+02  2.499e+02  2.576e+02  2.653e+02  2.731e+02  2.810e+02  2.888e+02  2.968e+02  3.047e+02  3.127e+02  3.207e+02 	
 2.257e+01  2.779e+01  3.221e+01  3.627e+01  4.015e+01  4.393e+01  4.767e+01  5.140e+01  5.515e+01  5.894e+01  6.279e+01  6.671e+01  7.072e+01  7.483e+01  7.902e+01  8.333e+01  8.773e+01  9.225e+01  9.687e+01  1.016e+02  1.064e+02  1.114e+02  1.165e+02  1.216e+02  1.269e+02  1.322e+02  1.377e+02  1.433e+02  1.489e+02  1.546e+02  1.604e+02  1.663e+02  1.723e+02  1.783e+02  1.844e+02  1.905e+02  1.967e+02  2.029e+02  2.092e+02  2.155e+02  2.218e+02  2.282e+02  2.346e+02  2.410e+02  2.474e+02  2.538e+02  2.601e+02  2.665e+02  2.729e+02  2.792e+02 	
 1.910e+01  2.371e+01  2.768e+01  3.136e+01  3.490e+01  3.838e+01  4.184e+01  4.531e+01  4.881e+01  5.236e+01  5.597e+01  5.965e+01  6.341e+01  6.725e+01  7.118e+01  7.519e+01  7.928e+01  8.347e+01  8.773e+01  9.207e+01  9.649e+01  1.010e+02  1.056e+02  1.102e+02  1.149e+02  1.196e+02  1.244e+02  1.293e+02  1.342e+02  1.391e+02  1.441e+02  1.491e+02  1.541e+02  1.592e+02  1.643e+02  1.693e+02  1.744e+02  1.795e+02  1.846e+02  1.896e+02  1.947e+02  1.998e+02  2.048e+02  2.098e+02  2.148e+02  2.197e+02  2.246e+02  2.295e+02  2.343e+02  2.391e+02 	
 1.641e+01  2.060e+01  2.426e+01  2.768e+01  3.101e+01  3.429e+01  3.756e+01  4.084e+01  4.415e+01  4.750e+01  5.091e+01  5.436e+01  5.788e+01  6.145e+01  6.508e+01  6.876e+01  7.250e+01  7.628e+01  8.012e+01  8.399e+01  8.791e+01  9.186e+01  9.584e+01  9.984e+01  1.039e+02  1.079e+02  1.120e+02  1.160e+02  1.201e+02  1.242e+02  1.282e+02  1.323e+02  1.363e+02  1.404e+02  1.444e+02  1.484e+02  1.523e+02  1.563e+02  1.602e+02  1.640e+02  1.679e+02  1.717e+02  1.755e+02  1.792e+02  1.829e+02  1.865e+02  1.901e+02  1.936e+02  1.971e+02  2.006e+02 	
 1.438e+01  1.830e+01  2.176e+01  2.501e+01  2.817e+01  3.129e+01  3.438e+01  3.748e+01  4.059e+01  4.371e+01  4.686e+01  5.003e+01  5.323e+01  5.645e+01  5.969e+01  6.295e+01  6.622e+01  6.951e+01  7.280e+01  7.610e+01  7.940e+01  8.270e+01  8.599e+01  8.928e+01  9.255e+01  9.581e+01  9.905e+01  1.023e+02  1.055e+02  1.086e+02  1.118e+02  1.149e+02  1.179e+02  1.210e+02  1.240e+02  1.270e+02  1.299e+02  1.328e+02  1.356e+02  1.384e+02  1.412e+02  1.439e+02  1.466e+02  1.492e+02  1.518e+02  1.543e+02  1.568e+02  1.592e+02  1.616e+02  1.640e+02 	
 1.299e+01  1.675e+01  2.007e+01  2.318e+01  2.619e+01  2.913e+01  3.202e+01  3.489e+01  3.773e+01  4.056e+01  4.337e+01  4.618e+01  4.897e+01  5.175e+01  5.452e+01  5.727e+01  6.000e+01  6.271e+01  6.540e+01  6.807e+01  7.071e+01  7.332e+01  7.591e+01  7.846e+01  8.098e+01  8.346e+01  8.591e+01  8.832e+01  9.070e+01  9.303e+01  9.533e+01  9.759e+01  9.980e+01  1.020e+02  1.041e+02  1.062e+02  1.083e+02  1.103e+02  1.122e+02  1.142e+02  1.160e+02  1.179e+02  1.197e+02  1.214e+02  1.231e+02  1.248e+02  1.265e+02  1.281e+02  1.296e+02  1.311e+02 	
 1.211e+01  1.576e+01  1.895e+01  2.191e+01  2.473e+01  2.743e+01  3.006e+01  3.263e+01  3.514e+01  3.760e+01  4.001e+01  4.238e+01  4.471e+01  4.700e+01  4.925e+01  5.146e+01  5.363e+01  5.576e+01  5.785e+01  5.990e+01  6.191e+01  6.388e+01  6.580e+01  6.769e+01  6.953e+01  7.133e+01  7.310e+01  7.482e+01  7.650e+01  7.814e+01  7.974e+01  8.130e+01  8.282e+01  8.430e+01  8.575e+01  8.716e+01  8.852e+01  8.986e+01  9.116e+01  9.242e+01  9.364e+01  9.484e+01  9.599e+01  9.712e+01  9.821e+01  9.927e+01  1.003e+02  1.013e+02  1.023e+02  1.032e+02 	
 1.157e+01  1.511e+01  1.813e+01  2.088e+01  2.345e+01  2.587e+01  2.818e+01  3.039e+01  3.252e+01  3.458e+01  3.656e+01  3.849e+01  4.035e+01  4.216e+01  4.392e+01  4.562e+01  4.728e+01  4.888e+01  5.044e+01  5.195e+01  5.342e+01  5.484e+01  5.622e+01  5.756e+01  5.886e+01  6.012e+01  6.134e+01  6.252e+01  6.367e+01  6.478e+01  6.586e+01  6.690e+01  6.791e+01  6.888e+01  6.983e+01  7.074e+01  7.162e+01  7.248e+01  7.330e+01  7.410e+01  7.487e+01  7.562e+01  7.634e+01  7.703e+01  7.770e+01  7.835e+01  7.898e+01  7.958e+01  8.016e+01  8.072e+01 	
 1.114e+01  1.449e+01  1.729e+01  1.978e+01  2.204e+01  2.414e+01  2.610e+01  2.795e+01  2.970e+01  3.136e+01  3.294e+01  3.445e+01  3.590e+01  3.728e+01  3.861e+01  3.989e+01  4.111e+01  4.228e+01  4.341e+01  4.450e+01  4.554e+01  4.655e+01  4.751e+01  4.844e+01  4.933e+01  5.019e+01  5.101e+01  5.181e+01  5.257e+01  5.331e+01  5.401e+01  5.469e+01  5.534e+01  5.597e+01  5.657e+01  5.715e+01  5.771e+01  5.824e+01  5.876e+01  5.925e+01  5.972e+01  6.017e+01  6.061e+01  6.103e+01  6.143e+01  6.181e+01  6.218e+01  6.253e+01  6.287e+01  6.319e+01 	
 1.062e+01  1.372e+01  1.624e+01  1.841e+01  2.036e+01  2.212e+01  2.374e+01  2.525e+01  2.665e+01  2.796e+01  2.919e+01  3.036e+01  3.146e+01  3.250e+01  3.348e+01  3.442e+01  3.531e+01  3.616e+01  3.696e+01  3.773e+01  3.846e+01  3.916e+01  3.983e+01  4.046e+01  4.107e+01  4.164e+01  4.219e+01  4.272e+01  4.322e+01  4.370e+01  4.416e+01  4.460e+01  4.501e+01  4.541e+01  4.579e+01  4.615e+01  4.650e+01  4.683e+01  4.714e+01  4.744e+01  4.773e+01  4.800e+01  4.826e+01  4.850e+01  4.874e+01  4.896e+01  4.917e+01  4.937e+01  4.956e+01  4.975e+01 	
 9.840e+00  1.260e+01  1.478e+01  1.662e+01  1.824e+01  1.968e+01  2.099e+01  2.218e+01  2.327e+01  2.428e+01  2.522e+01  2.610e+01  2.692e+01  2.769e+01  2.841e+01  2.909e+01  2.973e+01  3.033e+01  3.090e+01  3.143e+01  3.194e+01  3.242e+01  3.287e+01  3.330e+01  3.371e+01  3.410e+01  3.446e+01  3.481e+01  3.514e+01  3.545e+01  3.574e+01  3.602e+01  3.629e+01  3.654e+01  3.678e+01  3.700e+01  3.721e+01  3.741e+01  3.760e+01  3.778e+01  3.795e+01  3.811e+01  3.827e+01  3.841e+01  3.854e+01  3.867e+01  3.879e+01  3.890e+01  3.900e+01  3.910e+01 	
 8.724e+00  1.107e+01  1.287e+01  1.437e+01  1.566e+01  1.679e+01  1.780e+01  1.871e+01  1.954e+01  2.029e+01  2.099e+01  2.163e+01  2.222e+01  2.278e+01  2.329e+01  2.377e+01  2.421e+01  2.463e+01  2.502e+01  2.539e+01  2.573e+01  2.605e+01  2.636e+01  2.664e+01  2.691e+01  2.716e+01  2.740e+01  2.762e+01  2.783e+01  2.803e+01  2.822e+01  2.839e+01  2.855e+01  2.871e+01  2.885e+01  2.899e+01  2.912e+01  2.924e+01  2.935e+01  2.945e+01  2.955e+01  2.964e+01  2.972e+01  2.980e+01  2.988e+01  2.995e+01  3.001e+01  3.007e+01  3.012e+01  3.017e+01 	
 7.337e+00  9.224e+00  1.065e+01  1.181e+01  1.279e+01  1.364e+01  1.439e+01  1.506e+01  1.566e+01  1.620e+01  1.670e+01  1.715e+01  1.756e+01  1.795e+01  1.830e+01  1.862e+01  1.893e+01  1.921e+01  1.947e+01  1.971e+01  1.994e+01  2.015e+01  2.034e+01  2.053e+01  2.070e+01  2.086e+01  2.101e+01  2.115e+01  2.128e+01  2.140e+01  2.151e+01  2.162e+01  2.171e+01  2.181e+01  2.189e+01  2.197e+01  2.204e+01  2.211e+01  2.217e+01  2.223e+01  2.229e+01  2.233e+01  2.238e+01  2.242e+01  2.246e+01  2.249e+01  2.252e+01  2.255e+01  2.257e+01  2.260e+01 	
 5.883e+00  7.337e+00  8.414e+00  9.278e+00  1.000e+01  1.062e+01  1.116e+01  1.163e+01  1.205e+01  1.243e+01  1.278e+01  1.309e+01  1.337e+01  1.363e+01  1.387e+01  1.408e+01  1.428e+01  1.447e+01  1.464e+01  1.480e+01  1.494e+01  1.508e+01  1.520e+01  1.532e+01  1.543e+01  1.553e+01  1.562e+01  1.571e+01  1.579e+01  1.586e+01  1.593e+01  1.599e+01  1.605e+01  1.610e+01  1.615e+01  1.619e+01  1.624e+01  1.627e+01  1.631e+01  1.634e+01  1.637e+01  1.639e+01  1.641e+01  1.643e+01  1.645e+01  1.647e+01  1.648e+01  1.649e+01  1.650e+01  1.651e+01 	
 4.538e+00  5.621e+00  6.411e+00  7.037e+00  7.554e+00  7.993e+00  8.372e+00  8.703e+00  8.996e+00  9.257e+00  9.491e+00  9.702e+00  9.893e+00  1.007e+01  1.022e+01  1.037e+01  1.050e+01  1.062e+01  1.073e+01  1.083e+01  1.093e+01  1.102e+01  1.110e+01  1.117e+01  1.124e+01  1.130e+01  1.136e+01  1.141e+01  1.146e+01  1.150e+01  1.154e+01  1.158e+01  1.161e+01  1.164e+01  1.167e+01  1.170e+01  1.172e+01  1.174e+01  1.176e+01  1.178e+01  1.179e+01  1.180e+01  1.181e+01  1.182e+01  1.183e+01  1.184e+01  1.184e+01  1.185e+01  1.185e+01  1.185e+01 	
 3.390e+00  4.176e+00  4.742e+00  5.186e+00  5.550e+00  5.856e+00  6.119e+00  6.347e+00  6.547e+00  6.725e+00  6.884e+00  7.026e+00  7.154e+00  7.269e+00  7.374e+00  7.469e+00  7.556e+00  7.635e+00  7.708e+00  7.774e+00  7.834e+00  7.890e+00  7.941e+00  7.987e+00  8.030e+00  8.069e+00  8.105e+00  8.137e+00  8.167e+00  8.194e+00  8.219e+00  8.241e+00  8.261e+00  8.279e+00  8.296e+00  8.310e+00  8.323e+00  8.334e+00  8.344e+00  8.353e+00  8.360e+00  8.366e+00  8.371e+00  8.375e+00  8.378e+00  8.380e+00  8.381e+00  8.382e+00  8.381e+00  8.380e+00 	
 2.469e+00  3.029e+00  3.427e+00  3.738e+00  3.990e+00  4.201e+00  4.381e+00  4.537e+00  4.673e+00  4.793e+00  4.899e+00  4.995e+00  5.080e+00  5.157e+00  5.226e+00  5.289e+00  5.346e+00  5.398e+00  5.445e+00  5.488e+00  5.527e+00  5.563e+00  5.596e+00  5.625e+00  5.652e+00  5.677e+00  5.700e+00  5.720e+00  5.738e+00  5.755e+00  5.770e+00  5.784e+00  5.796e+00  5.806e+00  5.816e+00  5.824e+00  5.832e+00  5.838e+00  5.843e+00  5.848e+00  5.851e+00  5.854e+00  5.856e+00  5.857e+00  5.858e+00  5.858e+00  5.858e+00  5.857e+00  5.856e+00  5.854e+00 	
 1.764e+00  2.156e+00  2.433e+00  2.647e+00  2.820e+00  2.965e+00  3.087e+00  3.193e+00  3.284e+00  3.365e+00  3.437e+00  3.500e+00  3.557e+00  3.608e+00  3.654e+00  3.696e+00  3.733e+00  3.767e+00  3.798e+00  3.826e+00  3.851e+00  3.874e+00  3.895e+00  3.914e+00  3.932e+00  3.947e+00  3.962e+00  3.974e+00  3.986e+00  3.996e+00  4.006e+00  4.014e+00  4.021e+00  4.028e+00  4.033e+00  4.038e+00  4.042e+00  4.046e+00  4.049e+00  4.051e+00  4.053e+00  4.054e+00  4.055e+00  4.055e+00  4.055e+00  4.054e+00  4.053e+00  4.052e+00  4.051e+00  4.049e+00 	
 1.243e+00  1.515e+00  1.706e+00  1.852e+00  1.970e+00  2.068e+00  2.151e+00  2.222e+00  2.284e+00  2.338e+00  2.386e+00  2.428e+00  2.466e+00  2.500e+00  2.530e+00  2.558e+00  2.582e+00  2.605e+00  2.625e+00  2.643e+00  2.660e+00  2.675e+00  2.688e+00  2.701e+00  2.712e+00  2.722e+00  2.731e+00  2.739e+00  2.746e+00  2.753e+00  2.759e+00  2.764e+00  2.768e+00  2.772e+00  2.775e+00  2.778e+00  2.781e+00  2.783e+00  2.784e+00  2.785e+00  2.786e+00  2.786e+00  2.787e+00  2.786e+00  2.786e+00  2.785e+00  2.784e+00  2.783e+00  2.782e+00  2.781e+00 	
 8.694e-01  1.056e+00  1.187e+00  1.287e+00  1.367e+00  1.433e+00  1.489e+00  1.537e+00  1.579e+00  1.615e+00  1.647e+00  1.675e+00  1.700e+00  1.723e+00  1.743e+00  1.761e+00  1.777e+00  1.792e+00  1.805e+00  1.817e+00  1.828e+00  1.838e+00  1.847e+00  1.855e+00  1.862e+00  1.868e+00  1.874e+00  1.879e+00  1.884e+00  1.888e+00  1.892e+00  1.895e+00  1.898e+00  1.900e+00  1.902e+00  1.904e+00  1.905e+00  1.906e+00  1.907e+00  1.908e+00  1.908e+00  1.908e+00  1.908e+00  1.908e+00  1.907e+00  1.907e+00  1.906e+00  1.905e+00  1.904e+00  1.903e+00 	
 6.053e-01  7.337e-01  8.230e-01  8.910e-01  9.454e-01  9.903e-01  1.028e+00  1.060e+00  1.088e+00  1.112e+00  1.134e+00  1.153e+00  1.170e+00  1.185e+00  1.198e+00  1.210e+00  1.221e+00  1.230e+00  1.239e+00  1.247e+00  1.254e+00  1.261e+00  1.266e+00  1.272e+00  1.276e+00  1.280e+00  1.284e+00  1.288e+00  1.291e+00  1.293e+00  1.295e+00  1.297e+00  1.299e+00  1.301e+00  1.302e+00  1.303e+00  1.304e+00  1.304e+00  1.305e+00  1.305e+00  1.305e+00  1.305e+00  1.305e+00  1.305e+00  1.304e+00  1.304e+00  1.303e+00  1.302e+00  1.302e+00  1.301e+00 	
 4.191e-01  5.069e-01  5.676e-01  6.137e-01  6.505e-01  6.807e-01  7.061e-01  7.278e-01  7.465e-01  7.628e-01  7.770e-01  7.896e-01  8.008e-01  8.108e-01  8.196e-01  8.276e-01  8.347e-01  8.412e-01  8.469e-01  8.521e-01  8.568e-01  8.610e-01  8.648e-01  8.682e-01  8.712e-01  8.740e-01  8.764e-01  8.785e-01  8.804e-01  8.821e-01  8.836e-01  8.849e-01  8.859e-01  8.868e-01  8.876e-01  8.882e-01  8.887e-01  8.890e-01  8.892e-01  8.893e-01  8.894e-01  8.893e-01  8.891e-01  8.888e-01  8.885e-01  8.881e-01  8.876e-01  8.871e-01  8.865e-01  8.858e-01 	
 2.893e-01  3.491e-01  3.904e-01  4.216e-01  4.464e-01  4.668e-01  4.839e-01  4.984e-01  5.109e-01  5.218e-01  5.313e-01  5.397e-01  5.471e-01  5.538e-01  5.597e-01  5.649e-01  5.697e-01  5.739e-01  5.777e-01  5.811e-01  5.842e-01  5.870e-01  5.894e-01  5.916e-01  5.936e-01  5.954e-01  5.970e-01  5.984e-01  5.996e-01  6.007e-01  6.016e-01  6.024e-01  6.031e-01  6.036e-01  6.041e-01  6.045e-01  6.047e-01  6.049e-01  6.050e-01  6.051e-01  6.050e-01  6.049e-01  6.048e-01  6.045e-01  6.043e-01  6.040e-01  6.036e-01  6.032e-01  6.028e-01  6.023e-01 	
 1.996e-01  2.405e-01  2.685e-01  2.896e-01  3.064e-01  3.201e-01  3.316e-01  3.413e-01  3.497e-01  3.570e-01  3.634e-01  3.690e-01  3.739e-01  3.783e-01  3.823e-01  3.858e-01  3.889e-01  3.917e-01  3.942e-01  3.965e-01  3.985e-01  4.003e-01  4.019e-01  4.034e-01  4.047e-01  4.058e-01  4.068e-01  4.077e-01  4.085e-01  4.092e-01  4.098e-01  4.103e-01  4.107e-01  4.111e-01  4.114e-01  4.116e-01  4.117e-01  4.118e-01  4.119e-01  4.119e-01  4.118e-01  4.117e-01  4.116e-01  4.114e-01  4.112e-01  4.110e-01  4.107e-01  4.105e-01  4.101e-01  4.098e-01 	
 1.382e-01  1.661e-01  1.852e-01  1.996e-01  2.109e-01  2.202e-01  2.280e-01  2.345e-01  2.402e-01  2.450e-01  2.493e-01  2.531e-01  2.564e-01  2.593e-01  2.619e-01  2.643e-01  2.663e-01  2.682e-01  2.699e-01  2.714e-01  2.727e-01  2.739e-01  2.750e-01  2.759e-01  2.768e-01  2.775e-01  2.782e-01  2.788e-01  2.793e-01  2.797e-01  2.801e-01  2.804e-01  2.807e-01  2.809e-01  2.811e-01  2.812e-01  2.813e-01  2.813e-01  2.814e-01  2.813e-01  2.813e-01  2.812e-01  2.811e-01  2.810e-01  2.808e-01  2.807e-01  2.805e-01  2.803e-01  2.800e-01  2.798e-01 	
 9.616e-02  1.154e-01  1.284e-01  1.382e-01  1.460e-01  1.523e-01  1.575e-01  1.620e-01  1.658e-01  1.691e-01  1.720e-01  1.745e-01  1.767e-01  1.787e-01  1.804e-01  1.820e-01  1.834e-01  1.846e-01  1.857e-01  1.867e-01  1.876e-01  1.884e-01  1.891e-01  1.898e-01  1.903e-01  1.908e-01  1.912e-01  1.916e-01  1.920e-01  1.922e-01  1.925e-01  1.927e-01  1.929e-01  1.930e-01  1.931e-01  1.932e-01  1.932e-01  1.932e-01  1.932e-01  1.932e-01  1.932e-01  1.931e-01  1.930e-01  1.929e-01  1.928e-01  1.927e-01  1.925e-01  1.924e-01  1.922e-01  1.921e-01 	
 7.684e-02  9.199e-02  1.022e-01  1.099e-01  1.159e-01  1.209e-01  1.249e-01  1.284e-01  1.313e-01  1.339e-01  1.361e-01  1.381e-01  1.398e-01  1.413e-01  1.426e-01  1.438e-01  1.449e-01  1.459e-01  1.467e-01  1.475e-01  1.481e-01  1.487e-01  1.493e-01  1.497e-01  1.502e-01  1.505e-01  1.509e-01  1.511e-01  1.514e-01  1.516e-01  1.518e-01  1.519e-01  1.520e-01  1.521e-01  1.522e-01  1.523e-01  1.523e-01  1.523e-01  1.523e-01  1.522e-01  1.522e-01  1.521e-01  1.521e-01  1.520e-01  1.519e-01  1.518e-01  1.517e-01  1.515e-01  1.514e-01  1.513e-01 	
 5.045e-02  6.025e-02  6.686e-02  7.178e-02  7.564e-02  7.878e-02  8.138e-02  8.357e-02  8.545e-02  8.706e-02  8.847e-02  8.970e-02  9.078e-02  9.173e-02  9.258e-02  9.333e-02  9.400e-02  9.459e-02  9.512e-02  9.559e-02  9.601e-02  9.639e-02  9.672e-02  9.701e-02  9.727e-02  9.750e-02  9.770e-02  9.787e-02  9.802e-02  9.814e-02  9.825e-02  9.833e-02  9.840e-02  9.845e-02  9.849e-02  9.851e-02  9.852e-02  9.852e-02  9.850e-02  9.848e-02  9.844e-02  9.840e-02  9.835e-02  9.829e-02  9.822e-02  9.815e-02  9.807e-02  9.798e-02  9.789e-02  9.780e-02 	
 2.952e-02  3.518e-02  3.898e-02  4.180e-02  4.401e-02  4.580e-02  4.729e-02  4.853e-02  4.960e-02  5.051e-02  5.131e-02  5.201e-02  5.262e-02  5.315e-02  5.363e-02  5.405e-02  5.443e-02  5.476e-02  5.506e-02  5.532e-02  5.556e-02  5.576e-02  5.595e-02  5.611e-02  5.625e-02  5.638e-02  5.649e-02  5.658e-02  5.666e-02  5.673e-02  5.678e-02  5.683e-02  5.686e-02  5.689e-02  5.691e-02  5.692e-02  5.692e-02  5.691e-02  5.690e-02  5.688e-02  5.686e-02  5.683e-02  5.680e-02  5.676e-02  5.672e-02  5.668e-02  5.663e-02  5.658e-02  5.652e-02  5.647e-02 	
 2.491e-02  2.962e-02  3.277e-02  3.510e-02  3.692e-02  3.839e-02  3.960e-02  4.062e-02  4.149e-02  4.224e-02  4.289e-02  4.345e-02  4.395e-02  4.439e-02  4.477e-02  4.511e-02  4.542e-02  4.568e-02  4.592e-02  4.613e-02  4.632e-02  4.649e-02  4.663e-02  4.676e-02  4.688e-02  4.698e-02  4.706e-02  4.713e-02  4.720e-02  4.725e-02  4.729e-02  4.732e-02  4.735e-02  4.737e-02  4.738e-02  4.738e-02  4.738e-02  4.737e-02  4.736e-02  4.734e-02  4.732e-02  4.730e-02  4.727e-02  4.723e-02  4.720e-02  4.716e-02  4.712e-02  4.707e-02  4.703e-02  4.698e-02 	
 1.830e-02  2.171e-02  2.397e-02  2.564e-02  2.694e-02  2.799e-02  2.886e-02  2.958e-02  3.020e-02  3.073e-02  3.119e-02  3.158e-02  3.193e-02  3.224e-02  3.251e-02  3.275e-02  3.296e-02  3.315e-02  3.332e-02  3.346e-02  3.359e-02  3.371e-02  3.381e-02  3.390e-02  3.397e-02  3.404e-02  3.410e-02  3.415e-02  3.419e-02  3.422e-02  3.425e-02  3.427e-02  3.429e-02  3.430e-02  3.430e-02  3.430e-02  3.430e-02  3.429e-02  3.428e-02  3.427e-02  3.425e-02  3.423e-02  3.421e-02  3.418e-02  3.415e-02  3.412e-02  3.409e-02  3.406e-02  3.402e-02  3.399e-02 	
 1.352e-02  1.600e-02  1.764e-02  1.884e-02  1.977e-02  2.052e-02  2.114e-02  2.166e-02  2.210e-02  2.247e-02  2.280e-02  2.308e-02  2.333e-02  2.354e-02  2.373e-02  2.390e-02  2.405e-02  2.418e-02  2.430e-02  2.440e-02  2.449e-02  2.457e-02  2.464e-02  2.470e-02  2.475e-02  2.480e-02  2.484e-02  2.487e-02  2.490e-02  2.492e-02  2.494e-02  2.495e-02  2.496e-02  2.497e-02  2.497e-02  2.497e-02  2.496e-02  2.495e-02  2.495e-02  2.493e-02  2.492e-02  2.490e-02  2.488e-02  2.487e-02  2.484e-02  2.482e-02  2.480e-02  2.477e-02  2.475e-02  2.472e-02 	
 1.003e-02  1.183e-02  1.302e-02  1.388e-02  1.456e-02  1.509e-02  1.554e-02  1.591e-02  1.622e-02  1.649e-02  1.672e-02  1.692e-02  1.709e-02  1.725e-02  1.738e-02  1.750e-02  1.760e-02  1.769e-02  1.778e-02  1.785e-02  1.791e-02  1.796e-02  1.801e-02  1.805e-02  1.809e-02  1.812e-02  1.815e-02  1.817e-02  1.819e-02  1.820e-02  1.821e-02  1.822e-02  1.823e-02  1.823e-02  1.823e-02  1.823e-02  1.822e-02  1.822e-02  1.821e-02  1.820e-02  1.819e-02  1.817e-02  1.816e-02  1.814e-02  1.813e-02  1.811e-02  1.809e-02  1.807e-02  1.805e-02  1.803e-02 	
 7.410e-03  8.717e-03  9.572e-03  1.020e-02  1.068e-02  1.106e-02  1.138e-02  1.164e-02  1.186e-02  1.205e-02  1.222e-02  1.236e-02  1.248e-02  1.259e-02  1.268e-02  1.277e-02  1.284e-02  1.290e-02  1.296e-02  1.301e-02  1.305e-02  1.309e-02  1.312e-02  1.315e-02  1.318e-02  1.320e-02  1.321e-02  1.323e-02  1.324e-02  1.325e-02  1.326e-02  1.326e-02  1.326e-02  1.326e-02  1.326e-02  1.326e-02  1.326e-02  1.325e-02  1.325e-02  1.324e-02  1.323e-02  1.322e-02  1.321e-02  1.320e-02  1.318e-02  1.317e-02  1.316e-02  1.314e-02  1.313e-02  1.311e-02 	
