 7.635e+02  9.232e+02  1.053e+03  1.169e+03  1.275e+03  1.376e+03  1.473e+03  1.566e+03  1.657e+03  1.747e+03  1.835e+03  1.923e+03  2.011e+03  2.098e+03  2.185e+03  2.273e+03  2.360e+03  2.448e+03  2.536e+03  2.625e+03  2.713e+03  2.803e+03  2.893e+03  2.983e+03  3.075e+03  3.166e+03  3.259e+03  3.351e+03  3.445e+03  3.539e+03  3.634e+03  3.729e+03  3.826e+03  3.922e+03  4.020e+03  4.118e+03  4.217e+03  4.316e+03  4.416e+03  4.517e+03  4.618e+03  4.720e+03  4.822e+03  4.925e+03  5.028e+03  5.131e+03  5.235e+03  5.339e+03  5.443e+03  5.547e+03 	
 5.228e+02  6.322e+02  7.212e+02  8.003e+02  8.734e+02  9.424e+02  1.009e+03  1.073e+03  1.135e+03  1.197e+03  1.257e+03  1.317e+03  1.377e+03  1.437e+03  1.497e+03  1.557e+03  1.617e+03  1.677e+03  1.737e+03  1.798e+03  1.859e+03  1.921e+03  1.982e+03  2.044e+03  2.107e+03  2.170e+03  2.233e+03  2.297e+03  2.361e+03  2.426e+03  2.491e+03  2.556e+03  2.622e+03  2.689e+03  2.756e+03  2.823e+03  2.891e+03  2.959e+03  3.028e+03  3.097e+03  3.166e+03  3.236e+03  3.307e+03  3.377e+03  3.448e+03  3.519e+03  3.590e+03  3.662e+03  3.733e+03  3.805e+03 	
 3.964e+02  4.794e+02  5.469e+02  6.069e+02  6.624e+02  7.148e+02  7.649e+02  8.135e+02  8.610e+02  9.076e+02  9.537e+02  9.994e+02  1.045e+03  1.090e+03  1.136e+03  1.181e+03  1.227e+03  1.272e+03  1.318e+03  1.364e+03  1.411e+03  1.457e+03  1.504e+03  1.551e+03  1.599e+03  1.647e+03  1.695e+03  1.743e+03  1.792e+03  1.841e+03  1.890e+03  1.940e+03  1.990e+03  2.041e+03  2.092e+03  2.143e+03  2.195e+03  2.247e+03  2.299e+03  2.351e+03  2.404e+03  2.457e+03  2.511e+03  2.565e+03  2.619e+03  2.673e+03  2.727e+03  2.782e+03  2.836e+03  2.891e+03 	
 3.165e+02  3.827e+02  4.367e+02  4.847e+02  5.290e+02  5.708e+02  6.109e+02  6.497e+02  6.876e+02  7.249e+02  7.617e+02  7.983e+02  8.346e+02  8.709e+02  9.072e+02  9.435e+02  9.799e+02  1.016e+03  1.053e+03  1.090e+03  1.127e+03  1.164e+03  1.202e+03  1.240e+03  1.278e+03  1.316e+03  1.354e+03  1.393e+03  1.432e+03  1.471e+03  1.511e+03  1.551e+03  1.591e+03  1.632e+03  1.672e+03  1.713e+03  1.755e+03  1.796e+03  1.838e+03  1.880e+03  1.923e+03  1.965e+03  2.008e+03  2.051e+03  2.095e+03  2.138e+03  2.182e+03  2.225e+03  2.269e+03  2.313e+03 	
 2.532e+02  3.062e+02  3.494e+02  3.878e+02  4.233e+02  4.568e+02  4.889e+02  5.200e+02  5.503e+02  5.802e+02  6.097e+02  6.390e+02  6.681e+02  6.972e+02  7.263e+02  7.554e+02  7.846e+02  8.139e+02  8.433e+02  8.728e+02  9.026e+02  9.324e+02  9.625e+02  9.928e+02  1.023e+03  1.054e+03  1.085e+03  1.116e+03  1.147e+03  1.179e+03  1.211e+03  1.243e+03  1.275e+03  1.307e+03  1.340e+03  1.373e+03  1.406e+03  1.440e+03  1.473e+03  1.507e+03  1.541e+03  1.576e+03  1.610e+03  1.645e+03  1.680e+03  1.715e+03  1.750e+03  1.785e+03  1.820e+03  1.856e+03 	
 2.076e+02  2.511e+02  2.866e+02  3.181e+02  3.472e+02  3.747e+02  4.010e+02  4.266e+02  4.515e+02  4.760e+02  5.003e+02  5.243e+02  5.483e+02  5.722e+02  5.961e+02  6.200e+02  6.440e+02  6.681e+02  6.923e+02  7.166e+02  7.410e+02  7.656e+02  7.903e+02  8.152e+02  8.403e+02  8.655e+02  8.909e+02  9.166e+02  9.423e+02  9.683e+02  9.945e+02  1.021e+03  1.047e+03  1.074e+03  1.101e+03  1.128e+03  1.156e+03  1.183e+03  1.211e+03  1.239e+03  1.267e+03  1.296e+03  1.324e+03  1.353e+03  1.382e+03  1.410e+03  1.439e+03  1.469e+03  1.498e+03  1.527e+03 	
 1.721e+02  2.082e+02  2.376e+02  2.638e+02  2.880e+02  3.108e+02  3.327e+02  3.539e+02  3.746e+02  3.950e+02  4.151e+02  4.351e+02  4.550e+02  4.749e+02  4.948e+02  5.147e+02  5.346e+02  5.547e+02  5.748e+02  5.950e+02  6.154e+02  6.359e+02  6.565e+02  6.772e+02  6.981e+02  7.191e+02  7.403e+02  7.616e+02  7.831e+02  8.048e+02  8.266e+02  8.486e+02  8.708e+02  8.932e+02  9.157e+02  9.384e+02  9.613e+02  9.843e+02  1.008e+03  1.031e+03  1.054e+03  1.078e+03  1.102e+03  1.126e+03  1.150e+03  1.174e+03  1.199e+03  1.223e+03  1.248e+03  1.272e+03 	
 1.426e+02  1.726e+02  1.970e+02  2.187e+02  2.388e+02  2.577e+02  2.759e+02  2.935e+02  3.108e+02  3.277e+02  3.444e+02  3.611e+02  3.776e+02  3.942e+02  4.107e+02  4.273e+02  4.439e+02  4.606e+02  4.773e+02  4.942e+02  5.111e+02  5.282e+02  5.453e+02  5.626e+02  5.800e+02  5.976e+02  6.152e+02  6.331e+02  6.510e+02  6.691e+02  6.873e+02  7.057e+02  7.243e+02  7.430e+02  7.618e+02  7.808e+02  7.999e+02  8.192e+02  8.387e+02  8.583e+02  8.780e+02  8.979e+02  9.179e+02  9.380e+02  9.583e+02  9.787e+02  9.991e+02  1.020e+03  1.040e+03  1.061e+03 	
 1.203e+02  1.456e+02  1.662e+02  1.845e+02  2.015e+02  2.176e+02  2.330e+02  2.479e+02  2.624e+02  2.768e+02  2.910e+02  3.051e+02  3.191e+02  3.331e+02  3.471e+02  3.612e+02  3.753e+02  3.895e+02  4.037e+02  4.180e+02  4.324e+02  4.469e+02  4.615e+02  4.762e+02  4.910e+02  5.059e+02  5.210e+02  5.361e+02  5.514e+02  5.669e+02  5.824e+02  5.981e+02  6.139e+02  6.299e+02  6.460e+02  6.622e+02  6.786e+02  6.951e+02  7.117e+02  7.285e+02  7.454e+02  7.624e+02  7.796e+02  7.969e+02  8.142e+02  8.317e+02  8.493e+02  8.670e+02  8.847e+02  9.025e+02 	
 1.004e+02  1.216e+02  1.389e+02  1.542e+02  1.685e+02  1.819e+02  1.948e+02  2.074e+02  2.196e+02  2.317e+02  2.436e+02  2.554e+02  2.672e+02  2.790e+02  2.908e+02  3.027e+02  3.146e+02  3.265e+02  3.385e+02  3.506e+02  3.627e+02  3.750e+02  3.873e+02  3.997e+02  4.122e+02  4.249e+02  4.376e+02  4.504e+02  4.634e+02  4.765e+02  4.896e+02  5.029e+02  5.164e+02  5.299e+02  5.436e+02  5.574e+02  5.713e+02  5.854e+02  5.996e+02  6.139e+02  6.283e+02  6.428e+02  6.575e+02  6.722e+02  6.871e+02  7.020e+02  7.171e+02  7.322e+02  7.474e+02  7.627e+02 	
 8.325e+01  1.008e+02  1.152e+02  1.280e+02  1.399e+02  1.511e+02  1.618e+02  1.723e+02  1.825e+02  1.926e+02  2.026e+02  2.125e+02  2.224e+02  2.322e+02  2.421e+02  2.521e+02  2.620e+02  2.720e+02  2.821e+02  2.923e+02  3.025e+02  3.128e+02  3.231e+02  3.336e+02  3.442e+02  3.548e+02  3.655e+02  3.764e+02  3.873e+02  3.984e+02  4.095e+02  4.208e+02  4.322e+02  4.436e+02  4.552e+02  4.670e+02  4.788e+02  4.907e+02  5.028e+02  5.149e+02  5.272e+02  5.396e+02  5.521e+02  5.647e+02  5.774e+02  5.901e+02  6.030e+02  6.159e+02  6.290e+02  6.420e+02 	
 7.044e+01  8.538e+01  9.760e+01  1.085e+02  1.186e+02  1.282e+02  1.374e+02  1.463e+02  1.551e+02  1.637e+02  1.722e+02  1.807e+02  1.892e+02  1.977e+02  2.062e+02  2.147e+02  2.233e+02  2.319e+02  2.406e+02  2.494e+02  2.582e+02  2.671e+02  2.760e+02  2.851e+02  2.942e+02  3.035e+02  3.128e+02  3.222e+02  3.317e+02  3.413e+02  3.510e+02  3.608e+02  3.707e+02  3.807e+02  3.909e+02  4.011e+02  4.114e+02  4.219e+02  4.324e+02  4.431e+02  4.539e+02  4.647e+02  4.757e+02  4.868e+02  4.979e+02  5.091e+02  5.205e+02  5.319e+02  5.433e+02  5.549e+02 	
 5.823e+01  7.065e+01  8.083e+01  8.992e+01  9.836e+01  1.064e+02  1.141e+02  1.216e+02  1.289e+02  1.362e+02  1.434e+02  1.505e+02  1.577e+02  1.648e+02  1.720e+02  1.792e+02  1.865e+02  1.938e+02  2.012e+02  2.086e+02  2.161e+02  2.237e+02  2.313e+02  2.391e+02  2.469e+02  2.547e+02  2.627e+02  2.708e+02  2.789e+02  2.872e+02  2.955e+02  3.039e+02  3.125e+02  3.211e+02  3.298e+02  3.387e+02  3.476e+02  3.566e+02  3.657e+02  3.750e+02  3.843e+02  3.937e+02  4.032e+02  4.128e+02  4.225e+02  4.323e+02  4.421e+02  4.520e+02  4.620e+02  4.720e+02 	
 4.841e+01  5.882e+01  6.737e+01  7.503e+01  8.215e+01  8.891e+01  9.544e+01  1.018e+02  1.080e+02  1.142e+02  1.203e+02  1.264e+02  1.326e+02  1.387e+02  1.448e+02  1.510e+02  1.573e+02  1.636e+02  1.699e+02  1.764e+02  1.828e+02  1.894e+02  1.960e+02  2.027e+02  2.095e+02  2.163e+02  2.233e+02  2.303e+02  2.374e+02  2.446e+02  2.518e+02  2.592e+02  2.667e+02  2.742e+02  2.819e+02  2.896e+02  2.975e+02  3.054e+02  3.134e+02  3.215e+02  3.297e+02  3.380e+02  3.464e+02  3.548e+02  3.633e+02  3.719e+02  3.806e+02  3.893e+02  3.981e+02  4.070e+02 	
 4.073e+01  4.960e+01  5.690e+01  6.346e+01  6.958e+01  7.541e+01  8.105e+01  8.656e+01  9.198e+01  9.735e+01  1.027e+02  1.080e+02  1.134e+02  1.188e+02  1.242e+02  1.296e+02  1.351e+02  1.407e+02  1.463e+02  1.520e+02  1.577e+02  1.636e+02  1.695e+02  1.754e+02  1.815e+02  1.876e+02  1.938e+02  2.001e+02  2.064e+02  2.129e+02  2.194e+02  2.260e+02  2.327e+02  2.395e+02  2.464e+02  2.534e+02  2.604e+02  2.675e+02  2.748e+02  2.821e+02  2.894e+02  2.969e+02  3.044e+02  3.120e+02  3.197e+02  3.275e+02  3.353e+02  3.431e+02  3.510e+02  3.590e+02 	
 3.367e+01  4.112e+01  4.729e+01  5.285e+01  5.807e+01  6.305e+01  6.789e+01  7.263e+01  7.731e+01  8.195e+01  8.659e+01  9.124e+01  9.591e+01  1.006e+02  1.054e+02  1.101e+02  1.150e+02  1.199e+02  1.248e+02  1.299e+02  1.349e+02  1.401e+02  1.453e+02  1.506e+02  1.560e+02  1.614e+02  1.669e+02  1.725e+02  1.782e+02  1.840e+02  1.898e+02  1.957e+02  2.017e+02  2.077e+02  2.139e+02  2.201e+02  2.264e+02  2.327e+02  2.391e+02  2.456e+02  2.522e+02  2.588e+02  2.655e+02  2.723e+02  2.791e+02  2.860e+02  2.929e+02  2.998e+02  3.068e+02  3.138e+02 	
 2.825e+01  3.464e+01  3.997e+01  4.482e+01  4.937e+01  5.375e+01  5.802e+01  6.222e+01  6.639e+01  7.054e+01  7.469e+01  7.886e+01  8.307e+01  8.731e+01  9.160e+01  9.593e+01  1.003e+02  1.048e+02  1.093e+02  1.138e+02  1.185e+02  1.232e+02  1.279e+02  1.328e+02  1.377e+02  1.426e+02  1.477e+02  1.528e+02  1.580e+02  1.632e+02  1.685e+02  1.739e+02  1.793e+02  1.848e+02  1.904e+02  1.960e+02  2.017e+02  2.075e+02  2.133e+02  2.192e+02  2.251e+02  2.310e+02  2.370e+02  2.431e+02  2.492e+02  2.553e+02  2.614e+02  2.676e+02  2.738e+02  2.800e+02 	
 2.371e+01  2.925e+01  3.392e+01  3.819e+01  4.224e+01  4.615e+01  4.999e+01  5.378e+01  5.755e+01  6.132e+01  6.511e+01  6.892e+01  7.277e+01  7.666e+01  8.059e+01  8.458e+01  8.861e+01  9.270e+01  9.685e+01  1.011e+02  1.053e+02  1.096e+02  1.140e+02  1.184e+02  1.229e+02  1.275e+02  1.321e+02  1.368e+02  1.415e+02  1.462e+02  1.511e+02  1.559e+02  1.609e+02  1.658e+02  1.708e+02  1.759e+02  1.810e+02  1.861e+02  1.913e+02  1.965e+02  2.018e+02  2.070e+02  2.123e+02  2.176e+02  2.230e+02  2.283e+02  2.337e+02  2.390e+02  2.444e+02  2.497e+02 	
 2.008e+01  2.497e+01  2.915e+01  3.300e+01  3.668e+01  4.025e+01  4.378e+01  4.727e+01  5.075e+01  5.425e+01  5.776e+01  6.131e+01  6.488e+01  6.849e+01  7.215e+01  7.585e+01  7.959e+01  8.338e+01  8.721e+01  9.109e+01  9.501e+01  9.898e+01  1.030e+02  1.070e+02  1.111e+02  1.153e+02  1.195e+02  1.237e+02  1.279e+02  1.322e+02  1.365e+02  1.409e+02  1.452e+02  1.496e+02  1.540e+02  1.585e+02  1.629e+02  1.674e+02  1.719e+02  1.764e+02  1.809e+02  1.854e+02  1.899e+02  1.944e+02  1.989e+02  2.034e+02  2.079e+02  2.123e+02  2.167e+02  2.211e+02 	
 1.726e+01  2.170e+01  2.554e+01  2.911e+01  3.253e+01  3.588e+01  3.918e+01  4.246e+01  4.573e+01  4.902e+01  5.231e+01  5.563e+01  5.897e+01  6.234e+01  6.574e+01  6.917e+01  7.262e+01  7.611e+01  7.962e+01  8.316e+01  8.673e+01  9.032e+01  9.393e+01  9.757e+01  1.012e+02  1.049e+02  1.086e+02  1.123e+02  1.160e+02  1.197e+02  1.235e+02  1.272e+02  1.309e+02  1.347e+02  1.384e+02  1.422e+02  1.459e+02  1.496e+02  1.533e+02  1.570e+02  1.607e+02  1.643e+02  1.680e+02  1.716e+02  1.752e+02  1.787e+02  1.823e+02  1.857e+02  1.892e+02  1.926e+02 	
 1.514e+01  1.928e+01  2.289e+01  2.626e+01  2.950e+01  3.266e+01  3.578e+01  3.887e+01  4.194e+01  4.501e+01  4.808e+01  5.115e+01  5.423e+01  5.732e+01  6.041e+01  6.351e+01  6.662e+01  6.974e+01  7.286e+01  7.598e+01  7.911e+01  8.224e+01  8.537e+01  8.849e+01  9.162e+01  9.473e+01  9.784e+01  1.009e+02  1.040e+02  1.071e+02  1.101e+02  1.132e+02  1.162e+02  1.192e+02  1.222e+02  1.251e+02  1.281e+02  1.310e+02  1.338e+02  1.367e+02  1.395e+02  1.422e+02  1.450e+02  1.477e+02  1.503e+02  1.529e+02  1.555e+02  1.580e+02  1.605e+02  1.630e+02 	
 1.368e+01  1.763e+01  2.109e+01  2.431e+01  2.739e+01  3.038e+01  3.330e+01  3.618e+01  3.902e+01  4.183e+01  4.462e+01  4.739e+01  5.014e+01  5.287e+01  5.559e+01  5.829e+01  6.098e+01  6.365e+01  6.630e+01  6.893e+01  7.154e+01  7.413e+01  7.669e+01  7.924e+01  8.175e+01  8.425e+01  8.671e+01  8.915e+01  9.155e+01  9.393e+01  9.627e+01  9.858e+01  1.009e+02  1.031e+02  1.053e+02  1.075e+02  1.096e+02  1.117e+02  1.138e+02  1.158e+02  1.178e+02  1.197e+02  1.216e+02  1.235e+02  1.253e+02  1.270e+02  1.288e+02  1.305e+02  1.321e+02  1.337e+02 	
 1.276e+01  1.659e+01  1.991e+01  2.297e+01  2.586e+01  2.864e+01  3.132e+01  3.393e+01  3.647e+01  3.896e+01  4.140e+01  4.380e+01  4.616e+01  4.847e+01  5.075e+01  5.299e+01  5.520e+01  5.736e+01  5.949e+01  6.159e+01  6.364e+01  6.566e+01  6.764e+01  6.959e+01  7.149e+01  7.336e+01  7.519e+01  7.699e+01  7.874e+01  8.046e+01  8.214e+01  8.377e+01  8.537e+01  8.694e+01  8.846e+01  8.995e+01  9.139e+01  9.280e+01  9.417e+01  9.550e+01  9.680e+01  9.806e+01  9.928e+01  1.005e+02  1.016e+02  1.027e+02  1.038e+02  1.048e+02  1.058e+02  1.068e+02 	
 1.219e+01  1.589e+01  1.905e+01  2.191e+01  2.456e+01  2.707e+01  2.945e+01  3.173e+01  3.393e+01  3.605e+01  3.810e+01  4.009e+01  4.201e+01  4.389e+01  4.570e+01  4.747e+01  4.919e+01  5.086e+01  5.248e+01  5.406e+01  5.559e+01  5.708e+01  5.853e+01  5.993e+01  6.130e+01  6.262e+01  6.391e+01  6.515e+01  6.636e+01  6.752e+01  6.865e+01  6.975e+01  7.081e+01  7.183e+01  7.282e+01  7.377e+01  7.470e+01  7.558e+01  7.644e+01  7.726e+01  7.806e+01  7.882e+01  7.956e+01  8.026e+01  8.094e+01  8.159e+01  8.221e+01  8.281e+01  8.338e+01  8.393e+01 	
 1.173e+01  1.525e+01  1.818e+01  2.077e+01  2.314e+01  2.532e+01  2.737e+01  2.929e+01  3.112e+01  3.285e+01  3.451e+01  3.609e+01  3.760e+01  3.905e+01  4.044e+01  4.178e+01  4.306e+01  4.430e+01  4.548e+01  4.662e+01  4.771e+01  4.877e+01  4.978e+01  5.075e+01  5.168e+01  5.258e+01  5.344e+01  5.427e+01  5.506e+01  5.582e+01  5.655e+01  5.725e+01  5.791e+01  5.855e+01  5.916e+01  5.975e+01  6.031e+01  6.084e+01  6.135e+01  6.183e+01  6.229e+01  6.273e+01  6.315e+01  6.355e+01  6.392e+01  6.428e+01  6.462e+01  6.494e+01  6.524e+01  6.553e+01 	
 1.118e+01  1.444e+01  1.708e+01  1.936e+01  2.140e+01  2.325e+01  2.495e+01  2.653e+01  2.800e+01  2.937e+01  3.067e+01  3.189e+01  3.304e+01  3.413e+01  3.517e+01  3.615e+01  3.708e+01  3.797e+01  3.881e+01  3.961e+01  4.037e+01  4.109e+01  4.178e+01  4.243e+01  4.305e+01  4.364e+01  4.420e+01  4.474e+01  4.524e+01  4.572e+01  4.618e+01  4.661e+01  4.702e+01  4.740e+01  4.777e+01  4.811e+01  4.844e+01  4.875e+01  4.904e+01  4.931e+01  4.957e+01  4.981e+01  5.003e+01  5.024e+01  5.044e+01  5.062e+01  5.080e+01  5.096e+01  5.111e+01  5.124e+01 	
 1.036e+01  1.326e+01  1.555e+01  1.749e+01  1.919e+01  2.070e+01  2.207e+01  2.332e+01  2.447e+01  2.553e+01  2.651e+01  2.743e+01  2.829e+01  2.909e+01  2.984e+01  3.054e+01  3.120e+01  3.182e+01  3.241e+01  3.296e+01  3.347e+01  3.396e+01  3.442e+01  3.485e+01  3.525e+01  3.564e+01  3.599e+01  3.633e+01  3.665e+01  3.694e+01  3.722e+01  3.748e+01  3.773e+01  3.795e+01  3.817e+01  3.837e+01  3.855e+01  3.872e+01  3.888e+01  3.903e+01  3.916e+01  3.929e+01  3.940e+01  3.951e+01  3.961e+01  3.969e+01  3.977e+01  3.985e+01  3.991e+01  3.997e+01 	
 9.182e+00  1.165e+01  1.354e+01  1.512e+01  1.647e+01  1.766e+01  1.872e+01  1.967e+01  2.053e+01  2.132e+01  2.204e+01  2.271e+01  2.332e+01  2.389e+01  2.442e+01  2.491e+01  2.536e+01  2.578e+01  2.618e+01  2.654e+01  2.688e+01  2.720e+01  2.750e+01  2.777e+01  2.803e+01  2.827e+01  2.849e+01  2.870e+01  2.889e+01  2.907e+01  2.923e+01  2.938e+01  2.952e+01  2.965e+01  2.977e+01  2.988e+01  2.997e+01  3.006e+01  3.015e+01  3.022e+01  3.028e+01  3.034e+01  3.040e+01  3.044e+01  3.048e+01  3.052e+01  3.055e+01  3.057e+01  3.059e+01  3.061e+01 	
 7.721e+00  9.705e+00  1.120e+01  1.242e+01  1.345e+01  1.434e+01  1.512e+01  1.581e+01  1.644e+01  1.700e+01  1.751e+01  1.797e+01  1.839e+01  1.878e+01  1.914e+01  1.947e+01  1.977e+01  2.004e+01  2.030e+01  2.053e+01  2.075e+01  2.095e+01  2.114e+01  2.131e+01  2.146e+01  2.161e+01  2.174e+01  2.186e+01  2.197e+01  2.207e+01  2.217e+01  2.225e+01  2.232e+01  2.239e+01  2.245e+01  2.251e+01  2.256e+01  2.260e+01  2.264e+01  2.267e+01  2.270e+01  2.272e+01  2.274e+01  2.275e+01  2.276e+01  2.277e+01  2.277e+01  2.278e+01  2.277e+01  2.277e+01 	
 6.190e+00  7.718e+00  8.847e+00  9.752e+00  1.051e+01  1.115e+01  1.171e+01  1.220e+01  1.263e+01  1.302e+01  1.337e+01  1.369e+01  1.397e+01  1.423e+01  1.446e+01  1.468e+01  1.487e+01  1.505e+01  1.521e+01  1.536e+01  1.550e+01  1.562e+01  1.573e+01  1.584e+01  1.593e+01  1.602e+01  1.609e+01  1.616e+01  1.623e+01  1.628e+01  1.633e+01  1.638e+01  1.642e+01  1.645e+01  1.648e+01  1.651e+01  1.653e+01  1.655e+01  1.656e+01  1.657e+01  1.658e+01  1.659e+01  1.659e+01  1.659e+01  1.659e+01  1.658e+01  1.658e+01  1.657e+01  1.656e+01  1.655e+01 	
 4.773e+00  5.910e+00  6.738e+00  7.391e+00  7.930e+00  8.384e+00  8.775e+00  9.115e+00  9.414e+00  9.678e+00  9.914e+00  1.012e+01  1.031e+01  1.048e+01  1.064e+01  1.078e+01  1.090e+01  1.102e+01  1.112e+01  1.121e+01  1.130e+01  1.137e+01  1.144e+01  1.151e+01  1.156e+01  1.161e+01  1.166e+01  1.170e+01  1.173e+01  1.176e+01  1.179e+01  1.181e+01  1.183e+01  1.185e+01  1.187e+01  1.188e+01  1.188e+01  1.189e+01  1.189e+01  1.190e+01  1.190e+01  1.189e+01  1.189e+01  1.188e+01  1.188e+01  1.187e+01  1.186e+01  1.185e+01  1.184e+01  1.183e+01 	
 3.564e+00  4.389e+00  4.981e+00  5.444e+00  5.821e+00  6.137e+00  6.406e+00  6.639e+00  6.842e+00  7.021e+00  7.179e+00  7.319e+00  7.444e+00  7.556e+00  7.657e+00  7.747e+00  7.828e+00  7.901e+00  7.966e+00  8.025e+00  8.078e+00  8.125e+00  8.168e+00  8.206e+00  8.239e+00  8.269e+00  8.296e+00  8.319e+00  8.339e+00  8.356e+00  8.371e+00  8.383e+00  8.393e+00  8.400e+00  8.406e+00  8.410e+00  8.413e+00  8.414e+00  8.413e+00  8.411e+00  8.408e+00  8.404e+00  8.398e+00  8.392e+00  8.385e+00  8.377e+00  8.368e+00  8.359e+00  8.350e+00  8.339e+00 	
 2.596e+00  3.182e+00  3.599e+00  3.921e+00  4.182e+00  4.399e+00  4.582e+00  4.740e+00  4.877e+00  4.997e+00  5.102e+00  5.195e+00  5.278e+00  5.352e+00  5.417e+00  5.476e+00  5.528e+00  5.575e+00  5.617e+00  5.654e+00  5.688e+00  5.717e+00  5.744e+00  5.767e+00  5.787e+00  5.805e+00  5.821e+00  5.834e+00  5.846e+00  5.855e+00  5.863e+00  5.869e+00  5.874e+00  5.878e+00  5.880e+00  5.881e+00  5.881e+00  5.879e+00  5.877e+00  5.875e+00  5.871e+00  5.866e+00  5.861e+00  5.856e+00  5.850e+00  5.843e+00  5.836e+00  5.828e+00  5.821e+00  5.812e+00 	
 1.854e+00  2.265e+00  2.553e+00  2.776e+00  2.954e+00  3.102e+00  3.226e+00  3.333e+00  3.425e+00  3.505e+00  3.575e+00  3.637e+00  3.691e+00  3.739e+00  3.782e+00  3.820e+00  3.854e+00  3.885e+00  3.911e+00  3.935e+00  3.956e+00  3.975e+00  3.992e+00  4.006e+00  4.019e+00  4.030e+00  4.039e+00  4.047e+00  4.053e+00  4.059e+00  4.063e+00  4.066e+00  4.068e+00  4.070e+00  4.070e+00  4.070e+00  4.069e+00  4.067e+00  4.065e+00  4.062e+00  4.059e+00  4.055e+00  4.051e+00  4.047e+00  4.042e+00  4.037e+00  4.031e+00  4.025e+00  4.020e+00  4.014e+00 	
 1.307e+00  1.591e+00  1.789e+00  1.941e+00  2.063e+00  2.163e+00  2.246e+00  2.318e+00  2.379e+00  2.433e+00  2.479e+00  2.520e+00  2.556e+00  2.588e+00  2.616e+00  2.641e+00  2.663e+00  2.683e+00  2.700e+00  2.715e+00  2.729e+00  2.741e+00  2.751e+00  2.760e+00  2.768e+00  2.775e+00  2.780e+00  2.785e+00  2.789e+00  2.792e+00  2.794e+00  2.796e+00  2.797e+00  2.797e+00  2.797e+00  2.796e+00  2.795e+00  2.794e+00  2.792e+00  2.789e+00  2.787e+00  2.784e+00  2.781e+00  2.777e+00  2.774e+00  2.770e+00  2.766e+00  2.762e+00  2.757e+00  2.753e+00 	
 9.134e-01  1.109e+00  1.245e+00  1.348e+00  1.430e+00  1.498e+00  1.554e+00  1.602e+00  1.643e+00  1.679e+00  1.710e+00  1.737e+00  1.761e+00  1.782e+00  1.800e+00  1.817e+00  1.831e+00  1.844e+00  1.855e+00  1.865e+00  1.874e+00  1.881e+00  1.888e+00  1.894e+00  1.898e+00  1.903e+00  1.906e+00  1.909e+00  1.911e+00  1.913e+00  1.914e+00  1.915e+00  1.915e+00  1.915e+00  1.915e+00  1.914e+00  1.913e+00  1.912e+00  1.910e+00  1.909e+00  1.907e+00  1.904e+00  1.902e+00  1.899e+00  1.897e+00  1.894e+00  1.891e+00  1.888e+00  1.885e+00  1.882e+00 	
 6.358e-01  7.701e-01  8.628e-01  9.330e-01  9.888e-01  1.034e+00  1.072e+00  1.105e+00  1.132e+00  1.156e+00  1.177e+00  1.195e+00  1.210e+00  1.224e+00  1.236e+00  1.247e+00  1.257e+00  1.265e+00  1.272e+00  1.279e+00  1.284e+00  1.289e+00  1.293e+00  1.297e+00  1.300e+00  1.303e+00  1.305e+00  1.307e+00  1.308e+00  1.309e+00  1.310e+00  1.310e+00  1.310e+00  1.310e+00  1.309e+00  1.309e+00  1.308e+00  1.307e+00  1.306e+00  1.304e+00  1.303e+00  1.301e+00  1.300e+00  1.298e+00  1.296e+00  1.294e+00  1.292e+00  1.290e+00  1.288e+00  1.286e+00 	
 4.401e-01  5.318e-01  5.949e-01  6.424e-01  6.800e-01  7.107e-01  7.362e-01  7.578e-01  7.762e-01  7.920e-01  8.057e-01  8.177e-01  8.281e-01  8.373e-01  8.453e-01  8.524e-01  8.586e-01  8.640e-01  8.688e-01  8.730e-01  8.766e-01  8.798e-01  8.825e-01  8.848e-01  8.868e-01  8.884e-01  8.897e-01  8.908e-01  8.916e-01  8.921e-01  8.925e-01  8.926e-01  8.926e-01  8.924e-01  8.920e-01  8.915e-01  8.909e-01  8.901e-01  8.893e-01  8.883e-01  8.872e-01  8.861e-01  8.849e-01  8.836e-01  8.822e-01  8.808e-01  8.794e-01  8.779e-01  8.764e-01  8.749e-01 	
 3.038e-01  3.663e-01  4.090e-01  4.412e-01  4.665e-01  4.871e-01  5.042e-01  5.187e-01  5.309e-01  5.415e-01  5.506e-01  5.585e-01  5.654e-01  5.715e-01  5.768e-01  5.814e-01  5.855e-01  5.891e-01  5.922e-01  5.949e-01  5.973e-01  5.993e-01  6.011e-01  6.026e-01  6.038e-01  6.048e-01  6.056e-01  6.063e-01  6.067e-01  6.071e-01  6.072e-01  6.073e-01  6.072e-01  6.070e-01  6.067e-01  6.063e-01  6.058e-01  6.053e-01  6.046e-01  6.039e-01  6.032e-01  6.024e-01  6.015e-01  6.006e-01  5.996e-01  5.987e-01  5.977e-01  5.966e-01  5.956e-01  5.945e-01 	
 2.096e-01  2.522e-01  2.812e-01  3.030e-01  3.201e-01  3.339e-01  3.454e-01  3.550e-01  3.632e-01  3.703e-01  3.764e-01  3.816e-01  3.862e-01  3.902e-01  3.937e-01  3.968e-01  3.995e-01  4.018e-01  4.038e-01  4.056e-01  4.071e-01  4.085e-01  4.096e-01  4.105e-01  4.113e-01  4.120e-01  4.125e-01  4.129e-01  4.131e-01  4.133e-01  4.134e-01  4.134e-01  4.133e-01  4.131e-01  4.129e-01  4.126e-01  4.122e-01  4.118e-01  4.114e-01  4.109e-01  4.103e-01  4.098e-01  4.092e-01  4.085e-01  4.079e-01  4.072e-01  4.065e-01  4.058e-01  4.050e-01  4.043e-01 	
 1.451e-01  1.742e-01  1.939e-01  2.087e-01  2.202e-01  2.296e-01  2.373e-01  2.438e-01  2.493e-01  2.540e-01  2.581e-01  2.616e-01  2.646e-01  2.673e-01  2.696e-01  2.716e-01  2.734e-01  2.750e-01  2.763e-01  2.775e-01  2.785e-01  2.793e-01  2.800e-01  2.806e-01  2.811e-01  2.815e-01  2.819e-01  2.821e-01  2.823e-01  2.823e-01  2.824e-01  2.823e-01  2.823e-01  2.821e-01  2.819e-01  2.817e-01  2.815e-01  2.812e-01  2.808e-01  2.805e-01  2.801e-01  2.797e-01  2.793e-01  2.788e-01  2.784e-01  2.779e-01  2.774e-01  2.769e-01  2.764e-01  2.759e-01 	
 1.009e-01  1.209e-01  1.344e-01  1.445e-01  1.524e-01  1.587e-01  1.639e-01  1.683e-01  1.720e-01  1.752e-01  1.779e-01  1.802e-01  1.823e-01  1.841e-01  1.856e-01  1.870e-01  1.881e-01  1.892e-01  1.900e-01  1.908e-01  1.915e-01  1.920e-01  1.925e-01  1.929e-01  1.932e-01  1.935e-01  1.936e-01  1.938e-01  1.939e-01  1.939e-01  1.939e-01  1.939e-01  1.938e-01  1.937e-01  1.936e-01  1.934e-01  1.932e-01  1.930e-01  1.928e-01  1.925e-01  1.922e-01  1.920e-01  1.917e-01  1.913e-01  1.910e-01  1.907e-01  1.903e-01  1.900e-01  1.896e-01  1.893e-01 	
 8.063e-02  9.640e-02  1.070e-01  1.148e-01  1.210e-01  1.259e-01  1.299e-01  1.333e-01  1.362e-01  1.386e-01  1.407e-01  1.425e-01  1.441e-01  1.455e-01  1.466e-01  1.477e-01  1.486e-01  1.493e-01  1.500e-01  1.506e-01  1.511e-01  1.515e-01  1.518e-01  1.521e-01  1.523e-01  1.525e-01  1.527e-01  1.527e-01  1.528e-01  1.528e-01  1.528e-01  1.528e-01  1.527e-01  1.526e-01  1.525e-01  1.523e-01  1.522e-01  1.520e-01  1.518e-01  1.516e-01  1.514e-01  1.512e-01  1.509e-01  1.507e-01  1.504e-01  1.501e-01  1.499e-01  1.496e-01  1.493e-01  1.490e-01 	
 5.293e-02  6.312e-02  6.994e-02  7.497e-02  7.888e-02  8.202e-02  8.459e-02  8.674e-02  8.855e-02  9.008e-02  9.140e-02  9.254e-02  9.352e-02  9.437e-02  9.510e-02  9.574e-02  9.629e-02  9.677e-02  9.718e-02  9.754e-02  9.784e-02  9.809e-02  9.830e-02  9.847e-02  9.861e-02  9.871e-02  9.879e-02  9.884e-02  9.886e-02  9.886e-02  9.885e-02  9.881e-02  9.876e-02  9.869e-02  9.860e-02  9.851e-02  9.840e-02  9.828e-02  9.815e-02  9.801e-02  9.786e-02  9.771e-02  9.754e-02  9.738e-02  9.720e-02  9.703e-02  9.685e-02  9.666e-02  9.648e-02  9.629e-02 	
 3.096e-02  3.685e-02  4.076e-02  4.364e-02  4.588e-02  4.766e-02  4.913e-02  5.034e-02  5.137e-02  5.224e-02  5.298e-02  5.362e-02  5.417e-02  5.465e-02  5.506e-02  5.541e-02  5.572e-02  5.599e-02  5.622e-02  5.641e-02  5.657e-02  5.671e-02  5.683e-02  5.692e-02  5.699e-02  5.704e-02  5.708e-02  5.711e-02  5.711e-02  5.711e-02  5.710e-02  5.707e-02  5.704e-02  5.699e-02  5.694e-02  5.688e-02  5.682e-02  5.674e-02  5.667e-02  5.658e-02  5.649e-02  5.640e-02  5.631e-02  5.621e-02  5.611e-02  5.600e-02  5.590e-02  5.579e-02  5.568e-02  5.557e-02 	
 2.612e-02  3.101e-02  3.425e-02  3.663e-02  3.846e-02  3.993e-02  4.112e-02  4.211e-02  4.295e-02  4.365e-02  4.426e-02  4.477e-02  4.522e-02  4.560e-02  4.593e-02  4.622e-02  4.647e-02  4.668e-02  4.686e-02  4.701e-02  4.714e-02  4.725e-02  4.734e-02  4.741e-02  4.746e-02  4.750e-02  4.753e-02  4.754e-02  4.754e-02  4.754e-02  4.752e-02  4.750e-02  4.746e-02  4.743e-02  4.738e-02  4.733e-02  4.727e-02  4.721e-02  4.714e-02  4.707e-02  4.699e-02  4.691e-02  4.683e-02  4.675e-02  4.666e-02  4.658e-02  4.649e-02  4.640e-02  4.630e-02  4.621e-02 	
 1.919e-02  2.272e-02  2.505e-02  2.675e-02  2.806e-02  2.910e-02  2.995e-02  3.065e-02  3.124e-02  3.173e-02  3.216e-02  3.252e-02  3.283e-02  3.310e-02  3.333e-02  3.353e-02  3.370e-02  3.384e-02  3.397e-02  3.407e-02  3.416e-02  3.423e-02  3.429e-02  3.434e-02  3.437e-02  3.440e-02  3.441e-02  3.442e-02  3.442e-02  3.441e-02  3.440e-02  3.438e-02  3.435e-02  3.432e-02  3.428e-02  3.424e-02  3.420e-02  3.415e-02  3.410e-02  3.405e-02  3.399e-02  3.393e-02  3.387e-02  3.381e-02  3.375e-02  3.368e-02  3.362e-02  3.355e-02  3.348e-02  3.342e-02 	
 1.417e-02  1.674e-02  1.842e-02  1.964e-02  2.058e-02  2.132e-02  2.193e-02  2.242e-02  2.284e-02  2.319e-02  2.349e-02  2.375e-02  2.397e-02  2.415e-02  2.431e-02  2.445e-02  2.457e-02  2.467e-02  2.476e-02  2.483e-02  2.489e-02  2.493e-02  2.497e-02  2.500e-02  2.503e-02  2.504e-02  2.505e-02  2.505e-02  2.505e-02  2.504e-02  2.503e-02  2.501e-02  2.499e-02  2.496e-02  2.494e-02  2.491e-02  2.487e-02  2.484e-02  2.480e-02  2.476e-02  2.472e-02  2.467e-02  2.463e-02  2.458e-02  2.454e-02  2.449e-02  2.444e-02  2.439e-02  2.434e-02  2.429e-02 	
 1.051e-02  1.237e-02  1.359e-02  1.447e-02  1.514e-02  1.567e-02  1.610e-02  1.646e-02  1.675e-02  1.700e-02  1.721e-02  1.739e-02  1.755e-02  1.768e-02  1.779e-02  1.789e-02  1.797e-02  1.804e-02  1.810e-02  1.815e-02  1.819e-02  1.822e-02  1.824e-02  1.826e-02  1.828e-02  1.829e-02  1.829e-02  1.829e-02  1.829e-02  1.828e-02  1.827e-02  1.825e-02  1.824e-02  1.822e-02  1.820e-02  1.817e-02  1.815e-02  1.812e-02  1.809e-02  1.806e-02  1.803e-02  1.800e-02  1.796e-02  1.793e-02  1.789e-02  1.786e-02  1.782e-02  1.779e-02  1.775e-02  1.771e-02 	
 7.761e-03  9.113e-03  9.988e-03  1.062e-02  1.110e-02  1.148e-02  1.178e-02  1.204e-02  1.224e-02  1.242e-02  1.257e-02  1.269e-02  1.280e-02  1.289e-02  1.297e-02  1.304e-02  1.310e-02  1.314e-02  1.318e-02  1.322e-02  1.324e-02  1.326e-02  1.328e-02  1.329e-02  1.330e-02  1.331e-02  1.331e-02  1.331e-02  1.330e-02  1.330e-02  1.329e-02  1.328e-02  1.326e-02  1.325e-02  1.323e-02  1.321e-02  1.319e-02  1.317e-02  1.315e-02  1.313e-02  1.311e-02  1.308e-02  1.306e-02  1.303e-02  1.301e-02  1.298e-02  1.295e-02  1.293e-02  1.290e-02  1.287e-02 	
