 1.639e+04  1.452e+04  1.233e+04  9.930e+03  7.574e+03  5.525e+03  3.964e+03  2.615e+03  1.718e+03  1.109e+03  6.977e+02  3.587e+02  2.639e+02  1.572e+02  9.623e+01  6.197e+01  4.181e+01  3.029e+01  2.340e+01  1.927e+01  1.655e+01  1.601e+01  1.889e+01  2.122e+01  2.397e+01  6.081e+01  3.412e+02  9.224e+02  6.382e+02  3.145e+02  1.693e+02  1.305e+02  2.055e+02  9.829e+01  2.099e+02  1.546e+03  1.568e+03  1.006e+03  7.046e+02  5.186e+02  4.238e+02  3.607e+02  3.525e+02  4.355e+02  5.087e+02  5.395e+02  5.378e+02  5.235e+02  4.734e+02  3.963e+02 	
 1.928e+04  1.681e+04  1.388e+04  1.071e+04  7.765e+03  5.391e+03  3.709e+03  2.337e+03  1.489e+03  9.430e+02  5.880e+02  3.066e+02  2.240e+02  1.330e+02  8.220e+01  5.403e+01  3.673e+01  2.660e+01  2.027e+01  1.632e+01  1.333e+01  1.213e+01  1.427e+01  1.519e+01  1.428e+01  3.840e+01  2.852e+02  8.256e+02  4.874e+02  2.191e+02  1.133e+02  8.299e+01  1.654e+02  6.132e+01  1.352e+02  1.249e+03  1.139e+03  7.102e+02  4.957e+02  3.636e+02  2.994e+02  2.553e+02  2.498e+02  3.127e+02  3.665e+02  3.888e+02  3.863e+02  3.761e+02  3.422e+02  2.896e+02 	
 1.697e+04  1.446e+04  1.172e+04  8.983e+03  6.544e+03  4.592e+03  3.194e+03  2.041e+03  1.323e+03  8.542e+02  5.439e+02  2.942e+02  2.205e+02  1.372e+02  8.825e+01  5.944e+01  4.091e+01  2.924e+01  2.162e+01  1.667e+01  1.306e+01  1.113e+01  1.185e+01  1.202e+01  1.105e+01  2.795e+01  1.989e+02  5.680e+02  3.403e+02  1.544e+02  8.028e+01  5.887e+01  1.164e+02  4.358e+01  9.588e+01  8.757e+02  8.018e+02  5.015e+02  3.504e+02  2.575e+02  2.126e+02  1.819e+02  1.785e+02  2.242e+02  2.627e+02  2.782e+02  2.750e+02  2.667e+02  2.441e+02  2.094e+02 	
 1.578e+04  1.350e+04  1.101e+04  8.491e+03  6.253e+03  4.436e+03  3.111e+03  2.004e+03  1.314e+03  8.601e+02  5.548e+02  3.077e+02  2.341e+02  1.497e+02  9.835e+01  6.714e+01  4.649e+01  3.302e+01  2.402e+01  1.808e+01  1.379e+01  1.121e+01  1.105e+01  1.068e+01  9.467e+00  2.255e+01  1.576e+02  4.470e+02  2.673e+02  1.210e+02  6.299e+01  4.612e+01  9.128e+01  3.412e+01  7.496e+01  6.828e+02  6.254e+02  3.914e+02  2.733e+02  2.004e+02  1.648e+02  1.405e+02  1.374e+02  1.723e+02  2.021e+02  2.145e+02  2.131e+02  2.075e+02  1.890e+02  1.608e+02 	
 1.487e+04  1.281e+04  1.053e+04  8.187e+03  6.127e+03  4.409e+03  3.124e+03  2.031e+03  1.350e+03  8.968e+02  5.857e+02  3.324e+02  2.560e+02  1.673e+02  1.117e+02  7.706e+01  5.360e+01  3.789e+01  2.724e+01  2.013e+01  1.504e+01  1.176e+01  1.078e+01  9.916e+00  8.453e+00  1.865e+01  1.269e+02  3.561e+02  2.129e+02  9.628e+01  5.020e+01  3.672e+01  7.279e+01  2.718e+01  5.968e+01  5.432e+02  4.969e+02  3.110e+02  2.172e+02  1.593e+02  1.311e+02  1.118e+02  1.093e+02  1.369e+02  1.605e+02  1.703e+02  1.692e+02  1.646e+02  1.499e+02  1.273e+02 	
 1.414e+04  1.231e+04  1.023e+04  8.036e+03  6.155e+03  4.507e+03  3.229e+03  2.124e+03  1.433e+03  9.659e+02  6.384e+02  3.695e+02  2.876e+02  1.913e+02  1.292e+02  8.979e+01  6.268e+01  4.415e+01  3.148e+01  2.296e+01  1.689e+01  1.281e+01  1.102e+01  9.646e+00  7.906e+00  1.585e+01  1.037e+02  2.875e+02  1.718e+02  7.757e+01  4.054e+01  2.963e+01  5.874e+01  2.193e+01  4.809e+01  4.374e+02  3.997e+02  2.502e+02  1.748e+02  1.283e+02  1.057e+02  9.019e+01  8.824e+01  1.105e+02  1.295e+02  1.373e+02  1.363e+02  1.325e+02  1.208e+02  1.026e+02 	
 1.369e+04  1.211e+04  1.024e+04  8.182e+03  6.459e+03  4.832e+03  3.505e+03  2.344e+03  1.608e+03  1.099e+03  7.362e+02  4.331e+02  3.404e+02  2.297e+02  1.567e+02  1.095e+02  7.666e+01  5.385e+01  3.818e+01  2.757e+01  2.004e+01  1.484e+01  1.209e+01  1.009e+01  7.979e+00  1.417e+01  8.737e+01  2.396e+02  1.431e+02  6.457e+01  3.379e+01  2.466e+01  4.875e+01  1.822e+01  3.982e+01  3.619e+02  3.309e+02  2.073e+02  1.447e+02  1.060e+02  8.720e+01  7.429e+01  7.262e+01  9.094e+01  1.066e+02  1.131e+02  1.125e+02  1.097e+02  9.965e+01  8.438e+01 	
 1.307e+04  1.170e+04  1.007e+04  8.300e+03  6.751e+03  5.191e+03  3.837e+03  2.628e+03  1.832e+03  1.271e+03  8.672e+02  5.171e+02  4.105e+02  2.806e+02  1.933e+02  1.356e+02  9.531e+01  6.682e+01  4.720e+01  3.384e+01  2.437e+01  1.774e+01  1.380e+01  1.103e+01  8.458e+00  1.297e+01  7.279e+01  1.985e+02  1.187e+02  5.372e+01  2.815e+01  2.053e+01  4.035e+01  1.512e+01  3.290e+01  2.985e+02  2.730e+02  1.709e+02  1.194e+02  8.751e+01  7.202e+01  6.140e+01  6.004e+01  7.519e+01  8.812e+01  9.346e+01  9.284e+01  9.036e+01  8.225e+01  6.974e+01 	
 1.225e+04  1.109e+04  9.740e+03  8.311e+03  6.956e+03  5.516e+03  4.189e+03  2.952e+03  2.098e+03  1.480e+03  1.028e+03  6.224e+02  4.990e+02  3.453e+02  2.401e+02  1.692e+02  1.194e+02  8.374e+01  5.904e+01  4.214e+01  3.017e+01  2.170e+01  1.631e+01  1.259e+01  9.415e+00  1.239e+01  6.133e+01  1.662e+02  9.954e+01  4.530e+01  2.377e+01  1.732e+01  3.370e+01  1.270e+01  2.741e+01  2.482e+02  2.271e+02  1.421e+02  9.923e+01  7.281e+01  5.995e+01  5.113e+01  5.000e+01  6.261e+01  7.336e+01  7.777e+01  7.718e+01  7.504e+01  6.838e+01  5.803e+01 	
 1.127e+04  1.040e+04  9.386e+03  8.294e+03  7.169e+03  5.892e+03  4.630e+03  3.377e+03  2.458e+03  1.769e+03  1.254e+03  7.741e+02  6.267e+02  4.396e+02  3.091e+02  2.192e+02  1.556e+02  1.093e+02  7.708e+01  5.489e+01  3.916e+01  2.791e+01  2.045e+01  1.535e+01  1.123e+01  1.270e+01  5.329e+01  1.420e+02  8.527e+01  3.906e+01  2.055e+01  1.494e+01  2.860e+01  1.086e+01  2.317e+01  2.091e+02  1.917e+02  1.199e+02  8.367e+01  6.128e+01  5.035e+01  4.287e+01  4.187e+01  5.240e+01  6.142e+01  6.518e+01  6.483e+01  6.318e+01  5.741e+01  4.854e+01 	
 9.774e+03  9.167e+03  8.478e+03  7.736e+03  6.918e+03  5.912e+03  4.834e+03  3.677e+03  2.763e+03  2.041e+03  1.481e+03  9.371e+02  7.671e+02  5.467e+02  3.895e+02  2.791e+02  1.996e+02  1.410e+02  9.975e+01  7.109e+01  5.068e+01  3.593e+01  2.586e+01  1.902e+01  1.368e+01  1.348e+01  4.623e+01  1.193e+02  7.194e+01  3.326e+01  1.760e+01  1.277e+01  2.389e+01  9.188e+00  1.924e+01  1.728e+02  1.586e+02  9.914e+01  6.918e+01  5.071e+01  4.171e+01  3.554e+01  3.474e+01  4.349e+01  5.094e+01  5.401e+01  5.362e+01  5.217e+01  4.749e+01  4.028e+01 	
 8.147e+03  7.780e+03  7.375e+03  6.937e+03  6.413e+03  5.693e+03  4.850e+03  3.862e+03  3.011e+03  2.296e+03  1.713e+03  1.116e+03  9.243e+02  6.706e+02  4.851e+02  3.520e+02  2.547e+02  1.814e+02  1.291e+02  9.240e+01  6.603e+01  4.675e+01  3.332e+01  2.420e+01  1.719e+01  1.520e+01  4.169e+01  1.024e+02  6.207e+01  2.905e+01  1.552e+01  1.121e+01  2.032e+01  7.945e+00  1.619e+01  1.442e+02  1.325e+02  8.277e+01  5.774e+01  4.230e+01  3.477e+01  2.961e+01  2.892e+01  3.618e+01  4.238e+01  4.493e+01  4.461e+01  4.341e+01  3.951e+01  3.349e+01 	
 6.456e+03  6.275e+03  6.088e+03  5.894e+03  5.629e+03  5.188e+03  4.615e+03  3.863e+03  3.145e+03  2.498e+03  1.932e+03  1.310e+03  1.101e+03  8.166e+02  6.016e+02  4.438e+02  3.259e+02  2.350e+02  1.690e+02  1.220e+02  8.770e+01  6.226e+01  4.419e+01  3.188e+01  2.246e+01  1.824e+01  3.918e+01  8.942e+01  5.461e+01  2.603e+01  1.411e+01  1.012e+01  1.752e+01  7.020e+00  1.371e+01  1.205e+02  1.108e+02  6.920e+01  4.824e+01  3.531e+01  2.898e+01  2.465e+01  2.405e+01  3.007e+01  3.521e+01  3.734e+01  3.710e+01  3.611e+01  3.284e+01  2.780e+01 	
 4.816e+03  4.740e+03  4.681e+03  4.641e+03  4.555e+03  4.338e+03  4.019e+03  3.526e+03  3.001e+03  2.498e+03  2.008e+03  1.431e+03  1.226e+03  9.351e+02  7.045e+02  5.304e+02  3.969e+02  2.905e+02  2.119e+02  1.549e+02  1.126e+02  8.053e+01  5.727e+01  4.132e+01  2.903e+01  2.227e+01  3.774e+01  7.838e+01  4.842e+01  2.368e+01  1.311e+01  9.317e+00  1.515e+01  6.286e+00  1.155e+01  9.934e+01  9.149e+01  5.713e+01  3.982e+01  2.914e+01  2.392e+01  2.034e+01  1.985e+01  2.480e+01  2.903e+01  3.074e+01  3.049e+01  2.965e+01  2.699e+01  2.290e+01 	
 3.465e+03  3.451e+03  3.464e+03  3.511e+03  3.529e+03  3.459e+03  3.341e+03  3.060e+03  2.723e+03  2.385e+03  1.991e+03  1.508e+03  1.321e+03  1.040e+03  8.072e+02  6.241e+02  4.777e+02  3.560e+02  2.643e+02  1.964e+02  1.447e+02  1.049e+02  7.511e+01  5.450e+01  3.841e+01  2.846e+01  3.884e+01  7.205e+01  4.523e+01  2.290e+01  1.302e+01  9.152e+00  1.368e+01  5.952e+00  1.000e+01  8.319e+01  7.677e+01  4.794e+01  3.338e+01  2.437e+01  1.994e+01  1.692e+01  1.646e+01  2.054e+01  2.403e+01  2.546e+01  2.529e+01  2.462e+01  2.237e+01  1.892e+01 	
 2.373e+03  2.373e+03  2.400e+03  2.471e+03  2.524e+03  2.524e+03  2.540e+03  2.412e+03  2.247e+03  2.076e+03  1.785e+03  1.457e+03  1.303e+03  1.060e+03  8.585e+02  6.853e+02  5.397e+02  4.125e+02  3.135e+02  2.376e+02  1.782e+02  1.314e+02  9.524e+01  6.992e+01  4.972e+01  3.622e+01  4.115e+01  6.749e+01  4.335e+01  2.297e+01  1.350e+01  9.383e+00  1.263e+01  5.855e+00  8.720e+00  6.880e+01  6.366e+01  3.973e+01  2.765e+01  2.017e+01  1.649e+01  1.397e+01  1.357e+01  1.690e+01  1.974e+01  2.089e+01  2.071e+01  2.012e+01  1.831e+01  1.551e+01 	
 1.593e+03  1.597e+03  1.620e+03  1.686e+03  1.738e+03  1.751e+03  1.833e+03  1.786e+03  1.735e+03  1.693e+03  1.486e+03  1.317e+03  1.193e+03  1.004e+03  8.567e+02  7.029e+02  5.729e+02  4.536e+02  3.542e+02  2.753e+02  2.111e+02  1.590e+02  1.171e+02  8.734e+01  6.297e+01  4.571e+01  4.521e+01  6.589e+01  4.362e+01  2.436e+01  1.483e+01  1.022e+01  1.224e+01  6.118e+00  7.849e+00  5.725e+01  5.325e+01  3.325e+01  2.312e+01  1.682e+01  1.369e+01  1.156e+01  1.118e+01  1.388e+01  1.619e+01  1.711e+01  1.696e+01  1.649e+01  1.498e+01  1.268e+01 	
 1.059e+03  1.062e+03  1.075e+03  1.122e+03  1.160e+03  1.164e+03  1.256e+03  1.243e+03  1.250e+03  1.288e+03  1.147e+03  1.109e+03  1.010e+03  8.822e+02  7.971e+02  6.670e+02  5.670e+02  4.683e+02  3.754e+02  3.018e+02  2.383e+02  1.841e+02  1.385e+02  1.054e+02  7.738e+01  5.649e+01  5.066e+01  6.647e+01  4.570e+01  2.704e+01  1.708e+01  1.172e+01  1.252e+01  6.783e+00  7.356e+00  4.786e+01  4.488e+01  2.806e+01  1.949e+01  1.413e+01  1.144e+01  9.601e+00  9.239e+00  1.140e+01  1.327e+01  1.400e+01  1.387e+01  1.348e+01  1.223e+01  1.033e+01 	
 7.018e+02  7.037e+02  7.119e+02  7.371e+02  7.591e+02  7.658e+02  8.231e+02  8.300e+02  8.525e+02  9.028e+02  8.301e+02  8.516e+02  7.870e+02  7.153e+02  6.799e+02  5.794e+02  5.157e+02  4.442e+02  3.648e+02  3.062e+02  2.496e+02  1.983e+02  1.539e+02  1.201e+02  9.017e+01  6.668e+01  5.629e+01  6.750e+01  4.858e+01  3.051e+01  1.999e+01  1.376e+01  1.333e+01  7.813e+00  7.172e+00  3.999e+01  3.801e+01  2.382e+01  1.654e+01  1.195e+01  9.608e+00  8.010e+00  7.644e+00  9.358e+00  1.084e+01  1.140e+01  1.126e+01  1.091e+01  9.909e+00  8.376e+00 	
 4.687e+02  4.706e+02  4.762e+02  4.879e+02  4.992e+02  5.084e+02  5.356e+02  5.489e+02  5.695e+02  6.030e+02  5.810e+02  6.117e+02  5.808e+02  5.480e+02  5.402e+02  4.732e+02  4.394e+02  3.927e+02  3.309e+02  2.910e+02  2.440e+02  1.996e+02  1.612e+02  1.290e+02  9.972e+01  7.536e+01  6.159e+01  6.869e+01  5.198e+01  3.459e+01  2.349e+01  1.634e+01  1.471e+01  9.244e+00  7.336e+00  3.381e+01  3.283e+01  2.071e+01  1.440e+01  1.035e+01  8.228e+00  6.783e+00  6.388e+00  7.719e+00  8.882e+00  9.301e+00  9.174e+00  8.882e+00  8.042e+00  6.784e+00 	
 3.138e+02  3.150e+02  3.180e+02  3.236e+02  3.297e+02  3.365e+02  3.492e+02  3.593e+02  3.733e+02  3.927e+02  3.911e+02  4.160e+02  4.049e+02  3.943e+02  3.986e+02  3.608e+02  3.472e+02  3.207e+02  2.779e+02  2.557e+02  2.199e+02  1.857e+02  1.568e+02  1.284e+02  1.028e+02  7.998e+01  6.444e+01  6.818e+01  5.426e+01  3.820e+01  2.693e+01  1.905e+01  1.637e+01  1.091e+01  7.738e+00  2.874e+01  2.872e+01  1.835e+01  1.283e+01  9.192e+00  7.216e+00  5.867e+00  5.423e+00  6.426e+00  7.318e+00  7.608e+00  7.468e+00  7.203e+00  6.515e+00  5.493e+00 	
 2.117e+02  2.123e+02  2.139e+02  2.168e+02  2.202e+02  2.244e+02  2.306e+02  2.370e+02  2.455e+02  2.563e+02  2.600e+02  2.770e+02  2.744e+02  2.736e+02  2.815e+02  2.628e+02  2.601e+02  2.475e+02  2.207e+02  2.113e+02  1.860e+02  1.623e+02  1.432e+02  1.196e+02  9.968e+01  8.007e+01  6.444e+01  6.579e+01  5.491e+01  4.074e+01  2.991e+01  2.163e+01  1.813e+01  1.271e+01  8.344e+00  2.476e+01  2.564e+01  1.676e+01  1.186e+01  8.491e+00  6.573e+00  5.253e+00  4.738e+00  5.458e+00  6.123e+00  6.300e+00  6.146e+00  5.901e+00  5.323e+00  4.480e+00 	
 1.440e+02  1.443e+02  1.451e+02  1.466e+02  1.486e+02  1.511e+02  1.543e+02  1.581e+02  1.630e+02  1.689e+02  1.726e+02  1.833e+02  1.835e+02  1.857e+02  1.932e+02  1.851e+02  1.870e+02  1.825e+02  1.673e+02  1.656e+02  1.492e+02  1.344e+02  1.235e+02  1.051e+02  9.144e+01  7.583e+01  6.151e+01  6.141e+01  5.347e+01  4.162e+01  3.191e+01  2.369e+01  1.968e+01  1.443e+01  9.049e+00  2.161e+01  2.329e+01  1.573e+01  1.135e+01  8.166e+00  6.246e+00  4.907e+00  4.300e+00  4.776e+00  5.251e+00  5.327e+00  5.153e+00  4.915e+00  4.417e+00  3.709e+00 	
 9.954e+01  9.962e+01  1.000e+02  1.009e+02  1.020e+02  1.035e+02  1.053e+02  1.075e+02  1.103e+02  1.136e+02  1.162e+02  1.227e+02  1.235e+02  1.260e+02  1.319e+02  1.288e+02  1.320e+02  1.315e+02  1.234e+02  1.255e+02  1.156e+02  1.073e+02  1.022e+02  8.869e+01  8.039e+01  6.870e+01  5.653e+01  5.572e+01  5.026e+01  4.080e+01  3.270e+01  2.490e+01  2.075e+01  1.584e+01  9.724e+00  1.914e+01  2.142e+01  1.505e+01  1.114e+01  8.103e+00  6.154e+00  4.766e+00  4.056e+00  4.325e+00  4.644e+00  4.631e+00  4.436e+00  4.198e+00  3.754e+00  3.138e+00 	
 7.033e+01  7.034e+01  7.058e+01  7.108e+01  7.178e+01  7.269e+01  7.379e+01  7.505e+01  7.668e+01  7.863e+01  8.020e+01  8.421e+01  8.492e+01  8.684e+01  9.121e+01  9.008e+01  9.320e+01  9.425e+01  9.018e+01  9.363e+01  8.796e+01  8.376e+01  8.235e+01  7.280e+01  6.849e+01  6.016e+01  5.040e+01  4.936e+01  4.579e+01  3.850e+01  3.218e+01  2.508e+01  2.110e+01  1.668e+01  1.019e+01  1.709e+01  1.976e+01  1.445e+01  1.100e+01  8.124e+00  6.161e+00  4.729e+00  3.927e+00  4.024e+00  4.218e+00  4.131e+00  3.918e+00  3.677e+00  3.268e+00  2.716e+00 	
 5.095e+01  5.098e+01  5.116e+01  5.150e+01  5.195e+01  5.253e+01  5.324e+01  5.396e+01  5.498e+01  5.618e+01  5.706e+01  5.958e+01  6.013e+01  6.142e+01  6.462e+01  6.416e+01  6.676e+01  6.824e+01  6.615e+01  6.973e+01  6.664e+01  6.480e+01  6.539e+01  5.881e+01  5.711e+01  5.139e+01  4.388e+01  4.286e+01  4.062e+01  3.516e+01  3.049e+01  2.421e+01  2.063e+01  1.678e+01  1.031e+01  1.526e+01  1.809e+01  1.373e+01  1.072e+01  8.052e+00  6.125e+00  4.683e+00  3.819e+00  3.784e+00  3.881e+00  3.738e+00  3.514e+00  3.274e+00  2.892e+00  2.387e+00 	
 3.765e+01  3.773e+01  3.789e+01  3.816e+01  3.846e+01  3.885e+01  3.935e+01  3.973e+01  4.044e+01  4.121e+01  4.165e+01  4.327e+01  4.370e+01  4.451e+01  4.690e+01  4.659e+01  4.864e+01  5.006e+01  4.890e+01  5.204e+01  5.044e+01  4.985e+01  5.137e+01  4.689e+01  4.674e+01  4.293e+01  3.732e+01  3.643e+01  3.509e+01  3.108e+01  2.780e+01  2.242e+01  1.936e+01  1.611e+01  9.997e+00  1.347e+01  1.624e+01  1.272e+01  1.016e+01  7.748e+00  5.925e+00  4.528e+00  3.649e+00  3.522e+00  3.549e+00  3.371e+00  3.147e+00  2.914e+00  2.561e+00  2.098e+00 	
 2.788e+01  2.799e+01  2.815e+01  2.835e+01  2.856e+01  2.882e+01  2.921e+01  2.935e+01  2.990e+01  3.041e+01  3.058e+01  3.161e+01  3.198e+01  3.245e+01  3.424e+01  3.393e+01  3.552e+01  3.671e+01  3.598e+01  3.844e+01  3.771e+01  3.772e+01  3.952e+01  3.652e+01  3.718e+01  3.473e+01  3.070e+01  2.999e+01  2.924e+01  2.638e+01  2.421e+01  1.977e+01  1.728e+01  1.466e+01  9.195e+00  1.154e+01  1.408e+01  1.132e+01  9.209e+00  7.122e+00  5.479e+00  4.194e+00  3.355e+00  3.175e+00  3.155e+00  2.965e+00  2.752e+00  2.538e+00  2.219e+00  1.808e+00 	
 2.034e+01  2.043e+01  2.055e+01  2.070e+01  2.083e+01  2.099e+01  2.133e+01  2.127e+01  2.173e+01  2.212e+01  2.213e+01  2.274e+01  2.307e+01  2.333e+01  2.464e+01  2.433e+01  2.556e+01  2.647e+01  2.596e+01  2.762e+01  2.744e+01  2.769e+01  2.937e+01  2.744e+01  2.841e+01  2.692e+01  2.415e+01  2.362e+01  2.325e+01  2.130e+01  1.997e+01  1.648e+01  1.457e+01  1.255e+01  7.960e+00  9.456e+00  1.164e+01  9.553e+00  7.896e+00  6.183e+00  4.787e+00  3.676e+00  2.928e+00  2.731e+00  2.686e+00  2.502e+00  2.311e+00  2.122e+00  1.851e+00  1.504e+00 	
 1.458e+01  1.464e+01  1.472e+01  1.483e+01  1.491e+01  1.502e+01  1.528e+01  1.516e+01  1.550e+01  1.580e+01  1.578e+01  1.612e+01  1.638e+01  1.655e+01  1.741e+01  1.720e+01  1.807e+01  1.873e+01  1.840e+01  1.944e+01  1.951e+01  1.981e+01  2.118e+01  1.998e+01  2.094e+01  2.008e+01  1.825e+01  1.786e+01  1.771e+01  1.643e+01  1.567e+01  1.304e+01  1.165e+01  1.016e+01  6.511e+00  7.418e+00  9.178e+00  7.665e+00  6.417e+00  5.080e+00  3.956e+00  3.048e+00  2.424e+00  2.237e+00  2.183e+00  2.019e+00  1.858e+00  1.700e+00  1.481e+00  1.202e+00 	
 1.032e+01  1.036e+01  1.042e+01  1.049e+01  1.054e+01  1.063e+01  1.078e+01  1.075e+01  1.099e+01  1.108e+01  1.113e+01  1.134e+01  1.149e+01  1.165e+01  1.216e+01  1.205e+01  1.257e+01  1.300e+01  1.286e+01  1.362e+01  1.371e+01  1.396e+01  1.497e+01  1.426e+01  1.505e+01  1.458e+01  1.339e+01  1.312e+01  1.308e+01  1.224e+01  1.184e+01  9.921e+00  8.931e+00  7.864e+00  5.087e+00  5.618e+00  6.975e+00  5.904e+00  4.992e+00  3.986e+00  3.120e+00  2.412e+00  1.915e+00  1.755e+00  1.702e+00  1.567e+00  1.438e+00  1.312e+00  1.142e+00  9.271e-01 	
 7.225e+00  7.254e+00  7.290e+00  7.333e+00  7.376e+00  7.439e+00  7.519e+00  7.533e+00  7.678e+00  7.721e+00  7.778e+00  7.914e+00  7.997e+00  8.132e+00  8.415e+00  8.382e+00  8.684e+00  8.954e+00  8.911e+00  9.444e+00  9.524e+00  9.715e+00  1.044e+01  1.001e+01  1.061e+01  1.037e+01  9.597e+00  9.417e+00  9.423e+00  8.886e+00  8.675e+00  7.313e+00  6.626e+00  5.877e+00  3.830e+00  4.133e+00  5.143e+00  4.398e+00  3.747e+00  3.013e+00  2.368e+00  1.835e+00  1.457e+00  1.328e+00  1.283e+00  1.177e+00  1.077e+00  9.810e-01  8.540e-01  6.931e-01 	
 5.007e+00  5.026e+00  5.049e+00  5.077e+00  5.108e+00  5.151e+00  5.197e+00  5.223e+00  5.306e+00  5.336e+00  5.385e+00  5.475e+00  5.520e+00  5.622e+00  5.783e+00  5.783e+00  5.965e+00  6.132e+00  6.130e+00  6.488e+00  6.555e+00  6.697e+00  7.193e+00  6.942e+00  7.378e+00  7.254e+00  6.757e+00  6.638e+00  6.660e+00  6.316e+00  6.212e+00  5.260e+00  4.790e+00  4.273e+00  2.802e+00  2.972e+00  3.703e+00  3.192e+00  2.735e+00  2.211e+00  1.744e+00  1.355e+00  1.075e+00  9.763e-01  9.401e-01  8.602e-01  7.865e-01  7.152e-01  6.224e-01  5.051e-01 	
 3.441e+00  3.452e+00  3.467e+00  3.485e+00  3.507e+00  3.536e+00  3.564e+00  3.588e+00  3.637e+00  3.659e+00  3.696e+00  3.755e+00  3.781e+00  3.854e+00  3.949e+00  3.959e+00  4.073e+00  4.176e+00  4.188e+00  4.424e+00  4.477e+00  4.578e+00  4.915e+00  4.766e+00  5.073e+00  5.013e+00  4.691e+00  4.614e+00  4.638e+00  4.417e+00  4.369e+00  3.714e+00  3.395e+00  3.043e+00  2.005e+00  2.099e+00  2.618e+00  2.270e+00  1.954e+00  1.587e+00  1.255e+00  9.766e-01  7.754e-01  7.019e-01  6.743e-01  6.158e-01  5.624e-01  5.110e-01  4.446e-01  3.609e-01 	
 2.349e+00  2.355e+00  2.365e+00  2.377e+00  2.391e+00  2.410e+00  2.429e+00  2.447e+00  2.478e+00  2.493e+00  2.519e+00  2.558e+00  2.574e+00  2.625e+00  2.684e+00  2.694e+00  2.767e+00  2.833e+00  2.845e+00  3.000e+00  3.039e+00  3.109e+00  3.338e+00  3.247e+00  3.461e+00  3.432e+00  3.224e+00  3.174e+00  3.195e+00  3.053e+00  3.034e+00  2.586e+00  2.373e+00  2.134e+00  1.412e+00  1.463e+00  1.826e+00  1.591e+00  1.375e+00  1.120e+00  8.878e-01  6.923e-01  5.498e-01  4.966e-01  4.762e-01  4.342e-01  3.963e-01  3.598e-01  3.130e-01  2.541e-01 	
 1.597e+00  1.601e+00  1.607e+00  1.615e+00  1.625e+00  1.638e+00  1.650e+00  1.662e+00  1.684e+00  1.693e+00  1.711e+00  1.736e+00  1.747e+00  1.782e+00  1.820e+00  1.826e+00  1.875e+00  1.919e+00  1.927e+00  2.029e+00  2.058e+00  2.105e+00  2.261e+00  2.203e+00  2.352e+00  2.338e+00  2.204e+00  2.171e+00  2.188e+00  2.096e+00  2.091e+00  1.787e+00  1.644e+00  1.483e+00  9.851e-01  1.013e+00  1.263e+00  1.106e+00  9.583e-01  7.832e-01  6.219e-01  4.857e-01  3.858e-01  3.479e-01  3.331e-01  3.034e-01  2.767e-01  2.510e-01  2.184e-01  1.773e-01 	
 1.085e+00  1.088e+00  1.092e+00  1.097e+00  1.104e+00  1.112e+00  1.121e+00  1.128e+00  1.144e+00  1.149e+00  1.161e+00  1.177e+00  1.185e+00  1.209e+00  1.235e+00  1.237e+00  1.272e+00  1.301e+00  1.305e+00  1.373e+00  1.393e+00  1.425e+00  1.532e+00  1.494e+00  1.597e+00  1.591e+00  1.504e+00  1.482e+00  1.495e+00  1.436e+00  1.437e+00  1.230e+00  1.135e+00  1.026e+00  6.840e-01  6.982e-01  8.712e-01  7.649e-01  6.648e-01  5.448e-01  4.333e-01  3.388e-01  2.692e-01  2.423e-01  2.317e-01  2.108e-01  1.922e-01  1.744e-01  1.517e-01  1.230e-01 	
 7.355e-01  7.370e-01  7.394e-01  7.430e-01  7.472e-01  7.533e-01  7.598e-01  7.627e-01  7.757e-01  7.779e-01  7.856e-01  7.953e-01  8.012e-01  8.181e-01  8.367e-01  8.356e-01  8.604e-01  8.812e-01  8.814e-01  9.258e-01  9.403e-01  9.614e-01  1.035e+00  1.009e+00  1.082e+00  1.079e+00  1.022e+00  1.007e+00  1.018e+00  9.788e-01  9.830e-01  8.430e-01  7.796e-01  7.066e-01  4.724e-01  4.792e-01  5.980e-01  5.265e-01  4.588e-01  3.769e-01  3.002e-01  2.350e-01  1.868e-01  1.679e-01  1.604e-01  1.458e-01  1.329e-01  1.205e-01  1.048e-01  8.499e-02 	
 4.975e-01  4.982e-01  4.997e-01  5.022e-01  5.048e-01  5.090e-01  5.142e-01  5.140e-01  5.252e-01  5.254e-01  5.302e-01  5.356e-01  5.406e-01  5.522e-01  5.659e-01  5.630e-01  5.816e-01  5.966e-01  5.947e-01  6.223e-01  6.335e-01  6.473e-01  6.983e-01  6.804e-01  7.312e-01  7.294e-01  6.926e-01  6.828e-01  6.906e-01  6.653e-01  6.702e-01  5.756e-01  5.335e-01  4.846e-01  3.250e-01  3.279e-01  4.091e-01  3.611e-01  3.154e-01  2.597e-01  2.072e-01  1.624e-01  1.291e-01  1.159e-01  1.106e-01  1.005e-01  9.154e-02  8.300e-02  7.217e-02  5.853e-02 	
 3.368e-01  3.370e-01  3.379e-01  3.397e-01  3.413e-01  3.439e-01  3.486e-01  3.461e-01  3.560e-01  3.553e-01  3.581e-01  3.606e-01  3.651e-01  3.730e-01  3.830e-01  3.798e-01  3.942e-01  4.052e-01  4.024e-01  4.176e-01  4.269e-01  4.361e-01  4.714e-01  4.591e-01  4.945e-01  4.934e-01  4.696e-01  4.629e-01  4.687e-01  4.521e-01  4.569e-01  3.930e-01  3.650e-01  3.322e-01  2.235e-01  2.243e-01  2.797e-01  2.476e-01  2.167e-01  1.788e-01  1.428e-01  1.121e-01  8.909e-02  7.989e-02  7.619e-02  6.917e-02  6.303e-02  5.713e-02  4.968e-02  4.032e-02 	
 2.289e-01  2.288e-01  2.291e-01  2.305e-01  2.315e-01  2.330e-01  2.371e-01  2.336e-01  2.413e-01  2.414e-01  2.430e-01  2.439e-01  2.475e-01  2.528e-01  2.596e-01  2.573e-01  2.683e-01  2.765e-01  2.738e-01  2.806e-01  2.887e-01  2.949e-01  3.191e-01  3.108e-01  3.353e-01  3.348e-01  3.193e-01  3.147e-01  3.190e-01  3.082e-01  3.123e-01  2.690e-01  2.504e-01  2.283e-01  1.540e-01  1.537e-01  1.917e-01  1.701e-01  1.492e-01  1.233e-01  9.858e-02  7.744e-02  6.163e-02  5.525e-02  5.268e-02  4.781e-02  4.353e-02  3.943e-02  3.432e-02  2.792e-02 	
 1.562e-01  1.557e-01  1.558e-01  1.564e-01  1.570e-01  1.581e-01  1.603e-01  1.589e-01  1.637e-01  1.632e-01  1.646e-01  1.654e-01  1.675e-01  1.714e-01  1.756e-01  1.741e-01  1.809e-01  1.858e-01  1.844e-01  1.907e-01  1.952e-01  1.993e-01  2.152e-01  2.099e-01  2.264e-01  2.266e-01  2.166e-01  2.139e-01  2.169e-01  2.097e-01  2.127e-01  1.834e-01  1.710e-01  1.563e-01  1.059e-01  1.053e-01  1.317e-01  1.174e-01  1.032e-01  8.554e-02  6.876e-02  5.439e-02  4.350e-02  3.906e-02  3.713e-02  3.355e-02  3.034e-02  2.738e-02  2.393e-02  1.966e-02 	
 1.183e-01  1.176e-01  1.168e-01  1.175e-01  1.184e-01  1.195e-01  1.207e-01  1.206e-01  1.234e-01  1.232e-01  1.244e-01  1.254e-01  1.265e-01  1.296e-01  1.325e-01  1.317e-01  1.362e-01  1.395e-01  1.389e-01  1.448e-01  1.478e-01  1.509e-01  1.630e-01  1.593e-01  1.720e-01  1.724e-01  1.649e-01  1.627e-01  1.652e-01  1.606e-01  1.645e-01  1.431e-01  1.345e-01  1.232e-01  8.372e-02  8.228e-02  1.015e-01  8.967e-02  7.934e-02  6.693e-02  5.423e-02  4.275e-02  3.389e-02  3.015e-02  2.862e-02  2.590e-02  2.343e-02  2.083e-02  1.846e-02  1.488e-02 	
 8.165e-02  8.320e-02  8.476e-02  8.592e-02  8.673e-02  8.750e-02  8.816e-02  8.881e-02  8.991e-02  9.034e-02  9.132e-02  9.236e-02  9.287e-02  9.488e-02  9.637e-02  9.667e-02  9.902e-02  1.008e-01  1.013e-01  1.057e-01  1.074e-01  1.097e-01  1.174e-01  1.154e-01  1.235e-01  1.243e-01  1.191e-01  1.177e-01  1.192e-01  1.156e-01  1.174e-01  1.015e-01  9.463e-02  8.668e-02  5.876e-02  5.766e-02  7.203e-02  6.461e-02  5.687e-02  4.686e-02  3.710e-02  2.886e-02  2.279e-02  2.028e-02  1.935e-02  1.767e-02  1.640e-02  1.509e-02  1.286e-02  1.011e-02 	
 4.499e-02  4.375e-02  4.273e-02  4.217e-02  4.203e-02  4.217e-02  4.241e-02  4.271e-02  4.320e-02  4.344e-02  4.392e-02  4.444e-02  4.470e-02  4.566e-02  4.636e-02  4.658e-02  4.770e-02  4.854e-02  4.888e-02  5.099e-02  5.192e-02  5.311e-02  5.686e-02  5.613e-02  6.016e-02  6.082e-02  5.856e-02  5.811e-02  5.908e-02  5.772e-02  5.914e-02  5.168e-02  4.875e-02  4.499e-02  3.092e-02  3.027e-02  3.775e-02  3.392e-02  3.017e-02  2.554e-02  2.099e-02  1.695e-02  1.372e-02  1.236e-02  1.167e-02  1.042e-02  9.223e-03  8.188e-03  7.314e-03  6.255e-03 	
 3.723e-02  3.755e-02  3.793e-02  3.830e-02  3.863e-02  3.899e-02  3.929e-02  3.957e-02  4.008e-02  4.025e-02  4.070e-02  4.112e-02  4.133e-02  4.229e-02  4.292e-02  4.301e-02  4.409e-02  4.484e-02  4.501e-02  4.694e-02  4.773e-02  4.870e-02  5.219e-02  5.131e-02  5.502e-02  5.551e-02  5.341e-02  5.284e-02  5.362e-02  5.220e-02  5.337e-02  4.635e-02  4.348e-02  4.002e-02  2.734e-02  2.654e-02  3.306e-02  2.976e-02  2.633e-02  2.190e-02  1.751e-02  1.374e-02  1.090e-02  9.699e-03  9.233e-03  8.394e-03  7.712e-03  7.030e-03  6.065e-03  4.859e-03 	
 2.678e-02  2.680e-02  2.685e-02  2.695e-02  2.708e-02  2.727e-02  2.746e-02  2.764e-02  2.798e-02  2.810e-02  2.842e-02  2.871e-02  2.886e-02  2.954e-02  2.995e-02  3.003e-02  3.078e-02  3.130e-02  3.143e-02  3.276e-02  3.334e-02  3.402e-02  3.646e-02  3.591e-02  3.854e-02  3.898e-02  3.763e-02  3.731e-02  3.793e-02  3.706e-02  3.808e-02  3.325e-02  3.137e-02  2.899e-02  1.996e-02  1.928e-02  2.401e-02  2.168e-02  1.928e-02  1.618e-02  1.308e-02  1.036e-02  8.258e-03  7.344e-03  6.956e-03  6.283e-03  5.716e-03  5.174e-03  4.498e-03  3.641e-03 	
 1.939e-02  1.942e-02  1.947e-02  1.955e-02  1.966e-02  1.981e-02  1.995e-02  2.007e-02  2.034e-02  2.041e-02  2.064e-02  2.083e-02  2.094e-02  2.145e-02  2.175e-02  2.178e-02  2.234e-02  2.271e-02  2.279e-02  2.372e-02  2.415e-02  2.462e-02  2.638e-02  2.598e-02  2.790e-02  2.824e-02  2.732e-02  2.709e-02  2.755e-02  2.696e-02  2.776e-02  2.428e-02  2.296e-02  2.127e-02  1.469e-02  1.411e-02  1.756e-02  1.591e-02  1.418e-02  1.194e-02  9.671e-03  7.683e-03  6.138e-03  5.460e-03  5.168e-03  4.663e-03  4.237e-03  3.831e-03  3.335e-03  2.708e-03 	
 1.406e-02  1.409e-02  1.414e-02  1.420e-02  1.428e-02  1.439e-02  1.450e-02  1.456e-02  1.479e-02  1.481e-02  1.498e-02  1.509e-02  1.518e-02  1.558e-02  1.579e-02  1.578e-02  1.622e-02  1.649e-02  1.652e-02  1.717e-02  1.749e-02  1.782e-02  1.911e-02  1.881e-02  2.023e-02  2.049e-02  1.986e-02  1.970e-02  2.006e-02  1.965e-02  2.030e-02  1.780e-02  1.688e-02  1.567e-02  1.088e-02  1.039e-02  1.291e-02  1.173e-02  1.049e-02  8.857e-03  7.187e-03  5.720e-03  4.574e-03  4.065e-03  3.845e-03  3.468e-03  3.150e-03  2.848e-03  2.481e-03  2.016e-03 	
 1.015e-02  1.019e-02  1.024e-02  1.029e-02  1.034e-02  1.042e-02  1.051e-02  1.052e-02  1.073e-02  1.071e-02  1.084e-02  1.089e-02  1.096e-02  1.128e-02  1.143e-02  1.140e-02  1.176e-02  1.196e-02  1.195e-02  1.237e-02  1.263e-02  1.286e-02  1.380e-02  1.358e-02  1.462e-02  1.481e-02  1.439e-02  1.428e-02  1.455e-02  1.428e-02  1.480e-02  1.300e-02  1.236e-02  1.151e-02  8.027e-03  7.619e-03  9.465e-03  8.623e-03  7.732e-03  6.550e-03  5.327e-03  4.249e-03  3.401e-03  3.019e-03  2.853e-03  2.572e-03  2.336e-03  2.112e-03  1.839e-03  1.494e-03 	
