27667.54278657697
19724.929086899134
15580.094981254448
13027.525868837842
11000.417402317838
9615.006587635517
8583.264379761104
7697.097250755658
7034.538804778015
6320.204915423244
5516.507682934418
4792.219967578877
3909.4039620939334
3093.405948116283
2384.518991037675
1748.0161716167304
1261.8286172906198
887.1861491964476
613.8511510505848
420.9500307416131
286.82802350516016
195.62776600615814
134.36718767518948
93.77768969342465
66.9406443800044
49.04102926652881
36.56537627706233
27.131576717383673
19.74840475188162
14.14369854373158
10.013795663929711
7.0155941361142
4.869670012829188
3.3531788601386063
2.295516466364207
1.56716043508705
1.0693549852692412
0.7271954733701935
0.49384886363255115
0.3356546103657359
0.22893894375887822
0.15700381676892122
0.12354900910105733
0.07980492717138471
0.04604252859467843
0.038274468786912985
0.027667928109411183
0.02010714045341382
0.014658542855029042
0.010650532246495288