 4.430e-03  9.596e-03  1.739e-02  2.610e-02  3.707e-02  5.069e-02  6.782e-02  8.930e-02  1.140e-01  1.437e-01  1.768e-01  2.114e-01  2.483e-01  2.834e-01  3.171e-01  3.475e-01  3.736e-01  3.957e-01  4.137e-01  4.284e-01  4.405e-01  4.508e-01  4.600e-01  4.686e-01  4.765e-01  4.837e-01  4.900e-01  4.954e-01  4.999e-01  5.036e-01  5.065e-01  5.087e-01  5.103e-01  5.115e-01  5.125e-01  5.132e-01  5.139e-01  5.144e-01  5.149e-01  5.154e-01  5.159e-01  5.163e-01  5.168e-01  5.173e-01  5.177e-01  5.182e-01  5.187e-01  5.193e-01  5.198e-01  5.203e-01 	
 4.177e-03  9.164e-03  1.663e-02  2.501e-02  3.560e-02  4.879e-02  6.545e-02  8.644e-02  1.107e-01  1.400e-01  1.728e-01  2.073e-01  2.441e-01  2.795e-01  3.135e-01  3.442e-01  3.708e-01  3.933e-01  4.117e-01  4.267e-01  4.391e-01  4.496e-01  4.590e-01  4.676e-01  4.756e-01  4.829e-01  4.892e-01  4.947e-01  4.992e-01  5.030e-01  5.058e-01  5.080e-01  5.097e-01  5.109e-01  5.119e-01  5.126e-01  5.133e-01  5.138e-01  5.143e-01  5.148e-01  5.153e-01  5.157e-01  5.162e-01  5.167e-01  5.172e-01  5.177e-01  5.182e-01  5.187e-01  5.192e-01  5.198e-01 	
 3.930e-03  8.737e-03  1.587e-02  2.392e-02  3.413e-02  4.689e-02  6.307e-02  8.355e-02  1.074e-01  1.362e-01  1.687e-01  2.030e-01  2.399e-01  2.754e-01  3.097e-01  3.409e-01  3.679e-01  3.909e-01  4.096e-01  4.250e-01  4.376e-01  4.483e-01  4.579e-01  4.666e-01  4.747e-01  4.821e-01  4.885e-01  4.939e-01  4.985e-01  5.023e-01  5.052e-01  5.074e-01  5.090e-01  5.103e-01  5.113e-01  5.120e-01  5.127e-01  5.132e-01  5.138e-01  5.142e-01  5.147e-01  5.151e-01  5.156e-01  5.161e-01  5.166e-01  5.171e-01  5.176e-01  5.182e-01  5.187e-01  5.193e-01 	
 3.688e-03  8.317e-03  1.513e-02  2.285e-02  3.267e-02  4.500e-02  6.070e-02  8.066e-02  1.040e-01  1.324e-01  1.645e-01  1.987e-01  2.355e-01  2.712e-01  3.058e-01  3.374e-01  3.649e-01  3.883e-01  4.075e-01  4.232e-01  4.361e-01  4.470e-01  4.567e-01  4.656e-01  4.738e-01  4.812e-01  4.877e-01  4.932e-01  4.978e-01  5.016e-01  5.045e-01  5.067e-01  5.084e-01  5.097e-01  5.106e-01  5.114e-01  5.121e-01  5.126e-01  5.132e-01  5.136e-01  5.141e-01  5.146e-01  5.150e-01  5.155e-01  5.160e-01  5.165e-01  5.171e-01  5.176e-01  5.181e-01  5.187e-01 	
 3.451e-03  7.905e-03  1.440e-02  2.179e-02  3.123e-02  4.312e-02  5.833e-02  7.776e-02  1.006e-01  1.285e-01  1.603e-01  1.942e-01  2.311e-01  2.669e-01  3.018e-01  3.338e-01  3.617e-01  3.856e-01  4.052e-01  4.213e-01  4.345e-01  4.457e-01  4.556e-01  4.646e-01  4.729e-01  4.804e-01  4.869e-01  4.924e-01  4.971e-01  5.009e-01  5.039e-01  5.061e-01  5.078e-01  5.090e-01  5.100e-01  5.108e-01  5.115e-01  5.120e-01  5.126e-01  5.131e-01  5.135e-01  5.140e-01  5.145e-01  5.150e-01  5.154e-01  5.160e-01  5.165e-01  5.170e-01  5.176e-01  5.182e-01 	
 3.222e-03  7.500e-03  1.367e-02  2.074e-02  2.980e-02  4.125e-02  5.596e-02  7.485e-02  9.715e-02  1.246e-01  1.560e-01  1.897e-01  2.265e-01  2.624e-01  2.976e-01  3.300e-01  3.584e-01  3.829e-01  4.029e-01  4.194e-01  4.329e-01  4.443e-01  4.544e-01  4.635e-01  4.719e-01  4.795e-01  4.861e-01  4.917e-01  4.964e-01  5.003e-01  5.032e-01  5.054e-01  5.071e-01  5.084e-01  5.094e-01  5.102e-01  5.109e-01  5.114e-01  5.120e-01  5.125e-01  5.129e-01  5.134e-01  5.139e-01  5.144e-01  5.149e-01  5.154e-01  5.159e-01  5.165e-01  5.170e-01  5.176e-01 	
 2.998e-03  7.104e-03  1.297e-02  1.971e-02  2.838e-02  3.940e-02  5.361e-02  7.195e-02  9.371e-02  1.206e-01  1.516e-01  1.851e-01  2.218e-01  2.578e-01  2.933e-01  3.261e-01  3.550e-01  3.800e-01  4.005e-01  4.174e-01  4.312e-01  4.429e-01  4.531e-01  4.624e-01  4.710e-01  4.786e-01  4.853e-01  4.909e-01  4.957e-01  4.996e-01  5.025e-01  5.048e-01  5.065e-01  5.078e-01  5.088e-01  5.096e-01  5.103e-01  5.108e-01  5.114e-01  5.119e-01  5.124e-01  5.128e-01  5.133e-01  5.138e-01  5.143e-01  5.148e-01  5.154e-01  5.159e-01  5.165e-01  5.171e-01 	
 2.782e-03  6.716e-03  1.227e-02  1.870e-02  2.699e-02  3.757e-02  5.127e-02  6.904e-02  9.025e-02  1.166e-01  1.472e-01  1.804e-01  2.170e-01  2.531e-01  2.889e-01  3.221e-01  3.515e-01  3.770e-01  3.980e-01  4.153e-01  4.294e-01  4.414e-01  4.519e-01  4.613e-01  4.700e-01  4.777e-01  4.845e-01  4.902e-01  4.950e-01  4.989e-01  5.019e-01  5.041e-01  5.059e-01  5.072e-01  5.082e-01  5.090e-01  5.097e-01  5.102e-01  5.108e-01  5.113e-01  5.118e-01  5.122e-01  5.127e-01  5.132e-01  5.137e-01  5.142e-01  5.148e-01  5.154e-01  5.159e-01  5.165e-01 	
 2.573e-03  6.338e-03  1.159e-02  1.770e-02  2.561e-02  3.575e-02  4.894e-02  6.614e-02  8.679e-02  1.126e-01  1.427e-01  1.756e-01  2.120e-01  2.483e-01  2.843e-01  3.180e-01  3.478e-01  3.738e-01  3.953e-01  4.131e-01  4.276e-01  4.399e-01  4.506e-01  4.602e-01  4.690e-01  4.768e-01  4.836e-01  4.894e-01  4.942e-01  4.982e-01  5.012e-01  5.035e-01  5.052e-01  5.065e-01  5.075e-01  5.084e-01  5.090e-01  5.096e-01  5.102e-01  5.107e-01  5.112e-01  5.116e-01  5.121e-01  5.127e-01  5.132e-01  5.137e-01  5.142e-01  5.148e-01  5.154e-01  5.160e-01 	
 2.372e-03  5.970e-03  1.093e-02  1.672e-02  2.426e-02  3.396e-02  4.664e-02  6.326e-02  8.332e-02  1.085e-01  1.382e-01  1.707e-01  2.070e-01  2.433e-01  2.795e-01  3.136e-01  3.440e-01  3.706e-01  3.926e-01  4.108e-01  4.257e-01  4.383e-01  4.492e-01  4.590e-01  4.679e-01  4.759e-01  4.828e-01  4.886e-01  4.935e-01  4.975e-01  5.005e-01  5.028e-01  5.046e-01  5.059e-01  5.069e-01  5.077e-01  5.084e-01  5.090e-01  5.096e-01  5.101e-01  5.106e-01  5.111e-01  5.116e-01  5.121e-01  5.126e-01  5.131e-01  5.137e-01  5.143e-01  5.148e-01  5.154e-01 	
 2.178e-03  5.612e-03  1.028e-02  1.577e-02  2.294e-02  3.220e-02  4.436e-02  6.039e-02  7.985e-02  1.045e-01  1.336e-01  1.657e-01  2.018e-01  2.382e-01  2.747e-01  3.092e-01  3.401e-01  3.672e-01  3.897e-01  4.084e-01  4.238e-01  4.366e-01  4.478e-01  4.578e-01  4.669e-01  4.750e-01  4.819e-01  4.878e-01  4.928e-01  4.968e-01  4.998e-01  5.022e-01  5.039e-01  5.053e-01  5.063e-01  5.071e-01  5.078e-01  5.084e-01  5.090e-01  5.095e-01  5.100e-01  5.105e-01  5.110e-01  5.115e-01  5.120e-01  5.125e-01  5.131e-01  5.137e-01  5.143e-01  5.149e-01 	
 1.992e-03  5.265e-03  9.647e-03  1.484e-02  2.164e-02  3.046e-02  4.210e-02  5.753e-02  7.639e-02  1.004e-01  1.290e-01  1.607e-01  1.966e-01  2.329e-01  2.696e-01  3.045e-01  3.359e-01  3.636e-01  3.867e-01  4.060e-01  4.217e-01  4.349e-01  4.464e-01  4.566e-01  4.658e-01  4.740e-01  4.811e-01  4.870e-01  4.920e-01  4.960e-01  4.992e-01  5.015e-01  5.033e-01  5.046e-01  5.057e-01  5.065e-01  5.072e-01  5.078e-01  5.084e-01  5.089e-01  5.094e-01  5.099e-01  5.104e-01  5.109e-01  5.114e-01  5.120e-01  5.126e-01  5.131e-01  5.137e-01  5.143e-01 	
 1.814e-03  4.929e-03  9.035e-03  1.393e-02  2.037e-02  2.876e-02  3.988e-02  5.471e-02  7.293e-02  9.627e-02  1.243e-01  1.556e-01  1.912e-01  2.275e-01  2.644e-01  2.997e-01  3.317e-01  3.599e-01  3.836e-01  4.034e-01  4.196e-01  4.331e-01  4.449e-01  4.553e-01  4.647e-01  4.730e-01  4.802e-01  4.862e-01  4.912e-01  4.953e-01  4.985e-01  5.009e-01  5.026e-01  5.040e-01  5.051e-01  5.059e-01  5.066e-01  5.072e-01  5.078e-01  5.083e-01  5.088e-01  5.093e-01  5.098e-01  5.104e-01  5.109e-01  5.114e-01  5.120e-01  5.126e-01  5.132e-01  5.138e-01 	
 1.645e-03  4.604e-03  8.442e-03  1.305e-02  1.913e-02  2.709e-02  3.769e-02  5.191e-02  6.949e-02  9.215e-02  1.196e-01  1.504e-01  1.857e-01  2.220e-01  2.590e-01  2.947e-01  3.272e-01  3.561e-01  3.804e-01  4.007e-01  4.173e-01  4.313e-01  4.433e-01  4.540e-01  4.636e-01  4.720e-01  4.793e-01  4.854e-01  4.905e-01  4.946e-01  4.978e-01  5.002e-01  5.020e-01  5.034e-01  5.044e-01  5.053e-01  5.060e-01  5.066e-01  5.072e-01  5.077e-01  5.082e-01  5.087e-01  5.092e-01  5.098e-01  5.103e-01  5.109e-01  5.114e-01  5.120e-01  5.126e-01  5.133e-01 	
 1.485e-03  4.291e-03  7.868e-03  1.219e-02  1.792e-02  2.545e-02  3.554e-02  4.914e-02  6.608e-02  8.804e-02  1.148e-01  1.451e-01  1.801e-01  2.163e-01  2.535e-01  2.896e-01  3.226e-01  3.520e-01  3.770e-01  3.978e-01  4.150e-01  4.293e-01  4.417e-01  4.526e-01  4.624e-01  4.710e-01  4.784e-01  4.845e-01  4.897e-01  4.939e-01  4.971e-01  4.995e-01  5.013e-01  5.027e-01  5.038e-01  5.047e-01  5.054e-01  5.060e-01  5.066e-01  5.071e-01  5.077e-01  5.082e-01  5.087e-01  5.092e-01  5.097e-01  5.103e-01  5.109e-01  5.115e-01  5.121e-01  5.127e-01 	
 1.333e-03  3.990e-03  7.315e-03  1.136e-02  1.675e-02  2.386e-02  3.343e-02  4.641e-02  6.269e-02  8.394e-02  1.100e-01  1.398e-01  1.744e-01  2.105e-01  2.478e-01  2.842e-01  3.177e-01  3.478e-01  3.734e-01  3.949e-01  4.125e-01  4.273e-01  4.400e-01  4.512e-01  4.612e-01  4.700e-01  4.774e-01  4.837e-01  4.889e-01  4.932e-01  4.964e-01  4.989e-01  5.007e-01  5.021e-01  5.032e-01  5.041e-01  5.048e-01  5.054e-01  5.060e-01  5.065e-01  5.071e-01  5.076e-01  5.081e-01  5.087e-01  5.092e-01  5.097e-01  5.103e-01  5.110e-01  5.116e-01  5.122e-01 	
 1.190e-03  3.701e-03  6.784e-03  1.056e-02  1.561e-02  2.231e-02  3.136e-02  4.372e-02  5.933e-02  7.984e-02  1.052e-01  1.344e-01  1.686e-01  2.045e-01  2.419e-01  2.787e-01  3.127e-01  3.435e-01  3.697e-01  3.918e-01  4.100e-01  4.252e-01  4.383e-01  4.498e-01  4.600e-01  4.689e-01  4.765e-01  4.828e-01  4.882e-01  4.924e-01  4.957e-01  4.982e-01  5.000e-01  5.015e-01  5.026e-01  5.034e-01  5.042e-01  5.048e-01  5.054e-01  5.060e-01  5.065e-01  5.070e-01  5.075e-01  5.081e-01  5.086e-01  5.092e-01  5.098e-01  5.104e-01  5.110e-01  5.117e-01 	
 1.056e-03  3.425e-03  6.273e-03  9.790e-03  1.451e-02  2.080e-02  2.935e-02  4.109e-02  5.601e-02  7.576e-02  1.004e-01  1.290e-01  1.627e-01  1.984e-01  2.358e-01  2.729e-01  3.075e-01  3.389e-01  3.658e-01  3.885e-01  4.073e-01  4.230e-01  4.364e-01  4.482e-01  4.587e-01  4.678e-01  4.755e-01  4.820e-01  4.874e-01  4.917e-01  4.950e-01  4.975e-01  4.994e-01  5.008e-01  5.019e-01  5.028e-01  5.036e-01  5.042e-01  5.048e-01  5.054e-01  5.059e-01  5.064e-01  5.070e-01  5.075e-01  5.081e-01  5.086e-01  5.092e-01  5.099e-01  5.105e-01  5.112e-01 	
 9.311e-04  3.161e-03  5.785e-03  9.050e-03  1.345e-02  1.934e-02  2.738e-02  3.850e-02  5.273e-02  7.171e-02  9.559e-02  1.235e-01  1.567e-01  1.921e-01  2.296e-01  2.670e-01  3.020e-01  3.341e-01  3.617e-01  3.851e-01  4.044e-01  4.207e-01  4.345e-01  4.467e-01  4.574e-01  4.667e-01  4.745e-01  4.811e-01  4.865e-01  4.909e-01  4.943e-01  4.968e-01  4.987e-01  5.002e-01  5.013e-01  5.022e-01  5.030e-01  5.036e-01  5.042e-01  5.048e-01  5.053e-01  5.058e-01  5.064e-01  5.070e-01  5.075e-01  5.081e-01  5.087e-01  5.093e-01  5.100e-01  5.106e-01 	
 8.150e-04  2.910e-03  5.318e-03  8.340e-03  1.243e-02  1.793e-02  2.548e-02  3.598e-02  4.951e-02  6.770e-02  9.077e-02  1.180e-01  1.506e-01  1.857e-01  2.232e-01  2.608e-01  2.964e-01  3.290e-01  3.574e-01  3.815e-01  4.015e-01  4.182e-01  4.325e-01  4.450e-01  4.560e-01  4.655e-01  4.735e-01  4.802e-01  4.857e-01  4.902e-01  4.936e-01  4.961e-01  4.981e-01  4.995e-01  5.007e-01  5.016e-01  5.023e-01  5.030e-01  5.036e-01  5.042e-01  5.047e-01  5.053e-01  5.058e-01  5.064e-01  5.069e-01  5.075e-01  5.082e-01  5.088e-01  5.095e-01  5.101e-01 	
 7.077e-04  2.671e-03  4.874e-03  7.663e-03  1.145e-02  1.656e-02  2.363e-02  3.351e-02  4.634e-02  6.373e-02  8.597e-02  1.124e-01  1.444e-01  1.792e-01  2.166e-01  2.545e-01  2.905e-01  3.238e-01  3.529e-01  3.777e-01  3.983e-01  4.157e-01  4.305e-01  4.433e-01  4.546e-01  4.643e-01  4.725e-01  4.793e-01  4.849e-01  4.894e-01  4.929e-01  4.955e-01  4.974e-01  4.989e-01  5.000e-01  5.010e-01  5.017e-01  5.024e-01  5.030e-01  5.036e-01  5.042e-01  5.047e-01  5.053e-01  5.058e-01  5.064e-01  5.070e-01  5.076e-01  5.083e-01  5.089e-01  5.096e-01 	
 6.093e-04  2.445e-03  4.453e-03  7.018e-03  1.051e-02  1.526e-02  2.184e-02  3.111e-02  4.324e-02  5.980e-02  8.119e-02  1.068e-01  1.382e-01  1.725e-01  2.098e-01  2.478e-01  2.843e-01  3.183e-01  3.481e-01  3.737e-01  3.950e-01  4.130e-01  4.283e-01  4.415e-01  4.531e-01  4.630e-01  4.714e-01  4.783e-01  4.840e-01  4.886e-01  4.921e-01  4.948e-01  4.967e-01  4.982e-01  4.994e-01  5.003e-01  5.011e-01  5.018e-01  5.024e-01  5.030e-01  5.036e-01  5.041e-01  5.047e-01  5.053e-01  5.058e-01  5.065e-01  5.071e-01  5.077e-01  5.084e-01  5.091e-01 	
 5.195e-04  2.232e-03  4.055e-03  6.405e-03  9.618e-03  1.400e-02  2.012e-02  2.879e-02  4.021e-02  5.594e-02  7.643e-02  1.012e-01  1.319e-01  1.657e-01  2.028e-01  2.410e-01  2.779e-01  3.126e-01  3.431e-01  3.695e-01  3.916e-01  4.101e-01  4.259e-01  4.396e-01  4.515e-01  4.618e-01  4.703e-01  4.773e-01  4.832e-01  4.878e-01  4.914e-01  4.941e-01  4.961e-01  4.976e-01  4.988e-01  4.997e-01  5.005e-01  5.012e-01  5.018e-01  5.024e-01  5.030e-01  5.036e-01  5.041e-01  5.047e-01  5.053e-01  5.059e-01  5.066e-01  5.072e-01  5.079e-01  5.086e-01 	
 4.384e-04  2.031e-03  3.679e-03  5.825e-03  8.770e-03  1.281e-02  1.847e-02  2.654e-02  3.727e-02  5.215e-02  7.172e-02  9.564e-02  1.255e-01  1.588e-01  1.956e-01  2.339e-01  2.712e-01  3.065e-01  3.379e-01  3.650e-01  3.879e-01  4.071e-01  4.235e-01  4.376e-01  4.499e-01  4.604e-01  4.691e-01  4.763e-01  4.823e-01  4.870e-01  4.906e-01  4.933e-01  4.954e-01  4.969e-01  4.981e-01  4.991e-01  4.999e-01  5.006e-01  5.012e-01  5.018e-01  5.024e-01  5.030e-01  5.036e-01  5.042e-01  5.047e-01  5.054e-01  5.060e-01  5.067e-01  5.074e-01  5.081e-01 	
 3.656e-04  1.842e-03  3.326e-03  5.277e-03  7.965e-03  1.167e-02  1.689e-02  2.438e-02  3.440e-02  4.843e-02  6.706e-02  9.005e-02  1.190e-01  1.518e-01  1.882e-01  2.266e-01  2.643e-01  3.002e-01  3.323e-01  3.603e-01  3.840e-01  4.039e-01  4.209e-01  4.356e-01  4.482e-01  4.590e-01  4.679e-01  4.753e-01  4.814e-01  4.862e-01  4.899e-01  4.926e-01  4.947e-01  4.963e-01  4.975e-01  4.985e-01  4.993e-01  5.000e-01  5.006e-01  5.012e-01  5.018e-01  5.024e-01  5.030e-01  5.036e-01  5.042e-01  5.048e-01  5.055e-01  5.062e-01  5.069e-01  5.076e-01 	
 3.009e-04  1.665e-03  2.995e-03  4.763e-03  7.206e-03  1.059e-02  1.538e-02  2.230e-02  3.163e-02  4.480e-02  6.247e-02  8.449e-02  1.126e-01  1.446e-01  1.807e-01  2.190e-01  2.570e-01  2.936e-01  3.265e-01  3.554e-01  3.799e-01  4.005e-01  4.182e-01  4.333e-01  4.464e-01  4.575e-01  4.667e-01  4.742e-01  4.804e-01  4.853e-01  4.891e-01  4.919e-01  4.940e-01  4.956e-01  4.968e-01  4.978e-01  4.986e-01  4.994e-01  5.000e-01  5.007e-01  5.012e-01  5.018e-01  5.024e-01  5.030e-01  5.036e-01  5.043e-01  5.050e-01  5.057e-01  5.064e-01  5.071e-01 	
 2.441e-04  1.501e-03  2.686e-03  4.281e-03  6.492e-03  9.565e-03  1.394e-02  2.030e-02  2.895e-02  4.126e-02  5.795e-02  7.897e-02  1.061e-01  1.373e-01  1.729e-01  2.112e-01  2.495e-01  2.866e-01  3.204e-01  3.501e-01  3.755e-01  3.969e-01  4.153e-01  4.310e-01  4.445e-01  4.560e-01  4.654e-01  4.731e-01  4.794e-01  4.845e-01  4.883e-01  4.911e-01  4.933e-01  4.949e-01  4.962e-01  4.972e-01  4.980e-01  4.988e-01  4.994e-01  5.000e-01  5.007e-01  5.012e-01  5.018e-01  5.025e-01  5.031e-01  5.037e-01  5.044e-01  5.051e-01  5.059e-01  5.066e-01 	
 1.947e-04  1.348e-03  2.399e-03  3.831e-03  5.823e-03  8.603e-03  1.258e-02  1.841e-02  2.638e-02  3.784e-02  5.352e-02  7.350e-02  9.954e-02  1.300e-01  1.650e-01  2.031e-01  2.416e-01  2.793e-01  3.139e-01  3.445e-01  3.708e-01  3.931e-01  4.121e-01  4.285e-01  4.425e-01  4.543e-01  4.640e-01  4.720e-01  4.784e-01  4.835e-01  4.874e-01  4.904e-01  4.925e-01  4.942e-01  4.955e-01  4.965e-01  4.974e-01  4.981e-01  4.988e-01  4.994e-01  5.001e-01  5.006e-01  5.013e-01  5.019e-01  5.025e-01  5.032e-01  5.039e-01  5.046e-01  5.053e-01  5.061e-01 	
 1.525e-04  1.206e-03  2.133e-03  3.412e-03  5.198e-03  7.701e-03  1.130e-02  1.660e-02  2.392e-02  3.452e-02  4.919e-02  6.809e-02  9.302e-02  1.225e-01  1.569e-01  1.947e-01  2.334e-01  2.716e-01  3.070e-01  3.386e-01  3.658e-01  3.890e-01  4.088e-01  4.258e-01  4.404e-01  4.526e-01  4.626e-01  4.707e-01  4.774e-01  4.826e-01  4.866e-01  4.896e-01  4.918e-01  4.935e-01  4.948e-01  4.958e-01  4.967e-01  4.975e-01  4.982e-01  4.988e-01  4.994e-01  5.000e-01  5.007e-01  5.013e-01  5.020e-01  5.026e-01  5.033e-01  5.041e-01  5.048e-01  5.056e-01 	
 1.169e-04  1.074e-03  1.887e-03  3.025e-03  4.617e-03  6.858e-03  1.010e-02  1.490e-02  2.157e-02  3.133e-02  4.498e-02  6.277e-02  8.653e-02  1.150e-01  1.486e-01  1.861e-01  2.248e-01  2.635e-01  2.997e-01  3.322e-01  3.604e-01  3.846e-01  4.053e-01  4.230e-01  4.381e-01  4.507e-01  4.611e-01  4.694e-01  4.762e-01  4.816e-01  4.857e-01  4.887e-01  4.910e-01  4.927e-01  4.940e-01  4.951e-01  4.960e-01  4.968e-01  4.975e-01  4.982e-01  4.988e-01  4.994e-01  5.001e-01  5.007e-01  5.014e-01  5.021e-01  5.028e-01  5.035e-01  5.043e-01  5.051e-01 	
 8.747e-05  9.538e-04  1.662e-03  2.668e-03  4.080e-03  6.075e-03  8.974e-03  1.329e-02  1.934e-02  2.827e-02  4.090e-02  5.755e-02  8.007e-02  1.075e-01  1.402e-01  1.772e-01  2.159e-01  2.550e-01  2.920e-01  3.255e-01  3.547e-01  3.799e-01  4.014e-01  4.199e-01  4.356e-01  4.487e-01  4.594e-01  4.680e-01  4.750e-01  4.805e-01  4.847e-01  4.878e-01  4.902e-01  4.919e-01  4.933e-01  4.944e-01  4.953e-01  4.961e-01  4.968e-01  4.975e-01  4.981e-01  4.988e-01  4.994e-01  5.001e-01  5.008e-01  5.015e-01  5.022e-01  5.030e-01  5.038e-01  5.045e-01 	
 6.366e-05  8.432e-04  1.455e-03  2.340e-03  3.584e-03  5.350e-03  7.927e-03  1.179e-02  1.724e-02  2.536e-02  3.695e-02  5.245e-02  7.368e-02  9.987e-02  1.316e-01  1.680e-01  2.066e-01  2.461e-01  2.837e-01  3.182e-01  3.485e-01  3.747e-01  3.973e-01  4.166e-01  4.330e-01  4.466e-01  4.576e-01  4.665e-01  4.738e-01  4.794e-01  4.837e-01  4.869e-01  4.893e-01  4.911e-01  4.925e-01  4.936e-01  4.945e-01  4.954e-01  4.961e-01  4.968e-01  4.975e-01  4.981e-01  4.988e-01  4.995e-01  5.001e-01  5.009e-01  5.016e-01  5.024e-01  5.032e-01  5.040e-01 	
 4.489e-05  7.421e-04  1.267e-03  2.040e-03  3.130e-03  4.682e-03  6.958e-03  1.038e-02  1.526e-02  2.259e-02  3.317e-02  4.748e-02  6.737e-02  9.227e-02  1.229e-01  1.585e-01  1.969e-01  2.366e-01  2.750e-01  3.104e-01  3.419e-01  3.692e-01  3.927e-01  4.130e-01  4.301e-01  4.443e-01  4.557e-01  4.649e-01  4.724e-01  4.782e-01  4.826e-01  4.859e-01  4.883e-01  4.902e-01  4.916e-01  4.928e-01  4.937e-01  4.946e-01  4.953e-01  4.960e-01  4.967e-01  4.974e-01  4.981e-01  4.988e-01  4.995e-01  5.002e-01  5.010e-01  5.018e-01  5.026e-01  5.034e-01 	
 3.055e-05  6.501e-04  1.097e-03  1.767e-03  2.715e-03  4.070e-03  6.065e-03  9.084e-03  1.341e-02  1.997e-02  2.955e-02  4.267e-02  6.117e-02  8.469e-02  1.141e-01  1.488e-01  1.867e-01  2.266e-01  2.656e-01  3.020e-01  3.346e-01  3.631e-01  3.878e-01  4.090e-01  4.269e-01  4.417e-01  4.536e-01  4.632e-01  4.709e-01  4.769e-01  4.814e-01  4.848e-01  4.873e-01  4.892e-01  4.907e-01  4.919e-01  4.929e-01  4.937e-01  4.945e-01  4.952e-01  4.959e-01  4.966e-01  4.973e-01  4.981e-01  4.988e-01  4.995e-01  5.003e-01  5.011e-01  5.020e-01  5.028e-01 	
 1.999e-05  5.666e-04  9.426e-04  1.520e-03  2.339e-03  3.512e-03  5.247e-03  7.885e-03  1.169e-02  1.752e-02  2.611e-02  3.804e-02  5.510e-02  7.715e-02  1.051e-01  1.388e-01  1.762e-01  2.161e-01  2.556e-01  2.930e-01  3.268e-01  3.565e-01  3.824e-01  4.046e-01  4.234e-01  4.389e-01  4.513e-01  4.612e-01  4.692e-01  4.754e-01  4.801e-01  4.836e-01  4.862e-01  4.881e-01  4.897e-01  4.909e-01  4.919e-01  4.928e-01  4.936e-01  4.943e-01  4.951e-01  4.958e-01  4.965e-01  4.972e-01  4.980e-01  4.988e-01  4.996e-01  5.004e-01  5.013e-01  5.021e-01 	
 1.259e-05  4.913e-04  8.045e-04  1.297e-03  1.998e-03  3.006e-03  4.502e-03  6.787e-03  1.011e-02  1.523e-02  2.286e-02  3.360e-02  4.919e-02  6.968e-02  9.615e-02  1.286e-01  1.652e-01  2.049e-01  2.449e-01  2.832e-01  3.182e-01  3.492e-01  3.764e-01  3.998e-01  4.195e-01  4.357e-01  4.487e-01  4.590e-01  4.673e-01  4.737e-01  4.786e-01  4.822e-01  4.849e-01  4.869e-01  4.885e-01  4.897e-01  4.908e-01  4.917e-01  4.926e-01  4.933e-01  4.941e-01  4.948e-01  4.956e-01  4.963e-01  4.971e-01  4.979e-01  4.987e-01  4.996e-01  5.005e-01  5.014e-01 	
 7.705e-06  4.235e-04  6.812e-04  1.098e-03  1.693e-03  2.550e-03  3.827e-03  5.787e-03  8.653e-03  1.310e-02  1.982e-02  2.938e-02  4.348e-02  6.232e-02  8.713e-02  1.181e-01  1.537e-01  1.931e-01  2.334e-01  2.725e-01  3.087e-01  3.411e-01  3.697e-01  3.943e-01  4.151e-01  4.321e-01  4.457e-01  4.565e-01  4.651e-01  4.718e-01  4.769e-01  4.806e-01  4.834e-01  4.855e-01  4.872e-01  4.885e-01  4.895e-01  4.905e-01  4.914e-01  4.922e-01  4.929e-01  4.937e-01  4.945e-01  4.953e-01  4.961e-01  4.969e-01  4.978e-01  4.987e-01  4.996e-01  5.005e-01 	
 4.758e-06  3.627e-04  5.718e-04  9.206e-04  1.420e-03  2.142e-03  3.221e-03  4.882e-03  7.327e-03  1.115e-02  1.698e-02  2.540e-02  3.798e-02  5.512e-02  7.811e-02  1.074e-01  1.418e-01  1.805e-01  2.210e-01  2.608e-01  2.982e-01  3.321e-01  3.621e-01  3.881e-01  4.101e-01  4.280e-01  4.423e-01  4.536e-01  4.626e-01  4.696e-01  4.749e-01  4.788e-01  4.817e-01  4.839e-01  4.856e-01  4.869e-01  4.881e-01  4.891e-01  4.900e-01  4.908e-01  4.916e-01  4.924e-01  4.932e-01  4.941e-01  4.949e-01  4.957e-01  4.966e-01  4.976e-01  4.985e-01  4.995e-01 	
 3.229e-06  3.085e-04  4.753e-04  7.636e-04  1.178e-03  1.779e-03  2.679e-03  4.070e-03  6.129e-03  9.374e-03  1.436e-02  2.166e-02  3.274e-02  4.811e-02  6.914e-02  9.653e-02  1.294e-01  1.673e-01  2.076e-01  2.480e-01  2.866e-01  3.219e-01  3.535e-01  3.811e-01  4.043e-01  4.232e-01  4.383e-01  4.502e-01  4.596e-01  4.670e-01  4.725e-01  4.766e-01  4.796e-01  4.819e-01  4.837e-01  4.851e-01  4.863e-01  4.873e-01  4.883e-01  4.891e-01  4.900e-01  4.908e-01  4.917e-01  4.925e-01  4.934e-01  4.943e-01  4.953e-01  4.962e-01  4.973e-01  4.983e-01 	
 2.690e-06  2.603e-04  3.910e-04  6.255e-04  9.645e-04  1.457e-03  2.198e-03  3.347e-03  5.054e-03  7.764e-03  1.197e-02  1.819e-02  2.779e-02  4.135e-02  6.029e-02  8.553e-02  1.166e-01  1.532e-01  1.930e-01  2.339e-01  2.735e-01  3.104e-01  3.437e-01  3.729e-01  3.975e-01  4.176e-01  4.335e-01  4.461e-01  4.560e-01  4.638e-01  4.696e-01  4.738e-01  4.770e-01  4.794e-01  4.813e-01  4.828e-01  4.841e-01  4.852e-01  4.861e-01  4.871e-01  4.880e-01  4.889e-01  4.897e-01  4.907e-01  4.916e-01  4.925e-01  4.935e-01  4.946e-01  4.956e-01  4.967e-01 	
 2.834e-06  2.176e-04  3.178e-04  5.052e-04  7.780e-04  1.176e-03  1.776e-03  2.708e-03  4.100e-03  6.322e-03  9.798e-03  1.501e-02  2.315e-02  3.488e-02  5.163e-02  7.449e-02  1.034e-01  1.383e-01  1.773e-01  2.182e-01  2.588e-01  2.972e-01  3.323e-01  3.632e-01  3.895e-01  4.108e-01  4.278e-01  4.411e-01  4.516e-01  4.598e-01  4.659e-01  4.704e-01  4.738e-01  4.764e-01  4.783e-01  4.799e-01  4.812e-01  4.824e-01  4.835e-01  4.845e-01  4.854e-01  4.863e-01  4.873e-01  4.883e-01  4.892e-01  4.902e-01  4.913e-01  4.924e-01  4.935e-01  4.947e-01 	
 3.494e-06  1.801e-04  2.551e-04  4.012e-04  6.162e-04  9.311e-04  1.407e-03  2.148e-03  3.260e-03  5.043e-03  7.853e-03  1.211e-02  1.886e-02  2.877e-02  4.323e-02  6.348e-02  8.981e-02  1.226e-01  1.603e-01  2.009e-01  2.422e-01  2.820e-01  3.189e-01  3.518e-01  3.798e-01  4.026e-01  4.207e-01  4.348e-01  4.460e-01  4.547e-01  4.612e-01  4.661e-01  4.697e-01  4.724e-01  4.745e-01  4.762e-01  4.776e-01  4.788e-01  4.800e-01  4.810e-01  4.820e-01  4.830e-01  4.841e-01  4.851e-01  4.861e-01  4.872e-01  4.884e-01  4.896e-01  4.908e-01  4.920e-01 	
 4.658e-06  1.473e-04  2.021e-04  3.125e-04  4.776e-04  7.207e-04  1.089e-03  1.664e-03  2.529e-03  3.924e-03  6.134e-03  9.520e-03  1.495e-02  2.308e-02  3.521e-02  5.265e-02  7.605e-02  1.061e-01  1.419e-01  1.816e-01  2.231e-01  2.642e-01  3.030e-01  3.380e-01  3.680e-01  3.924e-01  4.117e-01  4.269e-01  4.389e-01  4.482e-01  4.552e-01  4.603e-01  4.642e-01  4.671e-01  4.694e-01  4.712e-01  4.727e-01  4.741e-01  4.753e-01  4.764e-01  4.776e-01  4.786e-01  4.797e-01  4.809e-01  4.820e-01  4.832e-01  4.844e-01  4.857e-01  4.870e-01  4.883e-01 	
 6.505e-06  1.189e-04  1.584e-04  2.383e-04  3.607e-04  5.424e-04  8.189e-04  1.251e-03  1.903e-03  2.958e-03  4.640e-03  7.239e-03  1.146e-02  1.788e-02  2.768e-02  4.218e-02  6.227e-02  8.901e-02  1.221e-01  1.602e-01  2.014e-01  2.434e-01  2.840e-01  3.211e-01  3.532e-01  3.795e-01  4.003e-01  4.166e-01  4.295e-01  4.395e-01  4.471e-01  4.526e-01  4.568e-01  4.600e-01  4.624e-01  4.644e-01  4.661e-01  4.676e-01  4.689e-01  4.702e-01  4.714e-01  4.726e-01  4.738e-01  4.751e-01  4.763e-01  4.776e-01  4.790e-01  4.804e-01  4.818e-01  4.833e-01 	
 9.493e-06  9.511e-05  1.237e-04  1.780e-04  2.644e-04  3.945e-04  5.936e-04  9.049e-04  1.377e-03  2.143e-03  3.368e-03  5.278e-03  8.409e-03  1.325e-02  2.080e-02  3.228e-02  4.877e-02  7.160e-02  1.011e-01  1.366e-01  1.766e-01  2.188e-01  2.609e-01  3.002e-01  3.345e-01  3.628e-01  3.853e-01  4.030e-01  4.170e-01  4.278e-01  4.360e-01  4.421e-01  4.466e-01  4.501e-01  4.528e-01  4.550e-01  4.569e-01  4.585e-01  4.600e-01  4.614e-01  4.628e-01  4.641e-01  4.655e-01  4.669e-01  4.683e-01  4.697e-01  4.712e-01  4.728e-01  4.744e-01  4.761e-01 	
 1.463e-05  7.638e-05  9.843e-05  1.320e-04  1.887e-04  2.765e-04  4.121e-04  6.244e-04  9.480e-04  1.474e-03  2.317e-03  3.644e-03  5.833e-03  9.267e-03  1.473e-02  2.327e-02  3.598e-02  5.437e-02  7.931e-02  1.109e-01  1.484e-01  1.899e-01  2.328e-01  2.739e-01  3.105e-01  3.409e-01  3.653e-01  3.845e-01  3.997e-01  4.116e-01  4.206e-01  4.273e-01  4.323e-01  4.362e-01  4.392e-01  4.416e-01  4.437e-01  4.456e-01  4.473e-01  4.489e-01  4.504e-01  4.519e-01  4.535e-01  4.551e-01  4.566e-01  4.583e-01  4.601e-01  4.619e-01  4.637e-01  4.656e-01 	
 2.422e-05  6.478e-05  8.414e-05  1.019e-04  1.351e-04  1.892e-04  2.746e-04  4.090e-04  6.148e-04  9.498e-04  1.489e-03  2.342e-03  3.757e-03  6.005e-03  9.644e-03  1.547e-02  2.447e-02  3.809e-02  5.762e-02  8.396e-02  1.172e-01  1.562e-01  1.986e-01  2.407e-01  2.792e-01  3.117e-01  3.380e-01  3.590e-01  3.756e-01  3.886e-01  3.986e-01  4.060e-01  4.116e-01  4.159e-01  4.193e-01  4.221e-01  4.245e-01  4.266e-01  4.286e-01  4.304e-01  4.322e-01  4.340e-01  4.358e-01  4.376e-01  4.395e-01  4.414e-01  4.435e-01  4.456e-01  4.477e-01  4.499e-01 	
 4.441e-05  6.648e-05  8.566e-05  9.336e-05  1.088e-04  1.379e-04  1.862e-04  2.628e-04  3.812e-04  5.740e-04  8.845e-04  1.380e-03  2.203e-03  3.525e-03  5.694e-03  9.236e-03  1.489e-02  2.386e-02  3.751e-02  5.728e-02  8.426e-02  1.183e-01  1.578e-01  1.992e-01  2.384e-01  2.725e-01  3.006e-01  3.231e-01  3.413e-01  3.556e-01  3.666e-01  3.749e-01  3.813e-01  3.861e-01  3.900e-01  3.932e-01  3.960e-01  3.984e-01  4.007e-01  4.029e-01  4.049e-01  4.070e-01  4.091e-01  4.113e-01  4.135e-01  4.158e-01  4.183e-01  4.208e-01  4.234e-01  4.260e-01 	
 9.522e-05  1.023e-04  1.205e-04  1.249e-04  1.296e-04  1.425e-04  1.668e-04  2.062e-04  2.672e-04  3.658e-04  5.242e-04  7.779e-04  1.199e-03  1.880e-03  3.007e-03  4.874e-03  7.940e-03  1.299e-02  2.114e-02  3.388e-02  5.285e-02  7.912e-02  1.122e-01  1.495e-01  1.868e-01  2.207e-01  2.495e-01  2.732e-01  2.926e-01  3.081e-01  3.201e-01  3.294e-01  3.364e-01  3.419e-01  3.463e-01  3.500e-01  3.532e-01  3.561e-01  3.587e-01  3.613e-01  3.637e-01  3.662e-01  3.687e-01  3.713e-01  3.739e-01  3.767e-01  3.796e-01  3.827e-01  3.858e-01  3.891e-01 	
 2.708e-04  2.664e-04  2.775e-04  2.866e-04  2.913e-04  3.009e-04  3.187e-04  3.452e-04  3.832e-04  4.397e-04  5.250e-04  6.563e-04  8.660e-04  1.200e-03  1.745e-03  2.646e-03  4.147e-03  6.696e-03  1.095e-02  1.795e-02  2.914e-02  4.598e-02  6.919e-02  9.766e-02  1.285e-01  1.585e-01  1.853e-01  2.083e-01  2.277e-01  2.435e-01  2.560e-01  2.658e-01  2.734e-01  2.794e-01  2.843e-01  2.884e-01  2.920e-01  2.953e-01  2.983e-01  3.012e-01  3.040e-01  3.068e-01  3.097e-01  3.127e-01  3.158e-01  3.190e-01  3.225e-01  3.261e-01  3.299e-01  3.338e-01 	
