0.0011951218568796483
0.0013240767354086853
0.0015793616728302148
0.0019415483049370502
0.0023960562651544302
0.0029723240895257186
0.0037511531537167725
0.0047977360138436315
0.006194463753182002
0.008169556226077967
0.010886913528516735
0.014546049724452007
0.019828703645844516
0.02698611925379232
0.03685384336071778
0.04952915409825466
0.06547669437126694
0.08428524091655988
0.10555801065727473
0.1298688492196241
0.15715951280182397
0.18780948320922822
0.22219064785169174
0.2589293389216658
0.29593246105455606
0.3306868931993266
0.36178119076045334
0.38904319485901306
0.4126915141600999
0.4322414833071172
0.44771501706021766
0.45971577039093625
0.46896993689748045
0.47617541778538797
0.48192275383545513
0.48665054752083925
0.4906838318540092
0.49428827884698445
0.49758239364212015
0.5006803816157339
0.5036824770733869
0.5066485279217786
0.5096918548719688
0.5128166121548872
0.5158660954279868
0.5191287763075825
0.5225215099034566
0.5259902276750736
0.5295561820226442
0.5330975743053674