 4.885e+02  4.927e+02  5.308e+02  5.759e+02  5.956e+02  5.908e+02  5.720e+02  5.465e+02  5.182e+02  4.889e+02  4.595e+02  4.306e+02  4.026e+02  3.759e+02  3.506e+02  3.271e+02  3.054e+02  2.857e+02  2.679e+02  2.522e+02  2.385e+02  2.269e+02  2.174e+02  2.101e+02  2.049e+02  2.020e+02  2.013e+02  2.030e+02  2.071e+02  2.136e+02  2.227e+02  2.344e+02  2.488e+02  2.660e+02  2.859e+02  3.088e+02  3.345e+02  3.633e+02  3.951e+02  4.299e+02  4.678e+02  5.089e+02  5.531e+02  6.004e+02  6.508e+02  7.044e+02  7.611e+02  8.208e+02  8.836e+02  9.494e+02 	
 4.222e+02  4.249e+02  4.591e+02  5.010e+02  5.210e+02  5.198e+02  5.062e+02  4.867e+02  4.644e+02  4.408e+02  4.166e+02  3.923e+02  3.684e+02  3.453e+02  3.231e+02  3.023e+02  2.829e+02  2.651e+02  2.489e+02  2.346e+02  2.220e+02  2.113e+02  2.026e+02  1.958e+02  1.910e+02  1.884e+02  1.879e+02  1.897e+02  1.939e+02  2.005e+02  2.098e+02  2.217e+02  2.364e+02  2.540e+02  2.746e+02  2.983e+02  3.253e+02  3.555e+02  3.892e+02  4.263e+02  4.670e+02  5.113e+02  5.592e+02  6.108e+02  6.662e+02  7.252e+02  7.880e+02  8.546e+02  9.248e+02  9.988e+02 	
 3.557e+02  3.565e+02  3.839e+02  4.181e+02  4.344e+02  4.332e+02  4.218e+02  4.055e+02  3.870e+02  3.674e+02  3.473e+02  3.271e+02  3.073e+02  2.881e+02  2.698e+02  2.526e+02  2.367e+02  2.220e+02  2.089e+02  1.972e+02  1.871e+02  1.787e+02  1.719e+02  1.669e+02  1.636e+02  1.623e+02  1.628e+02  1.655e+02  1.702e+02  1.772e+02  1.865e+02  1.982e+02  2.124e+02  2.293e+02  2.490e+02  2.715e+02  2.969e+02  3.254e+02  3.570e+02  3.917e+02  4.298e+02  4.711e+02  5.158e+02  5.640e+02  6.156e+02  6.706e+02  7.292e+02  7.912e+02  8.567e+02  9.257e+02 	
 2.993e+02  2.990e+02  3.205e+02  3.480e+02  3.608e+02  3.592e+02  3.493e+02  3.354e+02  3.197e+02  3.032e+02  2.865e+02  2.697e+02  2.533e+02  2.375e+02  2.225e+02  2.085e+02  1.955e+02  1.838e+02  1.733e+02  1.641e+02  1.563e+02  1.499e+02  1.449e+02  1.415e+02  1.396e+02  1.394e+02  1.410e+02  1.443e+02  1.495e+02  1.566e+02  1.659e+02  1.772e+02  1.909e+02  2.069e+02  2.253e+02  2.463e+02  2.699e+02  2.962e+02  3.253e+02  3.574e+02  3.923e+02  4.303e+02  4.713e+02  5.154e+02  5.627e+02  6.131e+02  6.668e+02  7.236e+02  7.837e+02  8.470e+02 	
 2.565e+02  2.561e+02  2.743e+02  2.976e+02  3.085e+02  3.071e+02  2.985e+02  2.866e+02  2.732e+02  2.591e+02  2.448e+02  2.306e+02  2.166e+02  2.032e+02  1.905e+02  1.787e+02  1.678e+02  1.580e+02  1.494e+02  1.419e+02  1.356e+02  1.306e+02  1.270e+02  1.247e+02  1.239e+02  1.246e+02  1.269e+02  1.308e+02  1.365e+02  1.440e+02  1.535e+02  1.649e+02  1.784e+02  1.941e+02  2.121e+02  2.325e+02  2.553e+02  2.807e+02  3.086e+02  3.392e+02  3.726e+02  4.087e+02  4.477e+02  4.896e+02  5.344e+02  5.821e+02  6.328e+02  6.865e+02  7.431e+02  8.028e+02 	
 2.234e+02  2.231e+02  2.393e+02  2.598e+02  2.695e+02  2.685e+02  2.611e+02  2.509e+02  2.393e+02  2.271e+02  2.147e+02  2.024e+02  1.903e+02  1.787e+02  1.677e+02  1.576e+02  1.483e+02  1.399e+02  1.326e+02  1.264e+02  1.213e+02  1.174e+02  1.148e+02  1.134e+02  1.134e+02  1.148e+02  1.177e+02  1.222e+02  1.284e+02  1.363e+02  1.460e+02  1.576e+02  1.713e+02  1.870e+02  2.049e+02  2.251e+02  2.476e+02  2.726e+02  3.000e+02  3.300e+02  3.627e+02  3.980e+02  4.361e+02  4.769e+02  5.206e+02  5.670e+02  6.164e+02  6.685e+02  7.236e+02  7.815e+02 	
 1.976e+02  1.976e+02  2.124e+02  2.310e+02  2.398e+02  2.390e+02  2.326e+02  2.236e+02  2.133e+02  2.026e+02  1.916e+02  1.807e+02  1.700e+02  1.598e+02  1.502e+02  1.413e+02  1.333e+02  1.261e+02  1.199e+02  1.147e+02  1.106e+02  1.077e+02  1.059e+02  1.054e+02  1.062e+02  1.083e+02  1.119e+02  1.171e+02  1.239e+02  1.323e+02  1.425e+02  1.547e+02  1.687e+02  1.848e+02  2.031e+02  2.235e+02  2.463e+02  2.714e+02  2.989e+02  3.289e+02  3.615e+02  3.967e+02  4.345e+02  4.750e+02  5.182e+02  5.641e+02  6.128e+02  6.643e+02  7.185e+02  7.755e+02 	
 1.758e+02  1.761e+02  1.894e+02  2.062e+02  2.142e+02  2.136e+02  2.079e+02  1.999e+02  1.908e+02  1.813e+02  1.716e+02  1.619e+02  1.525e+02  1.435e+02  1.351e+02  1.273e+02  1.203e+02  1.142e+02  1.090e+02  1.048e+02  1.016e+02  9.945e+01  9.848e+01  9.872e+01  1.002e+02  1.031e+02  1.074e+02  1.131e+02  1.205e+02  1.295e+02  1.402e+02  1.528e+02  1.673e+02  1.839e+02  2.025e+02  2.232e+02  2.463e+02  2.716e+02  2.993e+02  3.295e+02  3.621e+02  3.973e+02  4.350e+02  4.754e+02  5.184e+02  5.641e+02  6.125e+02  6.635e+02  7.173e+02  7.737e+02 	
 1.569e+02  1.571e+02  1.690e+02  1.839e+02  1.911e+02  1.905e+02  1.855e+02  1.783e+02  1.702e+02  1.618e+02  1.531e+02  1.446e+02  1.363e+02  1.284e+02  1.211e+02  1.144e+02  1.084e+02  1.032e+02  9.894e+01  9.559e+01  9.322e+01  9.191e+01  9.170e+01  9.267e+01  9.488e+01  9.839e+01  1.033e+02  1.097e+02  1.176e+02  1.271e+02  1.384e+02  1.515e+02  1.664e+02  1.833e+02  2.023e+02  2.234e+02  2.467e+02  2.722e+02  3.001e+02  3.304e+02  3.630e+02  3.982e+02  4.359e+02  4.761e+02  5.188e+02  5.642e+02  6.122e+02  6.627e+02  7.158e+02  7.716e+02 	
 1.406e+02  1.408e+02  1.514e+02  1.648e+02  1.711e+02  1.706e+02  1.661e+02  1.597e+02  1.525e+02  1.449e+02  1.372e+02  1.297e+02  1.224e+02  1.155e+02  1.091e+02  1.033e+02  9.820e+01  9.389e+01  9.043e+01  8.788e+01  8.629e+01  8.573e+01  8.625e+01  8.792e+01  9.081e+01  9.500e+01  1.006e+02  1.076e+02  1.161e+02  1.263e+02  1.381e+02  1.518e+02  1.673e+02  1.847e+02  2.042e+02  2.257e+02  2.495e+02  2.754e+02  3.036e+02  3.342e+02  3.671e+02  4.025e+02  4.403e+02  4.806e+02  5.234e+02  5.687e+02  6.165e+02  6.668e+02  7.197e+02  7.751e+02 	
 1.267e+02  1.268e+02  1.364e+02  1.484e+02  1.541e+02  1.537e+02  1.496e+02  1.439e+02  1.375e+02  1.307e+02  1.239e+02  1.172e+02  1.108e+02  1.047e+02  9.912e+01  9.415e+01  8.986e+01  8.633e+01  8.363e+01  8.181e+01  8.094e+01  8.109e+01  8.231e+01  8.468e+01  8.826e+01  9.314e+01  9.939e+01  1.071e+02  1.163e+02  1.272e+02  1.397e+02  1.541e+02  1.703e+02  1.884e+02  2.085e+02  2.308e+02  2.552e+02  2.818e+02  3.107e+02  3.419e+02  3.754e+02  4.114e+02  4.497e+02  4.905e+02  5.338e+02  5.796e+02  6.278e+02  6.785e+02  7.316e+02  7.872e+02 	
 1.148e+02  1.150e+02  1.237e+02  1.346e+02  1.398e+02  1.394e+02  1.358e+02  1.307e+02  1.249e+02  1.188e+02  1.127e+02  1.067e+02  1.010e+02  9.568e+01  9.085e+01  8.660e+01  8.304e+01  8.023e+01  7.824e+01  7.714e+01  7.700e+01  7.788e+01  7.985e+01  8.297e+01  8.734e+01  9.302e+01  1.001e+02  1.086e+02  1.188e+02  1.305e+02  1.440e+02  1.593e+02  1.765e+02  1.956e+02  2.168e+02  2.401e+02  2.655e+02  2.932e+02  3.231e+02  3.554e+02  3.899e+02  4.269e+02  4.663e+02  5.080e+02  5.522e+02  5.989e+02  6.479e+02  6.994e+02  7.533e+02  8.096e+02 	
 1.044e+02  1.046e+02  1.126e+02  1.227e+02  1.275e+02  1.272e+02  1.239e+02  1.193e+02  1.141e+02  1.087e+02  1.033e+02  9.795e+01  9.291e+01  8.825e+01  8.409e+01  8.052e+01  7.764e+01  7.551e+01  7.421e+01  7.382e+01  7.439e+01  7.601e+01  7.873e+01  8.265e+01  8.784e+01  9.438e+01  1.024e+02  1.118e+02  1.229e+02  1.357e+02  1.503e+02  1.667e+02  1.850e+02  2.054e+02  2.278e+02  2.524e+02  2.792e+02  3.082e+02  3.395e+02  3.732e+02  4.092e+02  4.477e+02  4.885e+02  5.318e+02  5.775e+02  6.256e+02  6.762e+02  7.291e+02  7.845e+02  8.422e+02 	
 9.495e+01  9.516e+01  1.024e+02  1.116e+02  1.159e+02  1.157e+02  1.127e+02  1.086e+02  1.039e+02  9.902e+01  9.417e+01  8.948e+01  8.507e+01  8.106e+01  7.756e+01  7.467e+01  7.247e+01  7.105e+01  7.047e+01  7.082e+01  7.216e+01  7.458e+01  7.815e+01  8.295e+01  8.906e+01  9.657e+01  1.056e+02  1.161e+02  1.284e+02  1.423e+02  1.581e+02  1.758e+02  1.954e+02  2.171e+02  2.409e+02  2.669e+02  2.951e+02  3.256e+02  3.584e+02  3.935e+02  4.309e+02  4.708e+02  5.130e+02  5.576e+02  6.047e+02  6.541e+02  7.058e+02  7.599e+02  8.164e+02  8.751e+02 	
 8.641e+01  8.659e+01  9.320e+01  1.015e+02  1.055e+02  1.053e+02  1.027e+02  9.893e+01  9.475e+01  9.043e+01  8.615e+01  8.205e+01  7.825e+01  7.487e+01  7.201e+01  6.976e+01  6.823e+01  6.749e+01  6.761e+01  6.869e+01  7.080e+01  7.402e+01  7.843e+01  8.411e+01  9.115e+01  9.963e+01  1.097e+02  1.213e+02  1.346e+02  1.498e+02  1.668e+02  1.858e+02  2.068e+02  2.298e+02  2.551e+02  2.825e+02  3.122e+02  3.442e+02  3.785e+02  4.152e+02  4.542e+02  4.957e+02  5.395e+02  5.857e+02  6.343e+02  6.852e+02  7.385e+02  7.941e+02  8.520e+02  9.121e+02 	
 7.876e+01  7.891e+01  8.490e+01  9.243e+01  9.605e+01  9.586e+01  9.348e+01  9.011e+01  8.636e+01  8.252e+01  7.874e+01  7.518e+01  7.194e+01  6.914e+01  6.688e+01  6.527e+01  6.439e+01  6.433e+01  6.518e+01  6.701e+01  6.992e+01  7.398e+01  7.927e+01  8.589e+01  9.393e+01  1.035e+02  1.146e+02  1.274e+02  1.419e+02  1.584e+02  1.767e+02  1.970e+02  2.194e+02  2.438e+02  2.705e+02  2.994e+02  3.305e+02  3.639e+02  3.996e+02  4.377e+02  4.781e+02  5.208e+02  5.659e+02  6.133e+02  6.630e+02  7.150e+02  7.692e+02  8.257e+02  8.843e+02  9.451e+02 	
 7.196e+01  7.210e+01  7.759e+01  8.450e+01  8.784e+01  8.771e+01  8.559e+01  8.259e+01  7.927e+01  7.588e+01  7.260e+01  6.955e+01  6.684e+01  6.461e+01  6.294e+01  6.195e+01  6.172e+01  6.235e+01  6.392e+01  6.653e+01  7.025e+01  7.519e+01  8.142e+01  8.903e+01  9.812e+01  1.088e+02  1.211e+02  1.351e+02  1.510e+02  1.688e+02  1.885e+02  2.103e+02  2.342e+02  2.603e+02  2.885e+02  3.191e+02  3.519e+02  3.870e+02  4.244e+02  4.642e+02  5.063e+02  5.507e+02  5.974e+02  6.465e+02  6.978e+02  7.513e+02  8.070e+02  8.649e+02  9.249e+02  9.870e+02 	
 6.598e+01  6.615e+01  7.125e+01  7.764e+01  8.076e+01  8.068e+01  7.880e+01  7.612e+01  7.316e+01  7.019e+01  6.735e+01  6.478e+01  6.260e+01  6.092e+01  5.985e+01  5.951e+01  5.998e+01  6.137e+01  6.376e+01  6.726e+01  7.195e+01  7.793e+01  8.528e+01  9.412e+01  1.045e+02  1.166e+02  1.304e+02  1.460e+02  1.635e+02  1.830e+02  2.046e+02  2.283e+02  2.541e+02  2.822e+02  3.125e+02  3.451e+02  3.800e+02  4.173e+02  4.568e+02  4.987e+02  5.429e+02  5.893e+02  6.381e+02  6.890e+02  7.422e+02  7.975e+02  8.550e+02  9.145e+02  9.760e+02  1.039e+03 	
 6.041e+01  6.059e+01  6.531e+01  7.122e+01  7.413e+01  7.412e+01  7.248e+01  7.012e+01  6.755e+01  6.499e+01  6.261e+01  6.054e+01  5.890e+01  5.780e+01  5.737e+01  5.771e+01  5.892e+01  6.112e+01  6.440e+01  6.885e+01  7.458e+01  8.168e+01  9.025e+01  1.004e+02  1.122e+02  1.257e+02  1.411e+02  1.583e+02  1.776e+02  1.990e+02  2.224e+02  2.481e+02  2.759e+02  3.060e+02  3.385e+02  3.732e+02  4.102e+02  4.496e+02  4.913e+02  5.353e+02  5.816e+02  6.301e+02  6.808e+02  7.338e+02  7.888e+02  8.459e+02  9.051e+02  9.662e+02  1.029e+03  1.094e+03 	
 5.511e+01  5.527e+01  5.956e+01  6.495e+01  6.762e+01  6.765e+01  6.621e+01  6.415e+01  6.194e+01  5.979e+01  5.787e+01  5.630e+01  5.522e+01  5.473e+01  5.496e+01  5.603e+01  5.805e+01  6.111e+01  6.533e+01  7.081e+01  7.765e+01  8.594e+01  9.579e+01  1.073e+02  1.205e+02  1.356e+02  1.526e+02  1.715e+02  1.925e+02  2.156e+02  2.409e+02  2.684e+02  2.981e+02  3.301e+02  3.644e+02  4.009e+02  4.398e+02  4.809e+02  5.242e+02  5.698e+02  6.176e+02  6.675e+02  7.195e+02  7.736e+02  8.296e+02  8.876e+02  9.475e+02  1.009e+03  1.072e+03  1.138e+03 	
 5.021e+01  5.034e+01  5.424e+01  5.914e+01  6.159e+01  6.165e+01  6.041e+01  5.865e+01  5.679e+01  5.505e+01  5.358e+01  5.251e+01  5.198e+01  5.211e+01  5.301e+01  5.481e+01  5.762e+01  6.156e+01  6.672e+01  7.322e+01  8.115e+01  9.061e+01  1.017e+02  1.145e+02  1.291e+02  1.456e+02  1.641e+02  1.846e+02  2.072e+02  2.319e+02  2.587e+02  2.878e+02  3.191e+02  3.527e+02  3.885e+02  4.265e+02  4.667e+02  5.091e+02  5.537e+02  6.004e+02  6.491e+02  6.999e+02  7.526e+02  8.073e+02  8.637e+02  9.220e+02  9.819e+02  1.043e+03  1.107e+03  1.171e+03 	
 4.574e+01  4.586e+01  4.940e+01  5.388e+01  5.613e+01  5.624e+01  5.519e+01  5.371e+01  5.218e+01  5.083e+01  4.980e+01  4.923e+01  4.924e+01  4.997e+01  5.155e+01  5.408e+01  5.770e+01  6.250e+01  6.861e+01  7.612e+01  8.513e+01  9.575e+01  1.081e+02  1.221e+02  1.381e+02  1.560e+02  1.758e+02  1.977e+02  2.217e+02  2.479e+02  2.762e+02  3.066e+02  3.393e+02  3.741e+02  4.111e+02  4.502e+02  4.914e+02  5.347e+02  5.801e+02  6.274e+02  6.766e+02  7.277e+02  7.806e+02  8.352e+02  8.914e+02  9.493e+02  1.009e+03  1.069e+03  1.131e+03  1.195e+03 	
 4.179e+01  4.192e+01  4.519e+01  4.932e+01  5.143e+01  5.161e+01  5.076e+01  4.955e+01  4.836e+01  4.740e+01  4.683e+01  4.677e+01  4.737e+01  4.875e+01  5.106e+01  5.441e+01  5.893e+01  6.472e+01  7.190e+01  8.057e+01  9.084e+01  1.028e+02  1.165e+02  1.321e+02  1.495e+02  1.690e+02  1.905e+02  2.140e+02  2.397e+02  2.675e+02  2.974e+02  3.294e+02  3.636e+02  3.999e+02  4.382e+02  4.786e+02  5.210e+02  5.653e+02  6.116e+02  6.596e+02  7.094e+02  7.609e+02  8.140e+02  8.686e+02  9.247e+02  9.821e+02  1.041e+03  1.101e+03  1.162e+03  1.224e+03 	
 3.823e+01  3.838e+01  4.143e+01  4.528e+01  4.729e+01  4.755e+01  4.691e+01  4.599e+01  4.516e+01  4.461e+01  4.452e+01  4.502e+01  4.626e+01  4.837e+01  5.149e+01  5.575e+01  6.128e+01  6.818e+01  7.658e+01  8.656e+01  9.823e+01  1.117e+02  1.269e+02  1.442e+02  1.633e+02  1.845e+02  2.078e+02  2.331e+02  2.606e+02  2.902e+02  3.218e+02  3.556e+02  3.914e+02  4.293e+02  4.691e+02  5.108e+02  5.545e+02  5.999e+02  6.471e+02  6.959e+02  7.463e+02  7.982e+02  8.515e+02  9.062e+02  9.621e+02  1.019e+03  1.077e+03  1.136e+03  1.196e+03  1.257e+03 	
 3.483e+01  3.497e+01  3.778e+01  4.132e+01  4.321e+01  4.354e+01  4.309e+01  4.245e+01  4.197e+01  4.185e+01  4.225e+01  4.333e+01  4.523e+01  4.810e+01  5.207e+01  5.727e+01  6.383e+01  7.185e+01  8.145e+01  9.271e+01  1.057e+02  1.206e+02  1.373e+02  1.560e+02  1.766e+02  1.993e+02  2.240e+02  2.508e+02  2.796e+02  3.104e+02  3.432e+02  3.780e+02  4.147e+02  4.533e+02  4.937e+02  5.358e+02  5.796e+02  6.250e+02  6.719e+02  7.202e+02  7.699e+02  8.209e+02  8.730e+02  9.262e+02  9.804e+02  1.036e+03  1.091e+03  1.148e+03  1.206e+03  1.264e+03 	
 3.164e+01  3.177e+01  3.433e+01  3.757e+01  3.935e+01  3.974e+01  3.949e+01  3.915e+01  3.903e+01  3.935e+01  4.027e+01  4.194e+01  4.452e+01  4.815e+01  5.296e+01  5.909e+01  6.665e+01  7.574e+01  8.647e+01  9.891e+01  1.131e+02  1.292e+02  1.472e+02  1.671e+02  1.889e+02  2.128e+02  2.385e+02  2.663e+02  2.960e+02  3.275e+02  3.610e+02  3.962e+02  4.332e+02  4.718e+02  5.121e+02  5.539e+02  5.972e+02  6.418e+02  6.877e+02  7.348e+02  7.830e+02  8.322e+02  8.824e+02  9.334e+02  9.851e+02  1.038e+03  1.091e+03  1.144e+03  1.198e+03  1.252e+03 	
 2.875e+01  2.887e+01  3.121e+01  3.419e+01  3.586e+01  3.633e+01  3.627e+01  3.620e+01  3.644e+01  3.719e+01  3.862e+01  4.088e+01  4.413e+01  4.852e+01  5.416e+01  6.119e+01  6.972e+01  7.983e+01  9.162e+01  1.052e+02  1.205e+02  1.376e+02  1.567e+02  1.776e+02  2.004e+02  2.251e+02  2.516e+02  2.800e+02  3.101e+02  3.420e+02  3.755e+02  4.107e+02  4.474e+02  4.855e+02  5.250e+02  5.658e+02  6.078e+02  6.510e+02  6.951e+02  7.402e+02  7.862e+02  8.329e+02  8.803e+02  9.283e+02  9.768e+02  1.026e+03  1.075e+03  1.125e+03  1.175e+03  1.225e+03 	
 2.614e+01  2.627e+01  2.843e+01  3.119e+01  3.281e+01  3.337e+01  3.353e+01  3.376e+01  3.438e+01  3.558e+01  3.755e+01  4.043e+01  4.439e+01  4.955e+01  5.604e+01  6.399e+01  7.349e+01  8.461e+01  9.743e+01  1.120e+02  1.284e+02  1.465e+02  1.665e+02  1.883e+02  2.119e+02  2.372e+02  2.643e+02  2.931e+02  3.234e+02  3.554e+02  3.888e+02  4.236e+02  4.598e+02  4.972e+02  5.357e+02  5.754e+02  6.160e+02  6.574e+02  6.997e+02  7.427e+02  7.863e+02  8.305e+02  8.751e+02  9.201e+02  9.654e+02  1.011e+03  1.057e+03  1.102e+03  1.148e+03  1.194e+03 	
 2.382e+01  2.396e+01  2.598e+01  2.858e+01  3.016e+01  3.084e+01  3.123e+01  3.179e+01  3.282e+01  3.453e+01  3.709e+01  4.068e+01  4.542e+01  5.147e+01  5.893e+01  6.791e+01  7.850e+01  9.075e+01  1.047e+02  1.204e+02  1.379e+02  1.572e+02  1.782e+02  2.009e+02  2.253e+02  2.513e+02  2.789e+02  3.080e+02  3.386e+02  3.705e+02  4.037e+02  4.380e+02  4.734e+02  5.099e+02  5.472e+02  5.854e+02  6.243e+02  6.638e+02  7.039e+02  7.445e+02  7.854e+02  8.267e+02  8.681e+02  9.098e+02  9.515e+02  9.933e+02  1.035e+03  1.077e+03  1.118e+03  1.160e+03 	
 2.166e+01  2.182e+01  2.371e+01  2.616e+01  2.772e+01  2.854e+01  2.917e+01  3.008e+01  3.155e+01  3.379e+01  3.698e+01  4.128e+01  4.683e+01  5.375e+01  6.216e+01  7.213e+01  8.373e+01  9.701e+01  1.120e+02  1.287e+02  1.471e+02  1.671e+02  1.888e+02  2.122e+02  2.370e+02  2.633e+02  2.910e+02  3.200e+02  3.502e+02  3.816e+02  4.140e+02  4.474e+02  4.816e+02  5.166e+02  5.523e+02  5.885e+02  6.253e+02  6.624e+02  6.999e+02  7.376e+02  7.755e+02  8.136e+02  8.516e+02  8.897e+02  9.276e+02  9.655e+02  1.003e+03  1.041e+03  1.078e+03  1.115e+03 	
 1.961e+01  1.976e+01  2.151e+01  2.379e+01  2.533e+01  2.626e+01  2.713e+01  2.837e+01  3.026e+01  3.300e+01  3.678e+01  4.173e+01  4.799e+01  5.566e+01  6.484e+01  7.559e+01  8.794e+01  1.019e+02  1.175e+02  1.348e+02  1.536e+02  1.739e+02  1.957e+02  2.189e+02  2.435e+02  2.693e+02  2.962e+02  3.243e+02  3.533e+02  3.832e+02  4.139e+02  4.453e+02  4.773e+02  5.098e+02  5.427e+02  5.760e+02  6.096e+02  6.434e+02  6.772e+02  7.112e+02  7.451e+02  7.789e+02  8.126e+02  8.462e+02  8.795e+02  9.126e+02  9.454e+02  9.778e+02  1.010e+03  1.042e+03 	
 1.774e+01  1.790e+01  1.953e+01  2.167e+01  2.320e+01  2.427e+01  2.540e+01  2.698e+01  2.930e+01  3.256e+01  3.691e+01  4.249e+01  4.943e+01  5.780e+01  6.766e+01  7.907e+01  9.203e+01  1.065e+02  1.226e+02  1.401e+02  1.591e+02  1.794e+02  2.010e+02  2.238e+02  2.477e+02  2.727e+02  2.986e+02  3.253e+02  3.528e+02  3.810e+02  4.097e+02  4.388e+02  4.684e+02  4.983e+02  5.283e+02  5.586e+02  5.889e+02  6.192e+02  6.495e+02  6.797e+02  7.097e+02  7.395e+02  7.691e+02  7.983e+02  8.273e+02  8.559e+02  8.841e+02  9.119e+02  9.393e+02  9.662e+02 	
 1.608e+01  1.625e+01  1.778e+01  1.983e+01  2.139e+01  2.262e+01  2.402e+01  2.597e+01  2.874e+01  3.252e+01  3.747e+01  4.369e+01  5.129e+01  6.033e+01  7.085e+01  8.286e+01  9.635e+01  1.113e+02  1.276e+02  1.453e+02  1.643e+02  1.844e+02  2.057e+02  2.279e+02  2.511e+02  2.750e+02  2.997e+02  3.250e+02  3.508e+02  3.771e+02  4.037e+02  4.306e+02  4.576e+02  4.848e+02  5.120e+02  5.392e+02  5.663e+02  5.933e+02  6.201e+02  6.466e+02  6.729e+02  6.989e+02  7.245e+02  7.498e+02  7.747e+02  7.991e+02  8.232e+02  8.467e+02  8.698e+02  8.925e+02 	
 1.456e+01  1.475e+01  1.621e+01  1.819e+01  1.979e+01  2.119e+01  2.288e+01  2.521e+01  2.844e+01  3.274e+01  3.825e+01  4.507e+01  5.327e+01  6.288e+01  7.393e+01  8.638e+01  1.002e+02  1.154e+02  1.318e+02  1.494e+02  1.681e+02  1.877e+02  2.083e+02  2.296e+02  2.517e+02  2.744e+02  2.975e+02  3.211e+02  3.450e+02  3.691e+02  3.934e+02  4.178e+02  4.422e+02  4.665e+02  4.908e+02  5.149e+02  5.387e+02  5.624e+02  5.857e+02  6.087e+02  6.314e+02  6.537e+02  6.756e+02  6.971e+02  7.181e+02  7.387e+02  7.588e+02  7.785e+02  7.977e+02  8.164e+02 	
 1.317e+01  1.337e+01  1.477e+01  1.669e+01  1.835e+01  1.995e+01  2.192e+01  2.463e+01  2.830e+01  3.309e+01  3.912e+01  4.646e+01  5.514e+01  6.519e+01  7.659e+01  8.928e+01  1.032e+02  1.183e+02  1.345e+02  1.517e+02  1.698e+02  1.887e+02  2.082e+02  2.284e+02  2.490e+02  2.700e+02  2.914e+02  3.129e+02  3.346e+02  3.564e+02  3.781e+02  3.998e+02  4.214e+02  4.428e+02  4.640e+02  4.849e+02  5.055e+02  5.258e+02  5.457e+02  5.653e+02  5.844e+02  6.032e+02  6.215e+02  6.394e+02  6.568e+02  6.738e+02  6.903e+02  7.063e+02  7.219e+02  7.371e+02 	
 1.189e+01  1.212e+01  1.346e+01  1.534e+01  1.706e+01  1.885e+01  2.111e+01  2.417e+01  2.825e+01  3.347e+01  3.992e+01  4.766e+01  5.668e+01  6.697e+01  7.850e+01  9.119e+01  1.050e+02  1.197e+02  1.354e+02  1.519e+02  1.690e+02  1.868e+02  2.050e+02  2.236e+02  2.425e+02  2.617e+02  2.809e+02  3.003e+02  3.196e+02  3.388e+02  3.579e+02  3.769e+02  3.956e+02  4.140e+02  4.322e+02  4.500e+02  4.675e+02  4.846e+02  5.013e+02  5.176e+02  5.334e+02  5.489e+02  5.639e+02  5.785e+02  5.927e+02  6.064e+02  6.197e+02  6.326e+02  6.450e+02  6.570e+02 	
 1.073e+01  1.097e+01  1.227e+01  1.412e+01  1.593e+01  1.790e+01  2.044e+01  2.383e+01  2.827e+01  3.385e+01  4.063e+01  4.863e+01  5.783e+01  6.818e+01  7.963e+01  9.208e+01  1.054e+02  1.196e+02  1.345e+02  1.500e+02  1.660e+02  1.824e+02  1.991e+02  2.160e+02  2.331e+02  2.502e+02  2.673e+02  2.844e+02  3.013e+02  3.180e+02  3.345e+02  3.508e+02  3.667e+02  3.824e+02  3.977e+02  4.126e+02  4.272e+02  4.414e+02  4.551e+02  4.685e+02  4.814e+02  4.940e+02  5.061e+02  5.179e+02  5.292e+02  5.401e+02  5.506e+02  5.608e+02  5.705e+02  5.799e+02 	
 9.687e+00  9.951e+00  1.123e+01  1.307e+01  1.497e+01  1.714e+01  1.994e+01  2.364e+01  2.839e+01  3.426e+01  4.129e+01  4.944e+01  5.869e+01  6.896e+01  8.018e+01  9.223e+01  1.050e+02  1.185e+02  1.324e+02  1.468e+02  1.615e+02  1.765e+02  1.916e+02  2.067e+02  2.219e+02  2.370e+02  2.520e+02  2.668e+02  2.815e+02  2.958e+02  3.099e+02  3.237e+02  3.371e+02  3.502e+02  3.629e+02  3.752e+02  3.872e+02  3.988e+02  4.100e+02  4.208e+02  4.312e+02  4.413e+02  4.509e+02  4.602e+02  4.691e+02  4.777e+02  4.859e+02  4.938e+02  5.013e+02  5.086e+02 	
 8.749e+00  9.040e+00  1.031e+01  1.216e+01  1.416e+01  1.652e+01  1.958e+01  2.355e+01  2.856e+01  3.464e+01  4.180e+01  4.999e+01  5.915e+01  6.919e+01  8.001e+01  9.151e+01  1.036e+02  1.161e+02  1.290e+02  1.422e+02  1.556e+02  1.690e+02  1.825e+02  1.959e+02  2.092e+02  2.224e+02  2.354e+02  2.481e+02  2.605e+02  2.727e+02  2.846e+02  2.961e+02  3.072e+02  3.181e+02  3.285e+02  3.386e+02  3.483e+02  3.577e+02  3.667e+02  3.753e+02  3.836e+02  3.915e+02  3.991e+02  4.064e+02  4.133e+02  4.199e+02  4.263e+02  4.323e+02  4.380e+02  4.435e+02 	
 7.898e+00  8.218e+00  9.483e+00  1.135e+01  1.345e+01  1.598e+01  1.924e+01  2.342e+01  2.859e+01  3.476e+01  4.191e+01  4.997e+01  5.886e+01  6.847e+01  7.871e+01  8.946e+01  1.006e+02  1.121e+02  1.238e+02  1.356e+02  1.475e+02  1.593e+02  1.711e+02  1.827e+02  1.942e+02  2.054e+02  2.164e+02  2.271e+02  2.376e+02  2.477e+02  2.574e+02  2.669e+02  2.760e+02  2.847e+02  2.931e+02  3.012e+02  3.090e+02  3.164e+02  3.234e+02  3.302e+02  3.366e+02  3.428e+02  3.486e+02  3.542e+02  3.595e+02  3.645e+02  3.693e+02  3.738e+02  3.781e+02  3.822e+02 	
 7.137e+00  7.487e+00  8.757e+00  1.064e+01  1.284e+01  1.553e+01  1.895e+01  2.327e+01  2.852e+01  3.468e+01  4.171e+01  4.951e+01  5.799e+01  6.704e+01  7.657e+01  8.646e+01  9.662e+01  1.070e+02  1.174e+02  1.278e+02  1.382e+02  1.485e+02  1.587e+02  1.686e+02  1.783e+02  1.878e+02  1.970e+02  2.059e+02  2.145e+02  2.227e+02  2.307e+02  2.383e+02  2.456e+02  2.526e+02  2.593e+02  2.657e+02  2.718e+02  2.776e+02  2.831e+02  2.883e+02  2.932e+02  2.979e+02  3.024e+02  3.066e+02  3.106e+02  3.143e+02  3.179e+02  3.212e+02  3.244e+02  3.274e+02 	
 6.463e+00  6.850e+00  8.134e+00  1.005e+01  1.233e+01  1.515e+01  1.870e+01  2.309e+01  2.834e+01  3.440e+01  4.120e+01  4.864e+01  5.662e+01  6.503e+01  7.377e+01  8.275e+01  9.186e+01  1.010e+02  1.102e+02  1.193e+02  1.283e+02  1.371e+02  1.457e+02  1.541e+02  1.623e+02  1.701e+02  1.777e+02  1.850e+02  1.920e+02  1.987e+02  2.051e+02  2.112e+02  2.170e+02  2.225e+02  2.277e+02  2.327e+02  2.374e+02  2.419e+02  2.461e+02  2.501e+02  2.538e+02  2.573e+02  2.607e+02  2.638e+02  2.668e+02  2.695e+02  2.721e+02  2.746e+02  2.768e+02  2.790e+02 	
 5.872e+00  6.297e+00  7.604e+00  9.556e+00  1.192e+01  1.483e+01  1.846e+01  2.287e+01  2.805e+01  3.393e+01  4.042e+01  4.741e+01  5.482e+01  6.253e+01  7.044e+01  7.848e+01  8.656e+01  9.462e+01  1.026e+02  1.104e+02  1.181e+02  1.256e+02  1.328e+02  1.398e+02  1.465e+02  1.530e+02  1.592e+02  1.651e+02  1.707e+02  1.761e+02  1.811e+02  1.860e+02  1.905e+02  1.948e+02  1.989e+02  2.027e+02  2.063e+02  2.097e+02  2.129e+02  2.159e+02  2.187e+02  2.214e+02  2.238e+02  2.261e+02  2.283e+02  2.303e+02  2.321e+02  2.339e+02  2.355e+02  2.370e+02 	
 5.357e+00  5.823e+00  7.158e+00  9.144e+00  1.157e+01  1.455e+01  1.821e+01  2.257e+01  2.760e+01  3.322e+01  3.933e+01  4.582e+01  5.259e+01  5.956e+01  6.663e+01  7.372e+01  8.079e+01  8.776e+01  9.459e+01  1.013e+02  1.077e+02  1.140e+02  1.200e+02  1.257e+02  1.312e+02  1.364e+02  1.414e+02  1.461e+02  1.506e+02  1.548e+02  1.588e+02  1.625e+02  1.661e+02  1.694e+02  1.725e+02  1.754e+02  1.781e+02  1.807e+02  1.831e+02  1.853e+02  1.874e+02  1.893e+02  1.911e+02  1.927e+02  1.943e+02  1.957e+02  1.970e+02  1.982e+02  1.994e+02  2.004e+02 	
 4.912e+00  5.421e+00  6.788e+00  8.805e+00  1.128e+01  1.430e+01  1.794e+01  2.221e+01  2.704e+01  3.234e+01  3.802e+01  4.397e+01  5.010e+01  5.632e+01  6.257e+01  6.877e+01  7.487e+01  8.084e+01  8.664e+01  9.224e+01  9.762e+01  1.028e+02  1.077e+02  1.124e+02  1.168e+02  1.210e+02  1.250e+02  1.287e+02  1.322e+02  1.355e+02  1.386e+02  1.415e+02  1.442e+02  1.467e+02  1.491e+02  1.513e+02  1.533e+02  1.552e+02  1.569e+02  1.586e+02  1.601e+02  1.615e+02  1.627e+02  1.639e+02  1.650e+02  1.660e+02  1.669e+02  1.678e+02  1.685e+02  1.692e+02 	
 4.532e+00  5.087e+00  6.486e+00  8.530e+00  1.104e+01  1.406e+01  1.765e+01  2.177e+01  2.636e+01  3.132e+01  3.654e+01  4.194e+01  4.743e+01  5.293e+01  5.839e+01  6.375e+01  6.898e+01  7.404e+01  7.891e+01  8.357e+01  8.802e+01  9.224e+01  9.624e+01  1.000e+02  1.036e+02  1.069e+02  1.100e+02  1.130e+02  1.157e+02  1.182e+02  1.206e+02  1.228e+02  1.249e+02  1.268e+02  1.285e+02  1.301e+02  1.316e+02  1.330e+02  1.343e+02  1.355e+02  1.365e+02  1.375e+02  1.384e+02  1.392e+02  1.400e+02  1.407e+02  1.413e+02  1.418e+02  1.423e+02  1.428e+02 	
 4.210e+00  4.808e+00  6.239e+00  8.302e+00  1.082e+01  1.382e+01  1.732e+01  2.127e+01  2.559e+01  3.018e+01  3.494e+01  3.980e+01  4.468e+01  4.951e+01  5.424e+01  5.885e+01  6.329e+01  6.755e+01  7.161e+01  7.546e+01  7.910e+01  8.254e+01  8.576e+01  8.878e+01  9.160e+01  9.423e+01  9.668e+01  9.896e+01  1.011e+02  1.030e+02  1.048e+02  1.065e+02  1.080e+02  1.094e+02  1.107e+02  1.119e+02  1.130e+02  1.140e+02  1.149e+02  1.157e+02  1.165e+02  1.172e+02  1.178e+02  1.184e+02  1.189e+02  1.193e+02  1.197e+02  1.201e+02  1.204e+02  1.207e+02 	
 3.936e+00  4.576e+00  6.034e+00  8.106e+00  1.061e+01  1.356e+01  1.694e+01  2.070e+01  2.473e+01  2.895e+01  3.327e+01  3.761e+01  4.191e+01  4.612e+01  5.020e+01  5.413e+01  5.788e+01  6.144e+01  6.481e+01  6.797e+01  7.094e+01  7.371e+01  7.630e+01  7.870e+01  8.093e+01  8.299e+01  8.489e+01  8.664e+01  8.826e+01  8.974e+01  9.110e+01  9.235e+01  9.348e+01  9.452e+01  9.547e+01  9.633e+01  9.711e+01  9.782e+01  9.846e+01  9.903e+01  9.955e+01  1.000e+02  1.004e+02  1.008e+02  1.011e+02  1.014e+02  1.017e+02  1.019e+02  1.021e+02  1.022e+02 	
 3.700e+00  4.379e+00  5.856e+00  7.922e+00  1.040e+01  1.327e+01  1.651e+01  2.005e+01  2.379e+01  2.764e+01  3.153e+01  3.539e+01  3.916e+01  4.281e+01  4.632e+01  4.965e+01  5.280e+01  5.577e+01  5.854e+01  6.113e+01  6.354e+01  6.577e+01  6.783e+01  6.973e+01  7.148e+01  7.308e+01  7.455e+01  7.590e+01  7.712e+01  7.824e+01  7.926e+01  8.018e+01  8.102e+01  8.177e+01  8.246e+01  8.307e+01  8.362e+01  8.411e+01  8.455e+01  8.495e+01  8.529e+01  8.560e+01  8.586e+01  8.609e+01  8.629e+01  8.646e+01  8.660e+01  8.672e+01  8.682e+01  8.689e+01 	
 3.495e+00  4.205e+00  5.691e+00  7.737e+00  1.016e+01  1.294e+01  1.602e+01  1.933e+01  2.278e+01  2.627e+01  2.976e+01  3.317e+01  3.647e+01  3.962e+01  4.262e+01  4.544e+01  4.808e+01  5.054e+01  5.283e+01  5.494e+01  5.688e+01  5.867e+01  6.031e+01  6.180e+01  6.317e+01  6.441e+01  6.554e+01  6.657e+01  6.749e+01  6.833e+01  6.908e+01  6.976e+01  7.037e+01  7.091e+01  7.140e+01  7.183e+01  7.221e+01  7.255e+01  7.284e+01  7.310e+01  7.332e+01  7.351e+01  7.367e+01  7.381e+01  7.392e+01  7.401e+01  7.408e+01  7.413e+01  7.416e+01  7.418e+01 	
 3.310e+00  4.045e+00  5.527e+00  7.537e+00  9.897e+00  1.256e+01  1.547e+01  1.855e+01  2.171e+01  2.487e+01  2.798e+01  3.099e+01  3.387e+01  3.659e+01  3.915e+01  4.153e+01  4.374e+01  4.578e+01  4.766e+01  4.938e+01  5.095e+01  5.238e+01  5.368e+01  5.486e+01  5.592e+01  5.688e+01  5.775e+01  5.852e+01  5.922e+01  5.984e+01  6.040e+01  6.089e+01  6.133e+01  6.171e+01  6.205e+01  6.235e+01  6.260e+01  6.283e+01  6.302e+01  6.318e+01  6.331e+01  6.342e+01  6.351e+01  6.358e+01  6.363e+01  6.366e+01  6.368e+01  6.369e+01  6.368e+01  6.367e+01 	
 3.138e+00  3.887e+00  5.354e+00  7.313e+00  9.588e+00  1.212e+01  1.485e+01  1.770e+01  2.058e+01  2.344e+01  2.620e+01  2.885e+01  3.136e+01  3.370e+01  3.588e+01  3.789e+01  3.974e+01  4.143e+01  4.297e+01  4.437e+01  4.563e+01  4.678e+01  4.781e+01  4.873e+01  4.956e+01  5.030e+01  5.096e+01  5.154e+01  5.206e+01  5.252e+01  5.293e+01  5.328e+01  5.359e+01  5.386e+01  5.409e+01  5.429e+01  5.446e+01  5.460e+01  5.471e+01  5.480e+01  5.488e+01  5.493e+01  5.497e+01  5.499e+01  5.500e+01  5.500e+01  5.499e+01  5.496e+01  5.493e+01  5.490e+01 	
 2.969e+00  3.724e+00  5.159e+00  7.051e+00  9.223e+00  1.162e+01  1.416e+01  1.678e+01  1.940e+01  2.195e+01  2.441e+01  2.673e+01  2.890e+01  3.092e+01  3.277e+01  3.447e+01  3.601e+01  3.741e+01  3.868e+01  3.981e+01  4.083e+01  4.175e+01  4.256e+01  4.328e+01  4.393e+01  4.450e+01  4.500e+01  4.544e+01  4.582e+01  4.616e+01  4.645e+01  4.670e+01  4.692e+01  4.710e+01  4.725e+01  4.738e+01  4.748e+01  4.756e+01  4.762e+01  4.767e+01  4.770e+01  4.772e+01  4.772e+01  4.771e+01  4.770e+01  4.767e+01  4.764e+01  4.760e+01  4.756e+01  4.750e+01 	
 2.798e+00  3.546e+00  4.936e+00  6.743e+00  8.798e+00  1.103e+01  1.338e+01  1.577e+01  1.814e+01  2.042e+01  2.258e+01  2.461e+01  2.649e+01  2.822e+01  2.979e+01  3.122e+01  3.250e+01  3.366e+01  3.469e+01  3.561e+01  3.643e+01  3.716e+01  3.780e+01  3.837e+01  3.886e+01  3.930e+01  3.968e+01  4.000e+01  4.029e+01  4.053e+01  4.074e+01  4.091e+01  4.106e+01  4.117e+01  4.127e+01  4.135e+01  4.140e+01  4.144e+01  4.147e+01  4.148e+01  4.148e+01  4.148e+01  4.146e+01  4.143e+01  4.140e+01  4.136e+01  4.131e+01  4.127e+01  4.121e+01  4.115e+01 	
 2.618e+00  3.347e+00  4.675e+00  6.379e+00  8.299e+00  1.037e+01  1.252e+01  1.468e+01  1.679e+01  1.881e+01  2.071e+01  2.247e+01  2.408e+01  2.555e+01  2.688e+01  2.807e+01  2.914e+01  3.009e+01  3.093e+01  3.167e+01  3.233e+01  3.291e+01  3.341e+01  3.385e+01  3.423e+01  3.456e+01  3.484e+01  3.508e+01  3.528e+01  3.546e+01  3.560e+01  3.571e+01  3.581e+01  3.588e+01  3.594e+01  3.598e+01  3.600e+01  3.601e+01  3.601e+01  3.601e+01  3.599e+01  3.596e+01  3.593e+01  3.590e+01  3.585e+01  3.581e+01  3.576e+01  3.570e+01  3.565e+01  3.559e+01 	
 2.428e+00  3.129e+00  4.379e+00  5.966e+00  7.738e+00  9.627e+00  1.157e+01  1.350e+01  1.537e+01  1.715e+01  1.880e+01  2.031e+01  2.169e+01  2.293e+01  2.405e+01  2.504e+01  2.592e+01  2.669e+01  2.737e+01  2.797e+01  2.849e+01  2.894e+01  2.933e+01  2.967e+01  2.996e+01  3.020e+01  3.041e+01  3.059e+01  3.073e+01  3.085e+01  3.094e+01  3.102e+01  3.107e+01  3.112e+01  3.114e+01  3.116e+01  3.116e+01  3.115e+01  3.114e+01  3.111e+01  3.109e+01  3.105e+01  3.101e+01  3.097e+01  3.092e+01  3.087e+01  3.082e+01  3.077e+01  3.071e+01  3.065e+01 	
 2.229e+00  2.889e+00  4.048e+00  5.504e+00  7.116e+00  8.819e+00  1.055e+01  1.226e+01  1.390e+01  1.544e+01  1.686e+01  1.815e+01  1.931e+01  2.036e+01  2.128e+01  2.210e+01  2.281e+01  2.344e+01  2.399e+01  2.446e+01  2.487e+01  2.522e+01  2.552e+01  2.578e+01  2.600e+01  2.618e+01  2.633e+01  2.645e+01  2.655e+01  2.663e+01  2.669e+01  2.673e+01  2.676e+01  2.678e+01  2.679e+01  2.678e+01  2.677e+01  2.675e+01  2.673e+01  2.670e+01  2.666e+01  2.663e+01  2.658e+01  2.654e+01  2.649e+01  2.644e+01  2.639e+01  2.634e+01  2.629e+01  2.623e+01 	
 2.024e+00  2.637e+00  3.697e+00  5.016e+00  6.464e+00  7.981e+00  9.512e+00  1.101e+01  1.243e+01  1.375e+01  1.496e+01  1.605e+01  1.703e+01  1.790e+01  1.866e+01  1.933e+01  1.991e+01  2.042e+01  2.085e+01  2.123e+01  2.155e+01  2.182e+01  2.205e+01  2.224e+01  2.240e+01  2.253e+01  2.264e+01  2.273e+01  2.279e+01  2.284e+01  2.288e+01  2.290e+01  2.291e+01  2.291e+01  2.291e+01  2.289e+01  2.287e+01  2.285e+01  2.282e+01  2.278e+01  2.275e+01  2.271e+01  2.267e+01  2.262e+01  2.258e+01  2.253e+01  2.248e+01  2.243e+01  2.239e+01  2.234e+01 	
 1.819e+00  2.380e+00  3.336e+00  4.515e+00  5.801e+00  7.137e+00  8.475e+00  9.771e+00  1.099e+01  1.212e+01  1.315e+01  1.406e+01  1.488e+01  1.560e+01  1.622e+01  1.677e+01  1.724e+01  1.764e+01  1.799e+01  1.828e+01  1.853e+01  1.874e+01  1.892e+01  1.906e+01  1.918e+01  1.927e+01  1.935e+01  1.941e+01  1.945e+01  1.948e+01  1.949e+01  1.950e+01  1.950e+01  1.949e+01  1.948e+01  1.946e+01  1.944e+01  1.941e+01  1.938e+01  1.934e+01  1.931e+01  1.927e+01  1.923e+01  1.919e+01  1.915e+01  1.910e+01  1.906e+01  1.902e+01  1.897e+01  1.893e+01 	
 1.619e+00  2.125e+00  2.978e+00  4.022e+00  5.152e+00  6.318e+00  7.477e+00  8.592e+00  9.636e+00  1.059e+01  1.145e+01  1.222e+01  1.290e+01  1.349e+01  1.400e+01  1.445e+01  1.483e+01  1.515e+01  1.542e+01  1.566e+01  1.585e+01  1.601e+01  1.614e+01  1.625e+01  1.634e+01  1.640e+01  1.646e+01  1.649e+01  1.652e+01  1.653e+01  1.654e+01  1.654e+01  1.653e+01  1.652e+01  1.650e+01  1.648e+01  1.645e+01  1.643e+01  1.639e+01  1.636e+01  1.633e+01  1.629e+01  1.626e+01  1.622e+01  1.618e+01  1.614e+01  1.610e+01  1.606e+01  1.602e+01  1.599e+01 	
 1.428e+00  1.879e+00  2.632e+00  3.547e+00  4.532e+00  5.542e+00  6.539e+00  7.492e+00  8.378e+00  9.185e+00  9.908e+00  1.055e+01  1.111e+01  1.160e+01  1.201e+01  1.237e+01  1.268e+01  1.294e+01  1.316e+01  1.334e+01  1.349e+01  1.361e+01  1.371e+01  1.379e+01  1.386e+01  1.390e+01  1.394e+01  1.396e+01  1.398e+01  1.398e+01  1.398e+01  1.398e+01  1.397e+01  1.395e+01  1.393e+01  1.391e+01  1.388e+01  1.386e+01  1.383e+01  1.380e+01  1.377e+01  1.373e+01  1.370e+01  1.367e+01  1.363e+01  1.360e+01  1.356e+01  1.353e+01  1.350e+01  1.346e+01 	
 1.249e+00  1.647e+00  2.306e+00  3.101e+00  3.953e+00  4.821e+00  5.673e+00  6.483e+00  7.232e+00  7.910e+00  8.514e+00  9.045e+00  9.508e+00  9.907e+00  1.025e+01  1.054e+01  1.079e+01  1.100e+01  1.117e+01  1.131e+01  1.143e+01  1.152e+01  1.160e+01  1.166e+01  1.171e+01  1.174e+01  1.176e+01  1.178e+01  1.178e+01  1.178e+01  1.178e+01  1.177e+01  1.176e+01  1.174e+01  1.172e+01  1.170e+01  1.167e+01  1.165e+01  1.162e+01  1.160e+01  1.157e+01  1.154e+01  1.151e+01  1.148e+01  1.145e+01  1.142e+01  1.139e+01  1.136e+01  1.133e+01  1.130e+01 	
 1.084e+00  1.432e+00  2.004e+00  2.690e+00  3.421e+00  4.162e+00  4.886e+00  5.571e+00  6.201e+00  6.768e+00  7.271e+00  7.712e+00  8.093e+00  8.421e+00  8.700e+00  8.936e+00  9.135e+00  9.301e+00  9.438e+00  9.551e+00  9.643e+00  9.716e+00  9.774e+00  9.819e+00  9.852e+00  9.875e+00  9.890e+00  9.898e+00  9.900e+00  9.897e+00  9.890e+00  9.880e+00  9.866e+00  9.849e+00  9.831e+00  9.811e+00  9.789e+00  9.767e+00  9.743e+00  9.719e+00  9.694e+00  9.669e+00  9.644e+00  9.619e+00  9.593e+00  9.568e+00  9.542e+00  9.517e+00  9.492e+00  9.467e+00 	
 9.342e-01  1.236e+00  1.728e+00  2.316e+00  2.940e+00  3.569e+00  4.182e+00  4.758e+00  5.286e+00  5.759e+00  6.177e+00  6.541e+00  6.855e+00  7.123e+00  7.351e+00  7.542e+00  7.702e+00  7.835e+00  7.945e+00  8.034e+00  8.105e+00  8.162e+00  8.206e+00  8.239e+00  8.263e+00  8.279e+00  8.289e+00  8.293e+00  8.292e+00  8.287e+00  8.279e+00  8.268e+00  8.255e+00  8.239e+00  8.222e+00  8.204e+00  8.185e+00  8.165e+00  8.145e+00  8.123e+00  8.102e+00  8.080e+00  8.059e+00  8.037e+00  8.015e+00  7.993e+00  7.972e+00  7.950e+00  7.929e+00  7.908e+00 	
 8.003e-01  1.060e+00  1.481e+00  1.982e+00  2.511e+00  3.043e+00  3.559e+00  4.042e+00  4.483e+00  4.876e+00  5.222e+00  5.523e+00  5.781e+00  6.000e+00  6.186e+00  6.341e+00  6.470e+00  6.577e+00  6.664e+00  6.735e+00  6.791e+00  6.835e+00  6.868e+00  6.893e+00  6.911e+00  6.922e+00  6.927e+00  6.928e+00  6.926e+00  6.920e+00  6.912e+00  6.901e+00  6.889e+00  6.875e+00  6.860e+00  6.844e+00  6.827e+00  6.810e+00  6.792e+00  6.774e+00  6.755e+00  6.737e+00  6.718e+00  6.700e+00  6.681e+00  6.663e+00  6.644e+00  6.626e+00  6.608e+00  6.591e+00 	
 6.818e-01  9.042e-01  1.262e+00  1.686e+00  2.133e+00  2.581e+00  3.014e+00  3.417e+00  3.784e+00  4.111e+00  4.397e+00  4.644e+00  4.856e+00  5.036e+00  5.187e+00  5.313e+00  5.417e+00  5.503e+00  5.572e+00  5.628e+00  5.672e+00  5.706e+00  5.732e+00  5.750e+00  5.763e+00  5.770e+00  5.774e+00  5.773e+00  5.770e+00  5.764e+00  5.756e+00  5.746e+00  5.735e+00  5.723e+00  5.709e+00  5.695e+00  5.681e+00  5.666e+00  5.650e+00  5.635e+00  5.619e+00  5.603e+00  5.588e+00  5.572e+00  5.556e+00  5.541e+00  5.525e+00  5.510e+00  5.495e+00  5.480e+00 	
 5.780e-01  7.672e-01  1.070e+00  1.428e+00  1.804e+00  2.180e+00  2.541e+00  2.877e+00  3.182e+00  3.452e+00  3.688e+00  3.892e+00  4.066e+00  4.212e+00  4.335e+00  4.438e+00  4.522e+00  4.591e+00  4.646e+00  4.691e+00  4.725e+00  4.752e+00  4.772e+00  4.786e+00  4.795e+00  4.800e+00  4.801e+00  4.800e+00  4.796e+00  4.790e+00  4.783e+00  4.774e+00  4.764e+00  4.754e+00  4.742e+00  4.730e+00  4.718e+00  4.705e+00  4.692e+00  4.678e+00  4.665e+00  4.652e+00  4.639e+00  4.625e+00  4.612e+00  4.599e+00  4.586e+00  4.573e+00  4.561e+00  4.548e+00 	
 4.881e-01  6.482e-01  9.036e-01  1.204e+00  1.519e+00  1.833e+00  2.134e+00  2.413e+00  2.666e+00  2.889e+00  3.084e+00  3.251e+00  3.393e+00  3.513e+00  3.613e+00  3.696e+00  3.764e+00  3.819e+00  3.864e+00  3.899e+00  3.926e+00  3.947e+00  3.962e+00  3.973e+00  3.980e+00  3.983e+00  3.983e+00  3.981e+00  3.978e+00  3.972e+00  3.965e+00  3.958e+00  3.949e+00  3.940e+00  3.930e+00  3.920e+00  3.909e+00  3.898e+00  3.887e+00  3.876e+00  3.865e+00  3.853e+00  3.842e+00  3.831e+00  3.820e+00  3.809e+00  3.799e+00  3.788e+00  3.777e+00  3.767e+00 	
 4.107e-01  5.457e-01  7.602e-01  1.012e+00  1.275e+00  1.537e+00  1.787e+00  2.018e+00  2.227e+00  2.411e+00  2.571e+00  2.709e+00  2.825e+00  2.923e+00  3.004e+00  3.072e+00  3.127e+00  3.171e+00  3.207e+00  3.235e+00  3.257e+00  3.273e+00  3.285e+00  3.293e+00  3.297e+00  3.299e+00  3.299e+00  3.297e+00  3.294e+00  3.289e+00  3.283e+00  3.276e+00  3.269e+00  3.261e+00  3.252e+00  3.243e+00  3.234e+00  3.225e+00  3.216e+00  3.207e+00  3.197e+00  3.188e+00  3.179e+00  3.169e+00  3.160e+00  3.151e+00  3.142e+00  3.133e+00  3.124e+00  3.116e+00 	
 3.446e-01  4.582e-01  6.378e-01  8.481e-01  1.067e+00  1.285e+00  1.492e+00  1.684e+00  1.856e+00  2.008e+00  2.140e+00  2.252e+00  2.348e+00  2.427e+00  2.494e+00  2.548e+00  2.593e+00  2.629e+00  2.657e+00  2.680e+00  2.697e+00  2.710e+00  2.719e+00  2.725e+00  2.728e+00  2.730e+00  2.729e+00  2.727e+00  2.724e+00  2.719e+00  2.714e+00  2.708e+00  2.702e+00  2.695e+00  2.688e+00  2.681e+00  2.673e+00  2.665e+00  2.657e+00  2.650e+00  2.642e+00  2.634e+00  2.626e+00  2.618e+00  2.611e+00  2.603e+00  2.596e+00  2.589e+00  2.581e+00  2.574e+00 	
 2.886e-01  3.838e-01  5.340e-01  7.094e-01  8.919e-01  1.072e+00  1.244e+00  1.403e+00  1.545e+00  1.670e+00  1.778e+00  1.870e+00  1.948e+00  2.014e+00  2.068e+00  2.112e+00  2.148e+00  2.177e+00  2.200e+00  2.218e+00  2.232e+00  2.242e+00  2.249e+00  2.253e+00  2.256e+00  2.256e+00  2.255e+00  2.253e+00  2.251e+00  2.247e+00  2.242e+00  2.237e+00  2.232e+00  2.226e+00  2.220e+00  2.214e+00  2.207e+00  2.201e+00  2.195e+00  2.188e+00  2.181e+00  2.175e+00  2.168e+00  2.162e+00  2.156e+00  2.149e+00  2.143e+00  2.137e+00  2.131e+00  2.125e+00 	
 2.413e-01  3.211e-01  4.464e-01  5.926e-01  7.442e-01  8.940e-01  1.036e+00  1.167e+00  1.285e+00  1.388e+00  1.476e+00  1.552e+00  1.616e+00  1.669e+00  1.713e+00  1.749e+00  1.778e+00  1.802e+00  1.820e+00  1.835e+00  1.845e+00  1.853e+00  1.859e+00  1.862e+00  1.864e+00  1.864e+00  1.863e+00  1.862e+00  1.859e+00  1.856e+00  1.852e+00  1.848e+00  1.843e+00  1.838e+00  1.833e+00  1.828e+00  1.822e+00  1.817e+00  1.812e+00  1.806e+00  1.801e+00  1.795e+00  1.790e+00  1.785e+00  1.779e+00  1.774e+00  1.769e+00  1.764e+00  1.759e+00  1.754e+00 	
 2.016e-01  2.683e-01  3.728e-01  4.945e-01  6.204e-01  7.447e-01  8.625e-01  9.707e-01  1.067e+00  1.152e+00  1.225e+00  1.287e+00  1.339e+00  1.383e+00  1.419e+00  1.448e+00  1.472e+00  1.491e+00  1.506e+00  1.517e+00  1.526e+00  1.532e+00  1.536e+00  1.539e+00  1.540e+00  1.540e+00  1.539e+00  1.538e+00  1.535e+00  1.533e+00  1.529e+00  1.526e+00  1.522e+00  1.518e+00  1.514e+00  1.509e+00  1.505e+00  1.500e+00  1.496e+00  1.491e+00  1.487e+00  1.482e+00  1.478e+00  1.473e+00  1.469e+00  1.465e+00  1.460e+00  1.456e+00  1.452e+00  1.448e+00 	
 1.682e-01  2.239e-01  3.111e-01  4.122e-01  5.168e-01  6.198e-01  7.173e-01  8.067e-01  8.864e-01  9.562e-01  1.016e+00  1.067e+00  1.110e+00  1.145e+00  1.175e+00  1.199e+00  1.218e+00  1.233e+00  1.245e+00  1.255e+00  1.262e+00  1.267e+00  1.270e+00  1.272e+00  1.273e+00  1.273e+00  1.272e+00  1.270e+00  1.268e+00  1.266e+00  1.263e+00  1.260e+00  1.257e+00  1.253e+00  1.250e+00  1.246e+00  1.242e+00  1.239e+00  1.235e+00  1.231e+00  1.227e+00  1.224e+00  1.220e+00  1.216e+00  1.213e+00  1.209e+00  1.206e+00  1.202e+00  1.199e+00  1.195e+00 	
 1.401e-01  1.866e-01  2.592e-01  3.432e-01  4.299e-01  5.151e-01  5.957e-01  6.694e-01  7.351e-01  7.924e-01  8.416e-01  8.834e-01  9.184e-01  9.474e-01  9.713e-01  9.907e-01  1.006e+00  1.019e+00  1.029e+00  1.036e+00  1.042e+00  1.045e+00  1.048e+00  1.050e+00  1.050e+00  1.050e+00  1.049e+00  1.048e+00  1.046e+00  1.044e+00  1.042e+00  1.039e+00  1.036e+00  1.034e+00  1.031e+00  1.028e+00  1.024e+00  1.021e+00  1.018e+00  1.015e+00  1.012e+00  1.009e+00  1.006e+00  1.003e+00  9.998e-01  9.969e-01  9.940e-01  9.911e-01  9.883e-01  9.856e-01 	
 1.166e-01  1.554e-01  2.156e-01  2.853e-01  3.571e-01  4.275e-01  4.940e-01  5.547e-01  6.087e-01  6.558e-01  6.962e-01  7.304e-01  7.590e-01  7.827e-01  8.022e-01  8.180e-01  8.306e-01  8.407e-01  8.485e-01  8.545e-01  8.589e-01  8.620e-01  8.641e-01  8.652e-01  8.656e-01  8.654e-01  8.646e-01  8.635e-01  8.620e-01  8.602e-01  8.583e-01  8.561e-01  8.538e-01  8.514e-01  8.490e-01  8.464e-01  8.439e-01  8.413e-01  8.387e-01  8.361e-01  8.335e-01  8.310e-01  8.285e-01  8.260e-01  8.235e-01  8.211e-01  8.187e-01  8.163e-01  8.140e-01  8.118e-01 	
 9.698e-02  1.292e-01  1.793e-01  2.370e-01  2.964e-01  3.546e-01  4.094e-01  4.594e-01  5.038e-01  5.425e-01  5.756e-01  6.036e-01  6.270e-01  6.463e-01  6.622e-01  6.750e-01  6.853e-01  6.934e-01  6.998e-01  7.046e-01  7.081e-01  7.106e-01  7.121e-01  7.130e-01  7.132e-01  7.130e-01  7.123e-01  7.113e-01  7.101e-01  7.086e-01  7.069e-01  7.051e-01  7.032e-01  7.012e-01  6.991e-01  6.970e-01  6.949e-01  6.928e-01  6.906e-01  6.885e-01  6.864e-01  6.842e-01  6.822e-01  6.801e-01  6.781e-01  6.761e-01  6.741e-01  6.721e-01  6.702e-01  6.684e-01 	
 8.062e-02  1.075e-01  1.490e-01  1.968e-01  2.460e-01  2.940e-01  3.392e-01  3.804e-01  4.169e-01  4.487e-01  4.759e-01  4.988e-01  5.179e-01  5.337e-01  5.466e-01  5.570e-01  5.654e-01  5.720e-01  5.771e-01  5.810e-01  5.838e-01  5.857e-01  5.870e-01  5.876e-01  5.878e-01  5.875e-01  5.869e-01  5.861e-01  5.850e-01  5.837e-01  5.823e-01  5.808e-01  5.792e-01  5.776e-01  5.758e-01  5.741e-01  5.723e-01  5.706e-01  5.688e-01  5.670e-01  5.653e-01  5.635e-01  5.618e-01  5.601e-01  5.584e-01  5.568e-01  5.551e-01  5.535e-01  5.520e-01  5.504e-01 	
 6.703e-02  8.934e-02  1.238e-01  1.634e-01  2.041e-01  2.438e-01  2.811e-01  3.150e-01  3.450e-01  3.711e-01  3.934e-01  4.121e-01  4.278e-01  4.407e-01  4.512e-01  4.597e-01  4.665e-01  4.718e-01  4.759e-01  4.790e-01  4.813e-01  4.829e-01  4.838e-01  4.843e-01  4.844e-01  4.841e-01  4.836e-01  4.829e-01  4.820e-01  4.809e-01  4.797e-01  4.785e-01  4.771e-01  4.757e-01  4.743e-01  4.729e-01  4.714e-01  4.700e-01  4.685e-01  4.670e-01  4.656e-01  4.641e-01  4.627e-01  4.613e-01  4.599e-01  4.585e-01  4.572e-01  4.559e-01  4.546e-01  4.533e-01 	
 5.575e-02  7.430e-02  1.029e-01  1.357e-01  1.694e-01  2.022e-01  2.330e-01  2.609e-01  2.856e-01  3.070e-01  3.253e-01  3.407e-01  3.535e-01  3.640e-01  3.726e-01  3.795e-01  3.850e-01  3.894e-01  3.927e-01  3.952e-01  3.970e-01  3.982e-01  3.990e-01  3.993e-01  3.994e-01  3.991e-01  3.987e-01  3.980e-01  3.973e-01  3.964e-01  3.954e-01  3.943e-01  3.932e-01  3.921e-01  3.909e-01  3.897e-01  3.885e-01  3.873e-01  3.860e-01  3.848e-01  3.836e-01  3.824e-01  3.813e-01  3.801e-01  3.790e-01  3.778e-01  3.767e-01  3.756e-01  3.746e-01  3.735e-01 	
 4.643e-02  6.185e-02  8.558e-02  1.128e-01  1.407e-01  1.678e-01  1.932e-01  2.162e-01  2.365e-01  2.541e-01  2.691e-01  2.817e-01  2.922e-01  3.008e-01  3.078e-01  3.134e-01  3.179e-01  3.214e-01  3.241e-01  3.261e-01  3.275e-01  3.285e-01  3.291e-01  3.293e-01  3.293e-01  3.291e-01  3.287e-01  3.281e-01  3.275e-01  3.267e-01  3.259e-01  3.250e-01  3.241e-01  3.231e-01  3.221e-01  3.211e-01  3.201e-01  3.191e-01  3.181e-01  3.171e-01  3.161e-01  3.151e-01  3.141e-01  3.132e-01  3.122e-01  3.113e-01  3.104e-01  3.095e-01  3.086e-01  3.078e-01 	
 3.876e-02  5.158e-02  7.128e-02  9.385e-02  1.169e-01  1.394e-01  1.604e-01  1.794e-01  1.962e-01  2.107e-01  2.231e-01  2.335e-01  2.421e-01  2.492e-01  2.549e-01  2.595e-01  2.632e-01  2.660e-01  2.682e-01  2.699e-01  2.710e-01  2.718e-01  2.723e-01  2.725e-01  2.724e-01  2.722e-01  2.719e-01  2.714e-01  2.709e-01  2.703e-01  2.696e-01  2.688e-01  2.681e-01  2.673e-01  2.664e-01  2.656e-01  2.648e-01  2.640e-01  2.631e-01  2.623e-01  2.615e-01  2.606e-01  2.598e-01  2.591e-01  2.583e-01  2.575e-01  2.568e-01  2.560e-01  2.553e-01  2.546e-01 	
 3.249e-02  4.315e-02  5.949e-02  7.819e-02  9.732e-02  1.159e-01  1.333e-01  1.491e-01  1.630e-01  1.750e-01  1.853e-01  1.939e-01  2.010e-01  2.068e-01  2.116e-01  2.154e-01  2.185e-01  2.208e-01  2.226e-01  2.240e-01  2.250e-01  2.256e-01  2.260e-01  2.262e-01  2.262e-01  2.260e-01  2.257e-01  2.254e-01  2.249e-01  2.244e-01  2.238e-01  2.232e-01  2.226e-01  2.220e-01  2.213e-01  2.206e-01  2.199e-01  2.192e-01  2.186e-01  2.179e-01  2.172e-01  2.165e-01  2.159e-01  2.152e-01  2.146e-01  2.140e-01  2.133e-01  2.127e-01  2.121e-01  2.115e-01 	
 2.743e-02  3.636e-02  4.993e-02  6.535e-02  8.102e-02  9.618e-02  1.103e-01  1.231e-01  1.343e-01  1.439e-01  1.521e-01  1.590e-01  1.646e-01  1.693e-01  1.730e-01  1.760e-01  1.784e-01  1.802e-01  1.816e-01  1.826e-01  1.833e-01  1.838e-01  1.840e-01  1.841e-01  1.840e-01  1.839e-01  1.836e-01  1.833e-01  1.828e-01  1.824e-01  1.819e-01  1.814e-01  1.808e-01  1.803e-01  1.797e-01  1.792e-01  1.786e-01  1.780e-01  1.774e-01  1.769e-01  1.763e-01  1.758e-01  1.752e-01  1.747e-01  1.741e-01  1.736e-01  1.731e-01  1.726e-01  1.721e-01  1.716e-01 	
 2.350e-02  3.117e-02  4.266e-02  5.557e-02  6.853e-02  8.095e-02  9.241e-02  1.027e-01  1.116e-01  1.193e-01  1.257e-01  1.311e-01  1.355e-01  1.390e-01  1.419e-01  1.441e-01  1.459e-01  1.472e-01  1.482e-01  1.489e-01  1.493e-01  1.496e-01  1.496e-01  1.496e-01  1.495e-01  1.492e-01  1.489e-01  1.486e-01  1.482e-01  1.477e-01  1.473e-01  1.468e-01  1.463e-01  1.458e-01  1.453e-01  1.448e-01  1.443e-01  1.438e-01  1.433e-01  1.428e-01  1.423e-01  1.418e-01  1.414e-01  1.409e-01  1.405e-01  1.400e-01  1.396e-01  1.392e-01  1.388e-01  1.384e-01 	
 2.117e-02  2.855e-02  3.973e-02  5.242e-02  6.528e-02  7.768e-02  8.919e-02  9.954e-02  1.086e-01  1.164e-01  1.230e-01  1.284e-01  1.329e-01  1.366e-01  1.396e-01  1.419e-01  1.438e-01  1.452e-01  1.463e-01  1.471e-01  1.476e-01  1.479e-01  1.481e-01  1.481e-01  1.481e-01  1.479e-01  1.477e-01  1.474e-01  1.470e-01  1.466e-01  1.462e-01  1.458e-01  1.454e-01  1.449e-01  1.444e-01  1.440e-01  1.435e-01  1.430e-01  1.426e-01  1.421e-01  1.416e-01  1.412e-01  1.407e-01  1.403e-01  1.399e-01  1.394e-01  1.390e-01  1.386e-01  1.382e-01  1.378e-01 	
 1.909e-02  2.628e-02  3.743e-02  5.037e-02  6.376e-02  7.689e-02  8.923e-02  1.005e-01  1.104e-01  1.190e-01  1.263e-01  1.325e-01  1.377e-01  1.419e-01  1.454e-01  1.482e-01  1.505e-01  1.523e-01  1.537e-01  1.548e-01  1.556e-01  1.561e-01  1.565e-01  1.567e-01  1.568e-01  1.568e-01  1.567e-01  1.565e-01  1.563e-01  1.560e-01  1.557e-01  1.554e-01  1.550e-01  1.546e-01  1.542e-01  1.538e-01  1.534e-01  1.530e-01  1.525e-01  1.521e-01  1.517e-01  1.512e-01  1.508e-01  1.504e-01  1.500e-01  1.496e-01  1.492e-01  1.488e-01  1.484e-01  1.480e-01 	
 1.410e-02  1.891e-02  2.622e-02  3.452e-02  4.295e-02  5.111e-02  5.869e-02  6.550e-02  7.148e-02  7.662e-02  8.096e-02  8.458e-02  8.756e-02  9.000e-02  9.197e-02  9.354e-02  9.477e-02  9.573e-02  9.645e-02  9.698e-02  9.735e-02  9.759e-02  9.772e-02  9.776e-02  9.773e-02  9.763e-02  9.749e-02  9.731e-02  9.710e-02  9.687e-02  9.661e-02  9.634e-02  9.606e-02  9.578e-02  9.548e-02  9.519e-02  9.489e-02  9.459e-02  9.429e-02  9.400e-02  9.371e-02  9.342e-02  9.313e-02  9.285e-02  9.257e-02  9.230e-02  9.203e-02  9.177e-02  9.152e-02  9.126e-02 	
 1.028e-02  1.336e-02  1.791e-02  2.294e-02  2.794e-02  3.267e-02  3.699e-02  4.083e-02  4.415e-02  4.697e-02  4.932e-02  5.125e-02  5.282e-02  5.407e-02  5.507e-02  5.583e-02  5.642e-02  5.685e-02  5.715e-02  5.735e-02  5.747e-02  5.751e-02  5.750e-02  5.745e-02  5.736e-02  5.724e-02  5.709e-02  5.693e-02  5.675e-02  5.657e-02  5.637e-02  5.617e-02  5.597e-02  5.577e-02  5.556e-02  5.536e-02  5.515e-02  5.495e-02  5.475e-02  5.456e-02  5.437e-02  5.418e-02  5.400e-02  5.382e-02  5.364e-02  5.347e-02  5.330e-02  5.314e-02  5.298e-02  5.283e-02 	
 8.740e-03  1.143e-02  1.544e-02  1.992e-02  2.439e-02  2.866e-02  3.257e-02  3.606e-02  3.909e-02  4.167e-02  4.382e-02  4.560e-02  4.705e-02  4.822e-02  4.914e-02  4.987e-02  5.042e-02  5.084e-02  5.114e-02  5.135e-02  5.148e-02  5.154e-02  5.155e-02  5.152e-02  5.146e-02  5.137e-02  5.126e-02  5.113e-02  5.098e-02  5.083e-02  5.067e-02  5.050e-02  5.033e-02  5.016e-02  4.998e-02  4.981e-02  4.964e-02  4.946e-02  4.929e-02  4.913e-02  4.896e-02  4.880e-02  4.864e-02  4.849e-02  4.833e-02  4.819e-02  4.804e-02  4.790e-02  4.777e-02  4.763e-02 	
 7.876e-03  1.049e-02  1.444e-02  1.892e-02  2.346e-02  2.783e-02  3.188e-02  3.551e-02  3.869e-02  4.141e-02  4.369e-02  4.560e-02  4.716e-02  4.843e-02  4.946e-02  5.027e-02  5.090e-02  5.139e-02  5.176e-02  5.202e-02  5.220e-02  5.232e-02  5.237e-02  5.238e-02  5.235e-02  5.230e-02  5.221e-02  5.211e-02  5.199e-02  5.186e-02  5.172e-02  5.158e-02  5.142e-02  5.127e-02  5.111e-02  5.095e-02  5.079e-02  5.063e-02  5.047e-02  5.031e-02  5.016e-02  5.000e-02  4.985e-02  4.970e-02  4.955e-02  4.941e-02  4.927e-02  4.913e-02  4.900e-02  4.886e-02 	
 6.932e-03  9.282e-03  1.283e-02  1.684e-02  2.089e-02  2.478e-02  2.838e-02  3.160e-02  3.441e-02  3.681e-02  3.883e-02  4.050e-02  4.187e-02  4.298e-02  4.388e-02  4.458e-02  4.513e-02  4.555e-02  4.587e-02  4.609e-02  4.625e-02  4.634e-02  4.638e-02  4.638e-02  4.635e-02  4.630e-02  4.622e-02  4.612e-02  4.602e-02  4.590e-02  4.577e-02  4.564e-02  4.550e-02  4.536e-02  4.522e-02  4.507e-02  4.493e-02  4.479e-02  4.464e-02  4.450e-02  4.436e-02  4.422e-02  4.409e-02  4.395e-02  4.382e-02  4.369e-02  4.357e-02  4.344e-02  4.332e-02  4.320e-02 	
 6.014e-03  8.047e-03  1.108e-02  1.448e-02  1.789e-02  2.115e-02  2.414e-02  2.680e-02  2.911e-02  3.107e-02  3.271e-02  3.406e-02  3.517e-02  3.606e-02  3.676e-02  3.732e-02  3.775e-02  3.807e-02  3.830e-02  3.847e-02  3.857e-02  3.863e-02  3.865e-02  3.863e-02  3.859e-02  3.853e-02  3.845e-02  3.836e-02  3.826e-02  3.815e-02  3.804e-02  3.792e-02  3.779e-02  3.767e-02  3.755e-02  3.742e-02  3.729e-02  3.717e-02  3.705e-02  3.692e-02  3.680e-02  3.669e-02  3.657e-02  3.646e-02  3.634e-02  3.623e-02  3.613e-02  3.602e-02  3.592e-02  3.582e-02 	
 5.198e-03  6.945e-03  9.540e-03  1.244e-02  1.534e-02  1.810e-02  2.063e-02  2.287e-02  2.482e-02  2.647e-02  2.785e-02  2.899e-02  2.991e-02  3.065e-02  3.124e-02  3.170e-02  3.206e-02  3.232e-02  3.252e-02  3.265e-02  3.273e-02  3.278e-02  3.279e-02  3.277e-02  3.273e-02  3.268e-02  3.261e-02  3.253e-02  3.244e-02  3.235e-02  3.225e-02  3.215e-02  3.204e-02  3.194e-02  3.183e-02  3.172e-02  3.162e-02  3.151e-02  3.140e-02  3.130e-02  3.120e-02  3.110e-02  3.100e-02  3.090e-02  3.081e-02  3.072e-02  3.062e-02  3.054e-02  3.045e-02  3.036e-02 	
 4.487e-03  5.987e-03  8.209e-03  1.069e-02  1.316e-02  1.551e-02  1.767e-02  1.958e-02  2.124e-02  2.264e-02  2.381e-02  2.477e-02  2.556e-02  2.619e-02  2.668e-02  2.707e-02  2.737e-02  2.760e-02  2.776e-02  2.787e-02  2.794e-02  2.798e-02  2.798e-02  2.797e-02  2.794e-02  2.789e-02  2.783e-02  2.776e-02  2.769e-02  2.761e-02  2.753e-02  2.744e-02  2.735e-02  2.726e-02  2.717e-02  2.708e-02  2.699e-02  2.690e-02  2.681e-02  2.672e-02  2.663e-02  2.655e-02  2.646e-02  2.638e-02  2.630e-02  2.622e-02  2.615e-02  2.607e-02  2.600e-02  2.592e-02 	
 3.875e-03  5.167e-03  7.074e-03  9.197e-03  1.131e-02  1.333e-02  1.516e-02  1.679e-02  1.820e-02  1.939e-02  2.038e-02  2.119e-02  2.185e-02  2.238e-02  2.280e-02  2.313e-02  2.338e-02  2.357e-02  2.370e-02  2.379e-02  2.385e-02  2.387e-02  2.388e-02  2.386e-02  2.383e-02  2.379e-02  2.374e-02  2.368e-02  2.362e-02  2.355e-02  2.348e-02  2.340e-02  2.332e-02  2.325e-02  2.317e-02  2.309e-02  2.301e-02  2.294e-02  2.286e-02  2.279e-02  2.271e-02  2.264e-02  2.257e-02  2.250e-02  2.243e-02  2.236e-02  2.230e-02  2.223e-02  2.217e-02  2.211e-02 	
 3.348e-03  4.461e-03  6.101e-03  7.923e-03  9.736e-03  1.145e-02  1.302e-02  1.441e-02  1.560e-02  1.661e-02  1.745e-02  1.814e-02  1.870e-02  1.915e-02  1.950e-02  1.977e-02  1.998e-02  2.014e-02  2.025e-02  2.032e-02  2.036e-02  2.039e-02  2.039e-02  2.037e-02  2.035e-02  2.031e-02  2.026e-02  2.021e-02  2.015e-02  2.009e-02  2.003e-02  1.997e-02  1.990e-02  1.983e-02  1.977e-02  1.970e-02  1.963e-02  1.957e-02  1.950e-02  1.944e-02  1.937e-02  1.931e-02  1.925e-02  1.919e-02  1.913e-02  1.908e-02  1.902e-02  1.896e-02  1.891e-02  1.886e-02 	
 2.892e-03  3.853e-03  5.265e-03  6.828e-03  8.382e-03  9.851e-03  1.119e-02  1.237e-02  1.339e-02  1.424e-02  1.495e-02  1.554e-02  1.601e-02  1.638e-02  1.668e-02  1.691e-02  1.708e-02  1.721e-02  1.730e-02  1.736e-02  1.740e-02  1.741e-02  1.741e-02  1.740e-02  1.737e-02  1.734e-02  1.730e-02  1.726e-02  1.721e-02  1.715e-02  1.710e-02  1.704e-02  1.699e-02  1.693e-02  1.687e-02  1.682e-02  1.676e-02  1.670e-02  1.665e-02  1.659e-02  1.654e-02  1.648e-02  1.643e-02  1.638e-02  1.633e-02  1.628e-02  1.623e-02  1.619e-02  1.614e-02  1.610e-02 	
 2.497e-03  3.326e-03  4.539e-03  5.880e-03  7.210e-03  8.465e-03  9.605e-03  1.061e-02  1.147e-02  1.220e-02  1.280e-02  1.329e-02  1.369e-02  1.401e-02  1.425e-02  1.445e-02  1.459e-02  1.470e-02  1.477e-02  1.482e-02  1.485e-02  1.486e-02  1.486e-02  1.485e-02  1.482e-02  1.480e-02  1.476e-02  1.472e-02  1.468e-02  1.463e-02  1.459e-02  1.454e-02  1.449e-02  1.444e-02  1.439e-02  1.434e-02  1.429e-02  1.425e-02  1.420e-02  1.415e-02  1.410e-02  1.406e-02  1.401e-02  1.397e-02  1.393e-02  1.389e-02  1.385e-02  1.381e-02  1.377e-02  1.373e-02 	
 2.151e-03  2.865e-03  3.906e-03  5.054e-03  6.190e-03  7.260e-03  8.230e-03  9.083e-03  9.815e-03  1.043e-02  1.094e-02  1.135e-02  1.169e-02  1.195e-02  1.216e-02  1.232e-02  1.244e-02  1.253e-02  1.259e-02  1.263e-02  1.265e-02  1.266e-02  1.266e-02  1.265e-02  1.263e-02  1.260e-02  1.257e-02  1.253e-02  1.250e-02  1.246e-02  1.242e-02  1.238e-02  1.234e-02  1.229e-02  1.225e-02  1.221e-02  1.217e-02  1.213e-02  1.209e-02  1.205e-02  1.201e-02  1.197e-02  1.193e-02  1.189e-02  1.186e-02  1.182e-02  1.179e-02  1.175e-02  1.172e-02  1.169e-02 	
