 2.077e-03  2.468e-03  3.266e-03  4.498e-03  6.205e-03  8.433e-03  1.123e-02  1.463e-02  1.868e-02  2.339e-02  2.876e-02  3.478e-02  4.141e-02  4.856e-02  5.609e-02  6.376e-02  7.119e-02  7.785e-02  8.308e-02  8.612e-02  8.632e-02  8.332e-02  7.720e-02  6.850e-02  5.816e-02  4.728e-02  3.688e-02  2.770e-02  2.011e-02  1.418e-02  9.763e-03  6.592e-03  4.379e-03  2.870e-03  1.856e-03  1.186e-03  7.478e-04  4.654e-04  2.858e-04  1.731e-04  1.036e-04  6.134e-05  3.603e-05  2.109e-05  1.237e-05  7.327e-06  4.439e-06  2.812e-06  1.942e-06  1.564e-06 	
 2.554e-03  3.033e-03  4.009e-03  5.518e-03  7.605e-03  1.033e-02  1.373e-02  1.788e-02  2.279e-02  2.850e-02  3.500e-02  4.227e-02  5.026e-02  5.885e-02  6.789e-02  7.711e-02  8.608e-02  9.422e-02  1.008e-01  1.049e-01  1.057e-01  1.029e-01  9.647e-02  8.686e-02  7.511e-02  6.243e-02  4.999e-02  3.870e-02  2.908e-02  2.130e-02  1.528e-02  1.077e-02  7.475e-03  5.119e-03  3.461e-03  2.310e-03  1.522e-03  9.897e-04  6.351e-04  4.022e-04  2.515e-04  1.554e-04  9.488e-05  5.739e-05  3.447e-05  2.067e-05  1.250e-05  7.780e-06  5.222e-06  4.102e-06 	
 3.474e-03  4.123e-03  5.445e-03  7.484e-03  1.030e-02  1.397e-02  1.855e-02  2.410e-02  3.067e-02  3.828e-02  4.691e-02  5.653e-02  6.705e-02  7.834e-02  9.020e-02  1.023e-01  1.142e-01  1.251e-01  1.341e-01  1.403e-01  1.427e-01  1.405e-01  1.337e-01  1.228e-01  1.088e-01  9.303e-02  7.700e-02  6.185e-02  4.840e-02  3.702e-02  2.777e-02  2.047e-02  1.486e-02  1.063e-02  7.501e-03  5.216e-03  3.575e-03  2.416e-03  1.609e-03  1.057e-03  6.843e-04  4.369e-04  2.752e-04  1.710e-04  1.051e-04  6.406e-05  3.908e-05  2.434e-05  1.622e-05  1.263e-05 	
 4.785e-03  5.675e-03  7.485e-03  1.027e-02  1.412e-02  1.911e-02  2.533e-02  3.285e-02  4.171e-02  5.193e-02  6.347e-02  7.628e-02  9.023e-02  1.051e-01  1.208e-01  1.367e-01  1.524e-01  1.671e-01  1.796e-01  1.888e-01  1.936e-01  1.929e-01  1.864e-01  1.746e-01  1.584e-01  1.393e-01  1.190e-01  9.897e-02  8.039e-02  6.393e-02  4.990e-02  3.828e-02  2.890e-02  2.149e-02  1.573e-02  1.133e-02  8.045e-03  5.623e-03  3.871e-03  2.625e-03  1.752e-03  1.152e-03  7.456e-04  4.751e-04  2.984e-04  1.853e-04  1.147e-04  7.210e-05  4.824e-05  3.759e-05 	
 6.432e-03  7.621e-03  1.004e-02  1.375e-02  1.887e-02  2.549e-02  3.371e-02  4.361e-02  5.522e-02  6.855e-02  8.354e-02  1.001e-01  1.180e-01  1.371e-01  1.570e-01  1.773e-01  1.973e-01  2.162e-01  2.329e-01  2.459e-01  2.539e-01  2.558e-01  2.509e-01  2.394e-01  2.221e-01  2.005e-01  1.764e-01  1.516e-01  1.274e-01  1.050e-01  8.500e-02  6.762e-02  5.291e-02  4.074e-02  3.087e-02  2.301e-02  1.688e-02  1.219e-02  8.657e-03  6.051e-03  4.159e-03  2.810e-03  1.865e-03  1.216e-03  7.795e-04  4.925e-04  3.090e-04  1.962e-04  1.321e-04  1.032e-04 	
 8.379e-03  9.917e-03  1.304e-02  1.783e-02  2.441e-02  3.289e-02  4.338e-02  5.596e-02  7.064e-02  8.739e-02  1.061e-01  1.266e-01  1.487e-01  1.721e-01  1.964e-01  2.211e-01  2.455e-01  2.688e-01  2.898e-01  3.070e-01  3.190e-01  3.246e-01  3.227e-01  3.133e-01  2.968e-01  2.747e-01  2.484e-01  2.199e-01  1.909e-01  1.626e-01  1.361e-01  1.120e-01  9.062e-02  7.213e-02  5.647e-02  4.349e-02  3.294e-02  2.454e-02  1.798e-02  1.294e-02  9.151e-03  6.348e-03  4.317e-03  2.877e-03  1.880e-03  1.207e-03  7.673e-04  4.921e-04  3.336e-04  2.616e-04 	
 1.063e-02  1.256e-02  1.649e-02  2.249e-02  3.071e-02  4.125e-02  5.423e-02  6.970e-02  8.765e-02  1.080e-01  1.305e-01  1.551e-01  1.813e-01  2.089e-01  2.374e-01  2.662e-01  2.947e-01  3.220e-01  3.470e-01  3.685e-01  3.848e-01  3.947e-01  3.972e-01  3.916e-01  3.782e-01  3.579e-01  3.320e-01  3.021e-01  2.700e-01  2.371e-01  2.047e-01  1.738e-01  1.452e-01  1.193e-01  9.637e-02  7.658e-02  5.985e-02  4.598e-02  3.470e-02  2.571e-02  1.868e-02  1.330e-02  9.257e-03  6.301e-03  4.195e-03  2.737e-03  1.763e-03  1.143e-03  7.807e-04  6.147e-04 	
 1.323e-02  1.562e-02  2.044e-02  2.781e-02  3.784e-02  5.065e-02  6.633e-02  8.489e-02  1.063e-01  1.303e-01  1.567e-01  1.852e-01  2.154e-01  2.468e-01  2.790e-01  3.114e-01  3.434e-01  3.741e-01  4.027e-01  4.279e-01  4.484e-01  4.629e-01  4.703e-01  4.699e-01  4.614e-01  4.453e-01  4.224e-01  3.939e-01  3.614e-01  3.262e-01  2.898e-01  2.533e-01  2.179e-01  1.845e-01  1.536e-01  1.258e-01  1.013e-01  8.020e-02  6.232e-02  4.748e-02  3.543e-02  2.585e-02  1.841e-02  1.279e-02  8.674e-03  5.751e-03  3.755e-03  2.460e-03  1.694e-03  1.340e-03 	
 1.628e-02  1.918e-02  2.503e-02  3.393e-02  4.598e-02  6.130e-02  7.990e-02  1.018e-01  1.267e-01  1.545e-01  1.848e-01  2.171e-01  2.510e-01  2.859e-01  3.213e-01  3.567e-01  3.914e-01  4.247e-01  4.559e-01  4.841e-01  5.080e-01  5.267e-01  5.390e-01  5.441e-01  5.415e-01  5.312e-01  5.136e-01  4.892e-01  4.593e-01  4.249e-01  3.872e-01  3.477e-01  3.074e-01  2.677e-01  2.293e-01  1.933e-01  1.603e-01  1.305e-01  1.043e-01  8.160e-02  6.246e-02  4.666e-02  3.397e-02  2.408e-02  1.662e-02  1.119e-02  7.402e-03  4.904e-03  3.406e-03  2.708e-03 	
 1.990e-02  2.339e-02  3.042e-02  4.106e-02  5.540e-02  7.349e-02  9.529e-02  1.207e-01  1.494e-01  1.810e-01  2.150e-01  2.510e-01  2.883e-01  3.262e-01  3.643e-01  4.020e-01  4.387e-01  4.738e-01  5.067e-01  5.368e-01  5.632e-01  5.850e-01  6.014e-01  6.116e-01  6.149e-01  6.109e-01  5.998e-01  5.815e-01  5.567e-01  5.260e-01  4.905e-01  4.511e-01  4.090e-01  3.654e-01  3.216e-01  2.785e-01  2.373e-01  1.985e-01  1.628e-01  1.307e-01  1.025e-01  7.831e-02  5.821e-02  4.205e-02  2.951e-02  2.016e-02  1.351e-02  9.044e-03  6.334e-03  5.062e-03 	
 2.426e-02  2.843e-02  3.681e-02  4.945e-02  6.637e-02  8.754e-02  1.128e-01  1.420e-01  1.746e-01  2.101e-01  2.479e-01  2.873e-01  3.276e-01  3.681e-01  4.083e-01  4.476e-01  4.855e-01  5.215e-01  5.553e-01  5.862e-01  6.139e-01  6.377e-01  6.569e-01  6.709e-01  6.791e-01  6.811e-01  6.765e-01  6.651e-01  6.469e-01  6.223e-01  5.917e-01  5.558e-01  5.153e-01  4.714e-01  4.251e-01  3.775e-01  3.298e-01  2.829e-01  2.378e-01  1.955e-01  1.568e-01  1.223e-01  9.270e-02  6.814e-02  4.857e-02  3.364e-02  2.281e-02  1.542e-02  1.089e-02  8.741e-03 	
 2.951e-02  3.448e-02  4.442e-02  5.933e-02  7.916e-02  1.038e-01  1.328e-01  1.660e-01  2.026e-01  2.420e-01  2.834e-01  3.260e-01  3.689e-01  4.116e-01  4.533e-01  4.936e-01  5.319e-01  5.681e-01  6.018e-01  6.327e-01  6.605e-01  6.849e-01  7.056e-01  7.220e-01  7.337e-01  7.403e-01  7.413e-01  7.363e-01  7.252e-01  7.077e-01  6.838e-01  6.539e-01  6.182e-01  5.774e-01  5.321e-01  4.834e-01  4.320e-01  3.791e-01  3.259e-01  2.737e-01  2.240e-01  1.781e-01  1.374e-01  1.026e-01  7.414e-02  5.199e-02  3.561e-02  2.430e-02  1.727e-02  1.393e-02 	
 3.586e-02  4.174e-02  5.348e-02  7.097e-02  9.405e-02  1.224e-01  1.556e-01  1.929e-01  2.336e-01  2.768e-01  3.216e-01  3.670e-01  4.122e-01  4.563e-01  4.990e-01  5.395e-01  5.777e-01  6.133e-01  6.462e-01  6.762e-01  7.033e-01  7.273e-01  7.481e-01  7.654e-01  7.791e-01  7.886e-01  7.938e-01  7.940e-01  7.891e-01  7.785e-01  7.619e-01  7.392e-01  7.102e-01  6.751e-01  6.340e-01  5.872e-01  5.354e-01  4.793e-01  4.202e-01  3.596e-01  2.996e-01  2.422e-01  1.896e-01  1.435e-01  1.050e-01  7.440e-02  5.143e-02  3.536e-02  2.529e-02  2.047e-02 	
 4.351e-02  5.045e-02  6.422e-02  8.461e-02  1.113e-01  1.437e-01  1.812e-01  2.228e-01  2.676e-01  3.145e-01  3.623e-01  4.101e-01  4.569e-01  5.020e-01  5.448e-01  5.851e-01  6.225e-01  6.569e-01  6.884e-01  7.169e-01  7.425e-01  7.653e-01  7.853e-01  8.024e-01  8.166e-01  8.276e-01  8.352e-01  8.390e-01  8.387e-01  8.338e-01  8.238e-01  8.081e-01  7.864e-01  7.581e-01  7.228e-01  6.803e-01  6.306e-01  5.739e-01  5.114e-01  4.445e-01  3.758e-01  3.080e-01  2.441e-01  1.868e-01  1.380e-01  9.864e-02  6.869e-02  4.750e-02  3.414e-02  2.772e-02 	
 5.272e-02  6.084e-02  7.689e-02  1.005e-01  1.311e-01  1.679e-01  2.098e-01  2.558e-01  3.045e-01  3.547e-01  4.051e-01  4.547e-01  5.025e-01  5.479e-01  5.903e-01  6.296e-01  6.656e-01  6.984e-01  7.280e-01  7.546e-01  7.783e-01  7.993e-01  8.179e-01  8.339e-01  8.476e-01  8.588e-01  8.674e-01  8.732e-01  8.759e-01  8.749e-01  8.698e-01  8.598e-01  8.443e-01  8.223e-01  7.930e-01  7.554e-01  7.089e-01  6.534e-01  5.893e-01  5.184e-01  4.431e-01  3.669e-01  2.935e-01  2.265e-01  1.685e-01  1.212e-01  8.482e-02  5.892e-02  4.249e-02  3.457e-02 	
 6.372e-02  7.317e-02  9.175e-02  1.189e-01  1.537e-01  1.950e-01  2.415e-01  2.917e-01  3.441e-01  3.971e-01  4.496e-01  5.003e-01  5.484e-01  5.934e-01  6.348e-01  6.726e-01  7.067e-01  7.374e-01  7.648e-01  7.891e-01  8.106e-01  8.297e-01  8.464e-01  8.609e-01  8.735e-01  8.840e-01  8.925e-01  8.989e-01  9.029e-01  9.040e-01  9.018e-01  8.954e-01  8.840e-01  8.664e-01  8.414e-01  8.076e-01  7.639e-01  7.096e-01  6.450e-01  5.716e-01  4.920e-01  4.099e-01  3.298e-01  2.558e-01  1.912e-01  1.380e-01  9.689e-02  6.747e-02  4.876e-02  3.972e-02 	
 7.681e-02  8.771e-02  1.090e-01  1.399e-01  1.791e-01  2.251e-01  2.761e-01  3.303e-01  3.859e-01  4.413e-01  4.951e-01  5.462e-01  5.939e-01  6.378e-01  6.776e-01  7.134e-01  7.452e-01  7.735e-01  7.984e-01  8.204e-01  8.396e-01  8.565e-01  8.712e-01  8.840e-01  8.951e-01  9.045e-01  9.122e-01  9.181e-01  9.220e-01  9.235e-01  9.220e-01  9.167e-01  9.066e-01  8.905e-01  8.669e-01  8.343e-01  7.914e-01  7.373e-01  6.721e-01  5.971e-01  5.152e-01  4.302e-01  3.468e-01  2.694e-01  2.016e-01  1.457e-01  1.024e-01  7.135e-02  5.159e-02  4.203e-02 	
 9.226e-02  1.047e-01  1.290e-01  1.638e-01  2.075e-01  2.581e-01  3.134e-01  3.712e-01  4.295e-01  4.865e-01  5.409e-01  5.918e-01  6.384e-01  6.805e-01  7.182e-01  7.515e-01  7.808e-01  8.065e-01  8.289e-01  8.483e-01  8.653e-01  8.800e-01  8.928e-01  9.038e-01  9.132e-01  9.211e-01  9.274e-01  9.320e-01  9.346e-01  9.348e-01  9.318e-01  9.249e-01  9.130e-01  8.950e-01  8.693e-01  8.347e-01  7.898e-01  7.340e-01  6.675e-01  5.916e-01  5.093e-01  4.244e-01  3.415e-01  2.648e-01  1.978e-01  1.427e-01  1.002e-01  6.971e-02  5.034e-02  4.099e-02 	
 1.103e-01  1.245e-01  1.518e-01  1.907e-01  2.389e-01  2.940e-01  3.532e-01  4.140e-01  4.743e-01  5.322e-01  5.865e-01  6.362e-01  6.811e-01  7.210e-01  7.561e-01  7.867e-01  8.132e-01  8.362e-01  8.560e-01  8.730e-01  8.877e-01  9.004e-01  9.112e-01  9.205e-01  9.282e-01  9.343e-01  9.388e-01  9.413e-01  9.413e-01  9.384e-01  9.317e-01  9.204e-01  9.035e-01  8.801e-01  8.490e-01  8.091e-01  7.597e-01  7.005e-01  6.322e-01  5.562e-01  4.755e-01  3.937e-01  3.149e-01  2.429e-01  1.806e-01  1.298e-01  9.074e-02  6.295e-02  4.534e-02  3.686e-02 	
 1.313e-01  1.471e-01  1.776e-01  2.205e-01  2.731e-01  3.323e-01  3.949e-01  4.582e-01  5.196e-01  5.776e-01  6.310e-01  6.790e-01  7.215e-01  7.587e-01  7.909e-01  8.186e-01  8.423e-01  8.626e-01  8.798e-01  8.946e-01  9.071e-01  9.178e-01  9.269e-01  9.343e-01  9.402e-01  9.443e-01  9.463e-01  9.457e-01  9.418e-01  9.338e-01  9.210e-01  9.026e-01  8.777e-01  8.459e-01  8.064e-01  7.590e-01  7.036e-01  6.404e-01  5.707e-01  4.961e-01  4.193e-01  3.435e-01  2.721e-01  2.081e-01  1.536e-01  1.096e-01  7.617e-02  5.258e-02  3.772e-02  3.058e-02 	
 1.554e-01  1.729e-01  2.064e-01  2.532e-01  3.099e-01  3.728e-01  4.382e-01  5.030e-01  5.649e-01  6.221e-01  6.738e-01  7.194e-01  7.591e-01  7.933e-01  8.224e-01  8.471e-01  8.680e-01  8.856e-01  9.005e-01  9.131e-01  9.237e-01  9.325e-01  9.398e-01  9.455e-01  9.493e-01  9.509e-01  9.496e-01  9.447e-01  9.351e-01  9.200e-01  8.987e-01  8.705e-01  8.352e-01  7.927e-01  7.434e-01  6.877e-01  6.262e-01  5.600e-01  4.904e-01  4.192e-01  3.489e-01  2.817e-01  2.203e-01  1.665e-01  1.216e-01  8.598e-02  5.930e-02  4.066e-02  2.901e-02  2.344e-02 	
 1.828e-01  2.019e-01  2.383e-01  2.887e-01  3.491e-01  4.149e-01  4.823e-01  5.479e-01  6.093e-01  6.650e-01  7.143e-01  7.571e-01  7.937e-01  8.246e-01  8.506e-01  8.723e-01  8.904e-01  9.056e-01  9.182e-01  9.288e-01  9.376e-01  9.448e-01  9.503e-01  9.540e-01  9.555e-01  9.539e-01  9.483e-01  9.375e-01  9.203e-01  8.959e-01  8.637e-01  8.237e-01  7.763e-01  7.225e-01  6.634e-01  6.002e-01  5.344e-01  4.673e-01  4.005e-01  3.354e-01  2.737e-01  2.171e-01  1.670e-01  1.244e-01  8.969e-02  6.272e-02  4.284e-02  2.913e-02  2.065e-02  1.661e-02 	
 2.135e-01  2.341e-01  2.732e-01  3.268e-01  3.901e-01  4.583e-01  5.267e-01  5.922e-01  6.523e-01  7.057e-01  7.521e-01  7.916e-01  8.248e-01  8.525e-01  8.753e-01  8.942e-01  9.097e-01  9.226e-01  9.332e-01  9.420e-01  9.491e-01  9.547e-01  9.585e-01  9.601e-01  9.586e-01  9.530e-01  9.418e-01  9.235e-01  8.969e-01  8.612e-01  8.164e-01  7.634e-01  7.037e-01  6.391e-01  5.718e-01  5.037e-01  4.365e-01  3.717e-01  3.104e-01  2.536e-01  2.023e-01  1.571e-01  1.186e-01  8.683e-02  6.166e-02  4.255e-02  2.874e-02  1.936e-02  1.361e-02  1.090e-02 	
 2.475e-01  2.695e-01  3.108e-01  3.670e-01  4.326e-01  5.021e-01  5.708e-01  6.352e-01  6.932e-01  7.438e-01  7.869e-01  8.229e-01  8.526e-01  8.769e-01  8.968e-01  9.130e-01  9.262e-01  9.370e-01  9.458e-01  9.529e-01  9.586e-01  9.626e-01  9.646e-01  9.638e-01  9.589e-01  9.484e-01  9.304e-01  9.031e-01  8.654e-01  8.169e-01  7.587e-01  6.928e-01  6.217e-01  5.485e-01  4.759e-01  4.062e-01  3.411e-01  2.816e-01  2.282e-01  1.813e-01  1.409e-01  1.068e-01  7.885e-02  5.662e-02  3.952e-02  2.687e-02  1.792e-02  1.194e-02  8.330e-03  6.638e-03 	
 2.848e-01  3.078e-01  3.510e-01  4.091e-01  4.761e-01  5.460e-01  6.140e-01  6.765e-01  7.317e-01  7.789e-01  8.183e-01  8.507e-01  8.770e-01  8.981e-01  9.152e-01  9.289e-01  9.400e-01  9.489e-01  9.562e-01  9.619e-01  9.662e-01  9.687e-01  9.688e-01  9.654e-01  9.566e-01  9.405e-01  9.147e-01  8.773e-01  8.276e-01  7.660e-01  6.946e-01  6.169e-01  5.366e-01  4.577e-01  3.832e-01  3.154e-01  2.553e-01  2.034e-01  1.593e-01  1.226e-01  9.243e-02  6.820e-02  4.914e-02  3.452e-02  2.365e-02  1.582e-02  1.040e-02  6.856e-03  4.740e-03  3.757e-03 	
 3.251e-01  3.489e-01  3.932e-01  4.524e-01  5.199e-01  5.893e-01  6.556e-01  7.155e-01  7.673e-01  8.108e-01  8.464e-01  8.752e-01  8.981e-01  9.163e-01  9.308e-01  9.423e-01  9.515e-01  9.588e-01  9.647e-01  9.692e-01  9.722e-01  9.733e-01  9.715e-01  9.653e-01  9.525e-01  9.303e-01  8.963e-01  8.486e-01  7.868e-01  7.127e-01  6.295e-01  5.420e-01  4.553e-01  3.737e-01  3.005e-01  2.371e-01  1.841e-01  1.408e-01  1.060e-01  7.863e-02  5.733e-02  4.103e-02  2.876e-02  1.973e-02  1.324e-02  8.698e-03  5.638e-03  3.672e-03  2.516e-03  1.984e-03 	
 3.680e-01  3.922e-01  4.371e-01  4.965e-01  5.635e-01  6.314e-01  6.952e-01  7.518e-01  7.999e-01  8.394e-01  8.712e-01  8.964e-01  9.162e-01  9.317e-01  9.438e-01  9.534e-01  9.610e-01  9.670e-01  9.716e-01  9.750e-01  9.770e-01  9.768e-01  9.732e-01  9.643e-01  9.474e-01  9.194e-01  8.775e-01  8.200e-01  7.473e-01  6.621e-01  5.692e-01  4.745e-01  3.840e-01  3.024e-01  2.323e-01  1.749e-01  1.294e-01  9.434e-02  6.790e-02  4.826e-02  3.385e-02  2.340e-02  1.591e-02  1.062e-02  6.965e-03  4.492e-03  2.867e-03  1.846e-03  1.254e-03  9.850e-04 	
 4.131e-01  4.374e-01  4.821e-01  5.409e-01  6.064e-01  6.718e-01  7.324e-01  7.852e-01  8.292e-01  8.648e-01  8.928e-01  9.146e-01  9.315e-01  9.445e-01  9.547e-01  9.625e-01  9.687e-01  9.736e-01  9.772e-01  9.798e-01  9.808e-01  9.795e-01  9.743e-01  9.630e-01  9.425e-01  9.094e-01  8.608e-01  7.951e-01  7.134e-01  6.194e-01  5.192e-01  4.197e-01  3.274e-01  2.471e-01  1.811e-01  1.295e-01  9.074e-02  6.264e-02  4.275e-02  2.889e-02  1.935e-02  1.284e-02  8.422e-03  5.456e-03  3.488e-03  2.204e-03  1.386e-03  8.821e-04  5.956e-04  4.663e-04 	
 4.598e-01  4.837e-01  5.276e-01  5.849e-01  6.480e-01  7.102e-01  7.670e-01  8.156e-01  8.554e-01  8.869e-01  9.114e-01  9.301e-01  9.444e-01  9.552e-01  9.636e-01  9.700e-01  9.750e-01  9.789e-01  9.818e-01  9.836e-01  9.838e-01  9.816e-01  9.753e-01  9.622e-01  9.391e-01  9.022e-01  8.486e-01  7.770e-01  6.888e-01  5.888e-01  4.836e-01  3.811e-01  2.882e-01  2.095e-01  1.469e-01  9.984e-02  6.618e-02  4.305e-02  2.765e-02  1.761e-02  1.116e-02  7.040e-03  4.422e-03  2.762e-03  1.715e-03  1.060e-03  6.558e-04  4.138e-04  2.784e-04  2.180e-04 	
 5.074e-01  5.306e-01  5.730e-01  6.279e-01  6.878e-01  7.463e-01  7.987e-01  8.429e-01  8.784e-01  9.061e-01  9.272e-01  9.431e-01  9.550e-01  9.640e-01  9.709e-01  9.761e-01  9.801e-01  9.832e-01  9.854e-01  9.866e-01  9.864e-01  9.836e-01  9.766e-01  9.625e-01  9.379e-01  8.990e-01  8.426e-01  7.678e-01  6.761e-01  5.726e-01  4.647e-01  3.605e-01  2.671e-01  1.893e-01  1.285e-01  8.404e-02  5.319e-02  3.282e-02  1.988e-02  1.191e-02  7.094e-03  4.221e-03  2.516e-03  1.503e-03  9.011e-04  5.429e-04  3.308e-04  2.075e-04  1.399e-04  1.101e-04 	
 5.552e-01  5.774e-01  6.177e-01  6.695e-01  7.256e-01  7.796e-01  8.275e-01  8.671e-01  8.985e-01  9.226e-01  9.406e-01  9.539e-01  9.638e-01  9.712e-01  9.768e-01  9.810e-01  9.842e-01  9.867e-01  9.884e-01  9.892e-01  9.886e-01  9.856e-01  9.783e-01  9.641e-01  9.393e-01  9.002e-01  8.436e-01  7.683e-01  6.760e-01  5.717e-01  4.629e-01  3.578e-01  2.637e-01  1.853e-01  1.244e-01  8.004e-02  4.959e-02  2.976e-02  1.742e-02  1.002e-02  5.701e-03  3.233e-03  1.838e-03  1.052e-03  6.090e-04  3.577e-04  2.148e-04  1.343e-04  9.109e-05  7.223e-05 	
 6.025e-01  6.233e-01  6.610e-01  7.092e-01  7.610e-01  8.102e-01  8.533e-01  8.885e-01  9.159e-01  9.365e-01  9.517e-01  9.629e-01  9.710e-01  9.771e-01  9.815e-01  9.849e-01  9.875e-01  9.894e-01  9.907e-01  9.913e-01  9.905e-01  9.875e-01  9.805e-01  9.669e-01  9.433e-01  9.058e-01  8.513e-01  7.782e-01  6.881e-01  5.854e-01  4.773e-01  3.719e-01  2.766e-01  1.962e-01  1.330e-01  8.642e-02  5.399e-02  3.261e-02  1.915e-02  1.101e-02  6.233e-03  3.501e-03  1.963e-03  1.106e-03  6.296e-04  3.644e-04  2.164e-04  1.344e-04  9.090e-05  7.209e-05 	
 6.484e-01  6.677e-01  7.024e-01  7.466e-01  7.936e-01  8.379e-01  8.762e-01  9.070e-01  9.307e-01  9.483e-01  9.610e-01  9.702e-01  9.769e-01  9.818e-01  9.854e-01  9.881e-01  9.901e-01  9.916e-01  9.927e-01  9.930e-01  9.922e-01  9.895e-01  9.832e-01  9.709e-01  9.493e-01  9.149e-01  8.644e-01  7.960e-01  7.105e-01  6.118e-01  5.061e-01  4.012e-01  3.043e-01  2.209e-01  1.536e-01  1.026e-01  6.601e-02  4.110e-02  2.489e-02  1.473e-02  8.569e-03  4.926e-03  2.814e-03  1.606e-03  9.211e-04  5.341e-04  3.161e-04  1.948e-04  1.304e-04  1.026e-04 	
 6.924e-01  7.099e-01  7.415e-01  7.813e-01  8.234e-01  8.628e-01  8.963e-01  9.231e-01  9.433e-01  9.581e-01  9.687e-01  9.762e-01  9.816e-01  9.856e-01  9.884e-01  9.906e-01  9.922e-01  9.934e-01  9.942e-01  9.944e-01  9.938e-01  9.914e-01  9.860e-01  9.754e-01  9.567e-01  9.265e-01  8.815e-01  8.196e-01  7.409e-01  6.481e-01  5.467e-01  4.434e-01  3.455e-01  2.585e-01  1.859e-01  1.287e-01  8.613e-02  5.585e-02  3.523e-02  2.172e-02  1.314e-02  7.828e-03  4.618e-03  2.708e-03  1.586e-03  9.329e-04  5.564e-04  3.431e-04  2.286e-04  1.788e-04 	
 7.339e-01  7.495e-01  7.777e-01  8.131e-01  8.503e-01  8.848e-01  9.139e-01  9.367e-01  9.539e-01  9.662e-01  9.749e-01  9.811e-01  9.855e-01  9.886e-01  9.909e-01  9.926e-01  9.939e-01  9.948e-01  9.954e-01  9.956e-01  9.951e-01  9.932e-01  9.888e-01  9.802e-01  9.647e-01  9.392e-01  9.006e-01  8.466e-01  7.763e-01  6.915e-01  5.961e-01  4.962e-01  3.983e-01  3.080e-01  2.298e-01  1.656e-01  1.155e-01  7.814e-02  5.148e-02  3.312e-02  2.088e-02  1.295e-02  7.919e-03  4.797e-03  2.890e-03  1.741e-03  1.057e-03  6.604e-04  4.433e-04  3.477e-04 	
 7.723e-01  7.861e-01  8.108e-01  8.419e-01  8.743e-01  9.040e-01  9.290e-01  9.483e-01  9.627e-01  9.729e-01  9.800e-01  9.850e-01  9.885e-01  9.910e-01  9.928e-01  9.942e-01  9.952e-01  9.959e-01  9.964e-01  9.966e-01  9.962e-01  9.948e-01  9.914e-01  9.847e-01  9.724e-01  9.519e-01  9.201e-01  8.746e-01  8.139e-01  7.385e-01  6.513e-01  5.567e-01  4.606e-01  3.685e-01  2.852e-01  2.137e-01  1.553e-01  1.097e-01  7.541e-02  5.063e-02  3.328e-02  2.148e-02  1.365e-02  8.574e-03  5.340e-03  3.314e-03  2.068e-03  1.322e-03  9.052e-04  7.186e-04 	
 8.072e-01  8.193e-01  8.407e-01  8.676e-01  8.954e-01  9.208e-01  9.418e-01  9.581e-01  9.700e-01  9.784e-01  9.842e-01  9.882e-01  9.910e-01  9.929e-01  9.944e-01  9.954e-01  9.962e-01  9.968e-01  9.972e-01  9.974e-01  9.971e-01  9.961e-01  9.937e-01  9.887e-01  9.794e-01  9.635e-01  9.384e-01  9.015e-01  8.509e-01  7.862e-01  7.087e-01  6.217e-01  5.297e-01  4.380e-01  3.513e-01  2.734e-01  2.068e-01  1.521e-01  1.090e-01  7.633e-02  5.230e-02  3.515e-02  2.324e-02  1.516e-02  9.794e-03  6.294e-03  4.059e-03  2.678e-03  1.885e-03  1.525e-03 	
 8.386e-01  8.489e-01  8.673e-01  8.901e-01  9.137e-01  9.351e-01  9.527e-01  9.662e-01  9.760e-01  9.828e-01  9.875e-01  9.907e-01  9.929e-01  9.945e-01  9.956e-01  9.964e-01  9.970e-01  9.975e-01  9.978e-01  9.980e-01  9.978e-01  9.972e-01  9.955e-01  9.920e-01  9.853e-01  9.735e-01  9.545e-01  9.258e-01  8.852e-01  8.316e-01  7.651e-01  6.876e-01  6.024e-01  5.137e-01  4.262e-01  3.440e-01  2.702e-01  2.067e-01  1.543e-01  1.125e-01  8.026e-02  5.618e-02  3.867e-02  2.624e-02  1.762e-02  1.176e-02  7.869e-03  5.383e-03  3.917e-03  3.238e-03 	
 8.663e-01  8.750e-01  8.905e-01  9.097e-01  9.294e-01  9.473e-01  9.619e-01  9.729e-01  9.809e-01  9.864e-01  9.901e-01  9.927e-01  9.944e-01  9.957e-01  9.965e-01  9.972e-01  9.977e-01  9.980e-01  9.983e-01  9.984e-01  9.984e-01  9.980e-01  9.969e-01  9.945e-01  9.899e-01  9.816e-01  9.679e-01  9.464e-01  9.152e-01  8.725e-01  8.176e-01  7.511e-01  6.749e-01  5.923e-01  5.071e-01  4.234e-01  3.447e-01  2.738e-01  2.123e-01  1.610e-01  1.196e-01  8.714e-02  6.243e-02  4.410e-02  3.081e-02  2.139e-02  1.489e-02  1.059e-02  7.976e-03  6.745e-03 	
 8.904e-01  8.976e-01  9.105e-01  9.265e-01  9.428e-01  9.575e-01  9.694e-01  9.784e-01  9.849e-01  9.893e-01  9.922e-01  9.943e-01  9.956e-01  9.966e-01  9.973e-01  9.978e-01  9.982e-01  9.985e-01  9.987e-01  9.988e-01  9.988e-01  9.986e-01  9.979e-01  9.964e-01  9.934e-01  9.878e-01  9.782e-01  9.629e-01  9.399e-01  9.073e-01  8.638e-01  8.091e-01  7.438e-01  6.699e-01  5.903e-01  5.085e-01  4.281e-01  3.523e-01  2.834e-01  2.232e-01  1.723e-01  1.306e-01  9.737e-02  7.158e-02  5.205e-02  3.762e-02  2.725e-02  2.015e-02  1.572e-02  1.360e-02 	
 9.110e-01  9.169e-01  9.275e-01  9.406e-01  9.540e-01  9.660e-01  9.756e-01  9.829e-01  9.881e-01  9.916e-01  9.939e-01  9.955e-01  9.966e-01  9.973e-01  9.979e-01  9.983e-01  9.986e-01  9.988e-01  9.989e-01  9.991e-01  9.991e-01  9.990e-01  9.986e-01  9.977e-01  9.958e-01  9.922e-01  9.859e-01  9.754e-01  9.592e-01  9.354e-01  9.024e-01  8.593e-01  8.058e-01  7.426e-01  6.716e-01  5.953e-01  5.169e-01  4.395e-01  3.661e-01  2.989e-01  2.395e-01  1.885e-01  1.461e-01  1.117e-01  8.452e-02  6.354e-02  4.789e-02  3.680e-02  2.971e-02  2.625e-02 	
 9.283e-01  9.332e-01  9.418e-01  9.524e-01  9.633e-01  9.729e-01  9.807e-01  9.865e-01  9.906e-01  9.934e-01  9.952e-01  9.965e-01  9.973e-01  9.979e-01  9.983e-01  9.986e-01  9.989e-01  9.990e-01  9.992e-01  9.993e-01  9.993e-01  9.992e-01  9.990e-01  9.985e-01  9.974e-01  9.952e-01  9.912e-01  9.844e-01  9.734e-01  9.568e-01  9.330e-01  9.006e-01  8.587e-01  8.073e-01  7.469e-01  6.792e-01  6.065e-01  5.316e-01  4.573e-01  3.862e-01  3.205e-01  2.617e-01  2.105e-01  1.672e-01  1.314e-01  1.026e-01  8.036e-02  6.408e-02  5.341e-02  4.813e-02 	
 9.427e-01  9.466e-01  9.536e-01  9.621e-01  9.708e-01  9.786e-01  9.848e-01  9.894e-01  9.926e-01  9.948e-01  9.963e-01  9.973e-01  9.979e-01  9.984e-01  9.987e-01  9.989e-01  9.991e-01  9.992e-01  9.993e-01  9.994e-01  9.994e-01  9.994e-01  9.993e-01  9.990e-01  9.984e-01  9.971e-01  9.947e-01  9.905e-01  9.834e-01  9.724e-01  9.560e-01  9.328e-01  9.016e-01  8.617e-01  8.129e-01  7.559e-01  6.921e-01  6.234e-01  5.523e-01  4.813e-01  4.128e-01  3.488e-01  2.906e-01  2.391e-01  1.949e-01  1.579e-01  1.282e-01  1.059e-01  9.090e-02  8.338e-02 	
 9.545e-01  9.576e-01  9.632e-01  9.700e-01  9.769e-01  9.831e-01  9.880e-01  9.917e-01  9.942e-01  9.960e-01  9.971e-01  9.978e-01  9.984e-01  9.987e-01  9.990e-01  9.991e-01  9.993e-01  9.994e-01  9.995e-01  9.995e-01  9.996e-01  9.996e-01  9.995e-01  9.994e-01  9.990e-01  9.983e-01  9.969e-01  9.944e-01  9.900e-01  9.830e-01  9.723e-01  9.565e-01  9.344e-01  9.051e-01  8.677e-01  8.223e-01  7.692e-01  7.098e-01  6.456e-01  5.788e-01  5.116e-01  4.461e-01  3.840e-01  3.268e-01  2.755e-01  2.310e-01  1.941e-01  1.655e-01  1.460e-01  1.360e-01 	
 9.640e-01  9.665e-01  9.709e-01  9.763e-01  9.818e-01  9.867e-01  9.906e-01  9.935e-01  9.955e-01  9.968e-01  9.977e-01  9.983e-01  9.987e-01  9.990e-01  9.992e-01  9.993e-01  9.994e-01  9.995e-01  9.996e-01  9.996e-01  9.996e-01  9.996e-01  9.996e-01  9.995e-01  9.994e-01  9.990e-01  9.982e-01  9.967e-01  9.942e-01  9.899e-01  9.832e-01  9.730e-01  9.581e-01  9.377e-01  9.106e-01  8.764e-01  8.348e-01  7.863e-01  7.319e-01  6.728e-01  6.110e-01  5.481e-01  4.859e-01  4.263e-01  3.708e-01  3.210e-01  2.783e-01  2.444e-01  2.208e-01  2.086e-01 	
 9.716e-01  9.735e-01  9.770e-01  9.813e-01  9.857e-01  9.895e-01  9.926e-01  9.949e-01  9.964e-01  9.975e-01  9.982e-01  9.987e-01  9.990e-01  9.992e-01  9.993e-01  9.994e-01  9.995e-01  9.996e-01  9.996e-01  9.997e-01  9.997e-01  9.997e-01  9.997e-01  9.996e-01  9.995e-01  9.993e-01  9.989e-01  9.981e-01  9.966e-01  9.942e-01  9.901e-01  9.838e-01  9.743e-01  9.608e-01  9.423e-01  9.179e-01  8.872e-01  8.500e-01  8.066e-01  7.576e-01  7.042e-01  6.477e-01  5.897e-01  5.317e-01  4.758e-01  4.238e-01  3.781e-01  3.409e-01  3.146e-01  3.009e-01 	
 9.775e-01  9.790e-01  9.818e-01  9.852e-01  9.887e-01  9.917e-01  9.941e-01  9.959e-01  9.972e-01  9.980e-01  9.986e-01  9.989e-01  9.992e-01  9.993e-01  9.995e-01  9.995e-01  9.996e-01  9.997e-01  9.997e-01  9.997e-01  9.997e-01  9.997e-01  9.997e-01  9.997e-01  9.996e-01  9.995e-01  9.993e-01  9.988e-01  9.980e-01  9.966e-01  9.943e-01  9.905e-01  9.848e-01  9.762e-01  9.642e-01  9.479e-01  9.265e-01  8.997e-01  8.671e-01  8.291e-01  7.859e-01  7.385e-01  6.878e-01  6.354e-01  5.830e-01  5.328e-01  4.875e-01  4.499e-01  4.228e-01  4.086e-01 	
 9.821e-01  9.833e-01  9.855e-01  9.882e-01  9.910e-01  9.934e-01  9.953e-01  9.967e-01  9.977e-01  9.984e-01  9.988e-01  9.991e-01  9.993e-01  9.994e-01  9.995e-01  9.996e-01  9.997e-01  9.997e-01  9.997e-01  9.998e-01  9.998e-01  9.998e-01  9.998e-01  9.997e-01  9.997e-01  9.996e-01  9.995e-01  9.992e-01  9.987e-01  9.979e-01  9.966e-01  9.944e-01  9.910e-01  9.859e-01  9.785e-01  9.681e-01  9.540e-01  9.358e-01  9.129e-01  8.851e-01  8.525e-01  8.152e-01  7.740e-01  7.299e-01  6.844e-01  6.395e-01  5.980e-01  5.629e-01  5.373e-01  5.238e-01 	
 9.856e-01  9.866e-01  9.884e-01  9.905e-01  9.927e-01  9.947e-01  9.962e-01  9.974e-01  9.982e-01  9.987e-01  9.990e-01  9.993e-01  9.994e-01  9.995e-01  9.996e-01  9.997e-01  9.997e-01  9.997e-01  9.998e-01  9.998e-01  9.998e-01  9.998e-01  9.998e-01  9.998e-01  9.997e-01  9.997e-01  9.996e-01  9.994e-01  9.991e-01  9.986e-01  9.978e-01  9.966e-01  9.946e-01  9.916e-01  9.872e-01  9.808e-01  9.721e-01  9.603e-01  9.451e-01  9.261e-01  9.029e-01  8.755e-01  8.442e-01  8.096e-01  7.729e-01  7.358e-01  7.007e-01  6.706e-01  6.483e-01  6.365e-01 	
 9.883e-01  9.891e-01  9.905e-01  9.923e-01  9.941e-01  9.956e-01  9.969e-01  9.978e-01  9.985e-01  9.989e-01  9.992e-01  9.994e-01  9.995e-01  9.996e-01  9.997e-01  9.997e-01  9.997e-01  9.998e-01  9.998e-01  9.998e-01  9.998e-01  9.998e-01  9.998e-01  9.998e-01  9.997e-01  9.997e-01  9.996e-01  9.995e-01  9.993e-01  9.989e-01  9.985e-01  9.977e-01  9.965e-01  9.948e-01  9.921e-01  9.884e-01  9.831e-01  9.758e-01  9.662e-01  9.538e-01  9.382e-01  9.193e-01  8.971e-01  8.718e-01  8.443e-01  8.158e-01  7.884e-01  7.645e-01  7.467e-01  7.371e-01 	
 9.903e-01  9.910e-01  9.921e-01  9.936e-01  9.951e-01  9.964e-01  9.974e-01  9.982e-01  9.987e-01  9.991e-01  9.993e-01  9.995e-01  9.996e-01  9.996e-01  9.997e-01  9.997e-01  9.998e-01  9.998e-01  9.998e-01  9.998e-01  9.998e-01  9.998e-01  9.998e-01  9.998e-01  9.998e-01  9.997e-01  9.996e-01  9.995e-01  9.993e-01  9.991e-01  9.987e-01  9.982e-01  9.975e-01  9.964e-01  9.948e-01  9.925e-01  9.893e-01  9.849e-01  9.790e-01  9.712e-01  9.612e-01  9.488e-01  9.339e-01  9.165e-01  8.972e-01  8.768e-01  8.569e-01  8.393e-01  8.261e-01  8.190e-01 	
 9.918e-01  9.924e-01  9.934e-01  9.946e-01  9.958e-01  9.969e-01  9.978e-01  9.984e-01  9.989e-01  9.992e-01  9.994e-01  9.995e-01  9.996e-01  9.997e-01  9.997e-01  9.998e-01  9.998e-01  9.998e-01  9.998e-01  9.998e-01  9.998e-01  9.998e-01  9.998e-01  9.998e-01  9.998e-01  9.997e-01  9.996e-01  9.995e-01  9.994e-01  9.992e-01  9.989e-01  9.985e-01  9.979e-01  9.971e-01  9.961e-01  9.946e-01  9.926e-01  9.898e-01  9.862e-01  9.813e-01  9.750e-01  9.672e-01  9.575e-01  9.461e-01  9.332e-01  9.195e-01  9.059e-01  8.938e-01  8.846e-01  8.796e-01 	
 9.930e-01  9.934e-01  9.943e-01  9.953e-01  9.964e-01  9.973e-01  9.981e-01  9.986e-01  9.990e-01  9.993e-01  9.995e-01  9.996e-01  9.997e-01  9.997e-01  9.998e-01  9.998e-01  9.998e-01  9.998e-01  9.998e-01  9.998e-01  9.998e-01  9.998e-01  9.998e-01  9.998e-01  9.998e-01  9.997e-01  9.996e-01  9.995e-01  9.994e-01  9.992e-01  9.989e-01  9.986e-01  9.981e-01  9.975e-01  9.967e-01  9.956e-01  9.942e-01  9.923e-01  9.899e-01  9.867e-01  9.827e-01  9.777e-01  9.715e-01  9.641e-01  9.557e-01  9.468e-01  9.378e-01  9.298e-01  9.237e-01  9.204e-01 	
 9.938e-01  9.942e-01  9.950e-01  9.959e-01  9.968e-01  9.976e-01  9.983e-01  9.988e-01  9.991e-01  9.994e-01  9.995e-01  9.996e-01  9.997e-01  9.997e-01  9.998e-01  9.998e-01  9.998e-01  9.998e-01  9.998e-01  9.998e-01  9.998e-01  9.998e-01  9.998e-01  9.998e-01  9.998e-01  9.997e-01  9.996e-01  9.995e-01  9.994e-01  9.992e-01  9.989e-01  9.986e-01  9.982e-01  9.976e-01  9.969e-01  9.960e-01  9.949e-01  9.935e-01  9.917e-01  9.894e-01  9.866e-01  9.832e-01  9.790e-01  9.742e-01  9.686e-01  9.627e-01  9.568e-01  9.515e-01  9.474e-01  9.452e-01 	
 9.945e-01  9.948e-01  9.955e-01  9.963e-01  9.971e-01  9.979e-01  9.985e-01  9.989e-01  9.992e-01  9.994e-01  9.995e-01  9.996e-01  9.997e-01  9.997e-01  9.998e-01  9.998e-01  9.998e-01  9.998e-01  9.998e-01  9.998e-01  9.998e-01  9.998e-01  9.998e-01  9.998e-01  9.998e-01  9.997e-01  9.996e-01  9.995e-01  9.994e-01  9.992e-01  9.989e-01  9.986e-01  9.982e-01  9.977e-01  9.970e-01  9.962e-01  9.952e-01  9.940e-01  9.925e-01  9.907e-01  9.885e-01  9.859e-01  9.828e-01  9.793e-01  9.753e-01  9.711e-01  9.670e-01  9.633e-01  9.605e-01  9.590e-01 	
 9.950e-01  9.953e-01  9.959e-01  9.966e-01  9.974e-01  9.980e-01  9.986e-01  9.990e-01  9.993e-01  9.994e-01  9.996e-01  9.997e-01  9.997e-01  9.998e-01  9.998e-01  9.998e-01  9.998e-01  9.998e-01  9.998e-01  9.998e-01  9.998e-01  9.998e-01  9.998e-01  9.998e-01  9.998e-01  9.997e-01  9.996e-01  9.995e-01  9.994e-01  9.992e-01  9.989e-01  9.986e-01  9.982e-01  9.977e-01  9.970e-01  9.962e-01  9.953e-01  9.941e-01  9.928e-01  9.912e-01  9.893e-01  9.871e-01  9.845e-01  9.817e-01  9.785e-01  9.752e-01  9.720e-01  9.692e-01  9.670e-01  9.658e-01 	
 9.954e-01  9.957e-01  9.962e-01  9.969e-01  9.976e-01  9.982e-01  9.987e-01  9.990e-01  9.993e-01  9.995e-01  9.996e-01  9.997e-01  9.997e-01  9.998e-01  9.998e-01  9.998e-01  9.998e-01  9.998e-01  9.998e-01  9.998e-01  9.998e-01  9.998e-01  9.998e-01  9.998e-01  9.998e-01  9.997e-01  9.996e-01  9.995e-01  9.994e-01  9.992e-01  9.989e-01  9.986e-01  9.982e-01  9.977e-01  9.970e-01  9.962e-01  9.953e-01  9.942e-01  9.929e-01  9.914e-01  9.896e-01  9.876e-01  9.853e-01  9.827e-01  9.799e-01  9.770e-01  9.742e-01  9.718e-01  9.700e-01  9.690e-01 	
 9.957e-01  9.959e-01  9.965e-01  9.971e-01  9.977e-01  9.983e-01  9.988e-01  9.991e-01  9.993e-01  9.995e-01  9.996e-01  9.997e-01  9.997e-01  9.998e-01  9.998e-01  9.998e-01  9.998e-01  9.998e-01  9.998e-01  9.999e-01  9.999e-01  9.998e-01  9.998e-01  9.998e-01  9.998e-01  9.997e-01  9.996e-01  9.995e-01  9.994e-01  9.992e-01  9.989e-01  9.986e-01  9.982e-01  9.976e-01  9.970e-01  9.962e-01  9.953e-01  9.942e-01  9.929e-01  9.914e-01  9.897e-01  9.877e-01  9.855e-01  9.831e-01  9.805e-01  9.778e-01  9.752e-01  9.729e-01  9.712e-01  9.703e-01 	
 9.959e-01  9.962e-01  9.966e-01  9.972e-01  9.978e-01  9.984e-01  9.988e-01  9.991e-01  9.994e-01  9.995e-01  9.996e-01  9.997e-01  9.997e-01  9.998e-01  9.998e-01  9.998e-01  9.998e-01  9.998e-01  9.999e-01  9.999e-01  9.999e-01  9.998e-01  9.998e-01  9.998e-01  9.998e-01  9.997e-01  9.996e-01  9.995e-01  9.994e-01  9.992e-01  9.989e-01  9.986e-01  9.982e-01  9.976e-01  9.970e-01  9.962e-01  9.953e-01  9.942e-01  9.929e-01  9.914e-01  9.897e-01  9.878e-01  9.856e-01  9.832e-01  9.806e-01  9.780e-01  9.755e-01  9.733e-01  9.716e-01  9.708e-01 	
 9.961e-01  9.964e-01  9.968e-01  9.974e-01  9.979e-01  9.984e-01  9.989e-01  9.992e-01  9.994e-01  9.995e-01  9.996e-01  9.997e-01  9.998e-01  9.998e-01  9.998e-01  9.998e-01  9.998e-01  9.998e-01  9.999e-01  9.999e-01  9.999e-01  9.998e-01  9.998e-01  9.998e-01  9.998e-01  9.997e-01  9.996e-01  9.995e-01  9.994e-01  9.992e-01  9.989e-01  9.986e-01  9.981e-01  9.976e-01  9.970e-01  9.962e-01  9.953e-01  9.942e-01  9.929e-01  9.914e-01  9.897e-01  9.878e-01  9.856e-01  9.832e-01  9.807e-01  9.781e-01  9.756e-01  9.734e-01  9.718e-01  9.709e-01 	
 9.963e-01  9.965e-01  9.969e-01  9.975e-01  9.980e-01  9.985e-01  9.989e-01  9.992e-01  9.994e-01  9.996e-01  9.997e-01  9.997e-01  9.998e-01  9.998e-01  9.998e-01  9.998e-01  9.998e-01  9.998e-01  9.999e-01  9.999e-01  9.999e-01  9.998e-01  9.998e-01  9.998e-01  9.998e-01  9.997e-01  9.996e-01  9.995e-01  9.994e-01  9.992e-01  9.989e-01  9.986e-01  9.981e-01  9.976e-01  9.970e-01  9.962e-01  9.953e-01  9.942e-01  9.929e-01  9.914e-01  9.897e-01  9.878e-01  9.856e-01  9.833e-01  9.807e-01  9.781e-01  9.757e-01  9.735e-01  9.719e-01  9.710e-01 	
 9.964e-01  9.966e-01  9.970e-01  9.976e-01  9.981e-01  9.985e-01  9.989e-01  9.992e-01  9.994e-01  9.996e-01  9.997e-01  9.997e-01  9.998e-01  9.998e-01  9.998e-01  9.998e-01  9.998e-01  9.999e-01  9.999e-01  9.999e-01  9.999e-01  9.998e-01  9.998e-01  9.998e-01  9.998e-01  9.997e-01  9.996e-01  9.995e-01  9.994e-01  9.992e-01  9.989e-01  9.986e-01  9.981e-01  9.976e-01  9.970e-01  9.962e-01  9.953e-01  9.942e-01  9.929e-01  9.914e-01  9.897e-01  9.878e-01  9.856e-01  9.833e-01  9.807e-01  9.781e-01  9.757e-01  9.735e-01  9.719e-01  9.710e-01 	
 9.965e-01  9.967e-01  9.971e-01  9.976e-01  9.981e-01  9.986e-01  9.990e-01  9.992e-01  9.994e-01  9.996e-01  9.997e-01  9.997e-01  9.998e-01  9.998e-01  9.998e-01  9.998e-01  9.998e-01  9.999e-01  9.999e-01  9.999e-01  9.999e-01  9.998e-01  9.998e-01  9.998e-01  9.998e-01  9.997e-01  9.996e-01  9.995e-01  9.994e-01  9.992e-01  9.989e-01  9.986e-01  9.981e-01  9.976e-01  9.970e-01  9.962e-01  9.953e-01  9.942e-01  9.929e-01  9.914e-01  9.897e-01  9.878e-01  9.856e-01  9.833e-01  9.807e-01  9.782e-01  9.757e-01  9.735e-01  9.719e-01  9.710e-01 	
 9.966e-01  9.968e-01  9.972e-01  9.977e-01  9.982e-01  9.986e-01  9.990e-01  9.993e-01  9.994e-01  9.996e-01  9.997e-01  9.997e-01  9.998e-01  9.998e-01  9.998e-01  9.998e-01  9.998e-01  9.999e-01  9.999e-01  9.999e-01  9.999e-01  9.998e-01  9.998e-01  9.998e-01  9.998e-01  9.997e-01  9.996e-01  9.995e-01  9.994e-01  9.992e-01  9.989e-01  9.986e-01  9.981e-01  9.976e-01  9.970e-01  9.962e-01  9.953e-01  9.942e-01  9.929e-01  9.914e-01  9.897e-01  9.878e-01  9.856e-01  9.832e-01  9.807e-01  9.782e-01  9.757e-01  9.735e-01  9.719e-01  9.711e-01 	
 9.967e-01  9.969e-01  9.973e-01  9.977e-01  9.982e-01  9.986e-01  9.990e-01  9.993e-01  9.995e-01  9.996e-01  9.997e-01  9.997e-01  9.998e-01  9.998e-01  9.998e-01  9.998e-01  9.998e-01  9.999e-01  9.999e-01  9.999e-01  9.999e-01  9.998e-01  9.998e-01  9.998e-01  9.998e-01  9.997e-01  9.996e-01  9.995e-01  9.994e-01  9.992e-01  9.989e-01  9.986e-01  9.981e-01  9.976e-01  9.970e-01  9.962e-01  9.953e-01  9.942e-01  9.929e-01  9.914e-01  9.897e-01  9.878e-01  9.856e-01  9.832e-01  9.807e-01  9.782e-01  9.757e-01  9.735e-01  9.719e-01  9.711e-01 	
 9.967e-01  9.969e-01  9.973e-01  9.978e-01  9.982e-01  9.987e-01  9.990e-01  9.993e-01  9.995e-01  9.996e-01  9.997e-01  9.997e-01  9.998e-01  9.998e-01  9.998e-01  9.998e-01  9.998e-01  9.999e-01  9.999e-01  9.999e-01  9.999e-01  9.998e-01  9.998e-01  9.998e-01  9.998e-01  9.997e-01  9.996e-01  9.995e-01  9.994e-01  9.992e-01  9.989e-01  9.986e-01  9.981e-01  9.976e-01  9.970e-01  9.962e-01  9.953e-01  9.942e-01  9.929e-01  9.914e-01  9.897e-01  9.878e-01  9.856e-01  9.832e-01  9.807e-01  9.782e-01  9.757e-01  9.735e-01  9.719e-01  9.711e-01 	
 9.968e-01  9.970e-01  9.974e-01  9.978e-01  9.983e-01  9.987e-01  9.990e-01  9.993e-01  9.995e-01  9.996e-01  9.997e-01  9.997e-01  9.998e-01  9.998e-01  9.998e-01  9.998e-01  9.998e-01  9.999e-01  9.999e-01  9.999e-01  9.999e-01  9.998e-01  9.998e-01  9.998e-01  9.998e-01  9.997e-01  9.996e-01  9.995e-01  9.994e-01  9.992e-01  9.989e-01  9.985e-01  9.981e-01  9.976e-01  9.970e-01  9.962e-01  9.952e-01  9.941e-01  9.929e-01  9.914e-01  9.897e-01  9.878e-01  9.856e-01  9.832e-01  9.807e-01  9.782e-01  9.757e-01  9.736e-01  9.719e-01  9.711e-01 	
 9.968e-01  9.970e-01  9.974e-01  9.978e-01  9.983e-01  9.987e-01  9.990e-01  9.993e-01  9.995e-01  9.996e-01  9.997e-01  9.997e-01  9.998e-01  9.998e-01  9.998e-01  9.998e-01  9.998e-01  9.999e-01  9.999e-01  9.999e-01  9.999e-01  9.998e-01  9.998e-01  9.998e-01  9.998e-01  9.997e-01  9.996e-01  9.995e-01  9.994e-01  9.992e-01  9.989e-01  9.985e-01  9.981e-01  9.976e-01  9.969e-01  9.962e-01  9.952e-01  9.941e-01  9.929e-01  9.914e-01  9.897e-01  9.878e-01  9.856e-01  9.832e-01  9.807e-01  9.782e-01  9.757e-01  9.736e-01  9.720e-01  9.711e-01 	
 9.969e-01  9.971e-01  9.974e-01  9.979e-01  9.983e-01  9.987e-01  9.991e-01  9.993e-01  9.995e-01  9.996e-01  9.997e-01  9.997e-01  9.998e-01  9.998e-01  9.998e-01  9.998e-01  9.998e-01  9.999e-01  9.999e-01  9.999e-01  9.999e-01  9.998e-01  9.998e-01  9.998e-01  9.998e-01  9.997e-01  9.996e-01  9.995e-01  9.994e-01  9.991e-01  9.989e-01  9.985e-01  9.981e-01  9.976e-01  9.969e-01  9.962e-01  9.952e-01  9.941e-01  9.929e-01  9.914e-01  9.897e-01  9.877e-01  9.856e-01  9.832e-01  9.807e-01  9.782e-01  9.757e-01  9.736e-01  9.720e-01  9.711e-01 	
 9.969e-01  9.971e-01  9.975e-01  9.979e-01  9.983e-01  9.987e-01  9.991e-01  9.993e-01  9.995e-01  9.996e-01  9.997e-01  9.997e-01  9.998e-01  9.998e-01  9.998e-01  9.998e-01  9.998e-01  9.999e-01  9.999e-01  9.999e-01  9.999e-01  9.998e-01  9.998e-01  9.998e-01  9.998e-01  9.997e-01  9.996e-01  9.995e-01  9.994e-01  9.991e-01  9.989e-01  9.985e-01  9.981e-01  9.976e-01  9.969e-01  9.962e-01  9.952e-01  9.941e-01  9.928e-01  9.914e-01  9.897e-01  9.877e-01  9.856e-01  9.832e-01  9.807e-01  9.782e-01  9.757e-01  9.736e-01  9.720e-01  9.711e-01 	
 9.969e-01  9.971e-01  9.975e-01  9.979e-01  9.983e-01  9.987e-01  9.991e-01  9.993e-01  9.995e-01  9.996e-01  9.997e-01  9.997e-01  9.998e-01  9.998e-01  9.998e-01  9.998e-01  9.999e-01  9.999e-01  9.999e-01  9.999e-01  9.999e-01  9.998e-01  9.998e-01  9.998e-01  9.998e-01  9.997e-01  9.996e-01  9.995e-01  9.993e-01  9.991e-01  9.989e-01  9.985e-01  9.981e-01  9.976e-01  9.969e-01  9.962e-01  9.952e-01  9.941e-01  9.928e-01  9.914e-01  9.897e-01  9.877e-01  9.856e-01  9.832e-01  9.807e-01  9.782e-01  9.757e-01  9.736e-01  9.720e-01  9.711e-01 	
 9.970e-01  9.972e-01  9.975e-01  9.979e-01  9.984e-01  9.988e-01  9.991e-01  9.993e-01  9.995e-01  9.996e-01  9.997e-01  9.997e-01  9.998e-01  9.998e-01  9.998e-01  9.998e-01  9.999e-01  9.999e-01  9.999e-01  9.999e-01  9.999e-01  9.998e-01  9.998e-01  9.998e-01  9.998e-01  9.997e-01  9.996e-01  9.995e-01  9.993e-01  9.991e-01  9.989e-01  9.985e-01  9.981e-01  9.976e-01  9.969e-01  9.961e-01  9.952e-01  9.941e-01  9.928e-01  9.914e-01  9.897e-01  9.877e-01  9.856e-01  9.832e-01  9.807e-01  9.782e-01  9.757e-01  9.736e-01  9.720e-01  9.711e-01 	
 9.970e-01  9.972e-01  9.975e-01  9.979e-01  9.984e-01  9.988e-01  9.991e-01  9.993e-01  9.995e-01  9.996e-01  9.997e-01  9.997e-01  9.998e-01  9.998e-01  9.998e-01  9.998e-01  9.999e-01  9.999e-01  9.999e-01  9.999e-01  9.999e-01  9.998e-01  9.998e-01  9.998e-01  9.998e-01  9.997e-01  9.996e-01  9.995e-01  9.993e-01  9.991e-01  9.989e-01  9.985e-01  9.981e-01  9.976e-01  9.969e-01  9.961e-01  9.952e-01  9.941e-01  9.928e-01  9.913e-01  9.896e-01  9.877e-01  9.856e-01  9.832e-01  9.807e-01  9.782e-01  9.757e-01  9.736e-01  9.720e-01  9.711e-01 	
 9.970e-01  9.972e-01  9.975e-01  9.980e-01  9.984e-01  9.988e-01  9.991e-01  9.993e-01  9.995e-01  9.996e-01  9.997e-01  9.997e-01  9.998e-01  9.998e-01  9.998e-01  9.998e-01  9.999e-01  9.999e-01  9.999e-01  9.999e-01  9.999e-01  9.998e-01  9.998e-01  9.998e-01  9.998e-01  9.997e-01  9.996e-01  9.995e-01  9.993e-01  9.991e-01  9.989e-01  9.985e-01  9.981e-01  9.976e-01  9.969e-01  9.961e-01  9.952e-01  9.941e-01  9.928e-01  9.913e-01  9.896e-01  9.877e-01  9.856e-01  9.832e-01  9.807e-01  9.782e-01  9.757e-01  9.736e-01  9.720e-01  9.712e-01 	
 9.970e-01  9.972e-01  9.976e-01  9.980e-01  9.984e-01  9.988e-01  9.991e-01  9.993e-01  9.995e-01  9.996e-01  9.997e-01  9.997e-01  9.998e-01  9.998e-01  9.998e-01  9.998e-01  9.999e-01  9.999e-01  9.999e-01  9.999e-01  9.999e-01  9.998e-01  9.998e-01  9.998e-01  9.998e-01  9.997e-01  9.996e-01  9.995e-01  9.993e-01  9.991e-01  9.989e-01  9.985e-01  9.981e-01  9.976e-01  9.969e-01  9.961e-01  9.952e-01  9.941e-01  9.928e-01  9.913e-01  9.896e-01  9.877e-01  9.856e-01  9.832e-01  9.807e-01  9.782e-01  9.757e-01  9.736e-01  9.720e-01  9.712e-01 	
 9.971e-01  9.972e-01  9.976e-01  9.980e-01  9.984e-01  9.988e-01  9.991e-01  9.993e-01  9.995e-01  9.996e-01  9.997e-01  9.997e-01  9.998e-01  9.998e-01  9.998e-01  9.998e-01  9.999e-01  9.999e-01  9.999e-01  9.999e-01  9.999e-01  9.998e-01  9.998e-01  9.998e-01  9.998e-01  9.997e-01  9.996e-01  9.995e-01  9.993e-01  9.991e-01  9.989e-01  9.985e-01  9.981e-01  9.976e-01  9.969e-01  9.961e-01  9.952e-01  9.941e-01  9.928e-01  9.913e-01  9.896e-01  9.877e-01  9.856e-01  9.832e-01  9.807e-01  9.782e-01  9.757e-01  9.736e-01  9.720e-01  9.712e-01 	
 9.971e-01  9.973e-01  9.976e-01  9.980e-01  9.984e-01  9.988e-01  9.991e-01  9.993e-01  9.995e-01  9.996e-01  9.997e-01  9.998e-01  9.998e-01  9.998e-01  9.998e-01  9.998e-01  9.999e-01  9.999e-01  9.999e-01  9.999e-01  9.999e-01  9.998e-01  9.998e-01  9.998e-01  9.998e-01  9.997e-01  9.996e-01  9.995e-01  9.993e-01  9.991e-01  9.989e-01  9.985e-01  9.981e-01  9.976e-01  9.969e-01  9.961e-01  9.952e-01  9.941e-01  9.928e-01  9.913e-01  9.896e-01  9.877e-01  9.856e-01  9.832e-01  9.807e-01  9.782e-01  9.757e-01  9.736e-01  9.720e-01  9.712e-01 	
 9.971e-01  9.973e-01  9.976e-01  9.980e-01  9.984e-01  9.988e-01  9.991e-01  9.993e-01  9.995e-01  9.996e-01  9.997e-01  9.998e-01  9.998e-01  9.998e-01  9.998e-01  9.998e-01  9.999e-01  9.999e-01  9.999e-01  9.999e-01  9.999e-01  9.998e-01  9.998e-01  9.998e-01  9.998e-01  9.997e-01  9.996e-01  9.995e-01  9.993e-01  9.991e-01  9.989e-01  9.985e-01  9.981e-01  9.976e-01  9.969e-01  9.961e-01  9.952e-01  9.941e-01  9.928e-01  9.913e-01  9.896e-01  9.877e-01  9.856e-01  9.832e-01  9.807e-01  9.782e-01  9.757e-01  9.736e-01  9.720e-01  9.712e-01 	
 9.971e-01  9.973e-01  9.976e-01  9.980e-01  9.984e-01  9.988e-01  9.991e-01  9.993e-01  9.995e-01  9.996e-01  9.997e-01  9.998e-01  9.998e-01  9.998e-01  9.998e-01  9.998e-01  9.999e-01  9.999e-01  9.999e-01  9.999e-01  9.999e-01  9.998e-01  9.998e-01  9.998e-01  9.998e-01  9.997e-01  9.996e-01  9.995e-01  9.993e-01  9.991e-01  9.989e-01  9.985e-01  9.981e-01  9.976e-01  9.969e-01  9.961e-01  9.952e-01  9.941e-01  9.928e-01  9.913e-01  9.896e-01  9.877e-01  9.856e-01  9.832e-01  9.807e-01  9.782e-01  9.757e-01  9.736e-01  9.720e-01  9.712e-01 	
 9.971e-01  9.973e-01  9.976e-01  9.980e-01  9.985e-01  9.988e-01  9.991e-01  9.993e-01  9.995e-01  9.996e-01  9.997e-01  9.998e-01  9.998e-01  9.998e-01  9.998e-01  9.998e-01  9.999e-01  9.999e-01  9.999e-01  9.999e-01  9.999e-01  9.998e-01  9.998e-01  9.998e-01  9.998e-01  9.997e-01  9.996e-01  9.995e-01  9.993e-01  9.991e-01  9.989e-01  9.985e-01  9.981e-01  9.976e-01  9.969e-01  9.961e-01  9.952e-01  9.941e-01  9.928e-01  9.913e-01  9.896e-01  9.877e-01  9.856e-01  9.832e-01  9.807e-01  9.782e-01  9.757e-01  9.736e-01  9.720e-01  9.712e-01 	
 9.972e-01  9.973e-01  9.977e-01  9.981e-01  9.985e-01  9.988e-01  9.991e-01  9.994e-01  9.995e-01  9.996e-01  9.997e-01  9.998e-01  9.998e-01  9.998e-01  9.998e-01  9.998e-01  9.999e-01  9.999e-01  9.999e-01  9.999e-01  9.999e-01  9.998e-01  9.998e-01  9.998e-01  9.998e-01  9.997e-01  9.996e-01  9.995e-01  9.993e-01  9.991e-01  9.989e-01  9.985e-01  9.981e-01  9.976e-01  9.969e-01  9.961e-01  9.952e-01  9.941e-01  9.928e-01  9.913e-01  9.896e-01  9.877e-01  9.856e-01  9.832e-01  9.807e-01  9.782e-01  9.757e-01  9.736e-01  9.720e-01  9.712e-01 	
 9.972e-01  9.974e-01  9.977e-01  9.981e-01  9.985e-01  9.988e-01  9.991e-01  9.994e-01  9.995e-01  9.996e-01  9.997e-01  9.998e-01  9.998e-01  9.998e-01  9.998e-01  9.998e-01  9.999e-01  9.999e-01  9.999e-01  9.999e-01  9.999e-01  9.998e-01  9.998e-01  9.998e-01  9.998e-01  9.997e-01  9.996e-01  9.995e-01  9.993e-01  9.991e-01  9.989e-01  9.985e-01  9.981e-01  9.976e-01  9.969e-01  9.961e-01  9.952e-01  9.941e-01  9.928e-01  9.913e-01  9.896e-01  9.877e-01  9.856e-01  9.832e-01  9.807e-01  9.782e-01  9.757e-01  9.736e-01  9.720e-01  9.712e-01 	
 9.972e-01  9.974e-01  9.977e-01  9.981e-01  9.985e-01  9.988e-01  9.991e-01  9.994e-01  9.995e-01  9.996e-01  9.997e-01  9.998e-01  9.998e-01  9.998e-01  9.998e-01  9.998e-01  9.999e-01  9.999e-01  9.999e-01  9.999e-01  9.999e-01  9.998e-01  9.998e-01  9.998e-01  9.998e-01  9.997e-01  9.996e-01  9.995e-01  9.993e-01  9.991e-01  9.989e-01  9.985e-01  9.981e-01  9.976e-01  9.969e-01  9.961e-01  9.952e-01  9.941e-01  9.928e-01  9.913e-01  9.896e-01  9.877e-01  9.856e-01  9.832e-01  9.807e-01  9.782e-01  9.757e-01  9.736e-01  9.720e-01  9.712e-01 	
 9.972e-01  9.974e-01  9.977e-01  9.981e-01  9.985e-01  9.988e-01  9.991e-01  9.994e-01  9.995e-01  9.996e-01  9.997e-01  9.998e-01  9.998e-01  9.998e-01  9.998e-01  9.998e-01  9.999e-01  9.999e-01  9.999e-01  9.999e-01  9.999e-01  9.998e-01  9.998e-01  9.998e-01  9.998e-01  9.997e-01  9.996e-01  9.995e-01  9.993e-01  9.991e-01  9.989e-01  9.985e-01  9.981e-01  9.976e-01  9.969e-01  9.961e-01  9.952e-01  9.941e-01  9.928e-01  9.913e-01  9.896e-01  9.877e-01  9.856e-01  9.832e-01  9.807e-01  9.782e-01  9.757e-01  9.736e-01  9.720e-01  9.712e-01 	
 9.972e-01  9.974e-01  9.977e-01  9.981e-01  9.985e-01  9.989e-01  9.991e-01  9.994e-01  9.995e-01  9.996e-01  9.997e-01  9.998e-01  9.998e-01  9.998e-01  9.998e-01  9.998e-01  9.999e-01  9.999e-01  9.999e-01  9.999e-01  9.999e-01  9.998e-01  9.998e-01  9.998e-01  9.998e-01  9.997e-01  9.996e-01  9.995e-01  9.993e-01  9.991e-01  9.989e-01  9.985e-01  9.981e-01  9.976e-01  9.969e-01  9.961e-01  9.952e-01  9.941e-01  9.928e-01  9.913e-01  9.896e-01  9.877e-01  9.856e-01  9.832e-01  9.807e-01  9.782e-01  9.757e-01  9.736e-01  9.720e-01  9.712e-01 	
 9.972e-01  9.974e-01  9.977e-01  9.981e-01  9.985e-01  9.989e-01  9.991e-01  9.994e-01  9.995e-01  9.996e-01  9.997e-01  9.998e-01  9.998e-01  9.998e-01  9.998e-01  9.998e-01  9.999e-01  9.999e-01  9.999e-01  9.999e-01  9.999e-01  9.998e-01  9.998e-01  9.998e-01  9.998e-01  9.997e-01  9.996e-01  9.995e-01  9.993e-01  9.991e-01  9.989e-01  9.985e-01  9.981e-01  9.976e-01  9.969e-01  9.961e-01  9.952e-01  9.941e-01  9.928e-01  9.913e-01  9.896e-01  9.877e-01  9.856e-01  9.832e-01  9.807e-01  9.782e-01  9.757e-01  9.736e-01  9.720e-01  9.712e-01 	
 9.973e-01  9.974e-01  9.977e-01  9.981e-01  9.985e-01  9.989e-01  9.992e-01  9.994e-01  9.995e-01  9.996e-01  9.997e-01  9.998e-01  9.998e-01  9.998e-01  9.998e-01  9.998e-01  9.999e-01  9.999e-01  9.999e-01  9.999e-01  9.999e-01  9.998e-01  9.998e-01  9.998e-01  9.998e-01  9.997e-01  9.996e-01  9.995e-01  9.993e-01  9.991e-01  9.989e-01  9.985e-01  9.981e-01  9.976e-01  9.969e-01  9.961e-01  9.952e-01  9.941e-01  9.928e-01  9.913e-01  9.896e-01  9.877e-01  9.856e-01  9.832e-01  9.807e-01  9.782e-01  9.758e-01  9.736e-01  9.720e-01  9.712e-01 	
 9.973e-01  9.975e-01  9.978e-01  9.981e-01  9.985e-01  9.989e-01  9.992e-01  9.994e-01  9.995e-01  9.996e-01  9.997e-01  9.998e-01  9.998e-01  9.998e-01  9.998e-01  9.998e-01  9.999e-01  9.999e-01  9.999e-01  9.999e-01  9.999e-01  9.998e-01  9.998e-01  9.998e-01  9.998e-01  9.997e-01  9.996e-01  9.995e-01  9.993e-01  9.991e-01  9.989e-01  9.985e-01  9.981e-01  9.976e-01  9.969e-01  9.961e-01  9.952e-01  9.941e-01  9.928e-01  9.913e-01  9.896e-01  9.877e-01  9.856e-01  9.832e-01  9.807e-01  9.782e-01  9.758e-01  9.737e-01  9.721e-01  9.712e-01 	
 9.973e-01  9.975e-01  9.978e-01  9.981e-01  9.985e-01  9.989e-01  9.992e-01  9.994e-01  9.995e-01  9.996e-01  9.997e-01  9.998e-01  9.998e-01  9.998e-01  9.998e-01  9.998e-01  9.999e-01  9.999e-01  9.999e-01  9.999e-01  9.999e-01  9.998e-01  9.998e-01  9.998e-01  9.998e-01  9.997e-01  9.996e-01  9.995e-01  9.993e-01  9.991e-01  9.989e-01  9.985e-01  9.981e-01  9.976e-01  9.969e-01  9.961e-01  9.952e-01  9.941e-01  9.928e-01  9.913e-01  9.896e-01  9.877e-01  9.856e-01  9.832e-01  9.808e-01  9.782e-01  9.758e-01  9.737e-01  9.721e-01  9.712e-01 	
 9.973e-01  9.975e-01  9.978e-01  9.982e-01  9.985e-01  9.989e-01  9.992e-01  9.994e-01  9.995e-01  9.996e-01  9.997e-01  9.998e-01  9.998e-01  9.998e-01  9.998e-01  9.998e-01  9.999e-01  9.999e-01  9.999e-01  9.999e-01  9.999e-01  9.998e-01  9.998e-01  9.998e-01  9.998e-01  9.997e-01  9.996e-01  9.995e-01  9.993e-01  9.991e-01  9.989e-01  9.985e-01  9.981e-01  9.976e-01  9.969e-01  9.961e-01  9.952e-01  9.941e-01  9.928e-01  9.913e-01  9.896e-01  9.877e-01  9.856e-01  9.833e-01  9.808e-01  9.782e-01  9.758e-01  9.737e-01  9.721e-01  9.713e-01 	
 9.973e-01  9.975e-01  9.978e-01  9.982e-01  9.985e-01  9.989e-01  9.992e-01  9.994e-01  9.995e-01  9.996e-01  9.997e-01  9.998e-01  9.998e-01  9.998e-01  9.998e-01  9.998e-01  9.999e-01  9.999e-01  9.999e-01  9.999e-01  9.999e-01  9.998e-01  9.998e-01  9.998e-01  9.998e-01  9.997e-01  9.996e-01  9.995e-01  9.993e-01  9.991e-01  9.989e-01  9.985e-01  9.981e-01  9.976e-01  9.969e-01  9.961e-01  9.952e-01  9.941e-01  9.928e-01  9.913e-01  9.896e-01  9.877e-01  9.856e-01  9.833e-01  9.808e-01  9.783e-01  9.758e-01  9.737e-01  9.722e-01  9.713e-01 	
 9.974e-01  9.975e-01  9.978e-01  9.982e-01  9.986e-01  9.989e-01  9.992e-01  9.994e-01  9.995e-01  9.996e-01  9.997e-01  9.998e-01  9.998e-01  9.998e-01  9.998e-01  9.998e-01  9.999e-01  9.999e-01  9.999e-01  9.999e-01  9.999e-01  9.998e-01  9.998e-01  9.998e-01  9.998e-01  9.997e-01  9.996e-01  9.995e-01  9.993e-01  9.991e-01  9.989e-01  9.985e-01  9.981e-01  9.976e-01  9.969e-01  9.961e-01  9.952e-01  9.941e-01  9.928e-01  9.913e-01  9.896e-01  9.877e-01  9.856e-01  9.833e-01  9.808e-01  9.783e-01  9.759e-01  9.738e-01  9.722e-01  9.713e-01 	
 9.974e-01  9.975e-01  9.978e-01  9.982e-01  9.986e-01  9.989e-01  9.992e-01  9.994e-01  9.995e-01  9.996e-01  9.997e-01  9.998e-01  9.998e-01  9.998e-01  9.998e-01  9.998e-01  9.999e-01  9.999e-01  9.999e-01  9.999e-01  9.999e-01  9.998e-01  9.998e-01  9.998e-01  9.998e-01  9.997e-01  9.996e-01  9.995e-01  9.993e-01  9.991e-01  9.989e-01  9.985e-01  9.981e-01  9.976e-01  9.969e-01  9.961e-01  9.952e-01  9.941e-01  9.928e-01  9.913e-01  9.896e-01  9.877e-01  9.856e-01  9.833e-01  9.808e-01  9.783e-01  9.759e-01  9.738e-01  9.722e-01  9.713e-01 	
 9.974e-01  9.976e-01  9.978e-01  9.982e-01  9.986e-01  9.989e-01  9.992e-01  9.994e-01  9.995e-01  9.996e-01  9.997e-01  9.998e-01  9.998e-01  9.998e-01  9.998e-01  9.998e-01  9.999e-01  9.999e-01  9.999e-01  9.999e-01  9.999e-01  9.998e-01  9.998e-01  9.998e-01  9.998e-01  9.997e-01  9.996e-01  9.995e-01  9.993e-01  9.991e-01  9.989e-01  9.985e-01  9.981e-01  9.975e-01  9.969e-01  9.961e-01  9.952e-01  9.941e-01  9.928e-01  9.913e-01  9.896e-01  9.877e-01  9.856e-01  9.833e-01  9.808e-01  9.783e-01  9.759e-01  9.738e-01  9.722e-01  9.714e-01 	
 9.974e-01  9.976e-01  9.979e-01  9.982e-01  9.986e-01  9.989e-01  9.992e-01  9.994e-01  9.995e-01  9.996e-01  9.997e-01  9.998e-01  9.998e-01  9.998e-01  9.998e-01  9.998e-01  9.999e-01  9.999e-01  9.999e-01  9.999e-01  9.999e-01  9.998e-01  9.998e-01  9.998e-01  9.998e-01  9.997e-01  9.996e-01  9.995e-01  9.993e-01  9.991e-01  9.989e-01  9.985e-01  9.981e-01  9.975e-01  9.969e-01  9.961e-01  9.952e-01  9.941e-01  9.928e-01  9.913e-01  9.896e-01  9.877e-01  9.856e-01  9.833e-01  9.808e-01  9.783e-01  9.759e-01  9.738e-01  9.722e-01  9.714e-01 	
 9.974e-01  9.976e-01  9.979e-01  9.982e-01  9.986e-01  9.989e-01  9.992e-01  9.994e-01  9.995e-01  9.996e-01  9.997e-01  9.998e-01  9.998e-01  9.998e-01  9.998e-01  9.998e-01  9.999e-01  9.999e-01  9.999e-01  9.999e-01  9.999e-01  9.998e-01  9.998e-01  9.998e-01  9.998e-01  9.997e-01  9.996e-01  9.995e-01  9.993e-01  9.991e-01  9.989e-01  9.985e-01  9.981e-01  9.975e-01  9.969e-01  9.961e-01  9.952e-01  9.941e-01  9.928e-01  9.913e-01  9.896e-01  9.877e-01  9.856e-01  9.833e-01  9.808e-01  9.783e-01  9.759e-01  9.738e-01  9.722e-01  9.714e-01 	
 9.974e-01  9.976e-01  9.979e-01  9.982e-01  9.986e-01  9.989e-01  9.992e-01  9.994e-01  9.995e-01  9.996e-01  9.997e-01  9.998e-01  9.998e-01  9.998e-01  9.998e-01  9.998e-01  9.999e-01  9.999e-01  9.999e-01  9.999e-01  9.999e-01  9.998e-01  9.998e-01  9.998e-01  9.998e-01  9.997e-01  9.996e-01  9.995e-01  9.993e-01  9.991e-01  9.989e-01  9.985e-01  9.981e-01  9.975e-01  9.969e-01  9.961e-01  9.952e-01  9.941e-01  9.928e-01  9.913e-01  9.896e-01  9.877e-01  9.856e-01  9.833e-01  9.808e-01  9.783e-01  9.759e-01  9.738e-01  9.722e-01  9.714e-01 	
 9.975e-01  9.976e-01  9.979e-01  9.982e-01  9.986e-01  9.989e-01  9.992e-01  9.994e-01  9.995e-01  9.996e-01  9.997e-01  9.998e-01  9.998e-01  9.998e-01  9.998e-01  9.998e-01  9.999e-01  9.999e-01  9.999e-01  9.999e-01  9.999e-01  9.998e-01  9.998e-01  9.998e-01  9.998e-01  9.997e-01  9.996e-01  9.995e-01  9.993e-01  9.991e-01  9.989e-01  9.985e-01  9.981e-01  9.975e-01  9.969e-01  9.961e-01  9.952e-01  9.941e-01  9.928e-01  9.913e-01  9.896e-01  9.877e-01  9.856e-01  9.833e-01  9.808e-01  9.783e-01  9.759e-01  9.738e-01  9.723e-01  9.714e-01 	
 9.975e-01  9.976e-01  9.979e-01  9.983e-01  9.986e-01  9.989e-01  9.992e-01  9.994e-01  9.995e-01  9.997e-01  9.997e-01  9.998e-01  9.998e-01  9.998e-01  9.998e-01  9.998e-01  9.999e-01  9.999e-01  9.999e-01  9.999e-01  9.999e-01  9.998e-01  9.998e-01  9.998e-01  9.998e-01  9.997e-01  9.996e-01  9.995e-01  9.993e-01  9.991e-01  9.989e-01  9.985e-01  9.981e-01  9.975e-01  9.969e-01  9.961e-01  9.952e-01  9.941e-01  9.928e-01  9.913e-01  9.896e-01  9.877e-01  9.856e-01  9.833e-01  9.808e-01  9.783e-01  9.759e-01  9.738e-01  9.723e-01  9.714e-01 	
 9.975e-01  9.976e-01  9.979e-01  9.983e-01  9.986e-01  9.989e-01  9.992e-01  9.994e-01  9.996e-01  9.997e-01  9.997e-01  9.998e-01  9.998e-01  9.998e-01  9.998e-01  9.998e-01  9.999e-01  9.999e-01  9.999e-01  9.999e-01  9.999e-01  9.998e-01  9.998e-01  9.998e-01  9.998e-01  9.997e-01  9.996e-01  9.995e-01  9.993e-01  9.991e-01  9.989e-01  9.985e-01  9.981e-01  9.975e-01  9.969e-01  9.961e-01  9.952e-01  9.941e-01  9.928e-01  9.913e-01  9.896e-01  9.877e-01  9.856e-01  9.833e-01  9.808e-01  9.783e-01  9.759e-01  9.738e-01  9.723e-01  9.714e-01 	
