 1.950e-05  4.577e-05  1.026e-04  1.899e-04  3.074e-04  4.549e-04  6.324e-04  8.398e-04  1.077e-03  1.345e-03  1.642e-03  1.970e-03  2.327e-03  2.715e-03  3.131e-03  3.577e-03  4.052e-03  4.555e-03  5.085e-03  5.643e-03  6.227e-03  6.836e-03  7.471e-03  8.129e-03  8.811e-03  9.515e-03  1.024e-02  1.099e-02  1.175e-02  1.253e-02  1.333e-02  1.415e-02  1.499e-02  1.583e-02  1.669e-02  1.757e-02  1.845e-02  1.935e-02  2.025e-02  2.117e-02  2.209e-02  2.302e-02  2.395e-02  2.489e-02  2.584e-02  2.679e-02  2.774e-02  2.870e-02  2.966e-02  3.061e-02 	
 1.077e-04  1.705e-04  2.651e-04  3.888e-04  5.402e-04  7.186e-04  9.240e-04  1.156e-03  1.416e-03  1.702e-03  2.015e-03  2.355e-03  2.723e-03  3.117e-03  3.538e-03  3.985e-03  4.459e-03  4.958e-03  5.483e-03  6.033e-03  6.607e-03  7.205e-03  7.827e-03  8.472e-03  9.139e-03  9.828e-03  1.054e-02  1.127e-02  1.202e-02  1.279e-02  1.357e-02  1.438e-02  1.519e-02  1.603e-02  1.688e-02  1.774e-02  1.862e-02  1.950e-02  2.040e-02  2.131e-02  2.223e-02  2.316e-02  2.409e-02  2.503e-02  2.598e-02  2.693e-02  2.789e-02  2.885e-02  2.982e-02  3.078e-02 	
 1.487e-04  2.228e-04  3.273e-04  4.600e-04  6.198e-04  8.066e-04  1.020e-03  1.262e-03  1.530e-03  1.826e-03  2.149e-03  2.500e-03  2.879e-03  3.286e-03  3.720e-03  4.181e-03  4.670e-03  5.185e-03  5.727e-03  6.295e-03  6.889e-03  7.508e-03  8.153e-03  8.821e-03  9.513e-03  1.023e-02  1.097e-02  1.173e-02  1.251e-02  1.331e-02  1.413e-02  1.497e-02  1.583e-02  1.670e-02  1.760e-02  1.850e-02  1.942e-02  2.036e-02  2.131e-02  2.227e-02  2.324e-02  2.422e-02  2.521e-02  2.621e-02  2.721e-02  2.823e-02  2.924e-02  3.027e-02  3.130e-02  3.233e-02 	
 1.687e-04  2.447e-04  3.507e-04  4.854e-04  6.484e-04  8.400e-04  1.061e-03  1.311e-03  1.590e-03  1.900e-03  2.239e-03  2.608e-03  3.008e-03  3.437e-03  3.897e-03  4.386e-03  4.905e-03  5.453e-03  6.031e-03  6.636e-03  7.270e-03  7.932e-03  8.620e-03  9.336e-03  1.008e-02  1.084e-02  1.164e-02  1.245e-02  1.329e-02  1.415e-02  1.503e-02  1.594e-02  1.686e-02  1.780e-02  1.876e-02  1.974e-02  2.073e-02  2.174e-02  2.277e-02  2.380e-02  2.485e-02  2.591e-02  2.698e-02  2.806e-02  2.915e-02  3.025e-02  3.135e-02  3.246e-02  3.358e-02  3.470e-02 	
 1.852e-04  2.656e-04  3.784e-04  5.225e-04  6.978e-04  9.045e-04  1.143e-03  1.413e-03  1.715e-03  2.050e-03  2.417e-03  2.817e-03  3.250e-03  3.715e-03  4.213e-03  4.743e-03  5.305e-03  5.899e-03  6.524e-03  7.181e-03  7.868e-03  8.585e-03  9.332e-03  1.011e-02  1.091e-02  1.174e-02  1.260e-02  1.349e-02  1.440e-02  1.533e-02  1.629e-02  1.727e-02  1.828e-02  1.930e-02  2.034e-02  2.140e-02  2.248e-02  2.358e-02  2.469e-02  2.582e-02  2.696e-02  2.811e-02  2.927e-02  3.045e-02  3.163e-02  3.282e-02  3.402e-02  3.523e-02  3.644e-02  3.766e-02 	
 2.014e-04  2.880e-04  4.107e-04  5.686e-04  7.612e-04  9.886e-04  1.251e-03  1.549e-03  1.882e-03  2.250e-03  2.654e-03  3.095e-03  3.570e-03  4.082e-03  4.629e-03  5.212e-03  5.830e-03  6.482e-03  7.169e-03  7.890e-03  8.644e-03  9.431e-03  1.025e-02  1.110e-02  1.198e-02  1.290e-02  1.384e-02  1.481e-02  1.580e-02  1.683e-02  1.788e-02  1.895e-02  2.005e-02  2.117e-02  2.231e-02  2.347e-02  2.465e-02  2.584e-02  2.706e-02  2.829e-02  2.953e-02  3.079e-02  3.206e-02  3.334e-02  3.463e-02  3.593e-02  3.724e-02  3.855e-02  3.987e-02  4.120e-02 	
 2.206e-04  3.159e-04  4.517e-04  6.267e-04  8.403e-04  1.093e-03  1.383e-03  1.713e-03  2.082e-03  2.491e-03  2.938e-03  3.426e-03  3.953e-03  4.519e-03  5.125e-03  5.770e-03  6.453e-03  7.175e-03  7.935e-03  8.732e-03  9.566e-03  1.044e-02  1.134e-02  1.228e-02  1.326e-02  1.426e-02  1.530e-02  1.637e-02  1.747e-02  1.860e-02  1.976e-02  2.094e-02  2.215e-02  2.338e-02  2.464e-02  2.592e-02  2.722e-02  2.853e-02  2.987e-02  3.122e-02  3.259e-02  3.397e-02  3.536e-02  3.677e-02  3.819e-02  3.961e-02  4.105e-02  4.249e-02  4.394e-02  4.540e-02 	
 2.425e-04  3.481e-04  4.990e-04  6.936e-04  9.311e-04  1.211e-03  1.534e-03  1.901e-03  2.311e-03  2.764e-03  3.261e-03  3.802e-03  4.387e-03  5.015e-03  5.688e-03  6.403e-03  7.161e-03  7.961e-03  8.804e-03  9.687e-03  1.061e-02  1.157e-02  1.258e-02  1.362e-02  1.469e-02  1.581e-02  1.696e-02  1.814e-02  1.935e-02  2.060e-02  2.188e-02  2.318e-02  2.452e-02  2.587e-02  2.726e-02  2.867e-02  3.009e-02  3.154e-02  3.301e-02  3.450e-02  3.600e-02  3.752e-02  3.905e-02  4.060e-02  4.215e-02  4.372e-02  4.529e-02  4.687e-02  4.846e-02  5.006e-02 	
 2.678e-04  3.852e-04  5.530e-04  7.693e-04  1.033e-03  1.345e-03  1.703e-03  2.110e-03  2.565e-03  3.069e-03  3.620e-03  4.221e-03  4.870e-03  5.567e-03  6.312e-03  7.105e-03  7.946e-03  8.833e-03  9.766e-03  1.074e-02  1.177e-02  1.283e-02  1.394e-02  1.509e-02  1.628e-02  1.751e-02  1.878e-02  2.009e-02  2.143e-02  2.280e-02  2.421e-02  2.565e-02  2.712e-02  2.861e-02  3.014e-02  3.169e-02  3.326e-02  3.485e-02  3.647e-02  3.810e-02  3.975e-02  4.142e-02  4.310e-02  4.480e-02  4.650e-02  4.822e-02  4.995e-02  5.168e-02  5.342e-02  5.517e-02 	
 2.966e-04  4.271e-04  6.137e-04  8.541e-04  1.147e-03  1.493e-03  1.892e-03  2.344e-03  2.849e-03  3.408e-03  4.021e-03  4.688e-03  5.408e-03  6.182e-03  7.009e-03  7.888e-03  8.820e-03  9.803e-03  1.084e-02  1.192e-02  1.305e-02  1.423e-02  1.546e-02  1.673e-02  1.805e-02  1.941e-02  2.081e-02  2.225e-02  2.373e-02  2.525e-02  2.680e-02  2.839e-02  3.001e-02  3.166e-02  3.334e-02  3.504e-02  3.677e-02  3.853e-02  4.030e-02  4.210e-02  4.392e-02  4.575e-02  4.760e-02  4.946e-02  5.133e-02  5.322e-02  5.511e-02  5.702e-02  5.893e-02  6.084e-02 	
 3.296e-04  4.748e-04  6.826e-04  9.502e-04  1.276e-03  1.661e-03  2.105e-03  2.608e-03  3.170e-03  3.792e-03  4.473e-03  5.214e-03  6.015e-03  6.874e-03  7.793e-03  8.770e-03  9.804e-03  1.089e-02  1.204e-02  1.324e-02  1.450e-02  1.580e-02  1.716e-02  1.857e-02  2.003e-02  2.153e-02  2.308e-02  2.467e-02  2.630e-02  2.798e-02  2.969e-02  3.144e-02  3.322e-02  3.504e-02  3.688e-02  3.876e-02  4.066e-02  4.259e-02  4.455e-02  4.652e-02  4.851e-02  5.052e-02  5.255e-02  5.459e-02  5.665e-02  5.872e-02  6.079e-02  6.288e-02  6.497e-02  6.707e-02 	
 3.671e-04  5.290e-04  7.603e-04  1.058e-03  1.421e-03  1.850e-03  2.344e-03  2.903e-03  3.529e-03  4.220e-03  4.978e-03  5.802e-03  6.692e-03  7.647e-03  8.668e-03  9.753e-03  1.090e-02  1.211e-02  1.338e-02  1.472e-02  1.611e-02  1.755e-02  1.906e-02  2.062e-02  2.223e-02  2.389e-02  2.561e-02  2.737e-02  2.917e-02  3.102e-02  3.291e-02  3.484e-02  3.681e-02  3.881e-02  4.085e-02  4.292e-02  4.502e-02  4.714e-02  4.929e-02  5.146e-02  5.365e-02  5.586e-02  5.809e-02  6.034e-02  6.259e-02  6.486e-02  6.714e-02  6.943e-02  7.172e-02  7.402e-02 	
 4.108e-04  5.919e-04  8.506e-04  1.184e-03  1.590e-03  2.069e-03  2.620e-03  3.246e-03  3.944e-03  4.717e-03  5.563e-03  6.483e-03  7.476e-03  8.542e-03  9.680e-03  1.089e-02  1.217e-02  1.352e-02  1.493e-02  1.641e-02  1.796e-02  1.957e-02  2.124e-02  2.297e-02  2.476e-02  2.660e-02  2.850e-02  3.045e-02  3.245e-02  3.449e-02  3.658e-02  3.871e-02  4.088e-02  4.309e-02  4.534e-02  4.762e-02  4.993e-02  5.226e-02  5.463e-02  5.701e-02  5.942e-02  6.185e-02  6.430e-02  6.676e-02  6.924e-02  7.172e-02  7.422e-02  7.673e-02  7.924e-02  8.176e-02 	
 4.617e-04  6.651e-04  9.558e-04  1.330e-03  1.786e-03  2.324e-03  2.944e-03  3.647e-03  4.432e-03  5.299e-03  6.249e-03  7.282e-03  8.396e-03  9.592e-03  1.087e-02  1.222e-02  1.366e-02  1.517e-02  1.675e-02  1.841e-02  2.014e-02  2.194e-02  2.381e-02  2.574e-02  2.774e-02  2.980e-02  3.192e-02  3.409e-02  3.632e-02  3.860e-02  4.093e-02  4.330e-02  4.572e-02  4.817e-02  5.067e-02  5.320e-02  5.576e-02  5.836e-02  6.098e-02  6.363e-02  6.629e-02  6.898e-02  7.169e-02  7.441e-02  7.715e-02  7.990e-02  8.265e-02  8.542e-02  8.819e-02  9.096e-02 	
 5.215e-04  7.513e-04  1.080e-03  1.503e-03  2.018e-03  2.626e-03  3.326e-03  4.119e-03  5.006e-03  5.985e-03  7.057e-03  8.222e-03  9.479e-03  1.083e-02  1.226e-02  1.379e-02  1.540e-02  1.710e-02  1.889e-02  2.075e-02  2.269e-02  2.471e-02  2.680e-02  2.897e-02  3.120e-02  3.351e-02  3.587e-02  3.830e-02  4.078e-02  4.332e-02  4.591e-02  4.855e-02  5.124e-02  5.397e-02  5.673e-02  5.954e-02  6.238e-02  6.525e-02  6.815e-02  7.107e-02  7.402e-02  7.699e-02  7.997e-02  8.297e-02  8.598e-02  8.901e-02  9.204e-02  9.508e-02  9.812e-02  1.012e-01 	
 5.907e-04  8.508e-04  1.222e-03  1.701e-03  2.285e-03  2.973e-03  3.766e-03  4.664e-03  5.667e-03  6.775e-03  7.988e-03  9.305e-03  1.073e-02  1.225e-02  1.387e-02  1.559e-02  1.741e-02  1.933e-02  2.134e-02  2.343e-02  2.562e-02  2.789e-02  3.024e-02  3.267e-02  3.518e-02  3.775e-02  4.040e-02  4.311e-02  4.589e-02  4.872e-02  5.161e-02  5.455e-02  5.754e-02  6.058e-02  6.365e-02  6.677e-02  6.992e-02  7.309e-02  7.630e-02  7.954e-02  8.279e-02  8.607e-02  8.936e-02  9.266e-02  9.598e-02  9.930e-02  1.026e-01  1.060e-01  1.093e-01  1.126e-01 	
 6.720e-04  9.674e-04  1.389e-03  1.933e-03  2.595e-03  3.376e-03  4.276e-03  5.295e-03  6.433e-03  7.689e-03  9.064e-03  1.056e-02  1.216e-02  1.389e-02  1.572e-02  1.767e-02  1.972e-02  2.188e-02  2.414e-02  2.650e-02  2.895e-02  3.150e-02  3.414e-02  3.686e-02  3.967e-02  4.255e-02  4.550e-02  4.853e-02  5.162e-02  5.477e-02  5.798e-02  6.124e-02  6.456e-02  6.792e-02  7.132e-02  7.476e-02  7.823e-02  8.174e-02  8.527e-02  8.883e-02  9.240e-02  9.600e-02  9.960e-02  1.032e-01  1.069e-01  1.105e-01  1.141e-01  1.178e-01  1.214e-01  1.250e-01 	
 7.665e-04  1.103e-03  1.582e-03  2.200e-03  2.952e-03  3.839e-03  4.861e-03  6.017e-03  7.308e-03  8.733e-03  1.029e-02  1.198e-02  1.380e-02  1.575e-02  1.782e-02  2.002e-02  2.233e-02  2.477e-02  2.731e-02  2.997e-02  3.273e-02  3.559e-02  3.854e-02  4.159e-02  4.473e-02  4.795e-02  5.125e-02  5.463e-02  5.807e-02  6.158e-02  6.515e-02  6.878e-02  7.245e-02  7.618e-02  7.994e-02  8.375e-02  8.758e-02  9.145e-02  9.535e-02  9.926e-02  1.032e-01  1.071e-01  1.111e-01  1.151e-01  1.191e-01  1.230e-01  1.270e-01  1.310e-01  1.350e-01  1.389e-01 	
 8.797e-04  1.265e-03  1.815e-03  2.522e-03  3.384e-03  4.399e-03  5.569e-03  6.892e-03  8.369e-03  9.997e-03  1.178e-02  1.371e-02  1.578e-02  1.800e-02  2.036e-02  2.286e-02  2.549e-02  2.824e-02  3.113e-02  3.413e-02  3.725e-02  4.048e-02  4.381e-02  4.724e-02  5.077e-02  5.438e-02  5.808e-02  6.185e-02  6.570e-02  6.961e-02  7.359e-02  7.762e-02  8.170e-02  8.583e-02  9.000e-02  9.421e-02  9.845e-02  1.027e-01  1.070e-01  1.113e-01  1.156e-01  1.200e-01  1.243e-01  1.287e-01  1.330e-01  1.373e-01  1.417e-01  1.460e-01  1.503e-01  1.546e-01 	
 1.015e-03  1.459e-03  2.093e-03  2.910e-03  3.904e-03  5.076e-03  6.426e-03  7.952e-03  9.654e-03  1.153e-02  1.358e-02  1.580e-02  1.818e-02  2.073e-02  2.343e-02  2.629e-02  2.930e-02  3.245e-02  3.573e-02  3.915e-02  4.270e-02  4.636e-02  5.014e-02  5.403e-02  5.801e-02  6.209e-02  6.625e-02  7.049e-02  7.481e-02  7.920e-02  8.365e-02  8.815e-02  9.270e-02  9.729e-02  1.019e-01  1.066e-01  1.113e-01  1.160e-01  1.207e-01  1.255e-01  1.302e-01  1.350e-01  1.397e-01  1.445e-01  1.493e-01  1.540e-01  1.587e-01  1.634e-01  1.681e-01  1.728e-01 	
 1.173e-03  1.686e-03  2.419e-03  3.361e-03  4.509e-03  5.862e-03  7.420e-03  9.180e-03  1.114e-02  1.330e-02  1.566e-02  1.820e-02  2.094e-02  2.385e-02  2.695e-02  3.021e-02  3.364e-02  3.722e-02  4.096e-02  4.484e-02  4.885e-02  5.299e-02  5.725e-02  6.162e-02  6.609e-02  7.066e-02  7.532e-02  8.006e-02  8.487e-02  8.975e-02  9.468e-02  9.967e-02  1.047e-01  1.098e-01  1.149e-01  1.200e-01  1.251e-01  1.303e-01  1.355e-01  1.407e-01  1.458e-01  1.510e-01  1.562e-01  1.613e-01  1.665e-01  1.716e-01  1.767e-01  1.818e-01  1.868e-01  1.919e-01 	
 1.358e-03  1.951e-03  2.796e-03  3.884e-03  5.208e-03  6.768e-03  8.563e-03  1.059e-02  1.284e-02  1.532e-02  1.803e-02  2.094e-02  2.407e-02  2.740e-02  3.092e-02  3.463e-02  3.852e-02  4.258e-02  4.680e-02  5.117e-02  5.569e-02  6.034e-02  6.511e-02  6.999e-02  7.498e-02  8.007e-02  8.524e-02  9.049e-02  9.581e-02  1.012e-01  1.066e-01  1.121e-01  1.176e-01  1.232e-01  1.287e-01  1.343e-01  1.399e-01  1.455e-01  1.511e-01  1.567e-01  1.623e-01  1.679e-01  1.735e-01  1.790e-01  1.845e-01  1.900e-01  1.955e-01  2.009e-01  2.063e-01  2.116e-01 	
 1.577e-03  2.262e-03  3.239e-03  4.495e-03  6.023e-03  7.823e-03  9.890e-03  1.222e-02  1.481e-02  1.766e-02  2.076e-02  2.409e-02  2.766e-02  3.145e-02  3.545e-02  3.966e-02  4.407e-02  4.865e-02  5.341e-02  5.833e-02  6.340e-02  6.861e-02  7.395e-02  7.940e-02  8.495e-02  9.060e-02  9.633e-02  1.021e-01  1.080e-01  1.139e-01  1.199e-01  1.259e-01  1.319e-01  1.380e-01  1.440e-01  1.501e-01  1.562e-01  1.623e-01  1.683e-01  1.744e-01  1.804e-01  1.864e-01  1.923e-01  1.983e-01  2.042e-01  2.100e-01  2.158e-01  2.216e-01  2.273e-01  2.330e-01 	
 1.836e-03  2.631e-03  3.764e-03  5.218e-03  6.988e-03  9.069e-03  1.146e-02  1.415e-02  1.713e-02  2.040e-02  2.395e-02  2.776e-02  3.183e-02  3.615e-02  4.070e-02  4.548e-02  5.046e-02  5.564e-02  6.100e-02  6.653e-02  7.221e-02  7.803e-02  8.398e-02  9.004e-02  9.621e-02  1.025e-01  1.088e-01  1.152e-01  1.216e-01  1.281e-01  1.347e-01  1.412e-01  1.478e-01  1.544e-01  1.610e-01  1.675e-01  1.741e-01  1.806e-01  1.872e-01  1.936e-01  2.001e-01  2.065e-01  2.129e-01  2.192e-01  2.255e-01  2.317e-01  2.379e-01  2.440e-01  2.500e-01  2.560e-01 	
 2.148e-03  3.075e-03  4.396e-03  6.092e-03  8.154e-03  1.057e-02  1.335e-02  1.647e-02  1.992e-02  2.370e-02  2.779e-02  3.218e-02  3.685e-02  4.179e-02  4.699e-02  5.242e-02  5.808e-02  6.394e-02  6.999e-02  7.622e-02  8.260e-02  8.911e-02  9.576e-02  1.025e-01  1.093e-01  1.163e-01  1.233e-01  1.303e-01  1.374e-01  1.445e-01  1.516e-01  1.587e-01  1.659e-01  1.730e-01  1.801e-01  1.872e-01  1.942e-01  2.012e-01  2.082e-01  2.151e-01  2.220e-01  2.288e-01  2.355e-01  2.422e-01  2.488e-01  2.554e-01  2.619e-01  2.683e-01  2.746e-01  2.809e-01 	
 2.521e-03  3.605e-03  5.149e-03  7.130e-03  9.535e-03  1.236e-02  1.558e-02  1.920e-02  2.320e-02  2.756e-02  3.227e-02  3.730e-02  4.265e-02  4.829e-02  5.421e-02  6.037e-02  6.677e-02  7.339e-02  8.019e-02  8.716e-02  9.429e-02  1.015e-01  1.089e-01  1.164e-01  1.239e-01  1.315e-01  1.392e-01  1.469e-01  1.546e-01  1.623e-01  1.700e-01  1.777e-01  1.854e-01  1.930e-01  2.006e-01  2.082e-01  2.157e-01  2.231e-01  2.305e-01  2.378e-01  2.451e-01  2.523e-01  2.593e-01  2.663e-01  2.733e-01  2.801e-01  2.868e-01  2.935e-01  3.001e-01  3.065e-01 	
 2.961e-03  4.227e-03  6.028e-03  8.336e-03  1.113e-02  1.441e-02  1.814e-02  2.232e-02  2.692e-02  3.192e-02  3.730e-02  4.304e-02  4.911e-02  5.550e-02  6.217e-02  6.911e-02  7.628e-02  8.367e-02  9.124e-02  9.898e-02  1.069e-01  1.148e-01  1.229e-01  1.311e-01  1.393e-01  1.476e-01  1.559e-01  1.642e-01  1.725e-01  1.808e-01  1.891e-01  1.973e-01  2.055e-01  2.136e-01  2.217e-01  2.296e-01  2.376e-01  2.454e-01  2.531e-01  2.608e-01  2.684e-01  2.758e-01  2.832e-01  2.905e-01  2.976e-01  3.047e-01  3.117e-01  3.185e-01  3.253e-01  3.319e-01 	
 3.484e-03  4.964e-03  7.065e-03  9.752e-03  1.300e-02  1.679e-02  2.110e-02  2.590e-02  3.117e-02  3.688e-02  4.301e-02  4.952e-02  5.638e-02  6.357e-02  7.105e-02  7.880e-02  8.678e-02  9.497e-02  1.033e-01  1.119e-01  1.205e-01  1.292e-01  1.381e-01  1.469e-01  1.558e-01  1.648e-01  1.737e-01  1.826e-01  1.915e-01  2.003e-01  2.091e-01  2.178e-01  2.265e-01  2.350e-01  2.435e-01  2.519e-01  2.601e-01  2.683e-01  2.764e-01  2.843e-01  2.922e-01  2.999e-01  3.075e-01  3.150e-01  3.224e-01  3.296e-01  3.368e-01  3.438e-01  3.507e-01  3.575e-01 	
 4.110e-03  5.844e-03  8.300e-03  1.143e-02  1.521e-02  1.959e-02  2.456e-02  3.008e-02  3.611e-02  4.263e-02  4.958e-02  5.695e-02  6.468e-02  7.276e-02  8.113e-02  8.977e-02  9.864e-02  1.077e-01  1.169e-01  1.263e-01  1.358e-01  1.453e-01  1.549e-01  1.645e-01  1.741e-01  1.837e-01  1.933e-01  2.028e-01  2.123e-01  2.216e-01  2.309e-01  2.401e-01  2.492e-01  2.582e-01  2.671e-01  2.759e-01  2.845e-01  2.930e-01  3.013e-01  3.096e-01  3.177e-01  3.256e-01  3.334e-01  3.411e-01  3.486e-01  3.561e-01  3.633e-01  3.705e-01  3.775e-01  3.843e-01 	
 4.857e-03  6.888e-03  9.757e-03  1.340e-02  1.778e-02  2.285e-02  2.856e-02  3.488e-02  4.176e-02  4.916e-02  5.703e-02  6.533e-02  7.402e-02  8.305e-02  9.238e-02  1.020e-01  1.118e-01  1.217e-01  1.318e-01  1.421e-01  1.524e-01  1.627e-01  1.730e-01  1.834e-01  1.937e-01  2.039e-01  2.141e-01  2.242e-01  2.342e-01  2.441e-01  2.539e-01  2.635e-01  2.730e-01  2.824e-01  2.916e-01  3.007e-01  3.096e-01  3.183e-01  3.269e-01  3.354e-01  3.437e-01  3.518e-01  3.598e-01  3.676e-01  3.752e-01  3.827e-01  3.901e-01  3.973e-01  4.043e-01  4.112e-01 	
 5.747e-03  8.125e-03  1.147e-02  1.571e-02  2.077e-02  2.661e-02  3.316e-02  4.037e-02  4.819e-02  5.656e-02  6.543e-02  7.475e-02  8.446e-02  9.451e-02  1.048e-01  1.154e-01  1.262e-01  1.371e-01  1.481e-01  1.592e-01  1.703e-01  1.814e-01  1.925e-01  2.035e-01  2.144e-01  2.253e-01  2.360e-01  2.466e-01  2.571e-01  2.674e-01  2.776e-01  2.876e-01  2.974e-01  3.071e-01  3.166e-01  3.259e-01  3.350e-01  3.439e-01  3.527e-01  3.613e-01  3.697e-01  3.779e-01  3.859e-01  3.938e-01  4.015e-01  4.090e-01  4.164e-01  4.236e-01  4.306e-01  4.375e-01 	
 6.796e-03  9.575e-03  1.347e-02  1.837e-02  2.419e-02  3.087e-02  3.833e-02  4.650e-02  5.533e-02  6.474e-02  7.467e-02  8.505e-02  9.582e-02  1.069e-01  1.183e-01  1.298e-01  1.416e-01  1.534e-01  1.653e-01  1.772e-01  1.891e-01  2.009e-01  2.127e-01  2.243e-01  2.359e-01  2.472e-01  2.585e-01  2.695e-01  2.804e-01  2.911e-01  3.016e-01  3.119e-01  3.220e-01  3.319e-01  3.416e-01  3.511e-01  3.604e-01  3.694e-01  3.783e-01  3.869e-01  3.954e-01  4.037e-01  4.117e-01  4.196e-01  4.273e-01  4.348e-01  4.422e-01  4.493e-01  4.563e-01  4.631e-01 	
 8.027e-03  1.126e-02  1.577e-02  2.140e-02  2.806e-02  3.565e-02  4.409e-02  5.330e-02  6.319e-02  7.369e-02  8.472e-02  9.619e-02  1.080e-01  1.202e-01  1.326e-01  1.451e-01  1.578e-01  1.705e-01  1.832e-01  1.959e-01  2.085e-01  2.211e-01  2.334e-01  2.457e-01  2.577e-01  2.696e-01  2.813e-01  2.927e-01  3.040e-01  3.150e-01  3.258e-01  3.363e-01  3.466e-01  3.567e-01  3.665e-01  3.761e-01  3.855e-01  3.946e-01  4.035e-01  4.122e-01  4.207e-01  4.290e-01  4.370e-01  4.449e-01  4.525e-01  4.600e-01  4.673e-01  4.743e-01  4.812e-01  4.880e-01 	
 9.457e-03  1.320e-02  1.839e-02  2.483e-02  3.240e-02  4.098e-02  5.048e-02  6.079e-02  7.181e-02  8.346e-02  9.564e-02  1.083e-01  1.212e-01  1.344e-01  1.479e-01  1.614e-01  1.750e-01  1.886e-01  2.021e-01  2.155e-01  2.288e-01  2.420e-01  2.550e-01  2.677e-01  2.803e-01  2.925e-01  3.046e-01  3.164e-01  3.279e-01  3.391e-01  3.501e-01  3.608e-01  3.713e-01  3.815e-01  3.914e-01  4.011e-01  4.105e-01  4.196e-01  4.286e-01  4.372e-01  4.457e-01  4.539e-01  4.619e-01  4.697e-01  4.773e-01  4.846e-01  4.918e-01  4.988e-01  5.056e-01  5.122e-01 	
 1.109e-02  1.541e-02  2.134e-02  2.867e-02  3.722e-02  4.686e-02  5.748e-02  6.897e-02  8.119e-02  9.405e-02  1.074e-01  1.212e-01  1.353e-01  1.496e-01  1.641e-01  1.786e-01  1.931e-01  2.075e-01  2.218e-01  2.360e-01  2.499e-01  2.637e-01  2.771e-01  2.904e-01  3.033e-01  3.159e-01  3.283e-01  3.403e-01  3.521e-01  3.635e-01  3.746e-01  3.855e-01  3.960e-01  4.062e-01  4.162e-01  4.259e-01  4.353e-01  4.444e-01  4.533e-01  4.619e-01  4.702e-01  4.784e-01  4.863e-01  4.939e-01  5.014e-01  5.086e-01  5.156e-01  5.225e-01  5.291e-01  5.356e-01 	
 1.292e-02  1.786e-02  2.460e-02  3.287e-02  4.247e-02  5.325e-02  6.506e-02  7.778e-02  9.127e-02  1.054e-01  1.200e-01  1.350e-01  1.502e-01  1.656e-01  1.811e-01  1.965e-01  2.118e-01  2.271e-01  2.421e-01  2.569e-01  2.714e-01  2.856e-01  2.995e-01  3.131e-01  3.264e-01  3.393e-01  3.519e-01  3.641e-01  3.760e-01  3.875e-01  3.987e-01  4.096e-01  4.202e-01  4.304e-01  4.403e-01  4.499e-01  4.593e-01  4.683e-01  4.771e-01  4.856e-01  4.939e-01  5.019e-01  5.096e-01  5.171e-01  5.244e-01  5.315e-01  5.384e-01  5.450e-01  5.515e-01  5.578e-01 	
 1.492e-02  2.053e-02  2.812e-02  3.740e-02  4.811e-02  6.009e-02  7.316e-02  8.717e-02  1.020e-01  1.173e-01  1.332e-01  1.494e-01  1.657e-01  1.822e-01  1.986e-01  2.149e-01  2.311e-01  2.470e-01  2.626e-01  2.780e-01  2.930e-01  3.076e-01  3.219e-01  3.358e-01  3.493e-01  3.624e-01  3.751e-01  3.875e-01  3.994e-01  4.110e-01  4.223e-01  4.331e-01  4.436e-01  4.538e-01  4.637e-01  4.732e-01  4.824e-01  4.914e-01  5.000e-01  5.084e-01  5.165e-01  5.243e-01  5.319e-01  5.392e-01  5.464e-01  5.533e-01  5.600e-01  5.664e-01  5.727e-01  5.788e-01 	
 1.703e-02  2.334e-02  3.185e-02  4.218e-02  5.408e-02  6.731e-02  8.170e-02  9.704e-02  1.132e-01  1.298e-01  1.469e-01  1.643e-01  1.817e-01  1.992e-01  2.165e-01  2.337e-01  2.506e-01  2.671e-01  2.833e-01  2.992e-01  3.146e-01  3.296e-01  3.442e-01  3.583e-01  3.720e-01  3.852e-01  3.980e-01  4.104e-01  4.224e-01  4.340e-01  4.452e-01  4.560e-01  4.664e-01  4.765e-01  4.863e-01  4.957e-01  5.048e-01  5.136e-01  5.220e-01  5.302e-01  5.382e-01  5.458e-01  5.532e-01  5.604e-01  5.673e-01  5.740e-01  5.805e-01  5.868e-01  5.929e-01  5.988e-01 	
 1.917e-02  2.623e-02  3.571e-02  4.719e-02  6.033e-02  7.490e-02  9.066e-02  1.074e-01  1.249e-01  1.429e-01  1.612e-01  1.797e-01  1.982e-01  2.166e-01  2.348e-01  2.527e-01  2.703e-01  2.874e-01  3.041e-01  3.204e-01  3.361e-01  3.514e-01  3.662e-01  3.805e-01  3.943e-01  4.076e-01  4.205e-01  4.329e-01  4.448e-01  4.564e-01  4.675e-01  4.782e-01  4.885e-01  4.985e-01  5.081e-01  5.173e-01  5.263e-01  5.349e-01  5.432e-01  5.512e-01  5.589e-01  5.664e-01  5.736e-01  5.806e-01  5.873e-01  5.938e-01  6.001e-01  6.061e-01  6.120e-01  6.177e-01 	
 2.126e-02  2.912e-02  3.967e-02  5.237e-02  6.687e-02  8.287e-02  1.001e-01  1.183e-01  1.371e-01  1.565e-01  1.760e-01  1.956e-01  2.152e-01  2.345e-01  2.534e-01  2.720e-01  2.901e-01  3.078e-01  3.249e-01  3.415e-01  3.575e-01  3.730e-01  3.879e-01  4.023e-01  4.161e-01  4.294e-01  4.423e-01  4.546e-01  4.665e-01  4.779e-01  4.889e-01  4.995e-01  5.097e-01  5.195e-01  5.289e-01  5.380e-01  5.467e-01  5.551e-01  5.632e-01  5.710e-01  5.785e-01  5.858e-01  5.928e-01  5.995e-01  6.060e-01  6.123e-01  6.184e-01  6.243e-01  6.299e-01  6.354e-01 	
 2.322e-02  3.197e-02  4.368e-02  5.773e-02  7.369e-02  9.121e-02  1.100e-01  1.296e-01  1.499e-01  1.705e-01  1.913e-01  2.120e-01  2.325e-01  2.526e-01  2.723e-01  2.915e-01  3.101e-01  3.281e-01  3.456e-01  3.624e-01  3.786e-01  3.942e-01  4.092e-01  4.236e-01  4.374e-01  4.507e-01  4.635e-01  4.757e-01  4.875e-01  4.988e-01  5.096e-01  5.200e-01  5.300e-01  5.396e-01  5.488e-01  5.577e-01  5.662e-01  5.744e-01  5.823e-01  5.899e-01  5.972e-01  6.042e-01  6.110e-01  6.175e-01  6.238e-01  6.298e-01  6.357e-01  6.413e-01  6.468e-01  6.520e-01 	
 2.495e-02  3.470e-02  4.770e-02  6.323e-02  8.077e-02  9.990e-02  1.202e-01  1.414e-01  1.631e-01  1.851e-01  2.070e-01  2.287e-01  2.500e-01  2.709e-01  2.912e-01  3.109e-01  3.300e-01  3.483e-01  3.660e-01  3.830e-01  3.993e-01  4.150e-01  4.300e-01  4.443e-01  4.581e-01  4.713e-01  4.840e-01  4.961e-01  5.077e-01  5.188e-01  5.294e-01  5.396e-01  5.494e-01  5.588e-01  5.678e-01  5.764e-01  5.847e-01  5.927e-01  6.004e-01  6.077e-01  6.148e-01  6.216e-01  6.281e-01  6.344e-01  6.405e-01  6.463e-01  6.520e-01  6.574e-01  6.626e-01  6.677e-01 	
 2.645e-02  3.732e-02  5.176e-02  6.891e-02  8.816e-02  1.090e-01  1.310e-01  1.537e-01  1.768e-01  2.000e-01  2.230e-01  2.457e-01  2.678e-01  2.894e-01  3.102e-01  3.304e-01  3.498e-01  3.684e-01  3.862e-01  4.033e-01  4.197e-01  4.353e-01  4.503e-01  4.646e-01  4.783e-01  4.913e-01  5.038e-01  5.157e-01  5.271e-01  5.381e-01  5.485e-01  5.585e-01  5.680e-01  5.772e-01  5.860e-01  5.944e-01  6.024e-01  6.102e-01  6.176e-01  6.247e-01  6.316e-01  6.381e-01  6.444e-01  6.505e-01  6.563e-01  6.620e-01  6.674e-01  6.726e-01  6.776e-01  6.824e-01 	
 2.769e-02  3.983e-02  5.589e-02  7.483e-02  9.593e-02  1.186e-01  1.423e-01  1.666e-01  1.911e-01  2.155e-01  2.395e-01  2.631e-01  2.859e-01  3.080e-01  3.294e-01  3.498e-01  3.695e-01  3.883e-01  4.062e-01  4.233e-01  4.397e-01  4.553e-01  4.701e-01  4.843e-01  4.978e-01  5.107e-01  5.230e-01  5.347e-01  5.459e-01  5.566e-01  5.668e-01  5.766e-01  5.859e-01  5.948e-01  6.033e-01  6.115e-01  6.193e-01  6.268e-01  6.339e-01  6.408e-01  6.474e-01  6.538e-01  6.598e-01  6.657e-01  6.713e-01  6.767e-01  6.819e-01  6.869e-01  6.917e-01  6.963e-01 	
 2.873e-02  4.230e-02  6.013e-02  8.101e-02  1.041e-01  1.286e-01  1.540e-01  1.799e-01  2.057e-01  2.313e-01  2.563e-01  2.807e-01  3.042e-01  3.268e-01  3.485e-01  3.692e-01  3.891e-01  4.079e-01  4.259e-01  4.430e-01  4.593e-01  4.748e-01  4.895e-01  5.035e-01  5.168e-01  5.295e-01  5.416e-01  5.531e-01  5.640e-01  5.745e-01  5.844e-01  5.939e-01  6.030e-01  6.116e-01  6.199e-01  6.278e-01  6.354e-01  6.426e-01  6.495e-01  6.562e-01  6.625e-01  6.686e-01  6.745e-01  6.801e-01  6.855e-01  6.906e-01  6.956e-01  7.004e-01  7.050e-01  7.094e-01 	
 2.964e-02  4.477e-02  6.452e-02  8.746e-02  1.126e-01  1.390e-01  1.662e-01  1.936e-01  2.208e-01  2.475e-01  2.734e-01  2.985e-01  3.225e-01  3.456e-01  3.676e-01  3.885e-01  4.084e-01  4.274e-01  4.453e-01  4.623e-01  4.785e-01  4.938e-01  5.084e-01  5.222e-01  5.353e-01  5.477e-01  5.595e-01  5.708e-01  5.815e-01  5.916e-01  6.013e-01  6.106e-01  6.194e-01  6.277e-01  6.358e-01  6.434e-01  6.507e-01  6.577e-01  6.644e-01  6.708e-01  6.769e-01  6.827e-01  6.883e-01  6.937e-01  6.989e-01  7.038e-01  7.086e-01  7.132e-01  7.175e-01  7.218e-01 	
 3.050e-02  4.730e-02  6.907e-02  9.416e-02  1.214e-01  1.498e-01  1.788e-01  2.077e-01  2.361e-01  2.638e-01  2.906e-01  3.163e-01  3.408e-01  3.642e-01  3.864e-01  4.075e-01  4.275e-01  4.464e-01  4.643e-01  4.812e-01  4.972e-01  5.123e-01  5.266e-01  5.402e-01  5.531e-01  5.653e-01  5.768e-01  5.878e-01  5.982e-01  6.081e-01  6.175e-01  6.265e-01  6.350e-01  6.431e-01  6.509e-01  6.583e-01  6.653e-01  6.720e-01  6.785e-01  6.846e-01  6.905e-01  6.961e-01  7.015e-01  7.066e-01  7.116e-01  7.163e-01  7.209e-01  7.252e-01  7.294e-01  7.334e-01 	
 3.137e-02  4.990e-02  7.376e-02  1.011e-01  1.304e-01  1.608e-01  1.915e-01  2.218e-01  2.515e-01  2.802e-01  3.077e-01  3.339e-01  3.589e-01  3.826e-01  4.049e-01  4.261e-01  4.461e-01  4.649e-01  4.826e-01  4.994e-01  5.152e-01  5.301e-01  5.442e-01  5.576e-01  5.702e-01  5.821e-01  5.934e-01  6.041e-01  6.142e-01  6.238e-01  6.330e-01  6.416e-01  6.499e-01  6.577e-01  6.652e-01  6.723e-01  6.791e-01  6.856e-01  6.918e-01  6.977e-01  7.033e-01  7.087e-01  7.139e-01  7.188e-01  7.235e-01  7.281e-01  7.324e-01  7.366e-01  7.406e-01  7.444e-01 	
 3.230e-02  5.259e-02  7.855e-02  1.081e-01  1.396e-01  1.719e-01  2.042e-01  2.359e-01  2.667e-01  2.963e-01  3.245e-01  3.512e-01  3.765e-01  4.004e-01  4.229e-01  4.440e-01  4.639e-01  4.827e-01  5.003e-01  5.169e-01  5.325e-01  5.471e-01  5.610e-01  5.741e-01  5.864e-01  5.980e-01  6.090e-01  6.194e-01  6.293e-01  6.386e-01  6.475e-01  6.559e-01  6.639e-01  6.715e-01  6.787e-01  6.856e-01  6.921e-01  6.983e-01  7.043e-01  7.100e-01  7.154e-01  7.205e-01  7.255e-01  7.302e-01  7.347e-01  7.390e-01  7.432e-01  7.471e-01  7.509e-01  7.546e-01 	
 3.332e-02  5.534e-02  8.339e-02  1.151e-01  1.487e-01  1.828e-01  2.168e-01  2.498e-01  2.816e-01  3.120e-01  3.407e-01  3.679e-01  3.935e-01  4.175e-01  4.401e-01  4.612e-01  4.810e-01  4.996e-01  5.170e-01  5.334e-01  5.488e-01  5.632e-01  5.768e-01  5.896e-01  6.017e-01  6.130e-01  6.238e-01  6.339e-01  6.435e-01  6.525e-01  6.611e-01  6.693e-01  6.770e-01  6.843e-01  6.913e-01  6.979e-01  7.042e-01  7.102e-01  7.159e-01  7.214e-01  7.265e-01  7.315e-01  7.362e-01  7.408e-01  7.451e-01  7.492e-01  7.532e-01  7.569e-01  7.606e-01  7.640e-01 	
 3.442e-02  5.812e-02  8.820e-02  1.220e-01  1.576e-01  1.935e-01  2.289e-01  2.632e-01  2.959e-01  3.270e-01  3.563e-01  3.838e-01  4.096e-01  4.337e-01  4.563e-01  4.774e-01  4.971e-01  5.155e-01  5.328e-01  5.489e-01  5.640e-01  5.782e-01  5.916e-01  6.041e-01  6.159e-01  6.270e-01  6.374e-01  6.473e-01  6.566e-01  6.654e-01  6.737e-01  6.816e-01  6.891e-01  6.961e-01  7.029e-01  7.093e-01  7.153e-01  7.211e-01  7.266e-01  7.318e-01  7.368e-01  7.416e-01  7.461e-01  7.504e-01  7.546e-01  7.585e-01  7.623e-01  7.659e-01  7.693e-01  7.726e-01 	
 3.559e-02  6.091e-02  9.294e-02  1.288e-01  1.662e-01  2.038e-01  2.406e-01  2.759e-01  3.095e-01  3.412e-01  3.710e-01  3.988e-01  4.247e-01  4.489e-01  4.715e-01  4.925e-01  5.121e-01  5.303e-01  5.474e-01  5.633e-01  5.782e-01  5.921e-01  6.052e-01  6.175e-01  6.290e-01  6.398e-01  6.500e-01  6.596e-01  6.686e-01  6.772e-01  6.853e-01  6.929e-01  7.001e-01  7.070e-01  7.135e-01  7.196e-01  7.255e-01  7.311e-01  7.363e-01  7.414e-01  7.462e-01  7.507e-01  7.551e-01  7.592e-01  7.632e-01  7.670e-01  7.706e-01  7.740e-01  7.773e-01  7.805e-01 	
 3.682e-02  6.366e-02  9.753e-02  1.353e-01  1.745e-01  2.136e-01  2.517e-01  2.880e-01  3.223e-01  3.546e-01  3.847e-01  4.127e-01  4.388e-01  4.630e-01  4.855e-01  5.064e-01  5.258e-01  5.439e-01  5.607e-01  5.764e-01  5.911e-01  6.048e-01  6.176e-01  6.296e-01  6.409e-01  6.514e-01  6.614e-01  6.707e-01  6.795e-01  6.878e-01  6.957e-01  7.031e-01  7.101e-01  7.167e-01  7.230e-01  7.290e-01  7.346e-01  7.400e-01  7.451e-01  7.499e-01  7.546e-01  7.589e-01  7.631e-01  7.671e-01  7.709e-01  7.745e-01  7.780e-01  7.813e-01  7.845e-01  7.875e-01 	
 3.807e-02  6.636e-02  1.020e-01  1.415e-01  1.824e-01  2.229e-01  2.621e-01  2.993e-01  3.343e-01  3.670e-01  3.974e-01  4.256e-01  4.518e-01  4.760e-01  4.984e-01  5.192e-01  5.384e-01  5.563e-01  5.730e-01  5.884e-01  6.029e-01  6.163e-01  6.289e-01  6.407e-01  6.517e-01  6.620e-01  6.717e-01  6.808e-01  6.894e-01  6.975e-01  7.051e-01  7.123e-01  7.191e-01  7.255e-01  7.316e-01  7.374e-01  7.429e-01  7.481e-01  7.530e-01  7.577e-01  7.621e-01  7.663e-01  7.704e-01  7.742e-01  7.779e-01  7.813e-01  7.847e-01  7.878e-01  7.909e-01  7.938e-01 	
 3.933e-02  6.900e-02  1.063e-01  1.475e-01  1.899e-01  2.317e-01  2.719e-01  3.099e-01  3.455e-01  3.786e-01  4.092e-01  4.376e-01  4.637e-01  4.879e-01  5.102e-01  5.309e-01  5.500e-01  5.677e-01  5.841e-01  5.994e-01  6.136e-01  6.268e-01  6.391e-01  6.507e-01  6.614e-01  6.716e-01  6.810e-01  6.899e-01  6.983e-01  7.062e-01  7.136e-01  7.206e-01  7.272e-01  7.334e-01  7.394e-01  7.449e-01  7.502e-01  7.553e-01  7.600e-01  7.645e-01  7.688e-01  7.729e-01  7.768e-01  7.805e-01  7.840e-01  7.874e-01  7.906e-01  7.936e-01  7.965e-01  7.993e-01 	
 4.060e-02  7.156e-02  1.104e-01  1.532e-01  1.970e-01  2.400e-01  2.812e-01  3.199e-01  3.559e-01  3.893e-01  4.202e-01  4.486e-01  4.748e-01  4.989e-01  5.211e-01  5.416e-01  5.605e-01  5.780e-01  5.943e-01  6.093e-01  6.233e-01  6.363e-01  6.484e-01  6.597e-01  6.703e-01  6.802e-01  6.895e-01  6.981e-01  7.063e-01  7.140e-01  7.212e-01  7.280e-01  7.345e-01  7.405e-01  7.463e-01  7.517e-01  7.569e-01  7.617e-01  7.663e-01  7.707e-01  7.749e-01  7.788e-01  7.826e-01  7.862e-01  7.896e-01  7.928e-01  7.959e-01  7.988e-01  8.016e-01  8.043e-01 	
 4.186e-02  7.404e-02  1.143e-01  1.586e-01  2.037e-01  2.478e-01  2.898e-01  3.291e-01  3.656e-01  3.993e-01  4.303e-01  4.588e-01  4.850e-01  5.090e-01  5.311e-01  5.514e-01  5.702e-01  5.875e-01  6.035e-01  6.183e-01  6.321e-01  6.449e-01  6.568e-01  6.679e-01  6.783e-01  6.880e-01  6.970e-01  7.055e-01  7.135e-01  7.210e-01  7.281e-01  7.347e-01  7.410e-01  7.469e-01  7.525e-01  7.578e-01  7.628e-01  7.675e-01  7.720e-01  7.762e-01  7.803e-01  7.841e-01  7.877e-01  7.912e-01  7.945e-01  7.976e-01  8.006e-01  8.034e-01  8.061e-01  8.087e-01 	
 4.308e-02  7.642e-02  1.181e-01  1.637e-01  2.101e-01  2.551e-01  2.978e-01  3.377e-01  3.746e-01  4.085e-01  4.396e-01  4.681e-01  4.942e-01  5.181e-01  5.401e-01  5.603e-01  5.789e-01  5.960e-01  6.118e-01  6.265e-01  6.400e-01  6.526e-01  6.643e-01  6.752e-01  6.854e-01  6.949e-01  7.038e-01  7.121e-01  7.199e-01  7.273e-01  7.342e-01  7.407e-01  7.468e-01  7.525e-01  7.580e-01  7.631e-01  7.680e-01  7.726e-01  7.770e-01  7.811e-01  7.850e-01  7.887e-01  7.923e-01  7.956e-01  7.988e-01  8.018e-01  8.047e-01  8.075e-01  8.101e-01  8.126e-01 	
 4.427e-02  7.866e-02  1.216e-01  1.685e-01  2.159e-01  2.618e-01  3.052e-01  3.455e-01  3.827e-01  4.167e-01  4.479e-01  4.764e-01  5.025e-01  5.263e-01  5.481e-01  5.682e-01  5.866e-01  6.036e-01  6.192e-01  6.336e-01  6.470e-01  6.594e-01  6.710e-01  6.817e-01  6.917e-01  7.010e-01  7.097e-01  7.179e-01  7.256e-01  7.327e-01  7.395e-01  7.458e-01  7.518e-01  7.575e-01  7.628e-01  7.678e-01  7.726e-01  7.770e-01  7.813e-01  7.853e-01  7.891e-01  7.928e-01  7.962e-01  7.995e-01  8.026e-01  8.055e-01  8.083e-01  8.110e-01  8.135e-01  8.160e-01 	
 4.539e-02  8.076e-02  1.248e-01  1.728e-01  2.212e-01  2.679e-01  3.118e-01  3.525e-01  3.899e-01  4.241e-01  4.554e-01  4.838e-01  5.098e-01  5.336e-01  5.553e-01  5.751e-01  5.934e-01  6.102e-01  6.257e-01  6.399e-01  6.531e-01  6.654e-01  6.768e-01  6.873e-01  6.972e-01  7.063e-01  7.149e-01  7.229e-01  7.305e-01  7.375e-01  7.441e-01  7.504e-01  7.562e-01  7.617e-01  7.669e-01  7.719e-01  7.765e-01  7.809e-01  7.850e-01  7.890e-01  7.927e-01  7.962e-01  7.996e-01  8.028e-01  8.058e-01  8.087e-01  8.114e-01  8.140e-01  8.165e-01  8.189e-01 	
 4.644e-02  8.269e-02  1.278e-01  1.768e-01  2.260e-01  2.733e-01  3.177e-01  3.588e-01  3.964e-01  4.307e-01  4.619e-01  4.904e-01  5.163e-01  5.399e-01  5.615e-01  5.812e-01  5.993e-01  6.160e-01  6.313e-01  6.454e-01  6.585e-01  6.706e-01  6.818e-01  6.922e-01  7.019e-01  7.109e-01  7.194e-01  7.273e-01  7.347e-01  7.416e-01  7.481e-01  7.542e-01  7.600e-01  7.654e-01  7.705e-01  7.753e-01  7.799e-01  7.842e-01  7.883e-01  7.921e-01  7.958e-01  7.992e-01  8.025e-01  8.056e-01  8.086e-01  8.114e-01  8.141e-01  8.166e-01  8.190e-01  8.213e-01 	
 4.741e-02  8.446e-02  1.305e-01  1.803e-01  2.303e-01  2.782e-01  3.230e-01  3.643e-01  4.020e-01  4.364e-01  4.677e-01  4.961e-01  5.219e-01  5.454e-01  5.669e-01  5.865e-01  6.045e-01  6.210e-01  6.362e-01  6.501e-01  6.631e-01  6.750e-01  6.861e-01  6.964e-01  7.060e-01  7.149e-01  7.232e-01  7.310e-01  7.383e-01  7.451e-01  7.515e-01  7.575e-01  7.632e-01  7.685e-01  7.736e-01  7.783e-01  7.828e-01  7.870e-01  7.910e-01  7.948e-01  7.984e-01  8.018e-01  8.050e-01  8.080e-01  8.110e-01  8.137e-01  8.163e-01  8.188e-01  8.212e-01  8.234e-01 	
 4.831e-02  8.607e-02  1.329e-01  1.835e-01  2.341e-01  2.825e-01  3.277e-01  3.692e-01  4.071e-01  4.415e-01  4.727e-01  5.011e-01  5.268e-01  5.503e-01  5.716e-01  5.911e-01  6.090e-01  6.253e-01  6.404e-01  6.542e-01  6.670e-01  6.789e-01  6.898e-01  7.000e-01  7.095e-01  7.183e-01  7.265e-01  7.342e-01  7.414e-01  7.481e-01  7.545e-01  7.604e-01  7.660e-01  7.712e-01  7.762e-01  7.809e-01  7.853e-01  7.894e-01  7.934e-01  7.971e-01  8.006e-01  8.040e-01  8.071e-01  8.101e-01  8.130e-01  8.157e-01  8.183e-01  8.207e-01  8.230e-01  8.252e-01 	
 4.913e-02  8.753e-02  1.351e-01  1.864e-01  2.376e-01  2.864e-01  3.318e-01  3.735e-01  4.114e-01  4.459e-01  4.771e-01  5.054e-01  5.311e-01  5.545e-01  5.757e-01  5.951e-01  6.128e-01  6.291e-01  6.440e-01  6.578e-01  6.705e-01  6.822e-01  6.930e-01  7.031e-01  7.125e-01  7.212e-01  7.294e-01  7.370e-01  7.441e-01  7.507e-01  7.570e-01  7.628e-01  7.683e-01  7.735e-01  7.784e-01  7.830e-01  7.874e-01  7.915e-01  7.954e-01  7.990e-01  8.025e-01  8.058e-01  8.089e-01  8.119e-01  8.147e-01  8.174e-01  8.199e-01  8.223e-01  8.246e-01  8.268e-01 	
 4.989e-02  8.886e-02  1.371e-01  1.890e-01  2.406e-01  2.898e-01  3.354e-01  3.773e-01  4.153e-01  4.498e-01  4.810e-01  5.092e-01  5.349e-01  5.581e-01  5.793e-01  5.986e-01  6.162e-01  6.323e-01  6.472e-01  6.608e-01  6.734e-01  6.850e-01  6.958e-01  7.058e-01  7.151e-01  7.237e-01  7.318e-01  7.393e-01  7.464e-01  7.529e-01  7.591e-01  7.649e-01  7.704e-01  7.755e-01  7.803e-01  7.849e-01  7.892e-01  7.932e-01  7.971e-01  8.007e-01  8.041e-01  8.074e-01  8.105e-01  8.134e-01  8.162e-01  8.188e-01  8.213e-01  8.237e-01  8.259e-01  8.281e-01 	
 5.059e-02  9.006e-02  1.389e-01  1.913e-01  2.433e-01  2.928e-01  3.386e-01  3.806e-01  4.187e-01  4.532e-01  4.844e-01  5.126e-01  5.381e-01  5.613e-01  5.824e-01  6.016e-01  6.191e-01  6.352e-01  6.499e-01  6.635e-01  6.760e-01  6.875e-01  6.982e-01  7.081e-01  7.173e-01  7.259e-01  7.339e-01  7.414e-01  7.483e-01  7.549e-01  7.610e-01  7.667e-01  7.721e-01  7.772e-01  7.820e-01  7.865e-01  7.907e-01  7.948e-01  7.985e-01  8.021e-01  8.055e-01  8.087e-01  8.118e-01  8.147e-01  8.174e-01  8.200e-01  8.225e-01  8.248e-01  8.271e-01  8.292e-01 	
 5.122e-02  9.116e-02  1.405e-01  1.933e-01  2.457e-01  2.955e-01  3.415e-01  3.835e-01  4.217e-01  4.562e-01  4.873e-01  5.155e-01  5.410e-01  5.641e-01  5.851e-01  6.042e-01  6.216e-01  6.376e-01  6.523e-01  6.658e-01  6.782e-01  6.897e-01  7.003e-01  7.101e-01  7.193e-01  7.278e-01  7.357e-01  7.431e-01  7.500e-01  7.565e-01  7.626e-01  7.683e-01  7.736e-01  7.787e-01  7.834e-01  7.879e-01  7.921e-01  7.961e-01  7.998e-01  8.034e-01  8.067e-01  8.099e-01  8.129e-01  8.158e-01  8.185e-01  8.211e-01  8.235e-01  8.258e-01  8.281e-01  8.302e-01 	
 5.181e-02  9.216e-02  1.419e-01  1.952e-01  2.479e-01  2.979e-01  3.440e-01  3.862e-01  4.244e-01  4.588e-01  4.900e-01  5.181e-01  5.435e-01  5.665e-01  5.874e-01  6.065e-01  6.239e-01  6.398e-01  6.544e-01  6.678e-01  6.801e-01  6.915e-01  7.021e-01  7.119e-01  7.210e-01  7.294e-01  7.373e-01  7.446e-01  7.515e-01  7.579e-01  7.640e-01  7.696e-01  7.749e-01  7.799e-01  7.846e-01  7.891e-01  7.932e-01  7.972e-01  8.009e-01  8.044e-01  8.078e-01  8.109e-01  8.139e-01  8.168e-01  8.194e-01  8.220e-01  8.244e-01  8.267e-01  8.289e-01  8.310e-01 	
 5.236e-02  9.309e-02  1.433e-01  1.969e-01  2.499e-01  3.000e-01  3.463e-01  3.885e-01  4.267e-01  4.612e-01  4.923e-01  5.204e-01  5.457e-01  5.687e-01  5.895e-01  6.085e-01  6.258e-01  6.417e-01  6.562e-01  6.696e-01  6.818e-01  6.932e-01  7.037e-01  7.134e-01  7.225e-01  7.309e-01  7.387e-01  7.460e-01  7.528e-01  7.592e-01  7.652e-01  7.708e-01  7.761e-01  7.810e-01  7.857e-01  7.901e-01  7.943e-01  7.982e-01  8.019e-01  8.054e-01  8.087e-01  8.118e-01  8.148e-01  8.176e-01  8.203e-01  8.228e-01  8.252e-01  8.275e-01  8.297e-01  8.317e-01 	
 5.288e-02  9.395e-02  1.445e-01  1.985e-01  2.517e-01  3.020e-01  3.484e-01  3.907e-01  4.289e-01  4.633e-01  4.944e-01  5.224e-01  5.477e-01  5.706e-01  5.914e-01  6.103e-01  6.276e-01  6.434e-01  6.578e-01  6.711e-01  6.834e-01  6.947e-01  7.051e-01  7.148e-01  7.238e-01  7.321e-01  7.399e-01  7.472e-01  7.540e-01  7.603e-01  7.663e-01  7.719e-01  7.771e-01  7.820e-01  7.867e-01  7.910e-01  7.952e-01  7.991e-01  8.027e-01  8.062e-01  8.095e-01  8.126e-01  8.155e-01  8.183e-01  8.210e-01  8.235e-01  8.259e-01  8.281e-01  8.303e-01  8.323e-01 	
 5.336e-02  9.477e-02  1.457e-01  1.999e-01  2.534e-01  3.038e-01  3.503e-01  3.926e-01  4.308e-01  4.653e-01  4.963e-01  5.243e-01  5.495e-01  5.724e-01  5.931e-01  6.120e-01  6.292e-01  6.449e-01  6.593e-01  6.725e-01  6.847e-01  6.960e-01  7.064e-01  7.160e-01  7.250e-01  7.333e-01  7.410e-01  7.482e-01  7.550e-01  7.613e-01  7.672e-01  7.728e-01  7.780e-01  7.829e-01  7.875e-01  7.919e-01  7.960e-01  7.998e-01  8.035e-01  8.069e-01  8.102e-01  8.133e-01  8.162e-01  8.190e-01  8.216e-01  8.241e-01  8.265e-01  8.287e-01  8.309e-01  8.329e-01 	
 5.383e-02  9.553e-02  1.467e-01  2.013e-01  2.549e-01  3.055e-01  3.521e-01  3.944e-01  4.326e-01  4.671e-01  4.980e-01  5.260e-01  5.512e-01  5.740e-01  5.947e-01  6.135e-01  6.306e-01  6.463e-01  6.606e-01  6.738e-01  6.860e-01  6.972e-01  7.075e-01  7.171e-01  7.260e-01  7.343e-01  7.420e-01  7.492e-01  7.559e-01  7.622e-01  7.681e-01  7.736e-01  7.788e-01  7.837e-01  7.883e-01  7.926e-01  7.967e-01  8.005e-01  8.042e-01  8.076e-01  8.108e-01  8.139e-01  8.168e-01  8.196e-01  8.222e-01  8.247e-01  8.270e-01  8.293e-01  8.314e-01  8.334e-01 	
 5.428e-02  9.626e-02  1.478e-01  2.026e-01  2.564e-01  3.071e-01  3.537e-01  3.961e-01  4.343e-01  4.687e-01  4.997e-01  5.275e-01  5.527e-01  5.755e-01  5.961e-01  6.148e-01  6.319e-01  6.476e-01  6.619e-01  6.750e-01  6.871e-01  6.983e-01  7.086e-01  7.181e-01  7.270e-01  7.352e-01  7.429e-01  7.501e-01  7.568e-01  7.630e-01  7.689e-01  7.744e-01  7.796e-01  7.844e-01  7.890e-01  7.933e-01  7.973e-01  8.012e-01  8.048e-01  8.082e-01  8.114e-01  8.145e-01  8.174e-01  8.201e-01  8.227e-01  8.252e-01  8.275e-01  8.298e-01  8.319e-01  8.339e-01 	
 5.471e-02  9.696e-02  1.488e-01  2.038e-01  2.578e-01  3.086e-01  3.553e-01  3.977e-01  4.359e-01  4.702e-01  5.012e-01  5.290e-01  5.541e-01  5.768e-01  5.974e-01  6.161e-01  6.332e-01  6.487e-01  6.630e-01  6.761e-01  6.881e-01  6.993e-01  7.095e-01  7.191e-01  7.279e-01  7.361e-01  7.438e-01  7.509e-01  7.576e-01  7.638e-01  7.696e-01  7.751e-01  7.802e-01  7.851e-01  7.896e-01  7.939e-01  7.979e-01  8.018e-01  8.054e-01  8.088e-01  8.120e-01  8.150e-01  8.179e-01  8.206e-01  8.232e-01  8.257e-01  8.280e-01  8.302e-01  8.323e-01  8.343e-01 	
 5.513e-02  9.765e-02  1.497e-01  2.049e-01  2.591e-01  3.100e-01  3.568e-01  3.991e-01  4.374e-01  4.717e-01  5.026e-01  5.304e-01  5.555e-01  5.781e-01  5.987e-01  6.173e-01  6.343e-01  6.498e-01  6.641e-01  6.771e-01  6.891e-01  7.002e-01  7.105e-01  7.199e-01  7.287e-01  7.369e-01  7.445e-01  7.516e-01  7.583e-01  7.645e-01  7.703e-01  7.758e-01  7.809e-01  7.857e-01  7.902e-01  7.945e-01  7.985e-01  8.023e-01  8.059e-01  8.093e-01  8.125e-01  8.155e-01  8.184e-01  8.211e-01  8.237e-01  8.261e-01  8.284e-01  8.306e-01  8.327e-01  8.347e-01 	
 5.554e-02  9.831e-02  1.506e-01  2.061e-01  2.604e-01  3.114e-01  3.582e-01  4.006e-01  4.388e-01  4.731e-01  5.040e-01  5.317e-01  5.567e-01  5.794e-01  5.998e-01  6.185e-01  6.354e-01  6.509e-01  6.651e-01  6.781e-01  6.901e-01  7.011e-01  7.113e-01  7.208e-01  7.295e-01  7.377e-01  7.453e-01  7.524e-01  7.590e-01  7.652e-01  7.709e-01  7.764e-01  7.815e-01  7.863e-01  7.908e-01  7.950e-01  7.990e-01  8.028e-01  8.064e-01  8.098e-01  8.129e-01  8.160e-01  8.188e-01  8.215e-01  8.241e-01  8.265e-01  8.288e-01  8.310e-01  8.331e-01  8.351e-01 	
 5.594e-02  9.896e-02  1.515e-01  2.072e-01  2.616e-01  3.127e-01  3.595e-01  4.019e-01  4.401e-01  4.744e-01  5.053e-01  5.330e-01  5.580e-01  5.805e-01  6.010e-01  6.195e-01  6.364e-01  6.519e-01  6.660e-01  6.790e-01  6.909e-01  7.020e-01  7.121e-01  7.215e-01  7.303e-01  7.384e-01  7.460e-01  7.530e-01  7.596e-01  7.658e-01  7.716e-01  7.770e-01  7.820e-01  7.868e-01  7.913e-01  7.955e-01  7.995e-01  8.033e-01  8.069e-01  8.102e-01  8.134e-01  8.164e-01  8.192e-01  8.219e-01  8.245e-01  8.269e-01  8.292e-01  8.314e-01  8.334e-01  8.354e-01 	
 5.634e-02  9.959e-02  1.524e-01  2.082e-01  2.628e-01  3.140e-01  3.609e-01  4.033e-01  4.414e-01  4.757e-01  5.065e-01  5.342e-01  5.591e-01  5.817e-01  6.021e-01  6.206e-01  6.374e-01  6.528e-01  6.669e-01  6.799e-01  6.918e-01  7.028e-01  7.129e-01  7.223e-01  7.310e-01  7.391e-01  7.466e-01  7.537e-01  7.602e-01  7.664e-01  7.721e-01  7.775e-01  7.826e-01  7.874e-01  7.918e-01  7.960e-01  8.000e-01  8.038e-01  8.073e-01  8.107e-01  8.138e-01  8.168e-01  8.196e-01  8.223e-01  8.249e-01  8.273e-01  8.296e-01  8.317e-01  8.338e-01  8.358e-01 	
 5.673e-02  1.002e-01  1.533e-01  2.093e-01  2.640e-01  3.152e-01  3.621e-01  4.046e-01  4.427e-01  4.770e-01  5.077e-01  5.354e-01  5.603e-01  5.827e-01  6.031e-01  6.216e-01  6.384e-01  6.538e-01  6.678e-01  6.807e-01  6.926e-01  7.035e-01  7.137e-01  7.230e-01  7.317e-01  7.398e-01  7.473e-01  7.543e-01  7.608e-01  7.670e-01  7.727e-01  7.781e-01  7.831e-01  7.879e-01  7.923e-01  7.965e-01  8.005e-01  8.042e-01  8.077e-01  8.111e-01  8.142e-01  8.172e-01  8.200e-01  8.227e-01  8.252e-01  8.276e-01  8.299e-01  8.321e-01  8.341e-01  8.361e-01 	
 5.712e-02  1.008e-01  1.541e-01  2.103e-01  2.652e-01  3.165e-01  3.634e-01  4.058e-01  4.440e-01  4.782e-01  5.089e-01  5.365e-01  5.614e-01  5.838e-01  6.041e-01  6.226e-01  6.394e-01  6.547e-01  6.687e-01  6.816e-01  6.934e-01  7.043e-01  7.144e-01  7.237e-01  7.324e-01  7.404e-01  7.479e-01  7.549e-01  7.614e-01  7.675e-01  7.732e-01  7.786e-01  7.836e-01  7.884e-01  7.928e-01  7.970e-01  8.009e-01  8.046e-01  8.082e-01  8.115e-01  8.146e-01  8.176e-01  8.204e-01  8.231e-01  8.256e-01  8.280e-01  8.302e-01  8.324e-01  8.344e-01  8.364e-01 	
 5.752e-02  1.015e-01  1.550e-01  2.113e-01  2.663e-01  3.177e-01  3.647e-01  4.071e-01  4.452e-01  4.794e-01  5.101e-01  5.377e-01  5.625e-01  5.849e-01  6.051e-01  6.235e-01  6.403e-01  6.556e-01  6.695e-01  6.824e-01  6.942e-01  7.051e-01  7.151e-01  7.244e-01  7.331e-01  7.411e-01  7.485e-01  7.555e-01  7.620e-01  7.681e-01  7.738e-01  7.791e-01  7.841e-01  7.888e-01  7.933e-01  7.974e-01  8.014e-01  8.051e-01  8.086e-01  8.119e-01  8.150e-01  8.180e-01  8.208e-01  8.234e-01  8.259e-01  8.283e-01  8.306e-01  8.327e-01  8.347e-01  8.367e-01 	
 5.791e-02  1.021e-01  1.558e-01  2.124e-01  2.675e-01  3.189e-01  3.659e-01  4.083e-01  4.465e-01  4.806e-01  5.113e-01  5.388e-01  5.636e-01  5.859e-01  6.061e-01  6.245e-01  6.412e-01  6.564e-01  6.704e-01  6.832e-01  6.950e-01  7.058e-01  7.158e-01  7.251e-01  7.337e-01  7.417e-01  7.491e-01  7.561e-01  7.626e-01  7.686e-01  7.743e-01  7.796e-01  7.846e-01  7.893e-01  7.937e-01  7.979e-01  8.018e-01  8.055e-01  8.090e-01  8.123e-01  8.154e-01  8.183e-01  8.211e-01  8.238e-01  8.263e-01  8.286e-01  8.309e-01  8.330e-01  8.351e-01  8.370e-01 	
 5.831e-02  1.027e-01  1.567e-01  2.134e-01  2.686e-01  3.201e-01  3.672e-01  4.096e-01  4.477e-01  4.818e-01  5.124e-01  5.399e-01  5.646e-01  5.869e-01  6.071e-01  6.254e-01  6.421e-01  6.573e-01  6.712e-01  6.840e-01  6.957e-01  7.065e-01  7.165e-01  7.258e-01  7.344e-01  7.423e-01  7.498e-01  7.567e-01  7.631e-01  7.692e-01  7.748e-01  7.801e-01  7.851e-01  7.898e-01  7.942e-01  7.983e-01  8.022e-01  8.059e-01  8.094e-01  8.127e-01  8.158e-01  8.187e-01  8.215e-01  8.241e-01  8.266e-01  8.290e-01  8.312e-01  8.333e-01  8.354e-01  8.373e-01 	
 5.872e-02  1.034e-01  1.576e-01  2.145e-01  2.698e-01  3.214e-01  3.684e-01  4.108e-01  4.489e-01  4.830e-01  5.136e-01  5.410e-01  5.657e-01  5.880e-01  6.081e-01  6.264e-01  6.430e-01  6.582e-01  6.720e-01  6.848e-01  6.965e-01  7.073e-01  7.172e-01  7.265e-01  7.350e-01  7.430e-01  7.503e-01  7.572e-01  7.637e-01  7.697e-01  7.753e-01  7.806e-01  7.856e-01  7.902e-01  7.946e-01  7.988e-01  8.026e-01  8.063e-01  8.098e-01  8.130e-01  8.161e-01  8.191e-01  8.218e-01  8.245e-01  8.269e-01  8.293e-01  8.315e-01  8.336e-01  8.357e-01  8.376e-01 	
 5.914e-02  1.040e-01  1.584e-01  2.155e-01  2.709e-01  3.226e-01  3.697e-01  4.121e-01  4.501e-01  4.842e-01  5.147e-01  5.421e-01  5.668e-01  5.890e-01  6.091e-01  6.273e-01  6.439e-01  6.590e-01  6.729e-01  6.856e-01  6.972e-01  7.080e-01  7.179e-01  7.271e-01  7.356e-01  7.436e-01  7.509e-01  7.578e-01  7.642e-01  7.702e-01  7.758e-01  7.811e-01  7.861e-01  7.907e-01  7.951e-01  7.992e-01  8.031e-01  8.067e-01  8.102e-01  8.134e-01  8.165e-01  8.194e-01  8.222e-01  8.248e-01  8.273e-01  8.296e-01  8.318e-01  8.339e-01  8.359e-01  8.379e-01 	
 5.956e-02  1.047e-01  1.593e-01  2.166e-01  2.722e-01  3.239e-01  3.710e-01  4.134e-01  4.514e-01  4.855e-01  5.160e-01  5.433e-01  5.679e-01  5.901e-01  6.101e-01  6.283e-01  6.449e-01  6.599e-01  6.737e-01  6.864e-01  6.980e-01  7.088e-01  7.187e-01  7.278e-01  7.363e-01  7.442e-01  7.516e-01  7.584e-01  7.648e-01  7.708e-01  7.764e-01  7.816e-01  7.866e-01  7.912e-01  7.955e-01  7.996e-01  8.035e-01  8.071e-01  8.106e-01  8.138e-01  8.169e-01  8.198e-01  8.226e-01  8.252e-01  8.276e-01  8.300e-01  8.322e-01  8.343e-01  8.363e-01  8.382e-01 	
 6.001e-02  1.054e-01  1.603e-01  2.177e-01  2.734e-01  3.252e-01  3.723e-01  4.148e-01  4.528e-01  4.868e-01  5.172e-01  5.445e-01  5.691e-01  5.912e-01  6.112e-01  6.293e-01  6.458e-01  6.609e-01  6.746e-01  6.873e-01  6.989e-01  7.096e-01  7.194e-01  7.286e-01  7.370e-01  7.449e-01  7.522e-01  7.590e-01  7.654e-01  7.714e-01  7.770e-01  7.822e-01  7.871e-01  7.917e-01  7.960e-01  8.001e-01  8.040e-01  8.076e-01  8.110e-01  8.143e-01  8.173e-01  8.202e-01  8.229e-01  8.255e-01  8.280e-01  8.303e-01  8.325e-01  8.346e-01  8.366e-01  8.385e-01 	
 6.050e-02  1.062e-01  1.613e-01  2.189e-01  2.747e-01  3.265e-01  3.737e-01  4.161e-01  4.541e-01  4.880e-01  5.184e-01  5.457e-01  5.702e-01  5.922e-01  6.122e-01  6.303e-01  6.467e-01  6.618e-01  6.755e-01  6.881e-01  6.996e-01  7.103e-01  7.201e-01  7.292e-01  7.377e-01  7.455e-01  7.528e-01  7.596e-01  7.660e-01  7.719e-01  7.775e-01  7.827e-01  7.876e-01  7.922e-01  7.965e-01  8.005e-01  8.044e-01  8.080e-01  8.114e-01  8.146e-01  8.177e-01  8.205e-01  8.233e-01  8.258e-01  8.283e-01  8.306e-01  8.328e-01  8.349e-01  8.369e-01  8.388e-01 	
 6.101e-02  1.069e-01  1.623e-01  2.201e-01  2.759e-01  3.278e-01  3.750e-01  4.174e-01  4.553e-01  4.892e-01  5.196e-01  5.468e-01  5.712e-01  5.933e-01  6.132e-01  6.312e-01  6.476e-01  6.626e-01  6.763e-01  6.888e-01  7.004e-01  7.110e-01  7.208e-01  7.299e-01  7.383e-01  7.461e-01  7.534e-01  7.602e-01  7.665e-01  7.724e-01  7.780e-01  7.831e-01  7.880e-01  7.926e-01  7.969e-01  8.010e-01  8.048e-01  8.084e-01  8.118e-01  8.150e-01  8.180e-01  8.209e-01  8.236e-01  8.262e-01  8.286e-01  8.309e-01  8.331e-01  8.352e-01  8.372e-01  8.391e-01 	
 6.149e-02  1.076e-01  1.632e-01  2.212e-01  2.772e-01  3.292e-01  3.763e-01  4.187e-01  4.566e-01  4.905e-01  5.208e-01  5.480e-01  5.724e-01  5.944e-01  6.142e-01  6.322e-01  6.486e-01  6.635e-01  6.772e-01  6.897e-01  7.012e-01  7.117e-01  7.215e-01  7.306e-01  7.390e-01  7.468e-01  7.540e-01  7.608e-01  7.671e-01  7.730e-01  7.785e-01  7.837e-01  7.885e-01  7.931e-01  7.974e-01  8.014e-01  8.052e-01  8.088e-01  8.122e-01  8.154e-01  8.184e-01  8.213e-01  8.240e-01  8.265e-01  8.290e-01  8.313e-01  8.334e-01  8.355e-01  8.375e-01  8.393e-01 	
 6.199e-02  1.084e-01  1.642e-01  2.224e-01  2.785e-01  3.305e-01  3.777e-01  4.201e-01  4.580e-01  4.918e-01  5.221e-01  5.492e-01  5.735e-01  5.955e-01  6.153e-01  6.332e-01  6.496e-01  6.644e-01  6.780e-01  6.905e-01  7.020e-01  7.125e-01  7.223e-01  7.313e-01  7.397e-01  7.474e-01  7.546e-01  7.614e-01  7.677e-01  7.735e-01  7.790e-01  7.842e-01  7.890e-01  7.936e-01  7.979e-01  8.019e-01  8.057e-01  8.092e-01  8.126e-01  8.158e-01  8.188e-01  8.217e-01  8.244e-01  8.269e-01  8.293e-01  8.316e-01  8.338e-01  8.359e-01  8.378e-01  8.397e-01 	
 6.253e-02  1.092e-01  1.653e-01  2.237e-01  2.799e-01  3.319e-01  3.791e-01  4.215e-01  4.594e-01  4.932e-01  5.234e-01  5.504e-01  5.747e-01  5.966e-01  6.164e-01  6.343e-01  6.506e-01  6.654e-01  6.790e-01  6.914e-01  7.028e-01  7.133e-01  7.230e-01  7.320e-01  7.404e-01  7.481e-01  7.553e-01  7.620e-01  7.683e-01  7.741e-01  7.796e-01  7.847e-01  7.896e-01  7.941e-01  7.983e-01  8.023e-01  8.061e-01  8.097e-01  8.130e-01  8.162e-01  8.192e-01  8.220e-01  8.247e-01  8.273e-01  8.297e-01  8.320e-01  8.341e-01  8.362e-01  8.381e-01  8.400e-01 	
 6.312e-02  1.101e-01  1.665e-01  2.250e-01  2.813e-01  3.334e-01  3.806e-01  4.230e-01  4.608e-01  4.946e-01  5.247e-01  5.517e-01  5.760e-01  5.978e-01  6.175e-01  6.354e-01  6.516e-01  6.664e-01  6.799e-01  6.923e-01  7.037e-01  7.141e-01  7.238e-01  7.328e-01  7.411e-01  7.488e-01  7.560e-01  7.626e-01  7.689e-01  7.747e-01  7.802e-01  7.853e-01  7.901e-01  7.946e-01  7.988e-01  8.028e-01  8.066e-01  8.101e-01  8.135e-01  8.166e-01  8.196e-01  8.225e-01  8.251e-01  8.277e-01  8.301e-01  8.323e-01  8.345e-01  8.365e-01  8.385e-01  8.403e-01 	
 6.373e-02  1.110e-01  1.676e-01  2.263e-01  2.828e-01  3.350e-01  3.822e-01  4.245e-01  4.623e-01  4.960e-01  5.261e-01  5.530e-01  5.772e-01  5.990e-01  6.186e-01  6.364e-01  6.526e-01  6.674e-01  6.808e-01  6.932e-01  7.045e-01  7.150e-01  7.246e-01  7.335e-01  7.418e-01  7.495e-01  7.566e-01  7.633e-01  7.695e-01  7.753e-01  7.807e-01  7.858e-01  7.906e-01  7.951e-01  7.993e-01  8.033e-01  8.071e-01  8.106e-01  8.139e-01  8.171e-01  8.200e-01  8.228e-01  8.255e-01  8.280e-01  8.304e-01  8.327e-01  8.348e-01  8.368e-01  8.388e-01  8.406e-01 	
 6.437e-02  1.119e-01  1.688e-01  2.277e-01  2.843e-01  3.365e-01  3.837e-01  4.260e-01  4.638e-01  4.974e-01  5.275e-01  5.544e-01  5.785e-01  6.002e-01  6.198e-01  6.375e-01  6.537e-01  6.683e-01  6.818e-01  6.941e-01  7.054e-01  7.158e-01  7.254e-01  7.343e-01  7.425e-01  7.502e-01  7.573e-01  7.639e-01  7.701e-01  7.759e-01  7.813e-01  7.864e-01  7.912e-01  7.956e-01  7.998e-01  8.038e-01  8.075e-01  8.110e-01  8.144e-01  8.175e-01  8.205e-01  8.233e-01  8.259e-01  8.284e-01  8.308e-01  8.330e-01  8.352e-01  8.372e-01  8.391e-01  8.410e-01 	
 6.504e-02  1.129e-01  1.701e-01  2.292e-01  2.858e-01  3.381e-01  3.853e-01  4.276e-01  4.653e-01  4.989e-01  5.289e-01  5.557e-01  5.798e-01  6.014e-01  6.210e-01  6.386e-01  6.547e-01  6.694e-01  6.827e-01  6.950e-01  7.063e-01  7.166e-01  7.262e-01  7.351e-01  7.433e-01  7.509e-01  7.580e-01  7.646e-01  7.708e-01  7.765e-01  7.819e-01  7.870e-01  7.917e-01  7.962e-01  8.003e-01  8.043e-01  8.080e-01  8.115e-01  8.148e-01  8.179e-01  8.209e-01  8.237e-01  8.263e-01  8.288e-01  8.312e-01  8.334e-01  8.355e-01  8.375e-01  8.394e-01  8.413e-01 	
 6.575e-02  1.139e-01  1.713e-01  2.306e-01  2.874e-01  3.397e-01  3.869e-01  4.292e-01  4.668e-01  5.004e-01  5.303e-01  5.571e-01  5.811e-01  6.027e-01  6.221e-01  6.398e-01  6.558e-01  6.704e-01  6.837e-01  6.959e-01  7.072e-01  7.175e-01  7.270e-01  7.358e-01  7.440e-01  7.516e-01  7.587e-01  7.653e-01  7.714e-01  7.771e-01  7.825e-01  7.875e-01  7.923e-01  7.967e-01  8.009e-01  8.048e-01  8.085e-01  8.120e-01  8.153e-01  8.184e-01  8.213e-01  8.241e-01  8.267e-01  8.292e-01  8.315e-01  8.338e-01  8.359e-01  8.379e-01  8.398e-01  8.416e-01 	
 6.648e-02  1.150e-01  1.727e-01  2.321e-01  2.890e-01  3.414e-01  3.886e-01  4.308e-01  4.684e-01  5.019e-01  5.318e-01  5.585e-01  5.824e-01  6.039e-01  6.233e-01  6.409e-01  6.569e-01  6.714e-01  6.847e-01  6.969e-01  7.080e-01  7.183e-01  7.278e-01  7.366e-01  7.448e-01  7.523e-01  7.594e-01  7.659e-01  7.720e-01  7.777e-01  7.831e-01  7.881e-01  7.928e-01  7.972e-01  8.014e-01  8.053e-01  8.090e-01  8.124e-01  8.157e-01  8.188e-01  8.217e-01  8.245e-01  8.271e-01  8.296e-01  8.319e-01  8.341e-01  8.362e-01  8.382e-01  8.401e-01  8.419e-01 	
 6.725e-02  1.161e-01  1.740e-01  2.337e-01  2.906e-01  3.430e-01  3.902e-01  4.324e-01  4.700e-01  5.034e-01  5.332e-01  5.598e-01  5.837e-01  6.052e-01  6.245e-01  6.420e-01  6.579e-01  6.724e-01  6.857e-01  6.978e-01  7.089e-01  7.192e-01  7.287e-01  7.374e-01  7.455e-01  7.530e-01  7.601e-01  7.666e-01  7.727e-01  7.784e-01  7.837e-01  7.887e-01  7.934e-01  7.978e-01  8.019e-01  8.058e-01  8.094e-01  8.129e-01  8.162e-01  8.192e-01  8.221e-01  8.249e-01  8.275e-01  8.300e-01  8.323e-01  8.345e-01  8.366e-01  8.386e-01  8.405e-01  8.423e-01 	
 6.803e-02  1.171e-01  1.754e-01  2.352e-01  2.923e-01  3.447e-01  3.919e-01  4.341e-01  4.716e-01  5.049e-01  5.347e-01  5.612e-01  5.850e-01  6.064e-01  6.257e-01  6.432e-01  6.590e-01  6.735e-01  6.867e-01  6.987e-01  7.098e-01  7.200e-01  7.295e-01  7.382e-01  7.463e-01  7.538e-01  7.607e-01  7.672e-01  7.733e-01  7.790e-01  7.843e-01  7.892e-01  7.939e-01  7.983e-01  8.024e-01  8.063e-01  8.099e-01  8.134e-01  8.166e-01  8.197e-01  8.226e-01  8.253e-01  8.279e-01  8.303e-01  8.327e-01  8.349e-01  8.370e-01  8.389e-01  8.408e-01  8.426e-01 	
