 0.000e+00  0.000e+00  0.000e+00  0.000e+00  0.000e+00  0.000e+00  0.000e+00  0.000e+00  0.000e+00  0.000e+00  0.000e+00  0.000e+00  0.000e+00  0.000e+00  0.000e+00  3.932e-01  4.574e-01  5.123e-01  5.547e-01  5.849e-01  6.059e-01  6.206e-01  6.321e-01  6.421e-01  6.518e-01  6.611e-01  6.700e-01  6.782e-01  6.855e-01  6.919e-01  6.968e-01  7.007e-01  7.038e-01  7.061e-01  7.080e-01  7.094e-01  7.107e-01  7.118e-01  7.128e-01  7.137e-01  7.148e-01  7.156e-01  7.165e-01  7.176e-01  7.185e-01  7.195e-01  7.206e-01  7.217e-01  7.228e-01  7.240e-01 	
 0.000e+00  0.000e+00  0.000e+00  0.000e+00  0.000e+00  0.000e+00  0.000e+00  0.000e+00  0.000e+00  0.000e+00  0.000e+00  0.000e+00  0.000e+00  0.000e+00  0.000e+00  3.855e-01  4.505e-01  5.065e-01  5.501e-01  5.813e-01  6.029e-01  6.180e-01  6.295e-01  6.394e-01  6.489e-01  6.581e-01  6.668e-01  6.747e-01  6.820e-01  6.882e-01  6.931e-01  6.970e-01  7.000e-01  7.024e-01  7.042e-01  7.057e-01  7.069e-01  7.080e-01  7.090e-01  7.099e-01  7.109e-01  7.118e-01  7.127e-01  7.138e-01  7.147e-01  7.157e-01  7.168e-01  7.179e-01  7.190e-01  7.202e-01 	
 0.000e+00  0.000e+00  0.000e+00  0.000e+00  0.000e+00  0.000e+00  0.000e+00  0.000e+00  0.000e+00  0.000e+00  0.000e+00  0.000e+00  0.000e+00  0.000e+00  0.000e+00  3.777e-01  4.433e-01  5.005e-01  5.454e-01  5.777e-01  5.999e-01  6.153e-01  6.269e-01  6.368e-01  6.460e-01  6.550e-01  6.635e-01  6.713e-01  6.784e-01  6.846e-01  6.894e-01  6.933e-01  6.962e-01  6.986e-01  7.004e-01  7.018e-01  7.031e-01  7.042e-01  7.052e-01  7.061e-01  7.071e-01  7.079e-01  7.089e-01  7.099e-01  7.109e-01  7.119e-01  7.130e-01  7.141e-01  7.152e-01  7.163e-01 	
 0.000e+00  0.000e+00  0.000e+00  0.000e+00  0.000e+00  0.000e+00  0.000e+00  0.000e+00  0.000e+00  0.000e+00  0.000e+00  0.000e+00  0.000e+00  0.000e+00  0.000e+00  3.696e-01  4.359e-01  4.943e-01  5.404e-01  5.738e-01  5.968e-01  6.126e-01  6.243e-01  6.341e-01  6.432e-01  6.520e-01  6.603e-01  6.679e-01  6.749e-01  6.810e-01  6.857e-01  6.895e-01  6.925e-01  6.947e-01  6.965e-01  6.980e-01  6.992e-01  7.003e-01  7.013e-01  7.022e-01  7.032e-01  7.041e-01  7.050e-01  7.061e-01  7.070e-01  7.080e-01  7.091e-01  7.102e-01  7.113e-01  7.124e-01 	
 0.000e+00  0.000e+00  0.000e+00  0.000e+00  0.000e+00  0.000e+00  0.000e+00  0.000e+00  0.000e+00  0.000e+00  0.000e+00  0.000e+00  0.000e+00  0.000e+00  0.000e+00  3.614e-01  4.283e-01  4.878e-01  5.353e-01  5.699e-01  5.937e-01  6.099e-01  6.217e-01  6.315e-01  6.404e-01  6.490e-01  6.571e-01  6.646e-01  6.714e-01  6.773e-01  6.820e-01  6.858e-01  6.887e-01  6.909e-01  6.927e-01  6.942e-01  6.954e-01  6.965e-01  6.974e-01  6.984e-01  6.993e-01  7.002e-01  7.011e-01  7.022e-01  7.031e-01  7.041e-01  7.052e-01  7.063e-01  7.074e-01  7.085e-01 	
 0.000e+00  0.000e+00  0.000e+00  0.000e+00  0.000e+00  0.000e+00  0.000e+00  0.000e+00  0.000e+00  0.000e+00  0.000e+00  0.000e+00  0.000e+00  0.000e+00  0.000e+00  3.529e-01  4.204e-01  4.811e-01  5.300e-01  5.658e-01  5.905e-01  6.072e-01  6.192e-01  6.289e-01  6.376e-01  6.460e-01  6.539e-01  6.612e-01  6.679e-01  6.737e-01  6.783e-01  6.820e-01  6.849e-01  6.871e-01  6.889e-01  6.903e-01  6.915e-01  6.926e-01  6.935e-01  6.945e-01  6.954e-01  6.963e-01  6.972e-01  6.983e-01  6.992e-01  7.002e-01  7.013e-01  7.024e-01  7.035e-01  7.046e-01 	
 0.000e+00  0.000e+00  0.000e+00  0.000e+00  0.000e+00  0.000e+00  0.000e+00  0.000e+00  0.000e+00  0.000e+00  0.000e+00  0.000e+00  0.000e+00  0.000e+00  0.000e+00  3.443e-01  4.122e-01  4.741e-01  5.244e-01  5.615e-01  5.872e-01  6.044e-01  6.166e-01  6.263e-01  6.349e-01  6.431e-01  6.508e-01  6.579e-01  6.644e-01  6.701e-01  6.746e-01  6.782e-01  6.811e-01  6.833e-01  6.850e-01  6.864e-01  6.876e-01  6.887e-01  6.897e-01  6.906e-01  6.915e-01  6.924e-01  6.933e-01  6.943e-01  6.953e-01  6.963e-01  6.973e-01  6.984e-01  6.996e-01  7.007e-01 	
 0.000e+00  0.000e+00  0.000e+00  0.000e+00  0.000e+00  0.000e+00  0.000e+00  0.000e+00  0.000e+00  0.000e+00  0.000e+00  0.000e+00  0.000e+00  0.000e+00  0.000e+00  3.355e-01  4.038e-01  4.668e-01  5.186e-01  5.571e-01  5.838e-01  6.016e-01  6.141e-01  6.238e-01  6.323e-01  6.402e-01  6.477e-01  6.546e-01  6.609e-01  6.665e-01  6.709e-01  6.745e-01  6.773e-01  6.795e-01  6.812e-01  6.826e-01  6.838e-01  6.848e-01  6.858e-01  6.867e-01  6.876e-01  6.885e-01  6.894e-01  6.904e-01  6.914e-01  6.923e-01  6.934e-01  6.945e-01  6.956e-01  6.967e-01 	
 0.000e+00  0.000e+00  0.000e+00  0.000e+00  0.000e+00  0.000e+00  0.000e+00  0.000e+00  0.000e+00  0.000e+00  0.000e+00  0.000e+00  0.000e+00  0.000e+00  0.000e+00  3.265e-01  3.952e-01  4.592e-01  5.125e-01  5.525e-01  5.803e-01  5.988e-01  6.116e-01  6.213e-01  6.296e-01  6.374e-01  6.446e-01  6.513e-01  6.575e-01  6.630e-01  6.673e-01  6.708e-01  6.735e-01  6.757e-01  6.774e-01  6.787e-01  6.799e-01  6.809e-01  6.819e-01  6.828e-01  6.837e-01  6.845e-01  6.855e-01  6.865e-01  6.875e-01  6.884e-01  6.895e-01  6.906e-01  6.917e-01  6.928e-01 	
 0.000e+00  0.000e+00  0.000e+00  0.000e+00  0.000e+00  0.000e+00  0.000e+00  0.000e+00  0.000e+00  0.000e+00  0.000e+00  0.000e+00  0.000e+00  0.000e+00  0.000e+00  3.173e-01  3.862e-01  4.513e-01  5.062e-01  5.477e-01  5.767e-01  5.959e-01  6.090e-01  6.188e-01  6.271e-01  6.346e-01  6.416e-01  6.482e-01  6.542e-01  6.594e-01  6.637e-01  6.671e-01  6.698e-01  6.719e-01  6.735e-01  6.749e-01  6.761e-01  6.771e-01  6.780e-01  6.789e-01  6.798e-01  6.807e-01  6.816e-01  6.826e-01  6.836e-01  6.845e-01  6.856e-01  6.866e-01  6.877e-01  6.889e-01 	
 0.000e+00  0.000e+00  0.000e+00  0.000e+00  0.000e+00  0.000e+00  0.000e+00  0.000e+00  0.000e+00  0.000e+00  0.000e+00  0.000e+00  0.000e+00  0.000e+00  0.000e+00  3.080e-01  3.770e-01  4.431e-01  4.995e-01  5.426e-01  5.729e-01  5.930e-01  6.065e-01  6.164e-01  6.246e-01  6.319e-01  6.387e-01  6.450e-01  6.508e-01  6.560e-01  6.601e-01  6.635e-01  6.661e-01  6.681e-01  6.698e-01  6.711e-01  6.723e-01  6.733e-01  6.742e-01  6.751e-01  6.760e-01  6.768e-01  6.777e-01  6.787e-01  6.797e-01  6.806e-01  6.816e-01  6.827e-01  6.838e-01  6.849e-01 	
 0.000e+00  0.000e+00  0.000e+00  0.000e+00  0.000e+00  0.000e+00  0.000e+00  0.000e+00  0.000e+00  0.000e+00  0.000e+00  0.000e+00  0.000e+00  0.000e+00  0.000e+00  2.985e-01  3.676e-01  4.346e-01  4.925e-01  5.373e-01  5.690e-01  5.900e-01  6.040e-01  6.140e-01  6.221e-01  6.293e-01  6.359e-01  6.420e-01  6.476e-01  6.526e-01  6.566e-01  6.599e-01  6.624e-01  6.644e-01  6.661e-01  6.674e-01  6.685e-01  6.695e-01  6.704e-01  6.712e-01  6.722e-01  6.730e-01  6.738e-01  6.749e-01  6.758e-01  6.767e-01  6.778e-01  6.788e-01  6.799e-01  6.810e-01 	
 0.000e+00  0.000e+00  0.000e+00  0.000e+00  0.000e+00  0.000e+00  0.000e+00  0.000e+00  0.000e+00  0.000e+00  0.000e+00  0.000e+00  0.000e+00  0.000e+00  0.000e+00  2.889e-01  3.578e-01  4.257e-01  4.852e-01  5.317e-01  5.649e-01  5.869e-01  6.015e-01  6.117e-01  6.197e-01  6.267e-01  6.331e-01  6.390e-01  6.444e-01  6.493e-01  6.532e-01  6.563e-01  6.588e-01  6.608e-01  6.624e-01  6.637e-01  6.648e-01  6.657e-01  6.666e-01  6.675e-01  6.684e-01  6.692e-01  6.700e-01  6.711e-01  6.720e-01  6.729e-01  6.739e-01  6.750e-01  6.761e-01  6.772e-01 	
 0.000e+00  0.000e+00  0.000e+00  0.000e+00  0.000e+00  0.000e+00  0.000e+00  0.000e+00  0.000e+00  0.000e+00  0.000e+00  0.000e+00  0.000e+00  0.000e+00  0.000e+00  2.791e-01  3.478e-01  4.165e-01  4.775e-01  5.258e-01  5.605e-01  5.837e-01  5.989e-01  6.094e-01  6.174e-01  6.243e-01  6.304e-01  6.361e-01  6.413e-01  6.460e-01  6.498e-01  6.529e-01  6.553e-01  6.572e-01  6.588e-01  6.600e-01  6.611e-01  6.621e-01  6.629e-01  6.638e-01  6.647e-01  6.654e-01  6.663e-01  6.673e-01  6.682e-01  6.691e-01  6.701e-01  6.712e-01  6.723e-01  6.733e-01 	
 0.000e+00  0.000e+00  0.000e+00  0.000e+00  0.000e+00  0.000e+00  0.000e+00  0.000e+00  0.000e+00  0.000e+00  0.000e+00  0.000e+00  0.000e+00  0.000e+00  0.000e+00  2.691e-01  3.376e-01  4.069e-01  4.694e-01  5.196e-01  5.560e-01  5.804e-01  5.963e-01  6.071e-01  6.151e-01  6.219e-01  6.278e-01  6.333e-01  6.384e-01  6.429e-01  6.465e-01  6.495e-01  6.518e-01  6.537e-01  6.552e-01  6.564e-01  6.575e-01  6.584e-01  6.593e-01  6.601e-01  6.610e-01  6.618e-01  6.626e-01  6.636e-01  6.645e-01  6.654e-01  6.664e-01  6.674e-01  6.685e-01  6.696e-01 	
 0.000e+00  0.000e+00  0.000e+00  0.000e+00  0.000e+00  0.000e+00  0.000e+00  0.000e+00  0.000e+00  0.000e+00  0.000e+00  0.000e+00  0.000e+00  0.000e+00  0.000e+00  2.591e-01  3.270e-01  3.969e-01  4.609e-01  5.129e-01  5.512e-01  5.769e-01  5.936e-01  6.048e-01  6.129e-01  6.195e-01  6.254e-01  6.306e-01  6.355e-01  6.398e-01  6.433e-01  6.462e-01  6.485e-01  6.503e-01  6.517e-01  6.529e-01  6.540e-01  6.549e-01  6.557e-01  6.565e-01  6.574e-01  6.581e-01  6.590e-01  6.600e-01  6.608e-01  6.617e-01  6.627e-01  6.637e-01  6.648e-01  6.658e-01 	
 0.000e+00  0.000e+00  0.000e+00  0.000e+00  0.000e+00  0.000e+00  0.000e+00  0.000e+00  0.000e+00  0.000e+00  0.000e+00  0.000e+00  0.000e+00  0.000e+00  0.000e+00  2.489e-01  3.163e-01  3.865e-01  4.519e-01  5.059e-01  5.460e-01  5.733e-01  5.909e-01  6.025e-01  6.108e-01  6.173e-01  6.230e-01  6.280e-01  6.327e-01  6.368e-01  6.402e-01  6.430e-01  6.452e-01  6.469e-01  6.484e-01  6.495e-01  6.505e-01  6.514e-01  6.523e-01  6.530e-01  6.539e-01  6.546e-01  6.554e-01  6.564e-01  6.573e-01  6.581e-01  6.591e-01  6.601e-01  6.612e-01  6.622e-01 	
 0.000e+00  0.000e+00  0.000e+00  0.000e+00  0.000e+00  0.000e+00  0.000e+00  0.000e+00  0.000e+00  0.000e+00  0.000e+00  0.000e+00  0.000e+00  0.000e+00  0.000e+00  2.387e-01  3.052e-01  3.757e-01  4.425e-01  4.984e-01  5.406e-01  5.694e-01  5.881e-01  6.002e-01  6.087e-01  6.152e-01  6.207e-01  6.255e-01  6.300e-01  6.340e-01  6.372e-01  6.399e-01  6.420e-01  6.437e-01  6.451e-01  6.462e-01  6.472e-01  6.481e-01  6.489e-01  6.496e-01  6.505e-01  6.512e-01  6.520e-01  6.529e-01  6.538e-01  6.546e-01  6.556e-01  6.566e-01  6.576e-01  6.586e-01 	
 0.000e+00  0.000e+00  0.000e+00  0.000e+00  0.000e+00  0.000e+00  0.000e+00  0.000e+00  0.000e+00  0.000e+00  0.000e+00  0.000e+00  0.000e+00  0.000e+00  0.000e+00  2.284e-01  2.940e-01  3.645e-01  4.325e-01  4.905e-01  5.347e-01  5.653e-01  5.851e-01  5.979e-01  6.066e-01  6.131e-01  6.185e-01  6.232e-01  6.274e-01  6.312e-01  6.343e-01  6.369e-01  6.390e-01  6.406e-01  6.419e-01  6.430e-01  6.440e-01  6.448e-01  6.456e-01  6.464e-01  6.472e-01  6.479e-01  6.487e-01  6.496e-01  6.504e-01  6.512e-01  6.522e-01  6.532e-01  6.542e-01  6.552e-01 	
 0.000e+00  0.000e+00  0.000e+00  0.000e+00  0.000e+00  0.000e+00  0.000e+00  0.000e+00  0.000e+00  0.000e+00  0.000e+00  0.000e+00  0.000e+00  0.000e+00  0.000e+00  2.180e-01  2.825e-01  3.529e-01  4.221e-01  4.820e-01  5.285e-01  5.608e-01  5.820e-01  5.955e-01  6.045e-01  6.111e-01  6.164e-01  6.209e-01  6.250e-01  6.287e-01  6.316e-01  6.341e-01  6.360e-01  6.376e-01  6.389e-01  6.400e-01  6.409e-01  6.417e-01  6.425e-01  6.432e-01  6.440e-01  6.447e-01  6.454e-01  6.463e-01  6.472e-01  6.480e-01  6.489e-01  6.499e-01  6.508e-01  6.518e-01 	
 0.000e+00  0.000e+00  0.000e+00  0.000e+00  0.000e+00  0.000e+00  0.000e+00  0.000e+00  0.000e+00  0.000e+00  0.000e+00  0.000e+00  0.000e+00  0.000e+00  0.000e+00  2.076e-01  2.708e-01  3.410e-01  4.111e-01  4.730e-01  5.217e-01  5.561e-01  5.787e-01  5.931e-01  6.025e-01  6.092e-01  6.144e-01  6.188e-01  6.227e-01  6.262e-01  6.290e-01  6.314e-01  6.333e-01  6.348e-01  6.360e-01  6.370e-01  6.379e-01  6.387e-01  6.395e-01  6.402e-01  6.409e-01  6.416e-01  6.423e-01  6.432e-01  6.440e-01  6.448e-01  6.457e-01  6.467e-01  6.476e-01  6.486e-01 	
 0.000e+00  0.000e+00  0.000e+00  0.000e+00  0.000e+00  0.000e+00  0.000e+00  0.000e+00  0.000e+00  0.000e+00  0.000e+00  0.000e+00  0.000e+00  0.000e+00  0.000e+00  1.972e-01  2.589e-01  3.286e-01  3.995e-01  4.633e-01  5.144e-01  5.509e-01  5.751e-01  5.905e-01  6.004e-01  6.073e-01  6.125e-01  6.168e-01  6.205e-01  6.239e-01  6.266e-01  6.288e-01  6.306e-01  6.321e-01  6.333e-01  6.342e-01  6.351e-01  6.359e-01  6.366e-01  6.373e-01  6.380e-01  6.387e-01  6.394e-01  6.402e-01  6.410e-01  6.418e-01  6.427e-01  6.436e-01  6.446e-01  6.455e-01 	
 0.000e+00  0.000e+00  0.000e+00  0.000e+00  0.000e+00  0.000e+00  0.000e+00  0.000e+00  0.000e+00  0.000e+00  0.000e+00  0.000e+00  0.000e+00  0.000e+00  0.000e+00  1.868e-01  2.468e-01  3.158e-01  3.874e-01  4.530e-01  5.065e-01  5.453e-01  5.712e-01  5.878e-01  5.983e-01  6.054e-01  6.107e-01  6.149e-01  6.185e-01  6.217e-01  6.243e-01  6.264e-01  6.281e-01  6.295e-01  6.307e-01  6.316e-01  6.324e-01  6.332e-01  6.339e-01  6.345e-01  6.353e-01  6.359e-01  6.366e-01  6.374e-01  6.382e-01  6.389e-01  6.398e-01  6.407e-01  6.416e-01  6.426e-01 	
 0.000e+00  0.000e+00  0.000e+00  0.000e+00  0.000e+00  0.000e+00  0.000e+00  0.000e+00  0.000e+00  0.000e+00  0.000e+00  0.000e+00  0.000e+00  0.000e+00  0.000e+00  1.764e-01  2.347e-01  3.027e-01  3.746e-01  4.419e-01  4.979e-01  5.391e-01  5.670e-01  5.848e-01  5.961e-01  6.036e-01  6.089e-01  6.131e-01  6.166e-01  6.197e-01  6.222e-01  6.242e-01  6.258e-01  6.272e-01  6.282e-01  6.291e-01  6.300e-01  6.307e-01  6.313e-01  6.320e-01  6.327e-01  6.333e-01  6.340e-01  6.348e-01  6.355e-01  6.362e-01  6.371e-01  6.380e-01  6.389e-01  6.398e-01 	
 0.000e+00  0.000e+00  0.000e+00  0.000e+00  0.000e+00  0.000e+00  0.000e+00  0.000e+00  0.000e+00  0.000e+00  0.000e+00  0.000e+00  0.000e+00  0.000e+00  0.000e+00  1.661e-01  2.224e-01  2.892e-01  3.613e-01  4.302e-01  4.886e-01  5.324e-01  5.624e-01  5.816e-01  5.938e-01  6.017e-01  6.072e-01  6.114e-01  6.149e-01  6.178e-01  6.202e-01  6.221e-01  6.237e-01  6.250e-01  6.260e-01  6.269e-01  6.276e-01  6.283e-01  6.290e-01  6.296e-01  6.303e-01  6.309e-01  6.315e-01  6.323e-01  6.330e-01  6.337e-01  6.345e-01  6.354e-01  6.363e-01  6.372e-01 	
 0.000e+00  0.000e+00  0.000e+00  0.000e+00  0.000e+00  0.000e+00  0.000e+00  0.000e+00  0.000e+00  0.000e+00  0.000e+00  0.000e+00  0.000e+00  0.000e+00  0.000e+00  1.558e-01  2.100e-01  2.754e-01  3.474e-01  4.176e-01  4.785e-01  5.250e-01  5.572e-01  5.781e-01  5.913e-01  5.998e-01  6.055e-01  6.098e-01  6.132e-01  6.161e-01  6.184e-01  6.202e-01  6.217e-01  6.229e-01  6.239e-01  6.248e-01  6.255e-01  6.262e-01  6.268e-01  6.274e-01  6.280e-01  6.286e-01  6.293e-01  6.300e-01  6.307e-01  6.314e-01  6.322e-01  6.330e-01  6.339e-01  6.347e-01 	
 0.000e+00  0.000e+00  0.000e+00  0.000e+00  0.000e+00  0.000e+00  0.000e+00  0.000e+00  0.000e+00  0.000e+00  0.000e+00  0.000e+00  0.000e+00  0.000e+00  0.000e+00  1.457e-01  1.976e-01  2.613e-01  3.328e-01  4.043e-01  4.675e-01  5.168e-01  5.515e-01  5.742e-01  5.886e-01  5.978e-01  6.038e-01  6.082e-01  6.117e-01  6.145e-01  6.167e-01  6.185e-01  6.199e-01  6.211e-01  6.221e-01  6.229e-01  6.236e-01  6.242e-01  6.248e-01  6.254e-01  6.260e-01  6.266e-01  6.272e-01  6.279e-01  6.286e-01  6.293e-01  6.300e-01  6.308e-01  6.317e-01  6.325e-01 	
 0.000e+00  0.000e+00  0.000e+00  0.000e+00  0.000e+00  0.000e+00  0.000e+00  0.000e+00  0.000e+00  0.000e+00  0.000e+00  0.000e+00  0.000e+00  0.000e+00  0.000e+00  1.358e-01  1.853e-01  2.470e-01  3.177e-01  3.900e-01  4.556e-01  5.077e-01  5.450e-01  5.698e-01  5.856e-01  5.955e-01  6.021e-01  6.067e-01  6.102e-01  6.130e-01  6.152e-01  6.170e-01  6.183e-01  6.195e-01  6.204e-01  6.212e-01  6.218e-01  6.225e-01  6.230e-01  6.236e-01  6.242e-01  6.247e-01  6.253e-01  6.260e-01  6.267e-01  6.273e-01  6.281e-01  6.289e-01  6.297e-01  6.305e-01 	
 0.000e+00  0.000e+00  0.000e+00  0.000e+00  0.000e+00  0.000e+00  0.000e+00  0.000e+00  0.000e+00  0.000e+00  0.000e+00  0.000e+00  0.000e+00  0.000e+00  0.000e+00  1.260e-01  1.729e-01  2.324e-01  3.021e-01  3.750e-01  4.426e-01  4.976e-01  5.378e-01  5.648e-01  5.821e-01  5.931e-01  6.002e-01  6.051e-01  6.088e-01  6.117e-01  6.138e-01  6.155e-01  6.169e-01  6.180e-01  6.189e-01  6.196e-01  6.203e-01  6.209e-01  6.215e-01  6.220e-01  6.226e-01  6.231e-01  6.237e-01  6.244e-01  6.250e-01  6.256e-01  6.264e-01  6.271e-01  6.279e-01  6.287e-01 	
 0.000e+00  0.000e+00  0.000e+00  0.000e+00  0.000e+00  0.000e+00  0.000e+00  0.000e+00  0.000e+00  0.000e+00  0.000e+00  0.000e+00  0.000e+00  0.000e+00  0.000e+00  1.164e-01  1.607e-01  2.178e-01  2.859e-01  3.590e-01  4.286e-01  4.865e-01  5.296e-01  5.591e-01  5.782e-01  5.903e-01  5.981e-01  6.035e-01  6.074e-01  6.103e-01  6.125e-01  6.143e-01  6.156e-01  6.167e-01  6.175e-01  6.183e-01  6.189e-01  6.195e-01  6.201e-01  6.206e-01  6.212e-01  6.217e-01  6.223e-01  6.229e-01  6.235e-01  6.241e-01  6.248e-01  6.256e-01  6.264e-01  6.272e-01 	
 0.000e+00  0.000e+00  0.000e+00  0.000e+00  0.000e+00  0.000e+00  0.000e+00  0.000e+00  0.000e+00  0.000e+00  0.000e+00  0.000e+00  0.000e+00  0.000e+00  0.000e+00  1.070e-01  1.486e-01  2.030e-01  2.693e-01  3.422e-01  4.134e-01  4.741e-01  5.203e-01  5.525e-01  5.736e-01  5.871e-01  5.958e-01  6.017e-01  6.059e-01  6.090e-01  6.113e-01  6.131e-01  6.144e-01  6.155e-01  6.164e-01  6.171e-01  6.177e-01  6.183e-01  6.189e-01  6.194e-01  6.200e-01  6.205e-01  6.210e-01  6.216e-01  6.222e-01  6.229e-01  6.236e-01  6.243e-01  6.250e-01  6.258e-01 	
 0.000e+00  0.000e+00  0.000e+00  0.000e+00  0.000e+00  0.000e+00  0.000e+00  0.000e+00  0.000e+00  0.000e+00  0.000e+00  0.000e+00  0.000e+00  0.000e+00  0.000e+00  9.790e-02  1.367e-01  1.882e-01  2.523e-01  3.245e-01  3.970e-01  4.605e-01  5.098e-01  5.448e-01  5.682e-01  5.832e-01  5.930e-01  5.995e-01  6.042e-01  6.076e-01  6.100e-01  6.119e-01  6.133e-01  6.144e-01  6.153e-01  6.160e-01  6.167e-01  6.173e-01  6.178e-01  6.183e-01  6.189e-01  6.194e-01  6.199e-01  6.206e-01  6.212e-01  6.218e-01  6.225e-01  6.232e-01  6.239e-01  6.247e-01 	
 0.000e+00  0.000e+00  0.000e+00  0.000e+00  0.000e+00  0.000e+00  0.000e+00  0.000e+00  0.000e+00  0.000e+00  0.000e+00  0.000e+00  0.000e+00  0.000e+00  0.000e+00  8.909e-02  1.250e-01  1.734e-01  2.350e-01  3.060e-01  3.794e-01  4.453e-01  4.979e-01  5.360e-01  5.617e-01  5.786e-01  5.896e-01  5.970e-01  6.022e-01  6.060e-01  6.086e-01  6.106e-01  6.121e-01  6.133e-01  6.142e-01  6.150e-01  6.157e-01  6.163e-01  6.168e-01  6.174e-01  6.179e-01  6.184e-01  6.190e-01  6.196e-01  6.202e-01  6.208e-01  6.215e-01  6.223e-01  6.230e-01  6.238e-01 	
 0.000e+00  0.000e+00  0.000e+00  0.000e+00  0.000e+00  0.000e+00  0.000e+00  0.000e+00  0.000e+00  0.000e+00  0.000e+00  0.000e+00  0.000e+00  0.000e+00  0.000e+00  8.059e-02  1.136e-01  1.588e-01  2.174e-01  2.868e-01  3.605e-01  4.287e-01  4.844e-01  5.257e-01  5.541e-01  5.730e-01  5.855e-01  5.939e-01  5.998e-01  6.040e-01  6.070e-01  6.092e-01  6.108e-01  6.121e-01  6.131e-01  6.139e-01  6.146e-01  6.153e-01  6.158e-01  6.164e-01  6.170e-01  6.175e-01  6.181e-01  6.187e-01  6.194e-01  6.200e-01  6.207e-01  6.214e-01  6.222e-01  6.230e-01 	
 0.000e+00  0.000e+00  0.000e+00  0.000e+00  0.000e+00  0.000e+00  0.000e+00  0.000e+00  0.000e+00  0.000e+00  0.000e+00  0.000e+00  0.000e+00  0.000e+00  0.000e+00  7.243e-02  1.026e-01  1.444e-01  1.996e-01  2.669e-01  3.403e-01  4.104e-01  4.692e-01  5.137e-01  5.450e-01  5.662e-01  5.803e-01  5.899e-01  5.967e-01  6.015e-01  6.049e-01  6.074e-01  6.092e-01  6.106e-01  6.117e-01  6.126e-01  6.134e-01  6.141e-01  6.147e-01  6.153e-01  6.160e-01  6.165e-01  6.171e-01  6.178e-01  6.185e-01  6.191e-01  6.199e-01  6.207e-01  6.215e-01  6.223e-01 	
 0.000e+00  0.000e+00  0.000e+00  0.000e+00  0.000e+00  0.000e+00  0.000e+00  0.000e+00  0.000e+00  0.000e+00  0.000e+00  0.000e+00  0.000e+00  0.000e+00  0.000e+00  6.464e-02  9.195e-02  1.303e-01  1.819e-01  2.463e-01  3.189e-01  3.903e-01  4.519e-01  4.998e-01  5.341e-01  5.577e-01  5.737e-01  5.848e-01  5.926e-01  5.982e-01  6.021e-01  6.050e-01  6.071e-01  6.087e-01  6.099e-01  6.109e-01  6.118e-01  6.126e-01  6.133e-01  6.140e-01  6.146e-01  6.153e-01  6.159e-01  6.167e-01  6.174e-01  6.181e-01  6.189e-01  6.197e-01  6.206e-01  6.215e-01 	
 0.000e+00  0.000e+00  0.000e+00  0.000e+00  0.000e+00  0.000e+00  0.000e+00  0.000e+00  0.000e+00  0.000e+00  0.000e+00  0.000e+00  0.000e+00  0.000e+00  0.000e+00  5.722e-02  8.173e-02  1.165e-01  1.643e-01  2.254e-01  2.964e-01  3.684e-01  4.325e-01  4.836e-01  5.211e-01  5.474e-01  5.655e-01  5.781e-01  5.872e-01  5.937e-01  5.983e-01  6.016e-01  6.041e-01  6.059e-01  6.073e-01  6.085e-01  6.095e-01  6.104e-01  6.112e-01  6.120e-01  6.128e-01  6.135e-01  6.143e-01  6.151e-01  6.159e-01  6.167e-01  6.176e-01  6.185e-01  6.194e-01  6.204e-01 	
 0.000e+00  0.000e+00  0.000e+00  0.000e+00  0.000e+00  0.000e+00  0.000e+00  0.000e+00  0.000e+00  0.000e+00  0.000e+00  0.000e+00  0.000e+00  0.000e+00  0.000e+00  5.021e-02  7.198e-02  1.032e-01  1.469e-01  2.042e-01  2.727e-01  3.447e-01  4.108e-01  4.648e-01  5.055e-01  5.346e-01  5.550e-01  5.694e-01  5.799e-01  5.875e-01  5.929e-01  5.969e-01  5.997e-01  6.019e-01  6.036e-01  6.050e-01  6.062e-01  6.072e-01  6.082e-01  6.091e-01  6.100e-01  6.108e-01  6.117e-01  6.126e-01  6.135e-01  6.144e-01  6.155e-01  6.165e-01  6.176e-01  6.187e-01 	
 0.000e+00  0.000e+00  0.000e+00  0.000e+00  0.000e+00  0.000e+00  0.000e+00  0.000e+00  0.000e+00  0.000e+00  0.000e+00  0.000e+00  0.000e+00  0.000e+00  0.000e+00  4.363e-02  6.275e-02  9.047e-02  1.299e-01  1.828e-01  2.482e-01  3.192e-01  3.865e-01  4.432e-01  4.869e-01  5.189e-01  5.417e-01  5.581e-01  5.702e-01  5.790e-01  5.854e-01  5.901e-01  5.935e-01  5.960e-01  5.981e-01  5.997e-01  6.011e-01  6.024e-01  6.035e-01  6.046e-01  6.056e-01  6.066e-01  6.077e-01  6.088e-01  6.098e-01  6.109e-01  6.121e-01  6.133e-01  6.146e-01  6.159e-01 	
 0.000e+00  0.000e+00  0.000e+00  0.000e+00  0.000e+00  0.000e+00  0.000e+00  0.000e+00  0.000e+00  0.000e+00  0.000e+00  0.000e+00  0.000e+00  0.000e+00  0.000e+00  3.747e-02  5.407e-02  7.835e-02  1.134e-01  1.616e-01  2.230e-01  2.919e-01  3.596e-01  4.184e-01  4.649e-01  4.996e-01  5.249e-01  5.434e-01  5.572e-01  5.675e-01  5.750e-01  5.804e-01  5.845e-01  5.875e-01  5.899e-01  5.919e-01  5.936e-01  5.951e-01  5.965e-01  5.978e-01  5.990e-01  6.002e-01  6.015e-01  6.028e-01  6.041e-01  6.054e-01  6.068e-01  6.083e-01  6.098e-01  6.113e-01 	
 0.000e+00  0.000e+00  0.000e+00  0.000e+00  0.000e+00  0.000e+00  0.000e+00  0.000e+00  0.000e+00  0.000e+00  0.000e+00  0.000e+00  0.000e+00  0.000e+00  0.000e+00  3.177e-02  4.598e-02  6.693e-02  9.763e-02  1.408e-01  1.974e-01  2.632e-01  3.301e-01  3.901e-01  4.389e-01  4.762e-01  5.038e-01  5.245e-01  5.401e-01  5.519e-01  5.606e-01  5.670e-01  5.717e-01  5.753e-01  5.782e-01  5.806e-01  5.826e-01  5.844e-01  5.861e-01  5.876e-01  5.891e-01  5.906e-01  5.920e-01  5.936e-01  5.952e-01  5.968e-01  5.985e-01  6.003e-01  6.021e-01  6.040e-01 	
 0.000e+00  0.000e+00  0.000e+00  0.000e+00  0.000e+00  0.000e+00  0.000e+00  0.000e+00  0.000e+00  0.000e+00  0.000e+00  0.000e+00  0.000e+00  0.000e+00  0.000e+00  2.653e-02  3.851e-02  5.629e-02  8.268e-02  1.206e-01  1.718e-01  2.333e-01  2.981e-01  3.582e-01  4.085e-01  4.479e-01  4.777e-01  5.004e-01  5.178e-01  5.311e-01  5.411e-01  5.484e-01  5.540e-01  5.582e-01  5.616e-01  5.644e-01  5.668e-01  5.689e-01  5.709e-01  5.728e-01  5.746e-01  5.763e-01  5.781e-01  5.800e-01  5.819e-01  5.838e-01  5.859e-01  5.881e-01  5.903e-01  5.926e-01 	
 0.000e+00  0.000e+00  0.000e+00  0.000e+00  0.000e+00  0.000e+00  0.000e+00  0.000e+00  0.000e+00  0.000e+00  0.000e+00  0.000e+00  0.000e+00  0.000e+00  0.000e+00  2.176e-02  3.167e-02  4.647e-02  6.871e-02  1.013e-01  1.465e-01  2.026e-01  2.639e-01  3.226e-01  3.734e-01  4.141e-01  4.457e-01  4.701e-01  4.891e-01  5.039e-01  5.151e-01  5.234e-01  5.298e-01  5.346e-01  5.386e-01  5.418e-01  5.446e-01  5.472e-01  5.495e-01  5.517e-01  5.538e-01  5.559e-01  5.581e-01  5.603e-01  5.626e-01  5.649e-01  5.674e-01  5.700e-01  5.727e-01  5.755e-01 	
 0.000e+00  0.000e+00  0.000e+00  0.000e+00  0.000e+00  0.000e+00  0.000e+00  0.000e+00  0.000e+00  0.000e+00  0.000e+00  0.000e+00  0.000e+00  0.000e+00  0.000e+00  1.746e-02  2.549e-02  3.754e-02  5.584e-02  8.315e-02  1.219e-01  1.717e-01  2.280e-01  2.838e-01  3.335e-01  3.745e-01  4.070e-01  4.326e-01  4.530e-01  4.690e-01  4.812e-01  4.905e-01  4.975e-01  5.030e-01  5.075e-01  5.112e-01  5.144e-01  5.173e-01  5.200e-01  5.226e-01  5.251e-01  5.275e-01  5.300e-01  5.326e-01  5.353e-01  5.380e-01  5.410e-01  5.441e-01  5.474e-01  5.507e-01 	
 0.000e+00  0.000e+00  0.000e+00  0.000e+00  0.000e+00  0.000e+00  0.000e+00  0.000e+00  0.000e+00  0.000e+00  0.000e+00  0.000e+00  0.000e+00  0.000e+00  0.000e+00  1.364e-02  1.999e-02  2.954e-02  4.419e-02  6.639e-02  9.865e-02  1.413e-01  1.911e-01  2.422e-01  2.891e-01  3.290e-01  3.614e-01  3.874e-01  4.084e-01  4.252e-01  4.381e-01  4.481e-01  4.557e-01  4.617e-01  4.666e-01  4.707e-01  4.743e-01  4.776e-01  4.806e-01  4.835e-01  4.863e-01  4.891e-01  4.919e-01  4.949e-01  4.980e-01  5.011e-01  5.045e-01  5.082e-01  5.120e-01  5.159e-01 	
 0.000e+00  0.000e+00  0.000e+00  0.000e+00  0.000e+00  0.000e+00  0.000e+00  0.000e+00  0.000e+00  0.000e+00  0.000e+00  0.000e+00  0.000e+00  0.000e+00  0.000e+00  1.031e-02  1.517e-02  2.251e-02  3.384e-02  5.126e-02  7.709e-02  1.121e-01  1.543e-01  1.989e-01  2.412e-01  2.782e-01  3.090e-01  3.343e-01  3.550e-01  3.718e-01  3.850e-01  3.952e-01  4.031e-01  4.094e-01  4.146e-01  4.189e-01  4.228e-01  4.263e-01  4.296e-01  4.327e-01  4.357e-01  4.388e-01  4.418e-01  4.451e-01  4.485e-01  4.520e-01  4.558e-01  4.599e-01  4.642e-01  4.687e-01 	
 0.000e+00  0.000e+00  0.000e+00  0.000e+00  0.000e+00  0.000e+00  0.000e+00  0.000e+00  0.000e+00  0.000e+00  0.000e+00  0.000e+00  0.000e+00  0.000e+00  0.000e+00  7.467e-03  1.105e-02  1.646e-02  2.488e-02  3.797e-02  5.770e-02  8.504e-02  1.187e-01  1.554e-01  1.913e-01  2.235e-01  2.511e-01  2.741e-01  2.934e-01  3.093e-01  3.219e-01  3.318e-01  3.396e-01  3.458e-01  3.509e-01  3.553e-01  3.592e-01  3.627e-01  3.660e-01  3.692e-01  3.723e-01  3.755e-01  3.786e-01  3.820e-01  3.856e-01  3.892e-01  3.933e-01  3.976e-01  4.023e-01  4.072e-01 	
 0.000e+00  0.000e+00  0.000e+00  0.000e+00  0.000e+00  0.000e+00  0.000e+00  0.000e+00  0.000e+00  0.000e+00  0.000e+00  0.000e+00  0.000e+00  0.000e+00  0.000e+00  5.118e-03  7.645e-03  1.145e-02  1.740e-02  2.673e-02  4.094e-02  6.095e-02  8.608e-02  1.141e-01  1.421e-01  1.680e-01  1.907e-01  2.101e-01  2.266e-01  2.403e-01  2.514e-01  2.603e-01  2.673e-01  2.729e-01  2.776e-01  2.817e-01  2.853e-01  2.886e-01  2.917e-01  2.947e-01  2.977e-01  3.006e-01  3.036e-01  3.069e-01  3.103e-01  3.138e-01  3.177e-01  3.220e-01  3.267e-01  3.316e-01 	
 0.000e+00  0.000e+00  0.000e+00  0.000e+00  0.000e+00  0.000e+00  0.000e+00  0.000e+00  0.000e+00  0.000e+00  0.000e+00  0.000e+00  0.000e+00  0.000e+00  0.000e+00  3.276e-03  4.981e-03  7.527e-03  1.151e-02  1.778e-02  2.736e-02  4.095e-02  5.819e-02  7.766e-02  9.754e-02  1.163e-01  1.332e-01  1.479e-01  1.606e-01  1.713e-01  1.801e-01  1.872e-01  1.928e-01  1.975e-01  2.013e-01  2.047e-01  2.077e-01  2.105e-01  2.131e-01  2.156e-01  2.181e-01  2.206e-01  2.231e-01  2.259e-01  2.289e-01  2.319e-01  2.353e-01  2.391e-01  2.432e-01  2.477e-01 	
 0.000e+00  0.000e+00  0.000e+00  0.000e+00  0.000e+00  0.000e+00  0.000e+00  0.000e+00  0.000e+00  0.000e+00  0.000e+00  0.000e+00  0.000e+00  0.000e+00  0.000e+00  1.953e-03  3.102e-03  4.773e-03  7.370e-03  1.142e-02  1.757e-02  2.623e-02  3.719e-02  4.962e-02  6.244e-02  7.476e-02  8.601e-02  9.598e-02  1.047e-01  1.122e-01  1.183e-01  1.234e-01  1.275e-01  1.308e-01  1.337e-01  1.361e-01  1.383e-01  1.404e-01  1.423e-01  1.442e-01  1.460e-01  1.479e-01  1.498e-01  1.519e-01  1.541e-01  1.564e-01  1.590e-01  1.619e-01  1.651e-01  1.687e-01 	
