 2.824e-01  2.381e-01  2.021e-01  1.719e-01  1.471e-01  1.265e-01  1.077e-01  9.244e-02  8.332e-02  7.649e-02  7.121e-02  6.643e-02  6.224e-02  5.825e-02  5.523e-02  5.273e-02  4.982e-02  4.746e-02  4.561e-02  4.380e-02  4.171e-02  3.986e-02  3.805e-02  3.620e-02  3.441e-02  3.234e-02  3.036e-02  2.832e-02  2.630e-02  2.427e-02  2.240e-02  2.057e-02  1.879e-02  1.710e-02  1.552e-02  1.406e-02  1.273e-02  1.147e-02  1.028e-02  9.176e-03  8.204e-03  7.330e-03  6.563e-03  5.889e-03  5.286e-03  4.751e-03  4.255e-03  3.801e-03  3.410e-03  3.042e-03 	
 3.460e-01  2.912e-01  2.468e-01  2.096e-01  1.791e-01  1.539e-01  1.308e-01  1.122e-01  1.011e-01  9.271e-02  8.624e-02  8.042e-02  7.531e-02  7.045e-02  6.678e-02  6.374e-02  6.021e-02  5.735e-02  5.510e-02  5.291e-02  5.038e-02  4.814e-02  4.595e-02  4.371e-02  4.155e-02  3.905e-02  3.665e-02  3.420e-02  3.175e-02  2.930e-02  2.704e-02  2.483e-02  2.268e-02  2.064e-02  1.874e-02  1.697e-02  1.536e-02  1.385e-02  1.241e-02  1.108e-02  9.901e-03  8.847e-03  7.921e-03  7.107e-03  6.380e-03  5.734e-03  5.135e-03  4.587e-03  4.115e-03  3.671e-03 	
 4.266e-01  3.584e-01  3.031e-01  2.568e-01  2.191e-01  1.878e-01  1.594e-01  1.366e-01  1.229e-01  1.126e-01  1.046e-01  9.749e-02  9.124e-02  8.530e-02  8.082e-02  7.712e-02  7.282e-02  6.934e-02  6.661e-02  6.395e-02  6.088e-02  5.816e-02  5.551e-02  5.280e-02  5.018e-02  4.716e-02  4.426e-02  4.129e-02  3.833e-02  3.537e-02  3.265e-02  2.997e-02  2.738e-02  2.492e-02  2.262e-02  2.048e-02  1.854e-02  1.671e-02  1.497e-02  1.337e-02  1.195e-02  1.068e-02  9.560e-03  8.578e-03  7.700e-03  6.921e-03  6.198e-03  5.536e-03  4.966e-03  4.431e-03 	
 5.306e-01  4.449e-01  3.750e-01  3.168e-01  2.696e-01  2.305e-01  1.952e-01  1.669e-01  1.499e-01  1.371e-01  1.273e-01  1.184e-01  1.107e-01  1.035e-01  9.795e-02  9.340e-02  8.815e-02  8.391e-02  8.058e-02  7.734e-02  7.360e-02  7.031e-02  6.708e-02  6.380e-02  6.062e-02  5.697e-02  5.346e-02  4.987e-02  4.629e-02  4.271e-02  3.943e-02  3.619e-02  3.306e-02  3.008e-02  2.730e-02  2.472e-02  2.238e-02  2.018e-02  1.807e-02  1.614e-02  1.443e-02  1.289e-02  1.154e-02  1.035e-02  9.294e-03  8.353e-03  7.480e-03  6.681e-03  5.994e-03  5.348e-03 	
 6.674e-01  5.584e-01  4.690e-01  3.948e-01  3.347e-01  2.852e-01  2.406e-01  2.052e-01  1.838e-01  1.678e-01  1.554e-01  1.444e-01  1.348e-01  1.258e-01  1.189e-01  1.133e-01  1.069e-01  1.017e-01  9.760e-02  9.362e-02  8.907e-02  8.505e-02  8.113e-02  7.714e-02  7.328e-02  6.886e-02  6.460e-02  6.026e-02  5.593e-02  5.160e-02  4.762e-02  4.371e-02  3.992e-02  3.633e-02  3.297e-02  2.985e-02  2.703e-02  2.436e-02  2.182e-02  1.948e-02  1.741e-02  1.556e-02  1.393e-02  1.250e-02  1.122e-02  1.008e-02  9.029e-03  8.064e-03  7.235e-03  6.455e-03 	
 8.505e-01  7.109e-01  5.948e-01  4.984e-01  4.206e-01  3.566e-01  2.996e-01  2.545e-01  2.271e-01  2.066e-01  1.908e-01  1.768e-01  1.647e-01  1.534e-01  1.449e-01  1.379e-01  1.299e-01  1.235e-01  1.184e-01  1.135e-01  1.079e-01  1.030e-01  9.822e-02  9.336e-02  8.866e-02  8.328e-02  7.812e-02  7.285e-02  6.760e-02  6.236e-02  5.755e-02  5.281e-02  4.823e-02  4.388e-02  3.982e-02  3.606e-02  3.264e-02  2.942e-02  2.635e-02  2.352e-02  2.103e-02  1.878e-02  1.682e-02  1.509e-02  1.354e-02  1.217e-02  1.090e-02  9.734e-03  8.733e-03  7.791e-03 	
 1.096e+00  9.190e-01  7.670e-01  6.400e-01  5.374e-01  4.528e-01  3.782e-01  3.197e-01  2.838e-01  2.569e-01  2.361e-01  2.180e-01  2.025e-01  1.881e-01  1.772e-01  1.683e-01  1.584e-01  1.503e-01  1.440e-01  1.379e-01  1.310e-01  1.250e-01  1.191e-01  1.131e-01  1.074e-01  1.008e-01  9.455e-02  8.814e-02  8.178e-02  7.542e-02  6.958e-02  6.384e-02  5.829e-02  5.304e-02  4.812e-02  4.356e-02  3.943e-02  3.553e-02  3.183e-02  2.841e-02  2.539e-02  2.268e-02  2.031e-02  1.822e-02  1.635e-02  1.469e-02  1.316e-02  1.175e-02  1.054e-02  9.405e-03 	
 1.415e+00  1.201e+00  1.005e+00  8.377e-01  7.005e-01  5.864e-01  4.865e-01  4.086e-01  3.602e-01  3.238e-01  2.956e-01  2.715e-01  2.511e-01  2.324e-01  2.183e-01  2.067e-01  1.940e-01  1.838e-01  1.758e-01  1.681e-01  1.595e-01  1.520e-01  1.447e-01  1.374e-01  1.303e-01  1.223e-01  1.146e-01  1.068e-01  9.903e-02  9.130e-02  8.421e-02  7.724e-02  7.051e-02  6.414e-02  5.818e-02  5.266e-02  4.765e-02  4.294e-02  3.845e-02  3.432e-02  3.067e-02  2.740e-02  2.453e-02  2.200e-02  1.975e-02  1.774e-02  1.589e-02  1.419e-02  1.273e-02  1.135e-02 	
 1.787e+00  1.560e+00  1.326e+00  1.113e+00  9.318e-01  7.767e-01  6.404e-01  5.343e-01  4.668e-01  4.158e-01  3.763e-01  3.431e-01  3.153e-01  2.902e-01  2.713e-01  2.559e-01  2.394e-01  2.262e-01  2.158e-01  2.059e-01  1.951e-01  1.855e-01  1.764e-01  1.673e-01  1.585e-01  1.486e-01  1.392e-01  1.296e-01  1.201e-01  1.107e-01  1.020e-01  9.357e-02  8.538e-02  7.764e-02  7.041e-02  6.371e-02  5.764e-02  5.192e-02  4.649e-02  4.149e-02  3.707e-02  3.311e-02  2.963e-02  2.658e-02  2.385e-02  2.143e-02  1.919e-02  1.714e-02  1.537e-02  1.371e-02 	
 2.142e+00  1.955e+00  1.719e+00  1.478e+00  1.253e+00  1.048e+00  8.633e-01  7.171e-01  6.209e-01  5.472e-01  4.896e-01  4.420e-01  4.028e-01  3.680e-01  3.417e-01  3.204e-01  2.985e-01  2.809e-01  2.670e-01  2.539e-01  2.399e-01  2.277e-01  2.161e-01  2.045e-01  1.935e-01  1.812e-01  1.695e-01  1.577e-01  1.461e-01  1.345e-01  1.239e-01  1.135e-01  1.036e-01  9.412e-02  8.531e-02  7.716e-02  6.978e-02  6.285e-02  5.626e-02  5.019e-02  4.484e-02  4.004e-02  3.583e-02  3.213e-02  2.883e-02  2.590e-02  2.319e-02  2.070e-02  1.857e-02  1.656e-02 	
 2.397e+00  2.291e+00  2.114e+00  1.896e+00  1.661e+00  1.418e+00  1.181e+00  9.850e-01  8.481e-01  7.399e-01  6.538e-01  5.837e-01  5.264e-01  4.764e-01  4.385e-01  4.079e-01  3.775e-01  3.533e-01  3.340e-01  3.163e-01  2.978e-01  2.816e-01  2.665e-01  2.516e-01  2.376e-01  2.221e-01  2.074e-01  1.927e-01  1.782e-01  1.639e-01  1.509e-01  1.382e-01  1.259e-01  1.143e-01  1.036e-01  9.362e-02  8.462e-02  7.617e-02  6.816e-02  6.078e-02  5.429e-02  4.846e-02  4.335e-02  3.887e-02  3.487e-02  3.132e-02  2.803e-02  2.503e-02  2.244e-02  2.001e-02 	
 2.558e+00  2.505e+00  2.409e+00  2.272e+00  2.090e+00  1.857e+00  1.597e+00  1.360e+00  1.177e+00  1.023e+00  8.956e-01  7.915e-01  7.062e-01  6.326e-01  5.760e-01  5.304e-01  4.870e-01  4.524e-01  4.247e-01  3.996e-01  3.743e-01  3.522e-01  3.320e-01  3.124e-01  2.940e-01  2.742e-01  2.554e-01  2.368e-01  2.187e-01  2.008e-01  1.845e-01  1.687e-01  1.536e-01  1.394e-01  1.261e-01  1.139e-01  1.029e-01  9.252e-02  8.274e-02  7.374e-02  6.583e-02  5.873e-02  5.252e-02  4.707e-02  4.221e-02  3.790e-02  3.392e-02  3.027e-02  2.714e-02  2.420e-02 	
 2.695e+00  2.659e+00  2.592e+00  2.518e+00  2.422e+00  2.268e+00  2.052e+00  1.821e+00  1.611e+00  1.416e+00  1.241e+00  1.094e+00  9.698e-01  8.617e-01  7.767e-01  7.074e-01  6.437e-01  5.926e-01  5.514e-01  5.146e-01  4.787e-01  4.476e-01  4.196e-01  3.929e-01  3.681e-01  3.420e-01  3.175e-01  2.934e-01  2.703e-01  2.477e-01  2.271e-01  2.073e-01  1.884e-01  1.706e-01  1.542e-01  1.391e-01  1.254e-01  1.127e-01  1.007e-01  8.969e-02  8.000e-02  7.133e-02  6.375e-02  5.710e-02  5.118e-02  4.594e-02  4.109e-02  3.666e-02  3.286e-02  2.929e-02 	
 2.741e+00  2.762e+00  2.745e+00  2.695e+00  2.629e+00  2.542e+00  2.424e+00  2.272e+00  2.092e+00  1.890e+00  1.685e+00  1.502e+00  1.339e+00  1.191e+00  1.069e+00  9.658e-01  8.727e-01  7.968e-01  7.343e-01  6.787e-01  6.263e-01  5.807e-01  5.406e-01  5.029e-01  4.684e-01  4.329e-01  4.001e-01  3.682e-01  3.379e-01  3.086e-01  2.822e-01  2.568e-01  2.328e-01  2.104e-01  1.897e-01  1.708e-01  1.538e-01  1.380e-01  1.231e-01  1.095e-01  9.756e-02  8.690e-02  7.759e-02  6.944e-02  6.219e-02  5.578e-02  4.987e-02  4.447e-02  3.984e-02  3.550e-02 	
 2.737e+00  2.761e+00  2.782e+00  2.805e+00  2.800e+00  2.742e+00  2.657e+00  2.577e+00  2.477e+00  2.336e+00  2.156e+00  1.974e+00  1.797e+00  1.623e+00  1.468e+00  1.329e+00  1.202e+00  1.094e+00  1.001e+00  9.179e-01  8.408e-01  7.727e-01  7.136e-01  6.587e-01  6.090e-01  5.592e-01  5.136e-01  4.699e-01  4.293e-01  3.902e-01  3.553e-01  3.221e-01  2.910e-01  2.621e-01  2.355e-01  2.114e-01  1.899e-01  1.700e-01  1.514e-01  1.344e-01  1.196e-01  1.063e-01  9.481e-02  8.475e-02  7.582e-02  6.794e-02  6.068e-02  5.408e-02  4.841e-02  4.311e-02 	
 2.695e+00  2.733e+00  2.768e+00  2.795e+00  2.825e+00  2.854e+00  2.854e+00  2.806e+00  2.719e+00  2.623e+00  2.510e+00  2.389e+00  2.251e+00  2.095e+00  1.937e+00  1.783e+00  1.636e+00  1.502e+00  1.378e+00  1.261e+00  1.153e+00  1.053e+00  9.668e-01  8.860e-01  8.128e-01  7.412e-01  6.759e-01  6.140e-01  5.575e-01  5.038e-01  4.560e-01  4.111e-01  3.696e-01  3.313e-01  2.964e-01  2.650e-01  2.371e-01  2.115e-01  1.878e-01  1.664e-01  1.476e-01  1.310e-01  1.166e-01  1.040e-01  9.289e-02  8.311e-02  7.414e-02  6.600e-02  5.902e-02  5.251e-02 	
 2.643e+00  2.676e+00  2.705e+00  2.747e+00  2.798e+00  2.835e+00  2.870e+00  2.917e+00  2.920e+00  2.857e+00  2.749e+00  2.651e+00  2.564e+00  2.471e+00  2.362e+00  2.237e+00  2.111e+00  1.982e+00  1.849e+00  1.713e+00  1.581e+00  1.450e+00  1.332e+00  1.219e+00  1.113e+00  1.010e+00  9.153e-01  8.257e-01  7.449e-01  6.684e-01  6.006e-01  5.377e-01  4.802e-01  4.278e-01  3.803e-01  3.379e-01  3.007e-01  2.671e-01  2.362e-01  2.084e-01  1.842e-01  1.630e-01  1.446e-01  1.286e-01  1.146e-01  1.023e-01  9.111e-02  8.097e-02  7.229e-02  6.424e-02 	
 2.588e+00  2.615e+00  2.641e+00  2.677e+00  2.716e+00  2.761e+00  2.830e+00  2.890e+00  2.912e+00  2.928e+00  2.922e+00  2.877e+00  2.796e+00  2.709e+00  2.628e+00  2.552e+00  2.484e+00  2.407e+00  2.309e+00  2.195e+00  2.078e+00  1.943e+00  1.813e+00  1.677e+00  1.540e+00  1.404e+00  1.271e+00  1.143e+00  1.027e+00  9.163e-01  8.174e-01  7.261e-01  6.435e-01  5.686e-01  5.012e-01  4.418e-01  3.902e-01  3.442e-01  3.027e-01  2.656e-01  2.336e-01  2.056e-01  1.816e-01  1.610e-01  1.429e-01  1.272e-01  1.129e-01  1.001e-01  8.918e-02  7.910e-02 	
 2.535e+00  2.558e+00  2.580e+00  2.607e+00  2.637e+00  2.676e+00  2.727e+00  2.782e+00  2.843e+00  2.894e+00  2.904e+00  2.909e+00  2.917e+00  2.905e+00  2.848e+00  2.769e+00  2.707e+00  2.657e+00  2.607e+00  2.551e+00  2.493e+00  2.407e+00  2.314e+00  2.201e+00  2.070e+00  1.925e+00  1.769e+00  1.605e+00  1.450e+00  1.295e+00  1.151e+00  1.017e+00  8.950e-01  7.841e-01  6.844e-01  5.974e-01  5.225e-01  4.568e-01  3.985e-01  3.470e-01  3.030e-01  2.649e-01  2.325e-01  2.049e-01  1.810e-01  1.603e-01  1.417e-01  1.252e-01  1.112e-01  9.831e-02 	
 2.485e+00  2.505e+00  2.525e+00  2.547e+00  2.572e+00  2.599e+00  2.633e+00  2.673e+00  2.726e+00  2.770e+00  2.816e+00  2.868e+00  2.893e+00  2.899e+00  2.906e+00  2.907e+00  2.895e+00  2.853e+00  2.794e+00  2.741e+00  2.710e+00  2.678e+00  2.652e+00  2.610e+00  2.545e+00  2.458e+00  2.338e+00  2.187e+00  2.025e+00  1.841e+00  1.654e+00  1.467e+00  1.291e+00  1.125e+00  9.742e-01  8.420e-01  7.283e-01  6.301e-01  5.440e-01  4.691e-01  4.055e-01  3.514e-01  3.057e-01  2.671e-01  2.342e-01  2.061e-01  1.812e-01  1.592e-01  1.406e-01  1.239e-01 	
 2.438e+00  2.456e+00  2.474e+00  2.494e+00  2.516e+00  2.538e+00  2.563e+00  2.590e+00  2.624e+00  2.657e+00  2.702e+00  2.748e+00  2.786e+00  2.835e+00  2.872e+00  2.880e+00  2.891e+00  2.911e+00  2.920e+00  2.903e+00  2.872e+00  2.827e+00  2.799e+00  2.785e+00  2.779e+00  2.776e+00  2.752e+00  2.694e+00  2.610e+00  2.476e+00  2.304e+00  2.100e+00  1.882e+00  1.658e+00  1.437e+00  1.238e+00  1.062e+00  9.098e-01  7.774e-01  6.626e-01  5.661e-01  4.847e-01  4.168e-01  3.602e-01  3.127e-01  2.726e-01  2.376e-01  2.072e-01  1.817e-01  1.591e-01 	
 2.394e+00  2.410e+00  2.426e+00  2.444e+00  2.463e+00  2.484e+00  2.506e+00  2.531e+00  2.555e+00  2.578e+00  2.607e+00  2.640e+00  2.676e+00  2.722e+00  2.757e+00  2.792e+00  2.838e+00  2.867e+00  2.876e+00  2.889e+00  2.919e+00  2.936e+00  2.933e+00  2.909e+00  2.881e+00  2.872e+00  2.879e+00  2.897e+00  2.917e+00  2.910e+00  2.859e+00  2.752e+00  2.590e+00  2.374e+00  2.117e+00  1.853e+00  1.600e+00  1.370e+00  1.164e+00  9.838e-01  8.307e-01  7.021e-01  5.956e-01  5.076e-01  4.349e-01  3.744e-01  3.227e-01  2.786e-01  2.420e-01  2.101e-01 	
 2.354e+00  2.368e+00  2.383e+00  2.398e+00  2.416e+00  2.434e+00  2.454e+00  2.476e+00  2.499e+00  2.521e+00  2.542e+00  2.566e+00  2.591e+00  2.623e+00  2.653e+00  2.690e+00  2.730e+00  2.760e+00  2.797e+00  2.836e+00  2.861e+00  2.876e+00  2.904e+00  2.941e+00  2.968e+00  2.974e+00  2.959e+00  2.944e+00  2.953e+00  2.984e+00  3.025e+00  3.057e+00  3.055e+00  2.991e+00  2.843e+00  2.626e+00  2.359e+00  2.073e+00  1.789e+00  1.518e+00  1.278e+00  1.071e+00  8.974e-01  7.540e-01  6.365e-01  5.400e-01  4.588e-01  3.909e-01  3.353e-01  2.879e-01 	
 2.317e+00  2.330e+00  2.343e+00  2.357e+00  2.372e+00  2.388e+00  2.406e+00  2.425e+00  2.446e+00  2.467e+00  2.488e+00  2.509e+00  2.531e+00  2.554e+00  2.578e+00  2.605e+00  2.636e+00  2.666e+00  2.703e+00  2.734e+00  2.765e+00  2.806e+00  2.844e+00  2.867e+00  2.890e+00  2.931e+00  2.979e+00  3.013e+00  3.021e+00  3.010e+00  3.005e+00  3.026e+00  3.076e+00  3.136e+00  3.171e+00  3.152e+00  3.052e+00  2.868e+00  2.614e+00  2.309e+00  1.989e+00  1.685e+00  1.412e+00  1.178e+00  9.830e-01  8.222e-01  6.884e-01  5.780e-01  4.882e-01  4.134e-01 	
 2.283e+00  2.295e+00  2.307e+00  2.319e+00  2.333e+00  2.347e+00  2.363e+00  2.380e+00  2.398e+00  2.416e+00  2.435e+00  2.455e+00  2.477e+00  2.498e+00  2.520e+00  2.542e+00  2.568e+00  2.593e+00  2.622e+00  2.649e+00  2.682e+00  2.717e+00  2.747e+00  2.782e+00  2.825e+00  2.861e+00  2.886e+00  2.918e+00  2.969e+00  3.023e+00  3.054e+00  3.054e+00  3.041e+00  3.045e+00  3.084e+00  3.151e+00  3.218e+00  3.251e+00  3.214e+00  3.079e+00  2.846e+00  2.541e+00  2.204e+00  1.872e+00  1.571e+00  1.309e+00  1.086e+00  9.015e-01  7.505e-01  6.265e-01 	
 2.253e+00  2.263e+00  2.274e+00  2.285e+00  2.297e+00  2.310e+00  2.324e+00  2.339e+00  2.355e+00  2.371e+00  2.388e+00  2.406e+00  2.425e+00  2.446e+00  2.466e+00  2.488e+00  2.511e+00  2.534e+00  2.559e+00  2.584e+00  2.612e+00  2.641e+00  2.670e+00  2.705e+00  2.738e+00  2.769e+00  2.808e+00  2.852e+00  2.884e+00  2.909e+00  2.949e+00  3.006e+00  3.057e+00  3.077e+00  3.065e+00  3.052e+00  3.072e+00  3.131e+00  3.215e+00  3.288e+00  3.305e+00  3.229e+00  3.042e+00  2.761e+00  2.425e+00  2.077e+00  1.748e+00  1.455e+00  1.205e+00  9.968e-01 	
 2.225e+00  2.235e+00  2.244e+00  2.254e+00  2.265e+00  2.276e+00  2.289e+00  2.302e+00  2.316e+00  2.331e+00  2.346e+00  2.363e+00  2.380e+00  2.398e+00  2.416e+00  2.436e+00  2.457e+00  2.479e+00  2.502e+00  2.526e+00  2.551e+00  2.578e+00  2.605e+00  2.635e+00  2.665e+00  2.697e+00  2.733e+00  2.764e+00  2.798e+00  2.841e+00  2.880e+00  2.905e+00  2.932e+00  2.979e+00  3.037e+00  3.076e+00  3.077e+00  3.057e+00  3.054e+00  3.094e+00  3.175e+00  3.268e+00  3.329e+00  3.314e+00  3.189e+00  2.954e+00  2.637e+00  2.284e+00  1.934e+00  1.615e+00 	
 2.200e+00  2.209e+00  2.217e+00  2.226e+00  2.236e+00  2.246e+00  2.257e+00  2.269e+00  2.282e+00  2.295e+00  2.309e+00  2.323e+00  2.339e+00  2.355e+00  2.372e+00  2.390e+00  2.409e+00  2.429e+00  2.450e+00  2.472e+00  2.495e+00  2.520e+00  2.546e+00  2.573e+00  2.601e+00  2.631e+00  2.662e+00  2.693e+00  2.728e+00  2.762e+00  2.792e+00  2.829e+00  2.871e+00  2.900e+00  2.920e+00  2.953e+00  3.007e+00  3.057e+00  3.075e+00  3.058e+00  3.039e+00  3.055e+00  3.118e+00  3.213e+00  3.302e+00  3.338e+00  3.279e+00  3.104e+00  2.824e+00  2.481e+00 	
 2.178e+00  2.186e+00  2.193e+00  2.201e+00  2.210e+00  2.219e+00  2.229e+00  2.239e+00  2.251e+00  2.263e+00  2.275e+00  2.288e+00  2.302e+00  2.316e+00  2.332e+00  2.348e+00  2.365e+00  2.383e+00  2.402e+00  2.423e+00  2.444e+00  2.466e+00  2.490e+00  2.515e+00  2.542e+00  2.569e+00  2.598e+00  2.627e+00  2.659e+00  2.689e+00  2.722e+00  2.757e+00  2.786e+00  2.817e+00  2.856e+00  2.890e+00  2.910e+00  2.931e+00  2.974e+00  3.026e+00  3.059e+00  3.054e+00  3.030e+00  3.023e+00  3.062e+00  3.144e+00  3.243e+00  3.315e+00  3.314e+00  3.202e+00 	
 2.158e+00  2.165e+00  2.172e+00  2.179e+00  2.187e+00  2.195e+00  2.203e+00  2.213e+00  2.223e+00  2.234e+00  2.245e+00  2.256e+00  2.269e+00  2.282e+00  2.296e+00  2.310e+00  2.326e+00  2.342e+00  2.360e+00  2.378e+00  2.397e+00  2.418e+00  2.440e+00  2.463e+00  2.487e+00  2.512e+00  2.539e+00  2.566e+00  2.595e+00  2.623e+00  2.654e+00  2.685e+00  2.714e+00  2.748e+00  2.778e+00  2.803e+00  2.837e+00  2.875e+00  2.898e+00  2.912e+00  2.942e+00  2.990e+00  3.033e+00  3.045e+00  3.024e+00  3.002e+00  3.016e+00  3.077e+00  3.171e+00  3.260e+00 	
 2.140e+00  2.146e+00  2.152e+00  2.159e+00  2.166e+00  2.173e+00  2.181e+00  2.189e+00  2.198e+00  2.208e+00  2.218e+00  2.228e+00  2.239e+00  2.251e+00  2.263e+00  2.276e+00  2.290e+00  2.305e+00  2.321e+00  2.338e+00  2.355e+00  2.374e+00  2.394e+00  2.415e+00  2.437e+00  2.460e+00  2.484e+00  2.509e+00  2.535e+00  2.562e+00  2.590e+00  2.618e+00  2.647e+00  2.677e+00  2.704e+00  2.733e+00  2.765e+00  2.789e+00  2.816e+00  2.853e+00  2.881e+00  2.893e+00  2.913e+00  2.954e+00  3.003e+00  3.029e+00  3.017e+00  2.988e+00  2.982e+00  3.019e+00 	
 2.124e+00  2.129e+00  2.135e+00  2.141e+00  2.147e+00  2.154e+00  2.161e+00  2.168e+00  2.176e+00  2.185e+00  2.193e+00  2.203e+00  2.213e+00  2.223e+00  2.234e+00  2.246e+00  2.259e+00  2.272e+00  2.286e+00  2.301e+00  2.317e+00  2.334e+00  2.352e+00  2.371e+00  2.391e+00  2.412e+00  2.434e+00  2.457e+00  2.481e+00  2.506e+00  2.531e+00  2.557e+00  2.584e+00  2.611e+00  2.637e+00  2.664e+00  2.691e+00  2.717e+00  2.748e+00  2.772e+00  2.794e+00  2.826e+00  2.859e+00  2.876e+00  2.889e+00  2.920e+00  2.969e+00  3.005e+00  3.007e+00  2.979e+00 	
 2.110e+00  2.115e+00  2.120e+00  2.125e+00  2.131e+00  2.136e+00  2.142e+00  2.149e+00  2.156e+00  2.164e+00  2.172e+00  2.180e+00  2.189e+00  2.199e+00  2.208e+00  2.219e+00  2.230e+00  2.242e+00  2.255e+00  2.268e+00  2.283e+00  2.298e+00  2.314e+00  2.331e+00  2.350e+00  2.369e+00  2.389e+00  2.409e+00  2.431e+00  2.454e+00  2.477e+00  2.501e+00  2.526e+00  2.550e+00  2.575e+00  2.600e+00  2.625e+00  2.650e+00  2.677e+00  2.699e+00  2.726e+00  2.753e+00  2.772e+00  2.799e+00  2.834e+00  2.858e+00  2.868e+00  2.887e+00  2.930e+00  2.975e+00 	
 2.097e+00  2.101e+00  2.106e+00  2.111e+00  2.116e+00  2.121e+00  2.126e+00  2.132e+00  2.139e+00  2.145e+00  2.152e+00  2.160e+00  2.168e+00  2.176e+00  2.185e+00  2.195e+00  2.205e+00  2.216e+00  2.227e+00  2.239e+00  2.252e+00  2.266e+00  2.280e+00  2.296e+00  2.312e+00  2.329e+00  2.347e+00  2.366e+00  2.386e+00  2.407e+00  2.428e+00  2.450e+00  2.472e+00  2.495e+00  2.518e+00  2.540e+00  2.564e+00  2.587e+00  2.611e+00  2.633e+00  2.658e+00  2.680e+00  2.703e+00  2.732e+00  2.753e+00  2.774e+00  2.806e+00  2.836e+00  2.848e+00  2.858e+00 	
 2.086e+00  2.090e+00  2.094e+00  2.098e+00  2.102e+00  2.107e+00  2.112e+00  2.117e+00  2.123e+00  2.129e+00  2.135e+00  2.142e+00  2.149e+00  2.157e+00  2.164e+00  2.173e+00  2.182e+00  2.192e+00  2.202e+00  2.213e+00  2.224e+00  2.236e+00  2.250e+00  2.263e+00  2.278e+00  2.294e+00  2.310e+00  2.327e+00  2.345e+00  2.364e+00  2.383e+00  2.403e+00  2.424e+00  2.444e+00  2.465e+00  2.486e+00  2.508e+00  2.529e+00  2.551e+00  2.572e+00  2.594e+00  2.616e+00  2.638e+00  2.662e+00  2.682e+00  2.709e+00  2.734e+00  2.750e+00  2.776e+00  2.809e+00 	
 2.076e+00  2.079e+00  2.083e+00  2.087e+00  2.091e+00  2.095e+00  2.099e+00  2.104e+00  2.109e+00  2.114e+00  2.120e+00  2.126e+00  2.132e+00  2.139e+00  2.146e+00  2.153e+00  2.162e+00  2.170e+00  2.179e+00  2.189e+00  2.199e+00  2.210e+00  2.222e+00  2.235e+00  2.248e+00  2.262e+00  2.276e+00  2.292e+00  2.308e+00  2.325e+00  2.343e+00  2.361e+00  2.380e+00  2.398e+00  2.417e+00  2.437e+00  2.456e+00  2.476e+00  2.496e+00  2.516e+00  2.536e+00  2.556e+00  2.576e+00  2.599e+00  2.619e+00  2.643e+00  2.663e+00  2.684e+00  2.712e+00  2.729e+00 	
 2.067e+00  2.070e+00  2.073e+00  2.077e+00  2.080e+00  2.084e+00  2.088e+00  2.092e+00  2.096e+00  2.101e+00  2.106e+00  2.111e+00  2.117e+00  2.123e+00  2.129e+00  2.136e+00  2.143e+00  2.151e+00  2.159e+00  2.168e+00  2.177e+00  2.187e+00  2.197e+00  2.209e+00  2.220e+00  2.233e+00  2.246e+00  2.260e+00  2.275e+00  2.290e+00  2.306e+00  2.322e+00  2.339e+00  2.357e+00  2.374e+00  2.392e+00  2.410e+00  2.428e+00  2.447e+00  2.465e+00  2.483e+00  2.501e+00  2.521e+00  2.540e+00  2.560e+00  2.581e+00  2.601e+00  2.621e+00  2.644e+00  2.661e+00 	
 2.059e+00  2.062e+00  2.065e+00  2.068e+00  2.071e+00  2.074e+00  2.078e+00  2.081e+00  2.085e+00  2.090e+00  2.094e+00  2.099e+00  2.104e+00  2.109e+00  2.115e+00  2.121e+00  2.127e+00  2.134e+00  2.141e+00  2.149e+00  2.157e+00  2.166e+00  2.175e+00  2.185e+00  2.196e+00  2.207e+00  2.219e+00  2.231e+00  2.245e+00  2.258e+00  2.273e+00  2.288e+00  2.303e+00  2.319e+00  2.335e+00  2.351e+00  2.367e+00  2.384e+00  2.401e+00  2.418e+00  2.435e+00  2.452e+00  2.469e+00  2.487e+00  2.506e+00  2.525e+00  2.544e+00  2.562e+00  2.583e+00  2.600e+00 	
 2.052e+00  2.055e+00  2.057e+00  2.060e+00  2.063e+00  2.066e+00  2.069e+00  2.072e+00  2.075e+00  2.079e+00  2.083e+00  2.087e+00  2.092e+00  2.097e+00  2.102e+00  2.107e+00  2.113e+00  2.119e+00  2.125e+00  2.132e+00  2.139e+00  2.147e+00  2.155e+00  2.164e+00  2.174e+00  2.184e+00  2.194e+00  2.206e+00  2.217e+00  2.230e+00  2.243e+00  2.256e+00  2.270e+00  2.285e+00  2.299e+00  2.314e+00  2.329e+00  2.344e+00  2.360e+00  2.375e+00  2.391e+00  2.406e+00  2.423e+00  2.439e+00  2.456e+00  2.474e+00  2.491e+00  2.508e+00  2.527e+00  2.544e+00 	
 2.046e+00  2.048e+00  2.050e+00  2.053e+00  2.055e+00  2.058e+00  2.061e+00  2.064e+00  2.067e+00  2.070e+00  2.074e+00  2.077e+00  2.081e+00  2.085e+00  2.090e+00  2.095e+00  2.100e+00  2.105e+00  2.111e+00  2.117e+00  2.123e+00  2.130e+00  2.138e+00  2.146e+00  2.154e+00  2.163e+00  2.172e+00  2.182e+00  2.193e+00  2.204e+00  2.216e+00  2.228e+00  2.241e+00  2.254e+00  2.267e+00  2.280e+00  2.294e+00  2.308e+00  2.322e+00  2.337e+00  2.351e+00  2.365e+00  2.380e+00  2.395e+00  2.411e+00  2.427e+00  2.443e+00  2.459e+00  2.476e+00  2.493e+00 	
 2.040e+00  2.042e+00  2.044e+00  2.047e+00  2.049e+00  2.051e+00  2.054e+00  2.056e+00  2.059e+00  2.062e+00  2.065e+00  2.068e+00  2.072e+00  2.076e+00  2.080e+00  2.084e+00  2.088e+00  2.093e+00  2.098e+00  2.103e+00  2.109e+00  2.115e+00  2.122e+00  2.129e+00  2.136e+00  2.144e+00  2.153e+00  2.162e+00  2.171e+00  2.181e+00  2.192e+00  2.203e+00  2.214e+00  2.226e+00  2.238e+00  2.250e+00  2.263e+00  2.275e+00  2.289e+00  2.301e+00  2.315e+00  2.328e+00  2.341e+00  2.355e+00  2.370e+00  2.385e+00  2.400e+00  2.414e+00  2.430e+00  2.445e+00 	
 2.036e+00  2.037e+00  2.039e+00  2.041e+00  2.043e+00  2.045e+00  2.047e+00  2.050e+00  2.052e+00  2.055e+00  2.058e+00  2.060e+00  2.064e+00  2.067e+00  2.070e+00  2.074e+00  2.078e+00  2.082e+00  2.087e+00  2.091e+00  2.097e+00  2.102e+00  2.108e+00  2.114e+00  2.121e+00  2.128e+00  2.135e+00  2.143e+00  2.152e+00  2.161e+00  2.170e+00  2.180e+00  2.190e+00  2.201e+00  2.212e+00  2.223e+00  2.234e+00  2.246e+00  2.258e+00  2.270e+00  2.282e+00  2.294e+00  2.306e+00  2.319e+00  2.333e+00  2.346e+00  2.360e+00  2.373e+00  2.388e+00  2.402e+00 	
 2.031e+00  2.033e+00  2.035e+00  2.036e+00  2.038e+00  2.040e+00  2.042e+00  2.044e+00  2.046e+00  2.048e+00  2.051e+00  2.053e+00  2.056e+00  2.059e+00  2.062e+00  2.065e+00  2.069e+00  2.073e+00  2.077e+00  2.081e+00  2.085e+00  2.090e+00  2.095e+00  2.101e+00  2.107e+00  2.113e+00  2.120e+00  2.127e+00  2.134e+00  2.142e+00  2.151e+00  2.159e+00  2.169e+00  2.178e+00  2.188e+00  2.198e+00  2.208e+00  2.219e+00  2.230e+00  2.241e+00  2.252e+00  2.263e+00  2.275e+00  2.286e+00  2.299e+00  2.311e+00  2.324e+00  2.336e+00  2.349e+00  2.362e+00 	
 2.028e+00  2.029e+00  2.031e+00  2.032e+00  2.034e+00  2.035e+00  2.037e+00  2.039e+00  2.041e+00  2.043e+00  2.045e+00  2.047e+00  2.050e+00  2.052e+00  2.055e+00  2.058e+00  2.061e+00  2.064e+00  2.068e+00  2.071e+00  2.075e+00  2.080e+00  2.084e+00  2.089e+00  2.094e+00  2.100e+00  2.106e+00  2.112e+00  2.119e+00  2.126e+00  2.133e+00  2.141e+00  2.149e+00  2.158e+00  2.167e+00  2.176e+00  2.185e+00  2.195e+00  2.205e+00  2.215e+00  2.225e+00  2.235e+00  2.246e+00  2.257e+00  2.268e+00  2.280e+00  2.291e+00  2.303e+00  2.315e+00  2.327e+00 	
 2.024e+00  2.026e+00  2.027e+00  2.028e+00  2.030e+00  2.031e+00  2.033e+00  2.034e+00  2.036e+00  2.038e+00  2.040e+00  2.042e+00  2.044e+00  2.046e+00  2.049e+00  2.051e+00  2.054e+00  2.057e+00  2.060e+00  2.063e+00  2.067e+00  2.070e+00  2.074e+00  2.079e+00  2.083e+00  2.088e+00  2.093e+00  2.099e+00  2.105e+00  2.111e+00  2.118e+00  2.125e+00  2.132e+00  2.140e+00  2.148e+00  2.156e+00  2.164e+00  2.173e+00  2.182e+00  2.191e+00  2.201e+00  2.210e+00  2.220e+00  2.230e+00  2.240e+00  2.251e+00  2.261e+00  2.272e+00  2.283e+00  2.294e+00 	
 2.022e+00  2.023e+00  2.024e+00  2.025e+00  2.026e+00  2.027e+00  2.029e+00  2.030e+00  2.032e+00  2.033e+00  2.035e+00  2.037e+00  2.039e+00  2.041e+00  2.043e+00  2.045e+00  2.048e+00  2.050e+00  2.053e+00  2.056e+00  2.059e+00  2.062e+00  2.066e+00  2.070e+00  2.074e+00  2.078e+00  2.083e+00  2.087e+00  2.093e+00  2.098e+00  2.104e+00  2.110e+00  2.117e+00  2.124e+00  2.131e+00  2.138e+00  2.146e+00  2.154e+00  2.162e+00  2.170e+00  2.179e+00  2.187e+00  2.196e+00  2.205e+00  2.215e+00  2.224e+00  2.234e+00  2.244e+00  2.254e+00  2.265e+00 	
 2.019e+00  2.020e+00  2.021e+00  2.022e+00  2.023e+00  2.024e+00  2.025e+00  2.027e+00  2.028e+00  2.029e+00  2.031e+00  2.032e+00  2.034e+00  2.036e+00  2.038e+00  2.040e+00  2.042e+00  2.044e+00  2.047e+00  2.049e+00  2.052e+00  2.055e+00  2.058e+00  2.061e+00  2.065e+00  2.069e+00  2.073e+00  2.077e+00  2.082e+00  2.087e+00  2.092e+00  2.097e+00  2.103e+00  2.109e+00  2.116e+00  2.122e+00  2.129e+00  2.136e+00  2.144e+00  2.151e+00  2.159e+00  2.167e+00  2.175e+00  2.183e+00  2.192e+00  2.201e+00  2.210e+00  2.219e+00  2.228e+00  2.238e+00 	
 2.017e+00  2.018e+00  2.018e+00  2.019e+00  2.020e+00  2.021e+00  2.022e+00  2.023e+00  2.025e+00  2.026e+00  2.027e+00  2.029e+00  2.030e+00  2.032e+00  2.033e+00  2.035e+00  2.037e+00  2.039e+00  2.041e+00  2.043e+00  2.046e+00  2.048e+00  2.051e+00  2.054e+00  2.057e+00  2.061e+00  2.064e+00  2.068e+00  2.072e+00  2.076e+00  2.081e+00  2.086e+00  2.091e+00  2.096e+00  2.102e+00  2.108e+00  2.114e+00  2.120e+00  2.127e+00  2.134e+00  2.141e+00  2.148e+00  2.155e+00  2.163e+00  2.171e+00  2.179e+00  2.187e+00  2.196e+00  2.205e+00  2.213e+00 	
 2.015e+00  2.016e+00  2.016e+00  2.017e+00  2.018e+00  2.019e+00  2.020e+00  2.021e+00  2.022e+00  2.023e+00  2.024e+00  2.025e+00  2.027e+00  2.028e+00  2.029e+00  2.031e+00  2.033e+00  2.034e+00  2.036e+00  2.038e+00  2.040e+00  2.043e+00  2.045e+00  2.048e+00  2.051e+00  2.053e+00  2.057e+00  2.060e+00  2.064e+00  2.067e+00  2.071e+00  2.076e+00  2.080e+00  2.085e+00  2.090e+00  2.095e+00  2.101e+00  2.106e+00  2.112e+00  2.119e+00  2.125e+00  2.131e+00  2.138e+00  2.145e+00  2.152e+00  2.160e+00  2.167e+00  2.175e+00  2.183e+00  2.191e+00 	
 2.013e+00  2.014e+00  2.014e+00  2.015e+00  2.016e+00  2.017e+00  2.017e+00  2.018e+00  2.019e+00  2.020e+00  2.021e+00  2.022e+00  2.023e+00  2.025e+00  2.026e+00  2.027e+00  2.029e+00  2.030e+00  2.032e+00  2.034e+00  2.036e+00  2.038e+00  2.040e+00  2.042e+00  2.045e+00  2.047e+00  2.050e+00  2.053e+00  2.056e+00  2.059e+00  2.063e+00  2.067e+00  2.071e+00  2.075e+00  2.079e+00  2.084e+00  2.089e+00  2.094e+00  2.099e+00  2.105e+00  2.110e+00  2.116e+00  2.122e+00  2.129e+00  2.135e+00  2.142e+00  2.149e+00  2.156e+00  2.164e+00  2.171e+00 	
