 4.190e-02  4.190e-02  3.974e-02  3.577e-02  3.035e-02  2.535e-02  2.093e-02  1.746e-02  1.397e-02  1.086e-02  8.315e-03  6.403e-03  4.971e-03  4.165e-03  3.189e-03  2.496e-03  1.951e-03  1.512e-03  1.184e-03  9.283e-04  7.335e-04  5.827e-04  4.650e-04  4.028e-04  3.243e-04  2.629e-04  2.157e-04  1.765e-04  1.444e-04  1.189e-04  9.730e-05  7.934e-05  6.462e-05  5.628e-05  4.633e-05  3.811e-05  3.115e-05  2.543e-05  2.063e-05  1.672e-05  1.355e-05  1.098e-05  8.928e-06  7.730e-06  6.288e-06  5.072e-06  4.118e-06  3.330e-06  2.688e-06  2.186e-06 	
 8.174e-02  8.174e-02  7.797e-02  7.095e-02  6.113e-02  5.181e-02  4.333e-02  3.652e-02  2.950e-02  2.314e-02  1.784e-02  1.381e-02  1.077e-02  9.046e-03  6.947e-03  5.449e-03  4.268e-03  3.313e-03  2.597e-03  2.038e-03  1.612e-03  1.281e-03  1.023e-03  8.865e-04  7.141e-04  5.790e-04  4.752e-04  3.889e-04  3.183e-04  2.621e-04  2.146e-04  1.750e-04  1.425e-04  1.242e-04  1.022e-04  8.409e-05  6.873e-05  5.611e-05  4.553e-05  3.690e-05  2.990e-05  2.423e-05  1.971e-05  1.706e-05  1.388e-05  1.120e-05  9.090e-06  7.351e-06  5.933e-06  4.826e-06 	
 1.174e-01  1.174e-01  1.126e-01  1.035e-01  9.065e-02  7.805e-02  6.627e-02  5.661e-02  4.628e-02  3.668e-02  2.853e-02  2.225e-02  1.745e-02  1.470e-02  1.133e-02  8.917e-03  7.002e-03  5.446e-03  4.275e-03  3.360e-03  2.660e-03  2.116e-03  1.691e-03  1.465e-03  1.181e-03  9.579e-04  7.864e-04  6.437e-04  5.270e-04  4.339e-04  3.553e-04  2.898e-04  2.361e-04  2.056e-04  1.693e-04  1.393e-04  1.138e-04  9.294e-05  7.542e-05  6.113e-05  4.953e-05  4.015e-05  3.265e-05  2.827e-05  2.300e-05  1.855e-05  1.506e-05  1.218e-05  9.831e-06  7.997e-06 	
 1.524e-01  1.524e-01  1.469e-01  1.366e-01  1.216e-01  1.065e-01  9.195e-02  7.974e-02  6.611e-02  5.306e-02  4.173e-02  3.283e-02  2.593e-02  2.194e-02  1.700e-02  1.343e-02  1.058e-02  8.248e-03  6.488e-03  5.107e-03  4.048e-03  3.224e-03  2.578e-03  2.235e-03  1.802e-03  1.463e-03  1.201e-03  9.832e-04  8.051e-04  6.631e-04  5.429e-04  4.429e-04  3.608e-04  3.143e-04  2.588e-04  2.129e-04  1.740e-04  1.421e-04  1.153e-04  9.345e-05  7.572e-05  6.138e-05  4.992e-05  4.322e-05  3.516e-05  2.836e-05  2.303e-05  1.862e-05  1.503e-05  1.223e-05 	
 1.885e-01  1.885e-01  1.828e-01  1.717e-01  1.555e-01  1.386e-01  1.219e-01  1.074e-01  9.049e-02  7.370e-02  5.872e-02  4.670e-02  3.721e-02  3.164e-02  2.468e-02  1.960e-02  1.550e-02  1.213e-02  9.564e-03  7.545e-03  5.990e-03  4.776e-03  3.824e-03  3.317e-03  2.677e-03  2.173e-03  1.785e-03  1.462e-03  1.197e-03  9.863e-04  8.077e-04  6.590e-04  5.369e-04  4.677e-04  3.851e-04  3.168e-04  2.590e-04  2.115e-04  1.716e-04  1.391e-04  1.127e-04  9.136e-05  7.431e-05  6.434e-05  5.234e-05  4.222e-05  3.428e-05  2.772e-05  2.238e-05  1.820e-05 	
 2.246e-01  2.246e-01  2.188e-01  2.077e-01  1.911e-01  1.734e-01  1.553e-01  1.393e-01  1.194e-01  9.895e-02  8.006e-02  6.450e-02  5.196e-02  4.447e-02  3.497e-02  2.795e-02  2.222e-02  1.746e-02  1.382e-02  1.094e-02  8.701e-03  6.951e-03  5.572e-03  4.838e-03  3.907e-03  3.174e-03  2.609e-03  2.138e-03  1.751e-03  1.443e-03  1.182e-03  9.644e-04  7.859e-04  6.847e-04  5.637e-04  4.639e-04  3.792e-04  3.096e-04  2.513e-04  2.037e-04  1.650e-04  1.338e-04  1.088e-04  9.422e-05  7.665e-05  6.183e-05  5.020e-05  4.060e-05  3.277e-05  2.666e-05 	
 2.612e-01  2.612e-01  2.556e-01  2.449e-01  2.288e-01  2.111e-01  1.926e-01  1.759e-01  1.537e-01  1.298e-01  1.070e-01  8.756e-02  7.151e-02  6.170e-02  4.903e-02  3.953e-02  3.166e-02  2.503e-02  1.990e-02  1.581e-02  1.262e-02  1.010e-02  8.115e-03  7.053e-03  5.703e-03  4.639e-03  3.816e-03  3.128e-03  2.564e-03  2.113e-03  1.731e-03  1.413e-03  1.152e-03  1.003e-03  8.263e-04  6.800e-04  5.559e-04  4.539e-04  3.684e-04  2.987e-04  2.420e-04  1.962e-04  1.596e-04  1.382e-04  1.124e-04  9.069e-05  7.364e-05  5.956e-05  4.808e-05  3.911e-05 	
 2.960e-01  2.960e-01  2.909e-01  2.813e-01  2.666e-01  2.501e-01  2.325e-01  2.164e-01  1.931e-01  1.667e-01  1.404e-01  1.171e-01  9.731e-02  8.486e-02  6.838e-02  5.577e-02  4.510e-02  3.594e-02  2.878e-02  2.298e-02  1.842e-02  1.481e-02  1.193e-02  1.038e-02  8.411e-03  6.851e-03  5.642e-03  4.629e-03  3.797e-03  3.131e-03  2.566e-03  2.095e-03  1.708e-03  1.488e-03  1.226e-03  1.009e-03  8.249e-04  6.736e-04  5.468e-04  4.433e-04  3.593e-04  2.913e-04  2.369e-04  2.052e-04  1.669e-04  1.347e-04  1.093e-04  8.843e-05  7.139e-05  5.807e-05 	
 3.268e-01  3.268e-01  3.223e-01  3.138e-01  3.011e-01  2.865e-01  2.706e-01  2.563e-01  2.333e-01  2.060e-01  1.774e-01  1.512e-01  1.281e-01  1.131e-01  9.271e-02  7.672e-02  6.283e-02  5.062e-02  4.090e-02  3.291e-02  2.654e-02  2.144e-02  1.734e-02  1.512e-02  1.229e-02  1.003e-02  8.272e-03  6.796e-03  5.580e-03  4.604e-03  3.776e-03  3.084e-03  2.515e-03  2.192e-03  1.806e-03  1.486e-03  1.216e-03  9.927e-04  8.059e-04  6.534e-04  5.296e-04  4.294e-04  3.493e-04  3.025e-04  2.461e-04  1.986e-04  1.612e-04  1.304e-04  1.053e-04  8.565e-05 	
 3.558e-01  3.558e-01  3.520e-01  3.449e-01  3.345e-01  3.222e-01  3.089e-01  2.970e-01  2.756e-01  2.485e-01  2.191e-01  1.910e-01  1.654e-01  1.482e-01  1.239e-01  1.044e-01  8.682e-02  7.096e-02  5.802e-02  4.717e-02  3.838e-02  3.121e-02  2.539e-02  2.222e-02  1.812e-02  1.484e-02  1.227e-02  1.010e-02  8.305e-03  6.861e-03  5.632e-03  4.603e-03  3.756e-03  3.275e-03  2.698e-03  2.222e-03  1.817e-03  1.484e-03  1.205e-03  9.774e-04  7.923e-04  6.425e-04  5.227e-04  4.527e-04  3.683e-04  2.972e-04  2.414e-04  1.952e-04  1.576e-04  1.282e-04 	
 3.805e-01  3.805e-01  3.774e-01  3.716e-01  3.635e-01  3.540e-01  3.438e-01  3.351e-01  3.164e-01  2.915e-01  2.631e-01  2.349e-01  2.084e-01  1.897e-01  1.625e-01  1.398e-01  1.187e-01  9.884e-02  8.216e-02  6.777e-02  5.581e-02  4.587e-02  3.763e-02  3.310e-02  2.716e-02  2.235e-02  1.855e-02  1.532e-02  1.263e-02  1.045e-02  8.588e-03  7.027e-03  5.739e-03  5.006e-03  4.127e-03  3.399e-03  2.781e-03  2.273e-03  1.846e-03  1.497e-03  1.214e-03  9.844e-04  8.010e-04  6.938e-04  5.646e-04  4.556e-04  3.700e-04  2.993e-04  2.417e-04  1.967e-04 	
 4.013e-01  4.013e-01  3.986e-01  3.939e-01  3.876e-01  3.806e-01  3.731e-01  3.673e-01  3.516e-01  3.295e-01  3.032e-01  2.764e-01  2.505e-01  2.316e-01  2.031e-01  1.787e-01  1.550e-01  1.318e-01  1.117e-01  9.375e-02  7.841e-02  6.531e-02  5.421e-02  4.800e-02  3.974e-02  3.293e-02  2.749e-02  2.280e-02  1.886e-02  1.565e-02  1.289e-02  1.056e-02  8.638e-03  7.540e-03  6.220e-03  5.126e-03  4.196e-03  3.430e-03  2.787e-03  2.261e-03  1.834e-03  1.488e-03  1.211e-03  1.049e-03  8.536e-04  6.889e-04  5.596e-04  4.528e-04  3.656e-04  2.975e-04 	
 4.347e-01  4.347e-01  4.324e-01  4.288e-01  4.251e-01  4.217e-01  4.193e-01  4.191e-01  4.099e-01  3.946e-01  3.750e-01  3.539e-01  3.329e-01  3.164e-01  2.899e-01  2.665e-01  2.418e-01  2.156e-01  1.912e-01  1.678e-01  1.463e-01  1.267e-01  1.089e-01  9.849e-02  8.394e-02  7.132e-02  6.079e-02  5.131e-02  4.306e-02  3.614e-02  3.004e-02  2.479e-02  2.039e-02  1.785e-02  1.477e-02  1.220e-02  1.001e-02  8.196e-03  6.668e-03  5.417e-03  4.398e-03  3.571e-03  2.908e-03  2.520e-03  2.052e-03  1.657e-03  1.347e-03  1.090e-03  8.808e-04  7.169e-04 	
 4.475e-01  4.475e-01  4.451e-01  4.415e-01  4.382e-01  4.355e-01  4.346e-01  4.363e-01  4.298e-01  4.179e-01  4.018e-01  3.839e-01  3.659e-01  3.513e-01  3.274e-01  3.061e-01  2.831e-01  2.578e-01  2.337e-01  2.098e-01  1.871e-01  1.656e-01  1.455e-01  1.334e-01  1.159e-01  1.003e-01  8.691e-02  7.443e-02  6.325e-02  5.364e-02  4.498e-02  3.738e-02  3.090e-02  2.713e-02  2.253e-02  1.866e-02  1.534e-02  1.258e-02  1.025e-02  8.332e-03  6.769e-03  5.500e-03  4.482e-03  3.886e-03  3.166e-03  2.558e-03  2.079e-03  1.684e-03  1.361e-03  1.108e-03 	
 4.592e-01  4.592e-01  4.566e-01  4.528e-01  4.491e-01  4.464e-01  4.464e-01  4.492e-01  4.451e-01  4.367e-01  4.241e-01  4.096e-01  3.948e-01  3.824e-01  3.616e-01  3.431e-01  3.226e-01  2.993e-01  2.767e-01  2.538e-01  2.313e-01  2.095e-01  1.882e-01  1.752e-01  1.557e-01  1.377e-01  1.217e-01  1.062e-01  9.183e-02  7.906e-02  6.718e-02  5.647e-02  4.711e-02  4.157e-02  3.472e-02  2.888e-02  2.382e-02  1.958e-02  1.599e-02  1.303e-02  1.060e-02  8.619e-03  7.029e-03  6.098e-03  4.971e-03  4.019e-03  3.269e-03  2.648e-03  2.141e-03  1.744e-03 	
 4.694e-01  4.694e-01  4.666e-01  4.624e-01  4.579e-01  4.546e-01  4.546e-01  4.572e-01  4.549e-01  4.494e-01  4.399e-01  4.285e-01  4.169e-01  4.067e-01  3.889e-01  3.733e-01  3.556e-01  3.351e-01  3.150e-01  2.943e-01  2.735e-01  2.528e-01  2.322e-01  2.193e-01  1.995e-01  1.804e-01  1.630e-01  1.454e-01  1.284e-01  1.128e-01  9.756e-02  8.336e-02  7.052e-02  6.272e-02  5.289e-02  4.433e-02  3.678e-02  3.037e-02  2.489e-02  2.033e-02  1.658e-02  1.351e-02  1.103e-02  9.576e-03  7.813e-03  6.322e-03  5.145e-03  4.171e-03  3.375e-03  2.749e-03 	
 4.791e-01  4.791e-01  4.762e-01  4.715e-01  4.660e-01  4.619e-01  4.610e-01  4.628e-01  4.616e-01  4.582e-01  4.512e-01  4.428e-01  4.340e-01  4.256e-01  4.109e-01  3.981e-01  3.830e-01  3.653e-01  3.478e-01  3.297e-01  3.113e-01  2.927e-01  2.738e-01  2.619e-01  2.431e-01  2.246e-01  2.073e-01  1.892e-01  1.710e-01  1.535e-01  1.358e-01  1.185e-01  1.022e-01  9.194e-02  7.867e-02  6.675e-02  5.594e-02  4.657e-02  3.840e-02  3.152e-02  2.579e-02  2.107e-02  1.724e-02  1.499e-02  1.225e-02  9.923e-03  8.083e-03  6.559e-03  5.311e-03  4.330e-03 	
 4.884e-01  4.884e-01  4.853e-01  4.802e-01  4.738e-01  4.687e-01  4.665e-01  4.668e-01  4.659e-01  4.638e-01  4.586e-01  4.527e-01  4.462e-01  4.396e-01  4.278e-01  4.175e-01  4.050e-01  3.900e-01  3.753e-01  3.598e-01  3.440e-01  3.280e-01  3.116e-01  3.012e-01  2.845e-01  2.678e-01  2.520e-01  2.348e-01  2.169e-01  1.992e-01  1.805e-01  1.614e-01  1.425e-01  1.301e-01  1.136e-01  9.814e-02  8.356e-02  7.049e-02  5.875e-02  4.864e-02  4.007e-02  3.290e-02  2.702e-02  2.354e-02  1.928e-02  1.565e-02  1.277e-02  1.037e-02  8.409e-03  6.861e-03 	
 4.970e-01  4.970e-01  4.938e-01  4.884e-01  4.814e-01  4.754e-01  4.718e-01  4.705e-01  4.693e-01  4.677e-01  4.635e-01  4.594e-01  4.546e-01  4.493e-01  4.401e-01  4.320e-01  4.217e-01  4.093e-01  3.970e-01  3.840e-01  3.707e-01  3.572e-01  3.433e-01  3.346e-01  3.205e-01  3.062e-01  2.927e-01  2.776e-01  2.615e-01  2.452e-01  2.272e-01  2.081e-01  1.883e-01  1.749e-01  1.564e-01  1.382e-01  1.202e-01  1.034e-01  8.767e-02  7.362e-02  6.135e-02  5.083e-02  4.203e-02  3.676e-02  3.023e-02  2.463e-02  2.014e-02  1.640e-02  1.331e-02  1.087e-02 	
 5.052e-01  5.052e-01  5.020e-01  4.964e-01  4.889e-01  4.822e-01  4.774e-01  4.745e-01  4.727e-01  4.709e-01  4.673e-01  4.643e-01  4.605e-01  4.564e-01  4.493e-01  4.429e-01  4.345e-01  4.244e-01  4.143e-01  4.035e-01  3.925e-01  3.813e-01  3.698e-01  3.626e-01  3.509e-01  3.391e-01  3.280e-01  3.153e-01  3.017e-01  2.877e-01  2.717e-01  2.541e-01  2.353e-01  2.222e-01  2.035e-01  1.843e-01  1.643e-01  1.448e-01  1.256e-01  1.076e-01  9.131e-02  7.681e-02  6.428e-02  5.662e-02  4.693e-02  3.849e-02  3.162e-02  2.583e-02  2.104e-02  1.721e-02 	
 5.128e-01  5.128e-01  5.096e-01  5.039e-01  4.961e-01  4.891e-01  4.832e-01  4.791e-01  4.766e-01  4.743e-01  4.708e-01  4.683e-01  4.650e-01  4.616e-01  4.562e-01  4.510e-01  4.441e-01  4.360e-01  4.277e-01  4.188e-01  4.097e-01  4.005e-01  3.910e-01  3.852e-01  3.757e-01  3.662e-01  3.574e-01  3.473e-01  3.362e-01  3.248e-01  3.114e-01  2.963e-01  2.797e-01  2.678e-01  2.507e-01  2.324e-01  2.125e-01  1.920e-01  1.709e-01  1.503e-01  1.305e-01  1.122e-01  9.566e-02  8.523e-02  7.164e-02  5.945e-02  4.927e-02  4.054e-02  3.319e-02  2.725e-02 	
 5.198e-01  5.198e-01  5.167e-01  5.111e-01  5.032e-01  4.959e-01  4.893e-01  4.843e-01  4.811e-01  4.782e-01  4.746e-01  4.721e-01  4.691e-01  4.661e-01  4.618e-01  4.575e-01  4.518e-01  4.453e-01  4.384e-01  4.311e-01  4.237e-01  4.161e-01  4.084e-01  4.037e-01  3.960e-01  3.884e-01  3.816e-01  3.737e-01  3.649e-01  3.560e-01  3.452e-01  3.328e-01  3.189e-01  3.087e-01  2.940e-01  2.779e-01  2.597e-01  2.403e-01  2.194e-01  1.981e-01  1.767e-01  1.558e-01  1.361e-01  1.231e-01  1.056e-01  8.925e-02  7.507e-02  6.252e-02  5.168e-02  4.273e-02 	
 5.264e-01  5.264e-01  5.233e-01  5.178e-01  5.099e-01  5.026e-01  4.956e-01  4.899e-01  4.861e-01  4.827e-01  4.788e-01  4.762e-01  4.731e-01  4.705e-01  4.668e-01  4.631e-01  4.583e-01  4.531e-01  4.474e-01  4.412e-01  4.353e-01  4.290e-01  4.227e-01  4.190e-01  4.129e-01  4.069e-01  4.017e-01  3.956e-01  3.889e-01  3.821e-01  3.736e-01  3.637e-01  3.525e-01  3.441e-01  3.322e-01  3.187e-01  3.030e-01  2.859e-01  2.668e-01  2.466e-01  2.257e-01  2.042e-01  1.830e-01  1.685e-01  1.481e-01  1.280e-01  1.099e-01  9.313e-02  7.813e-02  6.534e-02 	
 5.326e-01  5.326e-01  5.296e-01  5.242e-01  5.164e-01  5.091e-01  5.019e-01  4.958e-01  4.916e-01  4.878e-01  4.836e-01  4.808e-01  4.776e-01  4.750e-01  4.718e-01  4.684e-01  4.643e-01  4.601e-01  4.552e-01  4.501e-01  4.453e-01  4.401e-01  4.350e-01  4.321e-01  4.271e-01  4.224e-01  4.186e-01  4.140e-01  4.089e-01  4.039e-01  3.975e-01  3.897e-01  3.809e-01  3.742e-01  3.648e-01  3.539e-01  3.410e-01  3.264e-01  3.099e-01  2.919e-01  2.727e-01  2.523e-01  2.314e-01  2.165e-01  1.949e-01  1.727e-01  1.515e-01  1.311e-01  1.120e-01  9.513e-02 	
 5.436e-01  5.436e-01  5.408e-01  5.357e-01  5.283e-01  5.213e-01  5.140e-01  5.076e-01  5.030e-01  4.987e-01  4.942e-01  4.909e-01  4.874e-01  4.849e-01  4.820e-01  4.789e-01  4.757e-01  4.727e-01  4.690e-01  4.654e-01  4.622e-01  4.585e-01  4.553e-01  4.534e-01  4.502e-01  4.473e-01  4.453e-01  4.428e-01  4.402e-01  4.377e-01  4.342e-01  4.295e-01  4.241e-01  4.200e-01  4.144e-01  4.076e-01  3.990e-01  3.889e-01  3.770e-01  3.636e-01  3.487e-01  3.322e-01  3.143e-01  3.009e-01  2.804e-01  2.580e-01  2.350e-01  2.110e-01  1.869e-01  1.639e-01 	
 5.482e-01  5.482e-01  5.455e-01  5.405e-01  5.333e-01  5.265e-01  5.193e-01  5.129e-01  5.083e-01  5.039e-01  4.994e-01  4.959e-01  4.923e-01  4.898e-01  4.869e-01  4.839e-01  4.810e-01  4.783e-01  4.750e-01  4.719e-01  4.692e-01  4.661e-01  4.635e-01  4.620e-01  4.593e-01  4.571e-01  4.557e-01  4.539e-01  4.520e-01  4.504e-01  4.478e-01  4.442e-01  4.400e-01  4.366e-01  4.324e-01  4.270e-01  4.197e-01  4.113e-01  4.010e-01  3.893e-01  3.762e-01  3.614e-01  3.450e-01  3.326e-01  3.133e-01  2.917e-01  2.691e-01  2.448e-01  2.198e-01  1.952e-01 	
 5.522e-01  5.522e-01  5.495e-01  5.446e-01  5.376e-01  5.310e-01  5.239e-01  5.176e-01  5.131e-01  5.086e-01  5.041e-01  5.005e-01  4.968e-01  4.944e-01  4.915e-01  4.885e-01  4.858e-01  4.833e-01  4.804e-01  4.776e-01  4.753e-01  4.726e-01  4.704e-01  4.692e-01  4.669e-01  4.652e-01  4.642e-01  4.630e-01  4.617e-01  4.607e-01  4.588e-01  4.559e-01  4.526e-01  4.499e-01  4.466e-01  4.422e-01  4.361e-01  4.288e-01  4.198e-01  4.094e-01  3.978e-01  3.843e-01  3.692e-01  3.577e-01  3.395e-01  3.189e-01  2.969e-01  2.728e-01  2.475e-01  2.220e-01 	
 5.554e-01  5.554e-01  5.528e-01  5.481e-01  5.413e-01  5.348e-01  5.279e-01  5.217e-01  5.172e-01  5.128e-01  5.082e-01  5.046e-01  5.009e-01  4.985e-01  4.956e-01  4.927e-01  4.901e-01  4.878e-01  4.851e-01  4.825e-01  4.805e-01  4.781e-01  4.763e-01  4.753e-01  4.733e-01  4.720e-01  4.713e-01  4.704e-01  4.696e-01  4.691e-01  4.676e-01  4.654e-01  4.626e-01  4.604e-01  4.580e-01  4.543e-01  4.490e-01  4.427e-01  4.346e-01  4.253e-01  4.148e-01  4.024e-01  3.884e-01  3.776e-01  3.604e-01  3.407e-01  3.194e-01  2.957e-01  2.704e-01  2.446e-01 	
 5.581e-01  5.581e-01  5.555e-01  5.509e-01  5.443e-01  5.380e-01  5.312e-01  5.251e-01  5.207e-01  5.163e-01  5.118e-01  5.081e-01  5.045e-01  5.021e-01  4.992e-01  4.963e-01  4.939e-01  4.917e-01  4.891e-01  4.868e-01  4.850e-01  4.828e-01  4.813e-01  4.804e-01  4.786e-01  4.776e-01  4.772e-01  4.765e-01  4.761e-01  4.759e-01  4.748e-01  4.730e-01  4.708e-01  4.689e-01  4.670e-01  4.640e-01  4.594e-01  4.538e-01  4.465e-01  4.380e-01  4.284e-01  4.170e-01  4.039e-01  3.936e-01  3.773e-01  3.584e-01  3.378e-01  3.146e-01  2.895e-01  2.636e-01 	
 5.602e-01  5.602e-01  5.577e-01  5.532e-01  5.467e-01  5.405e-01  5.338e-01  5.279e-01  5.235e-01  5.192e-01  5.148e-01  5.111e-01  5.075e-01  5.051e-01  5.022e-01  4.994e-01  4.971e-01  4.949e-01  4.925e-01  4.903e-01  4.886e-01  4.866e-01  4.853e-01  4.845e-01  4.829e-01  4.821e-01  4.818e-01  4.814e-01  4.812e-01  4.813e-01  4.805e-01  4.790e-01  4.771e-01  4.756e-01  4.741e-01  4.715e-01  4.674e-01  4.624e-01  4.558e-01  4.480e-01  4.391e-01  4.284e-01  4.160e-01  4.063e-01  3.907e-01  3.725e-01  3.525e-01  3.298e-01  3.050e-01  2.791e-01 	
 5.619e-01  5.619e-01  5.594e-01  5.549e-01  5.485e-01  5.425e-01  5.359e-01  5.300e-01  5.257e-01  5.215e-01  5.171e-01  5.135e-01  5.099e-01  5.076e-01  5.047e-01  5.019e-01  4.996e-01  4.975e-01  4.952e-01  4.931e-01  4.915e-01  4.896e-01  4.885e-01  4.878e-01  4.863e-01  4.856e-01  4.855e-01  4.852e-01  4.852e-01  4.854e-01  4.848e-01  4.836e-01  4.819e-01  4.806e-01  4.795e-01  4.772e-01  4.736e-01  4.689e-01  4.628e-01  4.555e-01  4.472e-01  4.371e-01  4.253e-01  4.160e-01  4.010e-01  3.834e-01  3.640e-01  3.416e-01  3.172e-01  2.914e-01 	
 5.631e-01  5.631e-01  5.606e-01  5.562e-01  5.499e-01  5.440e-01  5.374e-01  5.316e-01  5.275e-01  5.233e-01  5.189e-01  5.153e-01  5.118e-01  5.095e-01  5.066e-01  5.038e-01  5.016e-01  4.995e-01  4.973e-01  4.953e-01  4.938e-01  4.920e-01  4.909e-01  4.902e-01  4.889e-01  4.883e-01  4.882e-01  4.881e-01  4.882e-01  4.885e-01  4.881e-01  4.870e-01  4.856e-01  4.844e-01  4.835e-01  4.815e-01  4.781e-01  4.739e-01  4.681e-01  4.613e-01  4.534e-01  4.437e-01  4.324e-01  4.234e-01  4.089e-01  3.918e-01  3.728e-01  3.508e-01  3.267e-01  3.010e-01 	
 5.640e-01  5.640e-01  5.616e-01  5.572e-01  5.510e-01  5.451e-01  5.386e-01  5.329e-01  5.287e-01  5.246e-01  5.203e-01  5.168e-01  5.132e-01  5.109e-01  5.081e-01  5.054e-01  5.032e-01  5.011e-01  4.990e-01  4.970e-01  4.955e-01  4.938e-01  4.928e-01  4.922e-01  4.909e-01  4.903e-01  4.904e-01  4.902e-01  4.905e-01  4.909e-01  4.906e-01  4.896e-01  4.883e-01  4.872e-01  4.866e-01  4.848e-01  4.816e-01  4.776e-01  4.721e-01  4.656e-01  4.581e-01  4.487e-01  4.378e-01  4.291e-01  4.150e-01  3.983e-01  3.796e-01  3.580e-01  3.340e-01  3.086e-01 	
 5.647e-01  5.647e-01  5.623e-01  5.580e-01  5.518e-01  5.459e-01  5.395e-01  5.338e-01  5.297e-01  5.256e-01  5.214e-01  5.178e-01  5.143e-01  5.121e-01  5.092e-01  5.065e-01  5.044e-01  5.024e-01  5.003e-01  4.983e-01  4.968e-01  4.952e-01  4.943e-01  4.936e-01  4.924e-01  4.919e-01  4.920e-01  4.919e-01  4.922e-01  4.927e-01  4.925e-01  4.916e-01  4.904e-01  4.894e-01  4.889e-01  4.872e-01  4.842e-01  4.804e-01  4.752e-01  4.689e-01  4.617e-01  4.526e-01  4.420e-01  4.335e-01  4.197e-01  4.033e-01  3.850e-01  3.636e-01  3.399e-01  3.146e-01 	
 5.653e-01  5.653e-01  5.629e-01  5.586e-01  5.524e-01  5.466e-01  5.402e-01  5.346e-01  5.305e-01  5.265e-01  5.222e-01  5.187e-01  5.152e-01  5.130e-01  5.101e-01  5.075e-01  5.053e-01  5.033e-01  5.013e-01  4.993e-01  4.979e-01  4.963e-01  4.954e-01  4.948e-01  4.936e-01  4.932e-01  4.933e-01  4.932e-01  4.936e-01  4.941e-01  4.940e-01  4.932e-01  4.920e-01  4.911e-01  4.907e-01  4.891e-01  4.863e-01  4.826e-01  4.776e-01  4.715e-01  4.645e-01  4.557e-01  4.453e-01  4.370e-01  4.234e-01  4.073e-01  3.892e-01  3.681e-01  3.446e-01  3.194e-01 	
 5.661e-01  5.661e-01  5.637e-01  5.594e-01  5.533e-01  5.475e-01  5.412e-01  5.356e-01  5.316e-01  5.276e-01  5.235e-01  5.200e-01  5.165e-01  5.143e-01  5.115e-01  5.089e-01  5.068e-01  5.048e-01  5.028e-01  5.008e-01  4.995e-01  4.980e-01  4.971e-01  4.965e-01  4.954e-01  4.950e-01  4.951e-01  4.952e-01  4.956e-01  4.962e-01  4.961e-01  4.954e-01  4.944e-01  4.935e-01  4.933e-01  4.919e-01  4.892e-01  4.858e-01  4.810e-01  4.753e-01  4.687e-01  4.602e-01  4.502e-01  4.422e-01  4.291e-01  4.135e-01  3.959e-01  3.751e-01  3.520e-01  3.271e-01 	
 5.664e-01  5.664e-01  5.640e-01  5.597e-01  5.536e-01  5.479e-01  5.416e-01  5.361e-01  5.321e-01  5.281e-01  5.239e-01  5.205e-01  5.170e-01  5.148e-01  5.120e-01  5.094e-01  5.073e-01  5.054e-01  5.034e-01  5.015e-01  5.001e-01  4.986e-01  4.978e-01  4.972e-01  4.961e-01  4.957e-01  4.959e-01  4.959e-01  4.964e-01  4.970e-01  4.969e-01  4.963e-01  4.953e-01  4.945e-01  4.943e-01  4.929e-01  4.904e-01  4.871e-01  4.824e-01  4.768e-01  4.703e-01  4.620e-01  4.522e-01  4.443e-01  4.314e-01  4.160e-01  3.986e-01  3.780e-01  3.550e-01  3.302e-01 	
 5.666e-01  5.666e-01  5.643e-01  5.600e-01  5.539e-01  5.482e-01  5.419e-01  5.364e-01  5.325e-01  5.285e-01  5.244e-01  5.209e-01  5.175e-01  5.153e-01  5.125e-01  5.099e-01  5.078e-01  5.059e-01  5.039e-01  5.020e-01  5.007e-01  4.992e-01  4.984e-01  4.978e-01  4.967e-01  4.964e-01  4.965e-01  4.966e-01  4.971e-01  4.977e-01  4.977e-01  4.970e-01  4.961e-01  4.953e-01  4.952e-01  4.939e-01  4.914e-01  4.882e-01  4.836e-01  4.781e-01  4.718e-01  4.637e-01  4.540e-01  4.462e-01  4.335e-01  4.183e-01  4.010e-01  3.806e-01  3.578e-01  3.332e-01 	
 5.669e-01  5.669e-01  5.645e-01  5.603e-01  5.542e-01  5.485e-01  5.423e-01  5.368e-01  5.328e-01  5.289e-01  5.248e-01  5.213e-01  5.179e-01  5.157e-01  5.129e-01  5.104e-01  5.083e-01  5.063e-01  5.044e-01  5.025e-01  5.012e-01  4.997e-01  4.989e-01  4.984e-01  4.973e-01  4.970e-01  4.971e-01  4.972e-01  4.977e-01  4.983e-01  4.984e-01  4.977e-01  4.968e-01  4.961e-01  4.960e-01  4.948e-01  4.923e-01  4.892e-01  4.847e-01  4.793e-01  4.731e-01  4.652e-01  4.557e-01  4.480e-01  4.355e-01  4.204e-01  4.033e-01  3.831e-01  3.605e-01  3.359e-01 	
 5.671e-01  5.671e-01  5.647e-01  5.605e-01  5.545e-01  5.488e-01  5.426e-01  5.371e-01  5.332e-01  5.292e-01  5.251e-01  5.217e-01  5.183e-01  5.161e-01  5.134e-01  5.108e-01  5.087e-01  5.068e-01  5.049e-01  5.030e-01  5.017e-01  5.002e-01  4.995e-01  4.989e-01  4.978e-01  4.975e-01  4.977e-01  4.978e-01  4.983e-01  4.989e-01  4.990e-01  4.984e-01  4.975e-01  4.968e-01  4.967e-01  4.956e-01  4.932e-01  4.901e-01  4.858e-01  4.805e-01  4.744e-01  4.666e-01  4.573e-01  4.497e-01  4.373e-01  4.224e-01  4.055e-01  3.855e-01  3.630e-01  3.385e-01 	
 5.673e-01  5.673e-01  5.650e-01  5.608e-01  5.547e-01  5.491e-01  5.428e-01  5.374e-01  5.335e-01  5.296e-01  5.255e-01  5.221e-01  5.187e-01  5.165e-01  5.138e-01  5.112e-01  5.092e-01  5.072e-01  5.053e-01  5.035e-01  5.022e-01  5.007e-01  5.000e-01  4.994e-01  4.983e-01  4.981e-01  4.982e-01  4.984e-01  4.989e-01  4.995e-01  4.996e-01  4.991e-01  4.982e-01  4.975e-01  4.975e-01  4.964e-01  4.941e-01  4.911e-01  4.868e-01  4.816e-01  4.757e-01  4.680e-01  4.588e-01  4.513e-01  4.391e-01  4.244e-01  4.077e-01  3.878e-01  3.654e-01  3.411e-01 	
 5.675e-01  5.675e-01  5.652e-01  5.610e-01  5.550e-01  5.493e-01  5.431e-01  5.377e-01  5.338e-01  5.299e-01  5.258e-01  5.224e-01  5.191e-01  5.169e-01  5.142e-01  5.116e-01  5.096e-01  5.077e-01  5.058e-01  5.039e-01  5.026e-01  5.012e-01  5.005e-01  4.999e-01  4.989e-01  4.986e-01  4.988e-01  4.989e-01  4.995e-01  5.001e-01  5.002e-01  4.997e-01  4.988e-01  4.981e-01  4.982e-01  4.971e-01  4.949e-01  4.920e-01  4.878e-01  4.827e-01  4.769e-01  4.693e-01  4.603e-01  4.529e-01  4.409e-01  4.263e-01  4.098e-01  3.901e-01  3.679e-01  3.437e-01 	
 5.678e-01  5.678e-01  5.654e-01  5.612e-01  5.552e-01  5.496e-01  5.434e-01  5.380e-01  5.341e-01  5.302e-01  5.262e-01  5.228e-01  5.194e-01  5.173e-01  5.146e-01  5.120e-01  5.100e-01  5.081e-01  5.062e-01  5.044e-01  5.031e-01  5.017e-01  5.010e-01  5.004e-01  4.994e-01  4.991e-01  4.993e-01  4.995e-01  5.000e-01  5.007e-01  5.008e-01  5.003e-01  4.995e-01  4.988e-01  4.989e-01  4.979e-01  4.957e-01  4.928e-01  4.887e-01  4.838e-01  4.781e-01  4.707e-01  4.618e-01  4.545e-01  4.426e-01  4.283e-01  4.119e-01  3.924e-01  3.703e-01  3.463e-01 	
 5.680e-01  5.680e-01  5.656e-01  5.614e-01  5.554e-01  5.498e-01  5.437e-01  5.382e-01  5.344e-01  5.305e-01  5.265e-01  5.231e-01  5.198e-01  5.176e-01  5.149e-01  5.124e-01  5.104e-01  5.085e-01  5.066e-01  5.048e-01  5.035e-01  5.021e-01  5.014e-01  5.009e-01  4.998e-01  4.996e-01  4.998e-01  5.000e-01  5.005e-01  5.012e-01  5.014e-01  5.009e-01  5.000e-01  4.994e-01  4.995e-01  4.986e-01  4.964e-01  4.936e-01  4.896e-01  4.847e-01  4.791e-01  4.719e-01  4.631e-01  4.559e-01  4.442e-01  4.300e-01  4.138e-01  3.944e-01  3.724e-01  3.485e-01 	
 5.682e-01  5.682e-01  5.658e-01  5.617e-01  5.557e-01  5.501e-01  5.439e-01  5.385e-01  5.347e-01  5.309e-01  5.269e-01  5.235e-01  5.202e-01  5.180e-01  5.153e-01  5.128e-01  5.108e-01  5.089e-01  5.071e-01  5.053e-01  5.040e-01  5.027e-01  5.020e-01  5.014e-01  5.004e-01  5.002e-01  5.004e-01  5.006e-01  5.011e-01  5.019e-01  5.020e-01  5.015e-01  5.007e-01  5.001e-01  5.003e-01  4.994e-01  4.973e-01  4.946e-01  4.906e-01  4.859e-01  4.804e-01  4.733e-01  4.647e-01  4.576e-01  4.461e-01  4.321e-01  4.161e-01  3.970e-01  3.753e-01  3.515e-01 	
 5.684e-01  5.684e-01  5.661e-01  5.619e-01  5.560e-01  5.504e-01  5.443e-01  5.389e-01  5.351e-01  5.313e-01  5.273e-01  5.239e-01  5.206e-01  5.185e-01  5.158e-01  5.133e-01  5.114e-01  5.095e-01  5.076e-01  5.058e-01  5.046e-01  5.032e-01  5.026e-01  5.020e-01  5.010e-01  5.008e-01  5.010e-01  5.012e-01  5.018e-01  5.026e-01  5.028e-01  5.023e-01  5.015e-01  5.009e-01  5.012e-01  5.003e-01  4.983e-01  4.956e-01  4.918e-01  4.871e-01  4.818e-01  4.749e-01  4.664e-01  4.595e-01  4.482e-01  4.344e-01  4.187e-01  3.997e-01  3.782e-01  3.546e-01 	
 5.689e-01  5.689e-01  5.666e-01  5.625e-01  5.565e-01  5.510e-01  5.449e-01  5.396e-01  5.358e-01  5.320e-01  5.281e-01  5.248e-01  5.215e-01  5.194e-01  5.167e-01  5.143e-01  5.123e-01  5.105e-01  5.087e-01  5.069e-01  5.057e-01  5.044e-01  5.037e-01  5.032e-01  5.022e-01  5.021e-01  5.023e-01  5.025e-01  5.032e-01  5.039e-01  5.041e-01  5.037e-01  5.030e-01  5.025e-01  5.028e-01  5.020e-01  5.001e-01  4.976e-01  4.940e-01  4.896e-01  4.845e-01  4.779e-01  4.698e-01  4.632e-01  4.522e-01  4.389e-01  4.236e-01  4.051e-01  3.841e-01  3.609e-01 	
 5.692e-01  5.692e-01  5.668e-01  5.627e-01  5.568e-01  5.513e-01  5.452e-01  5.399e-01  5.362e-01  5.324e-01  5.285e-01  5.252e-01  5.220e-01  5.199e-01  5.172e-01  5.148e-01  5.128e-01  5.110e-01  5.092e-01  5.075e-01  5.063e-01  5.050e-01  5.043e-01  5.038e-01  5.029e-01  5.027e-01  5.030e-01  5.032e-01  5.039e-01  5.046e-01  5.049e-01  5.045e-01  5.038e-01  5.033e-01  5.036e-01  5.029e-01  5.011e-01  4.986e-01  4.951e-01  4.908e-01  4.859e-01  4.794e-01  4.715e-01  4.650e-01  4.543e-01  4.412e-01  4.262e-01  4.079e-01  3.871e-01  3.642e-01 	
 5.694e-01  5.694e-01  5.671e-01  5.630e-01  5.571e-01  5.516e-01  5.456e-01  5.403e-01  5.366e-01  5.328e-01  5.289e-01  5.256e-01  5.224e-01  5.203e-01  5.177e-01  5.153e-01  5.134e-01  5.115e-01  5.098e-01  5.080e-01  5.069e-01  5.056e-01  5.050e-01  5.045e-01  5.035e-01  5.034e-01  5.036e-01  5.039e-01  5.046e-01  5.053e-01  5.056e-01  5.052e-01  5.046e-01  5.041e-01  5.045e-01  5.038e-01  5.020e-01  4.997e-01  4.962e-01  4.920e-01  4.873e-01  4.810e-01  4.733e-01  4.669e-01  4.564e-01  4.436e-01  4.288e-01  4.108e-01  3.903e-01  3.676e-01 	
 5.697e-01  5.697e-01  5.674e-01  5.633e-01  5.574e-01  5.520e-01  5.459e-01  5.406e-01  5.369e-01  5.332e-01  5.293e-01  5.261e-01  5.229e-01  5.208e-01  5.182e-01  5.158e-01  5.139e-01  5.121e-01  5.103e-01  5.086e-01  5.074e-01  5.062e-01  5.056e-01  5.051e-01  5.042e-01  5.040e-01  5.043e-01  5.046e-01  5.053e-01  5.061e-01  5.064e-01  5.060e-01  5.053e-01  5.049e-01  5.053e-01  5.047e-01  5.030e-01  5.007e-01  4.973e-01  4.933e-01  4.887e-01  4.825e-01  4.750e-01  4.688e-01  4.585e-01  4.460e-01  4.315e-01  4.137e-01  3.935e-01  3.711e-01 	
