 5.341e-09  5.966e-09  6.446e-09  6.850e-09  7.205e-09  7.529e-09  7.829e-09  8.112e-09  8.380e-09  8.635e-09  8.880e-09  9.114e-09  9.340e-09  9.559e-09  9.770e-09  9.975e-09  1.017e-08  1.037e-08  1.056e-08  1.075e-08  1.093e-08  1.111e-08  1.129e-08  1.147e-08  1.164e-08  1.182e-08  1.199e-08  1.216e-08  1.233e-08  1.250e-08  1.267e-08  1.284e-08  1.301e-08  1.319e-08  1.336e-08  1.353e-08  1.370e-08  1.387e-08  1.405e-08  1.422e-08  1.439e-08  1.457e-08  1.474e-08  1.492e-08  1.510e-08  1.528e-08  1.545e-08  1.563e-08  1.581e-08  1.599e-08 	
 1.677e-08  1.873e-08  2.024e-08  2.150e-08  2.262e-08  2.363e-08  2.457e-08  2.546e-08  2.629e-08  2.709e-08  2.786e-08  2.859e-08  2.930e-08  2.998e-08  3.064e-08  3.129e-08  3.191e-08  3.252e-08  3.312e-08  3.370e-08  3.428e-08  3.484e-08  3.540e-08  3.595e-08  3.650e-08  3.705e-08  3.759e-08  3.812e-08  3.866e-08  3.920e-08  3.973e-08  4.026e-08  4.080e-08  4.133e-08  4.186e-08  4.240e-08  4.294e-08  4.347e-08  4.401e-08  4.456e-08  4.510e-08  4.565e-08  4.619e-08  4.674e-08  4.730e-08  4.785e-08  4.841e-08  4.896e-08  4.952e-08  5.009e-08 	
 3.697e-08  4.129e-08  4.460e-08  4.739e-08  4.984e-08  5.207e-08  5.414e-08  5.609e-08  5.794e-08  5.970e-08  6.138e-08  6.300e-08  6.456e-08  6.606e-08  6.751e-08  6.893e-08  7.030e-08  7.164e-08  7.295e-08  7.424e-08  7.550e-08  7.674e-08  7.797e-08  7.919e-08  8.039e-08  8.159e-08  8.277e-08  8.395e-08  8.513e-08  8.630e-08  8.747e-08  8.864e-08  8.981e-08  9.098e-08  9.216e-08  9.333e-08  9.451e-08  9.569e-08  9.687e-08  9.806e-08  9.925e-08  1.004e-07  1.016e-07  1.028e-07  1.041e-07  1.053e-07  1.065e-07  1.077e-07  1.089e-07  1.102e-07 	
 7.239e-08  8.084e-08  8.732e-08  9.276e-08  9.755e-08  1.019e-07  1.060e-07  1.098e-07  1.134e-07  1.168e-07  1.201e-07  1.233e-07  1.263e-07  1.292e-07  1.321e-07  1.348e-07  1.375e-07  1.401e-07  1.427e-07  1.452e-07  1.477e-07  1.501e-07  1.525e-07  1.549e-07  1.572e-07  1.595e-07  1.618e-07  1.641e-07  1.664e-07  1.687e-07  1.710e-07  1.733e-07  1.756e-07  1.778e-07  1.801e-07  1.824e-07  1.847e-07  1.870e-07  1.893e-07  1.916e-07  1.939e-07  1.962e-07  1.986e-07  2.009e-07  2.032e-07  2.056e-07  2.079e-07  2.103e-07  2.127e-07  2.150e-07 	
 1.377e-07  1.538e-07  1.661e-07  1.764e-07  1.856e-07  1.939e-07  2.016e-07  2.088e-07  2.156e-07  2.222e-07  2.284e-07  2.344e-07  2.402e-07  2.457e-07  2.511e-07  2.563e-07  2.614e-07  2.664e-07  2.712e-07  2.760e-07  2.806e-07  2.852e-07  2.898e-07  2.943e-07  2.987e-07  3.031e-07  3.075e-07  3.118e-07  3.162e-07  3.205e-07  3.248e-07  3.291e-07  3.334e-07  3.377e-07  3.420e-07  3.463e-07  3.506e-07  3.550e-07  3.593e-07  3.636e-07  3.680e-07  3.724e-07  3.767e-07  3.811e-07  3.855e-07  3.900e-07  3.944e-07  3.988e-07  4.033e-07  4.077e-07 	
 2.524e-07  2.818e-07  3.043e-07  3.233e-07  3.400e-07  3.551e-07  3.692e-07  3.824e-07  3.949e-07  4.068e-07  4.182e-07  4.292e-07  4.397e-07  4.499e-07  4.597e-07  4.692e-07  4.785e-07  4.875e-07  4.964e-07  5.050e-07  5.135e-07  5.219e-07  5.302e-07  5.384e-07  5.464e-07  5.545e-07  5.624e-07  5.703e-07  5.782e-07  5.861e-07  5.939e-07  6.017e-07  6.095e-07  6.173e-07  6.251e-07  6.330e-07  6.408e-07  6.486e-07  6.565e-07  6.643e-07  6.722e-07  6.801e-07  6.881e-07  6.960e-07  7.040e-07  7.119e-07  7.199e-07  7.280e-07  7.360e-07  7.440e-07 	
 4.636e-07  5.176e-07  5.590e-07  5.937e-07  6.242e-07  6.519e-07  6.777e-07  7.018e-07  7.247e-07  7.465e-07  7.674e-07  7.874e-07  8.066e-07  8.252e-07  8.431e-07  8.605e-07  8.774e-07  8.939e-07  9.100e-07  9.258e-07  9.413e-07  9.566e-07  9.716e-07  9.865e-07  1.001e-06  1.016e-06  1.030e-06  1.045e-06  1.059e-06  1.073e-06  1.087e-06  1.102e-06  1.116e-06  1.130e-06  1.144e-06  1.158e-06  1.172e-06  1.187e-06  1.201e-06  1.215e-06  1.229e-06  1.243e-06  1.258e-06  1.272e-06  1.286e-06  1.301e-06  1.315e-06  1.329e-06  1.344e-06  1.358e-06 	
 8.516e-07  9.504e-07  1.026e-06  1.090e-06  1.146e-06  1.197e-06  1.244e-06  1.288e-06  1.330e-06  1.369e-06  1.407e-06  1.444e-06  1.479e-06  1.513e-06  1.545e-06  1.577e-06  1.608e-06  1.638e-06  1.667e-06  1.696e-06  1.724e-06  1.752e-06  1.779e-06  1.806e-06  1.833e-06  1.859e-06  1.885e-06  1.911e-06  1.937e-06  1.963e-06  1.988e-06  2.014e-06  2.040e-06  2.065e-06  2.090e-06  2.116e-06  2.141e-06  2.167e-06  2.192e-06  2.218e-06  2.243e-06  2.269e-06  2.294e-06  2.320e-06  2.346e-06  2.371e-06  2.397e-06  2.422e-06  2.448e-06  2.474e-06 	
 1.545e-06  1.723e-06  1.860e-06  1.974e-06  2.075e-06  2.166e-06  2.251e-06  2.330e-06  2.406e-06  2.477e-06  2.546e-06  2.611e-06  2.674e-06  2.735e-06  2.793e-06  2.850e-06  2.905e-06  2.959e-06  3.011e-06  3.062e-06  3.113e-06  3.162e-06  3.211e-06  3.259e-06  3.306e-06  3.353e-06  3.400e-06  3.446e-06  3.492e-06  3.537e-06  3.583e-06  3.628e-06  3.673e-06  3.718e-06  3.763e-06  3.808e-06  3.853e-06  3.898e-06  3.942e-06  3.987e-06  4.032e-06  4.077e-06  4.121e-06  4.166e-06  4.211e-06  4.255e-06  4.300e-06  4.345e-06  4.389e-06  4.434e-06 	
 2.922e-06  3.258e-06  3.515e-06  3.730e-06  3.919e-06  4.091e-06  4.250e-06  4.398e-06  4.539e-06  4.673e-06  4.801e-06  4.923e-06  5.040e-06  5.153e-06  5.262e-06  5.367e-06  5.470e-06  5.569e-06  5.666e-06  5.761e-06  5.854e-06  5.945e-06  6.035e-06  6.123e-06  6.211e-06  6.297e-06  6.383e-06  6.467e-06  6.551e-06  6.635e-06  6.718e-06  6.800e-06  6.883e-06  6.965e-06  7.046e-06  7.128e-06  7.209e-06  7.290e-06  7.371e-06  7.451e-06  7.532e-06  7.612e-06  7.693e-06  7.773e-06  7.853e-06  7.932e-06  8.012e-06  8.092e-06  8.171e-06  8.250e-06 	
 5.507e-06  6.136e-06  6.616e-06  7.018e-06  7.371e-06  7.690e-06  7.985e-06  8.261e-06  8.522e-06  8.770e-06  9.006e-06  9.231e-06  9.448e-06  9.656e-06  9.856e-06  1.005e-05  1.024e-05  1.042e-05  1.060e-05  1.077e-05  1.094e-05  1.111e-05  1.127e-05  1.143e-05  1.159e-05  1.175e-05  1.190e-05  1.205e-05  1.220e-05  1.235e-05  1.250e-05  1.265e-05  1.280e-05  1.294e-05  1.309e-05  1.323e-05  1.338e-05  1.352e-05  1.366e-05  1.381e-05  1.395e-05  1.409e-05  1.423e-05  1.437e-05  1.451e-05  1.465e-05  1.479e-05  1.493e-05  1.506e-05  1.520e-05 	
 1.032e-05  1.149e-05  1.238e-05  1.313e-05  1.378e-05  1.436e-05  1.491e-05  1.541e-05  1.589e-05  1.635e-05  1.678e-05  1.719e-05  1.758e-05  1.796e-05  1.832e-05  1.867e-05  1.901e-05  1.934e-05  1.966e-05  1.997e-05  2.027e-05  2.057e-05  2.086e-05  2.114e-05  2.142e-05  2.170e-05  2.197e-05  2.224e-05  2.250e-05  2.276e-05  2.302e-05  2.328e-05  2.353e-05  2.379e-05  2.404e-05  2.428e-05  2.453e-05  2.477e-05  2.502e-05  2.526e-05  2.550e-05  2.574e-05  2.597e-05  2.621e-05  2.644e-05  2.667e-05  2.690e-05  2.713e-05  2.736e-05  2.758e-05 	
 2.018e-05  2.243e-05  2.415e-05  2.557e-05  2.681e-05  2.793e-05  2.896e-05  2.992e-05  3.082e-05  3.167e-05  3.248e-05  3.325e-05  3.399e-05  3.469e-05  3.536e-05  3.601e-05  3.663e-05  3.723e-05  3.782e-05  3.838e-05  3.893e-05  3.947e-05  3.999e-05  4.050e-05  4.100e-05  4.149e-05  4.197e-05  4.245e-05  4.291e-05  4.337e-05  4.382e-05  4.427e-05  4.471e-05  4.514e-05  4.557e-05  4.599e-05  4.641e-05  4.682e-05  4.723e-05  4.763e-05  4.803e-05  4.843e-05  4.882e-05  4.920e-05  4.959e-05  4.996e-05  5.034e-05  5.071e-05  5.108e-05  5.144e-05 	
 3.876e-05  4.301e-05  4.622e-05  4.887e-05  5.118e-05  5.325e-05  5.514e-05  5.691e-05  5.855e-05  6.011e-05  6.157e-05  6.296e-05  6.428e-05  6.553e-05  6.673e-05  6.787e-05  6.897e-05  7.002e-05  7.103e-05  7.201e-05  7.295e-05  7.387e-05  7.475e-05  7.562e-05  7.645e-05  7.727e-05  7.806e-05  7.884e-05  7.960e-05  8.034e-05  8.106e-05  8.178e-05  8.247e-05  8.315e-05  8.382e-05  8.448e-05  8.512e-05  8.576e-05  8.638e-05  8.699e-05  8.759e-05  8.818e-05  8.876e-05  8.933e-05  8.989e-05  9.045e-05  9.099e-05  9.152e-05  9.205e-05  9.256e-05 	
 7.504e-05  8.304e-05  8.903e-05  9.394e-05  9.818e-05  1.020e-04  1.054e-04  1.086e-04  1.115e-04  1.143e-04  1.169e-04  1.193e-04  1.216e-04  1.237e-04  1.258e-04  1.277e-04  1.296e-04  1.313e-04  1.330e-04  1.345e-04  1.361e-04  1.375e-04  1.389e-04  1.402e-04  1.415e-04  1.428e-04  1.439e-04  1.451e-04  1.462e-04  1.473e-04  1.483e-04  1.493e-04  1.503e-04  1.512e-04  1.521e-04  1.530e-04  1.538e-04  1.547e-04  1.555e-04  1.562e-04  1.570e-04  1.577e-04  1.585e-04  1.591e-04  1.598e-04  1.605e-04  1.611e-04  1.617e-04  1.623e-04  1.629e-04 	
 1.477e-04  1.628e-04  1.740e-04  1.831e-04  1.908e-04  1.976e-04  2.038e-04  2.094e-04  2.145e-04  2.193e-04  2.237e-04  2.277e-04  2.315e-04  2.350e-04  2.383e-04  2.413e-04  2.442e-04  2.468e-04  2.493e-04  2.516e-04  2.537e-04  2.558e-04  2.577e-04  2.594e-04  2.611e-04  2.627e-04  2.641e-04  2.655e-04  2.668e-04  2.680e-04  2.692e-04  2.702e-04  2.712e-04  2.722e-04  2.731e-04  2.739e-04  2.747e-04  2.754e-04  2.761e-04  2.767e-04  2.773e-04  2.779e-04  2.784e-04  2.789e-04  2.793e-04  2.797e-04  2.801e-04  2.805e-04  2.808e-04  2.812e-04 	
 2.869e-04  3.144e-04  3.344e-04  3.503e-04  3.635e-04  3.750e-04  3.851e-04  3.941e-04  4.023e-04  4.096e-04  4.162e-04  4.221e-04  4.275e-04  4.324e-04  4.367e-04  4.406e-04  4.441e-04  4.472e-04  4.500e-04  4.524e-04  4.546e-04  4.565e-04  4.582e-04  4.596e-04  4.608e-04  4.619e-04  4.627e-04  4.635e-04  4.640e-04  4.644e-04  4.647e-04  4.649e-04  4.650e-04  4.650e-04  4.649e-04  4.647e-04  4.644e-04  4.641e-04  4.637e-04  4.632e-04  4.627e-04  4.622e-04  4.616e-04  4.609e-04  4.603e-04  4.596e-04  4.589e-04  4.581e-04  4.574e-04  4.566e-04 	
 5.598e-04  6.081e-04  6.420e-04  6.680e-04  6.890e-04  7.064e-04  7.211e-04  7.337e-04  7.444e-04  7.536e-04  7.614e-04  7.680e-04  7.734e-04  7.778e-04  7.813e-04  7.841e-04  7.860e-04  7.874e-04  7.881e-04  7.883e-04  7.880e-04  7.874e-04  7.863e-04  7.849e-04  7.832e-04  7.813e-04  7.791e-04  7.767e-04  7.742e-04  7.714e-04  7.686e-04  7.656e-04  7.625e-04  7.593e-04  7.561e-04  7.528e-04  7.495e-04  7.461e-04  7.427e-04  7.393e-04  7.359e-04  7.325e-04  7.291e-04  7.257e-04  7.224e-04  7.191e-04  7.158e-04  7.125e-04  7.093e-04  7.062e-04 	
 1.079e-03  1.157e-03  1.208e-03  1.244e-03  1.271e-03  1.291e-03  1.307e-03  1.318e-03  1.326e-03  1.331e-03  1.335e-03  1.336e-03  1.335e-03  1.333e-03  1.329e-03  1.324e-03  1.319e-03  1.312e-03  1.305e-03  1.297e-03  1.289e-03  1.280e-03  1.271e-03  1.262e-03  1.252e-03  1.243e-03  1.233e-03  1.223e-03  1.213e-03  1.203e-03  1.194e-03  1.184e-03  1.174e-03  1.165e-03  1.155e-03  1.146e-03  1.136e-03  1.127e-03  1.118e-03  1.110e-03  1.101e-03  1.093e-03  1.085e-03  1.077e-03  1.069e-03  1.061e-03  1.054e-03  1.046e-03  1.039e-03  1.032e-03 	
 2.039e-03  2.143e-03  2.200e-03  2.232e-03  2.248e-03  2.254e-03  2.252e-03  2.245e-03  2.234e-03  2.220e-03  2.202e-03  2.183e-03  2.162e-03  2.140e-03  2.117e-03  2.093e-03  2.069e-03  2.044e-03  2.019e-03  1.994e-03  1.969e-03  1.944e-03  1.920e-03  1.896e-03  1.872e-03  1.849e-03  1.826e-03  1.804e-03  1.782e-03  1.761e-03  1.740e-03  1.720e-03  1.700e-03  1.681e-03  1.662e-03  1.644e-03  1.627e-03  1.610e-03  1.593e-03  1.577e-03  1.562e-03  1.547e-03  1.533e-03  1.519e-03  1.505e-03  1.492e-03  1.480e-03  1.468e-03  1.456e-03  1.445e-03 	
 3.726e-03  3.801e-03  3.808e-03  3.784e-03  3.742e-03  3.690e-03  3.633e-03  3.573e-03  3.511e-03  3.449e-03  3.387e-03  3.325e-03  3.263e-03  3.203e-03  3.144e-03  3.086e-03  3.030e-03  2.976e-03  2.923e-03  2.871e-03  2.822e-03  2.774e-03  2.728e-03  2.683e-03  2.640e-03  2.599e-03  2.559e-03  2.521e-03  2.484e-03  2.448e-03  2.414e-03  2.381e-03  2.350e-03  2.320e-03  2.291e-03  2.263e-03  2.236e-03  2.211e-03  2.186e-03  2.163e-03  2.140e-03  2.119e-03  2.098e-03  2.078e-03  2.059e-03  2.041e-03  2.024e-03  2.008e-03  1.992e-03  1.977e-03 	
 6.389e-03  6.272e-03  6.103e-03  5.922e-03  5.743e-03  5.570e-03  5.405e-03  5.248e-03  5.100e-03  4.961e-03  4.828e-03  4.703e-03  4.585e-03  4.472e-03  4.366e-03  4.265e-03  4.169e-03  4.078e-03  3.992e-03  3.910e-03  3.833e-03  3.759e-03  3.689e-03  3.622e-03  3.559e-03  3.499e-03  3.442e-03  3.387e-03  3.336e-03  3.286e-03  3.240e-03  3.195e-03  3.153e-03  3.112e-03  3.074e-03  3.037e-03  3.003e-03  2.970e-03  2.938e-03  2.908e-03  2.880e-03  2.853e-03  2.827e-03  2.803e-03  2.779e-03  2.757e-03  2.737e-03  2.717e-03  2.698e-03  2.680e-03 	
 1.001e-02  9.428e-03  8.919e-03  8.473e-03  8.081e-03  7.734e-03  7.424e-03  7.145e-03  6.892e-03  6.661e-03  6.450e-03  6.256e-03  6.077e-03  5.910e-03  5.756e-03  5.612e-03  5.478e-03  5.353e-03  5.236e-03  5.126e-03  5.023e-03  4.926e-03  4.835e-03  4.750e-03  4.669e-03  4.593e-03  4.522e-03  4.454e-03  4.390e-03  4.330e-03  4.273e-03  4.219e-03  4.169e-03  4.121e-03  4.075e-03  4.032e-03  3.992e-03  3.953e-03  3.917e-03  3.883e-03  3.851e-03  3.820e-03  3.791e-03  3.764e-03  3.739e-03  3.714e-03  3.692e-03  3.670e-03  3.650e-03  3.631e-03 	
 1.414e-02  1.287e-02  1.192e-02  1.116e-02  1.053e-02  1.000e-02  9.549e-03  9.152e-03  8.802e-03  8.490e-03  8.210e-03  7.957e-03  7.726e-03  7.516e-03  7.323e-03  7.145e-03  6.981e-03  6.829e-03  6.689e-03  6.558e-03  6.436e-03  6.323e-03  6.217e-03  6.118e-03  6.025e-03  5.938e-03  5.857e-03  5.780e-03  5.709e-03  5.642e-03  5.578e-03  5.519e-03  5.463e-03  5.411e-03  5.362e-03  5.316e-03  5.272e-03  5.232e-03  5.193e-03  5.157e-03  5.124e-03  5.092e-03  5.063e-03  5.035e-03  5.010e-03  4.985e-03  4.963e-03  4.942e-03  4.923e-03  4.904e-03 	
 1.835e-02  1.631e-02  1.491e-02  1.386e-02  1.303e-02  1.235e-02  1.178e-02  1.128e-02  1.086e-02  1.048e-02  1.015e-02  9.856e-03  9.589e-03  9.347e-03  9.127e-03  8.926e-03  8.742e-03  8.573e-03  8.417e-03  8.273e-03  8.139e-03  8.016e-03  7.901e-03  7.794e-03  7.695e-03  7.602e-03  7.516e-03  7.435e-03  7.360e-03  7.290e-03  7.225e-03  7.164e-03  7.106e-03  7.053e-03  7.004e-03  6.957e-03  6.914e-03  6.874e-03  6.837e-03  6.802e-03  6.770e-03  6.740e-03  6.713e-03  6.687e-03  6.664e-03  6.642e-03  6.623e-03  6.605e-03  6.588e-03  6.573e-03 	
 2.253e-02  1.977e-02  1.798e-02  1.669e-02  1.569e-02  1.488e-02  1.422e-02  1.365e-02  1.317e-02  1.275e-02  1.238e-02  1.205e-02  1.176e-02  1.150e-02  1.126e-02  1.104e-02  1.085e-02  1.067e-02  1.050e-02  1.035e-02  1.021e-02  1.008e-02  9.963e-03  9.853e-03  9.751e-03  9.657e-03  9.570e-03  9.489e-03  9.414e-03  9.344e-03  9.280e-03  9.220e-03  9.165e-03  9.114e-03  9.067e-03  9.024e-03  8.984e-03  8.947e-03  8.913e-03  8.882e-03  8.854e-03  8.829e-03  8.806e-03  8.785e-03  8.767e-03  8.750e-03  8.735e-03  8.723e-03  8.711e-03  8.702e-03 	
 2.720e-02  2.373e-02  2.157e-02  2.004e-02  1.888e-02  1.796e-02  1.720e-02  1.657e-02  1.604e-02  1.557e-02  1.517e-02  1.481e-02  1.450e-02  1.421e-02  1.396e-02  1.373e-02  1.352e-02  1.333e-02  1.316e-02  1.300e-02  1.286e-02  1.273e-02  1.261e-02  1.249e-02  1.239e-02  1.230e-02  1.221e-02  1.213e-02  1.206e-02  1.199e-02  1.193e-02  1.187e-02  1.182e-02  1.177e-02  1.173e-02  1.169e-02  1.165e-02  1.162e-02  1.159e-02  1.157e-02  1.155e-02  1.153e-02  1.151e-02  1.150e-02  1.148e-02  1.147e-02  1.147e-02  1.146e-02  1.146e-02  1.145e-02 	
 3.331e-02  2.901e-02  2.641e-02  2.460e-02  2.325e-02  2.218e-02  2.132e-02  2.061e-02  2.000e-02  1.949e-02  1.904e-02  1.864e-02  1.830e-02  1.799e-02  1.771e-02  1.746e-02  1.724e-02  1.704e-02  1.685e-02  1.669e-02  1.654e-02  1.640e-02  1.627e-02  1.616e-02  1.606e-02  1.596e-02  1.587e-02  1.580e-02  1.572e-02  1.566e-02  1.560e-02  1.555e-02  1.550e-02  1.546e-02  1.542e-02  1.539e-02  1.536e-02  1.533e-02  1.531e-02  1.529e-02  1.528e-02  1.527e-02  1.526e-02  1.525e-02  1.525e-02  1.525e-02  1.525e-02  1.525e-02  1.526e-02  1.527e-02 	
 4.213e-02  3.672e-02  3.352e-02  3.132e-02  2.970e-02  2.843e-02  2.741e-02  2.657e-02  2.587e-02  2.527e-02  2.475e-02  2.430e-02  2.391e-02  2.356e-02  2.325e-02  2.297e-02  2.273e-02  2.250e-02  2.230e-02  2.212e-02  2.196e-02  2.181e-02  2.168e-02  2.156e-02  2.145e-02  2.135e-02  2.127e-02  2.119e-02  2.112e-02  2.105e-02  2.100e-02  2.095e-02  2.091e-02  2.087e-02  2.084e-02  2.081e-02  2.079e-02  2.078e-02  2.077e-02  2.076e-02  2.075e-02  2.075e-02  2.076e-02  2.076e-02  2.077e-02  2.078e-02  2.080e-02  2.081e-02  2.083e-02  2.085e-02 	
 5.501e-02  4.804e-02  4.398e-02  4.123e-02  3.921e-02  3.765e-02  3.640e-02  3.538e-02  3.453e-02  3.381e-02  3.319e-02  3.266e-02  3.219e-02  3.178e-02  3.142e-02  3.110e-02  3.081e-02  3.056e-02  3.033e-02  3.013e-02  2.995e-02  2.979e-02  2.964e-02  2.951e-02  2.939e-02  2.929e-02  2.920e-02  2.912e-02  2.905e-02  2.899e-02  2.894e-02  2.889e-02  2.886e-02  2.883e-02  2.881e-02  2.879e-02  2.878e-02  2.878e-02  2.878e-02  2.878e-02  2.879e-02  2.880e-02  2.882e-02  2.884e-02  2.887e-02  2.890e-02  2.893e-02  2.896e-02  2.900e-02  2.904e-02 	
 7.378e-02  6.457e-02  5.928e-02  5.572e-02  5.313e-02  5.114e-02  4.956e-02  4.828e-02  4.721e-02  4.631e-02  4.555e-02  4.489e-02  4.432e-02  4.382e-02  4.338e-02  4.299e-02  4.265e-02  4.235e-02  4.208e-02  4.184e-02  4.163e-02  4.145e-02  4.128e-02  4.114e-02  4.101e-02  4.090e-02  4.080e-02  4.072e-02  4.065e-02  4.059e-02  4.054e-02  4.050e-02  4.047e-02  4.045e-02  4.044e-02  4.044e-02  4.044e-02  4.046e-02  4.047e-02  4.050e-02  4.053e-02  4.056e-02  4.060e-02  4.064e-02  4.069e-02  4.075e-02  4.080e-02  4.086e-02  4.092e-02  4.099e-02 	
 1.013e-01  8.882e-02  8.174e-02  7.701e-02  7.359e-02  7.097e-02  6.890e-02  6.723e-02  6.585e-02  6.469e-02  6.370e-02  6.286e-02  6.213e-02  6.150e-02  6.095e-02  6.047e-02  6.004e-02  5.967e-02  5.934e-02  5.905e-02  5.880e-02  5.857e-02  5.838e-02  5.821e-02  5.806e-02  5.794e-02  5.783e-02  5.774e-02  5.767e-02  5.762e-02  5.757e-02  5.754e-02  5.753e-02  5.752e-02  5.753e-02  5.754e-02  5.757e-02  5.760e-02  5.764e-02  5.769e-02  5.775e-02  5.782e-02  5.789e-02  5.796e-02  5.805e-02  5.813e-02  5.822e-02  5.832e-02  5.842e-02  5.852e-02 	
 1.416e-01  1.245e-01  1.148e-01  1.083e-01  1.037e-01  1.002e-01  9.739e-02  9.515e-02  9.331e-02  9.177e-02  9.047e-02  8.935e-02  8.840e-02  8.757e-02  8.686e-02  8.623e-02  8.569e-02  8.521e-02  8.479e-02  8.443e-02  8.411e-02  8.383e-02  8.360e-02  8.339e-02  8.322e-02  8.307e-02  8.295e-02  8.286e-02  8.278e-02  8.273e-02  8.269e-02  8.268e-02  8.268e-02  8.269e-02  8.272e-02  8.276e-02  8.282e-02  8.288e-02  8.296e-02  8.305e-02  8.315e-02  8.326e-02  8.338e-02  8.350e-02  8.363e-02  8.377e-02  8.391e-02  8.406e-02  8.422e-02  8.437e-02 	
 2.011e-01  1.770e-01  1.635e-01  1.546e-01  1.482e-01  1.433e-01  1.395e-01  1.364e-01  1.339e-01  1.318e-01  1.300e-01  1.285e-01  1.272e-01  1.261e-01  1.252e-01  1.243e-01  1.236e-01  1.230e-01  1.224e-01  1.220e-01  1.216e-01  1.212e-01  1.209e-01  1.207e-01  1.204e-01  1.203e-01  1.201e-01  1.200e-01  1.199e-01  1.199e-01  1.199e-01  1.199e-01  1.199e-01  1.199e-01  1.200e-01  1.201e-01  1.202e-01  1.203e-01  1.204e-01  1.206e-01  1.207e-01  1.209e-01  1.211e-01  1.213e-01  1.215e-01  1.217e-01  1.219e-01  1.222e-01  1.224e-01  1.226e-01 	
 2.886e-01  2.545e-01  2.354e-01  2.228e-01  2.138e-01  2.070e-01  2.016e-01  1.974e-01  1.939e-01  1.910e-01  1.885e-01  1.864e-01  1.847e-01  1.832e-01  1.818e-01  1.807e-01  1.797e-01  1.789e-01  1.782e-01  1.775e-01  1.770e-01  1.765e-01  1.761e-01  1.758e-01  1.755e-01  1.753e-01  1.752e-01  1.750e-01  1.750e-01  1.749e-01  1.749e-01  1.749e-01  1.750e-01  1.751e-01  1.752e-01  1.754e-01  1.755e-01  1.757e-01  1.759e-01  1.762e-01  1.764e-01  1.767e-01  1.770e-01  1.773e-01  1.776e-01  1.779e-01  1.782e-01  1.786e-01  1.789e-01  1.793e-01 	
 4.168e-01  3.680e-01  3.408e-01  3.229e-01  3.101e-01  3.005e-01  2.930e-01  2.870e-01  2.820e-01  2.780e-01  2.745e-01  2.717e-01  2.692e-01  2.671e-01  2.653e-01  2.637e-01  2.624e-01  2.612e-01  2.602e-01  2.594e-01  2.586e-01  2.580e-01  2.575e-01  2.571e-01  2.567e-01  2.565e-01  2.563e-01  2.561e-01  2.561e-01  2.560e-01  2.561e-01  2.561e-01  2.563e-01  2.564e-01  2.566e-01  2.569e-01  2.571e-01  2.574e-01  2.578e-01  2.581e-01  2.585e-01  2.589e-01  2.594e-01  2.598e-01  2.603e-01  2.608e-01  2.613e-01  2.618e-01  2.623e-01  2.629e-01 	
 6.037e-01  5.336e-01  4.946e-01  4.691e-01  4.509e-01  4.373e-01  4.266e-01  4.181e-01  4.111e-01  4.053e-01  4.005e-01  3.965e-01  3.930e-01  3.901e-01  3.876e-01  3.854e-01  3.835e-01  3.819e-01  3.805e-01  3.794e-01  3.784e-01  3.775e-01  3.768e-01  3.763e-01  3.758e-01  3.755e-01  3.753e-01  3.751e-01  3.751e-01  3.751e-01  3.751e-01  3.753e-01  3.755e-01  3.758e-01  3.761e-01  3.765e-01  3.769e-01  3.774e-01  3.779e-01  3.784e-01  3.790e-01  3.797e-01  3.803e-01  3.810e-01  3.817e-01  3.825e-01  3.832e-01  3.840e-01  3.848e-01  3.856e-01 	
 8.785e-01  7.773e-01  7.213e-01  6.847e-01  6.587e-01  6.391e-01  6.239e-01  6.117e-01  6.018e-01  5.936e-01  5.868e-01  5.810e-01  5.762e-01  5.720e-01  5.685e-01  5.654e-01  5.628e-01  5.606e-01  5.587e-01  5.570e-01  5.557e-01  5.545e-01  5.536e-01  5.529e-01  5.523e-01  5.518e-01  5.516e-01  5.514e-01  5.514e-01  5.514e-01  5.516e-01  5.519e-01  5.522e-01  5.527e-01  5.532e-01  5.538e-01  5.544e-01  5.552e-01  5.559e-01  5.568e-01  5.577e-01  5.586e-01  5.596e-01  5.607e-01  5.617e-01  5.628e-01  5.640e-01  5.651e-01  5.663e-01  5.675e-01 	
 9.900e-01  9.900e-01  9.900e-01  9.900e-01  9.642e-01  9.361e-01  9.142e-01  8.968e-01  8.827e-01  8.710e-01  8.613e-01  8.531e-01  8.462e-01  8.403e-01  8.353e-01  8.310e-01  8.273e-01  8.242e-01  8.215e-01  8.193e-01  8.174e-01  8.158e-01  8.146e-01  8.136e-01  8.128e-01  8.122e-01  8.119e-01  8.117e-01  8.118e-01  8.119e-01  8.122e-01  8.127e-01  8.133e-01  8.140e-01  8.148e-01  8.157e-01  8.167e-01  8.178e-01  8.190e-01  8.203e-01  8.217e-01  8.231e-01  8.246e-01  8.261e-01  8.278e-01  8.294e-01  8.311e-01  8.328e-01  8.346e-01  8.364e-01 	
 9.900e-01  9.900e-01  9.900e-01  9.900e-01  9.900e-01  9.900e-01  9.900e-01  9.900e-01  9.900e-01  9.900e-01  9.900e-01  9.900e-01  9.900e-01  9.900e-01  9.900e-01  9.900e-01  9.900e-01  9.900e-01  9.900e-01  9.900e-01  9.900e-01  9.900e-01  9.900e-01  9.900e-01  9.900e-01  9.900e-01  9.900e-01  9.900e-01  9.900e-01  9.900e-01  9.900e-01  9.900e-01  9.900e-01  9.900e-01  9.900e-01  9.900e-01  9.900e-01  9.900e-01  9.900e-01  9.900e-01  9.900e-01  9.900e-01  9.900e-01  9.900e-01  9.900e-01  9.900e-01  9.900e-01  9.900e-01  9.900e-01  9.900e-01 	
 9.900e-01  9.900e-01  9.900e-01  9.900e-01  9.900e-01  9.900e-01  9.900e-01  9.900e-01  9.900e-01  9.900e-01  9.900e-01  9.900e-01  9.900e-01  9.900e-01  9.900e-01  9.900e-01  9.900e-01  9.900e-01  9.900e-01  9.900e-01  9.900e-01  9.900e-01  9.900e-01  9.900e-01  9.900e-01  9.900e-01  9.900e-01  9.900e-01  9.900e-01  9.900e-01  9.900e-01  9.900e-01  9.900e-01  9.900e-01  9.900e-01  9.900e-01  9.900e-01  9.900e-01  9.900e-01  9.900e-01  9.900e-01  9.900e-01  9.900e-01  9.900e-01  9.900e-01  9.900e-01  9.900e-01  9.900e-01  9.900e-01  9.900e-01 	
 9.900e-01  9.900e-01  9.900e-01  9.900e-01  9.900e-01  9.900e-01  9.900e-01  9.900e-01  9.900e-01  9.900e-01  9.900e-01  9.900e-01  9.900e-01  9.900e-01  9.900e-01  9.900e-01  9.900e-01  9.900e-01  9.900e-01  9.900e-01  9.900e-01  9.900e-01  9.900e-01  9.900e-01  9.900e-01  9.900e-01  9.900e-01  9.900e-01  9.900e-01  9.900e-01  9.900e-01  9.900e-01  9.900e-01  9.900e-01  9.900e-01  9.900e-01  9.900e-01  9.900e-01  9.900e-01  9.900e-01  9.900e-01  9.900e-01  9.900e-01  9.900e-01  9.900e-01  9.900e-01  9.900e-01  9.900e-01  9.900e-01  9.900e-01 	
 9.900e-01  9.900e-01  9.900e-01  9.900e-01  9.900e-01  9.900e-01  9.900e-01  9.900e-01  9.900e-01  9.900e-01  9.900e-01  9.900e-01  9.900e-01  9.900e-01  9.900e-01  9.900e-01  9.900e-01  9.900e-01  9.900e-01  9.900e-01  9.900e-01  9.900e-01  9.900e-01  9.900e-01  9.900e-01  9.900e-01  9.900e-01  9.900e-01  9.900e-01  9.900e-01  9.900e-01  9.900e-01  9.900e-01  9.900e-01  9.900e-01  9.900e-01  9.900e-01  9.900e-01  9.900e-01  9.900e-01  9.900e-01  9.900e-01  9.900e-01  9.900e-01  9.900e-01  9.900e-01  9.900e-01  9.900e-01  9.900e-01  9.900e-01 	
 9.900e-01  9.900e-01  9.900e-01  9.900e-01  9.900e-01  9.900e-01  9.900e-01  9.900e-01  9.900e-01  9.900e-01  9.900e-01  9.900e-01  9.900e-01  9.900e-01  9.900e-01  9.900e-01  9.900e-01  9.900e-01  9.900e-01  9.900e-01  9.900e-01  9.900e-01  9.900e-01  9.900e-01  9.900e-01  9.900e-01  9.900e-01  9.900e-01  9.900e-01  9.900e-01  9.900e-01  9.900e-01  9.900e-01  9.900e-01  9.900e-01  9.900e-01  9.900e-01  9.900e-01  9.900e-01  9.900e-01  9.900e-01  9.900e-01  9.900e-01  9.900e-01  9.900e-01  9.900e-01  9.900e-01  9.900e-01  9.900e-01  9.900e-01 	
 9.900e-01  9.900e-01  9.900e-01  9.900e-01  9.900e-01  9.900e-01  9.900e-01  9.900e-01  9.900e-01  9.900e-01  9.900e-01  9.900e-01  9.900e-01  9.900e-01  9.900e-01  9.900e-01  9.900e-01  9.900e-01  9.900e-01  9.900e-01  9.900e-01  9.900e-01  9.900e-01  9.900e-01  9.900e-01  9.900e-01  9.900e-01  9.900e-01  9.900e-01  9.900e-01  9.900e-01  9.900e-01  9.900e-01  9.900e-01  9.900e-01  9.900e-01  9.900e-01  9.900e-01  9.900e-01  9.900e-01  9.900e-01  9.900e-01  9.900e-01  9.900e-01  9.900e-01  9.900e-01  9.900e-01  9.900e-01  9.900e-01  9.900e-01 	
 9.900e-01  9.900e-01  9.900e-01  9.900e-01  9.900e-01  9.900e-01  9.900e-01  9.900e-01  9.900e-01  9.900e-01  9.900e-01  9.900e-01  9.900e-01  9.900e-01  9.900e-01  9.900e-01  9.900e-01  9.900e-01  9.900e-01  9.900e-01  9.900e-01  9.900e-01  9.900e-01  9.900e-01  9.900e-01  9.900e-01  9.900e-01  9.900e-01  9.900e-01  9.900e-01  9.900e-01  9.900e-01  9.900e-01  9.900e-01  9.900e-01  9.900e-01  9.900e-01  9.900e-01  9.900e-01  9.900e-01  9.900e-01  9.900e-01  9.900e-01  9.900e-01  9.900e-01  9.900e-01  9.900e-01  9.900e-01  9.900e-01  9.900e-01 	
 9.900e-01  9.900e-01  9.900e-01  9.900e-01  9.900e-01  9.900e-01  9.900e-01  9.900e-01  9.900e-01  9.900e-01  9.900e-01  9.900e-01  9.900e-01  9.900e-01  9.900e-01  9.900e-01  9.900e-01  9.900e-01  9.900e-01  9.900e-01  9.900e-01  9.900e-01  9.900e-01  9.900e-01  9.900e-01  9.900e-01  9.900e-01  9.900e-01  9.900e-01  9.900e-01  9.900e-01  9.900e-01  9.900e-01  9.900e-01  9.900e-01  9.900e-01  9.900e-01  9.900e-01  9.900e-01  9.900e-01  9.900e-01  9.900e-01  9.900e-01  9.900e-01  9.900e-01  9.900e-01  9.900e-01  9.900e-01  9.900e-01  9.900e-01 	
 9.900e-01  9.900e-01  9.900e-01  9.900e-01  9.900e-01  9.900e-01  9.900e-01  9.900e-01  9.900e-01  9.900e-01  9.900e-01  9.900e-01  9.900e-01  9.900e-01  9.900e-01  9.900e-01  9.900e-01  9.900e-01  9.900e-01  9.900e-01  9.900e-01  9.900e-01  9.900e-01  9.900e-01  9.900e-01  9.900e-01  9.900e-01  9.900e-01  9.900e-01  9.900e-01  9.900e-01  9.900e-01  9.900e-01  9.900e-01  9.900e-01  9.900e-01  9.900e-01  9.900e-01  9.900e-01  9.900e-01  9.900e-01  9.900e-01  9.900e-01  9.900e-01  9.900e-01  9.900e-01  9.900e-01  9.900e-01  9.900e-01  9.900e-01 	
 9.900e-01  9.900e-01  9.900e-01  9.900e-01  9.900e-01  9.900e-01  9.900e-01  9.900e-01  9.900e-01  9.900e-01  9.900e-01  9.900e-01  9.900e-01  9.900e-01  9.900e-01  9.900e-01  9.900e-01  9.900e-01  9.900e-01  9.900e-01  9.900e-01  9.900e-01  9.900e-01  9.900e-01  9.900e-01  9.900e-01  9.900e-01  9.900e-01  9.900e-01  9.900e-01  9.900e-01  9.900e-01  9.900e-01  9.900e-01  9.900e-01  9.900e-01  9.900e-01  9.900e-01  9.900e-01  9.900e-01  9.900e-01  9.900e-01  9.900e-01  9.900e-01  9.900e-01  9.900e-01  9.900e-01  9.900e-01  9.900e-01  9.900e-01 	
 9.900e-01  9.900e-01  9.900e-01  9.900e-01  9.900e-01  9.900e-01  9.900e-01  9.900e-01  9.900e-01  9.900e-01  9.900e-01  9.900e-01  9.900e-01  9.900e-01  9.900e-01  9.900e-01  9.900e-01  9.900e-01  9.900e-01  9.900e-01  9.900e-01  9.900e-01  9.900e-01  9.900e-01  9.900e-01  9.900e-01  9.900e-01  9.900e-01  9.900e-01  9.900e-01  9.900e-01  9.900e-01  9.900e-01  9.900e-01  9.900e-01  9.900e-01  9.900e-01  9.900e-01  9.900e-01  9.900e-01  9.900e-01  9.900e-01  9.900e-01  9.900e-01  9.900e-01  9.900e-01  9.900e-01  9.900e-01  9.900e-01  9.900e-01 	
