41887.30483258083
30534.657672662546
24558.994303281423
20855.10524003819
17825.19627420644
15668.853727272914
13916.266027101748
12255.375072444353
10801.713199775462
9200.20799734349
7553.7006425079135
6124.62443097506
4680.69579643859
3494.4203190946027
2560.1081569400712
1802.4981510858452
1264.2433767084985
871.6406155038974
596.565421657966
406.8274600601612
276.7147413955684
188.7606443536632
129.82277178679766
90.76980014091743
64.91779761201656
47.649831313077414
35.587053033605265
26.443470324631708
19.2694677654188
13.813398949085716
9.786762614021788
6.860061083462205
4.763462946211998
3.280982729292695
2.246590915012654
1.5340261064612202
1.046897107121426
0.7120157396233457
0.48359149230869186
0.3287165535709767
0.22423064169511076
0.15378968337531684
0.12103266126621538
0.07818844053483263
0.045114185770651655
0.037506665664841315
0.027115893110070125
0.019708274441254038
0.014369459539437286
0.010441714614553907