0.012469433127821561
0.025770690482366816
0.040985089668494255
0.06008358422480417
0.08412156975224092
0.11413913623613718
0.15111492243461855
0.19245212219218827
0.2371294188150264
0.2837801763469564
0.32534717255181755
0.3638930580238216
0.3955915898159688
0.4202900970958988
0.43937187905612196
0.4520851557390648
0.46039376716273855
0.46558108424666245
0.4692984742517044
0.47282903356641326
0.47676693375583873
0.4813901341919346
0.4867025154566462
0.49246706217113756
0.49837405120428596
0.504007174842961
0.5090482364000941
0.5134203839461379
0.5171108482442858
0.5200478005819626
0.5223130827389278
0.5240079314499765
0.5252805013929873
0.5262445791885657
0.5269968081771789
0.5276005037847106
0.528107538000444
0.5285541974686309
0.528955844471226
0.5293320991058965
0.5296943349489573
0.5300483590904392
0.5304155353502634
0.5307902182405186
0.5311468797852281
0.5315381479847665
0.5319450712353769
0.5323579954157917
0.5327837648026409
0.5332109954879919