 2.010e-05  2.169e-05  2.482e-05  2.943e-05  3.542e-05  4.274e-05  5.134e-05  6.119e-05  7.230e-05  8.466e-05  9.832e-05  1.133e-04  1.296e-04  1.473e-04  1.663e-04  1.868e-04  2.088e-04  2.323e-04  2.573e-04  2.838e-04  3.120e-04  3.418e-04  3.732e-04  4.064e-04  4.413e-04  4.779e-04  5.164e-04  5.567e-04  5.988e-04  6.428e-04  6.888e-04  7.367e-04  7.866e-04  8.385e-04  8.924e-04  9.484e-04  1.006e-03  1.067e-03  1.129e-03  1.193e-03  1.260e-03  1.329e-03  1.399e-03  1.471e-03  1.542e-03  1.611e-03  1.675e-03  1.728e-03  1.768e-03  1.789e-03 	
 2.547e-05  2.754e-05  3.161e-05  3.760e-05  4.542e-05  5.496e-05  6.618e-05  7.905e-05  9.356e-05  1.097e-04  1.276e-04  1.472e-04  1.685e-04  1.917e-04  2.167e-04  2.436e-04  2.724e-04  3.032e-04  3.360e-04  3.708e-04  4.078e-04  4.469e-04  4.882e-04  5.317e-04  5.775e-04  6.257e-04  6.761e-04  7.290e-04  7.844e-04  8.422e-04  9.025e-04  9.654e-04  1.031e-03  1.099e-03  1.170e-03  1.243e-03  1.320e-03  1.399e-03  1.481e-03  1.565e-03  1.653e-03  1.743e-03  1.835e-03  1.929e-03  2.023e-03  2.114e-03  2.197e-03  2.268e-03  2.319e-03  2.347e-03 	
 3.568e-05  3.868e-05  4.460e-05  5.331e-05  6.469e-05  7.860e-05  9.497e-05  1.138e-04  1.350e-04  1.587e-04  1.849e-04  2.136e-04  2.449e-04  2.789e-04  3.156e-04  3.551e-04  3.974e-04  4.427e-04  4.909e-04  5.421e-04  5.965e-04  6.540e-04  7.148e-04  7.788e-04  8.462e-04  9.170e-04  9.913e-04  1.069e-03  1.151e-03  1.236e-03  1.325e-03  1.417e-03  1.514e-03  1.614e-03  1.718e-03  1.826e-03  1.939e-03  2.055e-03  2.175e-03  2.300e-03  2.429e-03  2.561e-03  2.697e-03  2.836e-03  2.973e-03  3.107e-03  3.230e-03  3.334e-03  3.409e-03  3.450e-03 	
 4.971e-05  5.406e-05  6.265e-05  7.531e-05  9.186e-05  1.121e-04  1.360e-04  1.635e-04  1.945e-04  2.291e-04  2.675e-04  3.095e-04  3.555e-04  4.053e-04  4.592e-04  5.172e-04  5.793e-04  6.458e-04  7.166e-04  7.920e-04  8.719e-04  9.564e-04  1.046e-03  1.140e-03  1.239e-03  1.343e-03  1.453e-03  1.567e-03  1.687e-03  1.812e-03  1.943e-03  2.079e-03  2.221e-03  2.368e-03  2.522e-03  2.681e-03  2.846e-03  3.017e-03  3.194e-03  3.378e-03  3.567e-03  3.762e-03  3.962e-03  4.165e-03  4.368e-03  4.564e-03  4.745e-03  4.897e-03  5.009e-03  5.068e-03 	
 6.627e-05  7.234e-05  8.433e-05  1.020e-04  1.252e-04  1.535e-04  1.870e-04  2.255e-04  2.691e-04  3.179e-04  3.718e-04  4.311e-04  4.959e-04  5.662e-04  6.422e-04  7.240e-04  8.118e-04  9.057e-04  1.006e-03  1.112e-03  1.225e-03  1.345e-03  1.471e-03  1.604e-03  1.744e-03  1.892e-03  2.046e-03  2.208e-03  2.378e-03  2.555e-03  2.740e-03  2.932e-03  3.133e-03  3.342e-03  3.558e-03  3.784e-03  4.017e-03  4.259e-03  4.510e-03  4.769e-03  5.036e-03  5.312e-03  5.595e-03  5.882e-03  6.168e-03  6.445e-03  6.700e-03  6.916e-03  7.074e-03  7.157e-03 	
 8.418e-05  9.228e-05  1.083e-04  1.319e-04  1.629e-04  2.010e-04  2.459e-04  2.977e-04  3.563e-04  4.219e-04  4.946e-04  5.746e-04  6.620e-04  7.569e-04  8.596e-04  9.701e-04  1.089e-03  1.216e-03  1.351e-03  1.495e-03  1.648e-03  1.810e-03  1.981e-03  2.161e-03  2.351e-03  2.550e-03  2.759e-03  2.979e-03  3.208e-03  3.448e-03  3.698e-03  3.959e-03  4.230e-03  4.513e-03  4.806e-03  5.111e-03  5.427e-03  5.754e-03  6.093e-03  6.444e-03  6.805e-03  7.178e-03  7.560e-03  7.948e-03  8.335e-03  8.710e-03  9.054e-03  9.346e-03  9.559e-03  9.671e-03 	
 1.028e-04  1.132e-04  1.339e-04  1.644e-04  2.043e-04  2.535e-04  3.117e-04  3.787e-04  4.548e-04  5.400e-04  6.345e-04  7.384e-04  8.521e-04  9.757e-04  1.109e-03  1.253e-03  1.408e-03  1.574e-03  1.750e-03  1.938e-03  2.137e-03  2.348e-03  2.571e-03  2.806e-03  3.054e-03  3.314e-03  3.587e-03  3.873e-03  4.173e-03  4.485e-03  4.812e-03  5.152e-03  5.506e-03  5.874e-03  6.257e-03  6.654e-03  7.066e-03  7.492e-03  7.934e-03  8.390e-03  8.861e-03  9.347e-03  9.844e-03  1.035e-02  1.085e-02  1.134e-02  1.179e-02  1.217e-02  1.244e-02  1.259e-02 	
 1.223e-04  1.354e-04  1.613e-04  1.997e-04  2.500e-04  3.119e-04  3.852e-04  4.699e-04  5.660e-04  6.737e-04  7.933e-04  9.249e-04  1.069e-03  1.226e-03  1.395e-03  1.578e-03  1.774e-03  1.984e-03  2.208e-03  2.447e-03  2.700e-03  2.968e-03  3.251e-03  3.549e-03  3.864e-03  4.194e-03  4.541e-03  4.904e-03  5.284e-03  5.681e-03  6.095e-03  6.526e-03  6.975e-03  7.442e-03  7.928e-03  8.431e-03  8.953e-03  9.493e-03  1.005e-02  1.063e-02  1.123e-02  1.184e-02  1.247e-02  1.311e-02  1.375e-02  1.436e-02  1.493e-02  1.541e-02  1.576e-02  1.594e-02 	
 1.440e-04  1.602e-04  1.923e-04  2.397e-04  3.021e-04  3.788e-04  4.698e-04  5.750e-04  6.944e-04  8.284e-04  9.773e-04  1.141e-03  1.321e-03  1.516e-03  1.727e-03  1.955e-03  2.200e-03  2.462e-03  2.742e-03  3.039e-03  3.355e-03  3.689e-03  4.042e-03  4.415e-03  4.807e-03  5.219e-03  5.651e-03  6.104e-03  6.577e-03  7.072e-03  7.587e-03  8.125e-03  8.684e-03  9.266e-03  9.869e-03  1.050e-02  1.114e-02  1.182e-02  1.251e-02  1.323e-02  1.397e-02  1.473e-02  1.551e-02  1.630e-02  1.709e-02  1.786e-02  1.856e-02  1.915e-02  1.958e-02  1.981e-02 	
 1.697e-04  1.896e-04  2.290e-04  2.874e-04  3.641e-04  4.586e-04  5.706e-04  7.002e-04  8.476e-04  1.013e-03  1.197e-03  1.399e-03  1.621e-03  1.862e-03  2.123e-03  2.405e-03  2.707e-03  3.031e-03  3.376e-03  3.744e-03  4.134e-03  4.547e-03  4.983e-03  5.443e-03  5.927e-03  6.436e-03  6.969e-03  7.527e-03  8.111e-03  8.721e-03  9.357e-03  1.002e-02  1.071e-02  1.142e-02  1.217e-02  1.294e-02  1.373e-02  1.456e-02  1.541e-02  1.629e-02  1.720e-02  1.814e-02  1.909e-02  2.006e-02  2.103e-02  2.196e-02  2.282e-02  2.355e-02  2.408e-02  2.436e-02 	
 2.021e-04  2.266e-04  2.750e-04  3.466e-04  4.408e-04  5.569e-04  6.947e-04  8.541e-04  1.035e-03  1.239e-03  1.465e-03  1.714e-03  1.987e-03  2.284e-03  2.605e-03  2.952e-03  3.324e-03  3.723e-03  4.148e-03  4.600e-03  5.080e-03  5.587e-03  6.124e-03  6.689e-03  7.284e-03  7.908e-03  8.563e-03  9.248e-03  9.964e-03  1.071e-02  1.149e-02  1.230e-02  1.314e-02  1.402e-02  1.493e-02  1.587e-02  1.684e-02  1.785e-02  1.889e-02  1.997e-02  2.107e-02  2.221e-02  2.338e-02  2.455e-02  2.573e-02  2.686e-02  2.790e-02  2.878e-02  2.943e-02  2.977e-02 	
 2.441e-04  2.742e-04  3.337e-04  4.220e-04  5.379e-04  6.808e-04  8.504e-04  1.047e-03  1.270e-03  1.520e-03  1.799e-03  2.105e-03  2.441e-03  2.807e-03  3.203e-03  3.629e-03  4.087e-03  4.577e-03  5.100e-03  5.655e-03  6.245e-03  6.868e-03  7.527e-03  8.220e-03  8.950e-03  9.715e-03  1.052e-02  1.136e-02  1.223e-02  1.315e-02  1.410e-02  1.509e-02  1.612e-02  1.719e-02  1.829e-02  1.944e-02  2.063e-02  2.185e-02  2.312e-02  2.442e-02  2.576e-02  2.714e-02  2.855e-02  2.998e-02  3.140e-02  3.277e-02  3.403e-02  3.509e-02  3.586e-02  3.627e-02 	
 2.990e-04  3.361e-04  4.097e-04  5.187e-04  6.619e-04  8.384e-04  1.048e-03  1.290e-03  1.566e-03  1.875e-03  2.218e-03  2.597e-03  3.011e-03  3.461e-03  3.949e-03  4.475e-03  5.039e-03  5.642e-03  6.285e-03  6.968e-03  7.693e-03  8.459e-03  9.267e-03  1.012e-02  1.101e-02  1.195e-02  1.293e-02  1.396e-02  1.503e-02  1.615e-02  1.731e-02  1.852e-02  1.977e-02  2.107e-02  2.242e-02  2.381e-02  2.525e-02  2.674e-02  2.827e-02  2.985e-02  3.148e-02  3.314e-02  3.484e-02  3.656e-02  3.828e-02  3.993e-02  4.144e-02  4.272e-02  4.365e-02  4.414e-02 	
 3.705e-04  4.166e-04  5.078e-04  6.430e-04  8.205e-04  1.039e-03  1.299e-03  1.599e-03  1.940e-03  2.322e-03  2.747e-03  3.215e-03  3.727e-03  4.284e-03  4.886e-03  5.535e-03  6.230e-03  6.974e-03  7.766e-03  8.607e-03  9.499e-03  1.044e-02  1.143e-02  1.248e-02  1.357e-02  1.472e-02  1.593e-02  1.718e-02  1.849e-02  1.985e-02  2.127e-02  2.274e-02  2.427e-02  2.585e-02  2.749e-02  2.918e-02  3.093e-02  3.273e-02  3.458e-02  3.649e-02  3.845e-02  4.045e-02  4.250e-02  4.457e-02  4.662e-02  4.860e-02  5.042e-02  5.195e-02  5.306e-02  5.365e-02 	
 4.632e-04  5.206e-04  6.342e-04  8.023e-04  1.023e-03  1.295e-03  1.618e-03  1.990e-03  2.414e-03  2.889e-03  3.416e-03  3.996e-03  4.630e-03  5.319e-03  6.064e-03  6.866e-03  7.726e-03  8.644e-03  9.621e-03  1.066e-02  1.175e-02  1.291e-02  1.413e-02  1.542e-02  1.676e-02  1.817e-02  1.964e-02  2.118e-02  2.278e-02  2.444e-02  2.617e-02  2.796e-02  2.982e-02  3.174e-02  3.372e-02  3.577e-02  3.788e-02  4.005e-02  4.229e-02  4.458e-02  4.694e-02  4.935e-02  5.180e-02  5.428e-02  5.674e-02  5.910e-02  6.127e-02  6.309e-02  6.442e-02  6.512e-02 	
 5.827e-04  6.543e-04  7.962e-04  1.006e-03  1.282e-03  1.621e-03  2.023e-03  2.487e-03  3.014e-03  3.605e-03  4.260e-03  4.981e-03  5.768e-03  6.623e-03  7.546e-03  8.539e-03  9.603e-03  1.074e-02  1.194e-02  1.322e-02  1.457e-02  1.600e-02  1.750e-02  1.907e-02  2.072e-02  2.245e-02  2.425e-02  2.612e-02  2.808e-02  3.010e-02  3.220e-02  3.438e-02  3.663e-02  3.896e-02  4.136e-02  4.383e-02  4.637e-02  4.899e-02  5.167e-02  5.443e-02  5.725e-02  6.013e-02  6.306e-02  6.601e-02  6.894e-02  7.175e-02  7.431e-02  7.648e-02  7.805e-02  7.889e-02 	
 7.360e-04  8.257e-04  1.003e-03  1.266e-03  1.611e-03  2.035e-03  2.537e-03  3.117e-03  3.775e-03  4.511e-03  5.327e-03  6.224e-03  7.203e-03  8.264e-03  9.410e-03  1.064e-02  1.196e-02  1.336e-02  1.485e-02  1.643e-02  1.809e-02  1.985e-02  2.169e-02  2.362e-02  2.564e-02  2.775e-02  2.995e-02  3.224e-02  3.461e-02  3.708e-02  3.963e-02  4.226e-02  4.498e-02  4.779e-02  5.068e-02  5.365e-02  5.671e-02  5.984e-02  6.305e-02  6.634e-02  6.970e-02  7.313e-02  7.661e-02  8.010e-02  8.356e-02  8.688e-02  8.991e-02  9.246e-02  9.431e-02  9.530e-02 	
 9.321e-04  1.045e-03  1.267e-03  1.597e-03  2.029e-03  2.561e-03  3.189e-03  3.915e-03  4.736e-03  5.656e-03  6.674e-03  7.791e-03  9.010e-03  1.033e-02  1.175e-02  1.328e-02  1.491e-02  1.664e-02  1.848e-02  2.043e-02  2.248e-02  2.463e-02  2.689e-02  2.926e-02  3.173e-02  3.430e-02  3.698e-02  3.976e-02  4.265e-02  4.563e-02  4.871e-02  5.189e-02  5.517e-02  5.854e-02  6.201e-02  6.557e-02  6.921e-02  7.295e-02  7.677e-02  8.067e-02  8.465e-02  8.869e-02  9.279e-02  9.691e-02  1.010e-01  1.049e-01  1.084e-01  1.114e-01  1.135e-01  1.147e-01 	
 1.183e-03  1.324e-03  1.604e-03  2.018e-03  2.561e-03  3.228e-03  4.016e-03  4.925e-03  5.953e-03  7.103e-03  8.373e-03  9.767e-03  1.128e-02  1.293e-02  1.469e-02  1.658e-02  1.860e-02  2.074e-02  2.301e-02  2.541e-02  2.792e-02  3.057e-02  3.334e-02  3.623e-02  3.924e-02  4.237e-02  4.562e-02  4.899e-02  5.247e-02  5.607e-02  5.978e-02  6.360e-02  6.752e-02  7.155e-02  7.568e-02  7.991e-02  8.424e-02  8.865e-02  9.316e-02  9.775e-02  1.024e-01  1.072e-01  1.120e-01  1.168e-01  1.215e-01  1.260e-01  1.301e-01  1.336e-01  1.361e-01  1.374e-01 	
 1.502e-03  1.681e-03  2.033e-03  2.554e-03  3.237e-03  4.075e-03  5.065e-03  6.204e-03  7.492e-03  8.930e-03  1.052e-02  1.225e-02  1.414e-02  1.618e-02  1.837e-02  2.072e-02  2.321e-02  2.585e-02  2.865e-02  3.159e-02  3.467e-02  3.790e-02  4.128e-02  4.480e-02  4.845e-02  5.224e-02  5.617e-02  6.023e-02  6.442e-02  6.873e-02  7.316e-02  7.771e-02  8.238e-02  8.716e-02  9.205e-02  9.704e-02  1.021e-01  1.073e-01  1.126e-01  1.179e-01  1.234e-01  1.289e-01  1.344e-01  1.400e-01  1.454e-01  1.506e-01  1.553e-01  1.592e-01  1.621e-01  1.636e-01 	
 1.911e-03  2.135e-03  2.580e-03  3.236e-03  4.096e-03  5.150e-03  6.393e-03  7.823e-03  9.437e-03  1.124e-02  1.322e-02  1.538e-02  1.773e-02  2.027e-02  2.298e-02  2.588e-02  2.895e-02  3.220e-02  3.563e-02  3.922e-02  4.299e-02  4.693e-02  5.102e-02  5.528e-02  5.970e-02  6.426e-02  6.898e-02  7.383e-02  7.883e-02  8.396e-02  8.922e-02  9.461e-02  1.001e-01  1.057e-01  1.115e-01  1.173e-01  1.232e-01  1.292e-01  1.353e-01  1.415e-01  1.478e-01  1.541e-01  1.604e-01  1.668e-01  1.729e-01  1.788e-01  1.842e-01  1.886e-01  1.919e-01  1.936e-01 	
 2.432e-03  2.716e-03  3.277e-03  4.105e-03  5.188e-03  6.514e-03  8.077e-03  9.871e-03  1.189e-02  1.414e-02  1.662e-02  1.931e-02  2.223e-02  2.537e-02  2.872e-02  3.229e-02  3.607e-02  4.005e-02  4.424e-02  4.862e-02  5.320e-02  5.796e-02  6.290e-02  6.803e-02  7.332e-02  7.878e-02  8.439e-02  9.016e-02  9.607e-02  1.021e-01  1.083e-01  1.146e-01  1.210e-01  1.276e-01  1.342e-01  1.410e-01  1.478e-01  1.547e-01  1.617e-01  1.688e-01  1.759e-01  1.830e-01  1.902e-01  1.973e-01  2.042e-01  2.108e-01  2.168e-01  2.218e-01  2.254e-01  2.273e-01 	
 3.098e-03  3.456e-03  4.165e-03  5.210e-03  6.575e-03  8.245e-03  1.021e-02  1.246e-02  1.499e-02  1.780e-02  2.088e-02  2.423e-02  2.785e-02  3.172e-02  3.585e-02  4.023e-02  4.485e-02  4.971e-02  5.480e-02  6.010e-02  6.563e-02  7.135e-02  7.728e-02  8.339e-02  8.968e-02  9.615e-02  1.028e-01  1.096e-01  1.165e-01  1.236e-01  1.308e-01  1.381e-01  1.455e-01  1.530e-01  1.606e-01  1.683e-01  1.761e-01  1.839e-01  1.918e-01  1.998e-01  2.077e-01  2.157e-01  2.237e-01  2.316e-01  2.393e-01  2.466e-01  2.531e-01  2.586e-01  2.626e-01  2.647e-01 	
 3.949e-03  4.402e-03  5.298e-03  6.616e-03  8.337e-03  1.044e-02  1.291e-02  1.573e-02  1.889e-02  2.239e-02  2.622e-02  3.037e-02  3.483e-02  3.960e-02  4.466e-02  5.001e-02  5.563e-02  6.152e-02  6.765e-02  7.403e-02  8.064e-02  8.747e-02  9.450e-02  1.017e-01  1.091e-01  1.167e-01  1.245e-01  1.324e-01  1.404e-01  1.485e-01  1.568e-01  1.652e-01  1.736e-01  1.822e-01  1.908e-01  1.995e-01  2.082e-01  2.169e-01  2.257e-01  2.345e-01  2.433e-01  2.521e-01  2.609e-01  2.695e-01  2.779e-01  2.858e-01  2.929e-01  2.989e-01  3.032e-01  3.054e-01 	
 5.037e-03  5.610e-03  6.741e-03  8.405e-03  1.057e-02  1.321e-02  1.631e-02  1.984e-02  2.378e-02  2.813e-02  3.287e-02  3.799e-02  4.348e-02  4.931e-02  5.548e-02  6.196e-02  6.875e-02  7.582e-02  8.317e-02  9.077e-02  9.861e-02  1.067e-01  1.149e-01  1.234e-01  1.320e-01  1.408e-01  1.497e-01  1.588e-01  1.680e-01  1.773e-01  1.866e-01  1.961e-01  2.056e-01  2.152e-01  2.247e-01  2.344e-01  2.440e-01  2.536e-01  2.633e-01  2.729e-01  2.825e-01  2.920e-01  3.014e-01  3.107e-01  3.197e-01  3.281e-01  3.357e-01  3.420e-01  3.466e-01  3.490e-01 	
 6.427e-03  7.150e-03  8.578e-03  1.068e-02  1.340e-02  1.672e-02  2.059e-02  2.499e-02  2.990e-02  3.528e-02  4.112e-02  4.740e-02  5.410e-02  6.119e-02  6.865e-02  7.645e-02  8.458e-02  9.300e-02  1.017e-01  1.107e-01  1.199e-01  1.293e-01  1.389e-01  1.486e-01  1.586e-01  1.686e-01  1.788e-01  1.891e-01  1.994e-01  2.098e-01  2.203e-01  2.308e-01  2.413e-01  2.518e-01  2.624e-01  2.729e-01  2.833e-01  2.938e-01  3.041e-01  3.145e-01  3.247e-01  3.348e-01  3.448e-01  3.546e-01  3.641e-01  3.730e-01  3.809e-01  3.875e-01  3.923e-01  3.948e-01 	
 8.202e-03  9.115e-03  1.092e-02  1.356e-02  1.698e-02  2.113e-02  2.597e-02  3.143e-02  3.750e-02  4.413e-02  5.129e-02  5.894e-02  6.706e-02  7.560e-02  8.454e-02  9.384e-02  1.035e-01  1.134e-01  1.236e-01  1.340e-01  1.447e-01  1.555e-01  1.665e-01  1.777e-01  1.889e-01  2.002e-01  2.116e-01  2.231e-01  2.346e-01  2.461e-01  2.576e-01  2.691e-01  2.805e-01  2.919e-01  3.033e-01  3.145e-01  3.257e-01  3.368e-01  3.478e-01  3.587e-01  3.694e-01  3.800e-01  3.905e-01  4.006e-01  4.104e-01  4.195e-01  4.277e-01  4.345e-01  4.394e-01  4.419e-01 	
 1.047e-02  1.162e-02  1.388e-02  1.720e-02  2.149e-02  2.667e-02  3.267e-02  3.943e-02  4.690e-02  5.501e-02  6.371e-02  7.297e-02  8.272e-02  9.292e-02  1.035e-01  1.145e-01  1.258e-01  1.373e-01  1.491e-01  1.611e-01  1.733e-01  1.856e-01  1.980e-01  2.105e-01  2.230e-01  2.356e-01  2.482e-01  2.608e-01  2.733e-01  2.858e-01  2.982e-01  3.106e-01  3.228e-01  3.350e-01  3.470e-01  3.588e-01  3.706e-01  3.822e-01  3.936e-01  4.049e-01  4.159e-01  4.268e-01  4.375e-01  4.478e-01  4.578e-01  4.670e-01  4.753e-01  4.821e-01  4.870e-01  4.896e-01 	
 1.335e-02  1.480e-02  1.764e-02  2.179e-02  2.714e-02  3.357e-02  4.099e-02  4.931e-02  5.842e-02  6.827e-02  7.877e-02  8.985e-02  1.014e-01  1.135e-01  1.259e-01  1.387e-01  1.517e-01  1.650e-01  1.784e-01  1.920e-01  2.057e-01  2.195e-01  2.333e-01  2.470e-01  2.608e-01  2.745e-01  2.882e-01  3.017e-01  3.152e-01  3.285e-01  3.417e-01  3.547e-01  3.676e-01  3.803e-01  3.928e-01  4.051e-01  4.171e-01  4.290e-01  4.407e-01  4.521e-01  4.634e-01  4.743e-01  4.850e-01  4.954e-01  5.053e-01  5.145e-01  5.227e-01  5.294e-01  5.343e-01  5.368e-01 	
 1.701e-02  1.882e-02  2.237e-02  2.754e-02  3.418e-02  4.213e-02  5.125e-02  6.139e-02  7.243e-02  8.427e-02  9.681e-02  1.099e-01  1.236e-01  1.376e-01  1.520e-01  1.666e-01  1.815e-01  1.965e-01  2.116e-01  2.267e-01  2.419e-01  2.570e-01  2.720e-01  2.870e-01  3.018e-01  3.165e-01  3.311e-01  3.454e-01  3.596e-01  3.736e-01  3.873e-01  4.008e-01  4.140e-01  4.271e-01  4.398e-01  4.523e-01  4.645e-01  4.765e-01  4.882e-01  4.996e-01  5.108e-01  5.216e-01  5.322e-01  5.424e-01  5.520e-01  5.610e-01  5.690e-01  5.756e-01  5.803e-01  5.827e-01 	
 2.165e-02  2.391e-02  2.832e-02  3.473e-02  4.292e-02  5.267e-02  6.377e-02  7.603e-02  8.929e-02  1.034e-01  1.182e-01  1.335e-01  1.493e-01  1.654e-01  1.818e-01  1.984e-01  2.150e-01  2.317e-01  2.484e-01  2.650e-01  2.814e-01  2.978e-01  3.139e-01  3.299e-01  3.456e-01  3.610e-01  3.762e-01  3.912e-01  4.058e-01  4.201e-01  4.342e-01  4.479e-01  4.613e-01  4.744e-01  4.872e-01  4.996e-01  5.118e-01  5.236e-01  5.351e-01  5.463e-01  5.572e-01  5.678e-01  5.780e-01  5.878e-01  5.971e-01  6.058e-01  6.134e-01  6.197e-01  6.242e-01  6.265e-01 	
 2.750e-02  3.029e-02  3.575e-02  4.363e-02  5.365e-02  6.551e-02  7.891e-02  9.359e-02  1.093e-01  1.259e-01  1.431e-01  1.608e-01  1.788e-01  1.971e-01  2.155e-01  2.339e-01  2.522e-01  2.705e-01  2.885e-01  3.064e-01  3.240e-01  3.413e-01  3.583e-01  3.749e-01  3.912e-01  4.072e-01  4.228e-01  4.380e-01  4.529e-01  4.673e-01  4.814e-01  4.951e-01  5.084e-01  5.214e-01  5.340e-01  5.462e-01  5.580e-01  5.695e-01  5.806e-01  5.914e-01  6.019e-01  6.120e-01  6.217e-01  6.310e-01  6.399e-01  6.480e-01  6.552e-01  6.611e-01  6.654e-01  6.676e-01 	
 3.483e-02  3.826e-02  4.494e-02  5.457e-02  6.673e-02  8.101e-02  9.701e-02  1.144e-01  1.328e-01  1.520e-01  1.717e-01  1.919e-01  2.121e-01  2.325e-01  2.527e-01  2.728e-01  2.927e-01  3.123e-01  3.315e-01  3.503e-01  3.688e-01  3.867e-01  4.043e-01  4.214e-01  4.380e-01  4.542e-01  4.699e-01  4.851e-01  4.999e-01  5.142e-01  5.281e-01  5.415e-01  5.545e-01  5.671e-01  5.792e-01  5.910e-01  6.024e-01  6.133e-01  6.239e-01  6.341e-01  6.440e-01  6.535e-01  6.627e-01  6.714e-01  6.796e-01  6.872e-01  6.939e-01  6.994e-01  7.033e-01  7.054e-01 	
 4.395e-02  4.813e-02  5.625e-02  6.788e-02  8.247e-02  9.948e-02  1.184e-01  1.386e-01  1.599e-01  1.819e-01  2.042e-01  2.266e-01  2.491e-01  2.713e-01  2.932e-01  3.148e-01  3.359e-01  3.565e-01  3.766e-01  3.961e-01  4.150e-01  4.334e-01  4.511e-01  4.683e-01  4.850e-01  5.010e-01  5.165e-01  5.315e-01  5.460e-01  5.599e-01  5.733e-01  5.862e-01  5.987e-01  6.107e-01  6.223e-01  6.334e-01  6.441e-01  6.544e-01  6.644e-01  6.739e-01  6.831e-01  6.919e-01  7.004e-01  7.085e-01  7.160e-01  7.230e-01  7.292e-01  7.342e-01  7.378e-01  7.396e-01 	
 5.521e-02  6.024e-02  7.000e-02  8.390e-02  1.012e-01  1.212e-01  1.432e-01  1.665e-01  1.908e-01  2.154e-01  2.402e-01  2.649e-01  2.892e-01  3.131e-01  3.364e-01  3.591e-01  3.811e-01  4.024e-01  4.229e-01  4.427e-01  4.618e-01  4.802e-01  4.978e-01  5.148e-01  5.312e-01  5.468e-01  5.619e-01  5.763e-01  5.902e-01  6.035e-01  6.163e-01  6.286e-01  6.403e-01  6.516e-01  6.625e-01  6.728e-01  6.828e-01  6.924e-01  7.015e-01  7.103e-01  7.188e-01  7.269e-01  7.346e-01  7.420e-01  7.489e-01  7.552e-01  7.608e-01  7.654e-01  7.686e-01  7.703e-01 	
 6.895e-02  7.496e-02  8.654e-02  1.029e-01  1.232e-01  1.464e-01  1.716e-01  1.981e-01  2.252e-01  2.525e-01  2.795e-01  3.061e-01  3.321e-01  3.573e-01  3.816e-01  4.050e-01  4.274e-01  4.490e-01  4.696e-01  4.894e-01  5.082e-01  5.263e-01  5.435e-01  5.600e-01  5.758e-01  5.908e-01  6.052e-01  6.189e-01  6.320e-01  6.445e-01  6.565e-01  6.680e-01  6.789e-01  6.894e-01  6.994e-01  7.089e-01  7.181e-01  7.268e-01  7.352e-01  7.432e-01  7.509e-01  7.583e-01  7.653e-01  7.719e-01  7.782e-01  7.839e-01  7.889e-01  7.930e-01  7.959e-01  7.974e-01 	
 8.555e-02  9.261e-02  1.062e-01  1.253e-01  1.487e-01  1.752e-01  2.037e-01  2.332e-01  2.630e-01  2.927e-01  3.217e-01  3.498e-01  3.770e-01  4.030e-01  4.278e-01  4.515e-01  4.740e-01  4.955e-01  5.158e-01  5.351e-01  5.535e-01  5.709e-01  5.874e-01  6.031e-01  6.181e-01  6.323e-01  6.457e-01  6.586e-01  6.708e-01  6.824e-01  6.935e-01  7.040e-01  7.141e-01  7.237e-01  7.328e-01  7.415e-01  7.498e-01  7.578e-01  7.653e-01  7.726e-01  7.795e-01  7.861e-01  7.924e-01  7.984e-01  8.040e-01  8.091e-01  8.136e-01  8.172e-01  8.198e-01  8.212e-01 	
 1.053e-01  1.135e-01  1.292e-01  1.511e-01  1.777e-01  2.075e-01  2.391e-01  2.715e-01  3.038e-01  3.354e-01  3.659e-01  3.952e-01  4.230e-01  4.494e-01  4.743e-01  4.978e-01  5.200e-01  5.409e-01  5.606e-01  5.792e-01  5.967e-01  6.132e-01  6.288e-01  6.436e-01  6.575e-01  6.707e-01  6.832e-01  6.951e-01  7.063e-01  7.169e-01  7.270e-01  7.367e-01  7.458e-01  7.545e-01  7.627e-01  7.706e-01  7.781e-01  7.852e-01  7.920e-01  7.985e-01  8.047e-01  8.106e-01  8.162e-01  8.215e-01  8.265e-01  8.311e-01  8.351e-01  8.384e-01  8.407e-01  8.419e-01 	
 1.285e-01  1.379e-01  1.556e-01  1.804e-01  2.101e-01  2.431e-01  2.777e-01  3.126e-01  3.469e-01  3.800e-01  4.115e-01  4.413e-01  4.694e-01  4.956e-01  5.202e-01  5.431e-01  5.645e-01  5.846e-01  6.033e-01  6.209e-01  6.373e-01  6.528e-01  6.673e-01  6.809e-01  6.938e-01  7.059e-01  7.173e-01  7.281e-01  7.383e-01  7.480e-01  7.571e-01  7.658e-01  7.740e-01  7.818e-01  7.892e-01  7.963e-01  8.030e-01  8.094e-01  8.154e-01  8.212e-01  8.267e-01  8.320e-01  8.370e-01  8.418e-01  8.462e-01  8.503e-01  8.538e-01  8.568e-01  8.588e-01  8.599e-01 	
 1.553e-01  1.658e-01  1.857e-01  2.131e-01  2.459e-01  2.818e-01  3.189e-01  3.558e-01  3.916e-01  4.256e-01  4.576e-01  4.875e-01  5.152e-01  5.408e-01  5.646e-01  5.866e-01  6.069e-01  6.258e-01  6.434e-01  6.597e-01  6.749e-01  6.892e-01  7.025e-01  7.150e-01  7.267e-01  7.377e-01  7.480e-01  7.578e-01  7.670e-01  7.757e-01  7.839e-01  7.916e-01  7.990e-01  8.060e-01  8.126e-01  8.189e-01  8.248e-01  8.305e-01  8.359e-01  8.411e-01  8.460e-01  8.507e-01  8.552e-01  8.594e-01  8.633e-01  8.670e-01  8.701e-01  8.727e-01  8.746e-01  8.755e-01 	
 1.857e-01  1.972e-01  2.191e-01  2.491e-01  2.845e-01  3.229e-01  3.620e-01  4.005e-01  4.372e-01  4.715e-01  5.034e-01  5.328e-01  5.597e-01  5.843e-01  6.069e-01  6.276e-01  6.467e-01  6.642e-01  6.804e-01  6.954e-01  7.094e-01  7.223e-01  7.344e-01  7.457e-01  7.563e-01  7.662e-01  7.754e-01  7.842e-01  7.924e-01  8.002e-01  8.075e-01  8.144e-01  8.210e-01  8.272e-01  8.331e-01  8.387e-01  8.440e-01  8.490e-01  8.539e-01  8.584e-01  8.628e-01  8.670e-01  8.710e-01  8.747e-01  8.783e-01  8.815e-01  8.843e-01  8.867e-01  8.883e-01  8.892e-01 	
 2.195e-01  2.320e-01  2.556e-01  2.878e-01  3.254e-01  3.658e-01  4.064e-01  4.457e-01  4.827e-01  5.169e-01  5.481e-01  5.765e-01  6.022e-01  6.255e-01  6.466e-01  6.659e-01  6.834e-01  6.995e-01  7.143e-01  7.279e-01  7.405e-01  7.522e-01  7.631e-01  7.732e-01  7.827e-01  7.915e-01  7.998e-01  8.076e-01  8.149e-01  8.218e-01  8.283e-01  8.345e-01  8.403e-01  8.458e-01  8.511e-01  8.560e-01  8.608e-01  8.653e-01  8.696e-01  8.737e-01  8.776e-01  8.813e-01  8.848e-01  8.882e-01  8.914e-01  8.943e-01  8.968e-01  8.989e-01  9.004e-01  9.011e-01 	
 2.563e-01  2.697e-01  2.948e-01  3.287e-01  3.681e-01  4.098e-01  4.513e-01  4.908e-01  5.275e-01  5.609e-01  5.910e-01  6.180e-01  6.422e-01  6.639e-01  6.834e-01  7.011e-01  7.171e-01  7.317e-01  7.450e-01  7.573e-01  7.685e-01  7.790e-01  7.887e-01  7.977e-01  8.061e-01  8.140e-01  8.213e-01  8.283e-01  8.348e-01  8.409e-01  8.467e-01  8.522e-01  8.574e-01  8.623e-01  8.669e-01  8.714e-01  8.756e-01  8.796e-01  8.834e-01  8.871e-01  8.906e-01  8.939e-01  8.971e-01  9.001e-01  9.030e-01  9.056e-01  9.078e-01  9.097e-01  9.110e-01  9.117e-01 	
 2.957e-01  3.097e-01  3.359e-01  3.711e-01  4.117e-01  4.541e-01  4.958e-01  5.350e-01  5.708e-01  6.030e-01  6.316e-01  6.569e-01  6.794e-01  6.993e-01  7.172e-01  7.332e-01  7.476e-01  7.607e-01  7.726e-01  7.835e-01  7.936e-01  8.029e-01  8.115e-01  8.195e-01  8.269e-01  8.339e-01  8.405e-01  8.466e-01  8.524e-01  8.578e-01  8.630e-01  8.678e-01  8.724e-01  8.768e-01  8.810e-01  8.849e-01  8.887e-01  8.923e-01  8.957e-01  8.990e-01  9.021e-01  9.051e-01  9.080e-01  9.107e-01  9.133e-01  9.156e-01  9.177e-01  9.194e-01  9.206e-01  9.212e-01 	
 3.368e-01  3.513e-01  3.783e-01  4.143e-01  4.554e-01  4.979e-01  5.392e-01  5.775e-01  6.121e-01  6.426e-01  6.694e-01  6.929e-01  7.135e-01  7.317e-01  7.478e-01  7.622e-01  7.751e-01  7.867e-01  7.973e-01  8.070e-01  8.159e-01  8.242e-01  8.318e-01  8.389e-01  8.455e-01  8.516e-01  8.574e-01  8.629e-01  8.680e-01  8.728e-01  8.774e-01  8.818e-01  8.859e-01  8.898e-01  8.935e-01  8.971e-01  9.004e-01  9.037e-01  9.068e-01  9.097e-01  9.125e-01  9.152e-01  9.178e-01  9.203e-01  9.226e-01  9.247e-01  9.266e-01  9.281e-01  9.292e-01  9.298e-01 	
 3.790e-01  3.937e-01  4.210e-01  4.573e-01  4.984e-01  5.405e-01  5.809e-01  6.179e-01  6.508e-01  6.795e-01  7.044e-01  7.259e-01  7.447e-01  7.610e-01  7.755e-01  7.883e-01  7.997e-01  8.101e-01  8.194e-01  8.280e-01  8.359e-01  8.431e-01  8.499e-01  8.561e-01  8.620e-01  8.674e-01  8.726e-01  8.774e-01  8.820e-01  8.863e-01  8.904e-01  8.943e-01  8.980e-01  9.015e-01  9.048e-01  9.080e-01  9.110e-01  9.139e-01  9.167e-01  9.194e-01  9.219e-01  9.244e-01  9.267e-01  9.290e-01  9.311e-01  9.330e-01  9.347e-01  9.361e-01  9.371e-01  9.376e-01 	
 4.213e-01  4.360e-01  4.634e-01  4.995e-01  5.401e-01  5.813e-01  6.204e-01  6.557e-01  6.867e-01  7.134e-01  7.363e-01  7.559e-01  7.728e-01  7.875e-01  8.003e-01  8.117e-01  8.218e-01  8.309e-01  8.392e-01  8.468e-01  8.537e-01  8.601e-01  8.660e-01  8.716e-01  8.768e-01  8.816e-01  8.862e-01  8.905e-01  8.946e-01  8.984e-01  9.021e-01  9.056e-01  9.089e-01  9.120e-01  9.150e-01  9.179e-01  9.207e-01  9.233e-01  9.258e-01  9.282e-01  9.305e-01  9.328e-01  9.349e-01  9.369e-01  9.388e-01  9.406e-01  9.421e-01  9.434e-01  9.443e-01  9.447e-01 	
 4.628e-01  4.775e-01  5.045e-01  5.401e-01  5.798e-01  6.197e-01  6.571e-01  6.906e-01  7.196e-01  7.443e-01  7.652e-01  7.829e-01  7.981e-01  8.111e-01  8.225e-01  8.326e-01  8.415e-01  8.496e-01  8.569e-01  8.635e-01  8.696e-01  8.753e-01  8.806e-01  8.855e-01  8.901e-01  8.944e-01  8.985e-01  9.023e-01  9.060e-01  9.094e-01  9.127e-01  9.158e-01  9.188e-01  9.217e-01  9.244e-01  9.270e-01  9.295e-01  9.318e-01  9.341e-01  9.363e-01  9.384e-01  9.404e-01  9.424e-01  9.442e-01  9.459e-01  9.475e-01  9.489e-01  9.501e-01  9.509e-01  9.513e-01 	
 5.029e-01  5.173e-01  5.438e-01  5.785e-01  6.170e-01  6.553e-01  6.910e-01  7.225e-01  7.494e-01  7.721e-01  7.912e-01  8.071e-01  8.207e-01  8.323e-01  8.424e-01  8.513e-01  8.591e-01  8.662e-01  8.727e-01  8.785e-01  8.839e-01  8.890e-01  8.936e-01  8.980e-01  9.021e-01  9.059e-01  9.096e-01  9.130e-01  9.163e-01  9.194e-01  9.224e-01  9.252e-01  9.279e-01  9.305e-01  9.329e-01  9.353e-01  9.375e-01  9.397e-01  9.418e-01  9.438e-01  9.457e-01  9.475e-01  9.492e-01  9.509e-01  9.525e-01  9.539e-01  9.552e-01  9.562e-01  9.569e-01  9.573e-01 	
 5.409e-01  5.549e-01  5.807e-01  6.144e-01  6.514e-01  6.881e-01  7.218e-01  7.513e-01  7.763e-01  7.971e-01  8.144e-01  8.287e-01  8.408e-01  8.512e-01  8.601e-01  8.679e-01  8.749e-01  8.811e-01  8.868e-01  8.920e-01  8.968e-01  9.013e-01  9.054e-01  9.093e-01  9.130e-01  9.164e-01  9.197e-01  9.228e-01  9.257e-01  9.286e-01  9.312e-01  9.338e-01  9.362e-01  9.385e-01  9.408e-01  9.429e-01  9.450e-01  9.469e-01  9.488e-01  9.506e-01  9.523e-01  9.540e-01  9.556e-01  9.571e-01  9.585e-01  9.598e-01  9.609e-01  9.618e-01  9.625e-01  9.629e-01 	
 5.763e-01  5.900e-01  6.149e-01  6.473e-01  6.828e-01  7.178e-01  7.496e-01  7.772e-01  8.003e-01  8.194e-01  8.350e-01  8.480e-01  8.588e-01  8.679e-01  8.759e-01  8.828e-01  8.889e-01  8.945e-01  8.995e-01  9.041e-01  9.084e-01  9.123e-01  9.161e-01  9.195e-01  9.228e-01  9.259e-01  9.289e-01  9.317e-01  9.343e-01  9.369e-01  9.393e-01  9.416e-01  9.438e-01  9.459e-01  9.479e-01  9.499e-01  9.517e-01  9.535e-01  9.552e-01  9.568e-01  9.584e-01  9.599e-01  9.613e-01  9.627e-01  9.639e-01  9.651e-01  9.661e-01  9.670e-01  9.676e-01  9.679e-01 	
 6.089e-01  6.221e-01  6.462e-01  6.774e-01  7.113e-01  7.445e-01  7.745e-01  8.003e-01  8.216e-01  8.391e-01  8.533e-01  8.650e-01  8.747e-01  8.828e-01  8.899e-01  8.960e-01  9.015e-01  9.064e-01  9.109e-01  9.150e-01  9.188e-01  9.224e-01  9.257e-01  9.288e-01  9.318e-01  9.346e-01  9.372e-01  9.398e-01  9.422e-01  9.445e-01  9.467e-01  9.487e-01  9.507e-01  9.527e-01  9.545e-01  9.562e-01  9.579e-01  9.595e-01  9.610e-01  9.625e-01  9.639e-01  9.652e-01  9.665e-01  9.677e-01  9.689e-01  9.699e-01  9.708e-01  9.716e-01  9.721e-01  9.724e-01 	
 6.387e-01  6.514e-01  6.746e-01  7.044e-01  7.368e-01  7.683e-01  7.966e-01  8.207e-01  8.405e-01  8.566e-01  8.695e-01  8.801e-01  8.888e-01  8.961e-01  9.024e-01  9.078e-01  9.127e-01  9.171e-01  9.211e-01  9.248e-01  9.282e-01  9.314e-01  9.344e-01  9.372e-01  9.399e-01  9.424e-01  9.448e-01  9.471e-01  9.493e-01  9.513e-01  9.533e-01  9.552e-01  9.570e-01  9.587e-01  9.604e-01  9.620e-01  9.635e-01  9.649e-01  9.663e-01  9.676e-01  9.689e-01  9.701e-01  9.712e-01  9.723e-01  9.733e-01  9.742e-01  9.750e-01  9.757e-01  9.762e-01  9.764e-01 	
 6.655e-01  6.777e-01  7.000e-01  7.287e-01  7.596e-01  7.895e-01  8.162e-01  8.388e-01  8.572e-01  8.720e-01  8.838e-01  8.934e-01  9.012e-01  9.078e-01  9.134e-01  9.184e-01  9.227e-01  9.266e-01  9.302e-01  9.335e-01  9.366e-01  9.395e-01  9.422e-01  9.448e-01  9.472e-01  9.495e-01  9.516e-01  9.537e-01  9.557e-01  9.576e-01  9.593e-01  9.611e-01  9.627e-01  9.642e-01  9.657e-01  9.671e-01  9.685e-01  9.698e-01  9.710e-01  9.722e-01  9.733e-01  9.744e-01  9.754e-01  9.763e-01  9.772e-01  9.781e-01  9.788e-01  9.794e-01  9.798e-01  9.800e-01 	
 6.895e-01  7.014e-01  7.228e-01  7.503e-01  7.798e-01  8.083e-01  8.336e-01  8.548e-01  8.719e-01  8.856e-01  8.965e-01  9.052e-01  9.123e-01  9.182e-01  9.233e-01  9.277e-01  9.316e-01  9.352e-01  9.384e-01  9.414e-01  9.442e-01  9.468e-01  9.492e-01  9.515e-01  9.537e-01  9.558e-01  9.578e-01  9.597e-01  9.614e-01  9.631e-01  9.648e-01  9.663e-01  9.678e-01  9.692e-01  9.705e-01  9.718e-01  9.730e-01  9.741e-01  9.752e-01  9.762e-01  9.772e-01  9.782e-01  9.791e-01  9.799e-01  9.807e-01  9.814e-01  9.821e-01  9.826e-01  9.829e-01  9.831e-01 	
 7.110e-01  7.224e-01  7.430e-01  7.694e-01  7.977e-01  8.249e-01  8.488e-01  8.688e-01  8.849e-01  8.976e-01  9.076e-01  9.156e-01  9.221e-01  9.275e-01  9.321e-01  9.361e-01  9.396e-01  9.428e-01  9.457e-01  9.484e-01  9.510e-01  9.533e-01  9.555e-01  9.576e-01  9.596e-01  9.615e-01  9.633e-01  9.650e-01  9.666e-01  9.681e-01  9.696e-01  9.710e-01  9.723e-01  9.735e-01  9.747e-01  9.758e-01  9.769e-01  9.779e-01  9.789e-01  9.798e-01  9.807e-01  9.815e-01  9.823e-01  9.830e-01  9.837e-01  9.843e-01  9.849e-01  9.853e-01  9.857e-01  9.858e-01 	
 7.300e-01  7.410e-01  7.609e-01  7.863e-01  8.135e-01  8.394e-01  8.622e-01  8.811e-01  8.962e-01  9.081e-01  9.174e-01  9.248e-01  9.307e-01  9.356e-01  9.398e-01  9.434e-01  9.467e-01  9.496e-01  9.522e-01  9.547e-01  9.570e-01  9.591e-01  9.612e-01  9.631e-01  9.649e-01  9.666e-01  9.682e-01  9.697e-01  9.712e-01  9.725e-01  9.738e-01  9.751e-01  9.762e-01  9.774e-01  9.784e-01  9.794e-01  9.804e-01  9.813e-01  9.821e-01  9.829e-01  9.837e-01  9.844e-01  9.851e-01  9.857e-01  9.863e-01  9.869e-01  9.873e-01  9.877e-01  9.880e-01  9.881e-01 	
 7.469e-01  7.575e-01  7.768e-01  8.012e-01  8.274e-01  8.523e-01  8.740e-01  8.920e-01  9.062e-01  9.174e-01  9.260e-01  9.328e-01  9.383e-01  9.428e-01  9.467e-01  9.500e-01  9.529e-01  9.556e-01  9.580e-01  9.603e-01  9.623e-01  9.643e-01  9.661e-01  9.679e-01  9.695e-01  9.710e-01  9.725e-01  9.739e-01  9.752e-01  9.764e-01  9.776e-01  9.787e-01  9.797e-01  9.807e-01  9.816e-01  9.825e-01  9.834e-01  9.841e-01  9.849e-01  9.856e-01  9.863e-01  9.869e-01  9.875e-01  9.880e-01  9.886e-01  9.890e-01  9.894e-01  9.898e-01  9.900e-01  9.901e-01 	
 7.618e-01  7.721e-01  7.907e-01  8.144e-01  8.396e-01  8.635e-01  8.843e-01  9.015e-01  9.150e-01  9.255e-01  9.336e-01  9.399e-01  9.450e-01  9.492e-01  9.527e-01  9.558e-01  9.585e-01  9.609e-01  9.631e-01  9.652e-01  9.671e-01  9.688e-01  9.705e-01  9.721e-01  9.736e-01  9.750e-01  9.763e-01  9.775e-01  9.787e-01  9.798e-01  9.808e-01  9.818e-01  9.827e-01  9.836e-01  9.844e-01  9.852e-01  9.859e-01  9.866e-01  9.873e-01  9.879e-01  9.885e-01  9.890e-01  9.895e-01  9.900e-01  9.904e-01  9.908e-01  9.912e-01  9.915e-01  9.917e-01  9.918e-01 	
 7.749e-01  7.849e-01  8.029e-01  8.259e-01  8.503e-01  8.733e-01  8.934e-01  9.097e-01  9.226e-01  9.326e-01  9.402e-01  9.461e-01  9.509e-01  9.548e-01  9.580e-01  9.608e-01  9.633e-01  9.655e-01  9.676e-01  9.695e-01  9.712e-01  9.728e-01  9.743e-01  9.758e-01  9.771e-01  9.784e-01  9.795e-01  9.807e-01  9.817e-01  9.827e-01  9.836e-01  9.845e-01  9.853e-01  9.861e-01  9.868e-01  9.875e-01  9.881e-01  9.887e-01  9.893e-01  9.898e-01  9.903e-01  9.908e-01  9.912e-01  9.916e-01  9.920e-01  9.924e-01  9.927e-01  9.929e-01  9.931e-01  9.932e-01 	
 7.863e-01  7.960e-01  8.136e-01  8.359e-01  8.596e-01  8.819e-01  9.012e-01  9.170e-01  9.293e-01  9.387e-01  9.460e-01  9.516e-01  9.560e-01  9.596e-01  9.626e-01  9.652e-01  9.675e-01  9.696e-01  9.715e-01  9.732e-01  9.748e-01  9.763e-01  9.777e-01  9.790e-01  9.802e-01  9.813e-01  9.824e-01  9.834e-01  9.843e-01  9.852e-01  9.860e-01  9.868e-01  9.875e-01  9.882e-01  9.888e-01  9.894e-01  9.900e-01  9.905e-01  9.910e-01  9.914e-01  9.919e-01  9.923e-01  9.926e-01  9.930e-01  9.933e-01  9.936e-01  9.939e-01  9.941e-01  9.942e-01  9.943e-01 	
 7.963e-01  8.058e-01  8.230e-01  8.447e-01  8.677e-01  8.894e-01  9.081e-01  9.232e-01  9.351e-01  9.441e-01  9.510e-01  9.563e-01  9.604e-01  9.638e-01  9.667e-01  9.691e-01  9.712e-01  9.731e-01  9.749e-01  9.764e-01  9.779e-01  9.793e-01  9.805e-01  9.817e-01  9.828e-01  9.838e-01  9.848e-01  9.857e-01  9.865e-01  9.873e-01  9.880e-01  9.887e-01  9.893e-01  9.899e-01  9.905e-01  9.910e-01  9.915e-01  9.919e-01  9.924e-01  9.928e-01  9.931e-01  9.935e-01  9.938e-01  9.941e-01  9.944e-01  9.947e-01  9.949e-01  9.951e-01  9.952e-01  9.952e-01 	
 8.051e-01  8.144e-01  8.311e-01  8.523e-01  8.748e-01  8.958e-01  9.140e-01  9.287e-01  9.401e-01  9.487e-01  9.553e-01  9.603e-01  9.643e-01  9.675e-01  9.702e-01  9.724e-01  9.744e-01  9.762e-01  9.778e-01  9.792e-01  9.806e-01  9.818e-01  9.830e-01  9.840e-01  9.850e-01  9.860e-01  9.868e-01  9.876e-01  9.884e-01  9.891e-01  9.897e-01  9.903e-01  9.909e-01  9.914e-01  9.919e-01  9.923e-01  9.928e-01  9.932e-01  9.935e-01  9.939e-01  9.942e-01  9.945e-01  9.948e-01  9.950e-01  9.953e-01  9.955e-01  9.957e-01  9.958e-01  9.959e-01  9.960e-01 	
 8.127e-01  8.218e-01  8.382e-01  8.590e-01  8.809e-01  9.015e-01  9.191e-01  9.334e-01  9.444e-01  9.528e-01  9.591e-01  9.639e-01  9.676e-01  9.707e-01  9.732e-01  9.753e-01  9.772e-01  9.788e-01  9.803e-01  9.816e-01  9.829e-01  9.840e-01  9.851e-01  9.860e-01  9.869e-01  9.878e-01  9.886e-01  9.893e-01  9.899e-01  9.906e-01  9.911e-01  9.917e-01  9.922e-01  9.926e-01  9.931e-01  9.935e-01  9.938e-01  9.942e-01  9.945e-01  9.948e-01  9.951e-01  9.953e-01  9.956e-01  9.958e-01  9.960e-01  9.962e-01  9.964e-01  9.965e-01  9.966e-01  9.966e-01 	
 8.194e-01  8.283e-01  8.444e-01  8.648e-01  8.862e-01  9.063e-01  9.236e-01  9.375e-01  9.482e-01  9.562e-01  9.623e-01  9.669e-01  9.705e-01  9.734e-01  9.758e-01  9.778e-01  9.795e-01  9.811e-01  9.824e-01  9.837e-01  9.848e-01  9.859e-01  9.868e-01  9.877e-01  9.886e-01  9.893e-01  9.900e-01  9.907e-01  9.913e-01  9.918e-01  9.923e-01  9.928e-01  9.932e-01  9.936e-01  9.940e-01  9.944e-01  9.947e-01  9.950e-01  9.953e-01  9.955e-01  9.958e-01  9.960e-01  9.962e-01  9.964e-01  9.966e-01  9.968e-01  9.969e-01  9.970e-01  9.971e-01  9.971e-01 	
 8.252e-01  8.340e-01  8.498e-01  8.698e-01  8.909e-01  9.106e-01  9.275e-01  9.410e-01  9.514e-01  9.593e-01  9.651e-01  9.696e-01  9.730e-01  9.758e-01  9.780e-01  9.799e-01  9.816e-01  9.830e-01  9.843e-01  9.855e-01  9.865e-01  9.875e-01  9.884e-01  9.892e-01  9.899e-01  9.906e-01  9.912e-01  9.918e-01  9.924e-01  9.928e-01  9.933e-01  9.937e-01  9.941e-01  9.945e-01  9.948e-01  9.951e-01  9.954e-01  9.957e-01  9.959e-01  9.962e-01  9.964e-01  9.966e-01  9.968e-01  9.969e-01  9.971e-01  9.972e-01  9.973e-01  9.974e-01  9.975e-01  9.975e-01 	
 8.303e-01  8.390e-01  8.546e-01  8.742e-01  8.949e-01  9.143e-01  9.308e-01  9.441e-01  9.543e-01  9.619e-01  9.676e-01  9.719e-01  9.752e-01  9.778e-01  9.800e-01  9.818e-01  9.833e-01  9.847e-01  9.859e-01  9.870e-01  9.879e-01  9.888e-01  9.896e-01  9.904e-01  9.911e-01  9.917e-01  9.923e-01  9.928e-01  9.933e-01  9.937e-01  9.941e-01  9.945e-01  9.949e-01  9.952e-01  9.955e-01  9.958e-01  9.960e-01  9.962e-01  9.965e-01  9.967e-01  9.968e-01  9.970e-01  9.972e-01  9.973e-01  9.975e-01  9.976e-01  9.977e-01  9.978e-01  9.978e-01  9.979e-01 	
 8.348e-01  8.434e-01  8.587e-01  8.781e-01  8.985e-01  9.175e-01  9.338e-01  9.468e-01  9.567e-01  9.642e-01  9.697e-01  9.739e-01  9.771e-01  9.796e-01  9.816e-01  9.834e-01  9.848e-01  9.861e-01  9.872e-01  9.883e-01  9.892e-01  9.900e-01  9.907e-01  9.914e-01  9.920e-01  9.926e-01  9.931e-01  9.936e-01  9.941e-01  9.945e-01  9.948e-01  9.952e-01  9.955e-01  9.958e-01  9.960e-01  9.963e-01  9.965e-01  9.967e-01  9.969e-01  9.971e-01  9.972e-01  9.974e-01  9.975e-01  9.977e-01  9.978e-01  9.979e-01  9.980e-01  9.981e-01  9.981e-01  9.981e-01 	
 8.388e-01  8.473e-01  8.624e-01  8.815e-01  9.017e-01  9.204e-01  9.364e-01  9.492e-01  9.589e-01  9.662e-01  9.716e-01  9.756e-01  9.787e-01  9.812e-01  9.831e-01  9.848e-01  9.861e-01  9.874e-01  9.884e-01  9.894e-01  9.902e-01  9.910e-01  9.917e-01  9.923e-01  9.929e-01  9.934e-01  9.939e-01  9.943e-01  9.947e-01  9.951e-01  9.954e-01  9.957e-01  9.960e-01  9.963e-01  9.965e-01  9.967e-01  9.969e-01  9.971e-01  9.973e-01  9.974e-01  9.976e-01  9.977e-01  9.978e-01  9.980e-01  9.981e-01  9.982e-01  9.982e-01  9.983e-01  9.983e-01  9.984e-01 	
 8.424e-01  8.508e-01  8.657e-01  8.846e-01  9.045e-01  9.230e-01  9.387e-01  9.513e-01  9.608e-01  9.680e-01  9.732e-01  9.772e-01  9.802e-01  9.825e-01  9.844e-01  9.860e-01  9.873e-01  9.885e-01  9.895e-01  9.903e-01  9.911e-01  9.919e-01  9.925e-01  9.931e-01  9.936e-01  9.941e-01  9.945e-01  9.949e-01  9.953e-01  9.956e-01  9.959e-01  9.962e-01  9.964e-01  9.967e-01  9.969e-01  9.971e-01  9.973e-01  9.974e-01  9.976e-01  9.977e-01  9.979e-01  9.980e-01  9.981e-01  9.982e-01  9.983e-01  9.984e-01  9.984e-01  9.985e-01  9.985e-01  9.986e-01 	
 8.457e-01  8.539e-01  8.687e-01  8.874e-01  9.070e-01  9.253e-01  9.408e-01  9.532e-01  9.626e-01  9.696e-01  9.747e-01  9.786e-01  9.815e-01  9.837e-01  9.856e-01  9.871e-01  9.883e-01  9.894e-01  9.904e-01  9.912e-01  9.919e-01  9.926e-01  9.932e-01  9.937e-01  9.942e-01  9.947e-01  9.951e-01  9.954e-01  9.958e-01  9.961e-01  9.963e-01  9.966e-01  9.968e-01  9.970e-01  9.972e-01  9.974e-01  9.976e-01  9.977e-01  9.978e-01  9.980e-01  9.981e-01  9.982e-01  9.983e-01  9.984e-01  9.985e-01  9.985e-01  9.986e-01  9.987e-01  9.987e-01  9.987e-01 	
 8.486e-01  8.568e-01  8.715e-01  8.899e-01  9.093e-01  9.273e-01  9.427e-01  9.549e-01  9.641e-01  9.710e-01  9.761e-01  9.798e-01  9.826e-01  9.848e-01  9.866e-01  9.880e-01  9.892e-01  9.903e-01  9.912e-01  9.920e-01  9.927e-01  9.933e-01  9.938e-01  9.943e-01  9.948e-01  9.952e-01  9.956e-01  9.959e-01  9.962e-01  9.965e-01  9.967e-01  9.969e-01  9.971e-01  9.973e-01  9.975e-01  9.977e-01  9.978e-01  9.979e-01  9.981e-01  9.982e-01  9.983e-01  9.984e-01  9.985e-01  9.986e-01  9.986e-01  9.987e-01  9.988e-01  9.988e-01  9.988e-01  9.989e-01 	
 8.514e-01  8.594e-01  8.740e-01  8.922e-01  9.114e-01  9.293e-01  9.444e-01  9.564e-01  9.655e-01  9.723e-01  9.773e-01  9.809e-01  9.837e-01  9.858e-01  9.875e-01  9.889e-01  9.901e-01  9.910e-01  9.919e-01  9.926e-01  9.933e-01  9.939e-01  9.944e-01  9.948e-01  9.953e-01  9.956e-01  9.960e-01  9.963e-01  9.966e-01  9.968e-01  9.970e-01  9.972e-01  9.974e-01  9.976e-01  9.978e-01  9.979e-01  9.980e-01  9.982e-01  9.983e-01  9.984e-01  9.985e-01  9.986e-01  9.986e-01  9.987e-01  9.988e-01  9.988e-01  9.989e-01  9.989e-01  9.990e-01  9.990e-01 	
 8.539e-01  8.619e-01  8.763e-01  8.944e-01  9.134e-01  9.310e-01  9.460e-01  9.579e-01  9.669e-01  9.735e-01  9.784e-01  9.819e-01  9.846e-01  9.867e-01  9.883e-01  9.897e-01  9.908e-01  9.917e-01  9.925e-01  9.932e-01  9.939e-01  9.944e-01  9.949e-01  9.953e-01  9.957e-01  9.960e-01  9.964e-01  9.966e-01  9.969e-01  9.971e-01  9.973e-01  9.975e-01  9.977e-01  9.978e-01  9.980e-01  9.981e-01  9.982e-01  9.983e-01  9.984e-01  9.985e-01  9.986e-01  9.987e-01  9.988e-01  9.988e-01  9.989e-01  9.989e-01  9.990e-01  9.990e-01  9.991e-01  9.991e-01 	
 8.563e-01  8.642e-01  8.785e-01  8.964e-01  9.152e-01  9.327e-01  9.475e-01  9.592e-01  9.681e-01  9.746e-01  9.794e-01  9.829e-01  9.855e-01  9.875e-01  9.891e-01  9.904e-01  9.915e-01  9.924e-01  9.931e-01  9.938e-01  9.944e-01  9.949e-01  9.953e-01  9.957e-01  9.961e-01  9.964e-01  9.967e-01  9.969e-01  9.972e-01  9.974e-01  9.976e-01  9.978e-01  9.979e-01  9.980e-01  9.982e-01  9.983e-01  9.984e-01  9.985e-01  9.986e-01  9.987e-01  9.988e-01  9.988e-01  9.989e-01  9.989e-01  9.990e-01  9.991e-01  9.991e-01  9.991e-01  9.991e-01  9.992e-01 	
 8.585e-01  8.664e-01  8.805e-01  8.983e-01  9.169e-01  9.342e-01  9.488e-01  9.604e-01  9.692e-01  9.756e-01  9.803e-01  9.838e-01  9.863e-01  9.883e-01  9.898e-01  9.911e-01  9.921e-01  9.929e-01  9.937e-01  9.943e-01  9.948e-01  9.953e-01  9.957e-01  9.961e-01  9.964e-01  9.967e-01  9.970e-01  9.972e-01  9.974e-01  9.976e-01  9.978e-01  9.980e-01  9.981e-01  9.982e-01  9.984e-01  9.985e-01  9.986e-01  9.986e-01  9.987e-01  9.988e-01  9.989e-01  9.989e-01  9.990e-01  9.991e-01  9.991e-01  9.991e-01  9.992e-01  9.992e-01  9.992e-01  9.992e-01 	
 8.607e-01  8.685e-01  8.825e-01  9.001e-01  9.186e-01  9.357e-01  9.502e-01  9.616e-01  9.703e-01  9.766e-01  9.812e-01  9.846e-01  9.871e-01  9.890e-01  9.905e-01  9.917e-01  9.927e-01  9.935e-01  9.942e-01  9.948e-01  9.953e-01  9.957e-01  9.961e-01  9.965e-01  9.968e-01  9.970e-01  9.973e-01  9.975e-01  9.977e-01  9.979e-01  9.980e-01  9.982e-01  9.983e-01  9.984e-01  9.985e-01  9.986e-01  9.987e-01  9.988e-01  9.989e-01  9.989e-01  9.990e-01  9.990e-01  9.991e-01  9.991e-01  9.992e-01  9.992e-01  9.993e-01  9.993e-01  9.993e-01  9.993e-01 	
 8.628e-01  8.705e-01  8.844e-01  9.018e-01  9.201e-01  9.371e-01  9.514e-01  9.628e-01  9.713e-01  9.776e-01  9.821e-01  9.854e-01  9.879e-01  9.897e-01  9.911e-01  9.923e-01  9.932e-01  9.940e-01  9.946e-01  9.952e-01  9.957e-01  9.961e-01  9.965e-01  9.968e-01  9.971e-01  9.973e-01  9.975e-01  9.977e-01  9.979e-01  9.981e-01  9.982e-01  9.983e-01  9.985e-01  9.986e-01  9.987e-01  9.987e-01  9.988e-01  9.989e-01  9.990e-01  9.990e-01  9.991e-01  9.991e-01  9.992e-01  9.992e-01  9.993e-01  9.993e-01  9.993e-01  9.994e-01  9.994e-01  9.994e-01 	
 8.648e-01  8.724e-01  8.862e-01  9.035e-01  9.217e-01  9.384e-01  9.526e-01  9.638e-01  9.723e-01  9.784e-01  9.829e-01  9.862e-01  9.885e-01  9.903e-01  9.917e-01  9.928e-01  9.937e-01  9.945e-01  9.951e-01  9.956e-01  9.961e-01  9.964e-01  9.968e-01  9.971e-01  9.973e-01  9.976e-01  9.978e-01  9.980e-01  9.981e-01  9.983e-01  9.984e-01  9.985e-01  9.986e-01  9.987e-01  9.988e-01  9.989e-01  9.989e-01  9.990e-01  9.991e-01  9.991e-01  9.992e-01  9.992e-01  9.993e-01  9.993e-01  9.993e-01  9.994e-01  9.994e-01  9.994e-01  9.994e-01  9.994e-01 	
 8.667e-01  8.743e-01  8.880e-01  9.052e-01  9.231e-01  9.398e-01  9.538e-01  9.649e-01  9.732e-01  9.793e-01  9.837e-01  9.869e-01  9.892e-01  9.910e-01  9.923e-01  9.934e-01  9.942e-01  9.949e-01  9.955e-01  9.960e-01  9.964e-01  9.968e-01  9.971e-01  9.974e-01  9.976e-01  9.978e-01  9.980e-01  9.982e-01  9.983e-01  9.984e-01  9.986e-01  9.987e-01  9.988e-01  9.988e-01  9.989e-01  9.990e-01  9.991e-01  9.991e-01  9.992e-01  9.992e-01  9.993e-01  9.993e-01  9.993e-01  9.994e-01  9.994e-01  9.994e-01  9.995e-01  9.995e-01  9.995e-01  9.995e-01 	
 8.687e-01  8.762e-01  8.898e-01  9.068e-01  9.246e-01  9.411e-01  9.550e-01  9.659e-01  9.741e-01  9.801e-01  9.844e-01  9.876e-01  9.898e-01  9.915e-01  9.928e-01  9.939e-01  9.947e-01  9.953e-01  9.959e-01  9.963e-01  9.967e-01  9.971e-01  9.974e-01  9.976e-01  9.978e-01  9.980e-01  9.982e-01  9.983e-01  9.985e-01  9.986e-01  9.987e-01  9.988e-01  9.989e-01  9.990e-01  9.990e-01  9.991e-01  9.992e-01  9.992e-01  9.993e-01  9.993e-01  9.993e-01  9.994e-01  9.994e-01  9.994e-01  9.995e-01  9.995e-01  9.995e-01  9.995e-01  9.995e-01  9.995e-01 	
 8.706e-01  8.781e-01  8.915e-01  9.083e-01  9.260e-01  9.423e-01  9.561e-01  9.669e-01  9.750e-01  9.809e-01  9.852e-01  9.882e-01  9.904e-01  9.921e-01  9.933e-01  9.943e-01  9.951e-01  9.957e-01  9.962e-01  9.967e-01  9.970e-01  9.974e-01  9.976e-01  9.979e-01  9.981e-01  9.982e-01  9.984e-01  9.985e-01  9.986e-01  9.987e-01  9.988e-01  9.989e-01  9.990e-01  9.991e-01  9.991e-01  9.992e-01  9.992e-01  9.993e-01  9.993e-01  9.994e-01  9.994e-01  9.994e-01  9.995e-01  9.995e-01  9.995e-01  9.995e-01  9.996e-01  9.996e-01  9.996e-01  9.996e-01 	
 8.725e-01  8.799e-01  8.932e-01  9.099e-01  9.274e-01  9.435e-01  9.571e-01  9.678e-01  9.759e-01  9.817e-01  9.858e-01  9.888e-01  9.910e-01  9.926e-01  9.938e-01  9.948e-01  9.955e-01  9.961e-01  9.966e-01  9.970e-01  9.973e-01  9.976e-01  9.979e-01  9.981e-01  9.983e-01  9.984e-01  9.986e-01  9.987e-01  9.988e-01  9.989e-01  9.990e-01  9.990e-01  9.991e-01  9.992e-01  9.992e-01  9.993e-01  9.993e-01  9.994e-01  9.994e-01  9.994e-01  9.995e-01  9.995e-01  9.995e-01  9.995e-01  9.996e-01  9.996e-01  9.996e-01  9.996e-01  9.996e-01  9.996e-01 	
 8.743e-01  8.817e-01  8.949e-01  9.114e-01  9.288e-01  9.447e-01  9.582e-01  9.688e-01  9.767e-01  9.824e-01  9.865e-01  9.894e-01  9.915e-01  9.931e-01  9.942e-01  9.952e-01  9.959e-01  9.964e-01  9.969e-01  9.973e-01  9.976e-01  9.978e-01  9.981e-01  9.983e-01  9.984e-01  9.986e-01  9.987e-01  9.988e-01  9.989e-01  9.990e-01  9.991e-01  9.991e-01  9.992e-01  9.993e-01  9.993e-01  9.994e-01  9.994e-01  9.994e-01  9.995e-01  9.995e-01  9.995e-01  9.995e-01  9.996e-01  9.996e-01  9.996e-01  9.996e-01  9.996e-01  9.997e-01  9.997e-01  9.997e-01 	
 8.762e-01  8.835e-01  8.966e-01  9.130e-01  9.301e-01  9.459e-01  9.592e-01  9.697e-01  9.774e-01  9.831e-01  9.871e-01  9.899e-01  9.920e-01  9.935e-01  9.946e-01  9.955e-01  9.962e-01  9.967e-01  9.972e-01  9.975e-01  9.978e-01  9.981e-01  9.983e-01  9.984e-01  9.986e-01  9.987e-01  9.988e-01  9.989e-01  9.990e-01  9.991e-01  9.992e-01  9.992e-01  9.993e-01  9.993e-01  9.994e-01  9.994e-01  9.995e-01  9.995e-01  9.995e-01  9.995e-01  9.996e-01  9.996e-01  9.996e-01  9.996e-01  9.996e-01  9.997e-01  9.997e-01  9.997e-01  9.997e-01  9.997e-01 	
 8.781e-01  8.853e-01  8.983e-01  9.145e-01  9.315e-01  9.471e-01  9.602e-01  9.705e-01  9.782e-01  9.837e-01  9.876e-01  9.904e-01  9.924e-01  9.939e-01  9.950e-01  9.958e-01  9.965e-01  9.970e-01  9.974e-01  9.977e-01  9.980e-01  9.982e-01  9.984e-01  9.986e-01  9.987e-01  9.989e-01  9.990e-01  9.991e-01  9.991e-01  9.992e-01  9.993e-01  9.993e-01  9.994e-01  9.994e-01  9.994e-01  9.995e-01  9.995e-01  9.995e-01  9.996e-01  9.996e-01  9.996e-01  9.996e-01  9.997e-01  9.997e-01  9.997e-01  9.997e-01  9.997e-01  9.997e-01  9.997e-01  9.997e-01 	
 8.800e-01  8.871e-01  8.999e-01  9.160e-01  9.328e-01  9.482e-01  9.612e-01  9.713e-01  9.789e-01  9.843e-01  9.882e-01  9.909e-01  9.928e-01  9.943e-01  9.953e-01  9.961e-01  9.967e-01  9.972e-01  9.976e-01  9.979e-01  9.982e-01  9.984e-01  9.986e-01  9.987e-01  9.989e-01  9.990e-01  9.991e-01  9.991e-01  9.992e-01  9.993e-01  9.993e-01  9.994e-01  9.994e-01  9.995e-01  9.995e-01  9.995e-01  9.996e-01  9.996e-01  9.996e-01  9.996e-01  9.996e-01  9.997e-01  9.997e-01  9.997e-01  9.997e-01  9.997e-01  9.997e-01  9.997e-01  9.997e-01  9.997e-01 	
 8.819e-01  8.890e-01  9.016e-01  9.175e-01  9.341e-01  9.493e-01  9.621e-01  9.721e-01  9.795e-01  9.849e-01  9.886e-01  9.913e-01  9.932e-01  9.946e-01  9.956e-01  9.964e-01  9.969e-01  9.974e-01  9.978e-01  9.981e-01  9.983e-01  9.985e-01  9.987e-01  9.988e-01  9.990e-01  9.991e-01  9.991e-01  9.992e-01  9.993e-01  9.993e-01  9.994e-01  9.994e-01  9.995e-01  9.995e-01  9.995e-01  9.996e-01  9.996e-01  9.996e-01  9.996e-01  9.997e-01  9.997e-01  9.997e-01  9.997e-01  9.997e-01  9.997e-01  9.997e-01  9.997e-01  9.998e-01  9.998e-01  9.998e-01 	
 8.838e-01  8.908e-01  9.033e-01  9.190e-01  9.354e-01  9.504e-01  9.630e-01  9.729e-01  9.802e-01  9.854e-01  9.891e-01  9.917e-01  9.935e-01  9.948e-01  9.958e-01  9.966e-01  9.971e-01  9.976e-01  9.979e-01  9.982e-01  9.984e-01  9.986e-01  9.988e-01  9.989e-01  9.990e-01  9.991e-01  9.992e-01  9.993e-01  9.993e-01  9.994e-01  9.994e-01  9.995e-01  9.995e-01  9.995e-01  9.996e-01  9.996e-01  9.996e-01  9.996e-01  9.997e-01  9.997e-01  9.997e-01  9.997e-01  9.997e-01  9.997e-01  9.997e-01  9.998e-01  9.998e-01  9.998e-01  9.998e-01  9.998e-01 	
 8.857e-01  8.926e-01  9.050e-01  9.205e-01  9.367e-01  9.515e-01  9.639e-01  9.736e-01  9.807e-01  9.859e-01  9.895e-01  9.920e-01  9.938e-01  9.951e-01  9.960e-01  9.967e-01  9.973e-01  9.977e-01  9.980e-01  9.983e-01  9.985e-01  9.987e-01  9.989e-01  9.990e-01  9.991e-01  9.992e-01  9.993e-01  9.993e-01  9.994e-01  9.994e-01  9.995e-01  9.995e-01  9.995e-01  9.996e-01  9.996e-01  9.996e-01  9.996e-01  9.997e-01  9.997e-01  9.997e-01  9.997e-01  9.997e-01  9.997e-01  9.998e-01  9.998e-01  9.998e-01  9.998e-01  9.998e-01  9.998e-01  9.998e-01 	
 8.877e-01  8.945e-01  9.067e-01  9.220e-01  9.380e-01  9.526e-01  9.648e-01  9.743e-01  9.813e-01  9.863e-01  9.898e-01  9.923e-01  9.940e-01  9.953e-01  9.962e-01  9.969e-01  9.974e-01  9.978e-01  9.981e-01  9.984e-01  9.986e-01  9.988e-01  9.989e-01  9.990e-01  9.991e-01  9.992e-01  9.993e-01  9.994e-01  9.994e-01  9.995e-01  9.995e-01  9.995e-01  9.996e-01  9.996e-01  9.996e-01  9.996e-01  9.997e-01  9.997e-01  9.997e-01  9.997e-01  9.997e-01  9.997e-01  9.998e-01  9.998e-01  9.998e-01  9.998e-01  9.998e-01  9.998e-01  9.998e-01  9.998e-01 	
 8.896e-01  8.964e-01  9.085e-01  9.236e-01  9.393e-01  9.537e-01  9.657e-01  9.750e-01  9.819e-01  9.867e-01  9.902e-01  9.926e-01  9.943e-01  9.955e-01  9.964e-01  9.970e-01  9.975e-01  9.979e-01  9.982e-01  9.985e-01  9.987e-01  9.988e-01  9.990e-01  9.991e-01  9.992e-01  9.993e-01  9.993e-01  9.994e-01  9.994e-01  9.995e-01  9.995e-01  9.996e-01  9.996e-01  9.996e-01  9.996e-01  9.997e-01  9.997e-01  9.997e-01  9.997e-01  9.997e-01  9.997e-01  9.998e-01  9.998e-01  9.998e-01  9.998e-01  9.998e-01  9.998e-01  9.998e-01  9.998e-01  9.998e-01 	
 8.916e-01  8.983e-01  9.102e-01  9.251e-01  9.406e-01  9.547e-01  9.665e-01  9.757e-01  9.824e-01  9.872e-01  9.905e-01  9.928e-01  9.945e-01  9.956e-01  9.965e-01  9.971e-01  9.976e-01  9.980e-01  9.983e-01  9.985e-01  9.987e-01  9.989e-01  9.990e-01  9.991e-01  9.992e-01  9.993e-01  9.994e-01  9.994e-01  9.995e-01  9.995e-01  9.995e-01  9.996e-01  9.996e-01  9.996e-01  9.997e-01  9.997e-01  9.997e-01  9.997e-01  9.997e-01  9.997e-01  9.997e-01  9.998e-01  9.998e-01  9.998e-01  9.998e-01  9.998e-01  9.998e-01  9.998e-01  9.998e-01  9.998e-01 	
 8.936e-01  9.002e-01  9.119e-01  9.266e-01  9.418e-01  9.558e-01  9.674e-01  9.763e-01  9.829e-01  9.876e-01  9.908e-01  9.931e-01  9.947e-01  9.958e-01  9.966e-01  9.972e-01  9.977e-01  9.981e-01  9.984e-01  9.986e-01  9.988e-01  9.989e-01  9.991e-01  9.992e-01  9.992e-01  9.993e-01  9.994e-01  9.994e-01  9.995e-01  9.995e-01  9.996e-01  9.996e-01  9.996e-01  9.996e-01  9.997e-01  9.997e-01  9.997e-01  9.997e-01  9.997e-01  9.997e-01  9.998e-01  9.998e-01  9.998e-01  9.998e-01  9.998e-01  9.998e-01  9.998e-01  9.998e-01  9.998e-01  9.998e-01 	
 8.956e-01  9.020e-01  9.136e-01  9.281e-01  9.431e-01  9.568e-01  9.682e-01  9.770e-01  9.834e-01  9.879e-01  9.911e-01  9.933e-01  9.949e-01  9.959e-01  9.967e-01  9.973e-01  9.978e-01  9.981e-01  9.984e-01  9.986e-01  9.988e-01  9.990e-01  9.991e-01  9.992e-01  9.993e-01  9.993e-01  9.994e-01  9.995e-01  9.995e-01  9.995e-01  9.996e-01  9.996e-01  9.996e-01  9.997e-01  9.997e-01  9.997e-01  9.997e-01  9.997e-01  9.997e-01  9.997e-01  9.998e-01  9.998e-01  9.998e-01  9.998e-01  9.998e-01  9.998e-01  9.998e-01  9.998e-01  9.998e-01  9.998e-01 	
 8.974e-01  9.038e-01  9.152e-01  9.295e-01  9.443e-01  9.577e-01  9.689e-01  9.776e-01  9.839e-01  9.883e-01  9.914e-01  9.935e-01  9.950e-01  9.961e-01  9.969e-01  9.974e-01  9.979e-01  9.982e-01  9.985e-01  9.987e-01  9.989e-01  9.990e-01  9.991e-01  9.992e-01  9.993e-01  9.994e-01  9.994e-01  9.995e-01  9.995e-01  9.996e-01  9.996e-01  9.996e-01  9.996e-01  9.997e-01  9.997e-01  9.997e-01  9.997e-01  9.997e-01  9.997e-01  9.998e-01  9.998e-01  9.998e-01  9.998e-01  9.998e-01  9.998e-01  9.998e-01  9.998e-01  9.998e-01  9.998e-01  9.998e-01 	
 8.991e-01  9.054e-01  9.167e-01  9.308e-01  9.453e-01  9.586e-01  9.696e-01  9.781e-01  9.843e-01  9.886e-01  9.916e-01  9.937e-01  9.952e-01  9.962e-01  9.970e-01  9.975e-01  9.979e-01  9.983e-01  9.985e-01  9.987e-01  9.989e-01  9.990e-01  9.991e-01  9.992e-01  9.993e-01  9.994e-01  9.994e-01  9.995e-01  9.995e-01  9.996e-01  9.996e-01  9.996e-01  9.997e-01  9.997e-01  9.997e-01  9.997e-01  9.997e-01  9.997e-01  9.997e-01  9.998e-01  9.998e-01  9.998e-01  9.998e-01  9.998e-01  9.998e-01  9.998e-01  9.998e-01  9.998e-01  9.998e-01  9.998e-01 	
 9.005e-01  9.068e-01  9.179e-01  9.318e-01  9.462e-01  9.593e-01  9.702e-01  9.785e-01  9.846e-01  9.889e-01  9.918e-01  9.939e-01  9.953e-01  9.963e-01  9.970e-01  9.976e-01  9.980e-01  9.983e-01  9.986e-01  9.988e-01  9.989e-01  9.991e-01  9.992e-01  9.993e-01  9.993e-01  9.994e-01  9.995e-01  9.995e-01  9.995e-01  9.996e-01  9.996e-01  9.996e-01  9.997e-01  9.997e-01  9.997e-01  9.997e-01  9.997e-01  9.997e-01  9.998e-01  9.998e-01  9.998e-01  9.998e-01  9.998e-01  9.998e-01  9.998e-01  9.998e-01  9.998e-01  9.998e-01  9.998e-01  9.998e-01 	
 9.015e-01  9.077e-01  9.188e-01  9.326e-01  9.469e-01  9.599e-01  9.706e-01  9.789e-01  9.849e-01  9.891e-01  9.920e-01  9.940e-01  9.954e-01  9.964e-01  9.971e-01  9.976e-01  9.980e-01  9.983e-01  9.986e-01  9.988e-01  9.989e-01  9.991e-01  9.992e-01  9.993e-01  9.993e-01  9.994e-01  9.995e-01  9.995e-01  9.995e-01  9.996e-01  9.996e-01  9.996e-01  9.997e-01  9.997e-01  9.997e-01  9.997e-01  9.997e-01  9.997e-01  9.998e-01  9.998e-01  9.998e-01  9.998e-01  9.998e-01  9.998e-01  9.998e-01  9.998e-01  9.998e-01  9.998e-01  9.998e-01  9.998e-01 	
 9.021e-01  9.083e-01  9.193e-01  9.330e-01  9.472e-01  9.601e-01  9.708e-01  9.790e-01  9.850e-01  9.892e-01  9.921e-01  9.941e-01  9.954e-01  9.964e-01  9.971e-01  9.977e-01  9.981e-01  9.984e-01  9.986e-01  9.988e-01  9.990e-01  9.991e-01  9.992e-01  9.993e-01  9.994e-01  9.994e-01  9.995e-01  9.995e-01  9.996e-01  9.996e-01  9.996e-01  9.996e-01  9.997e-01  9.997e-01  9.997e-01  9.997e-01  9.997e-01  9.997e-01  9.998e-01  9.998e-01  9.998e-01  9.998e-01  9.998e-01  9.998e-01  9.998e-01  9.998e-01  9.998e-01  9.998e-01  9.998e-01  9.998e-01 	
