0.07963223435388403
0.0918204469881227
0.10900715272229207
0.13133619761914597
0.15805124088945444
0.19045553097191498
0.23109238940058524
0.2792561265015925
0.33519445752591215
0.39981774553159005
0.46457183757818576
0.5314204770390141
0.5924076943420794
0.6445412401687233
0.6905261871044294
0.7272356757990701
0.7583872150064158
0.7837123845329399
0.804631201909767
0.821600496884564
0.8352292860323676
0.8464964333260105
0.8556139870193825
0.8632155371668124
0.8694689470270602
0.8744031641378538
0.8781447765131312
0.881002469061023
0.883181579223198
0.8847659900489421
0.885893449082308
0.8867041002393302
0.8872900936500202
0.8877154005474328
0.8880339754134381
0.8882868744404356
0.8884896031641089
0.8886652391304596
0.8888212631376885
0.8889632805226322
0.8890987644285319
0.8892307109813321
0.889363262498224
0.8894981756406034
0.8896281029397917
0.8897650633882488
0.8899074054207254
0.8900501313853127
0.8901951083669758
0.8903394439422244