0.037216392138583826
0.04184398338540911
0.04996167199069257
0.06103046344481954
0.07444311981699489
0.0911731491222777
0.11317253061824739
0.14139233881927987
0.17695245747314403
0.22345797155006003
0.27706899562046355
0.3392814617332576
0.40873318606976417
0.4748798442504373
0.5403683178287746
0.59707582802115
0.6463640287246761
0.6876338700154302
0.7221491736727225
0.7511477149071518
0.7755764919807164
0.7961974818333952
0.8139366439443124
0.8290306387657103
0.8416519406160896
0.85185240293904
0.8596821530246364
0.865701145087048
0.8702826558561397
0.8736482468525151
0.8760380572256024
0.8777367026453804
0.8789483809410497
0.8798402542475104
0.88050312511266
0.8810222472917348
0.8814464911793422
0.8818060262366346
0.8821226709125812
0.8824124128644157
0.8826889181112964
0.8829557697658276
0.8832293144397876
0.8835006562472449
0.8837641222613671
0.884045109106433
0.8843306724744338
0.8846220859914713
0.8849173110194444
0.8852062167552025