 9.816e-02  8.602e-02  7.383e-02  6.234e-02  5.192e-02  4.267e-02  3.505e-02  2.763e-02  2.153e-02  1.628e-02  1.185e-02  7.282e-03  5.823e-03  3.844e-03  2.365e-03  1.312e-03  5.525e-04 -3.716e-06 -3.926e-04 -6.618e-04 -8.422e-04 -9.577e-04 -1.030e-03 -1.067e-03 -1.086e-03 -1.089e-03 -1.081e-03 -1.069e-03 -1.054e-03 -1.038e-03 -1.022e-03 -1.009e-03 -9.966e-04 -9.878e-04 -9.735e-04 -9.609e-04 -9.471e-04 -9.348e-04 -9.297e-04 -9.376e-04 -9.590e-04 -9.872e-04 -1.008e-03 -1.019e-03 -1.000e-03 -9.631e-04 -8.942e-04 -8.395e-04 -8.639e-04 -9.534e-04 	
 1.490e-01  1.355e-01  1.208e-01  1.054e-01  9.038e-02  7.638e-02  6.465e-02  5.315e-02  4.329e-02  3.436e-02  2.669e-02  1.885e-02  1.632e-02  1.278e-02  9.990e-03  7.932e-03  6.322e-03  5.016e-03  4.012e-03  3.221e-03  2.603e-03  2.121e-03  1.736e-03  1.439e-03  1.194e-03  1.001e-03  8.483e-04  7.194e-04  6.123e-04  5.253e-04  4.507e-04  3.866e-04  3.326e-04  2.992e-04  2.504e-04  2.197e-04  1.942e-04  1.726e-04  1.514e-04  1.266e-04  9.540e-05  5.979e-05  2.759e-05  1.524e-06 -4.249e-06  2.293e-06  3.200e-05  5.072e-05  8.228e-06 -9.498e-05 	
 2.311e-01  2.175e-01  2.005e-01  1.800e-01  1.579e-01  1.359e-01  1.167e-01  9.727e-02  7.999e-02  6.396e-02  4.994e-02  3.538e-02  3.063e-02  2.391e-02  1.860e-02  1.467e-02  1.159e-02  9.105e-03  7.197e-03  5.701e-03  4.536e-03  3.635e-03  2.918e-03  2.370e-03  1.922e-03  1.573e-03  1.300e-03  1.071e-03  8.835e-04  7.337e-04  6.073e-04  5.010e-04  4.148e-04  3.623e-04  2.904e-04  2.448e-04  2.053e-04  1.725e-04  1.471e-04  1.314e-04  1.243e-04  1.217e-04  1.179e-04  1.107e-04  9.659e-05  7.974e-05  5.839e-05  4.355e-05  4.777e-05  5.098e-05 	
 3.104e-01  2.954e-01  2.755e-01  2.503e-01  2.228e-01  1.950e-01  1.701e-01  1.446e-01  1.206e-01  9.762e-02  7.707e-02  5.537e-02  4.818e-02  3.785e-02  2.958e-02  2.346e-02  1.861e-02  1.465e-02  1.161e-02  9.218e-03  7.349e-03  5.899e-03  4.743e-03  3.856e-03  3.130e-03  2.562e-03  2.118e-03  1.745e-03  1.438e-03  1.192e-03  9.833e-04  8.065e-04  6.614e-04  5.728e-04  4.494e-04  3.722e-04  3.068e-04  2.527e-04  2.071e-04  1.703e-04  1.420e-04  1.213e-04  1.062e-04  9.405e-05  8.211e-05  6.928e-05  5.389e-05  4.141e-05  4.276e-05  5.284e-05 	
 3.905e-01  3.751e-01  3.539e-01  3.254e-01  2.945e-01  2.623e-01  2.329e-01  2.023e-01  1.714e-01  1.407e-01  1.126e-01  8.221e-02  7.199e-02  5.696e-02  4.477e-02  3.573e-02  2.844e-02  2.247e-02  1.785e-02  1.420e-02  1.134e-02  9.113e-03  7.334e-03  5.967e-03  4.845e-03  3.968e-03  3.281e-03  2.705e-03  2.229e-03  1.847e-03  1.523e-03  1.249e-03  1.023e-03  8.860e-04  6.941e-04  5.743e-04  4.731e-04  3.893e-04  3.172e-04  2.563e-04  2.060e-04  1.654e-04  1.336e-04  1.081e-04  8.977e-05  7.448e-05  6.264e-05  5.205e-05  4.326e-05  3.941e-05 	
 4.700e-01  4.550e-01  4.337e-01  4.031e-01  3.710e-01  3.364e-01  3.041e-01  2.703e-01  2.330e-01  1.945e-01  1.579e-01  1.177e-01  1.038e-01  8.294e-02  6.565e-02  5.283e-02  4.227e-02  3.352e-02  2.674e-02  2.132e-02  1.707e-02  1.374e-02  1.108e-02  9.022e-03  7.333e-03  6.010e-03  4.973e-03  4.102e-03  3.382e-03  2.803e-03  2.311e-03  1.895e-03  1.553e-03  1.344e-03  1.053e-03  8.716e-04  7.184e-04  5.921e-04  4.820e-04  3.883e-04  3.107e-04  2.470e-04  1.961e-04  1.544e-04  1.250e-04  1.019e-04  8.781e-05  7.641e-05  5.560e-05  3.555e-05 	
 5.483e-01  5.345e-01  5.149e-01  4.837e-01  4.527e-01  4.175e-01  3.840e-01  3.496e-01  3.068e-01  2.612e-01  2.162e-01  1.648e-01  1.468e-01  1.187e-01  9.494e-02  7.714e-02  6.217e-02  4.959e-02  3.976e-02  3.182e-02  2.556e-02  2.064e-02  1.667e-02  1.360e-02  1.107e-02  9.083e-03  7.521e-03  6.208e-03  5.122e-03  4.247e-03  3.504e-03  2.874e-03  2.357e-03  2.041e-03  1.600e-03  1.324e-03  1.091e-03  9.005e-04  7.325e-04  5.905e-04  4.733e-04  3.768e-04  2.992e-04  2.352e-04  1.896e-04  1.537e-04  1.323e-04  1.174e-04  8.192e-05  4.570e-05 	
 6.211e-01  6.084e-01  5.903e-01  5.632e-01  5.350e-01  5.027e-01  4.711e-01  4.369e-01  3.924e-01  3.419e-01  2.897e-01  2.272e-01  2.044e-01  1.681e-01  1.365e-01  1.121e-01  9.130e-02  7.348e-02  5.932e-02  4.777e-02  3.855e-02  3.124e-02  2.531e-02  2.070e-02  1.688e-02  1.387e-02  1.150e-02  9.498e-03  7.841e-03  6.504e-03  5.368e-03  4.404e-03  3.612e-03  3.128e-03  2.452e-03  2.030e-03  1.673e-03  1.379e-03  1.123e-03  9.063e-04  7.274e-04  5.805e-04  4.626e-04  3.650e-04  2.948e-04  2.389e-04  2.043e-04  1.778e-04  1.270e-04  7.233e-05 	
 6.852e-01  6.734e-01  6.569e-01  6.347e-01  6.103e-01  5.824e-01  5.549e-01  5.227e-01  4.801e-01  4.283e-01  3.722e-01  3.012e-01  2.741e-01  2.301e-01  1.904e-01  1.586e-01  1.309e-01  1.066e-01  8.690e-02  7.057e-02  5.733e-02  4.672e-02  3.802e-02  3.120e-02  2.552e-02  2.102e-02  1.745e-02  1.443e-02  1.193e-02  9.906e-03  8.184e-03  6.720e-03  5.517e-03  4.780e-03  3.749e-03  3.104e-03  2.556e-03  2.103e-03  1.715e-03  1.390e-03  1.120e-03  8.984e-04  7.194e-04  5.707e-04  4.619e-04  3.740e-04  3.164e-04  2.683e-04  1.985e-04  1.211e-04 	
 7.428e-01  7.327e-01  7.192e-01  7.018e-01  6.821e-01  6.600e-01  6.377e-01  6.097e-01  5.714e-01  5.217e-01  4.653e-01  3.895e-01  3.591e-01  3.087e-01  2.613e-01  2.218e-01  1.863e-01  1.542e-01  1.275e-01  1.048e-01  8.595e-02  7.062e-02  5.786e-02  4.776e-02  3.924e-02  3.244e-02  2.701e-02  2.238e-02  1.853e-02  1.541e-02  1.275e-02  1.048e-02  8.612e-03  7.466e-03  5.860e-03  4.850e-03  3.992e-03  3.282e-03  2.678e-03  2.176e-03  1.759e-03  1.416e-03  1.138e-03  9.071e-04  7.359e-04  5.960e-04  4.999e-04  4.175e-04  3.168e-04  2.063e-04 	
 7.909e-01  7.823e-01  7.713e-01  7.579e-01  7.430e-01  7.266e-01  7.102e-01  6.883e-01  6.562e-01  6.118e-01  5.589e-01  4.840e-01  4.528e-01  3.992e-01  3.467e-01  3.009e-01  2.583e-01  2.183e-01  1.837e-01  1.534e-01  1.277e-01  1.061e-01  8.787e-02  7.314e-02  6.052e-02  5.030e-02  4.206e-02  3.499e-02  2.904e-02  2.420e-02  2.005e-02  1.650e-02  1.357e-02  1.177e-02  9.245e-03  7.656e-03  6.305e-03  5.184e-03  4.232e-03  3.441e-03  2.787e-03  2.249e-03  1.814e-03  1.451e-03  1.180e-03  9.565e-04  7.982e-04  6.617e-04  5.101e-04  3.493e-04 	
 8.316e-01  8.243e-01  8.153e-01  8.049e-01  7.939e-01  7.824e-01  7.714e-01  7.556e-01  7.300e-01  6.920e-01  6.448e-01  5.752e-01  5.452e-01  4.921e-01  4.381e-01  3.893e-01  3.421e-01  2.957e-01  2.542e-01  2.166e-01  1.835e-01  1.550e-01  1.301e-01  1.096e-01  9.166e-02  7.684e-02  6.471e-02  5.413e-02  4.513e-02  3.775e-02  3.137e-02  2.588e-02  2.133e-02  1.852e-02  1.457e-02  1.208e-02  9.952e-03  8.186e-03  6.691e-03  5.452e-03  4.430e-03  3.588e-03  2.905e-03  2.332e-03  1.899e-03  1.539e-03  1.277e-03  1.052e-03  8.223e-04  5.873e-04 	
 8.661e-01  8.599e-01  8.523e-01  8.440e-01  8.359e-01  8.285e-01  8.223e-01  8.128e-01  7.941e-01  7.634e-01  7.234e-01  6.624e-01  6.354e-01  5.861e-01  5.342e-01  4.860e-01  4.375e-01  3.878e-01  3.416e-01  2.981e-01  2.583e-01  2.227e-01  1.905e-01  1.633e-01  1.386e-01  1.177e-01  1.002e-01  8.455e-02  7.103e-02  5.976e-02  4.989e-02  4.132e-02  3.415e-02  2.970e-02  2.341e-02  1.943e-02  1.602e-02  1.319e-02  1.079e-02  8.800e-03  7.157e-03  5.807e-03  4.711e-03  3.793e-03  3.095e-03  2.511e-03  2.079e-03  1.711e-03  1.347e-03  9.905e-04 	
 8.947e-01  8.889e-01  8.819e-01  8.743e-01  8.675e-01  8.626e-01  8.598e-01  8.558e-01  8.431e-01  8.193e-01  7.867e-01  7.353e-01  7.121e-01  6.686e-01  6.214e-01  5.771e-01  5.309e-01  4.816e-01  4.345e-01  3.886e-01  3.448e-01  3.043e-01  2.662e-01  2.328e-01  2.015e-01  1.741e-01  1.504e-01  1.287e-01  1.094e-01  9.288e-02  7.815e-02  6.514e-02  5.411e-02  4.721e-02  3.736e-02  3.107e-02  2.566e-02  2.115e-02  1.733e-02  1.416e-02  1.155e-02  9.397e-03  7.646e-03  6.175e-03  5.045e-03  4.093e-03  3.379e-03  2.775e-03  2.202e-03  1.661e-03 	
 9.203e-01  9.148e-01  9.076e-01  8.995e-01  8.928e-01  8.886e-01  8.880e-01  8.880e-01  8.804e-01  8.633e-01  8.380e-01  7.965e-01  7.774e-01  7.405e-01  6.991e-01  6.605e-01  6.189e-01  5.731e-01  5.284e-01  4.835e-01  4.392e-01  3.969e-01  3.556e-01  3.183e-01  2.817e-01  2.487e-01  2.192e-01  1.910e-01  1.651e-01  1.422e-01  1.212e-01  1.021e-01  8.553e-02  7.500e-02  5.976e-02  4.989e-02  4.134e-02  3.416e-02  2.804e-02  2.297e-02  1.877e-02  1.532e-02  1.250e-02  1.012e-02  8.278e-03  6.720e-03  5.539e-03  4.547e-03  3.627e-03  2.792e-03 	
 9.435e-01  9.380e-01  9.302e-01  9.205e-01  9.125e-01  9.075e-01  9.072e-01  9.094e-01  9.055e-01  8.941e-01  8.753e-01  8.434e-01  8.286e-01  7.983e-01  7.632e-01  7.310e-01  6.952e-01  6.547e-01  6.149e-01  5.740e-01  5.327e-01  4.923e-01  4.515e-01  4.137e-01  3.751e-01  3.390e-01  3.057e-01  2.725e-01  2.405e-01  2.113e-01  1.833e-01  1.569e-01  1.333e-01  1.179e-01  9.505e-02  7.990e-02  6.656e-02  5.522e-02  4.550e-02  3.738e-02  3.065e-02  2.508e-02  2.052e-02  1.666e-02  1.365e-02  1.109e-02  9.129e-03  7.496e-03  6.007e-03  4.707e-03 	
 9.652e-01  9.599e-01  9.515e-01  9.395e-01  9.295e-01  9.225e-01  9.211e-01  9.234e-01  9.215e-01  9.146e-01  9.009e-01  8.776e-01  8.668e-01  8.425e-01  8.134e-01  7.875e-01  7.573e-01  7.226e-01  6.883e-01  6.527e-01  6.163e-01  5.802e-01  5.427e-01  5.076e-01  4.707e-01  4.351e-01  4.015e-01  3.664e-01  3.312e-01  2.978e-01  2.643e-01  2.313e-01  2.004e-01  1.795e-01  1.475e-01  1.255e-01  1.055e-01  8.818e-02  7.314e-02  6.047e-02  4.985e-02  4.100e-02  3.368e-02  2.744e-02  2.252e-02  1.830e-02  1.503e-02  1.233e-02  9.942e-03  7.936e-03 	
 9.853e-01  9.805e-01  9.722e-01  9.576e-01  9.457e-01  9.363e-01  9.327e-01  9.331e-01  9.316e-01  9.276e-01  9.175e-01  9.014e-01  8.938e-01  8.748e-01  8.516e-01  8.315e-01  8.067e-01  7.776e-01  7.490e-01  7.190e-01  6.881e-01  6.574e-01  6.250e-01  5.946e-01  5.618e-01  5.297e-01  4.988e-01  4.655e-01  4.308e-01  3.967e-01  3.608e-01  3.237e-01  2.874e-01  2.618e-01  2.210e-01  1.915e-01  1.637e-01  1.386e-01  1.163e-01  9.712e-02  8.071e-02  6.685e-02  5.523e-02  4.523e-02  3.721e-02  3.031e-02  2.485e-02  2.035e-02  1.653e-02  1.342e-02 	
 9.900e-01  9.980e-01  9.904e-01  9.752e-01  9.619e-01  9.506e-01  9.443e-01  9.413e-01  9.390e-01  9.359e-01  9.280e-01  9.170e-01  9.114e-01  8.969e-01  8.791e-01  8.634e-01  8.433e-01  8.197e-01  7.962e-01  7.715e-01  7.458e-01  7.204e-01  6.933e-01  6.682e-01  6.407e-01  6.137e-01  5.876e-01  5.586e-01  5.277e-01  4.965e-01  4.623e-01  4.253e-01  3.874e-01  3.596e-01  3.134e-01  2.782e-01  2.433e-01  2.103e-01  1.796e-01  1.523e-01  1.283e-01  1.074e-01  8.963e-02  7.403e-02  6.125e-02  5.007e-02  4.105e-02  3.353e-02  2.749e-02  2.271e-02 	
 9.900e-01  9.900e-01  9.997e-01  9.910e-01  9.780e-01  9.658e-01  9.569e-01  9.504e-01  9.465e-01  9.427e-01  9.362e-01  9.280e-01  9.235e-01  9.124e-01  8.992e-01  8.868e-01  8.708e-01  8.519e-01  8.330e-01  8.128e-01  7.919e-01  7.711e-01  7.490e-01  7.288e-01  7.064e-01  6.845e-01  6.635e-01  6.397e-01  6.140e-01  5.876e-01  5.578e-01  5.245e-01  4.890e-01  4.621e-01  4.159e-01  3.788e-01  3.401e-01  3.018e-01  2.641e-01  2.288e-01  1.965e-01  1.675e-01  1.419e-01  1.189e-01  9.940e-02  8.195e-02  6.743e-02  5.517e-02  4.564e-02  3.826e-02 	
 9.900e-01  9.900e-01  9.900e-01  9.985e-01  9.913e-01  9.802e-01  9.701e-01  9.611e-01  9.553e-01  9.503e-01  9.440e-01  9.366e-01  9.328e-01  9.239e-01  9.139e-01  9.038e-01  8.910e-01  8.762e-01  8.609e-01  8.445e-01  8.276e-01  8.108e-01  7.929e-01  7.768e-01  7.590e-01  7.419e-01  7.257e-01  7.070e-01  6.866e-01  6.658e-01  6.415e-01  6.135e-01  5.830e-01  5.593e-01  5.177e-01  4.828e-01  4.448e-01  4.054e-01  3.646e-01  3.242e-01  2.854e-01  2.490e-01  2.155e-01  1.841e-01  1.567e-01  1.312e-01  1.092e-01  9.016e-02  7.519e-02  6.369e-02 	
 9.900e-01  9.900e-01  9.900e-01  9.900e-01  9.982e-01  9.920e-01  9.831e-01  9.731e-01  9.657e-01  9.592e-01  9.526e-01  9.451e-01  9.414e-01  9.339e-01  9.259e-01  9.175e-01  9.072e-01  8.955e-01  8.830e-01  8.697e-01  8.562e-01  8.426e-01  8.283e-01  8.156e-01  8.015e-01  7.882e-01  7.760e-01  7.617e-01  7.461e-01  7.302e-01  7.113e-01  6.889e-01  6.641e-01  6.445e-01  6.098e-01  5.798e-01  5.459e-01  5.095e-01  4.701e-01  4.293e-01  3.881e-01  3.475e-01  3.083e-01  2.699e-01  2.349e-01  2.011e-01  1.707e-01  1.433e-01  1.208e-01  1.030e-01 	
 9.900e-01  9.900e-01  9.900e-01  9.900e-01  9.900e-01  9.983e-01  9.936e-01  9.853e-01  9.773e-01  9.698e-01  9.625e-01  9.542e-01  9.506e-01  9.437e-01  9.368e-01  9.295e-01  9.210e-01  9.117e-01  9.014e-01  8.906e-01  8.799e-01  8.688e-01  8.573e-01  8.475e-01  8.364e-01  8.262e-01  8.172e-01  8.065e-01  7.949e-01  7.833e-01  7.690e-01  7.517e-01  7.323e-01  7.166e-01  6.892e-01  6.648e-01  6.365e-01  6.053e-01  5.703e-01  5.328e-01  4.935e-01  4.528e-01  4.117e-01  3.696e-01  3.296e-01  2.893e-01  2.518e-01  2.161e-01  1.846e-01  1.582e-01 	
 9.900e-01  9.900e-01  9.900e-01  9.900e-01  9.900e-01  9.900e-01  9.991e-01  9.954e-01  9.892e-01  9.815e-01  9.736e-01  9.645e-01  9.607e-01  9.540e-01  9.477e-01  9.411e-01  9.340e-01  9.263e-01  9.177e-01  9.088e-01  9.003e-01  8.913e-01  8.821e-01  8.745e-01  8.658e-01  8.581e-01  8.515e-01  8.438e-01  8.354e-01  8.272e-01  8.167e-01  8.035e-01  7.887e-01  7.765e-01  7.555e-01  7.364e-01  7.135e-01  6.877e-01  6.581e-01  6.256e-01  5.905e-01  5.529e-01  5.134e-01  4.711e-01  4.296e-01  3.860e-01  3.440e-01  3.021e-01  2.623e-01  2.267e-01 	
 9.900e-01  9.900e-01  9.900e-01  9.900e-01  9.900e-01  9.900e-01  9.900e-01  9.998e-01  9.978e-01  9.929e-01  9.854e-01  9.756e-01  9.715e-01  9.649e-01  9.589e-01  9.527e-01  9.465e-01  9.400e-01  9.327e-01  9.253e-01  9.184e-01  9.110e-01  9.037e-01  8.978e-01  8.909e-01  8.851e-01  8.805e-01  8.750e-01  8.691e-01  8.635e-01  8.560e-01  8.460e-01  8.347e-01  8.253e-01  8.096e-01  7.947e-01  7.763e-01  7.553e-01  7.306e-01  7.029e-01  6.726e-01  6.391e-01  6.029e-01  5.629e-01  5.223e-01  4.784e-01  4.347e-01  3.894e-01  3.439e-01  3.006e-01 	
 9.900e-01  9.900e-01  9.900e-01  9.900e-01  9.900e-01  9.900e-01  9.900e-01  9.900e-01  9.900e-01  9.991e-01  9.958e-01  9.868e-01  9.825e-01  9.757e-01  9.699e-01  9.640e-01  9.583e-01  9.527e-01  9.463e-01  9.400e-01  9.344e-01  9.282e-01  9.224e-01  9.178e-01  9.121e-01  9.079e-01  9.047e-01  9.008e-01  8.967e-01  8.932e-01  8.878e-01  8.803e-01  8.717e-01  8.644e-01  8.525e-01  8.409e-01  8.260e-01  8.086e-01  7.877e-01  7.641e-01  7.379e-01  7.083e-01  6.757e-01  6.388e-01  6.004e-01  5.578e-01  5.142e-01  4.676e-01  4.193e-01  3.712e-01 	
 9.900e-01  9.900e-01  9.900e-01  9.900e-01  9.900e-01  9.900e-01  9.900e-01  9.900e-01  9.900e-01  9.900e-01  9.998e-01  9.966e-01  9.929e-01  9.860e-01  9.801e-01  9.744e-01  9.692e-01  9.641e-01  9.584e-01  9.529e-01  9.482e-01  9.429e-01  9.382e-01  9.345e-01  9.298e-01  9.266e-01  9.245e-01  9.218e-01  9.191e-01  9.169e-01  9.131e-01  9.074e-01  9.007e-01  8.949e-01  8.860e-01  8.767e-01  8.643e-01  8.497e-01  8.317e-01  8.112e-01  7.882e-01  7.619e-01  7.324e-01  6.984e-01  6.624e-01  6.216e-01  5.789e-01  5.324e-01  4.832e-01  4.331e-01 	
 9.900e-01  9.900e-01  9.900e-01  9.900e-01  9.900e-01  9.900e-01  9.900e-01  9.900e-01  9.900e-01  9.900e-01  9.900e-01  9.998e-01  9.993e-01  9.952e-01  9.893e-01  9.836e-01  9.787e-01  9.741e-01  9.689e-01  9.639e-01  9.598e-01  9.552e-01  9.513e-01  9.483e-01  9.443e-01  9.420e-01  9.405e-01  9.386e-01  9.370e-01  9.358e-01  9.332e-01  9.287e-01  9.234e-01  9.187e-01  9.120e-01  9.045e-01  8.939e-01  8.813e-01  8.656e-01  8.474e-01  8.270e-01  8.032e-01  7.762e-01  7.446e-01  7.108e-01  6.719e-01  6.305e-01  5.845e-01  5.355e-01  4.849e-01 	
 9.900e-01  9.900e-01  9.900e-01  9.900e-01  9.900e-01  9.900e-01  9.900e-01  9.900e-01  9.900e-01  9.900e-01  9.900e-01  9.900e-01  9.900e-01  9.999e-01  9.973e-01  9.918e-01  9.871e-01  9.827e-01  9.779e-01  9.733e-01  9.696e-01  9.656e-01  9.623e-01  9.597e-01  9.562e-01  9.545e-01  9.535e-01  9.523e-01  9.514e-01  9.510e-01  9.491e-01  9.456e-01  9.413e-01  9.375e-01  9.324e-01  9.262e-01  9.171e-01  9.061e-01  8.920e-01  8.756e-01  8.572e-01  8.353e-01  8.103e-01  7.808e-01  7.488e-01  7.117e-01  6.717e-01  6.267e-01  5.781e-01  5.275e-01 	
 9.900e-01  9.900e-01  9.900e-01  9.900e-01  9.900e-01  9.900e-01  9.900e-01  9.900e-01  9.900e-01  9.900e-01  9.900e-01  9.900e-01  9.900e-01  9.900e-01  9.900e-01  9.984e-01  9.940e-01  9.898e-01  9.852e-01  9.809e-01  9.776e-01  9.739e-01  9.710e-01  9.688e-01  9.657e-01  9.644e-01  9.638e-01  9.630e-01  9.626e-01  9.627e-01  9.615e-01  9.586e-01  9.551e-01  9.519e-01  9.480e-01  9.428e-01  9.348e-01  9.250e-01  9.123e-01  8.973e-01  8.804e-01  8.601e-01  8.366e-01  8.087e-01  7.783e-01  7.427e-01  7.040e-01  6.600e-01  6.120e-01  5.616e-01 	
 9.900e-01  9.900e-01  9.900e-01  9.900e-01  9.900e-01  9.900e-01  9.900e-01  9.900e-01  9.900e-01  9.900e-01  9.900e-01  9.900e-01  9.900e-01  9.900e-01  9.900e-01  9.900e-01  9.992e-01  9.954e-01  9.910e-01  9.869e-01  9.838e-01  9.804e-01  9.778e-01  9.758e-01  9.729e-01  9.719e-01  9.716e-01  9.711e-01  9.711e-01  9.715e-01  9.707e-01  9.683e-01  9.654e-01  9.626e-01  9.596e-01  9.551e-01  9.479e-01  9.390e-01  9.273e-01  9.134e-01  8.977e-01  8.786e-01  8.564e-01  8.298e-01  8.006e-01  7.662e-01  7.286e-01  6.854e-01  6.382e-01  5.883e-01 	
 9.900e-01  9.900e-01  9.900e-01  9.900e-01  9.900e-01  9.900e-01  9.900e-01  9.900e-01  9.900e-01  9.900e-01  9.900e-01  9.900e-01  9.900e-01  9.900e-01  9.900e-01  9.900e-01  9.900e-01  9.992e-01  9.955e-01  9.915e-01  9.885e-01  9.852e-01  9.829e-01  9.810e-01  9.783e-01  9.776e-01  9.774e-01  9.771e-01  9.773e-01  9.780e-01  9.775e-01  9.755e-01  9.729e-01  9.704e-01  9.681e-01  9.641e-01  9.575e-01  9.493e-01  9.383e-01  9.253e-01  9.105e-01  8.924e-01  8.711e-01  8.455e-01  8.173e-01  7.839e-01  7.471e-01  7.046e-01  6.581e-01  6.087e-01 	
 9.900e-01  9.900e-01  9.900e-01  9.900e-01  9.900e-01  9.900e-01  9.900e-01  9.900e-01  9.900e-01  9.900e-01  9.900e-01  9.900e-01  9.900e-01  9.900e-01  9.900e-01  9.900e-01  9.900e-01  9.900e-01  9.986e-01  9.950e-01  9.920e-01  9.889e-01  9.867e-01  9.849e-01  9.824e-01  9.818e-01  9.817e-01  9.815e-01  9.820e-01  9.829e-01  9.825e-01  9.808e-01  9.784e-01  9.762e-01  9.743e-01  9.707e-01  9.646e-01  9.569e-01  9.465e-01  9.341e-01  9.200e-01  9.026e-01  8.820e-01  8.572e-01  8.298e-01  7.972e-01  7.612e-01  7.193e-01  6.734e-01  6.244e-01 	
 9.900e-01  9.900e-01  9.900e-01  9.900e-01  9.900e-01  9.900e-01  9.900e-01  9.900e-01  9.900e-01  9.900e-01  9.900e-01  9.900e-01  9.900e-01  9.900e-01  9.900e-01  9.900e-01  9.900e-01  9.900e-01  9.900e-01  9.976e-01  9.948e-01  9.918e-01  9.896e-01  9.879e-01  9.855e-01  9.850e-01  9.850e-01  9.849e-01  9.855e-01  9.865e-01  9.863e-01  9.847e-01  9.825e-01  9.805e-01  9.789e-01  9.756e-01  9.699e-01  9.625e-01  9.526e-01  9.407e-01  9.271e-01  9.103e-01  8.904e-01  8.662e-01  8.394e-01  8.075e-01  7.720e-01  7.307e-01  6.852e-01  6.366e-01 	
 9.900e-01  9.900e-01  9.900e-01  9.900e-01  9.900e-01  9.900e-01  9.900e-01  9.900e-01  9.900e-01  9.900e-01  9.900e-01  9.900e-01  9.900e-01  9.900e-01  9.900e-01  9.900e-01  9.900e-01  9.900e-01  9.900e-01  9.993e-01  9.969e-01  9.940e-01  9.919e-01  9.902e-01  9.879e-01  9.875e-01  9.875e-01  9.875e-01  9.882e-01  9.893e-01  9.892e-01  9.877e-01  9.857e-01  9.838e-01  9.825e-01  9.794e-01  9.739e-01  9.669e-01  9.573e-01  9.457e-01  9.327e-01  9.163e-01  8.969e-01  8.732e-01  8.469e-01  8.156e-01  7.806e-01  7.398e-01  6.947e-01  6.465e-01 	
 9.900e-01  9.900e-01  9.900e-01  9.900e-01  9.900e-01  9.900e-01  9.900e-01  9.900e-01  9.900e-01  9.900e-01  9.900e-01  9.900e-01  9.900e-01  9.900e-01  9.900e-01  9.900e-01  9.900e-01  9.900e-01  9.900e-01  9.900e-01  9.986e-01  9.957e-01  9.937e-01  9.921e-01  9.898e-01  9.894e-01  9.895e-01  9.896e-01  9.904e-01  9.915e-01  9.915e-01  9.901e-01  9.882e-01  9.864e-01  9.853e-01  9.824e-01  9.771e-01  9.703e-01  9.610e-01  9.498e-01  9.371e-01  9.211e-01  9.021e-01  8.789e-01  8.531e-01  8.223e-01  7.878e-01  7.473e-01  7.027e-01  6.547e-01 	
 9.900e-01  9.900e-01  9.900e-01  9.900e-01  9.900e-01  9.900e-01  9.900e-01  9.900e-01  9.900e-01  9.900e-01  9.900e-01  9.900e-01  9.900e-01  9.900e-01  9.900e-01  9.900e-01  9.900e-01  9.900e-01  9.900e-01  9.900e-01  9.997e-01  9.972e-01  9.952e-01  9.937e-01  9.914e-01  9.911e-01  9.912e-01  9.913e-01  9.922e-01  9.933e-01  9.934e-01  9.921e-01  9.903e-01  9.885e-01  9.876e-01  9.848e-01  9.798e-01  9.732e-01  9.641e-01  9.532e-01  9.409e-01  9.252e-01  9.066e-01  8.838e-01  8.584e-01  8.280e-01  7.939e-01  7.539e-01  7.096e-01  6.619e-01 	
 9.900e-01  9.900e-01  9.900e-01  9.900e-01  9.900e-01  9.900e-01  9.900e-01  9.900e-01  9.900e-01  9.900e-01  9.900e-01  9.900e-01  9.900e-01  9.900e-01  9.900e-01  9.900e-01  9.900e-01  9.900e-01  9.900e-01  9.900e-01  9.900e-01  9.985e-01  9.966e-01  9.950e-01  9.928e-01  9.925e-01  9.927e-01  9.928e-01  9.937e-01  9.949e-01  9.951e-01  9.938e-01  9.921e-01  9.904e-01  9.896e-01  9.870e-01  9.821e-01  9.757e-01  9.669e-01  9.562e-01  9.441e-01  9.288e-01  9.106e-01  8.881e-01  8.631e-01  8.331e-01  7.995e-01  7.598e-01  7.158e-01  6.684e-01 	
 9.900e-01  9.900e-01  9.900e-01  9.900e-01  9.900e-01  9.900e-01  9.900e-01  9.900e-01  9.900e-01  9.900e-01  9.900e-01  9.900e-01  9.900e-01  9.900e-01  9.900e-01  9.900e-01  9.900e-01  9.900e-01  9.900e-01  9.900e-01  9.900e-01  9.995e-01  9.978e-01  9.963e-01  9.941e-01  9.939e-01  9.940e-01  9.942e-01  9.951e-01  9.964e-01  9.966e-01  9.954e-01  9.937e-01  9.921e-01  9.915e-01  9.889e-01  9.842e-01  9.780e-01  9.693e-01  9.589e-01  9.471e-01  9.321e-01  9.142e-01  8.921e-01  8.675e-01  8.378e-01  8.046e-01  7.652e-01  7.216e-01  6.744e-01 	
 9.900e-01  9.900e-01  9.900e-01  9.900e-01  9.900e-01  9.900e-01  9.900e-01  9.900e-01  9.900e-01  9.900e-01  9.900e-01  9.900e-01  9.900e-01  9.900e-01  9.900e-01  9.900e-01  9.900e-01  9.900e-01  9.900e-01  9.900e-01  9.900e-01  9.900e-01  9.990e-01  9.974e-01  9.953e-01  9.951e-01  9.953e-01  9.955e-01  9.965e-01  9.977e-01  9.980e-01  9.969e-01  9.952e-01  9.936e-01  9.931e-01  9.907e-01  9.861e-01  9.801e-01  9.716e-01  9.614e-01  9.499e-01  9.352e-01  9.175e-01  8.958e-01  8.715e-01  8.423e-01  8.094e-01  7.704e-01  7.271e-01  6.801e-01 	
 9.900e-01  9.900e-01  9.900e-01  9.900e-01  9.900e-01  9.900e-01  9.900e-01  9.900e-01  9.900e-01  9.900e-01  9.900e-01  9.900e-01  9.900e-01  9.900e-01  9.900e-01  9.900e-01  9.900e-01  9.900e-01  9.900e-01  9.900e-01  9.900e-01  9.900e-01  9.900e-01  9.986e-01  9.964e-01  9.963e-01  9.964e-01  9.967e-01  9.977e-01  9.990e-01  9.993e-01  9.983e-01  9.966e-01  9.951e-01  9.947e-01  9.924e-01  9.879e-01  9.820e-01  9.738e-01  9.638e-01  9.526e-01  9.381e-01  9.208e-01  8.994e-01  8.755e-01  8.466e-01  8.141e-01  7.754e-01  7.324e-01  6.858e-01 	
 9.900e-01  9.900e-01  9.900e-01  9.900e-01  9.900e-01  9.900e-01  9.900e-01  9.900e-01  9.900e-01  9.900e-01  9.900e-01  9.900e-01  9.900e-01  9.900e-01  9.900e-01  9.900e-01  9.900e-01  9.900e-01  9.900e-01  9.900e-01  9.900e-01  9.900e-01  9.900e-01  9.996e-01  9.976e-01  9.974e-01  9.976e-01  9.979e-01  9.990e-01  9.900e-01  9.900e-01  9.996e-01  9.981e-01  9.966e-01  9.963e-01  9.941e-01  9.897e-01  9.840e-01  9.759e-01  9.662e-01  9.552e-01  9.410e-01  9.240e-01  9.029e-01  8.794e-01  8.508e-01  8.187e-01  7.804e-01  7.377e-01  6.913e-01 	
 9.900e-01  9.900e-01  9.900e-01  9.900e-01  9.900e-01  9.900e-01  9.900e-01  9.900e-01  9.900e-01  9.900e-01  9.900e-01  9.900e-01  9.900e-01  9.900e-01  9.900e-01  9.900e-01  9.900e-01  9.900e-01  9.900e-01  9.900e-01  9.900e-01  9.900e-01  9.900e-01  9.900e-01  9.987e-01  9.986e-01  9.989e-01  9.992e-01  9.900e-01  9.900e-01  9.900e-01  9.900e-01  9.994e-01  9.981e-01  9.979e-01  9.958e-01  9.915e-01  9.860e-01  9.781e-01  9.686e-01  9.578e-01  9.440e-01  9.273e-01  9.065e-01  8.833e-01  8.552e-01  8.234e-01  7.855e-01  7.431e-01  6.970e-01 	
 9.900e-01  9.900e-01  9.900e-01  9.900e-01  9.900e-01  9.900e-01  9.900e-01  9.900e-01  9.900e-01  9.900e-01  9.900e-01  9.900e-01  9.900e-01  9.900e-01  9.900e-01  9.900e-01  9.900e-01  9.900e-01  9.900e-01  9.900e-01  9.900e-01  9.900e-01  9.900e-01  9.900e-01  9.997e-01  9.997e-01  9.999e-01  9.900e-01  9.900e-01  9.900e-01  9.900e-01  9.900e-01  9.900e-01  9.995e-01  9.995e-01  9.976e-01  9.934e-01  9.880e-01  9.803e-01  9.710e-01  9.605e-01  9.470e-01  9.306e-01  9.102e-01  8.874e-01  8.596e-01  8.283e-01  7.908e-01  7.488e-01  7.030e-01 	
 9.900e-01  9.900e-01  9.900e-01  9.900e-01  9.900e-01  9.900e-01  9.900e-01  9.900e-01  9.900e-01  9.900e-01  9.900e-01  9.900e-01  9.900e-01  9.900e-01  9.900e-01  9.900e-01  9.900e-01  9.900e-01  9.900e-01  9.900e-01  9.900e-01  9.900e-01  9.900e-01  9.900e-01  9.900e-01  9.900e-01  9.900e-01  9.900e-01  9.900e-01  9.900e-01  9.900e-01  9.900e-01  9.900e-01  9.900e-01  9.900e-01  9.991e-01  9.952e-01  9.900e-01  9.825e-01  9.734e-01  9.632e-01  9.499e-01  9.339e-01  9.139e-01  8.914e-01  8.641e-01  8.332e-01  7.961e-01  7.545e-01  7.091e-01 	
 9.900e-01  9.900e-01  9.900e-01  9.900e-01  9.900e-01  9.900e-01  9.900e-01  9.900e-01  9.900e-01  9.900e-01  9.900e-01  9.900e-01  9.900e-01  9.900e-01  9.900e-01  9.900e-01  9.900e-01  9.900e-01  9.900e-01  9.900e-01  9.900e-01  9.900e-01  9.900e-01  9.900e-01  9.900e-01  9.900e-01  9.900e-01  9.900e-01  9.900e-01  9.900e-01  9.900e-01  9.900e-01  9.900e-01  9.900e-01  9.900e-01  9.900e-01  9.972e-01  9.921e-01  9.847e-01  9.759e-01  9.660e-01  9.530e-01  9.373e-01  9.177e-01  8.956e-01  8.687e-01  8.383e-01  8.016e-01  7.604e-01  7.154e-01 	
 9.900e-01  9.900e-01  9.900e-01  9.900e-01  9.900e-01  9.900e-01  9.900e-01  9.900e-01  9.900e-01  9.900e-01  9.900e-01  9.900e-01  9.900e-01  9.900e-01  9.900e-01  9.900e-01  9.900e-01  9.900e-01  9.900e-01  9.900e-01  9.900e-01  9.900e-01  9.900e-01  9.900e-01  9.900e-01  9.900e-01  9.900e-01  9.900e-01  9.900e-01  9.900e-01  9.900e-01  9.900e-01  9.900e-01  9.900e-01  9.900e-01  9.900e-01  9.992e-01  9.942e-01  9.871e-01  9.785e-01  9.688e-01  9.562e-01  9.409e-01  9.217e-01  9.001e-01  8.736e-01  8.437e-01  8.075e-01  7.668e-01  7.221e-01 	
 9.900e-01  9.900e-01  9.900e-01  9.900e-01  9.900e-01  9.900e-01  9.900e-01  9.900e-01  9.900e-01  9.900e-01  9.900e-01  9.900e-01  9.900e-01  9.900e-01  9.900e-01  9.900e-01  9.900e-01  9.900e-01  9.900e-01  9.900e-01  9.900e-01  9.900e-01  9.900e-01  9.900e-01  9.900e-01  9.900e-01  9.900e-01  9.900e-01  9.900e-01  9.900e-01  9.900e-01  9.900e-01  9.900e-01  9.900e-01  9.900e-01  9.900e-01  9.900e-01  9.965e-01  9.895e-01  9.812e-01  9.718e-01  9.595e-01  9.445e-01  9.258e-01  9.046e-01  8.787e-01  8.492e-01  8.136e-01  7.734e-01  7.292e-01 	
 9.900e-01  9.900e-01  9.900e-01  9.900e-01  9.900e-01  9.900e-01  9.900e-01  9.900e-01  9.900e-01  9.900e-01  9.900e-01  9.900e-01  9.900e-01  9.900e-01  9.900e-01  9.900e-01  9.900e-01  9.900e-01  9.900e-01  9.900e-01  9.900e-01  9.900e-01  9.900e-01  9.900e-01  9.900e-01  9.900e-01  9.900e-01  9.900e-01  9.900e-01  9.900e-01  9.900e-01  9.900e-01  9.900e-01  9.900e-01  9.900e-01  9.900e-01  9.900e-01  9.988e-01  9.920e-01  9.839e-01  9.748e-01  9.628e-01  9.483e-01  9.299e-01  9.092e-01  8.838e-01  8.549e-01  8.198e-01  7.802e-01  7.365e-01 	
 9.900e-01  9.900e-01  9.900e-01  9.900e-01  9.900e-01  9.900e-01  9.900e-01  9.900e-01  9.900e-01  9.900e-01  9.900e-01  9.900e-01  9.900e-01  9.900e-01  9.900e-01  9.900e-01  9.900e-01  9.900e-01  9.900e-01  9.900e-01  9.900e-01  9.900e-01  9.900e-01  9.900e-01  9.900e-01  9.900e-01  9.900e-01  9.900e-01  9.900e-01  9.900e-01  9.900e-01  9.900e-01  9.900e-01  9.900e-01  9.900e-01  9.900e-01  9.900e-01  9.999e-01  9.944e-01  9.866e-01  9.778e-01  9.662e-01  9.520e-01  9.341e-01  9.139e-01  8.890e-01  8.607e-01  8.262e-01  7.871e-01  7.440e-01 	
