0.00000
0.000918679
0.00203904
0.00340883
0.00508914
0.00717222
0.00980546
0.0132143
0.0177218
0.0237977
0.0321210
0.0435294
0.0466300
0.131915
0.115966
0.164374
0.233547
0.333574
0.477760
0.684824
0.980817
1.39950
1.99678
2.84469
4.03600
5.68890
7.95812
11.0362
15.1572
20.6002
27.5651
36.2524
47.5525
63.2933
86.1902
119.818
169.285
241.400
345.134
494.744
703.480
1001.82
1409.70
1952.99
2707.26
3596.89
4719.95
6086.60
7419.36
8974.48
10561.9
11847.1
13395.4
15031.4
16695.0
19082.8
22261.4
25876.9
32239.1
44056.3