 1.437e-04  1.808e-04  2.122e-04  2.406e-04  2.674e-04  2.931e-04  3.182e-04  3.429e-04  3.675e-04  3.920e-04  4.165e-04  4.412e-04  4.660e-04  4.911e-04  5.166e-04  5.425e-04  5.689e-04  5.958e-04  6.235e-04  6.518e-04  6.809e-04  7.110e-04  7.420e-04  7.741e-04  8.074e-04  8.421e-04  8.781e-04  9.158e-04  9.552e-04  9.965e-04  1.040e-03  1.086e-03  1.134e-03  1.185e-03  1.239e-03  1.296e-03  1.357e-03  1.422e-03  1.490e-03  1.563e-03  1.640e-03  1.722e-03  1.809e-03  1.900e-03  1.997e-03  2.099e-03  2.206e-03  2.319e-03  2.437e-03  2.560e-03 	
 1.591e-04  2.001e-04  2.349e-04  2.664e-04  2.960e-04  3.244e-04  3.522e-04  3.796e-04  4.068e-04  4.339e-04  4.610e-04  4.883e-04  5.158e-04  5.436e-04  5.717e-04  6.004e-04  6.296e-04  6.594e-04  6.899e-04  7.213e-04  7.535e-04  7.867e-04  8.211e-04  8.566e-04  8.934e-04  9.317e-04  9.716e-04  1.013e-03  1.057e-03  1.103e-03  1.151e-03  1.201e-03  1.255e-03  1.311e-03  1.371e-03  1.435e-03  1.503e-03  1.574e-03  1.651e-03  1.732e-03  1.818e-03  1.909e-03  2.006e-03  2.108e-03  2.216e-03  2.330e-03  2.450e-03  2.577e-03  2.709e-03  2.847e-03 	
 1.902e-04  2.394e-04  2.810e-04  3.186e-04  3.540e-04  3.879e-04  4.211e-04  4.538e-04  4.863e-04  5.187e-04  5.511e-04  5.837e-04  6.165e-04  6.497e-04  6.834e-04  7.176e-04  7.525e-04  7.882e-04  8.247e-04  8.621e-04  9.006e-04  9.404e-04  9.814e-04  1.024e-03  1.068e-03  1.114e-03  1.161e-03  1.211e-03  1.263e-03  1.318e-03  1.375e-03  1.436e-03  1.500e-03  1.567e-03  1.639e-03  1.715e-03  1.796e-03  1.881e-03  1.972e-03  2.069e-03  2.172e-03  2.281e-03  2.396e-03  2.519e-03  2.648e-03  2.784e-03  2.927e-03  3.078e-03  3.236e-03  3.401e-03 	
 2.341e-04  2.945e-04  3.456e-04  3.919e-04  4.353e-04  4.771e-04  5.179e-04  5.581e-04  5.980e-04  6.378e-04  6.777e-04  7.177e-04  7.581e-04  7.989e-04  8.403e-04  8.824e-04  9.252e-04  9.690e-04  1.014e-03  1.060e-03  1.107e-03  1.156e-03  1.207e-03  1.259e-03  1.313e-03  1.369e-03  1.428e-03  1.489e-03  1.553e-03  1.620e-03  1.691e-03  1.765e-03  1.844e-03  1.927e-03  2.015e-03  2.108e-03  2.207e-03  2.312e-03  2.424e-03  2.542e-03  2.668e-03  2.802e-03  2.943e-03  3.093e-03  3.251e-03  3.417e-03  3.592e-03  3.776e-03  3.969e-03  4.171e-03 	
 2.889e-04  3.634e-04  4.265e-04  4.837e-04  5.375e-04  5.892e-04  6.396e-04  6.894e-04  7.387e-04  7.879e-04  8.372e-04  8.867e-04  9.365e-04  9.869e-04  1.038e-03  1.090e-03  1.143e-03  1.197e-03  1.252e-03  1.309e-03  1.368e-03  1.428e-03  1.490e-03  1.554e-03  1.621e-03  1.690e-03  1.763e-03  1.838e-03  1.917e-03  2.000e-03  2.087e-03  2.179e-03  2.276e-03  2.378e-03  2.486e-03  2.601e-03  2.723e-03  2.852e-03  2.990e-03  3.136e-03  3.290e-03  3.454e-03  3.628e-03  3.811e-03  4.005e-03  4.209e-03  4.424e-03  4.649e-03  4.885e-03  5.132e-03 	
 3.589e-04  4.514e-04  5.298e-04  6.007e-04  6.673e-04  7.313e-04  7.938e-04  8.554e-04  9.165e-04  9.775e-04  1.039e-03  1.100e-03  1.162e-03  1.224e-03  1.288e-03  1.352e-03  1.418e-03  1.485e-03  1.554e-03  1.624e-03  1.697e-03  1.771e-03  1.849e-03  1.929e-03  2.011e-03  2.098e-03  2.187e-03  2.281e-03  2.379e-03  2.481e-03  2.589e-03  2.703e-03  2.823e-03  2.950e-03  3.084e-03  3.226e-03  3.377e-03  3.536e-03  3.706e-03  3.886e-03  4.077e-03  4.279e-03  4.493e-03  4.719e-03  4.957e-03  5.208e-03  5.472e-03  5.749e-03  6.039e-03  6.342e-03 	
 4.521e-04  5.687e-04  6.675e-04  7.569e-04  8.408e-04  9.215e-04  1.000e-03  1.078e-03  1.155e-03  1.232e-03  1.309e-03  1.386e-03  1.464e-03  1.542e-03  1.622e-03  1.703e-03  1.786e-03  1.870e-03  1.957e-03  2.046e-03  2.137e-03  2.231e-03  2.328e-03  2.429e-03  2.533e-03  2.641e-03  2.754e-03  2.872e-03  2.995e-03  3.124e-03  3.260e-03  3.402e-03  3.553e-03  3.712e-03  3.880e-03  4.059e-03  4.248e-03  4.448e-03  4.660e-03  4.886e-03  5.124e-03  5.377e-03  5.644e-03  5.926e-03  6.223e-03  6.536e-03  6.864e-03  7.209e-03  7.569e-03  7.946e-03 	
 5.791e-04  7.284e-04  8.546e-04  9.689e-04  1.076e-03  1.180e-03  1.280e-03  1.380e-03  1.478e-03  1.577e-03  1.675e-03  1.774e-03  1.874e-03  1.974e-03  2.076e-03  2.180e-03  2.286e-03  2.394e-03  2.504e-03  2.618e-03  2.734e-03  2.855e-03  2.979e-03  3.107e-03  3.240e-03  3.379e-03  3.523e-03  3.674e-03  3.831e-03  3.996e-03  4.169e-03  4.351e-03  4.543e-03  4.746e-03  4.961e-03  5.188e-03  5.428e-03  5.682e-03  5.952e-03  6.237e-03  6.540e-03  6.859e-03  7.197e-03  7.553e-03  7.928e-03  8.322e-03  8.735e-03  9.169e-03  9.621e-03  1.009e-02 	
 7.487e-04  9.416e-04  1.105e-03  1.253e-03  1.392e-03  1.525e-03  1.655e-03  1.783e-03  1.911e-03  2.037e-03  2.165e-03  2.292e-03  2.421e-03  2.551e-03  2.682e-03  2.816e-03  2.953e-03  3.092e-03  3.235e-03  3.381e-03  3.532e-03  3.687e-03  3.848e-03  4.013e-03  4.185e-03  4.364e-03  4.550e-03  4.744e-03  4.947e-03  5.160e-03  5.383e-03  5.617e-03  5.865e-03  6.125e-03  6.401e-03  6.691e-03  6.999e-03  7.325e-03  7.669e-03  8.034e-03  8.419e-03  8.825e-03  9.254e-03  9.706e-03  1.018e-02  1.068e-02  1.120e-02  1.175e-02  1.232e-02  1.291e-02 	
 9.929e-04  1.248e-03  1.465e-03  1.660e-03  1.844e-03  2.020e-03  2.192e-03  2.362e-03  2.530e-03  2.698e-03  2.866e-03  3.035e-03  3.205e-03  3.377e-03  3.551e-03  3.728e-03  3.908e-03  4.093e-03  4.281e-03  4.475e-03  4.674e-03  4.879e-03  5.091e-03  5.310e-03  5.537e-03  5.773e-03  6.019e-03  6.275e-03  6.543e-03  6.823e-03  7.117e-03  7.425e-03  7.750e-03  8.092e-03  8.453e-03  8.834e-03  9.236e-03  9.661e-03  1.011e-02  1.058e-02  1.108e-02  1.161e-02  1.216e-02  1.275e-02  1.336e-02  1.400e-02  1.467e-02  1.537e-02  1.610e-02  1.686e-02 	
 1.324e-03  1.664e-03  1.952e-03  2.212e-03  2.456e-03  2.691e-03  2.920e-03  3.145e-03  3.369e-03  3.592e-03  3.815e-03  4.039e-03  4.265e-03  4.494e-03  4.725e-03  4.960e-03  5.200e-03  5.444e-03  5.695e-03  5.952e-03  6.216e-03  6.489e-03  6.770e-03  7.061e-03  7.362e-03  7.675e-03  8.000e-03  8.339e-03  8.693e-03  9.064e-03  9.452e-03  9.859e-03  1.029e-02  1.074e-02  1.121e-02  1.171e-02  1.223e-02  1.279e-02  1.337e-02  1.399e-02  1.463e-02  1.531e-02  1.603e-02  1.678e-02  1.756e-02  1.838e-02  1.924e-02  2.013e-02  2.105e-02  2.202e-02 	
 1.776e-03  2.232e-03  2.617e-03  2.966e-03  3.293e-03  3.607e-03  3.913e-03  4.215e-03  4.514e-03  4.812e-03  5.111e-03  5.410e-03  5.712e-03  6.017e-03  6.325e-03  6.639e-03  6.959e-03  7.285e-03  7.620e-03  7.962e-03  8.315e-03  8.678e-03  9.052e-03  9.440e-03  9.841e-03  1.026e-02  1.069e-02  1.114e-02  1.161e-02  1.210e-02  1.261e-02  1.315e-02  1.371e-02  1.430e-02  1.493e-02  1.558e-02  1.627e-02  1.699e-02  1.774e-02  1.854e-02  1.938e-02  2.025e-02  2.117e-02  2.213e-02  2.313e-02  2.418e-02  2.526e-02  2.639e-02  2.756e-02  2.878e-02 	
 2.437e-03  3.062e-03  3.589e-03  4.065e-03  4.512e-03  4.941e-03  5.359e-03  5.771e-03  6.179e-03  6.585e-03  6.992e-03  7.400e-03  7.810e-03  8.225e-03  8.646e-03  9.073e-03  9.507e-03  9.951e-03  1.041e-02  1.087e-02  1.135e-02  1.184e-02  1.235e-02  1.287e-02  1.342e-02  1.398e-02  1.456e-02  1.517e-02  1.580e-02  1.646e-02  1.715e-02  1.787e-02  1.862e-02  1.941e-02  2.023e-02  2.110e-02  2.200e-02  2.295e-02  2.394e-02  2.498e-02  2.607e-02  2.720e-02  2.839e-02  2.963e-02  3.091e-02  3.225e-02  3.363e-02  3.507e-02  3.655e-02  3.808e-02 	
 3.360e-03  4.217e-03  4.940e-03  5.593e-03  6.204e-03  6.790e-03  7.360e-03  7.922e-03  8.478e-03  9.032e-03  9.586e-03  1.014e-02  1.070e-02  1.126e-02  1.184e-02  1.242e-02  1.301e-02  1.361e-02  1.422e-02  1.485e-02  1.550e-02  1.617e-02  1.685e-02  1.756e-02  1.829e-02  1.904e-02  1.982e-02  2.063e-02  2.148e-02  2.235e-02  2.327e-02  2.422e-02  2.521e-02  2.624e-02  2.732e-02  2.845e-02  2.962e-02  3.085e-02  3.213e-02  3.346e-02  3.485e-02  3.630e-02  3.780e-02  3.936e-02  4.098e-02  4.266e-02  4.439e-02  4.617e-02  4.801e-02  4.990e-02 	
 4.678e-03  5.861e-03  6.858e-03  7.756e-03  8.597e-03  9.402e-03  1.019e-02  1.096e-02  1.172e-02  1.247e-02  1.323e-02  1.399e-02  1.475e-02  1.552e-02  1.629e-02  1.708e-02  1.788e-02  1.869e-02  1.952e-02  2.037e-02  2.124e-02  2.213e-02  2.305e-02  2.400e-02  2.497e-02  2.598e-02  2.702e-02  2.809e-02  2.920e-02  3.036e-02  3.156e-02  3.280e-02  3.409e-02  3.544e-02  3.684e-02  3.829e-02  3.980e-02  4.137e-02  4.300e-02  4.470e-02  4.645e-02  4.827e-02  5.016e-02  5.211e-02  5.412e-02  5.619e-02  5.833e-02  6.052e-02  6.278e-02  6.509e-02 	
 6.532e-03  8.166e-03  9.541e-03  1.078e-02  1.192e-02  1.302e-02  1.409e-02  1.513e-02  1.616e-02  1.719e-02  1.821e-02  1.923e-02  2.025e-02  2.128e-02  2.232e-02  2.337e-02  2.443e-02  2.551e-02  2.662e-02  2.774e-02  2.890e-02  3.008e-02  3.128e-02  3.253e-02  3.380e-02  3.512e-02  3.647e-02  3.787e-02  3.931e-02  4.081e-02  4.235e-02  4.395e-02  4.560e-02  4.732e-02  4.909e-02  5.093e-02  5.283e-02  5.480e-02  5.684e-02  5.895e-02  6.113e-02  6.337e-02  6.569e-02  6.807e-02  7.053e-02  7.304e-02  7.563e-02  7.827e-02  8.098e-02  8.374e-02 	
 9.068e-03  1.129e-02  1.315e-02  1.482e-02  1.636e-02  1.783e-02  1.925e-02  2.064e-02  2.201e-02  2.337e-02  2.471e-02  2.605e-02  2.740e-02  2.874e-02  3.010e-02  3.147e-02  3.286e-02  3.426e-02  3.569e-02  3.715e-02  3.863e-02  4.015e-02  4.170e-02  4.329e-02  4.492e-02  4.659e-02  4.831e-02  5.008e-02  5.191e-02  5.379e-02  5.572e-02  5.772e-02  5.979e-02  6.192e-02  6.411e-02  6.638e-02  6.872e-02  7.113e-02  7.362e-02  7.618e-02  7.881e-02  8.152e-02  8.430e-02  8.715e-02  9.007e-02  9.306e-02  9.611e-02  9.922e-02  1.024e-01  1.056e-01 	
 1.241e-02  1.535e-02  1.780e-02  1.998e-02  2.200e-02  2.391e-02  2.576e-02  2.757e-02  2.934e-02  3.108e-02  3.281e-02  3.453e-02  3.625e-02  3.797e-02  3.970e-02  4.144e-02  4.320e-02  4.498e-02  4.678e-02  4.862e-02  5.048e-02  5.239e-02  5.433e-02  5.632e-02  5.835e-02  6.043e-02  6.257e-02  6.476e-02  6.701e-02  6.933e-02  7.171e-02  7.416e-02  7.667e-02  7.926e-02  8.193e-02  8.466e-02  8.748e-02  9.037e-02  9.334e-02  9.638e-02  9.950e-02  1.027e-01  1.060e-01  1.093e-01  1.127e-01  1.162e-01  1.197e-01  1.233e-01  1.270e-01  1.307e-01 	
 1.637e-02  2.012e-02  2.325e-02  2.602e-02  2.858e-02  3.100e-02  3.333e-02  3.559e-02  3.781e-02  4.000e-02  4.216e-02  4.430e-02  4.644e-02  4.858e-02  5.072e-02  5.288e-02  5.505e-02  5.725e-02  5.948e-02  6.174e-02  6.403e-02  6.637e-02  6.875e-02  7.118e-02  7.367e-02  7.621e-02  7.880e-02  8.146e-02  8.419e-02  8.698e-02  8.985e-02  9.278e-02  9.579e-02  9.888e-02  1.020e-01  1.053e-01  1.086e-01  1.120e-01  1.155e-01  1.190e-01  1.226e-01  1.263e-01  1.301e-01  1.339e-01  1.378e-01  1.418e-01  1.458e-01  1.499e-01  1.540e-01  1.581e-01 	
 2.043e-02  2.507e-02  2.895e-02  3.239e-02  3.558e-02  3.859e-02  4.148e-02  4.428e-02  4.702e-02  4.972e-02  5.237e-02  5.501e-02  5.763e-02  6.025e-02  6.287e-02  6.551e-02  6.816e-02  7.084e-02  7.355e-02  7.629e-02  7.908e-02  8.191e-02  8.479e-02  8.772e-02  9.071e-02  9.376e-02  9.688e-02  1.001e-01  1.033e-01  1.066e-01  1.100e-01  1.135e-01  1.170e-01  1.206e-01  1.243e-01  1.281e-01  1.319e-01  1.359e-01  1.399e-01  1.439e-01  1.481e-01  1.523e-01  1.565e-01  1.608e-01  1.652e-01  1.697e-01  1.741e-01  1.787e-01  1.832e-01  1.878e-01 	
 2.382e-02  2.951e-02  3.433e-02  3.862e-02  4.258e-02  4.632e-02  4.990e-02  5.336e-02  5.674e-02  6.005e-02  6.331e-02  6.654e-02  6.975e-02  7.295e-02  7.614e-02  7.935e-02  8.257e-02  8.582e-02  8.910e-02  9.241e-02  9.577e-02  9.917e-02  1.026e-01  1.061e-01  1.097e-01  1.133e-01  1.170e-01  1.207e-01  1.246e-01  1.284e-01  1.324e-01  1.364e-01  1.405e-01  1.447e-01  1.489e-01  1.533e-01  1.576e-01  1.621e-01  1.666e-01  1.712e-01  1.758e-01  1.805e-01  1.852e-01  1.900e-01  1.948e-01  1.997e-01  2.046e-01  2.096e-01  2.145e-01  2.195e-01 	
 2.606e-02  3.317e-02  3.922e-02  4.460e-02  4.955e-02  5.421e-02  5.865e-02  6.294e-02  6.711e-02  7.119e-02  7.519e-02  7.914e-02  8.306e-02  8.696e-02  9.084e-02  9.473e-02  9.862e-02  1.025e-01  1.065e-01  1.104e-01  1.145e-01  1.185e-01  1.226e-01  1.267e-01  1.309e-01  1.352e-01  1.395e-01  1.439e-01  1.483e-01  1.528e-01  1.573e-01  1.619e-01  1.666e-01  1.713e-01  1.761e-01  1.809e-01  1.858e-01  1.908e-01  1.958e-01  2.009e-01  2.060e-01  2.111e-01  2.163e-01  2.215e-01  2.267e-01  2.320e-01  2.373e-01  2.426e-01  2.479e-01  2.532e-01 	
 2.740e-02  3.637e-02  4.396e-02  5.070e-02  5.686e-02  6.263e-02  6.812e-02  7.340e-02  7.850e-02  8.348e-02  8.836e-02  9.316e-02  9.790e-02  1.026e-01  1.073e-01  1.119e-01  1.166e-01  1.213e-01  1.260e-01  1.307e-01  1.354e-01  1.401e-01  1.449e-01  1.498e-01  1.546e-01  1.595e-01  1.645e-01  1.695e-01  1.745e-01  1.796e-01  1.848e-01  1.899e-01  1.952e-01  2.004e-01  2.057e-01  2.111e-01  2.165e-01  2.219e-01  2.274e-01  2.329e-01  2.384e-01  2.439e-01  2.495e-01  2.550e-01  2.606e-01  2.662e-01  2.718e-01  2.774e-01  2.829e-01  2.885e-01 	
 2.852e-02  3.966e-02  4.898e-02  5.720e-02  6.469e-02  7.170e-02  7.833e-02  8.470e-02  9.084e-02  9.682e-02  1.027e-01  1.084e-01  1.140e-01  1.196e-01  1.252e-01  1.307e-01  1.362e-01  1.416e-01  1.471e-01  1.526e-01  1.580e-01  1.635e-01  1.690e-01  1.746e-01  1.801e-01  1.857e-01  1.913e-01  1.969e-01  2.026e-01  2.082e-01  2.139e-01  2.197e-01  2.254e-01  2.312e-01  2.370e-01  2.428e-01  2.486e-01  2.544e-01  2.603e-01  2.662e-01  2.720e-01  2.779e-01  2.838e-01  2.896e-01  2.955e-01  3.013e-01  3.072e-01  3.130e-01  3.187e-01  3.245e-01 	
 2.993e-02  4.328e-02  5.435e-02  6.407e-02  7.292e-02  8.117e-02  8.898e-02  9.645e-02  1.037e-01  1.106e-01  1.175e-01  1.241e-01  1.307e-01  1.372e-01  1.436e-01  1.500e-01  1.563e-01  1.625e-01  1.688e-01  1.750e-01  1.812e-01  1.874e-01  1.936e-01  1.998e-01  2.060e-01  2.122e-01  2.184e-01  2.246e-01  2.308e-01  2.370e-01  2.432e-01  2.495e-01  2.557e-01  2.619e-01  2.681e-01  2.743e-01  2.805e-01  2.867e-01  2.929e-01  2.990e-01  3.052e-01  3.113e-01  3.174e-01  3.235e-01  3.296e-01  3.356e-01  3.416e-01  3.476e-01  3.535e-01  3.593e-01 	
 3.176e-02  4.717e-02  5.986e-02  7.099e-02  8.111e-02  9.054e-02  9.945e-02  1.080e-01  1.162e-01  1.241e-01  1.319e-01  1.395e-01  1.469e-01  1.543e-01  1.615e-01  1.687e-01  1.757e-01  1.828e-01  1.897e-01  1.967e-01  2.036e-01  2.104e-01  2.172e-01  2.240e-01  2.308e-01  2.376e-01  2.443e-01  2.510e-01  2.577e-01  2.643e-01  2.710e-01  2.776e-01  2.842e-01  2.908e-01  2.973e-01  3.039e-01  3.104e-01  3.168e-01  3.233e-01  3.297e-01  3.361e-01  3.424e-01  3.487e-01  3.549e-01  3.611e-01  3.673e-01  3.734e-01  3.795e-01  3.854e-01  3.914e-01 	
 3.382e-02  5.104e-02  6.517e-02  7.756e-02  8.883e-02  9.933e-02  1.093e-01  1.187e-01  1.279e-01  1.367e-01  1.453e-01  1.537e-01  1.620e-01  1.701e-01  1.780e-01  1.859e-01  1.937e-01  2.014e-01  2.090e-01  2.165e-01  2.240e-01  2.314e-01  2.388e-01  2.461e-01  2.533e-01  2.605e-01  2.677e-01  2.748e-01  2.819e-01  2.889e-01  2.959e-01  3.029e-01  3.098e-01  3.166e-01  3.234e-01  3.302e-01  3.369e-01  3.436e-01  3.502e-01  3.568e-01  3.633e-01  3.698e-01  3.762e-01  3.825e-01  3.888e-01  3.951e-01  4.012e-01  4.073e-01  4.133e-01  4.193e-01 	
 3.596e-02  5.479e-02  7.021e-02  8.374e-02  9.605e-02  1.075e-01  1.184e-01  1.287e-01  1.387e-01  1.483e-01  1.577e-01  1.668e-01  1.758e-01  1.845e-01  1.932e-01  2.016e-01  2.100e-01  2.183e-01  2.264e-01  2.345e-01  2.424e-01  2.503e-01  2.581e-01  2.658e-01  2.735e-01  2.811e-01  2.886e-01  2.961e-01  3.034e-01  3.108e-01  3.180e-01  3.252e-01  3.323e-01  3.394e-01  3.464e-01  3.534e-01  3.602e-01  3.670e-01  3.738e-01  3.805e-01  3.871e-01  3.936e-01  4.001e-01  4.065e-01  4.129e-01  4.191e-01  4.253e-01  4.314e-01  4.374e-01  4.434e-01 	
 3.809e-02  5.835e-02  7.492e-02  8.947e-02  1.027e-01  1.150e-01  1.267e-01  1.378e-01  1.485e-01  1.589e-01  1.689e-01  1.787e-01  1.883e-01  1.976e-01  2.068e-01  2.158e-01  2.247e-01  2.334e-01  2.420e-01  2.505e-01  2.589e-01  2.672e-01  2.753e-01  2.834e-01  2.914e-01  2.993e-01  3.071e-01  3.148e-01  3.224e-01  3.299e-01  3.374e-01  3.448e-01  3.521e-01  3.593e-01  3.664e-01  3.735e-01  3.805e-01  3.874e-01  3.942e-01  4.010e-01  4.076e-01  4.142e-01  4.207e-01  4.272e-01  4.335e-01  4.398e-01  4.459e-01  4.520e-01  4.580e-01  4.639e-01 	
 4.007e-02  6.155e-02  7.913e-02  9.455e-02  1.086e-01  1.217e-01  1.340e-01  1.458e-01  1.572e-01  1.681e-01  1.787e-01  1.891e-01  1.991e-01  2.090e-01  2.186e-01  2.281e-01  2.373e-01  2.465e-01  2.554e-01  2.643e-01  2.730e-01  2.815e-01  2.900e-01  2.983e-01  3.065e-01  3.146e-01  3.226e-01  3.305e-01  3.383e-01  3.460e-01  3.536e-01  3.611e-01  3.685e-01  3.759e-01  3.831e-01  3.902e-01  3.973e-01  4.042e-01  4.111e-01  4.179e-01  4.246e-01  4.312e-01  4.377e-01  4.441e-01  4.504e-01  4.567e-01  4.628e-01  4.688e-01  4.748e-01  4.807e-01 	
 4.182e-02  6.431e-02  8.271e-02  9.887e-02  1.136e-01  1.273e-01  1.402e-01  1.526e-01  1.644e-01  1.758e-01  1.869e-01  1.976e-01  2.081e-01  2.183e-01  2.283e-01  2.381e-01  2.477e-01  2.571e-01  2.664e-01  2.755e-01  2.844e-01  2.932e-01  3.019e-01  3.104e-01  3.188e-01  3.270e-01  3.352e-01  3.432e-01  3.511e-01  3.589e-01  3.666e-01  3.742e-01  3.817e-01  3.891e-01  3.964e-01  4.035e-01  4.106e-01  4.176e-01  4.245e-01  4.313e-01  4.380e-01  4.445e-01  4.510e-01  4.574e-01  4.637e-01  4.699e-01  4.761e-01  4.821e-01  4.880e-01  4.938e-01 	
 4.331e-02  6.663e-02  8.571e-02  1.025e-01  1.177e-01  1.319e-01  1.453e-01  1.581e-01  1.703e-01  1.821e-01  1.935e-01  2.046e-01  2.154e-01  2.259e-01  2.362e-01  2.462e-01  2.561e-01  2.657e-01  2.752e-01  2.845e-01  2.936e-01  3.025e-01  3.113e-01  3.200e-01  3.285e-01  3.369e-01  3.451e-01  3.532e-01  3.612e-01  3.691e-01  3.769e-01  3.845e-01  3.920e-01  3.994e-01  4.067e-01  4.139e-01  4.210e-01  4.280e-01  4.349e-01  4.417e-01  4.484e-01  4.549e-01  4.614e-01  4.678e-01  4.740e-01  4.802e-01  4.863e-01  4.922e-01  4.981e-01  5.039e-01 	
 4.457e-02  6.856e-02  8.818e-02  1.054e-01  1.211e-01  1.357e-01  1.494e-01  1.626e-01  1.751e-01  1.872e-01  1.989e-01  2.103e-01  2.213e-01  2.320e-01  2.425e-01  2.528e-01  2.628e-01  2.726e-01  2.822e-01  2.916e-01  3.008e-01  3.099e-01  3.188e-01  3.276e-01  3.362e-01  3.446e-01  3.529e-01  3.611e-01  3.692e-01  3.771e-01  3.849e-01  3.925e-01  4.001e-01  4.075e-01  4.148e-01  4.220e-01  4.291e-01  4.361e-01  4.430e-01  4.497e-01  4.564e-01  4.630e-01  4.694e-01  4.757e-01  4.820e-01  4.881e-01  4.942e-01  5.001e-01  5.059e-01  5.116e-01 	
 4.565e-02  7.019e-02  9.025e-02  1.079e-01  1.239e-01  1.388e-01  1.529e-01  1.663e-01  1.791e-01  1.914e-01  2.033e-01  2.149e-01  2.261e-01  2.370e-01  2.476e-01  2.580e-01  2.682e-01  2.781e-01  2.878e-01  2.973e-01  3.067e-01  3.158e-01  3.248e-01  3.336e-01  3.423e-01  3.508e-01  3.591e-01  3.674e-01  3.754e-01  3.834e-01  3.912e-01  3.989e-01  4.064e-01  4.139e-01  4.212e-01  4.284e-01  4.355e-01  4.424e-01  4.493e-01  4.560e-01  4.627e-01  4.692e-01  4.756e-01  4.820e-01  4.882e-01  4.943e-01  5.003e-01  5.062e-01  5.120e-01  5.176e-01 	
 4.659e-02  7.160e-02  9.204e-02  1.100e-01  1.263e-01  1.415e-01  1.558e-01  1.694e-01  1.824e-01  1.949e-01  2.070e-01  2.187e-01  2.301e-01  2.411e-01  2.519e-01  2.624e-01  2.726e-01  2.826e-01  2.924e-01  3.020e-01  3.114e-01  3.207e-01  3.297e-01  3.386e-01  3.473e-01  3.558e-01  3.642e-01  3.724e-01  3.805e-01  3.885e-01  3.963e-01  4.040e-01  4.116e-01  4.190e-01  4.263e-01  4.335e-01  4.406e-01  4.475e-01  4.544e-01  4.611e-01  4.677e-01  4.742e-01  4.806e-01  4.869e-01  4.931e-01  4.992e-01  5.051e-01  5.110e-01  5.168e-01  5.224e-01 	
 4.744e-02  7.285e-02  9.362e-02  1.118e-01  1.284e-01  1.438e-01  1.583e-01  1.721e-01  1.853e-01  1.980e-01  2.102e-01  2.220e-01  2.335e-01  2.447e-01  2.555e-01  2.661e-01  2.764e-01  2.865e-01  2.964e-01  3.060e-01  3.155e-01  3.248e-01  3.338e-01  3.427e-01  3.515e-01  3.600e-01  3.684e-01  3.767e-01  3.848e-01  3.928e-01  4.006e-01  4.083e-01  4.158e-01  4.233e-01  4.306e-01  4.377e-01  4.448e-01  4.517e-01  4.586e-01  4.653e-01  4.719e-01  4.784e-01  4.847e-01  4.910e-01  4.972e-01  5.032e-01  5.092e-01  5.150e-01  5.207e-01  5.263e-01 	
 4.823e-02  7.401e-02  9.506e-02  1.135e-01  1.303e-01  1.459e-01  1.606e-01  1.746e-01  1.879e-01  2.007e-01  2.131e-01  2.250e-01  2.366e-01  2.478e-01  2.588e-01  2.694e-01  2.798e-01  2.900e-01  2.999e-01  3.096e-01  3.191e-01  3.284e-01  3.375e-01  3.464e-01  3.551e-01  3.637e-01  3.721e-01  3.804e-01  3.885e-01  3.965e-01  4.043e-01  4.120e-01  4.195e-01  4.269e-01  4.342e-01  4.414e-01  4.485e-01  4.554e-01  4.622e-01  4.689e-01  4.755e-01  4.819e-01  4.883e-01  4.945e-01  5.007e-01  5.067e-01  5.126e-01  5.184e-01  5.241e-01  5.297e-01 	
 4.898e-02  7.510e-02  9.642e-02  1.151e-01  1.321e-01  1.479e-01  1.627e-01  1.768e-01  1.903e-01  2.032e-01  2.157e-01  2.277e-01  2.394e-01  2.507e-01  2.617e-01  2.724e-01  2.829e-01  2.931e-01  3.031e-01  3.128e-01  3.223e-01  3.316e-01  3.408e-01  3.497e-01  3.585e-01  3.671e-01  3.755e-01  3.837e-01  3.919e-01  3.998e-01  4.076e-01  4.153e-01  4.229e-01  4.303e-01  4.375e-01  4.447e-01  4.517e-01  4.586e-01  4.654e-01  4.721e-01  4.787e-01  4.851e-01  4.914e-01  4.977e-01  5.038e-01  5.098e-01  5.157e-01  5.214e-01  5.271e-01  5.327e-01 	
 4.970e-02  7.615e-02  9.773e-02  1.166e-01  1.338e-01  1.498e-01  1.648e-01  1.790e-01  1.926e-01  2.056e-01  2.182e-01  2.303e-01  2.421e-01  2.535e-01  2.645e-01  2.753e-01  2.858e-01  2.960e-01  3.060e-01  3.158e-01  3.254e-01  3.347e-01  3.438e-01  3.528e-01  3.616e-01  3.702e-01  3.786e-01  3.869e-01  3.950e-01  4.029e-01  4.107e-01  4.184e-01  4.259e-01  4.333e-01  4.406e-01  4.477e-01  4.548e-01  4.616e-01  4.684e-01  4.751e-01  4.816e-01  4.880e-01  4.943e-01  5.005e-01  5.066e-01  5.126e-01  5.185e-01  5.242e-01  5.299e-01  5.354e-01 	
 5.040e-02  7.717e-02  9.900e-02  1.181e-01  1.355e-01  1.516e-01  1.668e-01  1.811e-01  1.948e-01  2.080e-01  2.206e-01  2.328e-01  2.446e-01  2.561e-01  2.672e-01  2.780e-01  2.886e-01  2.989e-01  3.089e-01  3.187e-01  3.283e-01  3.376e-01  3.468e-01  3.557e-01  3.645e-01  3.731e-01  3.815e-01  3.898e-01  3.979e-01  4.059e-01  4.137e-01  4.213e-01  4.289e-01  4.362e-01  4.435e-01  4.506e-01  4.576e-01  4.645e-01  4.712e-01  4.779e-01  4.844e-01  4.908e-01  4.971e-01  5.032e-01  5.093e-01  5.153e-01  5.211e-01  5.268e-01  5.325e-01  5.380e-01 	
 5.112e-02  7.820e-02  1.003e-01  1.196e-01  1.372e-01  1.534e-01  1.687e-01  1.832e-01  1.970e-01  2.103e-01  2.230e-01  2.353e-01  2.472e-01  2.587e-01  2.699e-01  2.807e-01  2.913e-01  3.016e-01  3.117e-01  3.215e-01  3.311e-01  3.405e-01  3.497e-01  3.586e-01  3.674e-01  3.760e-01  3.844e-01  3.927e-01  4.008e-01  4.088e-01  4.165e-01  4.242e-01  4.317e-01  4.391e-01  4.463e-01  4.534e-01  4.604e-01  4.673e-01  4.740e-01  4.806e-01  4.871e-01  4.935e-01  4.997e-01  5.059e-01  5.119e-01  5.179e-01  5.237e-01  5.294e-01  5.350e-01  5.405e-01 	
 5.186e-02  7.926e-02  1.016e-01  1.211e-01  1.389e-01  1.553e-01  1.707e-01  1.853e-01  1.993e-01  2.126e-01  2.254e-01  2.378e-01  2.497e-01  2.613e-01  2.726e-01  2.835e-01  2.941e-01  3.044e-01  3.145e-01  3.244e-01  3.340e-01  3.434e-01  3.525e-01  3.615e-01  3.703e-01  3.789e-01  3.873e-01  3.956e-01  4.037e-01  4.116e-01  4.194e-01  4.271e-01  4.345e-01  4.419e-01  4.491e-01  4.562e-01  4.632e-01  4.700e-01  4.767e-01  4.833e-01  4.898e-01  4.961e-01  5.024e-01  5.085e-01  5.145e-01  5.204e-01  5.262e-01  5.319e-01  5.375e-01  5.430e-01 	
 5.260e-02  8.034e-02  1.029e-01  1.227e-01  1.406e-01  1.572e-01  1.728e-01  1.875e-01  2.016e-01  2.150e-01  2.279e-01  2.404e-01  2.524e-01  2.640e-01  2.753e-01  2.863e-01  2.969e-01  3.073e-01  3.174e-01  3.273e-01  3.369e-01  3.463e-01  3.555e-01  3.645e-01  3.733e-01  3.819e-01  3.903e-01  3.986e-01  4.067e-01  4.146e-01  4.224e-01  4.300e-01  4.375e-01  4.448e-01  4.520e-01  4.591e-01  4.660e-01  4.728e-01  4.795e-01  4.861e-01  4.925e-01  4.989e-01  5.051e-01  5.112e-01  5.172e-01  5.231e-01  5.288e-01  5.345e-01  5.400e-01  5.455e-01 	
 5.348e-02  8.157e-02  1.044e-01  1.244e-01  1.426e-01  1.593e-01  1.750e-01  1.899e-01  2.041e-01  2.176e-01  2.306e-01  2.431e-01  2.552e-01  2.669e-01  2.782e-01  2.892e-01  2.999e-01  3.103e-01  3.205e-01  3.304e-01  3.400e-01  3.494e-01  3.586e-01  3.676e-01  3.764e-01  3.850e-01  3.934e-01  4.017e-01  4.097e-01  4.177e-01  4.254e-01  4.330e-01  4.405e-01  4.478e-01  4.550e-01  4.620e-01  4.689e-01  4.757e-01  4.824e-01  4.889e-01  4.954e-01  5.017e-01  5.079e-01  5.139e-01  5.199e-01  5.258e-01  5.315e-01  5.371e-01  5.427e-01  5.481e-01 	
 5.439e-02  8.284e-02  1.060e-01  1.262e-01  1.445e-01  1.615e-01  1.773e-01  1.923e-01  2.066e-01  2.202e-01  2.333e-01  2.459e-01  2.581e-01  2.698e-01  2.812e-01  2.922e-01  3.030e-01  3.134e-01  3.235e-01  3.334e-01  3.431e-01  3.525e-01  3.617e-01  3.707e-01  3.795e-01  3.881e-01  3.965e-01  4.047e-01  4.128e-01  4.207e-01  4.284e-01  4.360e-01  4.435e-01  4.508e-01  4.579e-01  4.650e-01  4.719e-01  4.786e-01  4.853e-01  4.918e-01  4.982e-01  5.045e-01  5.106e-01  5.167e-01  5.226e-01  5.284e-01  5.342e-01  5.398e-01  5.453e-01  5.506e-01 	
 5.531e-02  8.415e-02  1.076e-01  1.281e-01  1.466e-01  1.637e-01  1.797e-01  1.949e-01  2.092e-01  2.230e-01  2.362e-01  2.488e-01  2.611e-01  2.729e-01  2.843e-01  2.954e-01  3.061e-01  3.166e-01  3.268e-01  3.367e-01  3.464e-01  3.558e-01  3.650e-01  3.740e-01  3.828e-01  3.914e-01  3.998e-01  4.080e-01  4.160e-01  4.239e-01  4.317e-01  4.392e-01  4.466e-01  4.539e-01  4.611e-01  4.681e-01  4.749e-01  4.817e-01  4.883e-01  4.948e-01  5.012e-01  5.074e-01  5.135e-01  5.196e-01  5.255e-01  5.313e-01  5.370e-01  5.425e-01  5.480e-01  5.534e-01 	
 5.642e-02  8.568e-02  1.094e-01  1.302e-01  1.489e-01  1.662e-01  1.824e-01  1.977e-01  2.122e-01  2.260e-01  2.393e-01  2.520e-01  2.643e-01  2.762e-01  2.877e-01  2.988e-01  3.096e-01  3.201e-01  3.303e-01  3.402e-01  3.499e-01  3.593e-01  3.685e-01  3.775e-01  3.863e-01  3.949e-01  4.032e-01  4.115e-01  4.195e-01  4.274e-01  4.351e-01  4.426e-01  4.500e-01  4.573e-01  4.644e-01  4.713e-01  4.782e-01  4.849e-01  4.915e-01  4.979e-01  5.043e-01  5.105e-01  5.166e-01  5.226e-01  5.285e-01  5.342e-01  5.399e-01  5.454e-01  5.509e-01  5.562e-01 	
 5.764e-02  8.733e-02  1.114e-01  1.324e-01  1.514e-01  1.689e-01  1.852e-01  2.006e-01  2.153e-01  2.292e-01  2.426e-01  2.554e-01  2.678e-01  2.797e-01  2.912e-01  3.024e-01  3.132e-01  3.237e-01  3.339e-01  3.438e-01  3.535e-01  3.630e-01  3.722e-01  3.811e-01  3.899e-01  3.985e-01  4.069e-01  4.150e-01  4.231e-01  4.309e-01  4.386e-01  4.461e-01  4.535e-01  4.607e-01  4.678e-01  4.747e-01  4.815e-01  4.882e-01  4.948e-01  5.012e-01  5.075e-01  5.137e-01  5.198e-01  5.257e-01  5.316e-01  5.373e-01  5.429e-01  5.484e-01  5.538e-01  5.591e-01 	
 5.897e-02  8.913e-02  1.136e-01  1.348e-01  1.540e-01  1.717e-01  1.882e-01  2.038e-01  2.185e-01  2.326e-01  2.460e-01  2.589e-01  2.713e-01  2.833e-01  2.949e-01  3.061e-01  3.169e-01  3.274e-01  3.377e-01  3.476e-01  3.573e-01  3.667e-01  3.759e-01  3.849e-01  3.937e-01  4.022e-01  4.106e-01  4.187e-01  4.267e-01  4.346e-01  4.422e-01  4.497e-01  4.571e-01  4.642e-01  4.713e-01  4.782e-01  4.850e-01  4.916e-01  4.982e-01  5.046e-01  5.108e-01  5.170e-01  5.230e-01  5.289e-01  5.347e-01  5.404e-01  5.460e-01  5.515e-01  5.569e-01  5.621e-01 	
 6.041e-02  9.104e-02  1.158e-01  1.374e-01  1.568e-01  1.747e-01  1.914e-01  2.071e-01  2.219e-01  2.361e-01  2.496e-01  2.626e-01  2.750e-01  2.870e-01  2.986e-01  3.099e-01  3.207e-01  3.313e-01  3.415e-01  3.515e-01  3.612e-01  3.706e-01  3.798e-01  3.887e-01  3.975e-01  4.060e-01  4.143e-01  4.225e-01  4.305e-01  4.383e-01  4.459e-01  4.534e-01  4.607e-01  4.678e-01  4.748e-01  4.817e-01  4.885e-01  4.951e-01  5.016e-01  5.079e-01  5.142e-01  5.203e-01  5.263e-01  5.322e-01  5.379e-01  5.436e-01  5.491e-01  5.546e-01  5.599e-01  5.651e-01 	
