 0.000e+00  0.000e+00  0.000e+00  0.000e+00  0.000e+00  0.000e+00  0.000e+00  0.000e+00  0.000e+00  0.000e+00  0.000e+00  0.000e+00  0.000e+00  0.000e+00  0.000e+00  0.000e+00  0.000e+00  0.000e+00  0.000e+00  0.000e+00  0.000e+00  0.000e+00  0.000e+00  0.000e+00  0.000e+00  0.000e+00  0.000e+00  0.000e+00  0.000e+00  0.000e+00  0.000e+00  0.000e+00  0.000e+00  0.000e+00  0.000e+00  0.000e+00  0.000e+00  0.000e+00  0.000e+00  0.000e+00  0.000e+00  0.000e+00  0.000e+00  0.000e+00  0.000e+00  0.000e+00  0.000e+00  0.000e+00  0.000e+00  0.000e+00 	
 3.158e-04  5.033e-04  7.037e-04  8.601e-04  9.656e-04  1.031e-03  1.070e-03  1.092e-03  1.103e-03  1.107e-03  1.106e-03  1.104e-03  1.099e-03  1.094e-03  1.088e-03  1.082e-03  1.076e-03  1.070e-03  1.064e-03  1.059e-03  1.053e-03  1.048e-03  1.043e-03  1.038e-03  1.034e-03  1.029e-03  1.025e-03  1.021e-03  1.017e-03  1.013e-03  1.010e-03  1.006e-03  1.003e-03  1.000e-03  9.970e-04  9.942e-04  9.914e-04  9.888e-04  9.862e-04  9.838e-04  9.814e-04  9.792e-04  9.770e-04  9.749e-04  9.729e-04  9.709e-04  9.691e-04  9.673e-04  9.655e-04  9.639e-04 	
 6.879e-04  1.101e-03  1.545e-03  1.895e-03  2.132e-03  2.281e-03  2.369e-03  2.419e-03  2.444e-03  2.454e-03  2.454e-03  2.449e-03  2.439e-03  2.428e-03  2.415e-03  2.402e-03  2.389e-03  2.376e-03  2.363e-03  2.350e-03  2.338e-03  2.327e-03  2.315e-03  2.305e-03  2.295e-03  2.285e-03  2.275e-03  2.266e-03  2.258e-03  2.250e-03  2.242e-03  2.234e-03  2.227e-03  2.220e-03  2.213e-03  2.207e-03  2.201e-03  2.195e-03  2.189e-03  2.184e-03  2.179e-03  2.174e-03  2.169e-03  2.164e-03  2.160e-03  2.155e-03  2.151e-03  2.147e-03  2.143e-03  2.140e-03 	
 1.128e-03  1.811e-03  2.552e-03  3.141e-03  3.543e-03  3.797e-03  3.950e-03  4.036e-03  4.080e-03  4.098e-03  4.100e-03  4.092e-03  4.077e-03  4.058e-03  4.038e-03  4.016e-03  3.994e-03  3.972e-03  3.951e-03  3.930e-03  3.910e-03  3.890e-03  3.872e-03  3.854e-03  3.837e-03  3.821e-03  3.805e-03  3.790e-03  3.776e-03  3.762e-03  3.749e-03  3.736e-03  3.724e-03  3.712e-03  3.701e-03  3.691e-03  3.680e-03  3.670e-03  3.661e-03  3.652e-03  3.643e-03  3.635e-03  3.626e-03  3.619e-03  3.611e-03  3.604e-03  3.597e-03  3.590e-03  3.584e-03  3.578e-03 	
 1.648e-03  2.657e-03  3.761e-03  4.645e-03  5.255e-03  5.643e-03  5.877e-03  6.011e-03  6.082e-03  6.112e-03  6.116e-03  6.105e-03  6.084e-03  6.057e-03  6.027e-03  5.995e-03  5.963e-03  5.931e-03  5.899e-03  5.868e-03  5.838e-03  5.809e-03  5.782e-03  5.755e-03  5.730e-03  5.705e-03  5.682e-03  5.660e-03  5.638e-03  5.618e-03  5.598e-03  5.579e-03  5.561e-03  5.544e-03  5.527e-03  5.511e-03  5.496e-03  5.481e-03  5.467e-03  5.453e-03  5.440e-03  5.427e-03  5.415e-03  5.403e-03  5.392e-03  5.381e-03  5.371e-03  5.361e-03  5.351e-03  5.342e-03 	
 2.272e-03  3.676e-03  5.227e-03  6.481e-03  7.353e-03  7.912e-03  8.253e-03  8.450e-03  8.555e-03  8.602e-03  8.612e-03  8.598e-03  8.571e-03  8.534e-03  8.493e-03  8.449e-03  8.404e-03  8.359e-03  8.315e-03  8.272e-03  8.230e-03  8.189e-03  8.150e-03  8.113e-03  8.077e-03  8.043e-03  8.010e-03  7.978e-03  7.948e-03  7.919e-03  7.891e-03  7.865e-03  7.839e-03  7.815e-03  7.791e-03  7.769e-03  7.747e-03  7.726e-03  7.706e-03  7.687e-03  7.668e-03  7.651e-03  7.633e-03  7.617e-03  7.601e-03  7.586e-03  7.571e-03  7.557e-03  7.543e-03  7.530e-03 	
 3.036e-03  4.930e-03  7.042e-03  8.766e-03  9.976e-03  1.076e-02  1.124e-02  1.152e-02  1.167e-02  1.174e-02  1.176e-02  1.175e-02  1.171e-02  1.166e-02  1.161e-02  1.155e-02  1.149e-02  1.143e-02  1.137e-02  1.131e-02  1.125e-02  1.120e-02  1.115e-02  1.109e-02  1.105e-02  1.100e-02  1.095e-02  1.091e-02  1.087e-02  1.083e-02  1.079e-02  1.076e-02  1.072e-02  1.069e-02  1.065e-02  1.062e-02  1.059e-02  1.057e-02  1.054e-02  1.051e-02  1.049e-02  1.046e-02  1.044e-02  1.042e-02  1.039e-02  1.037e-02  1.035e-02  1.033e-02  1.031e-02  1.030e-02 	
 3.999e-03  6.516e-03  9.349e-03  1.168e-02  1.334e-02  1.442e-02  1.508e-02  1.548e-02  1.570e-02  1.580e-02  1.583e-02  1.582e-02  1.577e-02  1.571e-02  1.564e-02  1.556e-02  1.548e-02  1.540e-02  1.532e-02  1.524e-02  1.517e-02  1.509e-02  1.502e-02  1.495e-02  1.489e-02  1.483e-02  1.477e-02  1.471e-02  1.465e-02  1.460e-02  1.455e-02  1.450e-02  1.445e-02  1.441e-02  1.436e-02  1.432e-02  1.428e-02  1.424e-02  1.421e-02  1.417e-02  1.414e-02  1.410e-02  1.407e-02  1.404e-02  1.401e-02  1.398e-02  1.395e-02  1.393e-02  1.390e-02  1.388e-02 	
 5.242e-03  8.571e-03  1.235e-02  1.550e-02  1.775e-02  1.922e-02  2.015e-02  2.070e-02  2.100e-02  2.116e-02  2.121e-02  2.119e-02  2.114e-02  2.106e-02  2.097e-02  2.087e-02  2.076e-02  2.066e-02  2.055e-02  2.045e-02  2.035e-02  2.025e-02  2.015e-02  2.006e-02  1.997e-02  1.989e-02  1.981e-02  1.973e-02  1.965e-02  1.958e-02  1.951e-02  1.945e-02  1.939e-02  1.933e-02  1.927e-02  1.921e-02  1.916e-02  1.911e-02  1.906e-02  1.901e-02  1.896e-02  1.892e-02  1.887e-02  1.883e-02  1.879e-02  1.875e-02  1.872e-02  1.868e-02  1.865e-02  1.862e-02 	
 6.886e-03  1.129e-02  1.634e-02  2.058e-02  2.364e-02  2.566e-02  2.694e-02  2.771e-02  2.814e-02  2.836e-02  2.844e-02  2.844e-02  2.837e-02  2.827e-02  2.815e-02  2.802e-02  2.788e-02  2.774e-02  2.760e-02  2.746e-02  2.732e-02  2.719e-02  2.707e-02  2.694e-02  2.683e-02  2.671e-02  2.660e-02  2.650e-02  2.640e-02  2.630e-02  2.621e-02  2.612e-02  2.604e-02  2.596e-02  2.588e-02  2.580e-02  2.573e-02  2.566e-02  2.559e-02  2.553e-02  2.547e-02  2.541e-02  2.535e-02  2.530e-02  2.524e-02  2.519e-02  2.514e-02  2.509e-02  2.505e-02  2.500e-02 	
 9.098e-03  1.497e-02  2.174e-02  2.748e-02  3.166e-02  3.444e-02  3.621e-02  3.728e-02  3.790e-02  3.822e-02  3.834e-02  3.835e-02  3.827e-02  3.814e-02  3.799e-02  3.781e-02  3.763e-02  3.744e-02  3.725e-02  3.707e-02  3.689e-02  3.671e-02  3.654e-02  3.637e-02  3.622e-02  3.606e-02  3.592e-02  3.578e-02  3.564e-02  3.551e-02  3.539e-02  3.527e-02  3.515e-02  3.504e-02  3.494e-02  3.484e-02  3.474e-02  3.464e-02  3.455e-02  3.447e-02  3.438e-02  3.430e-02  3.422e-02  3.415e-02  3.408e-02  3.401e-02  3.394e-02  3.388e-02  3.381e-02  3.375e-02 	
 1.208e-02  1.993e-02  2.905e-02  3.685e-02  4.257e-02  4.641e-02  4.887e-02  5.037e-02  5.124e-02  5.170e-02  5.190e-02  5.192e-02  5.183e-02  5.167e-02  5.146e-02  5.123e-02  5.099e-02  5.074e-02  5.048e-02  5.024e-02  4.999e-02  4.975e-02  4.952e-02  4.930e-02  4.909e-02  4.888e-02  4.868e-02  4.849e-02  4.831e-02  4.814e-02  4.797e-02  4.781e-02  4.765e-02  4.750e-02  4.736e-02  4.722e-02  4.709e-02  4.696e-02  4.684e-02  4.672e-02  4.660e-02  4.649e-02  4.639e-02  4.629e-02  4.619e-02  4.609e-02  4.600e-02  4.591e-02  4.583e-02  4.575e-02 	
 1.269e-02  2.098e-02  3.070e-02  3.907e-02  4.525e-02  4.944e-02  5.213e-02  5.379e-02  5.477e-02  5.529e-02  5.552e-02  5.556e-02  5.548e-02  5.532e-02  5.511e-02  5.487e-02  5.461e-02  5.435e-02  5.408e-02  5.382e-02  5.356e-02  5.330e-02  5.306e-02  5.282e-02  5.259e-02  5.237e-02  5.216e-02  5.196e-02  5.176e-02  5.158e-02  5.140e-02  5.122e-02  5.106e-02  5.090e-02  5.074e-02  5.059e-02  5.045e-02  5.032e-02  5.018e-02  5.006e-02  4.993e-02  4.982e-02  4.970e-02  4.959e-02  4.949e-02  4.939e-02  4.929e-02  4.919e-02  4.910e-02  4.901e-02 	
 3.524e-02  5.840e-02  8.571e-02  1.094e-01  1.271e-01  1.391e-01  1.469e-01  1.517e-01  1.546e-01  1.562e-01  1.569e-01  1.570e-01  1.568e-01  1.564e-01  1.558e-01  1.552e-01  1.545e-01  1.537e-01  1.530e-01  1.522e-01  1.515e-01  1.508e-01  1.501e-01  1.495e-01  1.488e-01  1.482e-01  1.476e-01  1.470e-01  1.465e-01  1.459e-01  1.454e-01  1.449e-01  1.445e-01  1.440e-01  1.436e-01  1.432e-01  1.428e-01  1.424e-01  1.420e-01  1.416e-01  1.413e-01  1.410e-01  1.406e-01  1.403e-01  1.400e-01  1.397e-01  1.395e-01  1.392e-01  1.389e-01  1.387e-01 	
 3.042e-02  5.053e-02  7.439e-02  9.526e-02  1.109e-01  1.216e-01  1.286e-01  1.330e-01  1.356e-01  1.371e-01  1.377e-01  1.379e-01  1.378e-01  1.374e-01  1.370e-01  1.364e-01  1.358e-01  1.351e-01  1.345e-01  1.338e-01  1.332e-01  1.326e-01  1.320e-01  1.314e-01  1.308e-01  1.303e-01  1.298e-01  1.293e-01  1.288e-01  1.283e-01  1.279e-01  1.274e-01  1.270e-01  1.266e-01  1.262e-01  1.259e-01  1.255e-01  1.252e-01  1.249e-01  1.245e-01  1.242e-01  1.239e-01  1.236e-01  1.234e-01  1.231e-01  1.229e-01  1.226e-01  1.224e-01  1.222e-01  1.219e-01 	
 4.237e-02  7.052e-02  1.041e-01  1.337e-01  1.561e-01  1.715e-01  1.816e-01  1.879e-01  1.918e-01  1.939e-01  1.950e-01  1.953e-01  1.952e-01  1.947e-01  1.941e-01  1.933e-01  1.924e-01  1.915e-01  1.906e-01  1.897e-01  1.888e-01  1.880e-01  1.871e-01  1.863e-01  1.855e-01  1.847e-01  1.840e-01  1.833e-01  1.826e-01  1.819e-01  1.813e-01  1.807e-01  1.801e-01  1.795e-01  1.790e-01  1.785e-01  1.780e-01  1.775e-01  1.770e-01  1.765e-01  1.761e-01  1.757e-01  1.753e-01  1.749e-01  1.745e-01  1.742e-01  1.738e-01  1.735e-01  1.732e-01  1.729e-01 	
 5.916e-02  9.865e-02  1.461e-01  1.882e-01  2.201e-01  2.423e-01  2.569e-01  2.662e-01  2.719e-01  2.751e-01  2.767e-01  2.772e-01  2.771e-01  2.765e-01  2.756e-01  2.745e-01  2.733e-01  2.721e-01  2.708e-01  2.696e-01  2.683e-01  2.671e-01  2.659e-01  2.647e-01  2.636e-01  2.625e-01  2.614e-01  2.604e-01  2.595e-01  2.585e-01  2.576e-01  2.568e-01  2.559e-01  2.551e-01  2.543e-01  2.536e-01  2.529e-01  2.522e-01  2.515e-01  2.509e-01  2.503e-01  2.497e-01  2.491e-01  2.486e-01  2.480e-01  2.475e-01  2.470e-01  2.465e-01  2.461e-01  2.456e-01 	
 8.302e-02  1.387e-01  2.060e-01  2.661e-01  3.120e-01  3.441e-01  3.654e-01  3.790e-01  3.874e-01  3.922e-01  3.946e-01  3.956e-01  3.955e-01  3.947e-01  3.935e-01  3.920e-01  3.903e-01  3.886e-01  3.868e-01  3.850e-01  3.832e-01  3.815e-01  3.798e-01  3.781e-01  3.765e-01  3.750e-01  3.735e-01  3.720e-01  3.706e-01  3.693e-01  3.680e-01  3.668e-01  3.656e-01  3.644e-01  3.633e-01  3.623e-01  3.613e-01  3.603e-01  3.593e-01  3.584e-01  3.575e-01  3.567e-01  3.559e-01  3.551e-01  3.543e-01  3.536e-01  3.529e-01  3.522e-01  3.515e-01  3.509e-01 	
 1.168e-01  1.955e-01  2.912e-01  3.772e-01  4.434e-01  4.900e-01  5.211e-01  5.411e-01  5.534e-01  5.606e-01  5.644e-01  5.659e-01  5.659e-01  5.649e-01  5.633e-01  5.612e-01  5.589e-01  5.564e-01  5.539e-01  5.514e-01  5.489e-01  5.464e-01  5.440e-01  5.416e-01  5.393e-01  5.371e-01  5.350e-01  5.329e-01  5.309e-01  5.290e-01  5.272e-01  5.254e-01  5.237e-01  5.221e-01  5.205e-01  5.190e-01  5.175e-01  5.161e-01  5.147e-01  5.134e-01  5.122e-01  5.109e-01  5.098e-01  5.086e-01  5.075e-01  5.065e-01  5.055e-01  5.045e-01  5.035e-01  5.026e-01 	
 1.643e-01  2.755e-01  4.115e-01  5.348e-01  6.303e-01  6.980e-01  7.434e-01  7.728e-01  7.911e-01  8.019e-01  8.077e-01  8.101e-01  8.104e-01  8.091e-01  8.069e-01  8.041e-01  8.009e-01  7.974e-01  7.939e-01  7.903e-01  7.867e-01  7.832e-01  7.797e-01  7.764e-01  7.731e-01  7.700e-01  7.669e-01  7.640e-01  7.612e-01  7.584e-01  7.558e-01  7.533e-01  7.508e-01  7.485e-01  7.462e-01  7.440e-01  7.419e-01  7.399e-01  7.380e-01  7.361e-01  7.343e-01  7.325e-01  7.308e-01  7.292e-01  7.276e-01  7.261e-01  7.246e-01  7.232e-01  7.219e-01  7.206e-01 	
 2.305e-01  3.874e-01  5.805e-01  7.568e-01  8.944e-01  9.927e-01  1.059e+00  1.102e+00  1.129e+00  1.146e+00  1.155e+00  1.159e+00  1.159e+00  1.158e+00  1.155e+00  1.151e+00  1.147e+00  1.142e+00  1.137e+00  1.132e+00  1.127e+00  1.122e+00  1.117e+00  1.112e+00  1.107e+00  1.103e+00  1.099e+00  1.094e+00  1.090e+00  1.086e+00  1.083e+00  1.079e+00  1.076e+00  1.072e+00  1.069e+00  1.066e+00  1.063e+00  1.060e+00  1.057e+00  1.054e+00  1.052e+00  1.049e+00  1.047e+00  1.045e+00  1.042e+00  1.040e+00  1.038e+00  1.036e+00  1.034e+00  1.032e+00 	
 3.217e-01  5.418e-01  8.145e-01  1.065e+00  1.263e+00  1.405e+00  1.502e+00  1.566e+00  1.606e+00  1.630e+00  1.644e+00  1.650e+00  1.652e+00  1.650e+00  1.647e+00  1.641e+00  1.635e+00  1.629e+00  1.622e+00  1.615e+00  1.607e+00  1.600e+00  1.594e+00  1.587e+00  1.580e+00  1.574e+00  1.568e+00  1.562e+00  1.556e+00  1.550e+00  1.545e+00  1.540e+00  1.535e+00  1.530e+00  1.526e+00  1.521e+00  1.517e+00  1.513e+00  1.509e+00  1.505e+00  1.501e+00  1.498e+00  1.494e+00  1.491e+00  1.488e+00  1.484e+00  1.481e+00  1.479e+00  1.476e+00  1.473e+00 	
 4.475e-01  7.555e-01  1.140e+00  1.497e+00  1.780e+00  1.986e+00  2.128e+00  2.221e+00  2.281e+00  2.318e+00  2.339e+00  2.350e+00  2.353e+00  2.352e+00  2.347e+00  2.340e+00  2.332e+00  2.323e+00  2.313e+00  2.303e+00  2.293e+00  2.283e+00  2.274e+00  2.264e+00  2.255e+00  2.246e+00  2.237e+00  2.229e+00  2.220e+00  2.213e+00  2.205e+00  2.198e+00  2.191e+00  2.184e+00  2.177e+00  2.171e+00  2.165e+00  2.159e+00  2.153e+00  2.148e+00  2.142e+00  2.137e+00  2.132e+00  2.127e+00  2.123e+00  2.118e+00  2.114e+00  2.110e+00  2.106e+00  2.102e+00 	
 6.190e-01  1.047e+00  1.587e+00  2.093e+00  2.500e+00  2.798e+00  3.005e+00  3.143e+00  3.233e+00  3.289e+00  3.322e+00  3.339e+00  3.345e+00  3.345e+00  3.339e+00  3.330e+00  3.319e+00  3.307e+00  3.294e+00  3.280e+00  3.266e+00  3.252e+00  3.239e+00  3.225e+00  3.212e+00  3.200e+00  3.187e+00  3.175e+00  3.164e+00  3.153e+00  3.142e+00  3.132e+00  3.121e+00  3.112e+00  3.102e+00  3.093e+00  3.085e+00  3.076e+00  3.068e+00  3.060e+00  3.053e+00  3.045e+00  3.038e+00  3.032e+00  3.025e+00  3.019e+00  3.013e+00  3.007e+00  3.001e+00  2.995e+00 	
 8.472e-01  1.438e+00  2.188e+00  2.901e+00  3.481e+00  3.912e+00  4.215e+00  4.420e+00  4.555e+00  4.640e+00  4.692e+00  4.721e+00  4.733e+00  4.735e+00  4.729e+00  4.718e+00  4.704e+00  4.687e+00  4.669e+00  4.651e+00  4.632e+00  4.613e+00  4.594e+00  4.576e+00  4.557e+00  4.540e+00  4.523e+00  4.506e+00  4.490e+00  4.474e+00  4.459e+00  4.444e+00  4.430e+00  4.416e+00  4.403e+00  4.390e+00  4.378e+00  4.366e+00  4.354e+00  4.343e+00  4.332e+00  4.322e+00  4.312e+00  4.302e+00  4.293e+00  4.284e+00  4.275e+00  4.267e+00  4.259e+00  4.251e+00 	
 1.142e+00  1.944e+00  2.975e+00  3.969e+00  4.791e+00  5.411e+00  5.853e+00  6.157e+00  6.360e+00  6.492e+00  6.574e+00  6.622e+00  6.645e+00  6.652e+00  6.648e+00  6.636e+00  6.619e+00  6.598e+00  6.574e+00  6.550e+00  6.525e+00  6.499e+00  6.473e+00  6.448e+00  6.423e+00  6.399e+00  6.375e+00  6.351e+00  6.329e+00  6.307e+00  6.286e+00  6.265e+00  6.246e+00  6.226e+00  6.208e+00  6.190e+00  6.173e+00  6.156e+00  6.140e+00  6.124e+00  6.109e+00  6.094e+00  6.080e+00  6.066e+00  6.053e+00  6.041e+00  6.028e+00  6.016e+00  6.005e+00  5.994e+00 	
 1.508e+00  2.578e+00  3.971e+00  5.339e+00  6.494e+00  7.381e+00  8.025e+00  8.476e+00  8.784e+00  8.988e+00  9.120e+00  9.200e+00  9.244e+00  9.264e+00  9.265e+00  9.254e+00  9.235e+00  9.210e+00  9.181e+00  9.150e+00  9.117e+00  9.083e+00  9.049e+00  9.015e+00  8.982e+00  8.949e+00  8.916e+00  8.884e+00  8.854e+00  8.824e+00  8.795e+00  8.766e+00  8.739e+00  8.712e+00  8.687e+00  8.662e+00  8.638e+00  8.614e+00  8.592e+00  8.570e+00  8.549e+00  8.528e+00  8.509e+00  8.490e+00  8.471e+00  8.453e+00  8.436e+00  8.419e+00  8.403e+00  8.388e+00 	
 1.943e+00  3.335e+00  5.179e+00  7.030e+00  8.630e+00  9.890e+00  1.083e+01  1.150e+01  1.196e+01  1.228e+01  1.250e+01  1.263e+01  1.272e+01  1.276e+01  1.278e+01  1.277e+01  1.276e+01  1.273e+01  1.270e+01  1.266e+01  1.262e+01  1.258e+01  1.253e+01  1.249e+01  1.245e+01  1.240e+01  1.236e+01  1.232e+01  1.228e+01  1.224e+01  1.220e+01  1.216e+01  1.212e+01  1.208e+01  1.205e+01  1.202e+01  1.198e+01  1.195e+01  1.192e+01  1.189e+01  1.186e+01  1.183e+01  1.180e+01  1.178e+01  1.175e+01  1.173e+01  1.170e+01  1.168e+01  1.166e+01  1.164e+01 	
 2.428e+00  4.187e+00  6.563e+00  9.012e+00  1.119e+01  1.296e+01  1.431e+01  1.531e+01  1.602e+01  1.652e+01  1.687e+01  1.711e+01  1.726e+01  1.735e+01  1.740e+01  1.742e+01  1.742e+01  1.740e+01  1.737e+01  1.733e+01  1.728e+01  1.723e+01  1.718e+01  1.712e+01  1.707e+01  1.701e+01  1.696e+01  1.690e+01  1.685e+01  1.680e+01  1.674e+01  1.669e+01  1.665e+01  1.660e+01  1.655e+01  1.650e+01  1.646e+01  1.642e+01  1.637e+01  1.633e+01  1.629e+01  1.626e+01  1.622e+01  1.618e+01  1.615e+01  1.611e+01  1.608e+01  1.605e+01  1.602e+01  1.599e+01 	
 2.928e+00  5.074e+00  8.037e+00  1.119e+01  1.409e+01  1.653e+01  1.845e+01  1.992e+01  2.101e+01  2.180e+01  2.237e+01  2.277e+01  2.305e+01  2.324e+01  2.335e+01  2.342e+01  2.345e+01  2.346e+01  2.344e+01  2.341e+01  2.337e+01  2.331e+01  2.326e+01  2.320e+01  2.313e+01  2.307e+01  2.300e+01  2.293e+01  2.287e+01  2.280e+01  2.274e+01  2.267e+01  2.261e+01  2.255e+01  2.249e+01  2.243e+01  2.237e+01  2.231e+01  2.226e+01  2.220e+01  2.215e+01  2.210e+01  2.205e+01  2.200e+01  2.195e+01  2.191e+01  2.186e+01  2.182e+01  2.178e+01  2.174e+01 	
 3.386e+00  5.895e+00  9.441e+00  1.334e+01  1.707e+01  2.033e+01  2.301e+01  2.513e+01  2.676e+01  2.799e+01  2.891e+01  2.958e+01  3.007e+01  3.043e+01  3.068e+01  3.084e+01  3.095e+01  3.101e+01  3.104e+01  3.104e+01  3.102e+01  3.098e+01  3.093e+01  3.087e+01  3.081e+01  3.074e+01  3.067e+01  3.059e+01  3.052e+01  3.044e+01  3.036e+01  3.028e+01  3.021e+01  3.013e+01  3.005e+01  2.998e+01  2.991e+01  2.983e+01  2.976e+01  2.970e+01  2.963e+01  2.956e+01  2.950e+01  2.944e+01  2.938e+01  2.932e+01  2.926e+01  2.920e+01  2.915e+01  2.910e+01 	
 3.751e+00  6.554e+00  1.061e+01  1.522e+01  1.983e+01  2.402e+01  2.762e+01  3.058e+01  3.295e+01  3.481e+01  3.624e+01  3.734e+01  3.818e+01  3.881e+01  3.929e+01  3.964e+01  3.989e+01  4.007e+01  4.018e+01  4.026e+01  4.029e+01  4.030e+01  4.029e+01  4.025e+01  4.021e+01  4.015e+01  4.009e+01  4.001e+01  3.994e+01  3.986e+01  3.977e+01  3.969e+01  3.960e+01  3.952e+01  3.943e+01  3.934e+01  3.926e+01  3.917e+01  3.909e+01  3.900e+01  3.892e+01  3.884e+01  3.876e+01  3.868e+01  3.861e+01  3.853e+01  3.846e+01  3.839e+01  3.832e+01  3.825e+01 	
 4.026e+00  7.047e+00  1.152e+01  1.679e+01  2.227e+01  2.750e+01  3.219e+01  3.622e+01  3.958e+01  4.232e+01  4.453e+01  4.628e+01  4.767e+01  4.876e+01  4.962e+01  5.029e+01  5.080e+01  5.120e+01  5.150e+01  5.172e+01  5.188e+01  5.199e+01  5.206e+01  5.210e+01  5.211e+01  5.209e+01  5.206e+01  5.202e+01  5.196e+01  5.190e+01  5.183e+01  5.175e+01  5.166e+01  5.158e+01  5.149e+01  5.139e+01  5.130e+01  5.121e+01  5.111e+01  5.102e+01  5.092e+01  5.083e+01  5.073e+01  5.064e+01  5.055e+01  5.046e+01  5.037e+01  5.028e+01  5.020e+01  5.012e+01 	
 4.257e+00  7.445e+00  1.226e+01  1.813e+01  2.449e+01  3.084e+01  3.682e+01  4.220e+01  4.689e+01  5.088e+01  5.421e+01  5.697e+01  5.924e+01  6.109e+01  6.259e+01  6.381e+01  6.480e+01  6.560e+01  6.625e+01  6.676e+01  6.717e+01  6.749e+01  6.774e+01  6.793e+01  6.807e+01  6.817e+01  6.823e+01  6.827e+01  6.827e+01  6.826e+01  6.824e+01  6.819e+01  6.814e+01  6.807e+01  6.800e+01  6.792e+01  6.783e+01  6.774e+01  6.765e+01  6.755e+01  6.745e+01  6.735e+01  6.725e+01  6.714e+01  6.704e+01  6.694e+01  6.684e+01  6.674e+01  6.664e+01  6.654e+01 	
 4.509e+00  7.846e+00  1.298e+01  1.940e+01  2.664e+01  3.419e+01  4.164e+01  4.866e+01  5.505e+01  6.073e+01  6.567e+01  6.993e+01  7.354e+01  7.661e+01  7.918e+01  8.135e+01  8.316e+01  8.468e+01  8.595e+01  8.702e+01  8.790e+01  8.864e+01  8.925e+01  8.975e+01  9.016e+01  9.050e+01  9.077e+01  9.099e+01  9.115e+01  9.128e+01  9.137e+01  9.142e+01  9.146e+01  9.146e+01  9.145e+01  9.143e+01  9.138e+01  9.133e+01  9.126e+01  9.119e+01  9.111e+01  9.102e+01  9.092e+01  9.082e+01  9.072e+01  9.062e+01  9.051e+01  9.040e+01  9.029e+01  9.019e+01 	
 4.848e+00  8.357e+00  1.380e+01  2.077e+01  2.887e+01  3.765e+01  4.667e+01  5.555e+01  6.400e+01  7.181e+01  7.890e+01  8.522e+01  9.080e+01  9.568e+01  9.993e+01  1.036e+02  1.068e+02  1.095e+02  1.119e+02  1.139e+02  1.157e+02  1.172e+02  1.184e+02  1.196e+02  1.205e+02  1.213e+02  1.220e+02  1.226e+02  1.231e+02  1.235e+02  1.239e+02  1.242e+02  1.244e+02  1.246e+02  1.248e+02  1.249e+02  1.250e+02  1.250e+02  1.250e+02  1.251e+02  1.250e+02  1.250e+02  1.250e+02  1.249e+02  1.249e+02  1.248e+02  1.247e+02  1.246e+02  1.245e+02  1.244e+02 	
 5.350e+00  9.103e+00  1.494e+01  2.250e+01  3.148e+01  4.151e+01  5.217e+01  6.305e+01  7.380e+01  8.413e+01  9.385e+01  1.028e+02  1.110e+02  1.185e+02  1.251e+02  1.310e+02  1.363e+02  1.410e+02  1.451e+02  1.487e+02  1.519e+02  1.547e+02  1.572e+02  1.594e+02  1.614e+02  1.631e+02  1.646e+02  1.659e+02  1.671e+02  1.681e+02  1.690e+02  1.698e+02  1.704e+02  1.710e+02  1.715e+02  1.720e+02  1.723e+02  1.727e+02  1.729e+02  1.732e+02  1.733e+02  1.735e+02  1.736e+02  1.737e+02  1.737e+02  1.738e+02  1.738e+02  1.738e+02  1.737e+02  1.737e+02 	
 6.070e+00  1.018e+01  1.652e+01  2.478e+01  3.472e+01  4.603e+01  5.836e+01  7.131e+01  8.449e+01  9.758e+01  1.103e+02  1.225e+02  1.339e+02  1.445e+02  1.544e+02  1.634e+02  1.716e+02  1.790e+02  1.858e+02  1.919e+02  1.974e+02  2.023e+02  2.068e+02  2.108e+02  2.144e+02  2.177e+02  2.206e+02  2.232e+02  2.256e+02  2.277e+02  2.296e+02  2.313e+02  2.329e+02  2.342e+02  2.355e+02  2.366e+02  2.376e+02  2.384e+02  2.392e+02  2.399e+02  2.405e+02  2.410e+02  2.415e+02  2.419e+02  2.423e+02  2.426e+02  2.428e+02  2.430e+02  2.432e+02  2.434e+02 	
 7.035e+00  1.163e+01  1.864e+01  2.772e+01  3.871e+01  5.136e+01  6.537e+01  8.038e+01  9.603e+01  1.120e+02  1.279e+02  1.435e+02  1.586e+02  1.730e+02  1.867e+02  1.996e+02  2.116e+02  2.227e+02  2.331e+02  2.426e+02  2.514e+02  2.595e+02  2.669e+02  2.737e+02  2.799e+02  2.856e+02  2.909e+02  2.957e+02  3.001e+02  3.041e+02  3.077e+02  3.111e+02  3.142e+02  3.170e+02  3.196e+02  3.219e+02  3.240e+02  3.260e+02  3.278e+02  3.294e+02  3.309e+02  3.322e+02  3.334e+02  3.345e+02  3.355e+02  3.364e+02  3.372e+02  3.380e+02  3.386e+02  3.392e+02 	
 8.291e+00  1.354e+01  2.142e+01  3.154e+01  4.375e+01  5.787e+01  7.364e+01  9.078e+01  1.089e+02  1.278e+02  1.469e+02  1.662e+02  1.852e+02  2.038e+02  2.219e+02  2.392e+02  2.558e+02  2.715e+02  2.864e+02  3.004e+02  3.136e+02  3.259e+02  3.374e+02  3.482e+02  3.583e+02  3.677e+02  3.764e+02  3.845e+02  3.921e+02  3.991e+02  4.056e+02  4.117e+02  4.173e+02  4.226e+02  4.274e+02  4.320e+02  4.361e+02  4.400e+02  4.436e+02  4.469e+02  4.500e+02  4.529e+02  4.555e+02  4.580e+02  4.602e+02  4.623e+02  4.642e+02  4.660e+02  4.677e+02  4.692e+02 	
 9.792e+00  1.583e+01  2.476e+01  3.608e+01  4.964e+01  6.531e+01  8.286e+01  1.020e+02  1.226e+02  1.442e+02  1.664e+02  1.892e+02  2.120e+02  2.348e+02  2.573e+02  2.793e+02  3.008e+02  3.215e+02  3.415e+02  3.607e+02  3.790e+02  3.965e+02  4.132e+02  4.290e+02  4.440e+02  4.582e+02  4.716e+02  4.843e+02  4.964e+02  5.077e+02  5.184e+02  5.285e+02  5.380e+02  5.469e+02  5.553e+02  5.632e+02  5.707e+02  5.777e+02  5.843e+02  5.905e+02  5.963e+02  6.018e+02  6.069e+02  6.117e+02  6.162e+02  6.204e+02  6.243e+02  6.281e+02  6.315e+02  6.348e+02 	
 1.170e+01  1.877e+01  2.906e+01  4.195e+01  5.726e+01  7.482e+01  9.448e+01  1.160e+02  1.392e+02  1.636e+02  1.892e+02  2.155e+02  2.423e+02  2.694e+02  2.965e+02  3.234e+02  3.500e+02  3.762e+02  4.018e+02  4.267e+02  4.510e+02  4.744e+02  4.971e+02  5.190e+02  5.401e+02  5.603e+02  5.797e+02  5.984e+02  6.162e+02  6.333e+02  6.496e+02  6.653e+02  6.802e+02  6.944e+02  7.079e+02  7.209e+02  7.332e+02  7.449e+02  7.560e+02  7.666e+02  7.767e+02  7.863e+02  7.954e+02  8.040e+02  8.122e+02  8.200e+02  8.273e+02  8.343e+02  8.409e+02  8.472e+02 	
 1.392e+01  2.221e+01  3.413e+01  4.887e+01  6.618e+01  8.591e+01  1.079e+02  1.319e+02  1.577e+02  1.851e+02  2.138e+02  2.436e+02  2.741e+02  3.052e+02  3.367e+02  3.683e+02  3.998e+02  4.312e+02  4.623e+02  4.930e+02  5.232e+02  5.529e+02  5.819e+02  6.102e+02  6.379e+02  6.648e+02  6.909e+02  7.164e+02  7.410e+02  7.649e+02  7.880e+02  8.104e+02  8.320e+02  8.529e+02  8.730e+02  8.925e+02  9.112e+02  9.292e+02  9.466e+02  9.633e+02  9.794e+02  9.948e+02  1.010e+03  1.024e+03  1.037e+03  1.051e+03  1.063e+03  1.075e+03  1.086e+03  1.097e+03 	
 1.652e+01  2.625e+01  4.011e+01  5.707e+01  7.680e+01  9.910e+01  1.238e+02  1.506e+02  1.794e+02  2.100e+02  2.420e+02  2.752e+02  3.095e+02  3.445e+02  3.802e+02  4.163e+02  4.526e+02  4.890e+02  5.253e+02  5.615e+02  5.975e+02  6.331e+02  6.683e+02  7.031e+02  7.373e+02  7.710e+02  8.041e+02  8.366e+02  8.685e+02  8.997e+02  9.302e+02  9.601e+02  9.892e+02  1.018e+03  1.045e+03  1.073e+03  1.099e+03  1.125e+03  1.149e+03  1.174e+03  1.197e+03  1.220e+03  1.242e+03  1.264e+03  1.284e+03  1.305e+03  1.324e+03  1.343e+03  1.361e+03  1.379e+03 	
 1.991e+01  3.155e+01  4.800e+01  6.796e+01  9.099e+01  1.168e+02  1.452e+02  1.759e+02  2.087e+02  2.433e+02  2.796e+02  3.172e+02  3.561e+02  3.959e+02  4.364e+02  4.776e+02  5.192e+02  5.612e+02  6.033e+02  6.455e+02  6.877e+02  7.298e+02  7.717e+02  8.133e+02  8.547e+02  8.957e+02  9.364e+02  9.766e+02  1.016e+03  1.056e+03  1.095e+03  1.133e+03  1.171e+03  1.208e+03  1.244e+03  1.280e+03  1.316e+03  1.350e+03  1.384e+03  1.418e+03  1.450e+03  1.482e+03  1.514e+03  1.544e+03  1.574e+03  1.604e+03  1.632e+03  1.660e+03  1.687e+03  1.713e+03 	
 2.338e+01  3.697e+01  5.607e+01  7.910e+01  1.055e+02  1.349e+02  1.669e+02  2.014e+02  2.381e+02  2.766e+02  3.169e+02  3.585e+02  4.014e+02  4.453e+02  4.900e+02  5.355e+02  5.815e+02  6.279e+02  6.746e+02  7.216e+02  7.688e+02  8.160e+02  8.633e+02  9.105e+02  9.576e+02  1.005e+03  1.051e+03  1.098e+03  1.145e+03  1.191e+03  1.237e+03  1.282e+03  1.327e+03  1.372e+03  1.417e+03  1.461e+03  1.505e+03  1.548e+03  1.591e+03  1.633e+03  1.675e+03  1.716e+03  1.756e+03  1.796e+03  1.836e+03  1.875e+03  1.913e+03  1.950e+03  1.987e+03  2.023e+03 	
 2.788e+01  4.403e+01  6.662e+01  9.374e+01  1.246e+02  1.589e+02  1.960e+02  2.358e+02  2.778e+02  3.218e+02  3.676e+02  4.147e+02  4.632e+02  5.126e+02  5.629e+02  6.140e+02  6.656e+02  7.177e+02  7.702e+02  8.230e+02  8.761e+02  9.293e+02  9.827e+02  1.036e+03  1.090e+03  1.143e+03  1.197e+03  1.251e+03  1.304e+03  1.358e+03  1.411e+03  1.464e+03  1.518e+03  1.571e+03  1.623e+03  1.676e+03  1.729e+03  1.781e+03  1.833e+03  1.884e+03  1.936e+03  1.987e+03  2.037e+03  2.087e+03  2.137e+03  2.186e+03  2.235e+03  2.283e+03  2.330e+03  2.377e+03 	
 3.340e+01  5.268e+01  7.958e+01  1.118e+02  1.483e+02  1.885e+02  2.320e+02  2.783e+02  3.271e+02  3.779e+02  4.304e+02  4.844e+02  5.396e+02  5.958e+02  6.528e+02  7.105e+02  7.687e+02  8.273e+02  8.864e+02  9.457e+02  1.005e+03  1.065e+03  1.125e+03  1.185e+03  1.245e+03  1.306e+03  1.366e+03  1.427e+03  1.488e+03  1.549e+03  1.610e+03  1.671e+03  1.732e+03  1.794e+03  1.855e+03  1.916e+03  1.978e+03  2.039e+03  2.100e+03  2.161e+03  2.223e+03  2.284e+03  2.344e+03  2.405e+03  2.465e+03  2.525e+03  2.585e+03  2.644e+03  2.703e+03  2.762e+03 	
 3.897e+01  6.141e+01  9.267e+01  1.299e+02  1.721e+02  2.184e+02  2.684e+02  3.213e+02  3.768e+02  4.344e+02  4.937e+02  5.544e+02  6.163e+02  6.790e+02  7.423e+02  8.062e+02  8.705e+02  9.352e+02  1.000e+03  1.065e+03  1.130e+03  1.196e+03  1.261e+03  1.327e+03  1.393e+03  1.459e+03  1.525e+03  1.591e+03  1.658e+03  1.724e+03  1.791e+03  1.858e+03  1.926e+03  1.993e+03  2.061e+03  2.129e+03  2.197e+03  2.266e+03  2.334e+03  2.403e+03  2.472e+03  2.541e+03  2.610e+03  2.679e+03  2.748e+03  2.817e+03  2.886e+03  2.954e+03  3.022e+03  3.091e+03 	
 4.648e+01  7.320e+01  1.104e+02  1.546e+02  2.045e+02  2.592e+02  3.180e+02  3.802e+02  4.452e+02  5.124e+02  5.814e+02  6.518e+02  7.232e+02  7.953e+02  8.680e+02  9.411e+02  1.014e+03  1.088e+03  1.161e+03  1.235e+03  1.308e+03  1.382e+03  1.455e+03  1.529e+03  1.602e+03  1.676e+03  1.750e+03  1.824e+03  1.898e+03  1.973e+03  2.048e+03  2.123e+03  2.198e+03  2.274e+03  2.350e+03  2.427e+03  2.504e+03  2.581e+03  2.658e+03  2.736e+03  2.814e+03  2.893e+03  2.971e+03  3.050e+03  3.129e+03  3.208e+03  3.287e+03  3.366e+03  3.446e+03  3.525e+03 	
 5.532e+01  8.709e+01  1.312e+02  1.837e+02  2.428e+02  3.074e+02  3.767e+02  4.498e+02  5.260e+02  6.047e+02  6.852e+02  7.670e+02  8.498e+02  9.331e+02  1.017e+03  1.101e+03  1.184e+03  1.268e+03  1.351e+03  1.434e+03  1.517e+03  1.600e+03  1.683e+03  1.765e+03  1.848e+03  1.930e+03  2.012e+03  2.095e+03  2.177e+03  2.260e+03  2.344e+03  2.427e+03  2.511e+03  2.595e+03  2.680e+03  2.765e+03  2.850e+03  2.936e+03  3.023e+03  3.109e+03  3.197e+03  3.285e+03  3.373e+03  3.461e+03  3.550e+03  3.639e+03  3.729e+03  3.819e+03  3.908e+03  3.998e+03 	
 6.440e+01  1.014e+02  1.526e+02  2.135e+02  2.820e+02  3.569e+02  4.370e+02  5.214e+02  6.092e+02  6.996e+02  7.919e+02  8.855e+02  9.800e+02  1.075e+03  1.170e+03  1.264e+03  1.359e+03  1.453e+03  1.546e+03  1.639e+03  1.732e+03  1.824e+03  1.915e+03  2.006e+03  2.097e+03  2.188e+03  2.278e+03  2.369e+03  2.459e+03  2.550e+03  2.640e+03  2.731e+03  2.823e+03  2.915e+03  3.007e+03  3.099e+03  3.192e+03  3.286e+03  3.380e+03  3.475e+03  3.570e+03  3.666e+03  3.762e+03  3.859e+03  3.956e+03  4.054e+03  4.152e+03  4.251e+03  4.349e+03  4.448e+03 	
 7.660e+01  1.205e+02  1.814e+02  2.537e+02  3.350e+02  4.237e+02  5.185e+02  6.182e+02  7.218e+02  8.283e+02  9.369e+02  1.047e+03  1.157e+03  1.268e+03  1.379e+03  1.489e+03  1.599e+03  1.707e+03  1.815e+03  1.922e+03  2.028e+03  2.133e+03  2.238e+03  2.342e+03  2.445e+03  2.548e+03  2.650e+03  2.752e+03  2.854e+03  2.956e+03  3.058e+03  3.160e+03  3.263e+03  3.365e+03  3.468e+03  3.572e+03  3.676e+03  3.781e+03  3.886e+03  3.992e+03  4.098e+03  4.205e+03  4.313e+03  4.421e+03  4.530e+03  4.639e+03  4.749e+03  4.860e+03  4.970e+03  5.081e+03 	
 9.154e+01  1.440e+02  2.167e+02  3.030e+02  3.999e+02  5.056e+02  6.184e+02  7.370e+02  8.601e+02  9.865e+02  1.115e+03  1.245e+03  1.376e+03  1.506e+03  1.636e+03  1.766e+03  1.894e+03  2.021e+03  2.147e+03  2.271e+03  2.394e+03  2.516e+03  2.636e+03  2.755e+03  2.874e+03  2.991e+03  3.108e+03  3.225e+03  3.341e+03  3.457e+03  3.572e+03  3.688e+03  3.804e+03  3.920e+03  4.036e+03  4.153e+03  4.270e+03  4.388e+03  4.507e+03  4.626e+03  4.745e+03  4.865e+03  4.986e+03  5.108e+03  5.230e+03  5.353e+03  5.476e+03  5.600e+03  5.725e+03  5.849e+03 	
 1.086e+02  1.708e+02  2.571e+02  3.593e+02  4.741e+02  5.992e+02  7.327e+02  8.729e+02  1.018e+03  1.167e+03  1.319e+03  1.472e+03  1.626e+03  1.779e+03  1.931e+03  2.083e+03  2.233e+03  2.381e+03  2.527e+03  2.671e+03  2.813e+03  2.954e+03  3.093e+03  3.230e+03  3.366e+03  3.501e+03  3.635e+03  3.767e+03  3.900e+03  4.031e+03  4.163e+03  4.294e+03  4.425e+03  4.556e+03  4.687e+03  4.819e+03  4.951e+03  5.083e+03  5.216e+03  5.350e+03  5.484e+03  5.619e+03  5.755e+03  5.891e+03  6.028e+03  6.166e+03  6.304e+03  6.442e+03  6.582e+03  6.722e+03 	
 1.323e+02  2.080e+02  3.130e+02  4.373e+02  5.769e+02  7.290e+02  8.913e+02  1.062e+03  1.238e+03  1.419e+03  1.602e+03  1.788e+03  1.973e+03  2.159e+03  2.343e+03  2.525e+03  2.705e+03  2.883e+03  3.058e+03  3.231e+03  3.401e+03  3.568e+03  3.733e+03  3.897e+03  4.058e+03  4.217e+03  4.375e+03  4.532e+03  4.687e+03  4.842e+03  4.996e+03  5.149e+03  5.303e+03  5.456e+03  5.609e+03  5.762e+03  5.916e+03  6.070e+03  6.224e+03  6.379e+03  6.535e+03  6.691e+03  6.849e+03  7.006e+03  7.165e+03  7.324e+03  7.484e+03  7.644e+03  7.805e+03  7.966e+03 	
 1.639e+02  2.577e+02  3.878e+02  5.417e+02  7.146e+02  9.028e+02  1.103e+03  1.314e+03  1.532e+03  1.755e+03  1.982e+03  2.210e+03  2.439e+03  2.667e+03  2.893e+03  3.117e+03  3.338e+03  3.556e+03  3.770e+03  3.981e+03  4.189e+03  4.393e+03  4.594e+03  4.792e+03  4.987e+03  5.180e+03  5.371e+03  5.559e+03  5.746e+03  5.932e+03  6.117e+03  6.301e+03  6.484e+03  6.667e+03  6.850e+03  7.032e+03  7.215e+03  7.398e+03  7.582e+03  7.766e+03  7.950e+03  8.136e+03  8.322e+03  8.508e+03  8.695e+03  8.883e+03  9.072e+03  9.261e+03  9.451e+03  9.642e+03 	
 2.015e+02  3.168e+02  4.766e+02  6.657e+02  8.780e+02  1.109e+03  1.355e+03  1.614e+03  1.881e+03  2.155e+03  2.433e+03  2.712e+03  2.992e+03  3.271e+03  3.547e+03  3.821e+03  4.090e+03  4.355e+03  4.616e+03  4.872e+03  5.124e+03  5.371e+03  5.614e+03  5.853e+03  6.089e+03  6.321e+03  6.550e+03  6.777e+03  7.001e+03  7.224e+03  7.445e+03  7.664e+03  7.882e+03  8.100e+03  8.317e+03  8.534e+03  8.751e+03  8.968e+03  9.185e+03  9.403e+03  9.621e+03  9.840e+03  1.006e+04  1.028e+04  1.050e+04  1.072e+04  1.094e+04  1.117e+04  1.139e+04  1.161e+04 	
 2.652e+02  4.171e+02  6.273e+02  8.762e+02  1.155e+03  1.459e+03  1.783e+03  2.123e+03  2.474e+03  2.834e+03  3.198e+03  3.565e+03  3.932e+03  4.298e+03  4.660e+03  5.017e+03  5.369e+03  5.715e+03  6.055e+03  6.389e+03  6.716e+03  7.038e+03  7.353e+03  7.663e+03  7.968e+03  8.268e+03  8.564e+03  8.856e+03  9.144e+03  9.430e+03  9.713e+03  9.994e+03  1.027e+04  1.055e+04  1.083e+04  1.110e+04  1.138e+04  1.166e+04  1.193e+04  1.221e+04  1.248e+04  1.276e+04  1.304e+04  1.332e+04  1.359e+04  1.387e+04  1.415e+04  1.443e+04  1.471e+04  1.500e+04 	
 3.847e+02  6.048e+02  9.096e+02  1.270e+03  1.675e+03  2.116e+03  2.585e+03  3.076e+03  3.585e+03  4.105e+03  4.632e+03  5.163e+03  5.693e+03  6.220e+03  6.742e+03  7.257e+03  7.764e+03  8.262e+03  8.750e+03  9.229e+03  9.698e+03  1.016e+04  1.061e+04  1.105e+04  1.149e+04  1.191e+04  1.233e+04  1.275e+04  1.316e+04  1.356e+04  1.396e+04  1.435e+04  1.475e+04  1.514e+04  1.553e+04  1.591e+04  1.630e+04  1.669e+04  1.707e+04  1.745e+04  1.784e+04  1.822e+04  1.861e+04  1.899e+04  1.938e+04  1.977e+04  2.015e+04  2.054e+04  2.093e+04  2.132e+04 	
