 3.482e-02  3.512e-02  4.089e-02  4.955e-02  6.055e-02  7.399e-02  9.073e-02  1.129e-01  1.403e-01  1.740e-01  2.152e-01  2.598e-01  3.099e-01  3.609e-01  4.105e-01  4.574e-01  4.979e-01  5.319e-01  5.588e-01  5.794e-01  5.951e-01  6.073e-01  6.173e-01  6.262e-01  6.346e-01  6.426e-01  6.501e-01  6.570e-01  6.633e-01  6.688e-01  6.731e-01  6.765e-01  6.791e-01  6.812e-01  6.828e-01  6.842e-01  6.853e-01  6.863e-01  6.872e-01  6.881e-01  6.890e-01  6.898e-01  6.906e-01  6.915e-01  6.924e-01  6.933e-01  6.943e-01  6.953e-01  6.964e-01  6.975e-01 	
 3.363e-02  3.390e-02  3.946e-02  4.783e-02  5.847e-02  7.149e-02  8.772e-02  1.093e-01  1.360e-01  1.689e-01  2.095e-01  2.536e-01  3.034e-01  3.544e-01  4.044e-01  4.518e-01  4.930e-01  5.278e-01  5.554e-01  5.766e-01  5.926e-01  6.051e-01  6.152e-01  6.241e-01  6.323e-01  6.402e-01  6.475e-01  6.543e-01  6.604e-01  6.658e-01  6.700e-01  6.734e-01  6.760e-01  6.780e-01  6.796e-01  6.810e-01  6.821e-01  6.831e-01  6.840e-01  6.848e-01  6.858e-01  6.865e-01  6.873e-01  6.883e-01  6.891e-01  6.900e-01  6.910e-01  6.921e-01  6.931e-01  6.942e-01 	
 3.245e-02  3.269e-02  3.804e-02  4.611e-02  5.640e-02  6.899e-02  8.471e-02  1.057e-01  1.316e-01  1.639e-01  2.037e-01  2.474e-01  2.969e-01  3.479e-01  3.981e-01  4.460e-01  4.879e-01  5.235e-01  5.518e-01  5.736e-01  5.902e-01  6.029e-01  6.131e-01  6.219e-01  6.301e-01  6.378e-01  6.449e-01  6.515e-01  6.576e-01  6.628e-01  6.669e-01  6.703e-01  6.728e-01  6.748e-01  6.764e-01  6.777e-01  6.789e-01  6.798e-01  6.807e-01  6.816e-01  6.825e-01  6.833e-01  6.841e-01  6.850e-01  6.859e-01  6.868e-01  6.878e-01  6.888e-01  6.898e-01  6.909e-01 	
 3.128e-02  3.148e-02  3.663e-02  4.442e-02  5.434e-02  6.651e-02  8.172e-02  1.020e-01  1.273e-01  1.588e-01  1.979e-01  2.410e-01  2.902e-01  3.411e-01  3.917e-01  4.401e-01  4.827e-01  5.191e-01  5.482e-01  5.707e-01  5.877e-01  6.007e-01  6.110e-01  6.199e-01  6.279e-01  6.354e-01  6.424e-01  6.488e-01  6.547e-01  6.599e-01  6.639e-01  6.672e-01  6.697e-01  6.717e-01  6.733e-01  6.746e-01  6.757e-01  6.766e-01  6.775e-01  6.784e-01  6.793e-01  6.800e-01  6.808e-01  6.817e-01  6.826e-01  6.835e-01  6.845e-01  6.855e-01  6.866e-01  6.876e-01 	
 3.011e-02  3.029e-02  3.523e-02  4.273e-02  5.230e-02  6.404e-02  7.874e-02  9.839e-02  1.229e-01  1.537e-01  1.921e-01  2.346e-01  2.834e-01  3.343e-01  3.850e-01  4.340e-01  4.773e-01  5.145e-01  5.444e-01  5.676e-01  5.851e-01  5.984e-01  6.089e-01  6.178e-01  6.257e-01  6.331e-01  6.399e-01  6.462e-01  6.519e-01  6.570e-01  6.609e-01  6.641e-01  6.666e-01  6.686e-01  6.701e-01  6.714e-01  6.725e-01  6.734e-01  6.743e-01  6.751e-01  6.761e-01  6.768e-01  6.776e-01  6.785e-01  6.794e-01  6.803e-01  6.812e-01  6.823e-01  6.833e-01  6.843e-01 	
 2.895e-02  2.910e-02  3.384e-02  4.106e-02  5.028e-02  6.159e-02  7.578e-02  9.478e-02  1.186e-01  1.485e-01  1.862e-01  2.281e-01  2.765e-01  3.273e-01  3.782e-01  4.277e-01  4.717e-01  5.098e-01  5.405e-01  5.644e-01  5.825e-01  5.962e-01  6.069e-01  6.158e-01  6.236e-01  6.308e-01  6.375e-01  6.436e-01  6.492e-01  6.541e-01  6.580e-01  6.611e-01  6.636e-01  6.655e-01  6.670e-01  6.683e-01  6.693e-01  6.703e-01  6.711e-01  6.720e-01  6.729e-01  6.736e-01  6.744e-01  6.753e-01  6.762e-01  6.770e-01  6.780e-01  6.790e-01  6.800e-01  6.811e-01 	
 2.780e-02  2.793e-02  3.247e-02  3.940e-02  4.827e-02  5.917e-02  7.284e-02  9.119e-02  1.143e-01  1.434e-01  1.803e-01  2.215e-01  2.694e-01  3.201e-01  3.712e-01  4.212e-01  4.660e-01  5.048e-01  5.365e-01  5.611e-01  5.798e-01  5.939e-01  6.048e-01  6.138e-01  6.216e-01  6.286e-01  6.351e-01  6.411e-01  6.465e-01  6.513e-01  6.551e-01  6.581e-01  6.605e-01  6.624e-01  6.639e-01  6.652e-01  6.662e-01  6.671e-01  6.680e-01  6.688e-01  6.697e-01  6.704e-01  6.712e-01  6.721e-01  6.730e-01  6.738e-01  6.748e-01  6.758e-01  6.768e-01  6.779e-01 	
 2.666e-02  2.677e-02  3.111e-02  3.777e-02  4.629e-02  5.676e-02  6.993e-02  8.763e-02  1.100e-01  1.383e-01  1.743e-01  2.149e-01  2.623e-01  3.128e-01  3.640e-01  4.145e-01  4.600e-01  4.997e-01  5.322e-01  5.577e-01  5.770e-01  5.916e-01  6.028e-01  6.118e-01  6.196e-01  6.265e-01  6.328e-01  6.386e-01  6.439e-01  6.486e-01  6.522e-01  6.552e-01  6.576e-01  6.594e-01  6.609e-01  6.621e-01  6.631e-01  6.641e-01  6.649e-01  6.657e-01  6.666e-01  6.673e-01  6.681e-01  6.690e-01  6.698e-01  6.707e-01  6.716e-01  6.726e-01  6.736e-01  6.747e-01 	
 2.552e-02  2.563e-02  2.977e-02  3.615e-02  4.433e-02  5.439e-02  6.704e-02  8.409e-02  1.057e-01  1.332e-01  1.683e-01  2.082e-01  2.550e-01  3.053e-01  3.567e-01  4.076e-01  4.538e-01  4.944e-01  5.278e-01  5.541e-01  5.742e-01  5.892e-01  6.007e-01  6.099e-01  6.176e-01  6.244e-01  6.306e-01  6.362e-01  6.413e-01  6.459e-01  6.494e-01  6.524e-01  6.547e-01  6.565e-01  6.579e-01  6.591e-01  6.601e-01  6.610e-01  6.618e-01  6.626e-01  6.635e-01  6.642e-01  6.650e-01  6.659e-01  6.667e-01  6.676e-01  6.685e-01  6.695e-01  6.705e-01  6.715e-01 	
 2.440e-02  2.450e-02  2.845e-02  3.456e-02  4.239e-02  5.204e-02  6.419e-02  8.059e-02  1.015e-01  1.281e-01  1.623e-01  2.014e-01  2.477e-01  2.977e-01  3.491e-01  4.004e-01  4.473e-01  4.888e-01  5.233e-01  5.504e-01  5.712e-01  5.868e-01  5.987e-01  6.080e-01  6.157e-01  6.224e-01  6.284e-01  6.339e-01  6.389e-01  6.433e-01  6.467e-01  6.496e-01  6.518e-01  6.536e-01  6.550e-01  6.562e-01  6.572e-01  6.580e-01  6.589e-01  6.596e-01  6.605e-01  6.612e-01  6.619e-01  6.628e-01  6.637e-01  6.645e-01  6.654e-01  6.664e-01  6.674e-01  6.684e-01 	
 2.330e-02  2.339e-02  2.715e-02  3.299e-02  4.049e-02  4.972e-02  6.137e-02  7.712e-02  9.724e-02  1.230e-01  1.563e-01  1.946e-01  2.402e-01  2.899e-01  3.413e-01  3.930e-01  4.407e-01  4.831e-01  5.185e-01  5.466e-01  5.682e-01  5.844e-01  5.966e-01  6.061e-01  6.138e-01  6.205e-01  6.263e-01  6.316e-01  6.365e-01  6.407e-01  6.441e-01  6.469e-01  6.490e-01  6.508e-01  6.521e-01  6.533e-01  6.543e-01  6.551e-01  6.559e-01  6.567e-01  6.575e-01  6.582e-01  6.590e-01  6.598e-01  6.607e-01  6.615e-01  6.624e-01  6.634e-01  6.644e-01  6.654e-01 	
 2.221e-02  2.229e-02  2.587e-02  3.145e-02  3.861e-02  4.744e-02  5.859e-02  7.369e-02  9.305e-02  1.179e-01  1.503e-01  1.878e-01  2.327e-01  2.819e-01  3.334e-01  3.854e-01  4.337e-01  4.771e-01  5.135e-01  5.425e-01  5.650e-01  5.818e-01  5.945e-01  6.042e-01  6.120e-01  6.186e-01  6.243e-01  6.295e-01  6.341e-01  6.383e-01  6.415e-01  6.442e-01  6.463e-01  6.480e-01  6.494e-01  6.505e-01  6.514e-01  6.523e-01  6.531e-01  6.538e-01  6.547e-01  6.553e-01  6.561e-01  6.569e-01  6.577e-01  6.585e-01  6.595e-01  6.604e-01  6.614e-01  6.624e-01 	
 2.113e-02  2.122e-02  2.462e-02  2.993e-02  3.676e-02  4.519e-02  5.585e-02  7.031e-02  8.890e-02  1.129e-01  1.443e-01  1.809e-01  2.250e-01  2.738e-01  3.252e-01  3.776e-01  4.265e-01  4.708e-01  5.082e-01  5.383e-01  5.616e-01  5.792e-01  5.924e-01  6.024e-01  6.102e-01  6.168e-01  6.224e-01  6.274e-01  6.319e-01  6.359e-01  6.391e-01  6.417e-01  6.437e-01  6.454e-01  6.467e-01  6.478e-01  6.487e-01  6.495e-01  6.503e-01  6.511e-01  6.519e-01  6.525e-01  6.532e-01  6.541e-01  6.549e-01  6.557e-01  6.566e-01  6.575e-01  6.585e-01  6.594e-01 	
 2.007e-02  2.017e-02  2.339e-02  2.844e-02  3.495e-02  4.299e-02  5.316e-02  6.697e-02  8.480e-02  1.079e-01  1.383e-01  1.739e-01  2.173e-01  2.656e-01  3.168e-01  3.695e-01  4.190e-01  4.642e-01  5.027e-01  5.338e-01  5.581e-01  5.765e-01  5.902e-01  6.005e-01  6.085e-01  6.150e-01  6.205e-01  6.254e-01  6.298e-01  6.336e-01  6.367e-01  6.392e-01  6.412e-01  6.428e-01  6.441e-01  6.451e-01  6.461e-01  6.469e-01  6.476e-01  6.484e-01  6.491e-01  6.498e-01  6.505e-01  6.513e-01  6.521e-01  6.529e-01  6.538e-01  6.547e-01  6.557e-01  6.566e-01 	
 1.903e-02  1.914e-02  2.219e-02  2.699e-02  3.317e-02  4.082e-02  5.051e-02  6.369e-02  8.075e-02  1.030e-01  1.324e-01  1.670e-01  2.095e-01  2.572e-01  3.082e-01  3.611e-01  4.113e-01  4.573e-01  4.969e-01  5.292e-01  5.545e-01  5.736e-01  5.879e-01  5.986e-01  6.068e-01  6.133e-01  6.188e-01  6.235e-01  6.278e-01  6.315e-01  6.344e-01  6.369e-01  6.388e-01  6.403e-01  6.416e-01  6.426e-01  6.435e-01  6.443e-01  6.450e-01  6.458e-01  6.465e-01  6.472e-01  6.479e-01  6.487e-01  6.494e-01  6.502e-01  6.511e-01  6.520e-01  6.529e-01  6.539e-01 	
 1.801e-02  1.813e-02  2.101e-02  2.556e-02  3.143e-02  3.870e-02  4.791e-02  6.046e-02  7.676e-02  9.807e-02  1.264e-01  1.600e-01  2.016e-01  2.487e-01  2.994e-01  3.524e-01  4.032e-01  4.501e-01  4.908e-01  5.242e-01  5.506e-01  5.706e-01  5.856e-01  5.967e-01  6.051e-01  6.117e-01  6.171e-01  6.217e-01  6.258e-01  6.294e-01  6.323e-01  6.346e-01  6.365e-01  6.380e-01  6.392e-01  6.402e-01  6.411e-01  6.418e-01  6.426e-01  6.433e-01  6.440e-01  6.446e-01  6.453e-01  6.461e-01  6.469e-01  6.476e-01  6.485e-01  6.494e-01  6.503e-01  6.512e-01 	
 1.701e-02  1.715e-02  1.986e-02  2.417e-02  2.973e-02  3.662e-02  4.536e-02  5.729e-02  7.283e-02  9.322e-02  1.205e-01  1.531e-01  1.936e-01  2.400e-01  2.904e-01  3.435e-01  3.948e-01  4.426e-01  4.844e-01  5.190e-01  5.465e-01  5.675e-01  5.832e-01  5.948e-01  6.035e-01  6.101e-01  6.155e-01  6.200e-01  6.240e-01  6.275e-01  6.302e-01  6.325e-01  6.343e-01  6.358e-01  6.369e-01  6.379e-01  6.387e-01  6.395e-01  6.402e-01  6.409e-01  6.416e-01  6.422e-01  6.429e-01  6.437e-01  6.444e-01  6.451e-01  6.460e-01  6.469e-01  6.478e-01  6.487e-01 	
 1.603e-02  1.618e-02  1.873e-02  2.281e-02  2.806e-02  3.458e-02  4.287e-02  5.418e-02  6.896e-02  8.843e-02  1.146e-01  1.461e-01  1.856e-01  2.312e-01  2.811e-01  3.342e-01  3.860e-01  4.347e-01  4.776e-01  5.134e-01  5.421e-01  5.641e-01  5.807e-01  5.928e-01  6.018e-01  6.086e-01  6.139e-01  6.184e-01  6.223e-01  6.256e-01  6.283e-01  6.305e-01  6.322e-01  6.336e-01  6.348e-01  6.357e-01  6.365e-01  6.373e-01  6.379e-01  6.386e-01  6.393e-01  6.399e-01  6.406e-01  6.413e-01  6.421e-01  6.428e-01  6.436e-01  6.445e-01  6.453e-01  6.462e-01 	
 1.508e-02  1.525e-02  1.764e-02  2.148e-02  2.644e-02  3.260e-02  4.043e-02  5.114e-02  6.517e-02  8.371e-02  1.088e-01  1.392e-01  1.775e-01  2.222e-01  2.716e-01  3.247e-01  3.769e-01  4.264e-01  4.705e-01  5.075e-01  5.374e-01  5.606e-01  5.780e-01  5.908e-01  6.001e-01  6.070e-01  6.124e-01  6.168e-01  6.207e-01  6.239e-01  6.265e-01  6.286e-01  6.303e-01  6.316e-01  6.327e-01  6.337e-01  6.345e-01  6.352e-01  6.358e-01  6.365e-01  6.372e-01  6.378e-01  6.384e-01  6.391e-01  6.398e-01  6.405e-01  6.414e-01  6.422e-01  6.431e-01  6.439e-01 	
 1.414e-02  1.434e-02  1.658e-02  2.019e-02  2.486e-02  3.066e-02  3.805e-02  4.816e-02  6.144e-02  7.907e-02  1.030e-01  1.322e-01  1.694e-01  2.131e-01  2.619e-01  3.148e-01  3.674e-01  4.177e-01  4.629e-01  5.012e-01  5.325e-01  5.568e-01  5.751e-01  5.886e-01  5.984e-01  6.056e-01  6.110e-01  6.154e-01  6.191e-01  6.223e-01  6.248e-01  6.269e-01  6.285e-01  6.298e-01  6.308e-01  6.317e-01  6.325e-01  6.332e-01  6.338e-01  6.345e-01  6.352e-01  6.357e-01  6.363e-01  6.371e-01  6.377e-01  6.384e-01  6.392e-01  6.401e-01  6.409e-01  6.418e-01 	
 1.323e-02  1.345e-02  1.554e-02  1.893e-02  2.333e-02  2.878e-02  3.573e-02  4.525e-02  5.780e-02  7.450e-02  9.732e-02  1.253e-01  1.613e-01  2.039e-01  2.520e-01  3.047e-01  3.575e-01  4.086e-01  4.549e-01  4.946e-01  5.271e-01  5.527e-01  5.721e-01  5.863e-01  5.966e-01  6.041e-01  6.096e-01  6.140e-01  6.177e-01  6.208e-01  6.233e-01  6.252e-01  6.268e-01  6.281e-01  6.291e-01  6.300e-01  6.307e-01  6.314e-01  6.320e-01  6.326e-01  6.333e-01  6.338e-01  6.344e-01  6.351e-01  6.358e-01  6.365e-01  6.373e-01  6.381e-01  6.389e-01  6.397e-01 	
 1.235e-02  1.259e-02  1.454e-02  1.772e-02  2.183e-02  2.695e-02  3.347e-02  4.242e-02  5.424e-02  7.003e-02  9.170e-02  1.185e-01  1.532e-01  1.947e-01  2.419e-01  2.942e-01  3.472e-01  3.990e-01  4.465e-01  4.874e-01  5.214e-01  5.483e-01  5.688e-01  5.839e-01  5.948e-01  6.026e-01  6.083e-01  6.127e-01  6.164e-01  6.195e-01  6.218e-01  6.237e-01  6.253e-01  6.265e-01  6.275e-01  6.283e-01  6.290e-01  6.297e-01  6.303e-01  6.309e-01  6.316e-01  6.321e-01  6.327e-01  6.334e-01  6.340e-01  6.347e-01  6.354e-01  6.362e-01  6.370e-01  6.379e-01 	
 1.149e-02  1.176e-02  1.357e-02  1.654e-02  2.038e-02  2.517e-02  3.128e-02  3.967e-02  5.077e-02  6.564e-02  8.616e-02  1.117e-01  1.450e-01  1.853e-01  2.316e-01  2.834e-01  3.366e-01  3.890e-01  4.375e-01  4.798e-01  5.152e-01  5.435e-01  5.652e-01  5.813e-01  5.928e-01  6.010e-01  6.069e-01  6.115e-01  6.152e-01  6.182e-01  6.205e-01  6.224e-01  6.239e-01  6.250e-01  6.260e-01  6.268e-01  6.275e-01  6.282e-01  6.288e-01  6.294e-01  6.300e-01  6.305e-01  6.311e-01  6.317e-01  6.324e-01  6.330e-01  6.337e-01  6.345e-01  6.353e-01  6.361e-01 	
 1.066e-02  1.095e-02  1.263e-02  1.540e-02  1.898e-02  2.345e-02  2.915e-02  3.699e-02  4.739e-02  6.136e-02  8.073e-02  1.050e-01  1.369e-01  1.758e-01  2.211e-01  2.723e-01  3.254e-01  3.784e-01  4.280e-01  4.716e-01  5.086e-01  5.383e-01  5.614e-01  5.785e-01  5.907e-01  5.994e-01  6.056e-01  6.103e-01  6.140e-01  6.170e-01  6.193e-01  6.211e-01  6.226e-01  6.237e-01  6.247e-01  6.255e-01  6.262e-01  6.268e-01  6.274e-01  6.279e-01  6.285e-01  6.291e-01  6.296e-01  6.303e-01  6.309e-01  6.315e-01  6.322e-01  6.330e-01  6.338e-01  6.346e-01 	
 9.853e-03  1.017e-02  1.172e-02  1.429e-02  1.763e-02  2.178e-02  2.710e-02  3.440e-02  4.410e-02  5.718e-02  7.540e-02  9.838e-02  1.288e-01  1.663e-01  2.105e-01  2.609e-01  3.139e-01  3.673e-01  4.179e-01  4.629e-01  5.014e-01  5.327e-01  5.571e-01  5.754e-01  5.885e-01  5.977e-01  6.042e-01  6.091e-01  6.129e-01  6.159e-01  6.182e-01  6.200e-01  6.214e-01  6.226e-01  6.235e-01  6.242e-01  6.249e-01  6.255e-01  6.261e-01  6.267e-01  6.273e-01  6.278e-01  6.283e-01  6.289e-01  6.295e-01  6.302e-01  6.309e-01  6.316e-01  6.324e-01  6.332e-01 	
 9.077e-03  9.420e-03  1.085e-02  1.323e-02  1.632e-02  2.018e-02  2.511e-02  3.189e-02  4.091e-02  5.312e-02  7.018e-02  9.185e-02  1.208e-01  1.568e-01  1.996e-01  2.492e-01  3.019e-01  3.557e-01  4.072e-01  4.536e-01  4.937e-01  5.265e-01  5.525e-01  5.719e-01  5.860e-01  5.958e-01  6.027e-01  6.078e-01  6.118e-01  6.148e-01  6.172e-01  6.190e-01  6.204e-01  6.215e-01  6.224e-01  6.232e-01  6.238e-01  6.244e-01  6.250e-01  6.255e-01  6.261e-01  6.266e-01  6.272e-01  6.278e-01  6.284e-01  6.290e-01  6.297e-01  6.304e-01  6.311e-01  6.319e-01 	
 8.330e-03  8.697e-03  1.001e-02  1.221e-02  1.506e-02  1.863e-02  2.318e-02  2.946e-02  3.783e-02  4.917e-02  6.510e-02  8.545e-02  1.128e-01  1.472e-01  1.887e-01  2.372e-01  2.894e-01  3.434e-01  3.958e-01  4.435e-01  4.852e-01  5.198e-01  5.473e-01  5.681e-01  5.832e-01  5.938e-01  6.012e-01  6.065e-01  6.106e-01  6.138e-01  6.162e-01  6.180e-01  6.194e-01  6.205e-01  6.214e-01  6.222e-01  6.228e-01  6.234e-01  6.240e-01  6.246e-01  6.251e-01  6.256e-01  6.261e-01  6.267e-01  6.273e-01  6.279e-01  6.286e-01  6.293e-01  6.301e-01  6.308e-01 	
 7.612e-03  8.003e-03  9.201e-03  1.122e-02  1.385e-02  1.713e-02  2.134e-02  2.712e-02  3.485e-02  4.535e-02  6.015e-02  7.917e-02  1.049e-01  1.377e-01  1.776e-01  2.249e-01  2.766e-01  3.306e-01  3.838e-01  4.328e-01  4.761e-01  5.124e-01  5.416e-01  5.639e-01  5.801e-01  5.915e-01  5.994e-01  6.052e-01  6.095e-01  6.128e-01  6.152e-01  6.171e-01  6.185e-01  6.196e-01  6.206e-01  6.213e-01  6.220e-01  6.226e-01  6.231e-01  6.237e-01  6.242e-01  6.247e-01  6.252e-01  6.258e-01  6.264e-01  6.270e-01  6.277e-01  6.284e-01  6.291e-01  6.299e-01 	
 6.924e-03  7.336e-03  8.426e-03  1.028e-02  1.269e-02  1.570e-02  1.956e-02  2.487e-02  3.198e-02  4.166e-02  5.535e-02  7.304e-02  9.718e-02  1.282e-01  1.664e-01  2.124e-01  2.632e-01  3.172e-01  3.710e-01  4.212e-01  4.662e-01  5.043e-01  5.353e-01  5.591e-01  5.765e-01  5.889e-01  5.975e-01  6.036e-01  6.082e-01  6.117e-01  6.143e-01  6.162e-01  6.177e-01  6.188e-01  6.197e-01  6.205e-01  6.212e-01  6.218e-01  6.223e-01  6.229e-01  6.234e-01  6.239e-01  6.245e-01  6.250e-01  6.256e-01  6.262e-01  6.269e-01  6.276e-01  6.283e-01  6.291e-01 	
 6.266e-03  6.698e-03  7.685e-03  9.377e-03  1.158e-02  1.433e-02  1.786e-02  2.272e-02  2.923e-02  3.811e-02  5.070e-02  6.708e-02  8.958e-02  1.188e-01  1.552e-01  1.996e-01  2.495e-01  3.032e-01  3.574e-01  4.088e-01  4.554e-01  4.954e-01  5.282e-01  5.537e-01  5.725e-01  5.859e-01  5.952e-01  6.019e-01  6.068e-01  6.106e-01  6.133e-01  6.153e-01  6.168e-01  6.180e-01  6.189e-01  6.197e-01  6.204e-01  6.210e-01  6.216e-01  6.221e-01  6.227e-01  6.232e-01  6.237e-01  6.243e-01  6.249e-01  6.255e-01  6.262e-01  6.269e-01  6.276e-01  6.284e-01 	
 5.639e-03  6.089e-03  6.979e-03  8.515e-03  1.052e-02  1.302e-02  1.623e-02  2.065e-02  2.659e-02  3.469e-02  4.622e-02  6.130e-02  8.214e-02  1.095e-01  1.440e-01  1.866e-01  2.353e-01  2.885e-01  3.431e-01  3.955e-01  4.437e-01  4.856e-01  5.204e-01  5.476e-01  5.679e-01  5.824e-01  5.925e-01  5.998e-01  6.052e-01  6.092e-01  6.121e-01  6.143e-01  6.159e-01  6.171e-01  6.181e-01  6.189e-01  6.196e-01  6.203e-01  6.209e-01  6.214e-01  6.220e-01  6.225e-01  6.231e-01  6.237e-01  6.242e-01  6.249e-01  6.255e-01  6.263e-01  6.270e-01  6.278e-01 	
 5.043e-03  5.509e-03  6.306e-03  7.695e-03  9.504e-03  1.177e-02  1.467e-02  1.868e-02  2.406e-02  3.142e-02  4.192e-02  5.571e-02  7.489e-02  1.003e-01  1.328e-01  1.735e-01  2.207e-01  2.732e-01  3.279e-01  3.812e-01  4.310e-01  4.748e-01  5.116e-01  5.407e-01  5.626e-01  5.783e-01  5.894e-01  5.973e-01  6.032e-01  6.076e-01  6.107e-01  6.130e-01  6.148e-01  6.161e-01  6.171e-01  6.180e-01  6.188e-01  6.194e-01  6.200e-01  6.206e-01  6.212e-01  6.218e-01  6.223e-01  6.230e-01  6.236e-01  6.242e-01  6.249e-01  6.256e-01  6.264e-01  6.272e-01 	
 4.480e-03  4.957e-03  5.667e-03  6.916e-03  8.543e-03  1.058e-02  1.320e-02  1.681e-02  2.165e-02  2.830e-02  3.780e-02  5.032e-02  6.787e-02  9.134e-02  1.217e-01  1.603e-01  2.058e-01  2.573e-01  3.119e-01  3.659e-01  4.172e-01  4.629e-01  5.017e-01  5.329e-01  5.564e-01  5.735e-01  5.856e-01  5.943e-01  6.008e-01  6.056e-01  6.090e-01  6.116e-01  6.134e-01  6.149e-01  6.160e-01  6.169e-01  6.177e-01  6.184e-01  6.191e-01  6.197e-01  6.203e-01  6.209e-01  6.215e-01  6.222e-01  6.228e-01  6.235e-01  6.242e-01  6.250e-01  6.258e-01  6.266e-01 	
 3.948e-03  4.435e-03  5.063e-03  6.179e-03  7.633e-03  9.456e-03  1.180e-02  1.503e-02  1.937e-02  2.533e-02  3.386e-02  4.517e-02  6.109e-02  8.258e-02  1.107e-01  1.470e-01  1.906e-01  2.408e-01  2.949e-01  3.495e-01  4.021e-01  4.497e-01  4.907e-01  5.239e-01  5.492e-01  5.678e-01  5.811e-01  5.906e-01  5.978e-01  6.030e-01  6.069e-01  6.096e-01  6.117e-01  6.133e-01  6.145e-01  6.155e-01  6.164e-01  6.171e-01  6.178e-01  6.185e-01  6.192e-01  6.198e-01  6.205e-01  6.211e-01  6.218e-01  6.225e-01  6.233e-01  6.241e-01  6.250e-01  6.258e-01 	
 3.448e-03  3.942e-03  4.492e-03  5.483e-03  6.774e-03  8.393e-03  1.047e-02  1.334e-02  1.721e-02  2.252e-02  3.013e-02  4.025e-02  5.457e-02  7.408e-02  9.995e-02  1.338e-01  1.752e-01  2.237e-01  2.771e-01  3.320e-01  3.858e-01  4.352e-01  4.783e-01  5.136e-01  5.409e-01  5.610e-01  5.755e-01  5.861e-01  5.940e-01  5.998e-01  6.040e-01  6.071e-01  6.094e-01  6.111e-01  6.125e-01  6.136e-01  6.146e-01  6.154e-01  6.162e-01  6.169e-01  6.176e-01  6.183e-01  6.190e-01  6.198e-01  6.205e-01  6.213e-01  6.221e-01  6.230e-01  6.239e-01  6.248e-01 	
 2.981e-03  3.478e-03  3.957e-03  4.829e-03  5.967e-03  7.394e-03  9.228e-03  1.176e-02  1.517e-02  1.986e-02  2.659e-02  3.558e-02  4.835e-02  6.589e-02  8.942e-02  1.207e-01  1.596e-01  2.061e-01  2.584e-01  3.133e-01  3.680e-01  4.191e-01  4.643e-01  5.019e-01  5.312e-01  5.530e-01  5.688e-01  5.804e-01  5.891e-01  5.956e-01  6.004e-01  6.038e-01  6.063e-01  6.083e-01  6.098e-01  6.110e-01  6.121e-01  6.130e-01  6.139e-01  6.147e-01  6.155e-01  6.162e-01  6.170e-01  6.178e-01  6.187e-01  6.195e-01  6.204e-01  6.214e-01  6.223e-01  6.233e-01 	
 2.547e-03  3.043e-03  3.456e-03  4.217e-03  5.211e-03  6.458e-03  8.062e-03  1.028e-02  1.326e-02  1.737e-02  2.327e-02  3.117e-02  4.245e-02  5.804e-02  7.921e-02  1.077e-01  1.439e-01  1.881e-01  2.389e-01  2.933e-01  3.486e-01  4.013e-01  4.486e-01  4.884e-01  5.198e-01  5.433e-01  5.606e-01  5.734e-01  5.830e-01  5.903e-01  5.955e-01  5.994e-01  6.022e-01  6.044e-01  6.061e-01  6.075e-01  6.087e-01  6.097e-01  6.107e-01  6.116e-01  6.125e-01  6.133e-01  6.142e-01  6.151e-01  6.160e-01  6.169e-01  6.180e-01  6.190e-01  6.201e-01  6.212e-01 	
 2.145e-03  2.637e-03  2.989e-03  3.647e-03  4.506e-03  5.585e-03  6.974e-03  8.892e-03  1.148e-02  1.504e-02  2.016e-02  2.703e-02  3.688e-02  5.058e-02  6.938e-02  9.506e-02  1.283e-01  1.698e-01  2.186e-01  2.721e-01  3.277e-01  3.817e-01  4.310e-01  4.729e-01  5.064e-01  5.318e-01  5.506e-01  5.646e-01  5.753e-01  5.833e-01  5.892e-01  5.935e-01  5.967e-01  5.991e-01  6.011e-01  6.026e-01  6.040e-01  6.051e-01  6.062e-01  6.073e-01  6.083e-01  6.092e-01  6.102e-01  6.112e-01  6.122e-01  6.133e-01  6.144e-01  6.156e-01  6.168e-01  6.181e-01 	
 1.777e-03  2.262e-03  2.558e-03  3.119e-03  3.854e-03  4.777e-03  5.966e-03  7.608e-03  9.821e-03  1.287e-02  1.727e-02  2.318e-02  3.166e-02  4.355e-02  6.002e-02  8.281e-02  1.129e-01  1.513e-01  1.976e-01  2.497e-01  3.051e-01  3.600e-01  4.111e-01  4.552e-01  4.907e-01  5.180e-01  5.384e-01  5.537e-01  5.654e-01  5.743e-01  5.809e-01  5.857e-01  5.893e-01  5.921e-01  5.942e-01  5.960e-01  5.975e-01  5.989e-01  6.001e-01  6.013e-01  6.024e-01  6.035e-01  6.046e-01  6.058e-01  6.069e-01  6.081e-01  6.094e-01  6.108e-01  6.121e-01  6.135e-01 	
 1.443e-03  1.915e-03  2.161e-03  2.634e-03  3.254e-03  4.033e-03  5.038e-03  6.425e-03  8.296e-03  1.088e-02  1.460e-02  1.961e-02  2.682e-02  3.697e-02  5.117e-02  7.107e-02  9.783e-02  1.328e-01  1.761e-01  2.261e-01  2.807e-01  3.361e-01  3.886e-01  4.347e-01  4.723e-01  5.015e-01  5.235e-01  5.401e-01  5.530e-01  5.628e-01  5.701e-01  5.755e-01  5.796e-01  5.827e-01  5.851e-01  5.871e-01  5.888e-01  5.903e-01  5.918e-01  5.931e-01  5.944e-01  5.956e-01  5.969e-01  5.982e-01  5.995e-01  6.009e-01  6.024e-01  6.039e-01  6.055e-01  6.071e-01 	
 1.142e-03  1.598e-03  1.799e-03  2.191e-03  2.706e-03  3.354e-03  4.190e-03  5.344e-03  6.901e-03  9.052e-03  1.215e-02  1.633e-02  2.236e-02  3.089e-02  4.290e-02  5.994e-02  8.328e-02  1.145e-01  1.542e-01  2.015e-01  2.546e-01  3.099e-01  3.635e-01  4.112e-01  4.507e-01  4.817e-01  5.053e-01  5.233e-01  5.373e-01  5.481e-01  5.562e-01  5.622e-01  5.667e-01  5.702e-01  5.729e-01  5.752e-01  5.771e-01  5.789e-01  5.805e-01  5.820e-01  5.834e-01  5.849e-01  5.863e-01  5.878e-01  5.894e-01  5.909e-01  5.926e-01  5.944e-01  5.962e-01  5.980e-01 	
 8.752e-04  1.311e-03  1.472e-03  1.790e-03  2.210e-03  2.739e-03  3.422e-03  4.364e-03  5.637e-03  7.396e-03  9.928e-03  1.335e-02  1.830e-02  2.532e-02  3.527e-02  4.954e-02  6.943e-02  9.663e-02  1.323e-01  1.760e-01  2.268e-01  2.813e-01  3.352e-01  3.843e-01  4.254e-01  4.580e-01  4.831e-01  5.024e-01  5.176e-01  5.294e-01  5.383e-01  5.449e-01  5.499e-01  5.538e-01  5.569e-01  5.594e-01  5.616e-01  5.636e-01  5.654e-01  5.671e-01  5.687e-01  5.704e-01  5.720e-01  5.738e-01  5.755e-01  5.773e-01  5.792e-01  5.812e-01  5.833e-01  5.854e-01 	
 6.436e-04  1.053e-03  1.180e-03  1.432e-03  1.767e-03  2.189e-03  2.735e-03  3.487e-03  4.504e-03  5.911e-03  7.936e-03  1.068e-02  1.465e-02  2.029e-02  2.834e-02  3.998e-02  5.645e-02  7.951e-02  1.106e-01  1.502e-01  1.977e-01  2.503e-01  3.038e-01  3.534e-01  3.958e-01  4.298e-01  4.562e-01  4.767e-01  4.930e-01  5.057e-01  5.154e-01  5.227e-01  5.282e-01  5.325e-01  5.359e-01  5.387e-01  5.412e-01  5.434e-01  5.454e-01  5.473e-01  5.492e-01  5.511e-01  5.529e-01  5.549e-01  5.569e-01  5.589e-01  5.611e-01  5.634e-01  5.658e-01  5.682e-01 	
 4.482e-04  8.256e-04  9.234e-04  1.117e-03  1.376e-03  1.704e-03  2.128e-03  2.713e-03  3.504e-03  4.600e-03  6.174e-03  8.314e-03  1.141e-02  1.582e-02  2.213e-02  3.134e-02  4.455e-02  6.344e-02  8.967e-02  1.243e-01  1.674e-01  2.170e-01  2.690e-01  3.184e-01  3.612e-01  3.961e-01  4.236e-01  4.452e-01  4.624e-01  4.760e-01  4.863e-01  4.942e-01  5.002e-01  5.049e-01  5.086e-01  5.117e-01  5.145e-01  5.169e-01  5.192e-01  5.214e-01  5.234e-01  5.255e-01  5.276e-01  5.299e-01  5.321e-01  5.344e-01  5.369e-01  5.395e-01  5.423e-01  5.450e-01 	
 2.910e-04  6.284e-04  7.029e-04  8.458e-04  1.039e-03  1.285e-03  1.604e-03  2.043e-03  2.638e-03  3.462e-03  4.646e-03  6.258e-03  8.588e-03  1.192e-02  1.670e-02  2.371e-02  3.390e-02  4.875e-02  6.997e-02  9.905e-02  1.369e-01  1.821e-01  2.311e-01  2.789e-01  3.213e-01  3.564e-01  3.843e-01  4.065e-01  4.244e-01  4.387e-01  4.496e-01  4.580e-01  4.644e-01  4.694e-01  4.735e-01  4.769e-01  4.799e-01  4.826e-01  4.851e-01  4.874e-01  4.897e-01  4.921e-01  4.944e-01  4.969e-01  4.994e-01  5.019e-01  5.047e-01  5.077e-01  5.108e-01  5.139e-01 	
 1.756e-04  4.631e-04  5.197e-04  6.195e-04  7.573e-04  9.334e-04  1.163e-03  1.479e-03  1.907e-03  2.501e-03  3.353e-03  4.517e-03  6.198e-03  8.604e-03  1.207e-02  1.718e-02  2.467e-02  3.577e-02  5.208e-02  7.531e-02  1.069e-01  1.463e-01  1.906e-01  2.351e-01  2.756e-01  3.097e-01  3.373e-01  3.596e-01  3.777e-01  3.922e-01  4.035e-01  4.122e-01  4.189e-01  4.241e-01  4.284e-01  4.321e-01  4.352e-01  4.381e-01  4.408e-01  4.434e-01  4.459e-01  4.484e-01  4.509e-01  4.536e-01  4.564e-01  4.592e-01  4.623e-01  4.656e-01  4.690e-01  4.725e-01 	
 1.073e-04  3.324e-04  3.762e-04  4.407e-04  5.323e-04  6.511e-04  8.068e-04  1.021e-03  1.313e-03  1.718e-03  2.299e-03  3.094e-03  4.242e-03  5.886e-03  8.264e-03  1.177e-02  1.697e-02  2.477e-02  3.653e-02  5.392e-02  7.860e-02  1.108e-01  1.485e-01  1.876e-01  2.242e-01  2.557e-01  2.818e-01  3.031e-01  3.207e-01  3.349e-01  3.461e-01  3.548e-01  3.615e-01  3.669e-01  3.713e-01  3.750e-01  3.783e-01  3.813e-01  3.841e-01  3.867e-01  3.894e-01  3.920e-01  3.946e-01  3.975e-01  4.004e-01  4.034e-01  4.068e-01  4.103e-01  4.140e-01  4.179e-01 	
 9.609e-05  2.442e-04  2.787e-04  3.156e-04  3.702e-04  4.434e-04  5.409e-04  6.758e-04  8.599e-04  1.117e-03  1.483e-03  1.988e-03  2.716e-03  3.760e-03  5.274e-03  7.515e-03  1.085e-02  1.593e-02  2.375e-02  3.571e-02  5.338e-02  7.744e-02  1.067e-01  1.381e-01  1.684e-01  1.954e-01  2.182e-01  2.373e-01  2.532e-01  2.663e-01  2.768e-01  2.849e-01  2.914e-01  2.965e-01  3.007e-01  3.044e-01  3.076e-01  3.105e-01  3.133e-01  3.160e-01  3.186e-01  3.212e-01  3.238e-01  3.267e-01  3.297e-01  3.327e-01  3.361e-01  3.398e-01  3.437e-01  3.478e-01 	
 1.691e-04  2.271e-04  2.506e-04  2.665e-04  2.927e-04  3.313e-04  3.853e-04  4.614e-04  5.666e-04  7.142e-04  9.245e-04  1.216e-03  1.636e-03  2.239e-03  3.116e-03  4.422e-03  6.382e-03  9.395e-03  1.411e-02  2.149e-02  3.275e-02  4.859e-02  6.850e-02  9.064e-02  1.128e-01  1.332e-01  1.510e-01  1.663e-01  1.793e-01  1.901e-01  1.989e-01  2.059e-01  2.115e-01  2.160e-01  2.198e-01  2.230e-01  2.259e-01  2.285e-01  2.311e-01  2.335e-01  2.358e-01  2.382e-01  2.406e-01  2.433e-01  2.461e-01  2.489e-01  2.521e-01  2.557e-01  2.594e-01  2.635e-01 	
 4.721e-04  4.207e-04  4.134e-04  4.073e-04  4.103e-04  4.236e-04  4.478e-04  4.860e-04  5.417e-04  6.217e-04  7.362e-04  8.964e-04  1.126e-03  1.458e-03  1.942e-03  2.672e-03  3.777e-03  5.489e-03  8.183e-03  1.242e-02  1.891e-02  2.812e-02  3.986e-02  5.323e-02  6.700e-02  8.014e-02  9.203e-02  1.025e-01  1.116e-01  1.193e-01  1.257e-01  1.309e-01  1.350e-01  1.385e-01  1.413e-01  1.438e-01  1.460e-01  1.481e-01  1.501e-01  1.519e-01  1.538e-01  1.557e-01  1.576e-01  1.597e-01  1.619e-01  1.642e-01  1.668e-01  1.698e-01  1.729e-01  1.764e-01 	
