 1.190e-02  1.674e-02  2.684e-02  4.287e-02  6.534e-02  9.441e-02  1.298e-01  1.712e-01  2.181e-01  2.704e-01  3.278e-01  3.894e-01  4.541e-01  5.199e-01  5.850e-01  6.474e-01  7.053e-01  7.574e-01  8.029e-01  8.414e-01  8.733e-01  8.993e-01  9.202e-01  9.370e-01  9.504e-01  9.611e-01  9.694e-01  9.759e-01  9.808e-01  9.843e-01  9.869e-01  9.885e-01  9.896e-01  9.903e-01  9.908e-01  9.912e-01  9.915e-01  9.919e-01  9.923e-01  9.928e-01  9.932e-01  9.937e-01  9.941e-01  9.945e-01  9.950e-01  9.954e-01  9.958e-01  9.962e-01  9.964e-01  9.966e-01 	
 1.074e-02  1.480e-02  2.325e-02  3.667e-02  5.561e-02  8.055e-02  1.118e-01  1.496e-01  1.944e-01  2.464e-01  3.052e-01  3.699e-01  4.384e-01  5.082e-01  5.768e-01  6.419e-01  7.017e-01  7.550e-01  8.012e-01  8.402e-01  8.723e-01  8.985e-01  9.196e-01  9.365e-01  9.500e-01  9.608e-01  9.692e-01  9.757e-01  9.807e-01  9.843e-01  9.868e-01  9.885e-01  9.896e-01  9.903e-01  9.908e-01  9.912e-01  9.915e-01  9.919e-01  9.923e-01  9.928e-01  9.932e-01  9.937e-01  9.941e-01  9.946e-01  9.950e-01  9.954e-01  9.958e-01  9.962e-01  9.964e-01  9.966e-01 	
 8.726e-03  1.141e-02  1.696e-02  2.577e-02  3.851e-02  5.612e-02  7.993e-02  1.115e-01  1.524e-01  2.036e-01  2.651e-01  3.350e-01  4.103e-01  4.872e-01  5.620e-01  6.319e-01  6.951e-01  7.505e-01  7.980e-01  8.378e-01  8.705e-01  8.971e-01  9.184e-01  9.356e-01  9.493e-01  9.602e-01  9.687e-01  9.754e-01  9.804e-01  9.841e-01  9.867e-01  9.884e-01  9.896e-01  9.903e-01  9.908e-01  9.912e-01  9.915e-01  9.919e-01  9.923e-01  9.928e-01  9.933e-01  9.937e-01  9.941e-01  9.946e-01  9.950e-01  9.954e-01  9.958e-01  9.962e-01  9.965e-01  9.966e-01 	
 6.371e-03  7.401e-03  9.458e-03  1.273e-02  1.796e-02  2.671e-02  4.145e-02  6.530e-02  1.013e-01  1.515e-01  2.159e-01  2.921e-01  3.755e-01  4.609e-01  5.433e-01  6.191e-01  6.864e-01  7.446e-01  7.937e-01  8.345e-01  8.679e-01  8.950e-01  9.168e-01  9.342e-01  9.482e-01  9.593e-01  9.681e-01  9.749e-01  9.801e-01  9.838e-01  9.865e-01  9.883e-01  9.895e-01  9.903e-01  9.908e-01  9.912e-01  9.916e-01  9.919e-01  9.924e-01  9.928e-01  9.933e-01  9.937e-01  9.942e-01  9.946e-01  9.950e-01  9.955e-01  9.959e-01  9.962e-01  9.965e-01  9.967e-01 	
 4.234e-03  3.674e-03  2.366e-03  2.940e-04 -1.735e-03 -1.609e-03  4.233e-03  2.038e-02  5.135e-02  1.002e-01  1.671e-01  2.491e-01  3.403e-01  4.339e-01  5.237e-01  6.054e-01  6.768e-01  7.377e-01  7.886e-01  8.306e-01  8.648e-01  8.925e-01  9.147e-01  9.326e-01  9.469e-01  9.583e-01  9.673e-01  9.743e-01  9.796e-01  9.835e-01  9.863e-01  9.882e-01  9.895e-01  9.903e-01  9.908e-01  9.912e-01  9.916e-01  9.920e-01  9.924e-01  9.928e-01  9.933e-01  9.938e-01  9.942e-01  9.946e-01  9.951e-01  9.955e-01  9.959e-01  9.963e-01  9.966e-01  9.967e-01 	
 2.765e-03  9.466e-04 -3.022e-03 -9.329e-03 -1.714e-02 -2.397e-02 -2.542e-02 -1.577e-02  1.069e-02  5.787e-02  1.263e-01  2.126e-01  3.099e-01  4.100e-01  5.058e-01  5.923e-01  6.673e-01  7.306e-01  7.831e-01  8.262e-01  8.613e-01  8.896e-01  9.124e-01  9.308e-01  9.454e-01  9.571e-01  9.664e-01  9.736e-01  9.791e-01  9.832e-01  9.861e-01  9.881e-01  9.894e-01  9.902e-01  9.908e-01  9.912e-01  9.916e-01  9.920e-01  9.924e-01  9.929e-01  9.933e-01  9.938e-01  9.942e-01  9.947e-01  9.951e-01  9.955e-01  9.960e-01  9.963e-01  9.966e-01  9.968e-01 	
 2.190e-03 -4.165e-04 -6.051e-03 -1.502e-02 -2.651e-02 -3.785e-02 -4.419e-02 -3.913e-02 -1.618e-02  2.924e-02  9.798e-02  1.864e-01  2.872e-01  3.915e-01  4.911e-01  5.809e-01  6.584e-01  7.235e-01  7.774e-01  8.216e-01  8.575e-01  8.865e-01  9.099e-01  9.287e-01  9.438e-01  9.558e-01  9.654e-01  9.729e-01  9.786e-01  9.828e-01  9.858e-01  9.879e-01  9.893e-01  9.902e-01  9.908e-01  9.912e-01  9.916e-01  9.920e-01  9.925e-01  9.929e-01  9.934e-01  9.938e-01  9.942e-01  9.947e-01  9.951e-01  9.956e-01  9.960e-01  9.964e-01  9.967e-01  9.969e-01 	
 2.524e-03 -4.069e-04 -6.721e-03 -1.678e-02 -2.982e-02 -4.317e-02 -5.191e-02 -4.938e-02 -2.876e-02  1.490e-02  8.279e-02  1.713e-01  2.731e-01  3.788e-01  4.801e-01  5.715e-01  6.504e-01  7.167e-01  7.717e-01  8.168e-01  8.535e-01  8.832e-01  9.072e-01  9.265e-01  9.420e-01  9.545e-01  9.643e-01  9.721e-01  9.780e-01  9.824e-01  9.855e-01  9.877e-01  9.892e-01  9.901e-01  9.908e-01  9.912e-01  9.917e-01  9.921e-01  9.925e-01  9.929e-01  9.934e-01  9.938e-01  9.943e-01  9.947e-01  9.951e-01  9.956e-01  9.960e-01  9.964e-01  9.967e-01  9.969e-01 	
 3.624e-03  7.270e-04 -5.501e-03 -1.542e-02 -2.832e-02 -4.166e-02 -5.069e-02 -4.891e-02 -2.952e-02  1.257e-02  7.877e-02  1.658e-01  2.664e-01  3.713e-01  4.723e-01  5.638e-01  6.431e-01  7.101e-01  7.659e-01  8.118e-01  8.493e-01  8.797e-01  9.043e-01  9.242e-01  9.402e-01  9.530e-01  9.632e-01  9.712e-01  9.773e-01  9.819e-01  9.852e-01  9.875e-01  9.891e-01  9.901e-01  9.908e-01  9.913e-01  9.917e-01  9.921e-01  9.925e-01  9.930e-01  9.934e-01  9.939e-01  9.943e-01  9.947e-01  9.952e-01  9.956e-01  9.961e-01  9.965e-01  9.968e-01  9.970e-01 	
 5.289e-03  2.637e-03 -3.045e-03 -1.206e-02 -2.375e-02 -3.574e-02 -4.364e-02 -4.132e-02 -2.226e-02  1.854e-02  8.263e-02  1.671e-01  2.650e-01  3.676e-01  4.669e-01  5.574e-01  6.364e-01  7.037e-01  7.600e-01  8.066e-01  8.449e-01  8.761e-01  9.014e-01  9.218e-01  9.382e-01  9.515e-01  9.620e-01  9.703e-01  9.767e-01  9.814e-01  9.849e-01  9.873e-01  9.889e-01  9.900e-01  9.907e-01  9.913e-01  9.917e-01  9.921e-01  9.925e-01  9.930e-01  9.934e-01  9.939e-01  9.943e-01  9.947e-01  9.952e-01  9.956e-01  9.961e-01  9.965e-01  9.968e-01  9.970e-01 	
 7.310e-03  4.984e-03  2.945e-05 -7.767e-03 -1.775e-02 -2.775e-02 -3.375e-02 -3.011e-02 -1.075e-02  2.908e-02  9.099e-02  1.724e-01  2.668e-01  3.662e-01  4.630e-01  5.518e-01  6.300e-01  6.972e-01  7.539e-01  8.013e-01  8.403e-01  8.723e-01  8.982e-01  9.192e-01  9.362e-01  9.498e-01  9.607e-01  9.693e-01  9.759e-01  9.809e-01  9.845e-01  9.871e-01  9.888e-01  9.899e-01  9.907e-01  9.913e-01  9.917e-01  9.921e-01  9.926e-01  9.930e-01  9.934e-01  9.939e-01  9.943e-01  9.947e-01  9.952e-01  9.956e-01  9.961e-01  9.965e-01  9.969e-01  9.970e-01 	
 9.460e-03  7.451e-03  3.220e-03 -3.337e-03 -1.154e-02 -1.940e-02 -2.323e-02 -1.792e-02  2.100e-03  4.126e-02  1.011e-01  1.793e-01  2.700e-01  3.658e-01  4.596e-01  5.464e-01  6.236e-01  6.906e-01  7.477e-01  7.957e-01  8.355e-01  8.683e-01  8.949e-01  9.166e-01  9.340e-01  9.481e-01  9.594e-01  9.683e-01  9.752e-01  9.804e-01  9.842e-01  9.868e-01  9.887e-01  9.899e-01  9.907e-01  9.913e-01  9.917e-01  9.922e-01  9.926e-01  9.930e-01  9.935e-01  9.939e-01  9.943e-01  9.947e-01  9.952e-01  9.956e-01  9.961e-01  9.965e-01  9.969e-01  9.971e-01 	
 1.142e-02  9.686e-03  6.099e-03  6.637e-04 -5.906e-03 -1.173e-02 -1.345e-02 -6.433e-03  1.440e-02  5.309e-02  1.111e-01  1.862e-01  2.733e-01  3.655e-01  4.562e-01  5.409e-01  6.170e-01  6.838e-01  7.412e-01  7.899e-01  8.306e-01  8.641e-01  8.915e-01  9.137e-01  9.318e-01  9.463e-01  9.580e-01  9.672e-01  9.743e-01  9.798e-01  9.837e-01  9.865e-01  9.885e-01  9.898e-01  9.906e-01  9.913e-01  9.917e-01  9.922e-01  9.926e-01  9.930e-01  9.935e-01  9.939e-01  9.943e-01  9.947e-01  9.951e-01  9.956e-01  9.961e-01  9.965e-01  9.969e-01  9.971e-01 	
 1.270e-02  1.123e-02  8.234e-03  3.808e-03 -1.296e-03 -5.294e-03 -5.101e-03  3.519e-03  2.517e-02  6.350e-02  1.198e-01  1.922e-01  2.759e-01  3.645e-01  4.524e-01  5.350e-01  6.101e-01  6.767e-01  7.345e-01  7.839e-01  8.253e-01  8.597e-01  8.878e-01  9.108e-01  9.294e-01  9.444e-01  9.565e-01  9.660e-01  9.735e-01  9.791e-01  9.833e-01  9.862e-01  9.883e-01  9.897e-01  9.906e-01  9.912e-01  9.917e-01  9.922e-01  9.926e-01  9.930e-01  9.935e-01  9.939e-01  9.943e-01  9.947e-01  9.951e-01  9.956e-01  9.961e-01  9.965e-01  9.969e-01  9.971e-01 	
 1.276e-02  1.157e-02  9.183e-03  5.748e-03  2.019e-03 -3.156e-04  1.602e-03  1.166e-02  3.404e-02  7.208e-02  1.269e-01  1.968e-01  2.773e-01  3.628e-01  4.479e-01  5.287e-01  6.029e-01  6.692e-01  7.274e-01  7.775e-01  8.199e-01  8.551e-01  8.840e-01  9.077e-01  9.269e-01  9.424e-01  9.549e-01  9.648e-01  9.725e-01  9.784e-01  9.828e-01  9.859e-01  9.881e-01  9.895e-01  9.905e-01  9.912e-01  9.918e-01  9.922e-01  9.926e-01  9.931e-01  9.935e-01  9.938e-01  9.942e-01  9.946e-01  9.951e-01  9.955e-01  9.960e-01  9.965e-01  9.969e-01  9.971e-01 	
 1.110e-02  1.027e-02  8.610e-03  6.260e-03  3.928e-03  3.188e-03  6.690e-03  1.803e-02  4.105e-02  7.881e-02  1.323e-01  1.999e-01  2.776e-01  3.602e-01  4.428e-01  5.219e-01  5.952e-01  6.614e-01  7.201e-01  7.709e-01  8.142e-01  8.503e-01  8.801e-01  9.044e-01  9.242e-01  9.403e-01  9.532e-01  9.635e-01  9.715e-01  9.777e-01  9.823e-01  9.855e-01  9.878e-01  9.894e-01  9.905e-01  9.912e-01  9.918e-01  9.922e-01  9.926e-01  9.931e-01  9.934e-01  9.938e-01  9.942e-01  9.946e-01  9.950e-01  9.955e-01  9.960e-01  9.964e-01  9.968e-01  9.970e-01 	
 7.657e-03  7.288e-03  6.500e-03  5.380e-03  4.529e-03  5.373e-03  1.037e-02  2.286e-02  4.644e-02  8.390e-02  1.362e-01  2.017e-01  2.768e-01  3.567e-01  4.371e-01  5.146e-01  5.871e-01  6.533e-01  7.124e-01  7.640e-01  8.082e-01  8.452e-01  8.759e-01  9.010e-01  9.215e-01  9.381e-01  9.515e-01  9.621e-01  9.705e-01  9.769e-01  9.817e-01  9.852e-01  9.876e-01  9.892e-01  9.904e-01  9.912e-01  9.917e-01  9.922e-01  9.927e-01  9.931e-01  9.934e-01  9.938e-01  9.941e-01  9.945e-01  9.949e-01  9.954e-01  9.959e-01  9.964e-01  9.968e-01  9.970e-01 	
 2.955e-03  3.106e-03  3.295e-03  3.497e-03  4.163e-03  6.555e-03  1.294e-02  2.647e-02  5.050e-02  8.766e-02  1.388e-01  2.024e-01  2.751e-01  3.526e-01  4.308e-01  5.069e-01  5.786e-01  6.448e-01  7.044e-01  7.568e-01  8.019e-01  8.399e-01  8.715e-01  8.974e-01  9.185e-01  9.357e-01  9.496e-01  9.607e-01  9.694e-01  9.761e-01  9.811e-01  9.847e-01  9.873e-01  9.891e-01  9.903e-01  9.911e-01  9.917e-01  9.922e-01  9.927e-01  9.930e-01  9.934e-01  9.937e-01  9.941e-01  9.944e-01  9.949e-01  9.953e-01  9.958e-01  9.963e-01  9.967e-01  9.969e-01 	
-1.963e-03 -1.299e-03 -1.588e-04  1.305e-03  3.386e-03  7.179e-03  1.479e-02  2.920e-02  5.359e-02  9.042e-02  1.405e-01  2.023e-01  2.728e-01  3.480e-01  4.242e-01  4.988e-01  5.699e-01  6.360e-01  6.961e-01  7.493e-01  7.954e-01  8.344e-01  8.668e-01  8.936e-01  9.154e-01  9.332e-01  9.476e-01  9.591e-01  9.682e-01  9.751e-01  9.804e-01  9.842e-01  9.870e-01  9.889e-01  9.902e-01  9.911e-01  9.917e-01  9.922e-01  9.927e-01  9.930e-01  9.934e-01  9.937e-01  9.940e-01  9.944e-01  9.948e-01  9.952e-01  9.957e-01  9.962e-01  9.966e-01  9.969e-01 	
-5.904e-03 -4.822e-03 -2.908e-03 -4.235e-04  2.793e-03  7.706e-03  1.629e-02  3.138e-02  5.601e-02  9.250e-02  1.415e-01  2.017e-01  2.701e-01  3.431e-01  4.174e-01  4.906e-01  5.608e-01  6.269e-01  6.874e-01  7.415e-01  7.885e-01  8.285e-01  8.619e-01  8.896e-01  9.122e-01  9.306e-01  9.455e-01  9.574e-01  9.669e-01  9.742e-01  9.797e-01  9.837e-01  9.866e-01  9.886e-01  9.900e-01  9.910e-01  9.917e-01  9.922e-01  9.926e-01  9.930e-01  9.933e-01  9.937e-01  9.940e-01  9.943e-01  9.947e-01  9.951e-01  9.956e-01  9.961e-01  9.966e-01  9.968e-01 	
-8.014e-03 -6.668e-03 -4.267e-03 -1.133e-03  2.820e-03  8.474e-03  1.772e-02  3.327e-02  5.803e-02  9.418e-02  1.423e-01  2.009e-01  2.674e-01  3.382e-01  4.105e-01  4.822e-01  5.516e-01  6.175e-01  6.784e-01  7.333e-01  7.813e-01  8.224e-01  8.568e-01  8.853e-01  9.087e-01  9.278e-01  9.433e-01  9.557e-01  9.655e-01  9.731e-01  9.789e-01  9.832e-01  9.862e-01  9.884e-01  9.899e-01  9.909e-01  9.916e-01  9.922e-01  9.926e-01  9.930e-01  9.933e-01  9.936e-01  9.939e-01  9.942e-01  9.945e-01  9.950e-01  9.955e-01  9.960e-01  9.964e-01  9.967e-01 	
-8.093e-03 -6.652e-03 -4.068e-03 -6.738e-04  3.602e-03  9.620e-03  1.923e-02  3.505e-02  5.987e-02  9.570e-02  1.429e-01  2.002e-01  2.647e-01  3.334e-01  4.037e-01  4.738e-01  5.423e-01  6.079e-01  6.691e-01  7.247e-01  7.738e-01  8.159e-01  8.514e-01  8.808e-01  9.051e-01  9.249e-01  9.409e-01  9.538e-01  9.640e-01  9.720e-01  9.781e-01  9.825e-01  9.858e-01  9.881e-01  9.897e-01  9.908e-01  9.916e-01  9.921e-01  9.926e-01  9.930e-01  9.933e-01  9.935e-01  9.938e-01  9.941e-01  9.944e-01  9.949e-01  9.954e-01  9.959e-01  9.963e-01  9.966e-01 	
-6.598e-03 -5.193e-03 -2.664e-03  6.872e-04  4.969e-03  1.107e-02  2.082e-02  3.679e-02  6.165e-02  9.721e-02  1.437e-01  1.997e-01  2.624e-01  3.289e-01  3.971e-01  4.654e-01  5.328e-01  5.980e-01  6.595e-01  7.158e-01  7.658e-01  8.091e-01  8.457e-01  8.761e-01  9.012e-01  9.217e-01  9.384e-01  9.518e-01  9.625e-01  9.708e-01  9.771e-01  9.819e-01  9.853e-01  9.877e-01  9.895e-01  9.906e-01  9.915e-01  9.921e-01  9.926e-01  9.929e-01  9.932e-01  9.935e-01  9.937e-01  9.939e-01  9.943e-01  9.947e-01  9.952e-01  9.957e-01  9.962e-01  9.964e-01 	
-4.373e-03 -3.073e-03 -7.234e-04  2.430e-03  6.557e-03  1.259e-02  2.239e-02  3.846e-02  6.336e-02  9.873e-02  1.446e-01  1.994e-01  2.603e-01  3.247e-01  3.906e-01  4.571e-01  5.232e-01  5.878e-01  6.495e-01  7.065e-01  7.575e-01  8.019e-01  8.396e-01  8.711e-01  8.971e-01  9.184e-01  9.357e-01  9.497e-01  9.608e-01  9.695e-01  9.761e-01  9.811e-01  9.848e-01  9.874e-01  9.892e-01  9.905e-01  9.914e-01  9.920e-01  9.925e-01  9.929e-01  9.932e-01  9.934e-01  9.936e-01  9.938e-01  9.941e-01  9.945e-01  9.950e-01  9.956e-01  9.960e-01  9.962e-01 	
-2.289e-03 -1.102e-03  1.054e-03  3.994e-03  7.952e-03  1.391e-02  2.372e-02  3.988e-02  6.480e-02  9.998e-02  1.453e-01  1.988e-01  2.580e-01  3.202e-01  3.839e-01  4.484e-01  5.132e-01  5.773e-01  6.391e-01  6.968e-01  7.488e-01  7.943e-01  8.332e-01  8.658e-01  8.927e-01  9.148e-01  9.329e-01  9.474e-01  9.590e-01  9.681e-01  9.750e-01  9.803e-01  9.842e-01  9.869e-01  9.889e-01  9.903e-01  9.913e-01  9.919e-01  9.924e-01  9.928e-01  9.931e-01  9.933e-01  9.935e-01  9.937e-01  9.940e-01  9.943e-01  9.948e-01  9.954e-01  9.958e-01  9.961e-01 	
-9.672e-04  1.348e-04  2.155e-03  4.958e-03  8.821e-03  1.475e-02  2.458e-02  4.075e-02  6.556e-02  1.004e-01  1.448e-01  1.971e-01  2.544e-01  3.145e-01  3.761e-01  4.388e-01  5.024e-01  5.660e-01  6.280e-01  6.864e-01  7.395e-01  7.863e-01  8.264e-01  8.601e-01  8.881e-01  9.111e-01  9.298e-01  9.450e-01  9.570e-01  9.665e-01  9.739e-01  9.794e-01  9.835e-01  9.865e-01  9.886e-01  9.900e-01  9.911e-01  9.918e-01  9.924e-01  9.927e-01  9.930e-01  9.932e-01  9.933e-01  9.935e-01  9.938e-01  9.941e-01  9.946e-01  9.951e-01  9.956e-01  9.958e-01 	
-6.494e-04  4.075e-04  2.364e-03  5.122e-03  8.973e-03  1.490e-02  2.467e-02  4.063e-02  6.496e-02  9.891e-02  1.421e-01  1.927e-01  2.481e-01  3.061e-01  3.659e-01  4.273e-01  4.901e-01  5.536e-01  6.161e-01  6.754e-01  7.297e-01  7.777e-01  8.191e-01  8.540e-01  8.831e-01  9.070e-01  9.265e-01  9.423e-01  9.549e-01  9.649e-01  9.726e-01  9.784e-01  9.828e-01  9.859e-01  9.882e-01  9.898e-01  9.909e-01  9.917e-01  9.923e-01  9.926e-01  9.929e-01  9.931e-01  9.932e-01  9.933e-01  9.936e-01  9.939e-01  9.944e-01  9.949e-01  9.953e-01  9.956e-01 	
-1.219e-03 -1.836e-04  1.753e-03  4.511e-03  8.367e-03  1.422e-02  2.373e-02  3.905e-02  6.226e-02  9.456e-02  1.357e-01  1.839e-01  2.371e-01  2.934e-01  3.520e-01  4.127e-01  4.756e-01  5.397e-01  6.030e-01  6.635e-01  7.192e-01  7.686e-01  8.114e-01  8.476e-01  8.778e-01  9.027e-01  9.230e-01  9.395e-01  9.527e-01  9.631e-01  9.712e-01  9.773e-01  9.819e-01  9.853e-01  9.877e-01  9.894e-01  9.907e-01  9.915e-01  9.921e-01  9.925e-01  9.928e-01  9.929e-01  9.930e-01  9.932e-01  9.934e-01  9.937e-01  9.941e-01  9.946e-01  9.951e-01  9.953e-01 	
-2.335e-03 -1.326e-03  5.773e-04  3.305e-03  7.088e-03  1.271e-02  2.160e-02  3.571e-02  5.695e-02  8.655e-02  1.245e-01  1.697e-01  2.204e-01  2.751e-01  3.332e-01  3.944e-01  4.584e-01  5.237e-01  5.886e-01  6.507e-01  7.079e-01  7.589e-01  8.031e-01  8.406e-01  8.720e-01  8.980e-01  9.192e-01  9.365e-01  9.502e-01  9.611e-01  9.696e-01  9.761e-01  9.810e-01  9.846e-01  9.872e-01  9.890e-01  9.904e-01  9.913e-01  9.919e-01  9.924e-01  9.926e-01  9.928e-01  9.929e-01  9.929e-01  9.931e-01  9.934e-01  9.938e-01  9.943e-01  9.948e-01  9.950e-01 	
-3.610e-03 -2.658e-03 -8.493e-04  1.749e-03  5.308e-03  1.045e-02  1.834e-02  3.064e-02  4.906e-02  7.494e-02  1.087e-01  1.500e-01  1.979e-01  2.514e-01  3.097e-01  3.724e-01  4.383e-01  5.059e-01  5.729e-01  6.368e-01  6.958e-01  7.484e-01  7.942e-01  8.332e-01  8.659e-01  8.930e-01  9.151e-01  9.331e-01  9.476e-01  9.590e-01  9.679e-01  9.748e-01  9.799e-01  9.837e-01  9.865e-01  9.885e-01  9.900e-01  9.910e-01  9.917e-01  9.922e-01  9.925e-01  9.926e-01  9.927e-01  9.927e-01  9.928e-01  9.931e-01  9.935e-01  9.940e-01  9.944e-01  9.947e-01 	
-4.742e-03 -3.888e-03 -2.256e-03  9.190e-05  3.268e-03  7.715e-03  1.432e-02  2.438e-02  3.942e-02  6.087e-02  8.980e-02  1.267e-01  1.715e-01  2.239e-01  2.830e-01  3.477e-01  4.163e-01  4.865e-01  5.559e-01  6.220e-01  6.828e-01  7.372e-01  7.846e-01  8.251e-01  8.592e-01  8.875e-01  9.107e-01  9.295e-01  9.447e-01  9.567e-01  9.660e-01  9.733e-01  9.787e-01  9.828e-01  9.858e-01  9.880e-01  9.895e-01  9.906e-01  9.914e-01  9.919e-01  9.922e-01  9.924e-01  9.924e-01  9.924e-01  9.925e-01  9.928e-01  9.932e-01  9.936e-01  9.941e-01  9.943e-01 	
-5.571e-03 -4.846e-03 -3.449e-03 -1.434e-03  1.263e-03  4.926e-03  1.015e-02  1.790e-02  2.946e-02  4.640e-02  7.034e-02  1.027e-01  1.444e-01  1.956e-01  2.555e-01  3.223e-01  3.935e-01  4.664e-01  5.382e-01  6.063e-01  6.690e-01  7.252e-01  7.743e-01  8.164e-01  8.519e-01  8.815e-01  9.058e-01  9.256e-01  9.414e-01  9.541e-01  9.639e-01  9.716e-01  9.773e-01  9.817e-01  9.849e-01  9.872e-01  9.889e-01  9.902e-01  9.910e-01  9.916e-01  9.919e-01  9.921e-01  9.921e-01  9.921e-01  9.922e-01  9.924e-01  9.928e-01  9.932e-01  9.936e-01  9.939e-01 	
-6.066e-03 -5.471e-03 -4.315e-03 -2.633e-03 -3.926e-04  2.562e-03  6.582e-03  1.232e-02  2.085e-02  3.379e-02  5.326e-02  8.148e-02  1.202e-01  1.700e-01  2.300e-01  2.982e-01  3.714e-01  4.463e-01  5.200e-01  5.900e-01  6.545e-01  7.124e-01  7.632e-01  8.069e-01  8.440e-01  8.749e-01  9.004e-01  9.212e-01  9.379e-01  9.511e-01  9.616e-01  9.696e-01  9.758e-01  9.804e-01  9.838e-01  9.864e-01  9.882e-01  9.896e-01  9.905e-01  9.911e-01  9.915e-01  9.917e-01  9.917e-01  9.917e-01  9.918e-01  9.919e-01  9.923e-01  9.927e-01  9.931e-01  9.933e-01 	
-6.264e-03 -5.770e-03 -4.796e-03 -3.360e-03 -1.438e-03  1.040e-03  4.242e-03  8.566e-03  1.489e-02  2.482e-02  4.076e-02  6.547e-02  1.013e-01  1.492e-01  2.086e-01  2.769e-01  3.508e-01  4.268e-01  5.017e-01  5.730e-01  6.390e-01  6.986e-01  7.511e-01  7.966e-01  8.352e-01  8.676e-01  8.944e-01  9.162e-01  9.338e-01  9.479e-01  9.589e-01  9.674e-01  9.739e-01  9.789e-01  9.826e-01  9.853e-01  9.873e-01  9.888e-01  9.898e-01  9.905e-01  9.910e-01  9.912e-01  9.912e-01  9.912e-01  9.912e-01  9.914e-01  9.917e-01  9.921e-01  9.925e-01  9.927e-01 	
-6.236e-03 -5.793e-03 -4.904e-03 -3.564e-03 -1.745e-03  5.784e-04  3.454e-03  7.091e-03  1.217e-02  2.020e-02  3.367e-02  5.559e-02  8.867e-02  1.343e-01  1.918e-01  2.589e-01  3.322e-01  4.081e-01  4.834e-01  5.555e-01  6.226e-01  6.837e-01  7.379e-01  7.852e-01  8.255e-01  8.595e-01  8.877e-01  9.107e-01  9.293e-01  9.441e-01  9.558e-01  9.648e-01  9.718e-01  9.770e-01  9.810e-01  9.840e-01  9.862e-01  9.878e-01  9.889e-01  9.897e-01  9.902e-01  9.905e-01  9.905e-01  9.905e-01  9.905e-01  9.907e-01  9.910e-01  9.914e-01  9.917e-01  9.920e-01 	
-6.077e-03 -5.629e-03 -4.717e-03 -3.310e-03 -1.362e-03  1.139e-03  4.165e-03  7.780e-03  1.247e-02  1.957e-02  3.144e-02  5.116e-02  8.158e-02  1.243e-01  1.791e-01  2.438e-01  3.152e-01  3.899e-01  4.647e-01  5.371e-01  6.051e-01  6.676e-01  7.235e-01  7.725e-01  8.147e-01  8.503e-01  8.800e-01  9.043e-01  9.240e-01  9.397e-01  9.521e-01  9.617e-01  9.691e-01  9.748e-01  9.791e-01  9.823e-01  9.847e-01  9.864e-01  9.877e-01  9.886e-01  9.892e-01  9.895e-01  9.896e-01  9.896e-01  9.896e-01  9.898e-01  9.901e-01  9.904e-01  9.908e-01  9.910e-01 	
-5.877e-03 -5.384e-03 -4.365e-03 -2.762e-03 -4.975e-04  2.443e-03  5.982e-03  1.006e-02  1.495e-02  2.176e-02  3.262e-02  5.048e-02  7.824e-02  1.177e-01  1.690e-01  2.304e-01  2.990e-01  3.717e-01  4.454e-01  5.176e-01  5.863e-01  6.499e-01  7.075e-01  7.583e-01  8.024e-01  8.398e-01  8.711e-01  8.969e-01  9.178e-01  9.345e-01  9.477e-01  9.580e-01  9.659e-01  9.720e-01  9.766e-01  9.801e-01  9.827e-01  9.846e-01  9.861e-01  9.871e-01  9.878e-01  9.882e-01  9.883e-01  9.884e-01  9.884e-01  9.886e-01  9.889e-01  9.892e-01  9.896e-01  9.898e-01 	
-5.716e-03 -5.158e-03 -3.992e-03 -2.127e-03  5.462e-04  4.055e-03  8.284e-03  1.305e-02  1.843e-02  2.525e-02  3.536e-02  5.152e-02  7.660e-02  1.126e-01  1.600e-01  2.175e-01  2.828e-01  3.529e-01  4.251e-01  4.968e-01  5.658e-01  6.305e-01  6.896e-01  7.423e-01  7.883e-01  8.277e-01  8.607e-01  8.881e-01  9.103e-01  9.281e-01  9.423e-01  9.533e-01  9.618e-01  9.684e-01  9.734e-01  9.772e-01  9.800e-01  9.822e-01  9.838e-01  9.850e-01  9.858e-01  9.863e-01  9.865e-01  9.866e-01  9.867e-01  9.869e-01  9.872e-01  9.876e-01  9.879e-01  9.882e-01 	
-5.639e-03 -5.021e-03 -3.717e-03 -1.609e-03  1.445e-03  5.482e-03  1.036e-02  1.578e-02  2.164e-02  2.850e-02  3.793e-02  5.247e-02  7.493e-02  1.074e-01  1.508e-01  2.043e-01  2.659e-01  3.333e-01  4.036e-01  4.744e-01  5.435e-01  6.090e-01  6.695e-01  7.240e-01  7.720e-01  8.134e-01  8.484e-01  8.774e-01  9.011e-01  9.202e-01  9.354e-01  9.473e-01  9.566e-01  9.637e-01  9.691e-01  9.732e-01  9.764e-01  9.788e-01  9.806e-01  9.820e-01  9.829e-01  9.835e-01  9.839e-01  9.841e-01  9.843e-01  9.846e-01  9.849e-01  9.853e-01  9.857e-01  9.859e-01 	
-5.659e-03 -5.002e-03 -3.612e-03 -1.353e-03  1.934e-03  6.293e-03  1.156e-02  1.737e-02  2.348e-02  3.024e-02  3.898e-02  5.201e-02  7.203e-02  1.013e-01  1.408e-01  1.902e-01  2.482e-01  3.124e-01  3.805e-01  4.501e-01  5.190e-01  5.851e-01  6.468e-01  7.030e-01  7.530e-01  7.964e-01  8.334e-01  8.643e-01  8.897e-01  9.102e-01  9.266e-01  9.395e-01  9.495e-01  9.573e-01  9.632e-01  9.678e-01  9.713e-01  9.740e-01  9.761e-01  9.776e-01  9.788e-01  9.796e-01  9.801e-01  9.805e-01  9.808e-01  9.811e-01  9.816e-01  9.820e-01  9.824e-01  9.826e-01 	
-5.757e-03 -5.092e-03 -3.687e-03 -1.409e-03  1.895e-03  6.264e-03  1.153e-02  1.731e-02  2.332e-02  2.976e-02  3.779e-02  4.948e-02  6.736e-02  9.365e-02  1.296e-01  1.752e-01  2.293e-01  2.903e-01  3.558e-01  4.238e-01  4.920e-01  5.583e-01  6.210e-01  6.787e-01  7.305e-01  7.759e-01  8.150e-01  8.479e-01  8.750e-01  8.972e-01  9.149e-01  9.289e-01  9.399e-01  9.485e-01  9.550e-01  9.601e-01  9.640e-01  9.671e-01  9.695e-01  9.713e-01  9.727e-01  9.737e-01  9.745e-01  9.751e-01  9.756e-01  9.761e-01  9.766e-01  9.772e-01  9.776e-01  9.779e-01 	
-5.902e-03 -5.250e-03 -3.888e-03 -1.709e-03  1.408e-03  5.482e-03  1.035e-02  1.568e-02  2.120e-02  2.710e-02  3.438e-02  4.490e-02  6.096e-02  8.466e-02  1.173e-01  1.591e-01  2.095e-01  2.669e-01  3.296e-01  3.954e-01  4.624e-01  5.283e-01  5.915e-01  6.503e-01  7.038e-01  7.512e-01  7.923e-01  8.272e-01  8.563e-01  8.802e-01  8.994e-01  9.147e-01  9.268e-01  9.363e-01  9.436e-01  9.493e-01  9.537e-01  9.572e-01  9.600e-01  9.621e-01  9.638e-01  9.652e-01  9.662e-01  9.671e-01  9.679e-01  9.686e-01  9.693e-01  9.700e-01  9.706e-01  9.709e-01 	
-6.047e-03 -5.410e-03 -4.101e-03 -2.058e-03  7.795e-04  4.389e-03  8.611e-03  1.318e-02  1.790e-02  2.304e-02  2.950e-02  3.895e-02  5.340e-02  7.475e-02  1.043e-01  1.425e-01  1.889e-01  2.425e-01  3.018e-01  3.649e-01  4.300e-01  4.950e-01  5.580e-01  6.175e-01  6.722e-01  7.213e-01  7.643e-01  8.012e-01  8.323e-01  8.580e-01  8.789e-01  8.957e-01  9.090e-01  9.195e-01  9.277e-01  9.342e-01  9.392e-01  9.432e-01  9.465e-01  9.491e-01  9.512e-01  9.529e-01  9.543e-01  9.555e-01  9.566e-01  9.577e-01  9.587e-01  9.596e-01  9.603e-01  9.606e-01 	
-6.140e-03 -5.483e-03 -4.159e-03 -2.162e-03  4.898e-04  3.693e-03  7.256e-03  1.095e-02  1.472e-02  1.889e-02  2.437e-02  3.265e-02  4.551e-02  6.460e-02  9.114e-02  1.256e-01  1.680e-01  2.174e-01  2.728e-01  3.326e-01  3.951e-01  4.583e-01  5.206e-01  5.801e-01  6.355e-01  6.858e-01  7.304e-01  7.692e-01  8.022e-01  8.297e-01  8.524e-01  8.707e-01  8.854e-01  8.971e-01  9.064e-01  9.137e-01  9.195e-01  9.241e-01  9.279e-01  9.310e-01  9.336e-01  9.358e-01  9.377e-01  9.394e-01  9.409e-01  9.424e-01  9.437e-01  9.449e-01  9.458e-01  9.462e-01 	
-6.125e-03 -5.375e-03 -3.884e-03 -1.700e-03  1.056e-03  4.156e-03  7.301e-03  1.025e-02  1.300e-02  1.600e-02  2.024e-02  2.710e-02  3.818e-02  5.491e-02  7.838e-02  1.091e-01  1.472e-01  1.923e-01  2.433e-01  2.992e-01  3.583e-01  4.191e-01  4.797e-01  5.385e-01  5.939e-01  6.449e-01  6.908e-01  7.311e-01  7.657e-01  7.951e-01  8.194e-01  8.394e-01  8.556e-01  8.686e-01  8.789e-01  8.872e-01  8.939e-01  8.993e-01  9.037e-01  9.075e-01  9.106e-01  9.134e-01  9.158e-01  9.180e-01  9.201e-01  9.220e-01  9.238e-01  9.253e-01  9.264e-01  9.270e-01 	
-5.958e-03 -5.015e-03 -3.150e-03 -4.549e-04  2.830e-03  6.291e-03  9.431e-03  1.188e-02  1.365e-02  1.532e-02  1.798e-02  2.308e-02  3.209e-02  4.630e-02  6.664e-02  9.365e-02  1.275e-01  1.679e-01  2.144e-01  2.659e-01  3.212e-01  3.788e-01  4.371e-01  4.943e-01  5.491e-01  6.002e-01  6.467e-01  6.881e-01  7.242e-01  7.551e-01  7.811e-01  8.026e-01  8.202e-01  8.346e-01  8.461e-01  8.555e-01  8.631e-01  8.693e-01  8.745e-01  8.788e-01  8.827e-01  8.860e-01  8.891e-01  8.919e-01  8.946e-01  8.970e-01  8.993e-01  9.012e-01  9.026e-01  9.033e-01 	
-5.635e-03 -4.407e-03 -1.968e-03  1.552e-03  5.782e-03  1.007e-02  1.364e-02  1.589e-02  1.677e-02  1.698e-02  1.782e-02  2.085e-02  2.758e-02  3.919e-02  5.647e-02  7.990e-02  1.097e-01  1.457e-01  1.876e-01  2.346e-01  2.859e-01  3.399e-01  3.954e-01  4.506e-01  5.041e-01  5.548e-01  6.014e-01  6.435e-01  6.806e-01  7.128e-01  7.401e-01  7.631e-01  7.820e-01  7.976e-01  8.104e-01  8.207e-01  8.293e-01  8.363e-01  8.422e-01  8.473e-01  8.518e-01  8.558e-01  8.595e-01  8.629e-01  8.662e-01  8.692e-01  8.719e-01  8.743e-01  8.759e-01  8.768e-01 	
-5.217e-03 -3.655e-03 -5.391e-04  3.974e-03  9.385e-03  1.478e-02  1.906e-02  2.134e-02  2.148e-02  2.027e-02  1.924e-02  2.017e-02  2.465e-02  3.382e-02  4.836e-02  6.865e-02  9.487e-02  1.270e-01  1.648e-01  2.078e-01  2.552e-01  3.059e-01  3.584e-01  4.115e-01  4.635e-01  5.133e-01  5.598e-01  6.021e-01  6.399e-01  6.729e-01  7.014e-01  7.254e-01  7.456e-01  7.622e-01  7.760e-01  7.873e-01  7.966e-01  8.044e-01  8.110e-01  8.168e-01  8.218e-01  8.264e-01  8.306e-01  8.347e-01  8.385e-01  8.420e-01  8.452e-01  8.479e-01  8.499e-01  8.509e-01 	
-4.819e-03 -2.958e-03  7.715e-04  6.192e-03  1.270e-02  1.915e-02  2.416e-02  2.658e-02  2.617e-02  2.379e-02  2.120e-02  2.038e-02  2.303e-02  3.028e-02  4.272e-02  6.065e-02  8.421e-02  1.134e-01  1.482e-01  1.881e-01  2.324e-01  2.803e-01  3.305e-01  3.817e-01  4.324e-01  4.813e-01  5.274e-01  5.698e-01  6.079e-01  6.415e-01  6.707e-01  6.956e-01  7.165e-01  7.340e-01  7.485e-01  7.605e-01  7.705e-01  7.788e-01  7.860e-01  7.922e-01  7.977e-01  8.027e-01  8.074e-01  8.119e-01  8.161e-01  8.200e-01  8.236e-01  8.266e-01  8.288e-01  8.299e-01 	
-4.576e-03 -2.535e-03  1.560e-03  7.524e-03  1.469e-02  2.179e-02  2.725e-02  2.979e-02  2.908e-02  2.604e-02  2.255e-02  2.073e-02  2.234e-02  2.852e-02  3.983e-02  5.649e-02  7.862e-02  1.063e-01  1.393e-01  1.775e-01  2.202e-01  2.666e-01  3.155e-01  3.655e-01  4.154e-01  4.638e-01  5.097e-01  5.520e-01  5.903e-01  6.242e-01  6.537e-01  6.789e-01  7.003e-01  7.182e-01  7.331e-01  7.455e-01  7.558e-01  7.645e-01  7.719e-01  7.784e-01  7.842e-01  7.895e-01  7.944e-01  7.991e-01  8.035e-01  8.077e-01  8.115e-01  8.146e-01  8.169e-01  8.181e-01 	
