4360.446262242731
2989.161363972429
2269.1602446653574
1814.1540478840016
1453.8310437210084
1194.833318081838
993.6803068997904
826.850484116641
701.3366307111122
590.4457966267327
494.90288249852046
425.486113568308
359.93709044521495
308.9065824493056
272.1388408130043
238.93875199123946
216.34867384547155
197.7264737819347
180.9736709205426
163.10337361571166
142.61630956178422
120.75877000274407
99.13226247546827
79.84985506833097
63.71276547742968
50.79519703035715
40.215096953553356
31.15768996256956
23.39307707950893
17.109692048458868
12.284255532271207
8.68645272425396
6.06643027797761
4.194999127387858
2.8804409679919574
1.9706661254325795
1.3467768281529304
0.917012240717105
0.623387600287723
0.42406252780295367
0.2894636990983669
0.19864775051868375
0.15642408310509673
0.1011107089791056
0.058365929986212525
0.048546546638352076
0.035112796476887566
0.02552973363676315
0.01862046244039944
0.013534256849613126