 4.164e+02  6.074e+02  7.870e+02  9.399e+02  1.101e+03  1.270e+03  1.484e+03  1.701e+03  1.889e+03  2.094e+03  2.187e+03  2.213e+03  2.166e+03  1.983e+03  1.769e+03  1.477e+03  1.187e+03  9.148e+02  6.759e+02  4.886e+02  3.437e+02  2.392e+02  1.656e+02  1.155e+02  8.188e+01  5.941e+01  4.396e+01  3.257e+01  2.369e+01  1.691e+01  1.192e+01  8.320e+00  5.750e+00  3.942e+00  2.684e+00  1.822e+00  1.237e+00  8.372e-01  5.654e-01  3.822e-01  2.590e-01  1.754e-01  1.328e-01  9.667e-02  4.683e-02  4.310e-02  3.016e-02  2.189e-02  1.589e-02  1.150e-02 	
 3.807e+02  5.513e+02  7.177e+02  8.599e+02  1.011e+03  1.169e+03  1.371e+03  1.580e+03  1.765e+03  1.969e+03  2.071e+03  2.110e+03  2.080e+03  1.917e+03  1.721e+03  1.445e+03  1.167e+03  9.039e+02  6.703e+02  4.860e+02  3.426e+02  2.389e+02  1.656e+02  1.156e+02  8.202e+01  5.954e+01  4.407e+01  3.266e+01  2.376e+01  1.696e+01  1.196e+01  8.344e+00  5.767e+00  3.953e+00  2.692e+00  1.828e+00  1.240e+00  8.395e-01  5.670e-01  3.832e-01  2.598e-01  1.759e-01  1.332e-01  9.693e-02  4.696e-02  4.321e-02  3.024e-02  2.195e-02  1.593e-02  1.153e-02 	
 3.470e+02  4.988e+02  6.526e+02  7.844e+02  9.248e+02  1.074e+03  1.264e+03  1.464e+03  1.644e+03  1.846e+03  1.956e+03  2.008e+03  1.994e+03  1.851e+03  1.673e+03  1.413e+03  1.147e+03  8.924e+02  6.643e+02  4.831e+02  3.414e+02  2.385e+02  1.656e+02  1.157e+02  8.215e+01  5.967e+01  4.418e+01  3.275e+01  2.382e+01  1.701e+01  1.199e+01  8.369e+00  5.784e+00  3.965e+00  2.700e+00  1.833e+00  1.244e+00  8.420e-01  5.686e-01  3.844e-01  2.605e-01  1.764e-01  1.336e-01  9.720e-02  4.709e-02  4.334e-02  3.033e-02  2.201e-02  1.597e-02  1.156e-02 	
 3.153e+02  4.498e+02  5.917e+02  7.135e+02  8.438e+02  9.828e+02  1.162e+03  1.352e+03  1.528e+03  1.728e+03  1.844e+03  1.907e+03  1.908e+03  1.783e+03  1.623e+03  1.379e+03  1.126e+03  8.803e+02  6.579e+02  4.800e+02  3.401e+02  2.381e+02  1.655e+02  1.158e+02  8.227e+01  5.979e+01  4.429e+01  3.284e+01  2.389e+01  1.706e+01  1.203e+01  8.394e+00  5.801e+00  3.976e+00  2.708e+00  1.838e+00  1.248e+00  8.445e-01  5.703e-01  3.855e-01  2.613e-01  1.770e-01  1.340e-01  9.748e-02  4.724e-02  4.346e-02  3.042e-02  2.207e-02  1.602e-02  1.160e-02 	
 2.856e+02  4.044e+02  5.348e+02  6.471e+02  7.677e+02  8.972e+02  1.065e+03  1.246e+03  1.417e+03  1.613e+03  1.734e+03  1.807e+03  1.822e+03  1.716e+03  1.572e+03  1.345e+03  1.104e+03  8.675e+02  6.510e+02  4.767e+02  3.386e+02  2.375e+02  1.654e+02  1.158e+02  8.239e+01  5.992e+01  4.440e+01  3.293e+01  2.396e+01  1.711e+01  1.207e+01  8.420e+00  5.819e+00  3.989e+00  2.716e+00  1.844e+00  1.252e+00  8.471e-01  5.721e-01  3.867e-01  2.621e-01  1.775e-01  1.344e-01  9.777e-02  4.739e-02  4.359e-02  3.051e-02  2.214e-02  1.607e-02  1.163e-02 	
 2.579e+02  3.624e+02  4.819e+02  5.851e+02  6.964e+02  8.167e+02  9.737e+02  1.145e+03  1.310e+03  1.501e+03  1.627e+03  1.708e+03  1.736e+03  1.647e+03  1.520e+03  1.309e+03  1.081e+03  8.540e+02  6.437e+02  4.730e+02  3.370e+02  2.369e+02  1.653e+02  1.159e+02  8.250e+01  6.004e+01  4.451e+01  3.302e+01  2.403e+01  1.716e+01  1.211e+01  8.447e+00  5.838e+00  4.002e+00  2.725e+00  1.850e+00  1.256e+00  8.498e-01  5.739e-01  3.879e-01  2.629e-01  1.780e-01  1.348e-01  9.806e-02  4.754e-02  4.372e-02  3.061e-02  2.221e-02  1.612e-02  1.167e-02 	
 2.322e+02  3.238e+02  4.330e+02  5.275e+02  6.299e+02  7.413e+02  8.875e+02  1.049e+03  1.207e+03  1.394e+03  1.522e+03  1.611e+03  1.651e+03  1.578e+03  1.468e+03  1.273e+03  1.058e+03  8.397e+02  6.359e+02  4.690e+02  3.351e+02  2.362e+02  1.651e+02  1.159e+02  8.260e+01  6.016e+01  4.462e+01  3.311e+01  2.411e+01  1.722e+01  1.214e+01  8.474e+00  5.857e+00  4.015e+00  2.734e+00  1.856e+00  1.260e+00  8.526e-01  5.758e-01  3.892e-01  2.638e-01  1.786e-01  1.353e-01  9.837e-02  4.770e-02  4.386e-02  3.071e-02  2.228e-02  1.617e-02  1.170e-02 	
 2.084e+02  2.884e+02  3.879e+02  4.742e+02  5.681e+02  6.709e+02  8.066e+02  9.585e+02  1.110e+03  1.291e+03  1.421e+03  1.516e+03  1.566e+03  1.509e+03  1.414e+03  1.235e+03  1.033e+03  8.248e+02  6.275e+02  4.648e+02  3.331e+02  2.353e+02  1.648e+02  1.159e+02  8.269e+01  6.027e+01  4.473e+01  3.321e+01  2.418e+01  1.727e+01  1.218e+01  8.503e+00  5.877e+00  4.028e+00  2.743e+00  1.862e+00  1.264e+00  8.555e-01  5.777e-01  3.905e-01  2.647e-01  1.792e-01  1.358e-01  9.869e-02  4.787e-02  4.400e-02  3.081e-02  2.235e-02  1.622e-02  1.174e-02 	
 1.864e+02  2.561e+02  3.464e+02  4.250e+02  5.108e+02  6.053e+02  7.309e+02  8.731e+02  1.017e+03  1.191e+03  1.322e+03  1.422e+03  1.482e+03  1.440e+03  1.360e+03  1.196e+03  1.007e+03  8.091e+02  6.187e+02  4.601e+02  3.309e+02  2.344e+02  1.645e+02  1.159e+02  8.276e+01  6.038e+01  4.484e+01  3.330e+01  2.426e+01  1.733e+01  1.223e+01  8.532e+00  5.897e+00  4.042e+00  2.753e+00  1.869e+00  1.269e+00  8.584e-01  5.798e-01  3.918e-01  2.656e-01  1.798e-01  1.362e-01  9.901e-02  4.804e-02  4.415e-02  3.092e-02  2.243e-02  1.628e-02  1.178e-02 	
 1.662e+02  2.267e+02  3.085e+02  3.797e+02  4.580e+02  5.445e+02  6.603e+02  7.928e+02  9.297e+02  1.097e+03  1.227e+03  1.331e+03  1.399e+03  1.370e+03  1.305e+03  1.157e+03  9.805e+02  7.926e+02  6.092e+02  4.551e+02  3.285e+02  2.333e+02  1.641e+02  1.158e+02  8.282e+01  6.048e+01  4.495e+01  3.340e+01  2.433e+01  1.739e+01  1.227e+01  8.562e+00  5.918e+00  4.057e+00  2.763e+00  1.876e+00  1.273e+00  8.615e-01  5.818e-01  3.932e-01  2.666e-01  1.805e-01  1.367e-01  9.935e-02  4.822e-02  4.430e-02  3.103e-02  2.251e-02  1.634e-02  1.182e-02 	
 1.477e+02  2.001e+02  2.739e+02  3.383e+02  4.093e+02  4.884e+02  5.946e+02  7.177e+02  8.468e+02  1.006e+03  1.135e+03  1.241e+03  1.316e+03  1.301e+03  1.249e+03  1.116e+03  9.529e+02  7.752e+02  5.992e+02  4.497e+02  3.258e+02  2.321e+02  1.636e+02  1.157e+02  8.286e+01  6.057e+01  4.505e+01  3.349e+01  2.441e+01  1.745e+01  1.231e+01  8.593e+00  5.940e+00  4.072e+00  2.773e+00  1.883e+00  1.278e+00  8.647e-01  5.840e-01  3.947e-01  2.676e-01  1.811e-01  1.373e-01  9.970e-02  4.841e-02  4.446e-02  3.114e-02  2.259e-02  1.640e-02  1.187e-02 	
 1.309e+02  1.762e+02  2.425e+02  3.006e+02  3.648e+02  4.367e+02  5.339e+02  6.476e+02  7.689e+02  9.202e+02  1.047e+03  1.155e+03  1.235e+03  1.232e+03  1.193e+03  1.075e+03  9.243e+02  7.571e+02  5.886e+02  4.439e+02  3.229e+02  2.308e+02  1.631e+02  1.155e+02  8.288e+01  6.066e+01  4.515e+01  3.358e+01  2.449e+01  1.751e+01  1.235e+01  8.624e+00  5.962e+00  4.087e+00  2.783e+00  1.890e+00  1.283e+00  8.680e-01  5.862e-01  3.962e-01  2.686e-01  1.818e-01  1.378e-01  1.001e-01  4.860e-02  4.462e-02  3.126e-02  2.268e-02  1.646e-02  1.191e-02 	
 1.157e+02  1.547e+02  2.141e+02  2.663e+02  3.242e+02  3.893e+02  4.778e+02  5.825e+02  6.957e+02  8.387e+02  9.621e+02  1.070e+03  1.156e+03  1.163e+03  1.136e+03  1.032e+03  8.949e+02  7.381e+02  5.773e+02  4.376e+02  3.196e+02  2.293e+02  1.625e+02  1.153e+02  8.288e+01  6.073e+01  4.525e+01  3.368e+01  2.456e+01  1.757e+01  1.240e+01  8.656e+00  5.984e+00  4.103e+00  2.794e+00  1.897e+00  1.288e+00  8.713e-01  5.885e-01  3.977e-01  2.696e-01  1.825e-01  1.384e-01  1.004e-01  4.880e-02  4.479e-02  3.138e-02  2.276e-02  1.652e-02  1.196e-02 	
 1.019e+02  1.355e+02  1.886e+02  2.352e+02  2.872e+02  3.459e+02  4.262e+02  5.221e+02  6.274e+02  7.618e+02  8.812e+02  9.888e+02  1.078e+03  1.095e+03  1.079e+03  9.892e+02  8.644e+02  7.183e+02  5.654e+02  4.309e+02  3.161e+02  2.276e+02  1.617e+02  1.151e+02  8.285e+01  6.079e+01  4.534e+01  3.377e+01  2.464e+01  1.763e+01  1.245e+01  8.689e+00  6.007e+00  4.119e+00  2.805e+00  1.905e+00  1.293e+00  8.748e-01  5.908e-01  3.993e-01  2.707e-01  1.833e-01  1.389e-01  1.008e-01  4.901e-02  4.496e-02  3.151e-02  2.286e-02  1.659e-02  1.200e-02 	
 8.942e+01  1.184e+02  1.656e+02  2.072e+02  2.537e+02  3.065e+02  3.790e+02  4.664e+02  5.637e+02  6.894e+02  8.041e+02  9.103e+02  1.002e+03  1.027e+03  1.022e+03  9.454e+02  8.331e+02  6.976e+02  5.528e+02  4.237e+02  3.123e+02  2.257e+02  1.609e+02  1.148e+02  8.279e+01  6.084e+01  4.542e+01  3.386e+01  2.472e+01  1.769e+01  1.249e+01  8.723e+00  6.031e+00  4.135e+00  2.817e+00  1.912e+00  1.298e+00  8.784e-01  5.932e-01  4.010e-01  2.718e-01  1.840e-01  1.395e-01  1.012e-01  4.922e-02  4.514e-02  3.164e-02  2.295e-02  1.666e-02  1.205e-02 	
 7.827e+01  1.032e+02  1.451e+02  1.820e+02  2.234e+02  2.707e+02  3.358e+02  4.151e+02  5.046e+02  6.214e+02  7.310e+02  8.348e+02  9.278e+02  9.604e+02  9.650e+02  9.010e+02  8.009e+02  6.760e+02  5.394e+02  4.160e+02  3.082e+02  2.236e+02  1.599e+02  1.144e+02  8.269e+01  6.087e+01  4.550e+01  3.394e+01  2.480e+01  1.775e+01  1.254e+01  8.757e+00  6.055e+00  4.152e+00  2.828e+00  1.920e+00  1.303e+00  8.821e-01  5.957e-01  4.026e-01  2.730e-01  1.848e-01  1.401e-01  1.016e-01  4.945e-02  4.533e-02  3.177e-02  2.305e-02  1.673e-02  1.210e-02 	
 6.830e+01  8.979e+01  1.268e+02  1.594e+02  1.962e+02  2.383e+02  2.966e+02  3.682e+02  4.500e+02  5.580e+02  6.618e+02  7.625e+02  8.558e+02  8.947e+02  9.080e+02  8.561e+02  7.679e+02  6.536e+02  5.254e+02  4.077e+02  3.037e+02  2.213e+02  1.589e+02  1.139e+02  8.256e+01  6.088e+01  4.556e+01  3.402e+01  2.487e+01  1.781e+01  1.259e+01  8.792e+00  6.080e+00  4.169e+00  2.840e+00  1.928e+00  1.309e+00  8.859e-01  5.983e-01  4.044e-01  2.742e-01  1.856e-01  1.408e-01  1.020e-01  4.968e-02  4.552e-02  3.191e-02  2.315e-02  1.680e-02  1.216e-02 	
 5.941e+01  7.794e+01  1.105e+02  1.392e+02  1.717e+02  2.090e+02  2.610e+02  3.253e+02  3.997e+02  4.989e+02  5.966e+02  6.935e+02  7.861e+02  8.302e+02  8.512e+02  8.107e+02  7.341e+02  6.303e+02  5.106e+02  3.989e+02  2.988e+02  2.187e+02  1.576e+02  1.134e+02  8.238e+01  6.086e+01  4.562e+01  3.410e+01  2.495e+01  1.787e+01  1.263e+01  8.827e+00  6.105e+00  4.187e+00  2.852e+00  1.937e+00  1.315e+00  8.898e-01  6.009e-01  4.062e-01  2.754e-01  1.864e-01  1.414e-01  1.024e-01  4.992e-02  4.571e-02  3.206e-02  2.325e-02  1.687e-02  1.221e-02 	
 5.153e+01  6.751e+01  9.601e+01  1.213e+02  1.498e+02  1.828e+02  2.288e+02  2.863e+02  3.535e+02  4.441e+02  5.354e+02  6.279e+02  7.189e+02  7.671e+02  7.949e+02  7.650e+02  6.995e+02  6.061e+02  4.950e+02  3.895e+02  2.935e+02  2.159e+02  1.562e+02  1.128e+02  8.215e+01  6.082e+01  4.566e+01  3.417e+01  2.502e+01  1.794e+01  1.268e+01  8.862e+00  6.131e+00  4.205e+00  2.865e+00  1.945e+00  1.321e+00  8.937e-01  6.036e-01  4.080e-01  2.766e-01  1.872e-01  1.421e-01  1.029e-01  5.017e-02  4.591e-02  3.221e-02  2.336e-02  1.695e-02  1.227e-02 	
 4.454e+01  5.834e+01  8.321e+01  1.053e+02  1.303e+02  1.593e+02  1.999e+02  2.509e+02  3.113e+02  3.935e+02  4.782e+02  5.657e+02  6.544e+02  7.057e+02  7.392e+02  7.191e+02  6.643e+02  5.811e+02  4.787e+02  3.795e+02  2.877e+02  2.128e+02  1.547e+02  1.121e+02  8.187e+01  6.075e+01  4.568e+01  3.423e+01  2.508e+01  1.799e+01  1.273e+01  8.898e+00  6.156e+00  4.223e+00  2.877e+00  1.954e+00  1.326e+00  8.978e-01  6.064e-01  4.099e-01  2.779e-01  1.881e-01  1.428e-01  1.033e-01  5.042e-02  4.612e-02  3.236e-02  2.347e-02  1.703e-02  1.233e-02 	
 3.838e+01  5.030e+01  7.191e+01  9.111e+01  1.129e+02  1.382e+02  1.739e+02  2.190e+02  2.729e+02  3.470e+02  4.249e+02  5.072e+02  5.926e+02  6.460e+02  6.842e+02  6.732e+02  6.285e+02  5.553e+02  4.616e+02  3.688e+02  2.815e+02  2.094e+02  1.529e+02  1.112e+02  8.152e+01  6.064e+01  4.569e+01  3.428e+01  2.515e+01  1.805e+01  1.277e+01  8.933e+00  6.182e+00  4.241e+00  2.890e+00  1.963e+00  1.332e+00  9.019e-01  6.092e-01  4.118e-01  2.792e-01  1.890e-01  1.435e-01  1.038e-01  5.068e-02  4.633e-02  3.252e-02  2.358e-02  1.712e-02  1.239e-02 	
 3.295e+01  4.326e+01  6.195e+01  7.857e+01  9.749e+01  1.195e+02  1.506e+02  1.902e+02  2.381e+02  3.045e+02  3.756e+02  4.522e+02  5.338e+02  5.883e+02  6.303e+02  6.274e+02  5.922e+02  5.288e+02  4.437e+02  3.575e+02  2.749e+02  2.057e+02  1.510e+02  1.103e+02  8.110e+01  6.049e+01  4.567e+01  3.431e+01  2.520e+01  1.811e+01  1.282e+01  8.968e+00  6.208e+00  4.260e+00  2.903e+00  1.972e+00  1.339e+00  9.061e-01  6.120e-01  4.137e-01  2.805e-01  1.899e-01  1.442e-01  1.043e-01  5.095e-02  4.654e-02  3.268e-02  2.370e-02  1.720e-02  1.245e-02 	
 2.819e+01  3.709e+01  5.318e+01  6.751e+01  8.384e+01  1.029e+02  1.299e+02  1.645e+02  2.066e+02  2.657e+02  3.301e+02  4.009e+02  4.781e+02  5.328e+02  5.775e+02  5.818e+02  5.556e+02  5.015e+02  4.250e+02  3.455e+02  2.677e+02  2.016e+02  1.488e+02  1.092e+02  8.060e+01  6.030e+01  4.562e+01  3.434e+01  2.525e+01  1.816e+01  1.286e+01  9.002e+00  6.233e+00  4.278e+00  2.916e+00  1.981e+00  1.345e+00  9.103e-01  6.149e-01  4.157e-01  2.818e-01  1.908e-01  1.450e-01  1.047e-01  5.123e-02  4.676e-02  3.284e-02  2.382e-02  1.729e-02  1.251e-02 	
 2.402e+01  3.170e+01  4.548e+01  5.777e+01  7.180e+01  8.822e+01  1.115e+02  1.415e+02  1.784e+02  2.305e+02  2.884e+02  3.532e+02  4.255e+02  4.796e+02  5.261e+02  5.367e+02  5.187e+02  4.736e+02  4.056e+02  3.328e+02  2.600e+02  1.972e+02  1.464e+02  1.080e+02  8.000e+01  6.005e+01  4.554e+01  3.434e+01  2.529e+01  1.820e+01  1.291e+01  9.035e+00  6.258e+00  4.296e+00  2.928e+00  1.989e+00  1.351e+00  9.145e-01  6.178e-01  4.176e-01  2.832e-01  1.917e-01  1.457e-01  1.052e-01  5.151e-02  4.698e-02  3.301e-02  2.394e-02  1.738e-02  1.257e-02 	
 2.037e+01  2.699e+01  3.874e+01  4.922e+01  6.119e+01  7.524e+01  9.523e+01  1.211e+02  1.531e+02  1.987e+02  2.504e+02  3.091e+02  3.762e+02  4.289e+02  4.763e+02  4.922e+02  4.816e+02  4.452e+02  3.855e+02  3.195e+02  2.517e+02  1.924e+02  1.437e+02  1.065e+02  7.931e+01  5.973e+01  4.543e+01  3.433e+01  2.531e+01  1.824e+01  1.294e+01  9.067e+00  6.282e+00  4.313e+00  2.941e+00  1.998e+00  1.357e+00  9.187e-01  6.207e-01  4.196e-01  2.845e-01  1.926e-01  1.465e-01  1.057e-01  5.180e-02  4.721e-02  3.318e-02  2.406e-02  1.746e-02  1.264e-02 	
 1.720e+01  2.288e+01  3.283e+01  4.173e+01  5.189e+01  6.384e+01  8.087e+01  1.030e+02  1.306e+02  1.702e+02  2.158e+02  2.686e+02  3.302e+02  3.809e+02  4.283e+02  4.485e+02  4.447e+02  4.162e+02  3.647e+02  3.054e+02  2.428e+02  1.871e+02  1.407e+02  1.049e+02  7.849e+01  5.935e+01  4.527e+01  3.429e+01  2.533e+01  1.827e+01  1.298e+01  9.095e+00  6.305e+00  4.330e+00  2.953e+00  2.007e+00  1.363e+00  9.228e-01  6.235e-01  4.215e-01  2.859e-01  1.936e-01  1.472e-01  1.061e-01  5.208e-02  4.743e-02  3.335e-02  2.418e-02  1.756e-02  1.271e-02 	
 1.445e+01  1.930e+01  2.768e+01  3.518e+01  4.376e+01  5.385e+01  6.826e+01  8.703e+01  1.106e+02  1.448e+02  1.847e+02  2.316e+02  2.877e+02  3.356e+02  3.823e+02  4.059e+02  4.079e+02  3.869e+02  3.432e+02  2.906e+02  2.334e+02  1.814e+02  1.374e+02  1.031e+02  7.754e+01  5.888e+01  4.506e+01  3.421e+01  2.532e+01  1.829e+01  1.300e+01  9.121e+00  6.326e+00  4.346e+00  2.964e+00  2.015e+00  1.369e+00  9.268e-01  6.263e-01  4.234e-01  2.872e-01  1.945e-01  1.480e-01  1.066e-01  5.237e-02  4.765e-02  3.352e-02  2.431e-02  1.765e-02  1.277e-02 	
 1.207e+01  1.620e+01  2.321e+01  2.949e+01  3.667e+01  4.513e+01  5.724e+01  7.306e+01  9.308e+01  1.223e+02  1.568e+02  1.981e+02  2.485e+02  2.933e+02  3.385e+02  3.645e+02  3.715e+02  3.573e+02  3.211e+02  2.752e+02  2.234e+02  1.752e+02  1.338e+02  1.011e+02  7.645e+01  5.832e+01  4.480e+01  3.411e+01  2.530e+01  1.830e+01  1.303e+01  9.143e+00  6.344e+00  4.360e+00  2.975e+00  2.022e+00  1.374e+00  9.306e-01  6.289e-01  4.253e-01  2.884e-01  1.953e-01  1.487e-01  1.070e-01  5.266e-02  4.786e-02  3.369e-02  2.443e-02  1.774e-02  1.284e-02 	
 1.002e+01  1.350e+01  1.933e+01  2.455e+01  3.052e+01  3.756e+01  4.765e+01  6.088e+01  7.770e+01  1.024e+02  1.320e+02  1.679e+02  2.127e+02  2.540e+02  2.970e+02  3.245e+02  3.357e+02  3.276e+02  2.985e+02  2.591e+02  2.127e+02  1.685e+02  1.298e+02  9.881e+01  7.519e+01  5.765e+01  4.446e+01  3.395e+01  2.524e+01  1.830e+01  1.304e+01  9.159e+00  6.359e+00  4.372e+00  2.984e+00  2.029e+00  1.379e+00  9.340e-01  6.313e-01  4.270e-01  2.896e-01  1.961e-01  1.494e-01  1.074e-01  5.294e-02  4.806e-02  3.385e-02  2.455e-02  1.782e-02  1.290e-02 	
 8.263e+00  1.118e+01  1.598e+01  2.028e+01  2.521e+01  3.102e+01  3.936e+01  5.031e+01  6.432e+01  8.499e+01  1.101e+02  1.410e+02  1.802e+02  2.178e+02  2.581e+02  2.863e+02  3.007e+02  2.980e+02  2.755e+02  2.424e+02  2.014e+02  1.612e+02  1.254e+02  9.625e+01  7.375e+01  5.687e+01  4.405e+01  3.375e+01  2.516e+01  1.827e+01  1.304e+01  9.168e+00  6.370e+00  4.382e+00  2.992e+00  2.035e+00  1.383e+00  9.371e-01  6.335e-01  4.285e-01  2.907e-01  1.969e-01  1.500e-01  1.078e-01  5.321e-02  4.825e-02  3.401e-02  2.466e-02  1.791e-02  1.297e-02 	
 6.765e+00  9.188e+00  1.310e+01  1.662e+01  2.065e+01  2.540e+01  3.223e+01  4.121e+01  5.275e+01  6.987e+01  9.091e+01  1.172e+02  1.511e+02  1.847e+02  2.219e+02  2.499e+02  2.667e+02  2.686e+02  2.522e+02  2.251e+02  1.895e+02  1.535e+02  1.206e+02  9.339e+01  7.210e+01  5.594e+01  4.354e+01  3.349e+01  2.504e+01  1.822e+01  1.302e+01  9.168e+00  6.375e+00  4.388e+00  2.997e+00  2.039e+00  1.386e+00  9.396e-01  6.353e-01  4.298e-01  2.916e-01  1.975e-01  1.506e-01  1.081e-01  5.346e-02  4.842e-02  3.415e-02  2.476e-02  1.799e-02  1.302e-02 	
 5.497e+00  7.487e+00  1.065e+01  1.350e+01  1.676e+01  2.060e+01  2.614e+01  3.343e+01  4.283e+01  5.685e+01  7.425e+01  9.626e+01  1.252e+02  1.548e+02  1.885e+02  2.157e+02  2.340e+02  2.397e+02  2.288e+02  2.074e+02  1.770e+02  1.452e+02  1.154e+02  9.020e+01  7.022e+01  5.485e+01  4.293e+01  3.316e+01  2.487e+01  1.814e+01  1.299e+01  9.157e+00  6.373e+00  4.390e+00  3.000e+00  2.042e+00  1.389e+00  9.412e-01  6.365e-01  4.307e-01  2.923e-01  1.981e-01  1.511e-01  1.084e-01  5.368e-02  4.855e-02  3.427e-02  2.485e-02  1.806e-02  1.308e-02 	
 4.431e+00  6.046e+00  8.575e+00  1.086e+01  1.346e+01  1.654e+01  2.097e+01  2.683e+01  3.439e+01  4.572e+01  5.993e+01  7.810e+01  1.024e+02  1.280e+02  1.580e+02  1.837e+02  2.028e+02  2.114e+02  2.054e+02  1.892e+02  1.640e+02  1.364e+02  1.097e+02  8.667e+01  6.809e+01  5.359e+01  4.219e+01  3.274e+01  2.464e+01  1.803e+01  1.294e+01  9.132e+00  6.362e+00  4.385e+00  2.999e+00  2.042e+00  1.389e+00  9.419e-01  6.371e-01  4.312e-01  2.927e-01  1.984e-01  1.515e-01  1.085e-01  5.386e-02  4.864e-02  3.437e-02  2.493e-02  1.811e-02  1.312e-02 	
 3.544e+00  4.837e+00  6.831e+00  8.633e+00  1.069e+01  1.313e+01  1.663e+01  2.127e+01  2.728e+01  3.631e+01  4.773e+01  6.251e+01  8.261e+01  1.043e+02  1.305e+02  1.543e+02  1.733e+02  1.841e+02  1.822e+02  1.708e+02  1.505e+02  1.270e+02  1.035e+02  8.276e+01  6.567e+01  5.212e+01  4.130e+01  3.222e+01  2.435e+01  1.787e+01  1.285e+01  9.088e+00  6.339e+00  4.374e+00  2.993e+00  2.039e+00  1.388e+00  9.411e-01  6.368e-01  4.311e-01  2.927e-01  1.984e-01  1.516e-01  1.085e-01  5.399e-02  4.868e-02  3.443e-02  2.497e-02  1.815e-02  1.315e-02 	
 2.815e+00  3.832e+00  5.380e+00  6.783e+00  8.386e+00  1.028e+01  1.302e+01  1.664e+01  2.134e+01  2.844e+01  3.747e+01  4.928e+01  6.558e+01  8.367e+01  1.061e+02  1.274e+02  1.458e+02  1.579e+02  1.594e+02  1.523e+02  1.366e+02  1.171e+02  9.686e+01  7.845e+01  6.295e+01  5.042e+01  4.025e+01  3.158e+01  2.398e+01  1.767e+01  1.273e+01  9.022e+00  6.302e+00  4.352e+00  2.980e+00  2.031e+00  1.383e+00  9.385e-01  6.353e-01  4.302e-01  2.922e-01  1.982e-01  1.516e-01  1.083e-01  5.403e-02  4.864e-02  3.444e-02  2.498e-02  1.817e-02  1.317e-02 	
 2.225e+00  3.008e+00  4.187e+00  5.260e+00  6.489e+00  7.945e+00  1.005e+01  1.283e+01  1.645e+01  2.192e+01  2.894e+01  3.820e+01  5.116e+01  6.590e+01  8.461e+01  1.033e+02  1.205e+02  1.332e+02  1.372e+02  1.338e+02  1.223e+02  1.068e+02  8.973e+01  7.373e+01  5.989e+01  4.847e+01  3.901e+01  3.081e+01  2.352e+01  1.739e+01  1.257e+01  8.927e+00  6.245e+00  4.318e+00  2.959e+00  2.019e+00  1.375e+00  9.336e-01  6.322e-01  4.283e-01  2.910e-01  1.974e-01  1.512e-01  1.079e-01  5.397e-02  4.849e-02  3.438e-02  2.495e-02  1.815e-02  1.316e-02 	
 1.757e+00  2.343e+00  3.220e+00  4.024e+00  4.946e+00  6.042e+00  7.626e+00  9.724e+00  1.246e+01  1.661e+01  2.195e+01  2.906e+01  3.913e+01  5.085e+01  6.610e+01  8.206e+01  9.750e+01  1.101e+02  1.160e+02  1.156e+02  1.079e+02  9.604e+01  8.215e+01  6.857e+01  5.648e+01  4.623e+01  3.755e+01  2.987e+01  2.293e+01  1.704e+01  1.236e+01  8.796e+00  6.164e+00  4.268e+00  2.928e+00  1.999e+00  1.363e+00  9.256e-01  6.271e-01  4.251e-01  2.889e-01  1.961e-01  1.503e-01  1.071e-01  5.377e-02  4.821e-02  3.423e-02  2.484e-02  1.808e-02  1.312e-02 	
 1.397e+00  1.819e+00  2.450e+00  3.035e+00  3.711e+00  4.517e+00  5.686e+00  7.235e+00  9.259e+00  1.233e+01  1.631e+01  2.164e+01  2.928e+01  3.835e+01  5.043e+01  6.361e+01  7.706e+01  8.896e+01  9.598e+01  9.790e+01  9.351e+01  8.500e+01  7.414e+01  6.299e+01  5.268e+01  4.367e+01  3.584e+01  2.874e+01  2.221e+01  1.659e+01  1.208e+01  8.620e+00  6.054e+00  4.198e+00  2.883e+00  1.970e+00  1.344e+00  9.136e-01  6.194e-01  4.200e-01  2.856e-01  1.940e-01  1.489e-01  1.059e-01  5.337e-02  4.775e-02  3.395e-02  2.465e-02  1.795e-02  1.303e-02 	
 1.132e+00  1.419e+00  1.852e+00  2.261e+00  2.740e+00  3.316e+00  4.157e+00  5.273e+00  6.734e+00  8.957e+00  1.184e+01  1.574e+01  2.137e+01  2.818e+01  3.746e+01  4.797e+01  5.925e+01  6.998e+01  7.740e+01  8.097e+01  7.929e+01  7.378e+01  6.577e+01  5.699e+01  4.848e+01  4.077e+01  3.385e+01  2.740e+01  2.133e+01  1.602e+01  1.172e+01  8.388e+00  5.905e+00  4.102e+00  2.821e+00  1.930e+00  1.318e+00  8.964e-01  6.082e-01  4.127e-01  2.808e-01  1.909e-01  1.467e-01  1.042e-01  5.272e-02  4.704e-02  3.351e-02  2.435e-02  1.774e-02  1.289e-02 	
 9.550e-01  1.128e+00  1.401e+00  1.671e+00  1.995e+00  2.391e+00  2.976e+00  3.756e+00  4.780e+00  6.342e+00  8.375e+00  1.113e+01  1.515e+01  2.010e+01  2.697e+01  3.505e+01  4.412e+01  5.333e+01  6.055e+01  6.509e+01  6.549e+01  6.254e+01  5.712e+01  5.060e+01  4.388e+01  3.750e+01  3.154e+01  2.579e+01  2.025e+01  1.531e+01  1.125e+01  8.086e+00  5.708e+00  3.973e+00  2.737e+00  1.875e+00  1.282e+00  8.726e-01  5.925e-01  4.024e-01  2.740e-01  1.864e-01  1.434e-01  1.018e-01  5.173e-02  4.602e-02  3.286e-02  2.389e-02  1.742e-02  1.266e-02 	
 8.591e-01  9.368e-01  1.080e+00  1.238e+00  1.441e+00  1.699e+00  2.088e+00  2.613e+00  3.305e+00  4.364e+00  5.747e+00  7.633e+00  1.040e+01  1.386e+01  1.874e+01  2.467e+01  3.163e+01  3.915e+01  4.568e+01  5.055e+01  5.240e+01  5.149e+01  4.833e+01  4.389e+01  3.889e+01  3.385e+01  2.889e+01  2.391e+01  1.895e+01  1.443e+01  1.067e+01  7.699e+00  5.452e+00  3.804e+00  2.626e+00  1.801e+00  1.233e+00  8.403e-01  5.712e-01  3.883e-01  2.646e-01  1.803e-01  1.389e-01  9.836e-02  5.028e-02  4.459e-02  3.192e-02  2.322e-02  1.695e-02  1.234e-02 	
 8.437e-01  8.377e-01  8.736e-01  9.418e-01  1.050e+00  1.201e+00  1.444e+00  1.778e+00  2.224e+00  2.912e+00  3.814e+00  5.049e+00  6.872e+00  9.178e+00  1.249e+01  1.663e+01  2.169e+01  2.747e+01  3.297e+01  3.764e+01  4.029e+01  4.088e+01  3.956e+01  3.695e+01  3.356e+01  2.981e+01  2.587e+01  2.170e+01  1.739e+01  1.336e+01  9.939e+00  7.208e+00  5.123e+00  3.585e+00  2.480e+00  1.704e+00  1.168e+00  7.973e-01  5.426e-01  3.692e-01  2.519e-01  1.719e-01  1.327e-01  9.376e-02  4.824e-02  4.263e-02  3.060e-02  2.229e-02  1.629e-02  1.187e-02 	
 9.147e-01  8.301e-01  7.715e-01  7.644e-01  7.978e-01  8.670e-01  1.001e+00  1.195e+00  1.463e+00  1.884e+00  2.440e+00  3.208e+00  4.348e+00  5.805e+00  7.925e+00  1.065e+01  1.410e+01  1.826e+01  2.255e+01  2.659e+01  2.948e+01  3.099e+01  3.105e+01  2.994e+01  2.797e+01  2.543e+01  2.250e+01  1.916e+01  1.554e+01  1.206e+01  9.040e+00  6.594e+00  4.707e+00  3.304e+00  2.292e+00  1.578e+00  1.084e+00  7.409e-01  5.050e-01  3.441e-01  2.351e-01  1.606e-01  1.243e-01  8.764e-02  4.544e-02  3.998e-02  2.880e-02  2.101e-02  1.538e-02  1.122e-02 	
 1.089e+00  9.218e-01  7.718e-01  6.964e-01  6.664e-01  6.708e-01  7.233e-01  8.169e-01  9.586e-01  1.194e+00  1.511e+00  1.955e+00  2.620e+00  3.480e+00  4.748e+00  6.415e+00  8.598e+00  1.135e+01  1.441e+01  1.757e+01  2.024e+01  2.213e+01  2.305e+01  2.305e+01  2.224e+01  2.078e+01  1.878e+01  1.628e+01  1.340e+01  1.052e+01  7.953e+00  5.839e+00  4.189e+00  2.953e+00  2.054e+00  1.418e+00  9.760e-01  6.685e-01  4.564e-01  3.115e-01  2.131e-01  1.460e-01  1.132e-01  7.965e-02  4.168e-02  3.649e-02  2.639e-02  1.928e-02  1.414e-02  1.034e-02 	
 1.401e+00  1.135e+00  8.841e-01  7.377e-01  6.479e-01  5.965e-01  5.858e-01  6.055e-01  6.584e-01  7.675e-01  9.237e-01  1.153e+00  1.506e+00  1.969e+00  2.662e+00  3.593e+00  4.848e+00  6.500e+00  8.459e+00  1.066e+01  1.278e+01  1.460e+01  1.589e+01  1.657e+01  1.659e+01  1.599e+01  1.482e+01  1.311e+01  1.097e+01  8.726e+00  6.667e+00  4.934e+00  3.561e+00  2.521e+00  1.761e+00  1.219e+00  8.413e-01  5.776e-01  3.952e-01  2.703e-01  1.853e-01  1.273e-01  9.891e-02  6.944e-02  3.676e-02  3.198e-02  2.325e-02  1.702e-02  1.252e-02  9.176e-03 	
 1.919e+00  1.518e+00  1.138e+00  9.049e-01  7.485e-01  6.408e-01  5.749e-01  5.363e-01  5.241e-01  5.474e-01  5.982e-01  6.905e-01  8.471e-01  1.062e+00  1.395e+00  1.853e+00  2.490e+00  3.361e+00  4.456e+00  5.788e+00  7.222e+00  8.645e+00  9.891e+00  1.082e+01  1.131e+01  1.130e+01  1.078e+01  9.763e+00  8.331e+00  6.731e+00  5.205e+00  3.888e+00  2.826e+00  2.012e+00  1.411e+00  9.812e-01  6.791e-01  4.676e-01  3.208e-01  2.200e-01  1.512e-01  1.043e-01  8.118e-02  5.685e-02  3.053e-02  2.635e-02  1.928e-02  1.416e-02  1.044e-02  7.680e-03 	
 2.777e+00  2.167e+00  1.599e+00  1.245e+00  9.991e-01  8.216e-01  6.966e-01  6.026e-01  5.357e-01  4.963e-01  4.754e-01  4.804e-01  5.189e-01  5.874e-01  7.113e-01  8.941e-01  1.161e+00  1.544e+00  2.054e+00  2.720e+00  3.516e+00  4.412e+00  5.327e+00  6.149e+00  6.750e+00  7.030e+00  6.940e+00  6.459e+00  5.638e+00  4.640e+00  3.641e+00  2.750e+00  2.016e+00  1.445e+00  1.019e+00  7.117e-01  4.945e-01  3.417e-01  2.353e-01  1.618e-01  1.115e-01  7.734e-02  6.033e-02  4.214e-02  2.307e-02  1.970e-02  1.452e-02  1.071e-02  7.932e-03  5.857e-03 	
 4.237e+00  3.278e+00  2.411e+00  1.861e+00  1.477e+00  1.196e+00  9.907e-01  8.282e-01  7.015e-01  6.044e-01  5.249e-01  4.677e-01  4.322e-01  4.146e-01  4.246e-01  4.609e-01  5.330e-01  6.527e-01  8.287e-01  1.080e+00  1.414e+00  1.838e+00  2.332e+00  2.846e+00  3.294e+00  3.594e+00  3.687e+00  3.542e+00  3.176e+00  2.671e+00  2.132e+00  1.632e+00  1.209e+00  8.736e-01  6.203e-01  4.357e-01  3.042e-01  2.112e-01  1.460e-01  1.008e-01  6.978e-02  4.873e-02  3.802e-02  2.649e-02  1.489e-02  1.253e-02  9.323e-03  6.915e-03  5.150e-03  3.824e-03 	
 6.811e+00  5.236e+00  3.855e+00  2.971e+00  2.351e+00  1.895e+00  1.558e+00  1.290e+00  1.076e+00  9.045e-01  7.572e-01  6.384e-01  5.422e-01  4.634e-01  4.058e-01  3.642e-01  3.412e-01  3.387e-01  3.584e-01  4.069e-01  4.898e-01  6.155e-01  7.860e-01  9.891e-01  1.194e+00  1.359e+00  1.448e+00  1.438e+00  1.327e+00  1.143e+00  9.305e-01  7.233e-01  5.424e-01  3.958e-01  2.833e-01  2.004e-01  1.407e-01  9.823e-02  6.827e-02  4.739e-02  3.299e-02  2.327e-02  1.807e-02  1.258e-02  7.350e-03  6.046e-03  4.548e-03  3.402e-03  2.552e-03  1.909e-03 	
 1.098e+01  8.412e+00  6.222e+00  4.799e+00  3.796e+00  3.058e+00  2.510e+00  2.073e+00  1.724e+00  1.442e+00  1.198e+00  9.974e-01  8.301e-01  6.878e-01  5.726e-01  4.760e-01  3.982e-01  3.371e-01  2.907e-01  2.598e-01  2.440e-01  2.449e-01  2.631e-01  2.964e-01  3.380e-01  3.769e-01  4.015e-01  4.023e-01  3.764e-01  3.294e-01  2.719e-01  2.140e-01  1.621e-01  1.193e-01  8.605e-02  6.124e-02  4.324e-02  3.034e-02  2.119e-02  1.480e-02  1.038e-02  7.397e-03  5.643e-03  3.938e-03  2.444e-03  1.940e-03  1.470e-03  1.110e-03  8.397e-04  6.323e-04 	
