-2.129e-02 -2.134e-02 -1.997e-02 -1.510e-02 -5.146e-03  1.031e-02  3.066e-02  5.496e-02  8.261e-02  1.137e-01  1.486e-01  1.878e-01  2.315e-01  2.792e-01  3.300e-01  3.825e-01  4.354e-01  4.871e-01  5.363e-01  5.820e-01  6.236e-01  6.607e-01  6.934e-01  7.217e-01  7.460e-01  7.666e-01  7.839e-01  7.982e-01  8.098e-01  8.191e-01  8.264e-01  8.321e-01  8.365e-01  8.400e-01  8.428e-01  8.452e-01  8.471e-01  8.485e-01  8.493e-01  8.497e-01  8.497e-01  8.496e-01  8.495e-01  8.494e-01  8.494e-01  8.495e-01  8.496e-01  8.498e-01  8.500e-01  8.502e-01 	
-1.944e-02 -1.944e-02 -1.804e-02 -1.324e-02 -3.523e-03  1.153e-02  3.138e-02  5.516e-02  8.234e-02  1.130e-01  1.476e-01  1.866e-01  2.300e-01  2.776e-01  3.282e-01  3.807e-01  4.335e-01  4.852e-01  5.344e-01  5.802e-01  6.219e-01  6.591e-01  6.919e-01  7.203e-01  7.447e-01  7.655e-01  7.829e-01  7.973e-01  8.090e-01  8.184e-01  8.257e-01  8.314e-01  8.359e-01  8.394e-01  8.423e-01  8.447e-01  8.466e-01  8.480e-01  8.488e-01  8.492e-01  8.492e-01  8.491e-01  8.490e-01  8.489e-01  8.489e-01  8.489e-01  8.491e-01  8.493e-01  8.495e-01  8.497e-01 	
-1.614e-02 -1.605e-02 -1.459e-02 -9.927e-03 -6.476e-04  1.368e-02  3.262e-02  5.546e-02  8.178e-02  1.117e-01  1.457e-01  1.842e-01  2.273e-01  2.745e-01  3.249e-01  3.771e-01  4.299e-01  4.815e-01  5.308e-01  5.767e-01  6.186e-01  6.561e-01  6.891e-01  7.177e-01  7.424e-01  7.633e-01  7.810e-01  7.955e-01  8.074e-01  8.169e-01  8.244e-01  8.302e-01  8.347e-01  8.383e-01  8.412e-01  8.437e-01  8.456e-01  8.470e-01  8.479e-01  8.483e-01  8.483e-01  8.482e-01  8.480e-01  8.479e-01  8.479e-01  8.480e-01  8.481e-01  8.483e-01  8.486e-01  8.487e-01 	
-1.205e-02 -1.185e-02 -1.032e-02 -5.832e-03  2.885e-03  1.628e-02  3.406e-02  5.569e-02  8.090e-02  1.099e-01  1.431e-01  1.809e-01  2.234e-01  2.702e-01  3.202e-01  3.722e-01  4.248e-01  4.764e-01  5.258e-01  5.719e-01  6.140e-01  6.518e-01  6.851e-01  7.141e-01  7.391e-01  7.604e-01  7.782e-01  7.931e-01  8.052e-01  8.149e-01  8.225e-01  8.284e-01  8.331e-01  8.367e-01  8.398e-01  8.423e-01  8.443e-01  8.457e-01  8.466e-01  8.470e-01  8.470e-01  8.469e-01  8.467e-01  8.466e-01  8.465e-01  8.466e-01  8.467e-01  8.470e-01  8.472e-01  8.473e-01 	
-7.827e-03 -7.516e-03 -5.924e-03 -1.644e-03  6.462e-03  1.885e-02  3.537e-02  5.569e-02  7.968e-02  1.076e-01  1.399e-01  1.770e-01  2.188e-01  2.650e-01  3.146e-01  3.663e-01  4.186e-01  4.702e-01  5.197e-01  5.660e-01  6.084e-01  6.465e-01  6.802e-01  7.096e-01  7.350e-01  7.567e-01  7.749e-01  7.901e-01  8.024e-01  8.124e-01  8.202e-01  8.263e-01  8.310e-01  8.348e-01  8.379e-01  8.405e-01  8.426e-01  8.441e-01  8.450e-01  8.454e-01  8.454e-01  8.452e-01  8.450e-01  8.449e-01  8.448e-01  8.449e-01  8.450e-01  8.452e-01  8.455e-01  8.456e-01 	
-3.992e-03 -3.585e-03 -1.950e-03  2.117e-03  9.623e-03  2.103e-02  3.633e-02  5.536e-02  7.813e-02  1.050e-01  1.363e-01  1.726e-01  2.137e-01  2.592e-01  3.083e-01  3.596e-01  4.117e-01  4.633e-01  5.128e-01  5.593e-01  6.021e-01  6.405e-01  6.747e-01  7.045e-01  7.304e-01  7.524e-01  7.711e-01  7.866e-01  7.993e-01  8.095e-01  8.175e-01  8.238e-01  8.287e-01  8.326e-01  8.358e-01  8.385e-01  8.407e-01  8.422e-01  8.432e-01  8.436e-01  8.435e-01  8.433e-01  8.431e-01  8.430e-01  8.429e-01  8.429e-01  8.430e-01  8.433e-01  8.435e-01  8.437e-01 	
-8.123e-04 -3.319e-04  1.322e-03  5.180e-03  1.213e-02  2.265e-02  3.683e-02  5.466e-02  7.629e-02  1.021e-01  1.325e-01  1.679e-01  2.082e-01  2.531e-01  3.015e-01  3.524e-01  4.043e-01  4.557e-01  5.054e-01  5.521e-01  5.951e-01  6.340e-01  6.686e-01  6.990e-01  7.252e-01  7.478e-01  7.668e-01  7.827e-01  7.958e-01  8.063e-01  8.145e-01  8.210e-01  8.260e-01  8.301e-01  8.335e-01  8.363e-01  8.385e-01  8.402e-01  8.411e-01  8.415e-01  8.415e-01  8.412e-01  8.410e-01  8.408e-01  8.407e-01  8.407e-01  8.408e-01  8.411e-01  8.413e-01  8.415e-01 	
 1.655e-03  2.185e-03  3.835e-03  7.490e-03  1.395e-02  2.368e-02  3.688e-02  5.364e-02  7.422e-02  9.901e-02  1.285e-01  1.630e-01  2.025e-01  2.467e-01  2.945e-01  3.450e-01  3.966e-01  4.479e-01  4.975e-01  5.444e-01  5.878e-01  6.271e-01  6.621e-01  6.930e-01  7.198e-01  7.428e-01  7.623e-01  7.786e-01  7.920e-01  8.028e-01  8.113e-01  8.180e-01  8.232e-01  8.274e-01  8.309e-01  8.338e-01  8.362e-01  8.379e-01  8.389e-01  8.393e-01  8.392e-01  8.390e-01  8.387e-01  8.384e-01  8.383e-01  8.383e-01  8.384e-01  8.387e-01  8.389e-01  8.391e-01 	
 3.486e-03  4.045e-03  5.671e-03  9.133e-03  1.515e-02  2.420e-02  3.654e-02  5.236e-02  7.197e-02  9.583e-02  1.244e-01  1.581e-01  1.968e-01  2.401e-01  2.874e-01  3.373e-01  3.885e-01  4.397e-01  4.893e-01  5.364e-01  5.801e-01  6.198e-01  6.553e-01  6.866e-01  7.139e-01  7.374e-01  7.574e-01  7.742e-01  7.879e-01  7.991e-01  8.079e-01  8.147e-01  8.202e-01  8.245e-01  8.282e-01  8.312e-01  8.337e-01  8.355e-01  8.366e-01  8.369e-01  8.368e-01  8.365e-01  8.362e-01  8.359e-01  8.358e-01  8.357e-01  8.358e-01  8.361e-01  8.363e-01  8.365e-01 	
 4.809e-03  5.382e-03  6.967e-03  1.025e-02  1.588e-02  2.433e-02  3.590e-02  5.087e-02  6.960e-02  9.258e-02  1.203e-01  1.531e-01  1.909e-01  2.335e-01  2.800e-01  3.294e-01  3.803e-01  4.312e-01  4.809e-01  5.281e-01  5.721e-01  6.122e-01  6.481e-01  6.800e-01  7.078e-01  7.318e-01  7.523e-01  7.695e-01  7.836e-01  7.951e-01  8.042e-01  8.113e-01  8.169e-01  8.215e-01  8.253e-01  8.285e-01  8.311e-01  8.329e-01  8.340e-01  8.344e-01  8.343e-01  8.339e-01  8.335e-01  8.332e-01  8.330e-01  8.330e-01  8.331e-01  8.333e-01  8.335e-01  8.337e-01 	
 5.754e-03  6.328e-03  7.861e-03  1.096e-02  1.624e-02  2.416e-02  3.505e-02  4.925e-02  6.716e-02  8.929e-02  1.161e-01  1.480e-01  1.850e-01  2.268e-01  2.726e-01  3.214e-01  3.719e-01  4.226e-01  4.722e-01  5.195e-01  5.637e-01  6.042e-01  6.406e-01  6.730e-01  7.013e-01  7.258e-01  7.468e-01  7.645e-01  7.790e-01  7.909e-01  8.002e-01  8.076e-01  8.134e-01  8.182e-01  8.221e-01  8.255e-01  8.282e-01  8.302e-01  8.313e-01  8.317e-01  8.315e-01  8.311e-01  8.307e-01  8.303e-01  8.301e-01  8.300e-01  8.301e-01  8.303e-01  8.306e-01  8.307e-01 	
 6.428e-03  6.993e-03  8.467e-03  1.140e-02  1.635e-02  2.378e-02  3.406e-02  4.754e-02  6.468e-02  8.599e-02  1.120e-01  1.430e-01  1.791e-01  2.201e-01  2.651e-01  3.133e-01  3.633e-01  4.137e-01  4.632e-01  5.106e-01  5.551e-01  5.959e-01  6.328e-01  6.656e-01  6.945e-01  7.195e-01  7.410e-01  7.592e-01  7.742e-01  7.864e-01  7.960e-01  8.037e-01  8.097e-01  8.147e-01  8.188e-01  8.223e-01  8.252e-01  8.273e-01  8.284e-01  8.288e-01  8.286e-01  8.281e-01  8.276e-01  8.272e-01  8.269e-01  8.268e-01  8.269e-01  8.271e-01  8.274e-01  8.276e-01 	
 6.907e-03  7.458e-03  8.867e-03  1.163e-02  1.628e-02  2.326e-02  3.296e-02  4.578e-02  6.218e-02  8.269e-02  1.078e-01  1.380e-01  1.732e-01  2.133e-01  2.576e-01  3.050e-01  3.545e-01  4.046e-01  4.540e-01  5.014e-01  5.461e-01  5.873e-01  6.246e-01  6.579e-01  6.873e-01  7.129e-01  7.349e-01  7.535e-01  7.690e-01  7.816e-01  7.916e-01  7.995e-01  8.058e-01  8.109e-01  8.152e-01  8.189e-01  8.220e-01  8.241e-01  8.254e-01  8.257e-01  8.254e-01  8.249e-01  8.243e-01  8.239e-01  8.236e-01  8.234e-01  8.235e-01  8.237e-01  8.239e-01  8.241e-01 	
 7.250e-03  7.781e-03  9.121e-03  1.172e-02  1.608e-02  2.264e-02  3.181e-02  4.399e-02  5.967e-02  7.940e-02  1.037e-01  1.330e-01  1.673e-01  2.065e-01  2.499e-01  2.967e-01  3.456e-01  3.953e-01  4.445e-01  4.920e-01  5.368e-01  5.782e-01  6.160e-01  6.498e-01  6.797e-01  7.058e-01  7.284e-01  7.475e-01  7.635e-01  7.764e-01  7.868e-01  7.950e-01  8.015e-01  8.069e-01  8.114e-01  8.153e-01  8.185e-01  8.208e-01  8.221e-01  8.224e-01  8.221e-01  8.215e-01  8.208e-01  8.203e-01  8.199e-01  8.197e-01  8.198e-01  8.200e-01  8.203e-01  8.205e-01 	
 7.495e-03  8.003e-03  9.271e-03  1.171e-02  1.580e-02  2.196e-02  3.061e-02  4.218e-02  5.717e-02  7.613e-02  9.959e-02  1.279e-01  1.613e-01  1.996e-01  2.422e-01  2.882e-01  3.365e-01  3.857e-01  4.347e-01  4.822e-01  5.271e-01  5.689e-01  6.070e-01  6.413e-01  6.717e-01  6.984e-01  7.215e-01  7.412e-01  7.576e-01  7.710e-01  7.817e-01  7.902e-01  7.970e-01  8.026e-01  8.074e-01  8.115e-01  8.148e-01  8.172e-01  8.186e-01  8.189e-01  8.185e-01  8.178e-01  8.171e-01  8.165e-01  8.160e-01  8.158e-01  8.158e-01  8.160e-01  8.163e-01  8.165e-01 	
 7.676e-03  8.158e-03  9.350e-03  1.164e-02  1.545e-02  2.123e-02  2.939e-02  4.037e-02  5.469e-02  7.288e-02  9.550e-02  1.229e-01  1.554e-01  1.927e-01  2.344e-01  2.796e-01  3.272e-01  3.760e-01  4.247e-01  4.720e-01  5.171e-01  5.591e-01  5.976e-01  6.323e-01  6.633e-01  6.905e-01  7.142e-01  7.344e-01  7.513e-01  7.652e-01  7.763e-01  7.851e-01  7.921e-01  7.980e-01  8.030e-01  8.074e-01  8.109e-01  8.134e-01  8.148e-01  8.151e-01  8.147e-01  8.139e-01  8.130e-01  8.123e-01  8.118e-01  8.116e-01  8.115e-01  8.117e-01  8.120e-01  8.122e-01 	
 7.816e-03  8.270e-03  9.385e-03  1.151e-02  1.507e-02  2.048e-02  2.817e-02  3.858e-02  5.223e-02  6.967e-02  9.145e-02  1.180e-01  1.495e-01  1.858e-01  2.265e-01  2.708e-01  3.178e-01  3.660e-01  4.144e-01  4.616e-01  5.067e-01  5.489e-01  5.877e-01  6.229e-01  6.544e-01  6.822e-01  7.065e-01  7.272e-01  7.446e-01  7.589e-01  7.704e-01  7.796e-01  7.869e-01  7.931e-01  7.983e-01  8.029e-01  8.067e-01  8.094e-01  8.108e-01  8.111e-01  8.106e-01  8.096e-01  8.087e-01  8.079e-01  8.073e-01  8.070e-01  8.069e-01  8.071e-01  8.074e-01  8.076e-01 	
 7.941e-03  8.364e-03  9.398e-03  1.137e-02  1.468e-02  1.973e-02  2.695e-02  3.680e-02  4.980e-02  6.650e-02  8.744e-02  1.130e-01  1.435e-01  1.788e-01  2.186e-01  2.620e-01  3.082e-01  3.558e-01  4.038e-01  4.508e-01  4.959e-01  5.383e-01  5.774e-01  6.130e-01  6.450e-01  6.734e-01  6.982e-01  7.195e-01  7.375e-01  7.523e-01  7.642e-01  7.737e-01  7.813e-01  7.878e-01  7.933e-01  7.982e-01  8.022e-01  8.051e-01  8.066e-01  8.068e-01  8.062e-01  8.051e-01  8.040e-01  8.031e-01  8.025e-01  8.021e-01  8.020e-01  8.021e-01  8.024e-01  8.027e-01 	
 8.069e-03  8.459e-03  9.410e-03  1.122e-02  1.428e-02  1.898e-02  2.575e-02  3.505e-02  4.741e-02  6.337e-02  8.347e-02  1.081e-01  1.376e-01  1.719e-01  2.106e-01  2.531e-01  2.984e-01  3.455e-01  3.929e-01  4.397e-01  4.847e-01  5.272e-01  5.666e-01  6.026e-01  6.351e-01  6.641e-01  6.895e-01  7.114e-01  7.299e-01  7.451e-01  7.575e-01  7.673e-01  7.753e-01  7.821e-01  7.880e-01  7.931e-01  7.974e-01  8.004e-01  8.020e-01  8.022e-01  8.014e-01  8.002e-01  7.990e-01  7.980e-01  7.972e-01  7.968e-01  7.966e-01  7.968e-01  7.971e-01  7.973e-01 	
 8.214e-03  8.569e-03  9.433e-03  1.109e-02  1.389e-02  1.824e-02  2.457e-02  3.334e-02  4.506e-02  6.028e-02  7.954e-02  1.033e-01  1.317e-01  1.650e-01  2.026e-01  2.441e-01  2.886e-01  3.349e-01  3.818e-01  4.282e-01  4.731e-01  5.157e-01  5.553e-01  5.917e-01  6.247e-01  6.542e-01  6.801e-01  7.026e-01  7.217e-01  7.375e-01  7.503e-01  7.605e-01  7.689e-01  7.760e-01  7.822e-01  7.877e-01  7.922e-01  7.955e-01  7.971e-01  7.973e-01  7.964e-01  7.950e-01  7.936e-01  7.925e-01  7.916e-01  7.910e-01  7.908e-01  7.909e-01  7.912e-01  7.915e-01 	
 8.369e-03  8.687e-03  9.463e-03  1.096e-02  1.351e-02  1.752e-02  2.342e-02  3.166e-02  4.275e-02  5.725e-02  7.567e-02  9.845e-02  1.259e-01  1.580e-01  1.946e-01  2.351e-01  2.786e-01  3.240e-01  3.704e-01  4.164e-01  4.611e-01  5.037e-01  5.435e-01  5.802e-01  6.136e-01  6.437e-01  6.702e-01  6.933e-01  7.130e-01  7.293e-01  7.425e-01  7.532e-01  7.620e-01  7.694e-01  7.760e-01  7.819e-01  7.867e-01  7.902e-01  7.919e-01  7.920e-01  7.909e-01  7.894e-01  7.878e-01  7.865e-01  7.854e-01  7.848e-01  7.845e-01  7.846e-01  7.849e-01  7.852e-01 	
 8.487e-03  8.768e-03  9.458e-03  1.080e-02  1.312e-02  1.680e-02  2.228e-02  3.000e-02  4.049e-02  5.426e-02  7.185e-02  9.368e-02  1.201e-01  1.511e-01  1.865e-01  2.259e-01  2.684e-01  3.130e-01  3.587e-01  4.042e-01  4.487e-01  4.912e-01  5.311e-01  5.681e-01  6.020e-01  6.325e-01  6.597e-01  6.834e-01  7.036e-01  7.205e-01  7.342e-01  7.453e-01  7.545e-01  7.623e-01  7.693e-01  7.756e-01  7.808e-01  7.845e-01  7.863e-01  7.863e-01  7.851e-01  7.833e-01  7.815e-01  7.800e-01  7.788e-01  7.780e-01  7.777e-01  7.778e-01  7.781e-01  7.783e-01 	
 8.460e-03  8.709e-03  9.324e-03  1.053e-02  1.264e-02  1.603e-02  2.112e-02  2.836e-02  3.826e-02  5.133e-02  6.808e-02  8.897e-02  1.143e-01  1.442e-01  1.785e-01  2.167e-01  2.581e-01  3.018e-01  3.467e-01  3.917e-01  4.358e-01  4.782e-01  5.182e-01  5.554e-01  5.897e-01  6.207e-01  6.484e-01  6.728e-01  6.936e-01  7.110e-01  7.253e-01  7.368e-01  7.464e-01  7.547e-01  7.622e-01  7.689e-01  7.745e-01  7.784e-01  7.803e-01  7.803e-01  7.789e-01  7.768e-01  7.748e-01  7.730e-01  7.716e-01  7.707e-01  7.703e-01  7.703e-01  7.706e-01  7.709e-01 	
 8.125e-03  8.353e-03  8.918e-03  1.003e-02  1.198e-02  1.513e-02  1.989e-02  2.670e-02  3.605e-02  4.844e-02  6.437e-02  8.431e-02  1.086e-01  1.373e-01  1.704e-01  2.074e-01  2.477e-01  2.904e-01  3.345e-01  3.788e-01  4.225e-01  4.647e-01  5.047e-01  5.421e-01  5.766e-01  6.082e-01  6.365e-01  6.614e-01  6.828e-01  7.008e-01  7.156e-01  7.277e-01  7.377e-01  7.465e-01  7.545e-01  7.617e-01  7.677e-01  7.720e-01  7.740e-01  7.739e-01  7.722e-01  7.698e-01  7.674e-01  7.654e-01  7.638e-01  7.627e-01  7.622e-01  7.622e-01  7.625e-01  7.628e-01 	
 7.305e-03  7.529e-03  8.081e-03  9.156e-03  1.103e-02  1.404e-02  1.855e-02  2.500e-02  3.384e-02  4.558e-02  6.072e-02  7.972e-02  1.029e-01  1.305e-01  1.623e-01  1.981e-01  2.372e-01  2.788e-01  3.220e-01  3.656e-01  4.087e-01  4.506e-01  4.905e-01  5.280e-01  5.629e-01  5.948e-01  6.237e-01  6.492e-01  6.713e-01  6.899e-01  7.052e-01  7.178e-01  7.283e-01  7.376e-01  7.462e-01  7.540e-01  7.605e-01  7.651e-01  7.672e-01  7.670e-01  7.650e-01  7.623e-01  7.595e-01  7.572e-01  7.553e-01  7.541e-01  7.534e-01  7.534e-01  7.536e-01  7.539e-01 	
 5.899e-03  6.141e-03  6.725e-03  7.839e-03  9.731e-03  1.269e-02  1.706e-02  2.323e-02  3.163e-02  4.277e-02  5.713e-02  7.519e-02  9.731e-02  1.237e-01  1.543e-01  1.888e-01  2.266e-01  2.671e-01  3.092e-01  3.520e-01  3.945e-01  4.360e-01  4.757e-01  5.133e-01  5.484e-01  5.807e-01  6.101e-01  6.362e-01  6.589e-01  6.781e-01  6.940e-01  7.071e-01  7.182e-01  7.281e-01  7.373e-01  7.457e-01  7.529e-01  7.578e-01  7.601e-01  7.597e-01  7.573e-01  7.542e-01  7.510e-01  7.482e-01  7.461e-01  7.446e-01  7.438e-01  7.437e-01  7.440e-01  7.442e-01 	
 3.984e-03  4.260e-03  4.917e-03  6.133e-03  8.126e-03  1.114e-02  1.546e-02  2.141e-02  2.943e-02  3.999e-02  5.360e-02  7.074e-02  9.178e-02  1.169e-01  1.462e-01  1.794e-01  2.160e-01  2.552e-01  2.962e-01  3.380e-01  3.798e-01  4.208e-01  4.602e-01  4.978e-01  5.330e-01  5.657e-01  5.955e-01  6.222e-01  6.456e-01  6.654e-01  6.818e-01  6.955e-01  7.072e-01  7.177e-01  7.277e-01  7.369e-01  7.447e-01  7.501e-01  7.525e-01  7.519e-01  7.491e-01  7.454e-01  7.417e-01  7.385e-01  7.360e-01  7.343e-01  7.333e-01  7.331e-01  7.334e-01  7.337e-01 	
 1.847e-03  2.166e-03  2.913e-03  4.260e-03  6.396e-03  9.507e-03  1.381e-02  1.960e-02  2.727e-02  3.728e-02  5.015e-02  6.637e-02  8.632e-02  1.103e-01  1.382e-01  1.700e-01  2.052e-01  2.431e-01  2.829e-01  3.237e-01  3.647e-01  4.050e-01  4.441e-01  4.815e-01  5.168e-01  5.497e-01  5.800e-01  6.073e-01  6.312e-01  6.516e-01  6.687e-01  6.830e-01  6.953e-01  7.066e-01  7.173e-01  7.274e-01  7.359e-01  7.419e-01  7.444e-01  7.436e-01  7.403e-01  7.360e-01  7.317e-01  7.280e-01  7.251e-01  7.230e-01  7.219e-01  7.216e-01  7.218e-01  7.220e-01 	
-8.229e-05  2.719e-04  1.093e-03  2.550e-03  4.801e-03  7.984e-03  1.226e-02  1.787e-02  2.518e-02  3.465e-02  4.679e-02  6.209e-02  8.096e-02  1.037e-01  1.303e-01  1.607e-01  1.944e-01  2.309e-01  2.695e-01  3.091e-01  3.491e-01  3.887e-01  4.272e-01  4.644e-01  4.997e-01  5.328e-01  5.635e-01  5.913e-01  6.158e-01  6.368e-01  6.545e-01  6.694e-01  6.825e-01  6.945e-01  7.062e-01  7.172e-01  7.266e-01  7.331e-01  7.358e-01  7.347e-01  7.309e-01  7.258e-01  7.208e-01  7.165e-01  7.131e-01  7.107e-01  7.093e-01  7.089e-01  7.090e-01  7.093e-01 	
-1.400e-03 -1.034e-03 -1.853e-04  1.309e-03  3.589e-03  6.755e-03  1.092e-02  1.630e-02  2.321e-02  3.212e-02  4.352e-02  5.791e-02  7.569e-02  9.716e-02  1.224e-01  1.513e-01  1.836e-01  2.186e-01  2.558e-01  2.942e-01  3.331e-01  3.718e-01  4.097e-01  4.464e-01  4.816e-01  5.149e-01  5.459e-01  5.742e-01  5.992e-01  6.209e-01  6.392e-01  6.547e-01  6.685e-01  6.814e-01  6.941e-01  7.062e-01  7.165e-01  7.237e-01  7.265e-01  7.251e-01  7.206e-01  7.147e-01  7.089e-01  7.039e-01  7.000e-01  6.972e-01  6.955e-01  6.949e-01  6.950e-01  6.953e-01 	
-1.889e-03 -1.542e-03 -7.315e-04  7.040e-04  2.893e-03  5.915e-03  9.863e-03  1.492e-02  2.139e-02  2.971e-02  4.036e-02  5.383e-02  7.053e-02  9.075e-02  1.146e-01  1.420e-01  1.728e-01  2.063e-01  2.419e-01  2.789e-01  3.166e-01  3.543e-01  3.914e-01  4.276e-01  4.626e-01  4.959e-01  5.271e-01  5.558e-01  5.814e-01  6.036e-01  6.226e-01  6.388e-01  6.533e-01  6.672e-01  6.809e-01  6.941e-01  7.055e-01  7.133e-01  7.162e-01  7.144e-01  7.092e-01  7.025e-01  6.958e-01  6.901e-01  6.856e-01  6.823e-01  6.804e-01  6.796e-01  6.797e-01  6.799e-01 	
-1.590e-03 -1.293e-03 -5.823e-04  7.013e-04  2.685e-03  5.446e-03  9.071e-03  1.373e-02  1.970e-02  2.741e-02  3.731e-02  4.987e-02  6.548e-02  8.445e-02  1.069e-01  1.328e-01  1.619e-01  1.938e-01  2.278e-01  2.634e-01  2.997e-01  3.362e-01  3.725e-01  4.080e-01  4.426e-01  4.758e-01  5.072e-01  5.362e-01  5.623e-01  5.850e-01  6.046e-01  6.215e-01  6.368e-01  6.515e-01  6.664e-01  6.807e-01  6.930e-01  7.014e-01  7.045e-01  7.023e-01  6.964e-01  6.888e-01  6.813e-01  6.748e-01  6.697e-01  6.660e-01  6.637e-01  6.628e-01  6.627e-01  6.630e-01 	
-7.477e-04 -5.203e-04  4.821e-05  1.118e-03  2.820e-03  5.243e-03  8.476e-03  1.268e-02  1.814e-02  2.522e-02  3.437e-02  4.602e-02  6.056e-02  7.828e-02  9.932e-02  1.237e-01  1.511e-01  1.813e-01  2.137e-01  2.476e-01  2.824e-01  3.176e-01  3.528e-01  3.875e-01  4.215e-01  4.545e-01  4.859e-01  5.152e-01  5.417e-01  5.650e-01  5.851e-01  6.026e-01  6.186e-01  6.342e-01  6.500e-01  6.654e-01  6.785e-01  6.873e-01  6.904e-01  6.878e-01  6.812e-01  6.729e-01  6.648e-01  6.578e-01  6.522e-01  6.480e-01  6.454e-01  6.443e-01  6.441e-01  6.443e-01 	
 3.166e-04  4.673e-04  8.798e-04  1.714e-03  3.111e-03  5.169e-03  7.991e-03  1.174e-02  1.667e-02  2.314e-02  3.155e-02  4.230e-02  5.577e-02  7.223e-02  9.185e-02  1.146e-01  1.404e-01  1.688e-01  1.994e-01  2.316e-01  2.648e-01  2.985e-01  3.324e-01  3.662e-01  3.995e-01  4.321e-01  4.634e-01  4.928e-01  5.196e-01  5.433e-01  5.639e-01  5.820e-01  5.986e-01  6.148e-01  6.313e-01  6.472e-01  6.607e-01  6.696e-01  6.725e-01  6.697e-01  6.628e-01  6.542e-01  6.458e-01  6.386e-01  6.327e-01  6.282e-01  6.253e-01  6.239e-01  6.237e-01  6.238e-01 	
 1.317e-03  1.399e-03  1.669e-03  2.287e-03  3.398e-03  5.113e-03  7.542e-03  1.085e-02  1.527e-02  2.114e-02  2.882e-02  3.870e-02  5.112e-02  6.634e-02  8.453e-02  1.057e-01  1.298e-01  1.563e-01  1.851e-01  2.154e-01  2.468e-01  2.790e-01  3.114e-01  3.440e-01  3.765e-01  4.085e-01  4.396e-01  4.690e-01  4.960e-01  5.201e-01  5.410e-01  5.594e-01  5.763e-01  5.927e-01  6.092e-01  6.249e-01  6.381e-01  6.466e-01  6.492e-01  6.462e-01  6.395e-01  6.314e-01  6.236e-01  6.167e-01  6.109e-01  6.063e-01  6.032e-01  6.016e-01  6.012e-01  6.014e-01 	
 2.071e-03  2.101e-03  2.264e-03  2.710e-03  3.585e-03  5.005e-03  7.085e-03  9.983e-03  1.393e-02  1.923e-02  2.621e-02  3.523e-02  4.661e-02  6.060e-02  7.737e-02  9.695e-02  1.192e-01  1.439e-01  1.707e-01  1.991e-01  2.286e-01  2.590e-01  2.899e-01  3.211e-01  3.525e-01  3.838e-01  4.144e-01  4.437e-01  4.708e-01  4.950e-01  5.162e-01  5.346e-01  5.513e-01  5.673e-01  5.828e-01  5.972e-01  6.089e-01  6.162e-01  6.182e-01  6.155e-01  6.099e-01  6.034e-01  5.972e-01  5.916e-01  5.866e-01  5.822e-01  5.789e-01  5.772e-01  5.767e-01  5.767e-01 	
 2.512e-03  2.514e-03  2.610e-03  2.938e-03  3.636e-03  4.818e-03  6.600e-03  9.134e-03  1.264e-02  1.739e-02  2.370e-02  3.189e-02  4.226e-02  5.504e-02  7.039e-02  8.837e-02  1.089e-01  1.317e-01  1.564e-01  1.827e-01  2.103e-01  2.387e-01  2.678e-01  2.975e-01  3.276e-01  3.580e-01  3.881e-01  4.170e-01  4.440e-01  4.682e-01  4.893e-01  5.074e-01  5.233e-01  5.377e-01  5.510e-01  5.626e-01  5.715e-01  5.767e-01  5.778e-01  5.760e-01  5.728e-01  5.694e-01  5.663e-01  5.631e-01  5.595e-01  5.557e-01  5.525e-01  5.506e-01  5.500e-01  5.500e-01 	
 2.679e-03  2.671e-03  2.733e-03  2.988e-03  3.557e-03  4.549e-03  6.078e-03  8.290e-03  1.139e-02  1.563e-02  2.130e-02  2.869e-02  3.807e-02  4.966e-02  6.362e-02  7.998e-02  9.868e-02  1.195e-01  1.422e-01  1.664e-01  1.918e-01  2.181e-01  2.453e-01  2.733e-01  3.020e-01  3.312e-01  3.605e-01  3.890e-01  4.157e-01  4.397e-01  4.603e-01  4.776e-01  4.919e-01  5.037e-01  5.133e-01  5.205e-01  5.252e-01  5.272e-01  5.275e-01  5.273e-01  5.278e-01  5.293e-01  5.308e-01  5.312e-01  5.298e-01  5.270e-01  5.240e-01  5.220e-01  5.211e-01  5.210e-01 	
 2.668e-03  2.658e-03  2.704e-03  2.907e-03  3.374e-03  4.208e-03  5.517e-03  7.443e-03  1.017e-02  1.394e-02  1.901e-02  2.563e-02  3.405e-02  4.448e-02  5.706e-02  7.183e-02  8.873e-02  1.076e-01  1.282e-01  1.502e-01  1.733e-01  1.975e-01  2.226e-01  2.487e-01  2.758e-01  3.037e-01  3.319e-01  3.597e-01  3.859e-01  4.094e-01  4.294e-01  4.453e-01  4.572e-01  4.653e-01  4.699e-01  4.713e-01  4.705e-01  4.688e-01  4.683e-01  4.706e-01  4.761e-01  4.838e-01  4.913e-01  4.963e-01  4.976e-01  4.961e-01  4.934e-01  4.913e-01  4.902e-01  4.900e-01 	
 2.580e-03  2.567e-03  2.592e-03  2.744e-03  3.116e-03  3.807e-03  4.920e-03  6.591e-03  8.989e-03  1.232e-02  1.682e-02  2.271e-02  3.021e-02  3.952e-02  5.075e-02  6.395e-02  7.906e-02  9.594e-02  1.144e-01  1.341e-01  1.550e-01  1.768e-01  1.998e-01  2.238e-01  2.491e-01  2.755e-01  3.026e-01  3.295e-01  3.550e-01  3.777e-01  3.966e-01  4.108e-01  4.197e-01  4.234e-01  4.220e-01  4.168e-01  4.099e-01  4.044e-01  4.035e-01  4.088e-01  4.203e-01  4.350e-01  4.490e-01  4.589e-01  4.634e-01  4.633e-01  4.610e-01  4.587e-01  4.575e-01  4.572e-01 	
 2.466e-03  2.441e-03  2.435e-03  2.526e-03  2.801e-03  3.357e-03  4.294e-03  5.738e-03  7.837e-03  1.077e-02  1.474e-02  1.994e-02  2.656e-02  3.478e-02  4.470e-02  5.636e-02  6.971e-02  8.463e-02  1.009e-01  1.184e-01  1.369e-01  1.564e-01  1.771e-01  1.990e-01  2.224e-01  2.471e-01  2.728e-01  2.986e-01  3.231e-01  3.449e-01  3.625e-01  3.746e-01  3.803e-01  3.792e-01  3.718e-01  3.600e-01  3.473e-01  3.384e-01  3.374e-01  3.461e-01  3.634e-01  3.849e-01  4.052e-01  4.198e-01  4.271e-01  4.284e-01  4.266e-01  4.244e-01  4.231e-01  4.228e-01 	
 2.304e-03  2.264e-03  2.222e-03  2.250e-03  2.435e-03  2.870e-03  3.655e-03  4.900e-03  6.734e-03  9.304e-03  1.278e-02  1.733e-02  2.312e-02  3.029e-02  3.894e-02  4.911e-02  6.074e-02  7.372e-02  8.790e-02  1.031e-01  1.193e-01  1.365e-01  1.548e-01  1.745e-01  1.958e-01  2.188e-01  2.429e-01  2.673e-01  2.906e-01  3.111e-01  3.272e-01  3.371e-01  3.397e-01  3.343e-01  3.216e-01  3.043e-01  2.870e-01  2.755e-01  2.747e-01  2.864e-01  3.085e-01  3.355e-01  3.606e-01  3.789e-01  3.886e-01  3.912e-01  3.900e-01  3.883e-01  3.873e-01  3.871e-01 	
 2.031e-03  1.980e-03  1.914e-03  1.899e-03  2.019e-03  2.363e-03  3.026e-03  4.102e-03  5.699e-03  7.937e-03  1.095e-02  1.489e-02  1.989e-02  2.607e-02  3.351e-02  4.224e-02  5.221e-02  6.332e-02  7.545e-02  8.847e-02  1.024e-01  1.172e-01  1.332e-01  1.507e-01  1.699e-01  1.909e-01  2.133e-01  2.360e-01  2.578e-01  2.767e-01  2.910e-01  2.988e-01  2.988e-01  2.901e-01  2.737e-01  2.527e-01  2.325e-01  2.196e-01  2.191e-01  2.327e-01  2.577e-01  2.876e-01  3.154e-01  3.358e-01  3.471e-01  3.509e-01  3.509e-01  3.502e-01  3.501e-01  3.504e-01 	
 1.605e-03  1.557e-03  1.493e-03  1.471e-03  1.565e-03  1.858e-03  2.432e-03  3.369e-03  4.756e-03  6.688e-03  9.278e-03  1.264e-02  1.690e-02  2.214e-02  2.844e-02  3.581e-02  4.421e-02  5.354e-02  6.370e-02  7.462e-02  8.630e-02  9.890e-02  1.127e-01  1.280e-01  1.451e-01  1.641e-01  1.844e-01  2.051e-01  2.249e-01  2.418e-01  2.540e-01  2.599e-01  2.579e-01  2.473e-01  2.292e-01  2.069e-01  1.858e-01  1.726e-01  1.723e-01  1.863e-01  2.115e-01  2.415e-01  2.693e-01  2.900e-01  3.021e-01  3.073e-01  3.091e-01  3.102e-01  3.117e-01  3.128e-01 	
 1.042e-03  1.014e-03  9.821e-04  9.909e-04  1.101e-03  1.381e-03  1.899e-03  2.722e-03  3.922e-03  5.575e-03  7.772e-03  1.061e-02  1.418e-02  1.856e-02  2.380e-02  2.991e-02  3.684e-02  4.452e-02  5.285e-02  6.180e-02  7.144e-02  8.194e-02  9.362e-02  1.068e-01  1.219e-01  1.387e-01  1.567e-01  1.750e-01  1.922e-01  2.065e-01  2.164e-01  2.204e-01  2.171e-01  2.062e-01  1.884e-01  1.670e-01  1.470e-01  1.346e-01  1.342e-01  1.469e-01  1.698e-01  1.970e-01  2.225e-01  2.418e-01  2.540e-01  2.608e-01  2.649e-01  2.686e-01  2.722e-01  2.746e-01 	
 4.202e-04  4.230e-04  4.431e-04  5.097e-04  6.647e-04  9.583e-04  1.444e-03  2.175e-03  3.209e-03  4.612e-03  6.454e-03  8.814e-03  1.177e-02  1.538e-02  1.967e-02  2.464e-02  3.025e-02  3.643e-02  4.312e-02  5.030e-02  5.809e-02  6.670e-02  7.648e-02  8.776e-02  1.007e-01  1.153e-01  1.308e-01  1.463e-01  1.603e-01  1.716e-01  1.788e-01  1.808e-01  1.770e-01  1.668e-01  1.511e-01  1.324e-01  1.152e-01  1.042e-01  1.035e-01  1.137e-01  1.324e-01  1.548e-01  1.761e-01  1.930e-01  2.048e-01  2.131e-01  2.200e-01  2.267e-01  2.327e-01  2.364e-01 	
-1.638e-04 -1.279e-04 -5.047e-05  8.166e-05  2.913e-04  6.100e-04  1.076e-03  1.732e-03  2.625e-03  3.810e-03  5.347e-03  7.298e-03  9.722e-03  1.266e-02  1.614e-02  2.013e-02  2.461e-02  2.950e-02  3.477e-02  4.045e-02  4.665e-02  5.363e-02  6.174e-02  7.129e-02  8.238e-02  9.475e-02  1.077e-01  1.200e-01  1.306e-01  1.384e-01  1.426e-01  1.428e-01  1.386e-01  1.299e-01  1.173e-01  1.025e-01  8.885e-02  8.003e-02  7.891e-02  8.614e-02  9.983e-02  1.166e-01  1.329e-01  1.467e-01  1.579e-01  1.675e-01  1.770e-01  1.865e-01  1.948e-01  1.998e-01 	
-6.329e-04 -5.687e-04 -4.421e-04 -2.532e-04  4.514e-06  3.471e-04  7.997e-04  1.396e-03  2.176e-03  3.187e-03  4.479e-03  6.102e-03  8.101e-03  1.051e-02  1.333e-02  1.654e-02  2.011e-02  2.398e-02  2.813e-02  3.259e-02  3.753e-02  4.321e-02  4.998e-02  5.809e-02  6.755e-02  7.793e-02  8.837e-02  9.773e-02  1.049e-01  1.093e-01  1.106e-01  1.091e-01  1.048e-01  9.778e-02  8.838e-02  7.767e-02  6.772e-02  6.110e-02  5.980e-02  6.426e-02  7.327e-02  8.460e-02  9.623e-02  1.071e-01  1.175e-01  1.282e-01  1.397e-01  1.515e-01  1.616e-01  1.676e-01 	
-9.493e-04 -8.656e-04 -7.052e-04 -4.771e-04 -1.861e-04  1.727e-04  6.158e-04  1.170e-03  1.870e-03  2.758e-03  3.877e-03  5.270e-03  6.972e-03  9.004e-03  1.137e-02  1.404e-02  1.697e-02  2.012e-02  2.348e-02  2.710e-02  3.116e-02  3.593e-02  4.174e-02  4.881e-02  5.704e-02  6.589e-02  7.437e-02  8.131e-02  8.576e-02  8.734e-02  8.634e-02  8.340e-02  7.903e-02  7.345e-02  6.671e-02  5.931e-02  5.242e-02  4.767e-02  4.636e-02  4.882e-02  5.431e-02  6.157e-02  6.963e-02  7.826e-02  8.792e-02  9.921e-02  1.121e-01  1.253e-01  1.366e-01  1.431e-01 	
-1.106e-03 -1.012e-03 -8.353e-04 -5.879e-04 -2.805e-04  8.622e-05  5.238e-04  1.056e-03  1.715e-03  2.539e-03  3.569e-03  4.843e-03  6.392e-03  8.231e-03  1.036e-02  1.274e-02  1.535e-02  1.813e-02  2.109e-02  2.427e-02  2.787e-02  3.217e-02  3.748e-02  4.400e-02  5.158e-02  5.959e-02  6.697e-02  7.255e-02  7.545e-02  7.548e-02  7.317e-02  6.944e-02  6.504e-02  6.023e-02  5.498e-02  4.944e-02  4.427e-02  4.060e-02  3.935e-02  4.078e-02  4.441e-02  4.951e-02  5.566e-02  6.305e-02  7.230e-02  8.385e-02  9.737e-02  1.113e-01  1.230e-01  1.298e-01 	
