0.023518102349602703
0.04729055475128959
0.07224321752002112
0.10116774782677102
0.13475150911978162
0.17255510388473708
0.21451865217263477
0.2564516493372326
0.2976531644450888
0.336647248589546
0.36916956986996324
0.3977704571348972
0.41959917680137565
0.4359846336813008
0.44813479901132497
0.45635250310855424
0.46286114205632506
0.4685182376552639
0.4742289745420037
0.4803214294375785
0.4867071891157234
0.49333571960934003
0.5000600513013973
0.5067464885456611
0.5131122345511411
0.5188809081674587
0.5238387073273261
0.5279961989573406
0.5314221925856845
0.5341011070656527
0.5361270970768172
0.5376240847718924
0.5387424735963344
0.5395813675559475
0.5402333076610027
0.5407563172998773
0.5411904438793532
0.5415727144148595
0.5419169277884575
0.5422369494047273
0.542546143406695
0.5428470783609092
0.5431592621334898
0.5434762911323626
0.5437772013219366
0.5441086744505719
0.5444509750932209
0.5448006988069358
0.5451582416696918
0.5455157437533349