0.006805079122088899
0.014245848821672152
0.02309402100113952
0.03481451904585601
0.050398493955975364
0.07065886616233134
0.09813974502752633
0.13180083037098297
0.1716111623627362
0.21818414414521634
0.26347110465071516
0.30846106672043166
0.348528085365093
0.38142804706741834
0.4091635525795131
0.4292541739094346
0.44422568126165024
0.45408921448875716
0.46081869958573307
0.46568898089364497
0.4698970578018158
0.47416493466567644
0.47887649927252396
0.48405882782687076
0.4894952272841683
0.49483057905768296
0.49972436145418603
0.5040524227274441
0.5077932694222372
0.510832759165123
0.513188914103758
0.5149845036060267
0.5163344786794968
0.5173669814877148
0.5181783260140679
0.5188339585468789
0.5193880850553616
0.5198754187125795
0.520318442679299
0.5207330613058452
0.5211334940485858
0.5215268906074583
0.5219332027305996
0.522347991174092
0.5227489541465847
0.5231822413156673
0.5236340052233264
0.5240993327456253
0.5245739904835988
0.5250509752856556