 2.325e-04  7.775e-04  1.556e-03  2.504e-03  3.581e-03  4.762e-03  6.027e-03  7.357e-03  8.736e-03  1.015e-02  1.158e-02  1.303e-02  1.447e-02  1.591e-02  1.733e-02  1.874e-02  2.012e-02  2.148e-02  2.280e-02  2.411e-02  2.538e-02  2.662e-02  2.784e-02  2.904e-02  3.021e-02  3.135e-02  3.248e-02  3.359e-02  3.468e-02  3.575e-02  3.682e-02  3.787e-02  3.891e-02  3.994e-02  4.096e-02  4.198e-02  4.299e-02  4.400e-02  4.501e-02  4.601e-02  4.701e-02  4.801e-02  4.901e-02  5.001e-02  5.101e-02  5.201e-02  5.301e-02  5.401e-02  5.501e-02  5.601e-02 	
 2.805e-04  9.383e-04  1.878e-03  3.022e-03  4.322e-03  5.748e-03  7.274e-03  8.879e-03  1.054e-02  1.225e-02  1.398e-02  1.573e-02  1.747e-02  1.921e-02  2.092e-02  2.262e-02  2.429e-02  2.593e-02  2.753e-02  2.910e-02  3.064e-02  3.215e-02  3.362e-02  3.506e-02  3.648e-02  3.786e-02  3.923e-02  4.057e-02  4.189e-02  4.319e-02  4.447e-02  4.575e-02  4.700e-02  4.825e-02  4.949e-02  5.073e-02  5.195e-02  5.318e-02  5.439e-02  5.561e-02  5.683e-02  5.804e-02  5.925e-02  6.047e-02  6.168e-02  6.289e-02  6.411e-02  6.532e-02  6.654e-02  6.775e-02 	
 3.386e-04  1.132e-03  2.267e-03  3.647e-03  5.216e-03  6.937e-03  8.779e-03  1.072e-02  1.273e-02  1.479e-02  1.688e-02  1.898e-02  2.109e-02  2.319e-02  2.526e-02  2.731e-02  2.933e-02  3.130e-02  3.324e-02  3.514e-02  3.700e-02  3.882e-02  4.061e-02  4.235e-02  4.406e-02  4.574e-02  4.739e-02  4.902e-02  5.061e-02  5.219e-02  5.375e-02  5.529e-02  5.682e-02  5.833e-02  5.984e-02  6.134e-02  6.283e-02  6.431e-02  6.579e-02  6.727e-02  6.875e-02  7.022e-02  7.170e-02  7.317e-02  7.465e-02  7.612e-02  7.760e-02  7.908e-02  8.056e-02  8.204e-02 	
 4.086e-04  1.367e-03  2.736e-03  4.401e-03  6.295e-03  8.373e-03  1.060e-02  1.294e-02  1.536e-02  1.785e-02  2.037e-02  2.292e-02  2.546e-02  2.799e-02  3.050e-02  3.298e-02  3.541e-02  3.781e-02  4.015e-02  4.245e-02  4.470e-02  4.691e-02  4.906e-02  5.118e-02  5.325e-02  5.529e-02  5.729e-02  5.926e-02  6.120e-02  6.311e-02  6.501e-02  6.688e-02  6.874e-02  7.058e-02  7.241e-02  7.423e-02  7.604e-02  7.785e-02  7.966e-02  8.146e-02  8.326e-02  8.506e-02  8.686e-02  8.866e-02  9.046e-02  9.227e-02  9.407e-02  9.588e-02  9.769e-02  9.950e-02 	
 4.932e-04  1.650e-03  3.302e-03  5.312e-03  7.599e-03  1.011e-02  1.279e-02  1.562e-02  1.855e-02  2.155e-02  2.460e-02  2.767e-02  3.075e-02  3.381e-02  3.684e-02  3.984e-02  4.278e-02  4.568e-02  4.852e-02  5.130e-02  5.403e-02  5.670e-02  5.932e-02  6.188e-02  6.440e-02  6.687e-02  6.930e-02  7.170e-02  7.406e-02  7.639e-02  7.870e-02  8.098e-02  8.325e-02  8.550e-02  8.773e-02  8.996e-02  9.217e-02  9.439e-02  9.660e-02  9.880e-02  1.010e-01  1.032e-01  1.054e-01  1.076e-01  1.098e-01  1.121e-01  1.143e-01  1.165e-01  1.187e-01  1.209e-01 	
 5.954e-04  1.991e-03  3.986e-03  6.412e-03  9.173e-03  1.220e-02  1.544e-02  1.885e-02  2.239e-02  2.602e-02  2.971e-02  3.342e-02  3.714e-02  4.084e-02  4.451e-02  4.814e-02  5.171e-02  5.522e-02  5.866e-02  6.204e-02  6.535e-02  6.859e-02  7.177e-02  7.489e-02  7.796e-02  8.097e-02  8.394e-02  8.686e-02  8.974e-02  9.260e-02  9.542e-02  9.821e-02  1.010e-01  1.037e-01  1.065e-01  1.092e-01  1.120e-01  1.147e-01  1.174e-01  1.201e-01  1.228e-01  1.256e-01  1.283e-01  1.310e-01  1.338e-01  1.365e-01  1.392e-01  1.420e-01  1.447e-01  1.475e-01 	
 7.187e-04  2.403e-03  4.811e-03  7.741e-03  1.107e-02  1.473e-02  1.865e-02  2.277e-02  2.704e-02  3.143e-02  3.589e-02  4.038e-02  4.489e-02  4.937e-02  5.382e-02  5.821e-02  6.254e-02  6.680e-02  7.099e-02  7.509e-02  7.912e-02  8.307e-02  8.695e-02  9.076e-02  9.451e-02  9.820e-02  1.018e-01  1.054e-01  1.090e-01  1.125e-01  1.159e-01  1.194e-01  1.228e-01  1.262e-01  1.296e-01  1.330e-01  1.364e-01  1.398e-01  1.431e-01  1.465e-01  1.499e-01  1.533e-01  1.567e-01  1.601e-01  1.635e-01  1.669e-01  1.704e-01  1.738e-01  1.773e-01  1.807e-01 	
 8.677e-04  2.902e-03  5.809e-03  9.346e-03  1.337e-02  1.779e-02  2.252e-02  2.750e-02  3.268e-02  3.798e-02  4.338e-02  4.882e-02  5.428e-02  5.972e-02  6.511e-02  7.045e-02  7.572e-02  8.091e-02  8.601e-02  9.102e-02  9.594e-02  1.008e-01  1.055e-01  1.102e-01  1.148e-01  1.194e-01  1.238e-01  1.283e-01  1.326e-01  1.370e-01  1.413e-01  1.456e-01  1.499e-01  1.541e-01  1.583e-01  1.626e-01  1.668e-01  1.711e-01  1.753e-01  1.796e-01  1.838e-01  1.881e-01  1.924e-01  1.967e-01  2.010e-01  2.054e-01  2.097e-01  2.141e-01  2.185e-01  2.229e-01 	
 1.048e-03  3.504e-03  7.014e-03  1.129e-02  1.615e-02  2.149e-02  2.721e-02  3.324e-02  3.950e-02  4.593e-02  5.247e-02  5.908e-02  6.570e-02  7.231e-02  7.888e-02  8.539e-02  9.182e-02  9.816e-02  1.044e-01  1.105e-01  1.166e-01  1.226e-01  1.284e-01  1.342e-01  1.399e-01  1.455e-01  1.511e-01  1.566e-01  1.621e-01  1.676e-01  1.730e-01  1.784e-01  1.837e-01  1.891e-01  1.945e-01  1.999e-01  2.052e-01  2.106e-01  2.160e-01  2.215e-01  2.269e-01  2.324e-01  2.379e-01  2.434e-01  2.489e-01  2.545e-01  2.601e-01  2.658e-01  2.714e-01  2.771e-01 	
 1.266e-03  4.232e-03  8.472e-03  1.363e-02  1.951e-02  2.597e-02  3.290e-02  4.020e-02  4.779e-02  5.559e-02  6.354e-02  7.157e-02  7.964e-02  8.771e-02  9.573e-02  1.037e-01  1.116e-01  1.194e-01  1.271e-01  1.347e-01  1.422e-01  1.495e-01  1.569e-01  1.641e-01  1.712e-01  1.783e-01  1.853e-01  1.923e-01  1.992e-01  2.061e-01  2.130e-01  2.199e-01  2.268e-01  2.337e-01  2.406e-01  2.475e-01  2.544e-01  2.614e-01  2.684e-01  2.754e-01  2.825e-01  2.896e-01  2.968e-01  3.040e-01  3.112e-01  3.185e-01  3.258e-01  3.332e-01  3.406e-01  3.480e-01 	
 1.530e-03  5.113e-03  1.024e-02  1.648e-02  2.359e-02  3.141e-02  3.981e-02  4.867e-02  5.789e-02  6.738e-02  7.706e-02  8.687e-02  9.673e-02  1.066e-01  1.165e-01  1.263e-01  1.360e-01  1.457e-01  1.552e-01  1.647e-01  1.741e-01  1.834e-01  1.926e-01  2.017e-01  2.108e-01  2.198e-01  2.287e-01  2.377e-01  2.466e-01  2.555e-01  2.644e-01  2.734e-01  2.823e-01  2.913e-01  3.003e-01  3.094e-01  3.185e-01  3.276e-01  3.368e-01  3.461e-01  3.555e-01  3.649e-01  3.743e-01  3.839e-01  3.934e-01  4.031e-01  4.128e-01  4.226e-01  4.324e-01  4.422e-01 	
 1.850e-03  6.181e-03  1.238e-02  1.993e-02  2.855e-02  3.803e-02  4.823e-02  5.900e-02  7.024e-02  8.183e-02  9.368e-02  1.057e-01  1.178e-01  1.300e-01  1.423e-01  1.544e-01  1.666e-01  1.787e-01  1.907e-01  2.026e-01  2.145e-01  2.263e-01  2.381e-01  2.498e-01  2.615e-01  2.731e-01  2.848e-01  2.964e-01  3.081e-01  3.198e-01  3.315e-01  3.433e-01  3.551e-01  3.670e-01  3.790e-01  3.910e-01  4.031e-01  4.154e-01  4.276e-01  4.400e-01  4.525e-01  4.651e-01  4.777e-01  4.904e-01  5.032e-01  5.161e-01  5.291e-01  5.421e-01  5.551e-01  5.683e-01 	
 2.239e-03  7.478e-03  1.498e-02  2.413e-02  3.458e-02  4.611e-02  5.853e-02  7.169e-02  8.544e-02  9.966e-02  1.143e-01  1.291e-01  1.442e-01  1.594e-01  1.746e-01  1.899e-01  2.053e-01  2.206e-01  2.359e-01  2.512e-01  2.665e-01  2.818e-01  2.970e-01  3.123e-01  3.276e-01  3.429e-01  3.583e-01  3.737e-01  3.892e-01  4.048e-01  4.204e-01  4.361e-01  4.520e-01  4.679e-01  4.840e-01  5.001e-01  5.164e-01  5.328e-01  5.493e-01  5.659e-01  5.826e-01  5.994e-01  6.163e-01  6.333e-01  6.503e-01  6.675e-01  6.847e-01  7.019e-01  7.192e-01  7.365e-01 	
 2.714e-03  9.058e-03  1.815e-02  2.925e-02  4.197e-02  5.603e-02  7.122e-02  8.737e-02  1.043e-01  1.219e-01  1.400e-01  1.586e-01  1.774e-01  1.966e-01  2.159e-01  2.354e-01  2.550e-01  2.748e-01  2.946e-01  3.145e-01  3.345e-01  3.545e-01  3.747e-01  3.949e-01  4.152e-01  4.356e-01  4.562e-01  4.768e-01  4.976e-01  5.184e-01  5.395e-01  5.606e-01  5.819e-01  6.033e-01  6.248e-01  6.465e-01  6.682e-01  6.901e-01  7.121e-01  7.342e-01  7.563e-01  7.785e-01  8.008e-01  8.231e-01  8.454e-01  8.677e-01  8.900e-01  9.123e-01  9.345e-01  9.566e-01 	
 3.296e-03  1.099e-02  2.202e-02  3.554e-02  5.107e-02  6.831e-02  8.700e-02  1.070e-01  1.280e-01  1.500e-01  1.727e-01  1.962e-01  2.201e-01  2.446e-01  2.695e-01  2.947e-01  3.202e-01  3.460e-01  3.721e-01  3.983e-01  4.248e-01  4.515e-01  4.784e-01  5.054e-01  5.326e-01  5.600e-01  5.875e-01  6.152e-01  6.431e-01  6.710e-01  6.991e-01  7.273e-01  7.556e-01  7.840e-01  8.124e-01  8.409e-01  8.694e-01  8.980e-01  9.265e-01  9.550e-01  9.834e-01  1.012e+00  1.040e+00  1.068e+00  1.096e+00  1.124e+00  1.151e+00  1.179e+00  1.206e+00  1.233e+00 	
 4.014e-03  1.336e-02  2.680e-02  4.332e-02  6.238e-02  8.365e-02  1.069e-01  1.318e-01  1.582e-01  1.860e-01  2.150e-01  2.451e-01  2.760e-01  3.078e-01  3.403e-01  3.734e-01  4.071e-01  4.413e-01  4.760e-01  5.110e-01  5.464e-01  5.820e-01  6.179e-01  6.541e-01  6.904e-01  7.269e-01  7.634e-01  8.001e-01  8.368e-01  8.734e-01  9.101e-01  9.467e-01  9.832e-01  1.019e+00  1.056e+00  1.092e+00  1.127e+00  1.163e+00  1.198e+00  1.233e+00  1.267e+00  1.301e+00  1.334e+00  1.368e+00  1.400e+00  1.432e+00  1.464e+00  1.494e+00  1.525e+00  1.554e+00 	
 4.906e-03  1.631e-02  3.273e-02  5.303e-02  7.662e-02  1.031e-01  1.323e-01  1.638e-01  1.976e-01  2.333e-01  2.709e-01  3.100e-01  3.507e-01  3.926e-01  4.356e-01  4.797e-01  5.246e-01  5.702e-01  6.164e-01  6.631e-01  7.101e-01  7.574e-01  8.048e-01  8.523e-01  8.997e-01  9.470e-01  9.941e-01  1.041e+00  1.087e+00  1.133e+00  1.179e+00  1.224e+00  1.268e+00  1.312e+00  1.355e+00  1.397e+00  1.438e+00  1.479e+00  1.519e+00  1.558e+00  1.595e+00  1.632e+00  1.668e+00  1.703e+00  1.737e+00  1.770e+00  1.802e+00  1.833e+00  1.863e+00  1.892e+00 	
 6.028e-03  1.999e-02  4.019e-02  6.534e-02  9.482e-02  1.283e-01  1.654e-01  2.060e-01  2.499e-01  2.967e-01  3.462e-01  3.981e-01  4.521e-01  5.080e-01  5.655e-01  6.242e-01  6.839e-01  7.444e-01  8.053e-01  8.664e-01  9.274e-01  9.883e-01  1.049e+00  1.108e+00  1.167e+00  1.226e+00  1.283e+00  1.339e+00  1.393e+00  1.447e+00  1.499e+00  1.549e+00  1.598e+00  1.646e+00  1.692e+00  1.736e+00  1.779e+00  1.821e+00  1.860e+00  1.899e+00  1.935e+00  1.970e+00  2.004e+00  2.036e+00  2.067e+00  2.096e+00  2.124e+00  2.150e+00  2.176e+00  2.200e+00 	
 7.459e-03  2.466e-02  4.970e-02  8.122e-02  1.186e-01  1.616e-01  2.098e-01  2.631e-01  3.211e-01  3.834e-01  4.496e-01  5.191e-01  5.914e-01  6.660e-01  7.422e-01  8.195e-01  8.973e-01  9.752e-01  1.053e+00  1.129e+00  1.204e+00  1.278e+00  1.350e+00  1.420e+00  1.488e+00  1.553e+00  1.616e+00  1.676e+00  1.734e+00  1.789e+00  1.842e+00  1.892e+00  1.940e+00  1.985e+00  2.028e+00  2.068e+00  2.106e+00  2.142e+00  2.176e+00  2.208e+00  2.237e+00  2.265e+00  2.292e+00  2.316e+00  2.339e+00  2.360e+00  2.380e+00  2.399e+00  2.416e+00  2.432e+00 	
 9.316e-03  3.070e-02  6.211e-02  1.022e-01  1.505e-01  2.067e-01  2.707e-01  3.420e-01  4.200e-01  5.040e-01  5.930e-01  6.860e-01  7.818e-01  8.793e-01  9.775e-01  1.075e+00  1.172e+00  1.267e+00  1.358e+00  1.447e+00  1.532e+00  1.614e+00  1.691e+00  1.764e+00  1.833e+00  1.897e+00  1.958e+00  2.014e+00  2.067e+00  2.116e+00  2.162e+00  2.204e+00  2.243e+00  2.278e+00  2.311e+00  2.342e+00  2.370e+00  2.395e+00  2.418e+00  2.440e+00  2.459e+00  2.477e+00  2.493e+00  2.508e+00  2.521e+00  2.533e+00  2.544e+00  2.553e+00  2.562e+00  2.570e+00 	
 1.178e-02  3.867e-02  7.867e-02  1.307e-01  1.944e-01  2.698e-01  3.563e-01  4.531e-01  5.590e-01  6.720e-01  7.903e-01  9.118e-01  1.034e+00  1.156e+00  1.275e+00  1.390e+00  1.500e+00  1.605e+00  1.703e+00  1.794e+00  1.879e+00  1.957e+00  2.029e+00  2.094e+00  2.154e+00  2.208e+00  2.257e+00  2.302e+00  2.341e+00  2.377e+00  2.409e+00  2.438e+00  2.463e+00  2.486e+00  2.506e+00  2.524e+00  2.539e+00  2.553e+00  2.565e+00  2.576e+00  2.585e+00  2.593e+00  2.599e+00  2.605e+00  2.610e+00  2.614e+00  2.617e+00  2.620e+00  2.622e+00  2.624e+00 	
 1.511e-02  4.947e-02  1.015e-01  1.705e-01  2.567e-01  3.598e-01  4.784e-01  6.104e-01  7.526e-01  9.013e-01  1.053e+00  1.203e+00  1.349e+00  1.488e+00  1.619e+00  1.740e+00  1.851e+00  1.951e+00  2.041e+00  2.122e+00  2.193e+00  2.256e+00  2.312e+00  2.360e+00  2.403e+00  2.440e+00  2.472e+00  2.499e+00  2.523e+00  2.543e+00  2.560e+00  2.575e+00  2.587e+00  2.597e+00  2.605e+00  2.612e+00  2.618e+00  2.622e+00  2.625e+00  2.627e+00  2.629e+00  2.630e+00  2.630e+00  2.630e+00  2.629e+00  2.628e+00  2.626e+00  2.624e+00  2.622e+00  2.620e+00 	
 1.976e-02  6.457e-02  1.339e-01  2.280e-01  3.472e-01  4.899e-01  6.525e-01  8.293e-01  1.013e+00  1.198e+00  1.377e+00  1.546e+00  1.702e+00  1.842e+00  1.967e+00  2.076e+00  2.170e+00  2.251e+00  2.320e+00  2.379e+00  2.428e+00  2.469e+00  2.504e+00  2.532e+00  2.555e+00  2.574e+00  2.590e+00  2.602e+00  2.612e+00  2.619e+00  2.624e+00  2.628e+00  2.631e+00  2.632e+00  2.632e+00  2.632e+00  2.631e+00  2.629e+00  2.627e+00  2.624e+00  2.621e+00  2.618e+00  2.614e+00  2.611e+00  2.607e+00  2.603e+00  2.599e+00  2.595e+00  2.591e+00  2.587e+00 	
 2.644e-02  8.638e-02  1.815e-01  3.131e-01  4.803e-01  6.774e-01  8.945e-01  1.120e+00  1.341e+00  1.549e+00  1.738e+00  1.903e+00  2.045e+00  2.165e+00  2.264e+00  2.346e+00  2.412e+00  2.465e+00  2.508e+00  2.542e+00  2.568e+00  2.588e+00  2.604e+00  2.615e+00  2.623e+00  2.629e+00  2.632e+00  2.634e+00  2.634e+00  2.633e+00  2.631e+00  2.628e+00  2.625e+00  2.621e+00  2.617e+00  2.612e+00  2.608e+00  2.603e+00  2.598e+00  2.593e+00  2.587e+00  2.582e+00  2.577e+00  2.572e+00  2.567e+00  2.562e+00  2.557e+00  2.552e+00  2.548e+00  2.543e+00 	
 3.635e-02  1.191e-01  2.535e-01  4.410e-01  6.748e-01  9.385e-01  1.211e+00  1.473e+00  1.709e+00  1.912e+00  2.081e+00  2.218e+00  2.326e+00  2.410e+00  2.475e+00  2.524e+00  2.561e+00  2.588e+00  2.607e+00  2.620e+00  2.629e+00  2.634e+00  2.637e+00  2.637e+00  2.635e+00  2.632e+00  2.628e+00  2.624e+00  2.618e+00  2.613e+00  2.607e+00  2.601e+00  2.594e+00  2.588e+00  2.581e+00  2.575e+00  2.569e+00  2.562e+00  2.556e+00  2.550e+00  2.544e+00  2.538e+00  2.532e+00  2.527e+00  2.521e+00  2.516e+00  2.511e+00  2.506e+00  2.501e+00  2.496e+00 	
 5.154e-02  1.696e-01  3.646e-01  6.323e-01  9.487e-01  1.277e+00  1.585e+00  1.850e+00  2.064e+00  2.231e+00  2.357e+00  2.449e+00  2.516e+00  2.563e+00  2.595e+00  2.617e+00  2.630e+00  2.638e+00  2.641e+00  2.641e+00  2.638e+00  2.634e+00  2.629e+00  2.622e+00  2.615e+00  2.608e+00  2.600e+00  2.592e+00  2.584e+00  2.576e+00  2.568e+00  2.561e+00  2.553e+00  2.546e+00  2.538e+00  2.531e+00  2.524e+00  2.517e+00  2.511e+00  2.504e+00  2.498e+00  2.492e+00  2.486e+00  2.481e+00  2.475e+00  2.470e+00  2.465e+00  2.460e+00  2.455e+00  2.450e+00 	
 7.557e-02  2.499e-01  5.364e-01  9.082e-01  1.305e+00  1.669e+00  1.965e+00  2.190e+00  2.351e+00  2.463e+00  2.539e+00  2.588e+00  2.619e+00  2.636e+00  2.645e+00  2.648e+00  2.646e+00  2.642e+00  2.635e+00  2.627e+00  2.618e+00  2.609e+00  2.599e+00  2.589e+00  2.579e+00  2.570e+00  2.560e+00  2.551e+00  2.542e+00  2.533e+00  2.524e+00  2.516e+00  2.508e+00  2.500e+00  2.493e+00  2.485e+00  2.478e+00  2.472e+00  2.465e+00  2.459e+00  2.453e+00  2.447e+00  2.441e+00  2.436e+00  2.430e+00  2.425e+00  2.420e+00  2.415e+00  2.411e+00  2.406e+00 	
 1.146e-01  3.788e-01  7.938e-01  1.274e+00  1.712e+00  2.052e+00  2.289e+00  2.445e+00  2.542e+00  2.601e+00  2.634e+00  2.651e+00  2.656e+00  2.655e+00  2.649e+00  2.640e+00  2.630e+00  2.618e+00  2.606e+00  2.594e+00  2.582e+00  2.570e+00  2.559e+00  2.547e+00  2.536e+00  2.526e+00  2.516e+00  2.506e+00  2.497e+00  2.488e+00  2.479e+00  2.471e+00  2.463e+00  2.455e+00  2.448e+00  2.441e+00  2.434e+00  2.427e+00  2.421e+00  2.415e+00  2.409e+00  2.404e+00  2.398e+00  2.393e+00  2.388e+00  2.383e+00  2.379e+00  2.374e+00  2.370e+00  2.366e+00 	
 1.789e-01  5.815e-01  1.150e+00  1.695e+00  2.100e+00  2.360e+00  2.513e+00  2.598e+00  2.642e+00  2.661e+00  2.665e+00  2.661e+00  2.651e+00  2.639e+00  2.625e+00  2.610e+00  2.595e+00  2.580e+00  2.566e+00  2.552e+00  2.539e+00  2.526e+00  2.514e+00  2.502e+00  2.491e+00  2.480e+00  2.470e+00  2.461e+00  2.452e+00  2.443e+00  2.434e+00  2.426e+00  2.419e+00  2.412e+00  2.405e+00  2.398e+00  2.392e+00  2.385e+00  2.380e+00  2.374e+00  2.369e+00  2.363e+00  2.358e+00  2.353e+00  2.349e+00  2.344e+00  2.340e+00  2.336e+00  2.332e+00  2.328e+00 	
 2.837e-01  8.802e-01  1.575e+00  2.094e+00  2.399e+00  2.558e+00  2.635e+00  2.666e+00  2.673e+00  2.668e+00  2.655e+00  2.639e+00  2.621e+00  2.603e+00  2.585e+00  2.568e+00  2.551e+00  2.535e+00  2.520e+00  2.506e+00  2.493e+00  2.480e+00  2.468e+00  2.457e+00  2.446e+00  2.436e+00  2.426e+00  2.417e+00  2.408e+00  2.400e+00  2.392e+00  2.385e+00  2.378e+00  2.371e+00  2.364e+00  2.358e+00  2.352e+00  2.347e+00  2.341e+00  2.336e+00  2.331e+00  2.326e+00  2.322e+00  2.317e+00  2.313e+00  2.309e+00  2.305e+00  2.301e+00  2.298e+00  2.294e+00 	
 4.471e-01  1.268e+00  1.990e+00  2.394e+00  2.580e+00  2.655e+00  2.677e+00  2.675e+00  2.661e+00  2.642e+00  2.621e+00  2.600e+00  2.579e+00  2.558e+00  2.539e+00  2.521e+00  2.505e+00  2.489e+00  2.474e+00  2.460e+00  2.447e+00  2.435e+00  2.424e+00  2.413e+00  2.403e+00  2.393e+00  2.384e+00  2.376e+00  2.368e+00  2.360e+00  2.353e+00  2.346e+00  2.339e+00  2.333e+00  2.327e+00  2.321e+00  2.316e+00  2.311e+00  2.306e+00  2.301e+00  2.297e+00  2.292e+00  2.288e+00  2.284e+00  2.280e+00  2.276e+00  2.273e+00  2.269e+00  2.266e+00  2.263e+00 	
 6.802e-01  1.685e+00  2.312e+00  2.571e+00  2.660e+00  2.679e+00  2.670e+00  2.650e+00  2.626e+00  2.601e+00  2.576e+00  2.553e+00  2.531e+00  2.511e+00  2.492e+00  2.474e+00  2.458e+00  2.443e+00  2.429e+00  2.416e+00  2.404e+00  2.392e+00  2.382e+00  2.372e+00  2.363e+00  2.354e+00  2.345e+00  2.338e+00  2.330e+00  2.323e+00  2.317e+00  2.310e+00  2.304e+00  2.299e+00  2.293e+00  2.288e+00  2.283e+00  2.278e+00  2.274e+00  2.269e+00  2.265e+00  2.261e+00  2.257e+00  2.254e+00  2.250e+00  2.247e+00  2.244e+00  2.241e+00  2.238e+00  2.235e+00 	
 9.727e-01  2.047e+00  2.509e+00  2.648e+00  2.674e+00  2.662e+00  2.637e+00  2.608e+00  2.580e+00  2.553e+00  2.528e+00  2.504e+00  2.483e+00  2.464e+00  2.446e+00  2.429e+00  2.414e+00  2.400e+00  2.387e+00  2.375e+00  2.363e+00  2.353e+00  2.343e+00  2.334e+00  2.325e+00  2.317e+00  2.310e+00  2.303e+00  2.296e+00  2.290e+00  2.283e+00  2.278e+00  2.272e+00  2.267e+00  2.262e+00  2.257e+00  2.253e+00  2.249e+00  2.245e+00  2.241e+00  2.237e+00  2.233e+00  2.230e+00  2.227e+00  2.223e+00  2.220e+00  2.217e+00  2.215e+00  2.212e+00  2.209e+00 	
 1.292e+00  2.305e+00  2.605e+00  2.662e+00  2.652e+00  2.624e+00  2.592e+00  2.560e+00  2.531e+00  2.504e+00  2.480e+00  2.457e+00  2.437e+00  2.419e+00  2.402e+00  2.387e+00  2.373e+00  2.360e+00  2.348e+00  2.336e+00  2.326e+00  2.317e+00  2.308e+00  2.299e+00  2.292e+00  2.284e+00  2.277e+00  2.271e+00  2.265e+00  2.259e+00  2.253e+00  2.248e+00  2.243e+00  2.239e+00  2.234e+00  2.230e+00  2.226e+00  2.222e+00  2.218e+00  2.215e+00  2.211e+00  2.208e+00  2.205e+00  2.202e+00  2.199e+00  2.196e+00  2.194e+00  2.191e+00  2.189e+00  2.187e+00 	
 1.603e+00  2.463e+00  2.634e+00  2.642e+00  2.613e+00  2.578e+00  2.543e+00  2.511e+00  2.483e+00  2.457e+00  2.434e+00  2.413e+00  2.394e+00  2.377e+00  2.362e+00  2.347e+00  2.335e+00  2.323e+00  2.312e+00  2.302e+00  2.292e+00  2.284e+00  2.275e+00  2.268e+00  2.261e+00  2.254e+00  2.248e+00  2.242e+00  2.236e+00  2.231e+00  2.226e+00  2.222e+00  2.217e+00  2.213e+00  2.209e+00  2.205e+00  2.201e+00  2.198e+00  2.195e+00  2.191e+00  2.188e+00  2.185e+00  2.183e+00  2.180e+00  2.177e+00  2.175e+00  2.173e+00  2.170e+00  2.168e+00  2.166e+00 	
 1.880e+00  2.546e+00  2.627e+00  2.605e+00  2.567e+00  2.529e+00  2.495e+00  2.464e+00  2.437e+00  2.412e+00  2.391e+00  2.372e+00  2.354e+00  2.339e+00  2.325e+00  2.312e+00  2.300e+00  2.289e+00  2.279e+00  2.270e+00  2.261e+00  2.254e+00  2.246e+00  2.239e+00  2.233e+00  2.227e+00  2.221e+00  2.216e+00  2.211e+00  2.206e+00  2.202e+00  2.198e+00  2.194e+00  2.190e+00  2.186e+00  2.183e+00  2.179e+00  2.176e+00  2.173e+00  2.170e+00  2.168e+00  2.165e+00  2.163e+00  2.160e+00  2.158e+00  2.156e+00  2.153e+00  2.151e+00  2.149e+00  2.148e+00 	
 2.109e+00  2.579e+00  2.599e+00  2.562e+00  2.520e+00  2.482e+00  2.449e+00  2.419e+00  2.394e+00  2.371e+00  2.352e+00  2.334e+00  2.318e+00  2.304e+00  2.291e+00  2.279e+00  2.268e+00  2.259e+00  2.249e+00  2.241e+00  2.233e+00  2.226e+00  2.220e+00  2.214e+00  2.208e+00  2.202e+00  2.197e+00  2.192e+00  2.188e+00  2.184e+00  2.180e+00  2.176e+00  2.172e+00  2.169e+00  2.166e+00  2.163e+00  2.160e+00  2.157e+00  2.154e+00  2.152e+00  2.149e+00  2.147e+00  2.144e+00  2.142e+00  2.140e+00  2.138e+00  2.136e+00  2.135e+00  2.133e+00  2.131e+00 	
 2.281e+00  2.579e+00  2.562e+00  2.517e+00  2.474e+00  2.437e+00  2.405e+00  2.378e+00  2.354e+00  2.334e+00  2.316e+00  2.299e+00  2.285e+00  2.272e+00  2.260e+00  2.249e+00  2.240e+00  2.231e+00  2.223e+00  2.215e+00  2.208e+00  2.202e+00  2.196e+00  2.190e+00  2.185e+00  2.180e+00  2.176e+00  2.171e+00  2.167e+00  2.164e+00  2.160e+00  2.157e+00  2.153e+00  2.150e+00  2.147e+00  2.145e+00  2.142e+00  2.139e+00  2.137e+00  2.135e+00  2.132e+00  2.130e+00  2.128e+00  2.126e+00  2.125e+00  2.123e+00  2.121e+00  2.119e+00  2.118e+00  2.116e+00 	
 2.395e+00  2.560e+00  2.521e+00  2.472e+00  2.430e+00  2.395e+00  2.365e+00  2.340e+00  2.318e+00  2.299e+00  2.283e+00  2.268e+00  2.255e+00  2.243e+00  2.232e+00  2.223e+00  2.214e+00  2.206e+00  2.199e+00  2.192e+00  2.186e+00  2.180e+00  2.174e+00  2.169e+00  2.165e+00  2.160e+00  2.156e+00  2.152e+00  2.149e+00  2.145e+00  2.142e+00  2.139e+00  2.136e+00  2.133e+00  2.131e+00  2.128e+00  2.126e+00  2.124e+00  2.122e+00  2.120e+00  2.118e+00  2.116e+00  2.114e+00  2.112e+00  2.111e+00  2.109e+00  2.107e+00  2.106e+00  2.105e+00  2.103e+00 	
 2.459e+00  2.529e+00  2.478e+00  2.429e+00  2.389e+00  2.356e+00  2.329e+00  2.306e+00  2.286e+00  2.268e+00  2.253e+00  2.240e+00  2.228e+00  2.217e+00  2.207e+00  2.199e+00  2.191e+00  2.183e+00  2.177e+00  2.171e+00  2.165e+00  2.160e+00  2.155e+00  2.151e+00  2.146e+00  2.143e+00  2.139e+00  2.135e+00  2.132e+00  2.129e+00  2.126e+00  2.124e+00  2.121e+00  2.118e+00  2.116e+00  2.114e+00  2.112e+00  2.110e+00  2.108e+00  2.106e+00  2.104e+00  2.103e+00  2.101e+00  2.099e+00  2.098e+00  2.097e+00  2.095e+00  2.094e+00  2.093e+00  2.092e+00 	
 2.485e+00  2.493e+00  2.436e+00  2.389e+00  2.351e+00  2.321e+00  2.295e+00  2.274e+00  2.256e+00  2.240e+00  2.226e+00  2.214e+00  2.203e+00  2.193e+00  2.185e+00  2.177e+00  2.170e+00  2.163e+00  2.157e+00  2.152e+00  2.147e+00  2.142e+00  2.138e+00  2.134e+00  2.130e+00  2.127e+00  2.123e+00  2.120e+00  2.117e+00  2.115e+00  2.112e+00  2.110e+00  2.107e+00  2.105e+00  2.103e+00  2.101e+00  2.099e+00  2.097e+00  2.096e+00  2.094e+00  2.092e+00  2.091e+00  2.090e+00  2.088e+00  2.087e+00  2.086e+00  2.084e+00  2.083e+00  2.082e+00  2.081e+00 	
 2.485e+00  2.454e+00  2.397e+00  2.352e+00  2.316e+00  2.288e+00  2.265e+00  2.245e+00  2.229e+00  2.214e+00  2.202e+00  2.191e+00  2.181e+00  2.172e+00  2.164e+00  2.157e+00  2.151e+00  2.145e+00  2.140e+00  2.135e+00  2.130e+00  2.126e+00  2.122e+00  2.119e+00  2.115e+00  2.112e+00  2.109e+00  2.107e+00  2.104e+00  2.102e+00  2.099e+00  2.097e+00  2.095e+00  2.093e+00  2.091e+00  2.090e+00  2.088e+00  2.086e+00  2.085e+00  2.083e+00  2.082e+00  2.081e+00  2.079e+00  2.078e+00  2.077e+00  2.076e+00  2.075e+00  2.074e+00  2.073e+00  2.072e+00 	
 2.468e+00  2.416e+00  2.360e+00  2.317e+00  2.285e+00  2.259e+00  2.237e+00  2.219e+00  2.204e+00  2.191e+00  2.180e+00  2.170e+00  2.161e+00  2.153e+00  2.146e+00  2.140e+00  2.134e+00  2.129e+00  2.124e+00  2.120e+00  2.116e+00  2.112e+00  2.109e+00  2.105e+00  2.102e+00  2.100e+00  2.097e+00  2.095e+00  2.092e+00  2.090e+00  2.088e+00  2.086e+00  2.084e+00  2.083e+00  2.081e+00  2.079e+00  2.078e+00  2.076e+00  2.075e+00  2.074e+00  2.073e+00  2.071e+00  2.070e+00  2.069e+00  2.068e+00  2.067e+00  2.066e+00  2.065e+00  2.064e+00  2.064e+00 	
 2.442e+00  2.379e+00  2.325e+00  2.286e+00  2.256e+00  2.232e+00  2.212e+00  2.196e+00  2.182e+00  2.170e+00  2.160e+00  2.151e+00  2.143e+00  2.136e+00  2.130e+00  2.124e+00  2.119e+00  2.114e+00  2.110e+00  2.106e+00  2.103e+00  2.099e+00  2.096e+00  2.093e+00  2.091e+00  2.088e+00  2.086e+00  2.084e+00  2.082e+00  2.080e+00  2.078e+00  2.076e+00  2.075e+00  2.073e+00  2.072e+00  2.070e+00  2.069e+00  2.068e+00  2.066e+00  2.065e+00  2.064e+00  2.063e+00  2.062e+00  2.061e+00  2.060e+00  2.059e+00  2.058e+00  2.058e+00  2.057e+00  2.056e+00 	
 2.412e+00  2.345e+00  2.294e+00  2.257e+00  2.229e+00  2.207e+00  2.190e+00  2.175e+00  2.162e+00  2.152e+00  2.142e+00  2.134e+00  2.127e+00  2.121e+00  2.115e+00  2.110e+00  2.106e+00  2.101e+00  2.098e+00  2.094e+00  2.091e+00  2.088e+00  2.085e+00  2.083e+00  2.080e+00  2.078e+00  2.076e+00  2.074e+00  2.072e+00  2.071e+00  2.069e+00  2.067e+00  2.066e+00  2.065e+00  2.063e+00  2.062e+00  2.061e+00  2.060e+00  2.059e+00  2.058e+00  2.057e+00  2.056e+00  2.055e+00  2.054e+00  2.053e+00  2.052e+00  2.052e+00  2.051e+00  2.050e+00  2.050e+00 	
 2.379e+00  2.313e+00  2.265e+00  2.231e+00  2.205e+00  2.185e+00  2.169e+00  2.156e+00  2.144e+00  2.135e+00  2.126e+00  2.119e+00  2.113e+00  2.107e+00  2.102e+00  2.098e+00  2.093e+00  2.090e+00  2.086e+00  2.083e+00  2.080e+00  2.078e+00  2.075e+00  2.073e+00  2.071e+00  2.069e+00  2.067e+00  2.066e+00  2.064e+00  2.062e+00  2.061e+00  2.060e+00  2.058e+00  2.057e+00  2.056e+00  2.055e+00  2.054e+00  2.053e+00  2.052e+00  2.051e+00  2.050e+00  2.049e+00  2.049e+00  2.048e+00  2.047e+00  2.046e+00  2.046e+00  2.045e+00  2.044e+00  2.044e+00 	
 2.348e+00  2.283e+00  2.238e+00  2.207e+00  2.184e+00  2.165e+00  2.151e+00  2.138e+00  2.128e+00  2.120e+00  2.112e+00  2.106e+00  2.100e+00  2.095e+00  2.090e+00  2.086e+00  2.083e+00  2.079e+00  2.076e+00  2.074e+00  2.071e+00  2.069e+00  2.067e+00  2.065e+00  2.063e+00  2.061e+00  2.059e+00  2.058e+00  2.056e+00  2.055e+00  2.054e+00  2.053e+00  2.052e+00  2.050e+00  2.049e+00  2.048e+00  2.048e+00  2.047e+00  2.046e+00  2.045e+00  2.044e+00  2.044e+00  2.043e+00  2.042e+00  2.042e+00  2.041e+00  2.040e+00  2.040e+00  2.039e+00  2.039e+00 	
 2.317e+00  2.256e+00  2.214e+00  2.186e+00  2.164e+00  2.147e+00  2.134e+00  2.123e+00  2.114e+00  2.106e+00  2.099e+00  2.094e+00  2.089e+00  2.084e+00  2.080e+00  2.076e+00  2.073e+00  2.070e+00  2.068e+00  2.065e+00  2.063e+00  2.061e+00  2.059e+00  2.057e+00  2.055e+00  2.054e+00  2.053e+00  2.051e+00  2.050e+00  2.049e+00  2.048e+00  2.047e+00  2.046e+00  2.045e+00  2.044e+00  2.043e+00  2.042e+00  2.041e+00  2.040e+00  2.040e+00  2.039e+00  2.038e+00  2.038e+00  2.037e+00  2.037e+00  2.036e+00  2.036e+00  2.035e+00  2.035e+00  2.034e+00 	
 2.288e+00  2.231e+00  2.193e+00  2.166e+00  2.146e+00  2.131e+00  2.119e+00  2.109e+00  2.101e+00  2.094e+00  2.088e+00  2.083e+00  2.078e+00  2.074e+00  2.071e+00  2.068e+00  2.065e+00  2.062e+00  2.060e+00  2.058e+00  2.056e+00  2.054e+00  2.052e+00  2.050e+00  2.049e+00  2.048e+00  2.046e+00  2.045e+00  2.044e+00  2.043e+00  2.042e+00  2.041e+00  2.040e+00  2.039e+00  2.039e+00  2.038e+00  2.037e+00  2.036e+00  2.036e+00  2.035e+00  2.035e+00  2.034e+00  2.033e+00  2.033e+00  2.032e+00  2.032e+00  2.031e+00  2.031e+00  2.031e+00  2.030e+00 	
 2.261e+00  2.208e+00  2.173e+00  2.148e+00  2.130e+00  2.117e+00  2.106e+00  2.097e+00  2.089e+00  2.083e+00  2.078e+00  2.073e+00  2.069e+00  2.066e+00  2.063e+00  2.060e+00  2.057e+00  2.055e+00  2.053e+00  2.051e+00  2.049e+00  2.047e+00  2.046e+00  2.045e+00  2.043e+00  2.042e+00  2.041e+00  2.040e+00  2.039e+00  2.038e+00  2.037e+00  2.036e+00  2.035e+00  2.035e+00  2.034e+00  2.033e+00  2.033e+00  2.032e+00  2.032e+00  2.031e+00  2.030e+00  2.030e+00  2.030e+00  2.029e+00  2.029e+00  2.028e+00  2.028e+00  2.027e+00  2.027e+00  2.027e+00 	
