 8.021e-01  2.295e-01  1.245e-01  9.764e-02  9.146e-02  9.417e-02  1.022e-01  1.141e-01  1.295e-01  1.482e-01  1.700e-01  1.951e-01  2.236e-01  2.555e-01  2.912e-01  3.306e-01  3.741e-01  4.217e-01  4.736e-01  5.301e-01  5.913e-01  6.575e-01  7.287e-01  8.052e-01  8.872e-01  9.748e-01  1.068e+00  1.168e+00  1.274e+00  1.386e+00  1.505e+00  1.630e+00  1.763e+00  1.903e+00  2.050e+00  2.205e+00  2.368e+00  2.539e+00  2.718e+00  2.905e+00  3.101e+00  3.305e+00  3.519e+00  3.742e+00  3.974e+00  4.216e+00  4.467e+00  4.728e+00  5.000e+00  5.282e+00 	
 6.681e-01  2.008e-01  1.142e-01  9.308e-02  8.982e-02  9.454e-02  1.043e-01  1.179e-01  1.351e-01  1.556e-01  1.797e-01  2.072e-01  2.384e-01  2.734e-01  3.124e-01  3.556e-01  4.031e-01  4.553e-01  5.122e-01  5.741e-01  6.412e-01  7.136e-01  7.917e-01  8.756e-01  9.655e-01  1.062e+00  1.164e+00  1.273e+00  1.389e+00  1.512e+00  1.643e+00  1.781e+00  1.926e+00  2.080e+00  2.242e+00  2.412e+00  2.590e+00  2.777e+00  2.974e+00  3.179e+00  3.394e+00  3.619e+00  3.853e+00  4.098e+00  4.352e+00  4.617e+00  4.893e+00  5.180e+00  5.478e+00  5.787e+00 	
 5.627e-01  1.809e-01  1.084e-01  9.223e-02  9.199e-02  9.928e-02  1.116e-01  1.280e-01  1.483e-01  1.725e-01  2.006e-01  2.327e-01  2.691e-01  3.099e-01  3.555e-01  4.059e-01  4.615e-01  5.225e-01  5.891e-01  6.615e-01  7.401e-01  8.251e-01  9.166e-01  1.015e+00  1.121e+00  1.233e+00  1.354e+00  1.482e+00  1.619e+00  1.764e+00  1.917e+00  2.080e+00  2.251e+00  2.432e+00  2.622e+00  2.823e+00  3.033e+00  3.254e+00  3.486e+00  3.728e+00  3.982e+00  4.247e+00  4.523e+00  4.812e+00  5.113e+00  5.426e+00  5.752e+00  6.091e+00  6.443e+00  6.808e+00 	
 4.782e-01  1.649e-01  1.039e-01  9.171e-02  9.419e-02  1.040e-01  1.189e-01  1.382e-01  1.619e-01  1.898e-01  2.223e-01  2.594e-01  3.014e-01  3.487e-01  4.013e-01  4.597e-01  5.241e-01  5.947e-01  6.720e-01  7.561e-01  8.473e-01  9.461e-01  1.053e+00  1.167e+00  1.290e+00  1.421e+00  1.562e+00  1.712e+00  1.871e+00  2.040e+00  2.219e+00  2.409e+00  2.609e+00  2.820e+00  3.043e+00  3.277e+00  3.523e+00  3.782e+00  4.053e+00  4.337e+00  4.634e+00  4.944e+00  5.268e+00  5.606e+00  5.959e+00  6.326e+00  6.708e+00  7.105e+00  7.518e+00  7.947e+00 	
 4.170e-01  1.531e-01  1.003e-01  9.089e-02  9.520e-02  1.066e-01  1.233e-01  1.447e-01  1.706e-01  2.012e-01  2.367e-01  2.772e-01  3.232e-01  3.748e-01  4.323e-01  4.962e-01  5.667e-01  6.440e-01  7.286e-01  8.208e-01  9.209e-01  1.029e+00  1.146e+00  1.272e+00  1.407e+00  1.551e+00  1.705e+00  1.870e+00  2.045e+00  2.230e+00  2.427e+00  2.636e+00  2.856e+00  3.089e+00  3.334e+00  3.592e+00  3.863e+00  4.147e+00  4.445e+00  4.758e+00  5.085e+00  5.427e+00  5.784e+00  6.156e+00  6.545e+00  6.949e+00  7.370e+00  7.808e+00  8.263e+00  8.736e+00 	
 3.696e-01  1.441e-01  9.778e-02  9.065e-02  9.650e-02  1.094e-01  1.277e-01  1.509e-01  1.789e-01  2.120e-01  2.502e-01  2.940e-01  3.435e-01  3.993e-01  4.614e-01  5.304e-01  6.066e-01  6.902e-01  7.818e-01  8.815e-01  9.898e-01  1.107e+00  1.234e+00  1.370e+00  1.516e+00  1.672e+00  1.840e+00  2.018e+00  2.208e+00  2.409e+00  2.623e+00  2.849e+00  3.088e+00  3.341e+00  3.607e+00  3.887e+00  4.181e+00  4.490e+00  4.814e+00  5.154e+00  5.509e+00  5.880e+00  6.268e+00  6.673e+00  7.095e+00  7.535e+00  7.993e+00  8.469e+00  8.963e+00  9.477e+00 	
 3.338e-01  1.378e-01  9.673e-02  9.152e-02  9.884e-02  1.133e-01  1.333e-01  1.585e-01  1.889e-01  2.247e-01  2.662e-01  3.136e-01  3.674e-01  4.278e-01  4.953e-01  5.702e-01  6.529e-01  7.439e-01  8.434e-01  9.519e-01  1.070e+00  1.197e+00  1.335e+00  1.483e+00  1.643e+00  1.813e+00  1.996e+00  2.190e+00  2.397e+00  2.617e+00  2.850e+00  3.097e+00  3.358e+00  3.633e+00  3.924e+00  4.229e+00  4.551e+00  4.888e+00  5.242e+00  5.613e+00  6.001e+00  6.407e+00  6.831e+00  7.274e+00  7.735e+00  8.216e+00  8.716e+00  9.237e+00  9.778e+00  1.034e+01 	
 3.030e-01  1.322e-01  9.582e-02  9.241e-02  1.011e-01  1.170e-01  1.387e-01  1.659e-01  1.987e-01  2.372e-01  2.818e-01  3.329e-01  3.907e-01  4.559e-01  5.286e-01  6.094e-01  6.987e-01  7.968e-01  9.043e-01  1.021e+00  1.149e+00  1.287e+00  1.436e+00  1.596e+00  1.768e+00  1.953e+00  2.150e+00  2.361e+00  2.585e+00  2.823e+00  3.076e+00  3.343e+00  3.626e+00  3.925e+00  4.239e+00  4.571e+00  4.919e+00  5.285e+00  5.669e+00  6.071e+00  6.493e+00  6.933e+00  7.393e+00  7.873e+00  8.374e+00  8.895e+00  9.438e+00  1.000e+01  1.059e+01  1.120e+01 	
 2.760e-01  1.269e-01  9.487e-02  9.314e-02  1.032e-01  1.205e-01  1.438e-01  1.728e-01  2.078e-01  2.489e-01  2.965e-01  3.511e-01  4.129e-01  4.825e-01  5.603e-01  6.467e-01  7.423e-01  8.473e-01  9.624e-01  1.088e+00  1.224e+00  1.372e+00  1.532e+00  1.704e+00  1.889e+00  2.087e+00  2.299e+00  2.525e+00  2.765e+00  3.021e+00  3.292e+00  3.580e+00  3.884e+00  4.204e+00  4.543e+00  4.899e+00  5.273e+00  5.667e+00  6.080e+00  6.512e+00  6.965e+00  7.438e+00  7.933e+00  8.450e+00  8.988e+00  9.549e+00  1.013e+01  1.074e+01  1.137e+01  1.203e+01 	
 2.528e-01  1.223e-01  9.430e-02  9.421e-02  1.056e-01  1.243e-01  1.492e-01  1.803e-01  2.176e-01  2.614e-01  3.123e-01  3.705e-01  4.365e-01  5.109e-01  5.940e-01  6.864e-01  7.886e-01  9.011e-01  1.024e+00  1.159e+00  1.305e+00  1.463e+00  1.635e+00  1.819e+00  2.017e+00  2.230e+00  2.457e+00  2.699e+00  2.957e+00  3.232e+00  3.523e+00  3.831e+00  4.158e+00  4.502e+00  4.865e+00  5.248e+00  5.650e+00  6.073e+00  6.516e+00  6.981e+00  7.468e+00  7.977e+00  8.508e+00  9.063e+00  9.642e+00  1.025e+01  1.087e+01  1.153e+01  1.221e+01  1.291e+01 	
 2.329e-01  1.186e-01  9.426e-02  9.581e-02  1.086e-01  1.288e-01  1.557e-01  1.889e-01  2.289e-01  2.758e-01  3.302e-01  3.925e-01  4.633e-01  5.430e-01  6.322e-01  7.314e-01  8.411e-01  9.618e-01  1.094e+00  1.239e+00  1.396e+00  1.566e+00  1.750e+00  1.949e+00  2.162e+00  2.390e+00  2.635e+00  2.896e+00  3.174e+00  3.469e+00  3.783e+00  4.115e+00  4.467e+00  4.838e+00  5.229e+00  5.642e+00  6.075e+00  6.531e+00  7.009e+00  7.510e+00  8.035e+00  8.584e+00  9.157e+00  9.756e+00  1.038e+01  1.103e+01  1.171e+01  1.241e+01  1.315e+01  1.391e+01 	
 2.165e-01  1.160e-01  9.518e-02  9.844e-02  1.128e-01  1.349e-01  1.640e-01  1.999e-01  2.430e-01  2.937e-01  3.525e-01  4.198e-01  4.964e-01  5.826e-01  6.791e-01  7.865e-01  9.053e-01  1.036e+00  1.180e+00  1.336e+00  1.507e+00  1.692e+00  1.891e+00  2.107e+00  2.338e+00  2.586e+00  2.852e+00  3.135e+00  3.438e+00  3.759e+00  4.100e+00  4.461e+00  4.843e+00  5.246e+00  5.672e+00  6.121e+00  6.592e+00  7.088e+00  7.608e+00  8.153e+00  8.724e+00  9.321e+00  9.945e+00  1.060e+01  1.128e+01  1.198e+01  1.272e+01  1.349e+01  1.429e+01  1.512e+01 	
 2.022e-01  1.141e-01  9.663e-02  1.017e-01  1.179e-01  1.422e-01  1.738e-01  2.128e-01  2.596e-01  3.147e-01  3.785e-01  4.518e-01  5.350e-01  6.289e-01  7.340e-01  8.509e-01  9.804e-01  1.123e+00  1.279e+00  1.450e+00  1.636e+00  1.838e+00  2.056e+00  2.291e+00  2.544e+00  2.815e+00  3.106e+00  3.416e+00  3.746e+00  4.097e+00  4.470e+00  4.865e+00  5.283e+00  5.724e+00  6.190e+00  6.680e+00  7.197e+00  7.739e+00  8.308e+00  8.905e+00  9.530e+00  1.018e+01  1.087e+01  1.158e+01  1.232e+01  1.310e+01  1.391e+01  1.475e+01  1.562e+01  1.653e+01 	
 1.896e-01  1.126e-01  9.844e-02  1.055e-01  1.237e-01  1.502e-01  1.847e-01  2.272e-01  2.781e-01  3.380e-01  4.076e-01  4.873e-01  5.780e-01  6.804e-01  7.950e-01  9.227e-01  1.064e+00  1.220e+00  1.391e+00  1.578e+00  1.781e+00  2.001e+00  2.240e+00  2.497e+00  2.774e+00  3.071e+00  3.389e+00  3.728e+00  4.090e+00  4.474e+00  4.883e+00  5.315e+00  5.773e+00  6.257e+00  6.768e+00  7.306e+00  7.871e+00  8.466e+00  9.090e+00  9.745e+00  1.043e+01  1.115e+01  1.190e+01  1.268e+01  1.350e+01  1.435e+01  1.523e+01  1.616e+01  1.711e+01  1.811e+01 	
 1.780e-01  1.112e-01  1.003e-01  1.095e-01  1.298e-01  1.589e-01  1.965e-01  2.427e-01  2.981e-01  3.633e-01  4.390e-01  5.259e-01  6.248e-01  7.364e-01  8.615e-01  1.001e+00  1.155e+00  1.325e+00  1.512e+00  1.716e+00  1.939e+00  2.180e+00  2.441e+00  2.723e+00  3.025e+00  3.350e+00  3.698e+00  4.070e+00  4.466e+00  4.887e+00  5.335e+00  5.809e+00  6.311e+00  6.841e+00  7.401e+00  7.990e+00  8.611e+00  9.263e+00  9.947e+00  1.066e+01  1.142e+01  1.220e+01  1.303e+01  1.388e+01  1.478e+01  1.571e+01  1.669e+01  1.770e+01  1.875e+01  1.984e+01 	
 1.679e-01  1.102e-01  1.026e-01  1.140e-01  1.366e-01  1.684e-01  2.094e-01  2.597e-01  3.200e-01  3.910e-01  4.734e-01  5.681e-01  6.758e-01  7.975e-01  9.340e-01  1.086e+00  1.255e+00  1.441e+00  1.645e+00  1.868e+00  2.111e+00  2.375e+00  2.660e+00  2.968e+00  3.299e+00  3.655e+00  4.036e+00  4.443e+00  4.876e+00  5.338e+00  5.827e+00  6.347e+00  6.897e+00  7.478e+00  8.091e+00  8.737e+00  9.417e+00  1.013e+01  1.088e+01  1.167e+01  1.249e+01  1.335e+01  1.426e+01  1.520e+01  1.618e+01  1.720e+01  1.827e+01  1.938e+01  2.053e+01  2.173e+01 	
 1.590e-01  1.097e-01  1.054e-01  1.191e-01  1.444e-01  1.794e-01  2.243e-01  2.793e-01  3.452e-01  4.229e-01  5.131e-01  6.168e-01  7.349e-01  8.684e-01  1.018e+00  1.185e+00  1.370e+00  1.574e+00  1.798e+00  2.043e+00  2.311e+00  2.601e+00  2.914e+00  3.253e+00  3.618e+00  4.009e+00  4.428e+00  4.876e+00  5.353e+00  5.861e+00  6.401e+00  6.973e+00  7.578e+00  8.218e+00  8.893e+00  9.605e+00  1.035e+01  1.114e+01  1.197e+01  1.284e+01  1.374e+01  1.469e+01  1.569e+01  1.672e+01  1.781e+01  1.894e+01  2.011e+01  2.134e+01  2.261e+01  2.393e+01 	
 1.518e-01  1.102e-01  1.093e-01  1.258e-01  1.542e-01  1.932e-01  2.428e-01  3.037e-01  3.766e-01  4.626e-01  5.625e-01  6.774e-01  8.083e-01  9.563e-01  1.122e+00  1.308e+00  1.513e+00  1.740e+00  1.989e+00  2.262e+00  2.559e+00  2.881e+00  3.231e+00  3.608e+00  4.014e+00  4.449e+00  4.916e+00  5.415e+00  5.946e+00  6.512e+00  7.113e+00  7.751e+00  8.426e+00  9.139e+00  9.892e+00  1.069e+01  1.152e+01  1.240e+01  1.332e+01  1.429e+01  1.530e+01  1.636e+01  1.747e+01  1.863e+01  1.983e+01  2.109e+01  2.241e+01  2.377e+01  2.519e+01  2.667e+01 	
 1.449e-01  1.108e-01  1.134e-01  1.331e-01  1.651e-01  2.085e-01  2.635e-01  3.310e-01  4.119e-01  5.073e-01  6.182e-01  7.459e-01  8.914e-01  1.056e+00  1.241e+00  1.447e+00  1.676e+00  1.929e+00  2.207e+00  2.510e+00  2.842e+00  3.202e+00  3.592e+00  4.013e+00  4.466e+00  4.952e+00  5.473e+00  6.031e+00  6.625e+00  7.257e+00  7.929e+00  8.642e+00  9.396e+00  1.019e+01  1.104e+01  1.192e+01  1.286e+01  1.384e+01  1.487e+01  1.595e+01  1.709e+01  1.827e+01  1.951e+01  2.081e+01  2.216e+01  2.357e+01  2.504e+01  2.656e+01  2.815e+01  2.980e+01 	
 1.384e-01  1.113e-01  1.177e-01  1.407e-01  1.766e-01  2.248e-01  2.858e-01  3.606e-01  4.502e-01  5.559e-01  6.790e-01  8.207e-01  9.823e-01  1.165e+00  1.371e+00  1.600e+00  1.855e+00  2.136e+00  2.446e+00  2.784e+00  3.154e+00  3.555e+00  3.990e+00  4.459e+00  4.965e+00  5.507e+00  6.089e+00  6.711e+00  7.374e+00  8.080e+00  8.831e+00  9.626e+00  1.047e+01  1.136e+01  1.230e+01  1.329e+01  1.434e+01  1.543e+01  1.659e+01  1.779e+01  1.906e+01  2.039e+01  2.177e+01  2.322e+01  2.473e+01  2.631e+01  2.795e+01  2.966e+01  3.143e+01  3.328e+01 	
 1.320e-01  1.117e-01  1.218e-01  1.483e-01  1.883e-01  2.416e-01  3.090e-01  3.914e-01  4.903e-01  6.071e-01  7.431e-01  8.997e-01  1.079e+00  1.281e+00  1.509e+00  1.763e+00  2.045e+00  2.357e+00  2.700e+00  3.076e+00  3.486e+00  3.931e+00  4.414e+00  4.935e+00  5.496e+00  6.100e+00  6.746e+00  7.437e+00  8.174e+00  8.959e+00  9.793e+00  1.068e+01  1.161e+01  1.261e+01  1.365e+01  1.475e+01  1.592e+01  1.714e+01  1.842e+01  1.976e+01  2.117e+01  2.265e+01  2.419e+01  2.580e+01  2.748e+01  2.923e+01  3.106e+01  3.296e+01  3.494e+01  3.699e+01 	
 1.263e-01  1.121e-01  1.260e-01  1.563e-01  2.007e-01  2.595e-01  3.336e-01  4.244e-01  5.334e-01  6.620e-01  8.119e-01  9.848e-01  1.182e+00  1.406e+00  1.657e+00  1.938e+00  2.251e+00  2.596e+00  2.975e+00  3.391e+00  3.845e+00  4.338e+00  4.873e+00  5.450e+00  6.072e+00  6.741e+00  7.457e+00  8.223e+00  9.041e+00  9.911e+00  1.084e+01  1.182e+01  1.286e+01  1.396e+01  1.512e+01  1.634e+01  1.763e+01  1.898e+01  2.040e+01  2.190e+01  2.346e+01  2.510e+01  2.681e+01  2.859e+01  3.046e+01  3.241e+01  3.443e+01  3.654e+01  3.873e+01  4.101e+01 	
 1.214e-01  1.133e-01  1.312e-01  1.658e-01  2.154e-01  2.808e-01  3.631e-01  4.639e-01  5.849e-01  7.279e-01  8.947e-01  1.087e+00  1.307e+00  1.556e+00  1.837e+00  2.150e+00  2.499e+00  2.884e+00  3.308e+00  3.773e+00  4.280e+00  4.831e+00  5.429e+00  6.075e+00  6.771e+00  7.519e+00  8.320e+00  9.178e+00  1.009e+01  1.107e+01  1.210e+01  1.320e+01  1.437e+01  1.560e+01  1.690e+01  1.827e+01  1.971e+01  2.123e+01  2.282e+01  2.449e+01  2.624e+01  2.807e+01  2.999e+01  3.199e+01  3.408e+01  3.626e+01  3.853e+01  4.089e+01  4.335e+01  4.590e+01 	
 1.173e-01  1.150e-01  1.373e-01  1.767e-01  2.324e-01  3.055e-01  3.974e-01  5.100e-01  6.454e-01  8.055e-01  9.923e-01  1.208e+00  1.455e+00  1.734e+00  2.049e+00  2.402e+00  2.794e+00  3.227e+00  3.704e+00  4.227e+00  4.798e+00  5.419e+00  6.093e+00  6.820e+00  7.605e+00  8.448e+00  9.351e+00  1.032e+01  1.135e+01  1.245e+01  1.362e+01  1.486e+01  1.617e+01  1.756e+01  1.902e+01  2.057e+01  2.220e+01  2.391e+01  2.571e+01  2.759e+01  2.957e+01  3.164e+01  3.380e+01  3.606e+01  3.842e+01  4.088e+01  4.344e+01  4.610e+01  4.887e+01  5.175e+01 	
 1.132e-01  1.165e-01  1.433e-01  1.878e-01  2.501e-01  3.314e-01  4.337e-01  5.592e-01  7.100e-01  8.886e-01  1.097e+00  1.338e+00  1.614e+00  1.927e+00  2.280e+00  2.674e+00  3.113e+00  3.599e+00  4.134e+00  4.721e+00  5.362e+00  6.059e+00  6.815e+00  7.632e+00  8.513e+00  9.460e+00  1.048e+01  1.156e+01  1.272e+01  1.396e+01  1.527e+01  1.666e+01  1.814e+01  1.970e+01  2.135e+01  2.308e+01  2.491e+01  2.684e+01  2.886e+01  3.098e+01  3.320e+01  3.553e+01  3.796e+01  4.050e+01  4.314e+01  4.591e+01  4.878e+01  5.178e+01  5.489e+01  5.812e+01 	
 1.094e-01  1.178e-01  1.491e-01  1.991e-01  2.682e-01  3.583e-01  4.717e-01  6.108e-01  7.783e-01  9.767e-01  1.209e+00  1.477e+00  1.784e+00  2.133e+00  2.526e+00  2.966e+00  3.456e+00  3.999e+00  4.596e+00  5.252e+00  5.968e+00  6.747e+00  7.592e+00  8.506e+00  9.491e+00  1.055e+01  1.169e+01  1.290e+01  1.420e+01  1.558e+01  1.705e+01  1.861e+01  2.026e+01  2.200e+01  2.385e+01  2.579e+01  2.784e+01  2.999e+01  3.225e+01  3.463e+01  3.711e+01  3.971e+01  4.243e+01  4.527e+01  4.823e+01  5.132e+01  5.453e+01  5.788e+01  6.136e+01  6.497e+01 	
 1.061e-01  1.194e-01  1.553e-01  2.109e-01  2.873e-01  3.869e-01  5.122e-01  6.661e-01  8.515e-01  1.071e+00  1.329e+00  1.626e+00  1.968e+00  2.355e+00  2.793e+00  3.282e+00  3.828e+00  4.431e+00  5.097e+00  5.827e+00  6.624e+00  7.493e+00  8.435e+00  9.453e+00  1.055e+01  1.173e+01  1.300e+01  1.435e+01  1.580e+01  1.734e+01  1.898e+01  2.072e+01  2.256e+01  2.451e+01  2.656e+01  2.873e+01  3.101e+01  3.341e+01  3.593e+01  3.857e+01  4.134e+01  4.424e+01  4.727e+01  5.043e+01  5.373e+01  5.717e+01  6.074e+01  6.447e+01  6.833e+01  7.235e+01 	
 1.035e-01  1.215e-01  1.622e-01  2.240e-01  3.085e-01  4.186e-01  5.573e-01  7.279e-01  9.335e-01  1.178e+00  1.464e+00  1.795e+00  2.175e+00  2.606e+00  3.094e+00  3.639e+00  4.247e+00  4.921e+00  5.664e+00  6.478e+00  7.369e+00  8.338e+00  9.390e+00  1.053e+01  1.175e+01  1.307e+01  1.449e+01  1.600e+01  1.762e+01  1.934e+01  2.117e+01  2.311e+01  2.517e+01  2.734e+01  2.964e+01  3.206e+01  3.461e+01  3.728e+01  4.010e+01  4.305e+01  4.613e+01  4.937e+01  5.274e+01  5.627e+01  5.994e+01  6.377e+01  6.775e+01  7.190e+01  7.620e+01  8.067e+01 	
 1.021e-01  1.247e-01  1.709e-01  2.399e-01  3.341e-01  4.568e-01  6.116e-01  8.023e-01  1.032e+00  1.306e+00  1.627e+00  1.999e+00  2.425e+00  2.911e+00  3.459e+00  4.073e+00  4.757e+00  5.516e+00  6.353e+00  7.271e+00  8.274e+00  9.367e+00  1.055e+01  1.184e+01  1.322e+01  1.471e+01  1.630e+01  1.801e+01  1.983e+01  2.177e+01  2.383e+01  2.602e+01  2.834e+01  3.079e+01  3.338e+01  3.611e+01  3.898e+01  4.199e+01  4.516e+01  4.848e+01  5.195e+01  5.559e+01  5.938e+01  6.334e+01  6.747e+01  7.177e+01  7.624e+01  8.089e+01  8.572e+01  9.072e+01 	
 1.012e-01  1.285e-01  1.804e-01  2.572e-01  3.620e-01  4.987e-01  6.714e-01  8.844e-01  1.142e+00  1.448e+00  1.808e+00  2.225e+00  2.704e+00  3.249e+00  3.865e+00  4.556e+00  5.327e+00  6.180e+00  7.122e+00  8.156e+00  9.286e+00  1.052e+01  1.185e+01  1.330e+01  1.486e+01  1.653e+01  1.833e+01  2.025e+01  2.230e+01  2.449e+01  2.681e+01  2.927e+01  3.188e+01  3.464e+01  3.755e+01  4.061e+01  4.384e+01  4.723e+01  5.079e+01  5.451e+01  5.841e+01  6.248e+01  6.674e+01  7.117e+01  7.580e+01  8.060e+01  8.560e+01  9.080e+01  9.618e+01  1.018e+02 	
 1.009e-01  1.327e-01  1.904e-01  2.753e-01  3.912e-01  5.427e-01  7.343e-01  9.709e-01  1.257e+00  1.599e+00  1.999e+00  2.465e+00  2.999e+00  3.608e+00  4.296e+00  5.068e+00  5.929e+00  6.884e+00  7.936e+00  9.092e+00  1.036e+01  1.173e+01  1.323e+01  1.484e+01  1.658e+01  1.846e+01  2.046e+01  2.261e+01  2.491e+01  2.735e+01  2.994e+01  3.269e+01  3.560e+01  3.867e+01  4.192e+01  4.533e+01  4.893e+01  5.270e+01  5.665e+01  6.079e+01  6.512e+01  6.965e+01  7.436e+01  7.928e+01  8.439e+01  8.971e+01  9.523e+01  1.010e+02  1.069e+02  1.130e+02 	
 1.014e-01  1.379e-01  2.019e-01  2.958e-01  4.242e-01  5.922e-01  8.051e-01  1.068e+00  1.387e+00  1.768e+00  2.215e+00  2.735e+00  3.332e+00  4.012e+00  4.782e+00  5.645e+00  6.608e+00  7.676e+00  8.854e+00  1.015e+01  1.156e+01  1.310e+01  1.477e+01  1.658e+01  1.853e+01  2.062e+01  2.286e+01  2.526e+01  2.782e+01  3.055e+01  3.344e+01  3.651e+01  3.975e+01  4.318e+01  4.679e+01  5.059e+01  5.458e+01  5.877e+01  6.315e+01  6.774e+01  7.254e+01  7.754e+01  8.275e+01  8.818e+01  9.381e+01  9.967e+01  1.057e+02  1.120e+02  1.185e+02  1.253e+02 	
 1.033e-01  1.448e-01  2.160e-01  3.203e-01  4.632e-01  6.505e-01  8.883e-01  1.183e+00  1.540e+00  1.966e+00  2.468e+00  3.051e+00  3.722e+00  4.486e+00  5.351e+00  6.321e+00  7.403e+00  8.604e+00  9.928e+00  1.138e+01  1.297e+01  1.470e+01  1.658e+01  1.861e+01  2.079e+01  2.314e+01  2.566e+01  2.835e+01  3.122e+01  3.427e+01  3.750e+01  4.093e+01  4.455e+01  4.838e+01  5.240e+01  5.664e+01  6.108e+01  6.573e+01  7.060e+01  7.569e+01  8.100e+01  8.653e+01  9.228e+01  9.826e+01  1.045e+02  1.109e+02  1.175e+02  1.244e+02  1.315e+02  1.388e+02 	
 1.063e-01  1.534e-01  2.327e-01  3.491e-01  5.086e-01  7.182e-01  9.846e-01  1.315e+00  1.716e+00  2.196e+00  2.760e+00  3.417e+00  4.172e+00  5.033e+00  6.007e+00  7.101e+00  8.320e+00  9.672e+00  1.116e+01  1.280e+01  1.459e+01  1.654e+01  1.865e+01  2.093e+01  2.339e+01  2.602e+01  2.885e+01  3.186e+01  3.508e+01  3.849e+01  4.211e+01  4.594e+01  4.998e+01  5.424e+01  5.872e+01  6.343e+01  6.836e+01  7.351e+01  7.890e+01  8.451e+01  9.036e+01  9.644e+01  1.028e+02  1.093e+02  1.161e+02  1.231e+02  1.303e+02  1.378e+02  1.454e+02  1.533e+02 	
 1.107e-01  1.639e-01  2.527e-01  3.828e-01  5.616e-01  7.969e-01  1.097e+00  1.469e+00  1.921e+00  2.462e+00  3.098e+00  3.839e+00  4.692e+00  5.664e+00  6.764e+00  7.998e+00  9.375e+00  1.090e+01  1.258e+01  1.443e+01  1.644e+01  1.864e+01  2.101e+01  2.358e+01  2.634e+01  2.930e+01  3.246e+01  3.584e+01  3.944e+01  4.325e+01  4.729e+01  5.155e+01  5.605e+01  6.077e+01  6.574e+01  7.094e+01  7.637e+01  8.205e+01  8.796e+01  9.411e+01  1.005e+02  1.071e+02  1.140e+02  1.211e+02  1.284e+02  1.359e+02  1.436e+02  1.516e+02  1.598e+02  1.681e+02 	
 1.166e-01  1.768e-01  2.762e-01  4.222e-01  6.231e-01  8.880e-01  1.226e+00  1.646e+00  2.156e+00  2.767e+00  3.487e+00  4.324e+00  5.288e+00  6.387e+00  7.629e+00  9.022e+00  1.058e+01  1.230e+01  1.419e+01  1.627e+01  1.854e+01  2.101e+01  2.368e+01  2.655e+01  2.965e+01  3.296e+01  3.650e+01  4.027e+01  4.427e+01  4.851e+01  5.298e+01  5.770e+01  6.267e+01  6.787e+01  7.333e+01  7.902e+01  8.496e+01  9.114e+01  9.755e+01  1.042e+02  1.111e+02  1.182e+02  1.255e+02  1.331e+02  1.408e+02  1.487e+02  1.569e+02  1.652e+02  1.737e+02  1.823e+02 	
 1.242e-01  1.923e-01  3.042e-01  4.685e-01  6.952e-01  9.944e-01  1.376e+00  1.851e+00  2.429e+00  3.121e+00  3.936e+00  4.884e+00  5.974e+00  7.217e+00  8.622e+00  1.020e+01  1.195e+01  1.389e+01  1.603e+01  1.837e+01  2.092e+01  2.369e+01  2.668e+01  2.990e+01  3.335e+01  3.705e+01  4.098e+01  4.517e+01  4.959e+01  5.427e+01  5.920e+01  6.438e+01  6.981e+01  7.549e+01  8.141e+01  8.758e+01  9.397e+01  1.006e+02  1.075e+02  1.145e+02  1.218e+02  1.293e+02  1.370e+02  1.448e+02  1.528e+02  1.610e+02  1.693e+02  1.778e+02  1.864e+02  1.950e+02 	
 1.341e-01  2.116e-01  3.382e-01  5.244e-01  7.816e-01  1.121e+00  1.556e+00  2.096e+00  2.753e+00  3.540e+00  4.466e+00  5.544e+00  6.782e+00  8.193e+00  9.786e+00  1.157e+01  1.355e+01  1.575e+01  1.816e+01  2.079e+01  2.366e+01  2.677e+01  3.012e+01  3.371e+01  3.756e+01  4.167e+01  4.603e+01  5.065e+01  5.552e+01  6.065e+01  6.603e+01  7.167e+01  7.755e+01  8.367e+01  9.002e+01  9.659e+01  1.034e+02  1.104e+02  1.176e+02  1.249e+02  1.325e+02  1.402e+02  1.480e+02  1.560e+02  1.641e+02  1.722e+02  1.805e+02  1.888e+02  1.972e+02  2.056e+02 	
 1.466e-01  2.350e-01  3.791e-01  5.912e-01  8.845e-01  1.272e+00  1.768e+00  2.385e+00  3.135e+00  4.033e+00  5.089e+00  6.316e+00  7.726e+00  9.330e+00  1.114e+01  1.316e+01  1.541e+01  1.788e+01  2.060e+01  2.356e+01  2.678e+01  3.025e+01  3.399e+01  3.798e+01  4.225e+01  4.677e+01  5.156e+01  5.661e+01  6.192e+01  6.748e+01  7.328e+01  7.931e+01  8.557e+01  9.205e+01  9.873e+01  1.056e+02  1.126e+02  1.198e+02  1.272e+02  1.346e+02  1.422e+02  1.499e+02  1.576e+02  1.654e+02  1.732e+02  1.811e+02  1.890e+02  1.968e+02  2.046e+02  2.124e+02 	
 1.621e-01  2.635e-01  4.283e-01  6.711e-01  1.007e+00  1.451e+00  2.019e+00  2.725e+00  3.584e+00  4.609e+00  5.815e+00  7.214e+00  8.818e+00  1.064e+01  1.269e+01  1.498e+01  1.751e+01  2.030e+01  2.334e+01  2.666e+01  3.024e+01  3.409e+01  3.822e+01  4.262e+01  4.728e+01  5.221e+01  5.740e+01  6.283e+01  6.850e+01  7.441e+01  8.052e+01  8.684e+01  9.334e+01  1.000e+02  1.068e+02  1.138e+02  1.208e+02  1.280e+02  1.352e+02  1.425e+02  1.498e+02  1.571e+02  1.644e+02  1.717e+02  1.789e+02  1.861e+02  1.932e+02  2.002e+02  2.071e+02  2.139e+02 	
 1.811e-01  2.979e-01  4.874e-01  7.665e-01  1.153e+00  1.663e+00  2.315e+00  3.125e+00  4.108e+00  5.281e+00  6.658e+00  8.252e+00  1.008e+01  1.214e+01  1.446e+01  1.704e+01  1.988e+01  2.300e+01  2.639e+01  3.007e+01  3.402e+01  3.825e+01  4.275e+01  4.752e+01  5.254e+01  5.781e+01  6.331e+01  6.903e+01  7.496e+01  8.106e+01  8.733e+01  9.374e+01  1.003e+02  1.069e+02  1.136e+02  1.204e+02  1.271e+02  1.339e+02  1.407e+02  1.475e+02  1.542e+02  1.608e+02  1.673e+02  1.737e+02  1.800e+02  1.862e+02  1.922e+02  1.981e+02  2.038e+02  2.093e+02 	
 2.047e-01  3.400e-01  5.589e-01  8.814e-01  1.327e+00  1.916e+00  2.667e+00  3.598e+00  4.727e+00  6.070e+00  7.641e+00  9.456e+00  1.153e+01  1.386e+01  1.647e+01  1.936e+01  2.253e+01  2.599e+01  2.974e+01  3.377e+01  3.808e+01  4.265e+01  4.748e+01  5.255e+01  5.785e+01  6.336e+01  6.905e+01  7.491e+01  8.091e+01  8.703e+01  9.323e+01  9.950e+01  1.058e+02  1.121e+02  1.184e+02  1.247e+02  1.309e+02  1.371e+02  1.431e+02  1.490e+02  1.548e+02  1.605e+02  1.660e+02  1.713e+02  1.765e+02  1.815e+02  1.863e+02  1.909e+02  1.953e+02  1.996e+02 	
 2.332e-01  3.904e-01  6.442e-01  1.018e+00  1.533e+00  2.213e+00  3.078e+00  4.149e+00  5.443e+00  6.977e+00  8.766e+00  1.082e+01  1.316e+01  1.578e+01  1.870e+01  2.190e+01  2.541e+01  2.920e+01  3.327e+01  3.761e+01  4.221e+01  4.706e+01  5.212e+01  5.737e+01  6.280e+01  6.837e+01  7.407e+01  7.985e+01  8.568e+01  9.155e+01  9.742e+01  1.033e+02  1.091e+02  1.148e+02  1.204e+02  1.259e+02  1.313e+02  1.365e+02  1.416e+02  1.464e+02  1.511e+02  1.557e+02  1.600e+02  1.641e+02  1.681e+02  1.718e+02  1.754e+02  1.788e+02  1.820e+02  1.850e+02 	
 2.675e-01  4.506e-01  7.455e-01  1.179e+00  1.775e+00  2.560e+00  3.556e+00  4.783e+00  6.261e+00  8.006e+00  1.003e+01  1.235e+01  1.496e+01  1.787e+01  2.109e+01  2.460e+01  2.840e+01  3.248e+01  3.682e+01  4.139e+01  4.618e+01  5.116e+01  5.629e+01  6.155e+01  6.691e+01  7.233e+01  7.778e+01  8.323e+01  8.865e+01  9.400e+01  9.927e+01  1.044e+02  1.095e+02  1.143e+02  1.190e+02  1.236e+02  1.279e+02  1.321e+02  1.361e+02  1.398e+02  1.434e+02  1.468e+02  1.500e+02  1.530e+02  1.558e+02  1.584e+02  1.609e+02  1.632e+02  1.654e+02  1.674e+02 	
 3.078e-01  5.207e-01  8.629e-01  1.364e+00  2.053e+00  2.956e+00  4.096e+00  5.495e+00  7.172e+00  9.139e+00  1.141e+01  1.399e+01  1.687e+01  2.006e+01  2.355e+01  2.732e+01  3.135e+01  3.563e+01  4.012e+01  4.479e+01  4.961e+01  5.454e+01  5.955e+01  6.460e+01  6.966e+01  7.468e+01  7.965e+01  8.452e+01  8.927e+01  9.389e+01  9.834e+01  1.026e+02  1.067e+02  1.106e+02  1.143e+02  1.178e+02  1.211e+02  1.243e+02  1.272e+02  1.299e+02  1.324e+02  1.348e+02  1.370e+02  1.390e+02  1.409e+02  1.426e+02  1.442e+02  1.457e+02  1.470e+02  1.482e+02 	
 3.542e-01  6.010e-01  9.964e-01  1.574e+00  2.364e+00  3.396e+00  4.692e+00  6.274e+00  8.156e+00  1.035e+01  1.286e+01  1.568e+01  1.881e+01  2.223e+01  2.593e+01  2.988e+01  3.404e+01  3.839e+01  4.289e+01  4.749e+01  5.215e+01  5.684e+01  6.152e+01  6.614e+01  7.068e+01  7.510e+01  7.938e+01  8.350e+01  8.745e+01  9.120e+01  9.475e+01  9.810e+01  1.012e+02  1.042e+02  1.069e+02  1.095e+02  1.118e+02  1.140e+02  1.160e+02  1.179e+02  1.195e+02  1.211e+02  1.225e+02  1.238e+02  1.249e+02  1.260e+02  1.270e+02  1.278e+02  1.286e+02  1.293e+02 	
 4.058e-01  6.897e-01  1.143e+00  1.803e+00  2.702e+00  3.868e+00  5.325e+00  7.089e+00  9.173e+00  1.158e+01  1.430e+01  1.734e+01  2.066e+01  2.424e+01  2.806e+01  3.206e+01  3.623e+01  4.049e+01  4.483e+01  4.917e+01  5.350e+01  5.776e+01  6.191e+01  6.594e+01  6.981e+01  7.350e+01  7.700e+01  8.030e+01  8.339e+01  8.628e+01  8.896e+01  9.143e+01  9.371e+01  9.580e+01  9.771e+01  9.945e+01  1.010e+02  1.025e+02  1.038e+02  1.049e+02  1.060e+02  1.069e+02  1.078e+02  1.086e+02  1.092e+02  1.098e+02  1.104e+02  1.108e+02  1.112e+02  1.116e+02 	
 4.614e-01  7.846e-01  1.299e+00  2.044e+00  3.053e+00  4.355e+00  5.969e+00  7.908e+00  1.017e+01  1.276e+01  1.566e+01  1.884e+01  2.228e+01  2.593e+01  2.975e+01  3.369e+01  3.770e+01  4.173e+01  4.574e+01  4.968e+01  5.351e+01  5.721e+01  6.073e+01  6.407e+01  6.721e+01  7.015e+01  7.287e+01  7.538e+01  7.769e+01  7.979e+01  8.171e+01  8.345e+01  8.502e+01  8.643e+01  8.769e+01  8.883e+01  8.983e+01  9.073e+01  9.152e+01  9.223e+01  9.284e+01  9.338e+01  9.385e+01  9.426e+01  9.462e+01  9.492e+01  9.518e+01  9.540e+01  9.558e+01  9.573e+01 	
 5.186e-01  8.817e-01  1.457e+00  2.286e+00  3.403e+00  4.833e+00  6.591e+00  8.682e+00  1.110e+01  1.383e+01  1.684e+01  2.009e+01  2.355e+01  2.716e+01  3.086e+01  3.460e+01  3.833e+01  4.200e+01  4.556e+01  4.899e+01  5.225e+01  5.532e+01  5.818e+01  6.084e+01  6.328e+01  6.551e+01  6.753e+01  6.936e+01  7.101e+01  7.248e+01  7.379e+01  7.496e+01  7.599e+01  7.690e+01  7.770e+01  7.839e+01  7.900e+01  7.953e+01  7.998e+01  8.037e+01  8.070e+01  8.098e+01  8.121e+01  8.141e+01  8.156e+01  8.169e+01  8.179e+01  8.186e+01  8.191e+01  8.194e+01 	
 5.750e-01  9.768e-01  1.611e+00  2.519e+00  3.735e+00  5.278e+00  7.158e+00  9.370e+00  1.190e+01  1.471e+01  1.776e+01  2.100e+01  2.438e+01  2.784e+01  3.132e+01  3.475e+01  3.810e+01  4.133e+01  4.438e+01  4.725e+01  4.992e+01  5.238e+01  5.462e+01  5.665e+01  5.848e+01  6.011e+01  6.156e+01  6.285e+01  6.398e+01  6.497e+01  6.583e+01  6.658e+01  6.723e+01  6.779e+01  6.827e+01  6.867e+01  6.901e+01  6.929e+01  6.953e+01  6.972e+01  6.987e+01  6.999e+01  7.008e+01  7.015e+01  7.019e+01  7.021e+01  7.022e+01  7.021e+01  7.019e+01  7.015e+01 	
 6.275e-01  1.065e+00  1.751e+00  2.729e+00  4.029e+00  5.664e+00  7.637e+00  9.930e+00  1.251e+01  1.535e+01  1.837e+01  2.152e+01  2.474e+01  2.797e+01  3.114e+01  3.421e+01  3.713e+01  3.988e+01  4.242e+01  4.476e+01  4.688e+01  4.879e+01  5.049e+01  5.201e+01  5.334e+01  5.450e+01  5.551e+01  5.639e+01  5.714e+01  5.779e+01  5.834e+01  5.880e+01  5.919e+01  5.951e+01  5.977e+01  5.999e+01  6.016e+01  6.029e+01  6.039e+01  6.047e+01  6.051e+01  6.054e+01  6.055e+01  6.054e+01  6.052e+01  6.048e+01  6.044e+01  6.039e+01  6.033e+01  6.027e+01 	
 6.736e-01  1.141e+00  1.872e+00  2.906e+00  4.271e+00  5.973e+00  8.004e+00  1.034e+01  1.292e+01  1.572e+01  1.864e+01  2.164e+01  2.463e+01  2.757e+01  3.039e+01  3.305e+01  3.554e+01  3.781e+01  3.988e+01  4.173e+01  4.338e+01  4.483e+01  4.609e+01  4.719e+01  4.814e+01  4.894e+01  4.963e+01  5.021e+01  5.070e+01  5.110e+01  5.143e+01  5.170e+01  5.192e+01  5.209e+01  5.222e+01  5.232e+01  5.238e+01  5.242e+01  5.244e+01  5.245e+01  5.243e+01  5.241e+01  5.237e+01  5.232e+01  5.227e+01  5.221e+01  5.214e+01  5.207e+01  5.200e+01  5.192e+01 	
 7.101e-01  1.201e+00  1.964e+00  3.038e+00  4.445e+00  6.183e+00  8.234e+00  1.056e+01  1.310e+01  1.580e+01  1.857e+01  2.135e+01  2.408e+01  2.669e+01  2.914e+01  3.141e+01  3.348e+01  3.533e+01  3.698e+01  3.842e+01  3.968e+01  4.076e+01  4.169e+01  4.247e+01  4.313e+01  4.368e+01  4.413e+01  4.451e+01  4.481e+01  4.505e+01  4.524e+01  4.538e+01  4.549e+01  4.556e+01  4.561e+01  4.563e+01  4.564e+01  4.563e+01  4.560e+01  4.557e+01  4.552e+01  4.547e+01  4.541e+01  4.534e+01  4.527e+01  4.520e+01  4.512e+01  4.505e+01  4.497e+01  4.489e+01 	
 7.352e-01  1.241e+00  2.023e+00  3.119e+00  4.542e+00  6.284e+00  8.317e+00  1.059e+01  1.304e+01  1.559e+01  1.816e+01  2.069e+01  2.312e+01  2.540e+01  2.749e+01  2.939e+01  3.107e+01  3.255e+01  3.384e+01  3.495e+01  3.589e+01  3.668e+01  3.734e+01  3.789e+01  3.834e+01  3.870e+01  3.899e+01  3.922e+01  3.940e+01  3.953e+01  3.963e+01  3.969e+01  3.973e+01  3.974e+01  3.974e+01  3.972e+01  3.969e+01  3.965e+01  3.960e+01  3.954e+01  3.948e+01  3.942e+01  3.935e+01  3.928e+01  3.920e+01  3.913e+01  3.905e+01  3.898e+01  3.890e+01  3.882e+01 	
 7.465e-01  1.257e+00  2.045e+00  3.140e+00  4.552e+00  6.265e+00  8.240e+00  1.042e+01  1.273e+01  1.509e+01  1.744e+01  1.970e+01  2.182e+01  2.377e+01  2.552e+01  2.707e+01  2.843e+01  2.960e+01  3.059e+01  3.142e+01  3.212e+01  3.269e+01  3.315e+01  3.353e+01  3.383e+01  3.406e+01  3.424e+01  3.437e+01  3.446e+01  3.453e+01  3.456e+01  3.457e+01  3.457e+01  3.455e+01  3.452e+01  3.448e+01  3.443e+01  3.437e+01  3.431e+01  3.425e+01  3.418e+01  3.411e+01  3.404e+01  3.397e+01  3.390e+01  3.382e+01  3.375e+01  3.368e+01  3.361e+01  3.354e+01 	
 7.438e-01  1.250e+00  2.028e+00  3.103e+00  4.478e+00  6.131e+00  8.014e+00  1.006e+01  1.220e+01  1.435e+01  1.644e+01  1.842e+01  2.024e+01  2.187e+01  2.332e+01  2.457e+01  2.564e+01  2.654e+01  2.729e+01  2.791e+01  2.842e+01  2.882e+01  2.914e+01  2.939e+01  2.958e+01  2.972e+01  2.982e+01  2.989e+01  2.993e+01  2.994e+01  2.994e+01  2.992e+01  2.989e+01  2.986e+01  2.981e+01  2.976e+01  2.970e+01  2.964e+01  2.958e+01  2.951e+01  2.945e+01  2.938e+01  2.931e+01  2.924e+01  2.918e+01  2.911e+01  2.904e+01  2.898e+01  2.892e+01  2.885e+01 	
 7.268e-01  1.219e+00  1.972e+00  3.007e+00  4.320e+00  5.884e+00  7.644e+00  9.534e+00  1.147e+01  1.339e+01  1.523e+01  1.692e+01  1.845e+01  1.980e+01  2.097e+01  2.196e+01  2.280e+01  2.348e+01  2.404e+01  2.449e+01  2.485e+01  2.513e+01  2.535e+01  2.551e+01  2.562e+01  2.570e+01  2.575e+01  2.577e+01  2.578e+01  2.577e+01  2.574e+01  2.571e+01  2.567e+01  2.562e+01  2.557e+01  2.551e+01  2.545e+01  2.539e+01  2.533e+01  2.527e+01  2.521e+01  2.514e+01  2.508e+01  2.502e+01  2.496e+01  2.490e+01  2.484e+01  2.478e+01  2.473e+01  2.467e+01 	
 6.974e-01  1.168e+00  1.883e+00  2.862e+00  4.095e+00  5.548e+00  7.165e+00  8.878e+00  1.061e+01  1.229e+01  1.387e+01  1.530e+01  1.657e+01  1.767e+01  1.861e+01  1.938e+01  2.002e+01  2.054e+01  2.095e+01  2.128e+01  2.153e+01  2.171e+01  2.185e+01  2.195e+01  2.202e+01  2.205e+01  2.207e+01  2.207e+01  2.205e+01  2.202e+01  2.199e+01  2.195e+01  2.190e+01  2.185e+01  2.180e+01  2.174e+01  2.169e+01  2.163e+01  2.157e+01  2.152e+01  2.146e+01  2.140e+01  2.135e+01  2.129e+01  2.124e+01  2.119e+01  2.114e+01  2.109e+01  2.104e+01  2.099e+01 	
 6.575e-01  1.099e+00  1.768e+00  2.677e+00  3.814e+00  5.143e+00  6.605e+00  8.132e+00  9.654e+00  1.111e+01  1.245e+01  1.365e+01  1.469e+01  1.557e+01  1.631e+01  1.691e+01  1.740e+01  1.779e+01  1.809e+01  1.832e+01  1.849e+01  1.862e+01  1.870e+01  1.876e+01  1.879e+01  1.880e+01  1.880e+01  1.878e+01  1.875e+01  1.872e+01  1.868e+01  1.864e+01  1.859e+01  1.854e+01  1.849e+01  1.844e+01  1.839e+01  1.834e+01  1.829e+01  1.824e+01  1.819e+01  1.814e+01  1.809e+01  1.804e+01  1.800e+01  1.795e+01  1.791e+01  1.786e+01  1.782e+01  1.778e+01 	
 6.101e-01  1.018e+00  1.633e+00  2.465e+00  3.499e+00  4.697e+00  6.000e+00  7.345e+00  8.666e+00  9.909e+00  1.104e+01  1.203e+01  1.288e+01  1.358e+01  1.416e+01  1.463e+01  1.500e+01  1.529e+01  1.550e+01  1.567e+01  1.579e+01  1.587e+01  1.592e+01  1.595e+01  1.596e+01  1.595e+01  1.594e+01  1.591e+01  1.588e+01  1.584e+01  1.581e+01  1.576e+01  1.572e+01  1.567e+01  1.563e+01  1.558e+01  1.554e+01  1.549e+01  1.545e+01  1.540e+01  1.536e+01  1.532e+01  1.527e+01  1.523e+01  1.519e+01  1.516e+01  1.512e+01  1.508e+01  1.505e+01  1.501e+01 	
 5.578e-01  9.290e-01  1.487e+00  2.239e+00  3.166e+00  4.231e+00  5.380e+00  6.550e+00  7.685e+00  8.738e+00  9.680e+00  1.049e+01  1.118e+01  1.174e+01  1.220e+01  1.256e+01  1.284e+01  1.305e+01  1.321e+01  1.333e+01  1.341e+01  1.346e+01  1.349e+01  1.350e+01  1.350e+01  1.348e+01  1.346e+01  1.343e+01  1.340e+01  1.337e+01  1.333e+01  1.329e+01  1.325e+01  1.321e+01  1.317e+01  1.313e+01  1.309e+01  1.305e+01  1.301e+01  1.297e+01  1.293e+01  1.290e+01  1.286e+01  1.283e+01  1.279e+01  1.276e+01  1.273e+01  1.270e+01  1.267e+01  1.264e+01 	
 5.033e-01  8.369e-01  1.337e+00  2.007e+00  2.829e+00  3.766e+00  4.767e+00  5.776e+00  6.743e+00  7.629e+00  8.410e+00  9.077e+00  9.630e+00  1.008e+01  1.044e+01  1.071e+01  1.093e+01  1.109e+01  1.120e+01  1.128e+01  1.133e+01  1.137e+01  1.138e+01  1.138e+01  1.137e+01  1.135e+01  1.133e+01  1.130e+01  1.127e+01  1.124e+01  1.120e+01  1.117e+01  1.113e+01  1.110e+01  1.106e+01  1.103e+01  1.099e+01  1.096e+01  1.093e+01  1.089e+01  1.086e+01  1.083e+01  1.080e+01  1.077e+01  1.074e+01  1.072e+01  1.069e+01  1.066e+01  1.064e+01  1.061e+01 	
 4.488e-01  7.451e-01  1.188e+00  1.779e+00  2.501e+00  3.317e+00  4.181e+00  5.044e+00  5.862e+00  6.602e+00  7.247e+00  7.790e+00  8.236e+00  8.593e+00  8.873e+00  9.088e+00  9.250e+00  9.368e+00  9.451e+00  9.508e+00  9.542e+00  9.560e+00  9.565e+00  9.560e+00  9.547e+00  9.528e+00  9.505e+00  9.479e+00  9.451e+00  9.421e+00  9.390e+00  9.359e+00  9.328e+00  9.297e+00  9.267e+00  9.236e+00  9.207e+00  9.178e+00  9.150e+00  9.122e+00  9.095e+00  9.069e+00  9.044e+00  9.020e+00  8.996e+00  8.973e+00  8.951e+00  8.929e+00  8.908e+00  8.888e+00 	
 3.959e-01  6.566e-01  1.045e+00  1.562e+00  2.189e+00  2.894e+00  3.634e+00  4.367e+00  5.055e+00  5.671e+00  6.202e+00  6.644e+00  7.003e+00  7.286e+00  7.506e+00  7.673e+00  7.796e+00  7.884e+00  7.945e+00  7.984e+00  8.006e+00  8.016e+00  8.015e+00  8.006e+00  7.992e+00  7.974e+00  7.952e+00  7.928e+00  7.903e+00  7.877e+00  7.850e+00  7.823e+00  7.796e+00  7.770e+00  7.744e+00  7.718e+00  7.693e+00  7.668e+00  7.644e+00  7.621e+00  7.599e+00  7.577e+00  7.556e+00  7.535e+00  7.515e+00  7.496e+00  7.478e+00  7.460e+00  7.442e+00  7.425e+00 	
 3.461e-01  5.733e-01  9.110e-01  1.358e+00  1.899e+00  2.504e+00  3.134e+00  3.753e+00  4.328e+00  4.839e+00  5.274e+00  5.634e+00  5.922e+00  6.148e+00  6.320e+00  6.450e+00  6.544e+00  6.610e+00  6.654e+00  6.681e+00  6.695e+00  6.699e+00  6.695e+00  6.685e+00  6.671e+00  6.653e+00  6.634e+00  6.613e+00  6.590e+00  6.568e+00  6.544e+00  6.521e+00  6.498e+00  6.476e+00  6.454e+00  6.432e+00  6.411e+00  6.390e+00  6.370e+00  6.351e+00  6.332e+00  6.314e+00  6.296e+00  6.279e+00  6.262e+00  6.246e+00  6.231e+00  6.216e+00  6.201e+00  6.187e+00 	
 3.001e-01  4.966e-01  7.880e-01  1.173e+00  1.636e+00  2.151e+00  2.685e+00  3.205e+00  3.684e+00  4.106e+00  4.463e+00  4.755e+00  4.987e+00  5.167e+00  5.303e+00  5.403e+00  5.476e+00  5.525e+00  5.558e+00  5.576e+00  5.585e+00  5.585e+00  5.579e+00  5.569e+00  5.556e+00  5.540e+00  5.523e+00  5.504e+00  5.485e+00  5.465e+00  5.446e+00  5.426e+00  5.407e+00  5.388e+00  5.369e+00  5.351e+00  5.333e+00  5.316e+00  5.299e+00  5.283e+00  5.267e+00  5.252e+00  5.237e+00  5.223e+00  5.209e+00  5.196e+00  5.183e+00  5.170e+00  5.158e+00  5.147e+00 	
 2.585e-01  4.272e-01  6.771e-01  1.006e+00  1.401e+00  1.837e+00  2.287e+00  2.722e+00  3.120e+00  3.467e+00  3.759e+00  3.995e+00  4.182e+00  4.325e+00  4.433e+00  4.511e+00  4.567e+00  4.604e+00  4.628e+00  4.641e+00  4.645e+00  4.644e+00  4.637e+00  4.628e+00  4.615e+00  4.601e+00  4.586e+00  4.570e+00  4.553e+00  4.537e+00  4.520e+00  4.503e+00  4.487e+00  4.471e+00  4.455e+00  4.440e+00  4.425e+00  4.411e+00  4.397e+00  4.383e+00  4.370e+00  4.358e+00  4.345e+00  4.334e+00  4.322e+00  4.311e+00  4.300e+00  4.290e+00  4.280e+00  4.270e+00 	
 2.213e-01  3.655e-01  5.785e-01  8.582e-01  1.192e+00  1.560e+00  1.938e+00  2.301e+00  2.630e+00  2.916e+00  3.154e+00  3.346e+00  3.496e+00  3.611e+00  3.696e+00  3.757e+00  3.800e+00  3.828e+00  3.846e+00  3.854e+00  3.856e+00  3.854e+00  3.847e+00  3.838e+00  3.828e+00  3.815e+00  3.802e+00  3.788e+00  3.774e+00  3.760e+00  3.746e+00  3.732e+00  3.719e+00  3.705e+00  3.692e+00  3.679e+00  3.667e+00  3.655e+00  3.643e+00  3.632e+00  3.621e+00  3.611e+00  3.601e+00  3.591e+00  3.582e+00  3.572e+00  3.564e+00  3.555e+00  3.547e+00  3.539e+00 	
 1.885e-01  3.111e-01  4.919e-01  7.287e-01  1.011e+00  1.320e+00  1.635e+00  1.937e+00  2.209e+00  2.444e+00  2.638e+00  2.794e+00  2.914e+00  3.006e+00  3.073e+00  3.121e+00  3.154e+00  3.176e+00  3.188e+00  3.194e+00  3.195e+00  3.192e+00  3.186e+00  3.178e+00  3.168e+00  3.157e+00  3.146e+00  3.134e+00  3.123e+00  3.111e+00  3.099e+00  3.087e+00  3.076e+00  3.065e+00  3.054e+00  3.043e+00  3.033e+00  3.023e+00  3.013e+00  3.004e+00  2.995e+00  2.986e+00  2.978e+00  2.970e+00  2.962e+00  2.955e+00  2.947e+00  2.940e+00  2.933e+00  2.927e+00 	
 1.600e-01  2.639e-01  4.167e-01  6.165e-01  8.537e-01  1.113e+00  1.376e+00  1.626e+00  1.851e+00  2.043e+00  2.202e+00  2.328e+00  2.425e+00  2.498e+00  2.551e+00  2.589e+00  2.615e+00  2.631e+00  2.640e+00  2.644e+00  2.644e+00  2.641e+00  2.635e+00  2.628e+00  2.620e+00  2.611e+00  2.601e+00  2.591e+00  2.581e+00  2.571e+00  2.561e+00  2.552e+00  2.542e+00  2.533e+00  2.524e+00  2.515e+00  2.506e+00  2.498e+00  2.490e+00  2.483e+00  2.475e+00  2.468e+00  2.461e+00  2.454e+00  2.448e+00  2.442e+00  2.436e+00  2.430e+00  2.424e+00  2.419e+00 	
 1.354e-01  2.231e-01  3.520e-01  5.201e-01  7.191e-01  9.357e-01  1.155e+00  1.362e+00  1.547e+00  1.705e+00  1.834e+00  1.936e+00  2.014e+00  2.073e+00  2.115e+00  2.145e+00  2.165e+00  2.178e+00  2.184e+00  2.187e+00  2.186e+00  2.182e+00  2.177e+00  2.171e+00  2.164e+00  2.156e+00  2.148e+00  2.140e+00  2.132e+00  2.123e+00  2.115e+00  2.107e+00  2.099e+00  2.091e+00  2.084e+00  2.077e+00  2.069e+00  2.063e+00  2.056e+00  2.050e+00  2.044e+00  2.038e+00  2.032e+00  2.026e+00  2.021e+00  2.016e+00  2.011e+00  2.006e+00  2.002e+00  1.997e+00 	
 1.143e-01  1.882e-01  2.967e-01  4.379e-01  6.045e-01  7.853e-01  9.674e-01  1.139e+00  1.291e+00  1.421e+00  1.526e+00  1.609e+00  1.672e+00  1.719e+00  1.753e+00  1.776e+00  1.792e+00  1.801e+00  1.806e+00  1.808e+00  1.806e+00  1.803e+00  1.799e+00  1.794e+00  1.787e+00  1.781e+00  1.774e+00  1.767e+00  1.760e+00  1.753e+00  1.746e+00  1.740e+00  1.733e+00  1.727e+00  1.720e+00  1.714e+00  1.709e+00  1.703e+00  1.697e+00  1.692e+00  1.687e+00  1.682e+00  1.678e+00  1.673e+00  1.669e+00  1.664e+00  1.660e+00  1.656e+00  1.653e+00  1.649e+00 	
 9.633e-02  1.585e-01  2.496e-01  3.680e-01  5.074e-01  6.582e-01  8.094e-01  9.512e-01  1.077e+00  1.183e+00  1.269e+00  1.336e+00  1.387e+00  1.425e+00  1.452e+00  1.470e+00  1.482e+00  1.490e+00  1.493e+00  1.494e+00  1.493e+00  1.490e+00  1.486e+00  1.481e+00  1.476e+00  1.471e+00  1.465e+00  1.459e+00  1.453e+00  1.448e+00  1.442e+00  1.436e+00  1.431e+00  1.425e+00  1.420e+00  1.415e+00  1.411e+00  1.406e+00  1.401e+00  1.397e+00  1.393e+00  1.389e+00  1.385e+00  1.381e+00  1.378e+00  1.374e+00  1.371e+00  1.367e+00  1.364e+00  1.361e+00 	
 8.105e-02  1.333e-01  2.098e-01  3.089e-01  4.254e-01  5.509e-01  6.764e-01  7.937e-01  8.972e-01  9.841e-01  1.054e+00  1.109e+00  1.150e+00  1.180e+00  1.202e+00  1.217e+00  1.226e+00  1.232e+00  1.234e+00  1.235e+00  1.233e+00  1.231e+00  1.228e+00  1.224e+00  1.219e+00  1.215e+00  1.210e+00  1.205e+00  1.200e+00  1.195e+00  1.190e+00  1.186e+00  1.181e+00  1.177e+00  1.173e+00  1.168e+00  1.165e+00  1.161e+00  1.157e+00  1.153e+00  1.150e+00  1.147e+00  1.143e+00  1.140e+00  1.137e+00  1.134e+00  1.132e+00  1.129e+00  1.126e+00  1.124e+00 	
 6.808e-02  1.119e-01  1.759e-01  2.588e-01  3.560e-01  4.604e-01  5.644e-01  6.612e-01  7.463e-01  8.175e-01  8.746e-01  9.189e-01  9.523e-01  9.767e-01  9.939e-01  1.006e+00  1.013e+00  1.017e+00  1.019e+00  1.019e+00  1.018e+00  1.016e+00  1.013e+00  1.009e+00  1.006e+00  1.002e+00  9.978e-01  9.937e-01  9.897e-01  9.857e-01  9.818e-01  9.779e-01  9.742e-01  9.705e-01  9.670e-01  9.636e-01  9.603e-01  9.571e-01  9.540e-01  9.511e-01  9.482e-01  9.455e-01  9.428e-01  9.403e-01  9.378e-01  9.354e-01  9.332e-01  9.309e-01  9.288e-01  9.268e-01 	
 5.709e-02  9.379e-02  1.474e-01  2.166e-01  2.975e-01  3.842e-01  4.702e-01  5.501e-01  6.199e-01  6.781e-01  7.246e-01  7.605e-01  7.874e-01  8.070e-01  8.208e-01  8.300e-01  8.358e-01  8.390e-01  8.403e-01  8.402e-01  8.390e-01  8.370e-01  8.345e-01  8.317e-01  8.286e-01  8.253e-01  8.220e-01  8.186e-01  8.152e-01  8.119e-01  8.086e-01  8.055e-01  8.024e-01  7.994e-01  7.964e-01  7.936e-01  7.909e-01  7.883e-01  7.857e-01  7.833e-01  7.810e-01  7.787e-01  7.765e-01  7.744e-01  7.724e-01  7.705e-01  7.686e-01  7.668e-01  7.650e-01  7.633e-01 	
 4.784e-02  7.854e-02  1.233e-01  1.810e-01  2.483e-01  3.203e-01  3.915e-01  4.572e-01  5.146e-01  5.622e-01  6.000e-01  6.292e-01  6.509e-01  6.666e-01  6.776e-01  6.849e-01  6.895e-01  6.919e-01  6.928e-01  6.925e-01  6.915e-01  6.898e-01  6.876e-01  6.852e-01  6.826e-01  6.799e-01  6.771e-01  6.743e-01  6.715e-01  6.687e-01  6.660e-01  6.634e-01  6.608e-01  6.584e-01  6.560e-01  6.536e-01  6.514e-01  6.492e-01  6.471e-01  6.451e-01  6.432e-01  6.413e-01  6.395e-01  6.378e-01  6.361e-01  6.345e-01  6.330e-01  6.315e-01  6.301e-01  6.287e-01 	
 4.006e-02  6.572e-02  1.031e-01  1.512e-01  2.072e-01  2.669e-01  3.257e-01  3.799e-01  4.270e-01  4.658e-01  4.967e-01  5.203e-01  5.379e-01  5.505e-01  5.592e-01  5.650e-01  5.686e-01  5.704e-01  5.710e-01  5.707e-01  5.697e-01  5.683e-01  5.664e-01  5.644e-01  5.622e-01  5.599e-01  5.576e-01  5.553e-01  5.530e-01  5.507e-01  5.485e-01  5.463e-01  5.442e-01  5.421e-01  5.401e-01  5.382e-01  5.363e-01  5.346e-01  5.328e-01  5.312e-01  5.296e-01  5.281e-01  5.266e-01  5.252e-01  5.238e-01  5.225e-01  5.212e-01  5.200e-01  5.188e-01  5.177e-01 	
 3.354e-02  5.499e-02  8.619e-02  1.263e-01  1.729e-01  2.224e-01  2.710e-01  3.156e-01  3.542e-01  3.861e-01  4.112e-01  4.304e-01  4.445e-01  4.547e-01  4.617e-01  4.663e-01  4.691e-01  4.705e-01  4.709e-01  4.705e-01  4.697e-01  4.684e-01  4.669e-01  4.651e-01  4.633e-01  4.614e-01  4.595e-01  4.576e-01  4.556e-01  4.537e-01  4.519e-01  4.501e-01  4.484e-01  4.467e-01  4.450e-01  4.434e-01  4.419e-01  4.405e-01  4.390e-01  4.377e-01  4.364e-01  4.351e-01  4.339e-01  4.327e-01  4.316e-01  4.305e-01  4.295e-01  4.284e-01  4.275e-01  4.265e-01 	
 2.809e-02  4.603e-02  7.208e-02  1.055e-01  1.442e-01  1.853e-01  2.255e-01  2.623e-01  2.940e-01  3.200e-01  3.404e-01  3.560e-01  3.674e-01  3.756e-01  3.812e-01  3.848e-01  3.870e-01  3.880e-01  3.883e-01  3.879e-01  3.871e-01  3.861e-01  3.847e-01  3.833e-01  3.818e-01  3.802e-01  3.786e-01  3.770e-01  3.754e-01  3.738e-01  3.723e-01  3.708e-01  3.693e-01  3.679e-01  3.666e-01  3.653e-01  3.640e-01  3.628e-01  3.616e-01  3.605e-01  3.594e-01  3.584e-01  3.574e-01  3.564e-01  3.555e-01  3.546e-01  3.538e-01  3.529e-01  3.521e-01  3.514e-01 	
 2.356e-02  3.857e-02  6.034e-02  8.823e-02  1.205e-01  1.545e-01  1.878e-01  2.181e-01  2.441e-01  2.654e-01  2.821e-01  2.947e-01  3.040e-01  3.105e-01  3.150e-01  3.178e-01  3.195e-01  3.203e-01  3.204e-01  3.200e-01  3.193e-01  3.184e-01  3.173e-01  3.161e-01  3.148e-01  3.135e-01  3.121e-01  3.108e-01  3.095e-01  3.082e-01  3.069e-01  3.057e-01  3.045e-01  3.033e-01  3.022e-01  3.011e-01  3.001e-01  2.991e-01  2.981e-01  2.972e-01  2.963e-01  2.954e-01  2.946e-01  2.938e-01  2.930e-01  2.923e-01  2.916e-01  2.909e-01  2.903e-01  2.896e-01 	
 1.981e-02  3.240e-02  5.062e-02  7.391e-02  1.008e-01  1.291e-01  1.566e-01  1.816e-01  2.030e-01  2.205e-01  2.341e-01  2.444e-01  2.519e-01  2.572e-01  2.608e-01  2.631e-01  2.645e-01  2.650e-01  2.651e-01  2.648e-01  2.642e-01  2.634e-01  2.625e-01  2.614e-01  2.604e-01  2.593e-01  2.582e-01  2.571e-01  2.560e-01  2.549e-01  2.538e-01  2.528e-01  2.518e-01  2.509e-01  2.499e-01  2.491e-01  2.482e-01  2.474e-01  2.466e-01  2.458e-01  2.451e-01  2.444e-01  2.437e-01  2.430e-01  2.424e-01  2.418e-01  2.412e-01  2.406e-01  2.401e-01  2.396e-01 	
 1.672e-02  2.732e-02  4.261e-02  6.212e-02  8.453e-02  1.081e-01  1.309e-01  1.516e-01  1.693e-01  1.836e-01  1.948e-01  2.033e-01  2.094e-01  2.138e-01  2.167e-01  2.186e-01  2.197e-01  2.202e-01  2.202e-01  2.199e-01  2.195e-01  2.188e-01  2.180e-01  2.172e-01  2.163e-01  2.154e-01  2.145e-01  2.136e-01  2.127e-01  2.118e-01  2.110e-01  2.101e-01  2.093e-01  2.085e-01  2.078e-01  2.071e-01  2.063e-01  2.057e-01  2.050e-01  2.044e-01  2.038e-01  2.032e-01  2.026e-01  2.021e-01  2.016e-01  2.011e-01  2.006e-01  2.001e-01  1.997e-01  1.992e-01 	
 1.422e-02  2.320e-02  3.613e-02  5.254e-02  7.128e-02  9.081e-02  1.096e-01  1.264e-01  1.406e-01  1.521e-01  1.609e-01  1.674e-01  1.721e-01  1.753e-01  1.774e-01  1.787e-01  1.794e-01  1.796e-01  1.795e-01  1.792e-01  1.787e-01  1.781e-01  1.774e-01  1.766e-01  1.759e-01  1.751e-01  1.743e-01  1.735e-01  1.727e-01  1.720e-01  1.713e-01  1.706e-01  1.699e-01  1.692e-01  1.686e-01  1.680e-01  1.674e-01  1.669e-01  1.663e-01  1.658e-01  1.653e-01  1.648e-01  1.644e-01  1.639e-01  1.635e-01  1.631e-01  1.627e-01  1.623e-01  1.620e-01  1.616e-01 	
 1.225e-02  2.000e-02  3.112e-02  4.516e-02  6.107e-02  7.747e-02  9.303e-02  1.068e-01  1.181e-01  1.271e-01  1.338e-01  1.387e-01  1.420e-01  1.443e-01  1.456e-01  1.463e-01  1.466e-01  1.465e-01  1.462e-01  1.457e-01  1.452e-01  1.445e-01  1.438e-01  1.431e-01  1.424e-01  1.416e-01  1.409e-01  1.402e-01  1.395e-01  1.389e-01  1.383e-01  1.376e-01  1.370e-01  1.365e-01  1.359e-01  1.354e-01  1.349e-01  1.344e-01  1.340e-01  1.336e-01  1.331e-01  1.327e-01  1.324e-01  1.320e-01  1.317e-01  1.313e-01  1.310e-01  1.307e-01  1.304e-01  1.302e-01 	
 1.107e-02  1.817e-02  2.844e-02  4.154e-02  5.656e-02  7.228e-02  8.744e-02  1.011e-01  1.126e-01  1.218e-01  1.289e-01  1.342e-01  1.380e-01  1.407e-01  1.424e-01  1.435e-01  1.440e-01  1.442e-01  1.441e-01  1.439e-01  1.435e-01  1.430e-01  1.424e-01  1.418e-01  1.412e-01  1.406e-01  1.399e-01  1.393e-01  1.387e-01  1.381e-01  1.375e-01  1.370e-01  1.364e-01  1.359e-01  1.354e-01  1.349e-01  1.344e-01  1.340e-01  1.335e-01  1.331e-01  1.327e-01  1.323e-01  1.319e-01  1.316e-01  1.312e-01  1.309e-01  1.306e-01  1.303e-01  1.300e-01  1.297e-01 	
 9.954e-03  1.641e-02  2.588e-02  3.815e-02  5.251e-02  6.791e-02  8.321e-02  9.742e-02  1.099e-01  1.203e-01  1.287e-01  1.353e-01  1.402e-01  1.439e-01  1.466e-01  1.485e-01  1.498e-01  1.506e-01  1.510e-01  1.512e-01  1.512e-01  1.510e-01  1.508e-01  1.504e-01  1.500e-01  1.495e-01  1.491e-01  1.486e-01  1.481e-01  1.476e-01  1.471e-01  1.466e-01  1.461e-01  1.457e-01  1.452e-01  1.448e-01  1.443e-01  1.439e-01  1.435e-01  1.431e-01  1.427e-01  1.423e-01  1.420e-01  1.416e-01  1.412e-01  1.409e-01  1.405e-01  1.402e-01  1.398e-01  1.395e-01 	
 7.505e-03  1.226e-02  1.912e-02  2.782e-02  3.775e-02  4.809e-02  5.802e-02  6.691e-02  7.441e-02  8.043e-02  8.507e-02  8.853e-02  9.102e-02  9.275e-02  9.390e-02  9.462e-02  9.501e-02  9.516e-02  9.514e-02  9.499e-02  9.476e-02  9.446e-02  9.412e-02  9.375e-02  9.337e-02  9.298e-02  9.258e-02  9.219e-02  9.181e-02  9.143e-02  9.106e-02  9.070e-02  9.036e-02  9.002e-02  8.970e-02  8.938e-02  8.908e-02  8.879e-02  8.851e-02  8.824e-02  8.798e-02  8.773e-02  8.749e-02  8.725e-02  8.702e-02  8.681e-02  8.659e-02  8.639e-02  8.619e-02  8.600e-02 	
 5.517e-03  8.918e-03  1.371e-02  1.963e-02  2.618e-02  3.273e-02  3.874e-02  4.385e-02  4.794e-02  5.103e-02  5.325e-02  5.478e-02  5.578e-02  5.637e-02  5.667e-02  5.677e-02  5.671e-02  5.656e-02  5.634e-02  5.608e-02  5.579e-02  5.548e-02  5.516e-02  5.485e-02  5.453e-02  5.423e-02  5.393e-02  5.364e-02  5.336e-02  5.309e-02  5.284e-02  5.259e-02  5.236e-02  5.213e-02  5.191e-02  5.171e-02  5.151e-02  5.133e-02  5.115e-02  5.098e-02  5.082e-02  5.066e-02  5.052e-02  5.038e-02  5.024e-02  5.012e-02  5.000e-02  4.989e-02  4.978e-02  4.968e-02 	
 4.743e-03  7.668e-03  1.181e-02  1.695e-02  2.267e-02  2.844e-02  3.378e-02  3.838e-02  4.211e-02  4.497e-02  4.707e-02  4.854e-02  4.954e-02  5.016e-02  5.051e-02  5.067e-02  5.069e-02  5.061e-02  5.046e-02  5.027e-02  5.004e-02  4.980e-02  4.955e-02  4.929e-02  4.904e-02  4.878e-02  4.853e-02  4.829e-02  4.806e-02  4.783e-02  4.761e-02  4.740e-02  4.720e-02  4.701e-02  4.682e-02  4.665e-02  4.648e-02  4.632e-02  4.617e-02  4.602e-02  4.588e-02  4.575e-02  4.562e-02  4.550e-02  4.539e-02  4.528e-02  4.518e-02  4.508e-02  4.499e-02  4.490e-02 	
 4.295e-03  6.977e-03  1.082e-02  1.564e-02  2.110e-02  2.672e-02  3.205e-02  3.676e-02  4.069e-02  4.380e-02  4.617e-02  4.791e-02  4.915e-02  5.000e-02  5.054e-02  5.087e-02  5.103e-02  5.108e-02  5.104e-02  5.094e-02  5.079e-02  5.062e-02  5.042e-02  5.022e-02  5.001e-02  4.979e-02  4.958e-02  4.936e-02  4.916e-02  4.895e-02  4.875e-02  4.856e-02  4.838e-02  4.820e-02  4.802e-02  4.786e-02  4.770e-02  4.754e-02  4.739e-02  4.725e-02  4.711e-02  4.698e-02  4.686e-02  4.673e-02  4.661e-02  4.650e-02  4.639e-02  4.628e-02  4.618e-02  4.608e-02 	
 3.802e-03  6.186e-03  9.602e-03  1.390e-02  1.876e-02  2.376e-02  2.849e-02  3.267e-02  3.614e-02  3.888e-02  4.097e-02  4.250e-02  4.358e-02  4.431e-02  4.478e-02  4.506e-02  4.520e-02  4.523e-02  4.519e-02  4.509e-02  4.496e-02  4.480e-02  4.462e-02  4.444e-02  4.425e-02  4.406e-02  4.386e-02  4.367e-02  4.349e-02  4.331e-02  4.313e-02  4.296e-02  4.279e-02  4.263e-02  4.248e-02  4.233e-02  4.219e-02  4.205e-02  4.192e-02  4.179e-02  4.167e-02  4.155e-02  4.143e-02  4.132e-02  4.121e-02  4.111e-02  4.101e-02  4.091e-02  4.082e-02  4.073e-02 	
 3.323e-03  5.405e-03  8.377e-03  1.210e-02  1.627e-02  2.053e-02  2.451e-02  2.798e-02  3.082e-02  3.303e-02  3.468e-02  3.586e-02  3.668e-02  3.721e-02  3.754e-02  3.771e-02  3.777e-02  3.776e-02  3.768e-02  3.757e-02  3.743e-02  3.728e-02  3.711e-02  3.694e-02  3.676e-02  3.659e-02  3.642e-02  3.625e-02  3.609e-02  3.593e-02  3.577e-02  3.562e-02  3.548e-02  3.534e-02  3.521e-02  3.508e-02  3.496e-02  3.484e-02  3.473e-02  3.462e-02  3.452e-02  3.442e-02  3.432e-02  3.423e-02  3.414e-02  3.406e-02  3.398e-02  3.390e-02  3.382e-02  3.375e-02 	
 2.897e-03  4.706e-03  7.280e-03  1.049e-02  1.408e-02  1.771e-02  2.109e-02  2.401e-02  2.639e-02  2.823e-02  2.960e-02  3.057e-02  3.123e-02  3.166e-02  3.192e-02  3.205e-02  3.209e-02  3.206e-02  3.199e-02  3.189e-02  3.177e-02  3.163e-02  3.149e-02  3.134e-02  3.119e-02  3.104e-02  3.089e-02  3.075e-02  3.061e-02  3.047e-02  3.034e-02  3.022e-02  3.009e-02  2.998e-02  2.986e-02  2.976e-02  2.965e-02  2.955e-02  2.946e-02  2.937e-02  2.928e-02  2.919e-02  2.911e-02  2.904e-02  2.896e-02  2.889e-02  2.882e-02  2.875e-02  2.869e-02  2.863e-02 	
 2.523e-03  4.092e-03  6.320e-03  9.090e-03  1.217e-02  1.528e-02  1.816e-02  2.064e-02  2.265e-02  2.420e-02  2.534e-02  2.615e-02  2.670e-02  2.706e-02  2.727e-02  2.737e-02  2.740e-02  2.737e-02  2.731e-02  2.722e-02  2.712e-02  2.700e-02  2.688e-02  2.675e-02  2.662e-02  2.650e-02  2.637e-02  2.625e-02  2.613e-02  2.601e-02  2.590e-02  2.580e-02  2.569e-02  2.559e-02  2.550e-02  2.541e-02  2.532e-02  2.523e-02  2.515e-02  2.507e-02  2.500e-02  2.493e-02  2.486e-02  2.479e-02  2.473e-02  2.467e-02  2.461e-02  2.455e-02  2.450e-02  2.445e-02 	
 2.199e-03  3.562e-03  5.492e-03  7.885e-03  1.054e-02  1.320e-02  1.566e-02  1.776e-02  1.946e-02  2.076e-02  2.171e-02  2.239e-02  2.284e-02  2.313e-02  2.330e-02  2.338e-02  2.340e-02  2.337e-02  2.331e-02  2.323e-02  2.314e-02  2.304e-02  2.293e-02  2.282e-02  2.271e-02  2.260e-02  2.250e-02  2.239e-02  2.229e-02  2.219e-02  2.210e-02  2.201e-02  2.192e-02  2.183e-02  2.175e-02  2.167e-02  2.160e-02  2.153e-02  2.146e-02  2.139e-02  2.133e-02  2.127e-02  2.121e-02  2.115e-02  2.110e-02  2.104e-02  2.099e-02  2.095e-02  2.090e-02  2.085e-02 	
 1.917e-03  3.102e-03  4.775e-03  6.843e-03  9.126e-03  1.141e-02  1.351e-02  1.529e-02  1.672e-02  1.782e-02  1.861e-02  1.917e-02  1.955e-02  1.978e-02  1.992e-02  1.998e-02  1.999e-02  1.996e-02  1.991e-02  1.983e-02  1.975e-02  1.966e-02  1.957e-02  1.948e-02  1.938e-02  1.929e-02  1.919e-02  1.910e-02  1.902e-02  1.893e-02  1.885e-02  1.877e-02  1.870e-02  1.862e-02  1.856e-02  1.849e-02  1.842e-02  1.836e-02  1.830e-02  1.825e-02  1.819e-02  1.814e-02  1.809e-02  1.804e-02  1.800e-02  1.795e-02  1.791e-02  1.787e-02  1.783e-02  1.779e-02 	
 1.671e-03  2.701e-03  4.153e-03  5.941e-03  7.908e-03  9.866e-03  1.165e-02  1.317e-02  1.438e-02  1.530e-02  1.596e-02  1.643e-02  1.674e-02  1.693e-02  1.703e-02  1.708e-02  1.708e-02  1.705e-02  1.701e-02  1.694e-02  1.687e-02  1.679e-02  1.671e-02  1.663e-02  1.655e-02  1.647e-02  1.639e-02  1.631e-02  1.624e-02  1.616e-02  1.609e-02  1.603e-02  1.596e-02  1.590e-02  1.584e-02  1.578e-02  1.573e-02  1.568e-02  1.563e-02  1.558e-02  1.553e-02  1.549e-02  1.545e-02  1.540e-02  1.537e-02  1.533e-02  1.529e-02  1.526e-02  1.522e-02  1.519e-02 	
 1.456e-03  2.351e-03  3.609e-03  5.154e-03  6.846e-03  8.523e-03  1.005e-02  1.133e-02  1.235e-02  1.312e-02  1.368e-02  1.406e-02  1.432e-02  1.447e-02  1.456e-02  1.459e-02  1.459e-02  1.456e-02  1.452e-02  1.446e-02  1.440e-02  1.433e-02  1.426e-02  1.419e-02  1.412e-02  1.405e-02  1.398e-02  1.391e-02  1.385e-02  1.379e-02  1.373e-02  1.367e-02  1.362e-02  1.356e-02  1.351e-02  1.346e-02  1.342e-02  1.337e-02  1.333e-02  1.329e-02  1.325e-02  1.321e-02  1.318e-02  1.314e-02  1.311e-02  1.307e-02  1.304e-02  1.301e-02  1.298e-02  1.296e-02 	
 1.266e-03  2.042e-03  3.130e-03  4.462e-03  5.915e-03  7.349e-03  8.645e-03  9.732e-03  1.059e-02  1.124e-02  1.170e-02  1.201e-02  1.222e-02  1.235e-02  1.241e-02  1.244e-02  1.243e-02  1.241e-02  1.237e-02  1.232e-02  1.226e-02  1.220e-02  1.214e-02  1.208e-02  1.202e-02  1.196e-02  1.190e-02  1.185e-02  1.179e-02  1.174e-02  1.169e-02  1.164e-02  1.159e-02  1.155e-02  1.150e-02  1.146e-02  1.142e-02  1.139e-02  1.135e-02  1.131e-02  1.128e-02  1.125e-02  1.122e-02  1.119e-02  1.116e-02  1.113e-02  1.110e-02  1.108e-02  1.105e-02  1.103e-02 	
