 2.787e-01  3.589e-01  4.555e-01  5.477e-01  6.273e-01  6.928e-01  7.455e-01  7.872e-01  8.197e-01  8.448e-01  8.642e-01  8.780e-01  8.878e-01  8.955e-01  9.016e-01  9.060e-01  9.087e-01  9.097e-01  9.095e-01  9.079e-01  9.057e-01  9.029e-01  8.996e-01  8.960e-01  8.922e-01  8.885e-01  8.850e-01  8.819e-01  8.792e-01  8.770e-01  8.750e-01  8.737e-01  8.726e-01  8.716e-01  8.709e-01  8.704e-01  8.700e-01  8.697e-01  8.693e-01  8.690e-01  8.687e-01  8.684e-01  8.682e-01  8.675e-01  8.670e-01  8.667e-01  8.664e-01  8.661e-01  8.658e-01  8.655e-01 	
 2.785e-01  3.587e-01  4.550e-01  5.468e-01  6.260e-01  6.913e-01  7.438e-01  7.853e-01  8.178e-01  8.430e-01  8.625e-01  8.764e-01  8.864e-01  8.944e-01  9.008e-01  9.057e-01  9.089e-01  9.104e-01  9.108e-01  9.097e-01  9.079e-01  9.055e-01  9.025e-01  8.992e-01  8.956e-01  8.921e-01  8.888e-01  8.858e-01  8.831e-01  8.810e-01  8.791e-01  8.778e-01  8.767e-01  8.758e-01  8.751e-01  8.746e-01  8.742e-01  8.739e-01  8.736e-01  8.732e-01  8.730e-01  8.727e-01  8.724e-01  8.718e-01  8.712e-01  8.709e-01  8.706e-01  8.703e-01  8.700e-01  8.698e-01 	
 2.782e-01  3.583e-01  4.543e-01  5.457e-01  6.245e-01  6.894e-01  7.417e-01  7.832e-01  8.156e-01  8.408e-01  8.604e-01  8.745e-01  8.848e-01  8.930e-01  8.999e-01  9.052e-01  9.089e-01  9.110e-01  9.119e-01  9.113e-01  9.100e-01  9.080e-01  9.053e-01  9.023e-01  8.989e-01  8.956e-01  8.925e-01  8.897e-01  8.871e-01  8.850e-01  8.832e-01  8.819e-01  8.808e-01  8.800e-01  8.793e-01  8.787e-01  8.783e-01  8.781e-01  8.777e-01  8.774e-01  8.772e-01  8.769e-01  8.766e-01  8.760e-01  8.754e-01  8.751e-01  8.749e-01  8.746e-01  8.743e-01  8.740e-01 	
 2.778e-01  3.578e-01  4.534e-01  5.443e-01  6.227e-01  6.873e-01  7.394e-01  7.807e-01  8.131e-01  8.384e-01  8.581e-01  8.723e-01  8.829e-01  8.914e-01  8.987e-01  9.045e-01  9.087e-01  9.114e-01  9.129e-01  9.128e-01  9.120e-01  9.103e-01  9.081e-01  9.053e-01  9.022e-01  8.991e-01  8.961e-01  8.934e-01  8.909e-01  8.890e-01  8.872e-01  8.859e-01  8.849e-01  8.840e-01  8.834e-01  8.829e-01  8.825e-01  8.822e-01  8.819e-01  8.816e-01  8.813e-01  8.810e-01  8.808e-01  8.801e-01  8.796e-01  8.793e-01  8.790e-01  8.787e-01  8.784e-01  8.782e-01 	
 2.772e-01  3.570e-01  4.521e-01  5.426e-01  6.206e-01  6.848e-01  7.366e-01  7.778e-01  8.102e-01  8.355e-01  8.554e-01  8.699e-01  8.806e-01  8.895e-01  8.972e-01  9.035e-01  9.084e-01  9.116e-01  9.137e-01  9.142e-01  9.138e-01  9.126e-01  9.107e-01  9.082e-01  9.054e-01  9.025e-01  8.997e-01  8.971e-01  8.947e-01  8.928e-01  8.911e-01  8.899e-01  8.889e-01  8.881e-01  8.874e-01  8.869e-01  8.865e-01  8.863e-01  8.860e-01  8.857e-01  8.854e-01  8.851e-01  8.849e-01  8.842e-01  8.837e-01  8.834e-01  8.831e-01  8.828e-01  8.826e-01  8.823e-01 	
 2.764e-01  3.560e-01  4.506e-01  5.405e-01  6.180e-01  6.819e-01  7.335e-01  7.746e-01  8.069e-01  8.324e-01  8.524e-01  8.671e-01  8.781e-01  8.874e-01  8.955e-01  9.024e-01  9.077e-01  9.116e-01  9.143e-01  9.153e-01  9.155e-01  9.147e-01  9.132e-01  9.110e-01  9.084e-01  9.057e-01  9.031e-01  9.007e-01  8.984e-01  8.966e-01  8.950e-01  8.938e-01  8.928e-01  8.920e-01  8.914e-01  8.909e-01  8.905e-01  8.903e-01  8.899e-01  8.897e-01  8.894e-01  8.891e-01  8.889e-01  8.883e-01  8.877e-01  8.874e-01  8.872e-01  8.869e-01  8.866e-01  8.863e-01 	
 2.754e-01  3.547e-01  4.488e-01  5.381e-01  6.151e-01  6.786e-01  7.300e-01  7.709e-01  8.033e-01  8.288e-01  8.490e-01  8.639e-01  8.752e-01  8.849e-01  8.935e-01  9.009e-01  9.069e-01  9.114e-01  9.147e-01  9.163e-01  9.170e-01  9.166e-01  9.155e-01  9.137e-01  9.113e-01  9.089e-01  9.065e-01  9.042e-01  9.020e-01  9.003e-01  8.987e-01  8.976e-01  8.966e-01  8.958e-01  8.952e-01  8.947e-01  8.944e-01  8.942e-01  8.939e-01  8.936e-01  8.933e-01  8.931e-01  8.928e-01  8.922e-01  8.916e-01  8.914e-01  8.911e-01  8.908e-01  8.906e-01  8.903e-01 	
 2.742e-01  3.532e-01  4.466e-01  5.353e-01  6.118e-01  6.749e-01  7.260e-01  7.668e-01  7.992e-01  8.248e-01  8.452e-01  8.603e-01  8.720e-01  8.821e-01  8.912e-01  8.991e-01  9.058e-01  9.109e-01  9.149e-01  9.171e-01  9.183e-01  9.184e-01  9.177e-01  9.162e-01  9.141e-01  9.119e-01  9.097e-01  9.075e-01  9.055e-01  9.039e-01  9.023e-01  9.013e-01  9.004e-01  8.996e-01  8.990e-01  8.985e-01  8.982e-01  8.980e-01  8.977e-01  8.974e-01  8.971e-01  8.969e-01  8.966e-01  8.960e-01  8.955e-01  8.952e-01  8.950e-01  8.947e-01  8.944e-01  8.942e-01 	
 2.727e-01  3.513e-01  4.440e-01  5.320e-01  6.079e-01  6.707e-01  7.215e-01  7.622e-01  7.946e-01  8.203e-01  8.409e-01  8.563e-01  8.683e-01  8.788e-01  8.885e-01  8.971e-01  9.043e-01  9.102e-01  9.148e-01  9.176e-01  9.194e-01  9.200e-01  9.197e-01  9.186e-01  9.168e-01  9.148e-01  9.128e-01  9.108e-01  9.088e-01  9.073e-01  9.058e-01  9.048e-01  9.039e-01  9.032e-01  9.026e-01  9.022e-01  9.018e-01  9.016e-01  9.013e-01  9.011e-01  9.008e-01  9.006e-01  9.004e-01  8.997e-01  8.992e-01  8.989e-01  8.987e-01  8.984e-01  8.982e-01  8.979e-01 	
 2.710e-01  3.491e-01  4.411e-01  5.283e-01  6.036e-01  6.659e-01  7.165e-01  7.571e-01  7.894e-01  8.153e-01  8.362e-01  8.519e-01  8.643e-01  8.752e-01  8.854e-01  8.946e-01  9.026e-01  9.092e-01  9.144e-01  9.179e-01  9.202e-01  9.214e-01  9.215e-01  9.207e-01  9.192e-01  9.175e-01  9.157e-01  9.138e-01  9.120e-01  9.106e-01  9.092e-01  9.082e-01  9.074e-01  9.067e-01  9.061e-01  9.057e-01  9.054e-01  9.052e-01  9.049e-01  9.046e-01  9.044e-01  9.042e-01  9.039e-01  9.033e-01  9.028e-01  9.025e-01  9.023e-01  9.020e-01  9.018e-01  9.015e-01 	
 2.689e-01  3.466e-01  4.377e-01  5.241e-01  5.988e-01  6.606e-01  7.109e-01  7.514e-01  7.838e-01  8.098e-01  8.309e-01  8.469e-01  8.597e-01  8.712e-01  8.819e-01  8.918e-01  9.005e-01  9.078e-01  9.138e-01  9.180e-01  9.209e-01  9.225e-01  9.230e-01  9.227e-01  9.215e-01  9.200e-01  9.184e-01  9.167e-01  9.151e-01  9.137e-01  9.124e-01  9.115e-01  9.107e-01  9.100e-01  9.095e-01  9.090e-01  9.087e-01  9.086e-01  9.083e-01  9.080e-01  9.078e-01  9.076e-01  9.073e-01  9.067e-01  9.062e-01  9.060e-01  9.057e-01  9.055e-01  9.053e-01  9.050e-01 	
 2.666e-01  3.436e-01  4.338e-01  5.193e-01  5.933e-01  6.547e-01  7.047e-01  7.451e-01  7.775e-01  8.037e-01  8.250e-01  8.414e-01  8.546e-01  8.666e-01  8.780e-01  8.886e-01  8.980e-01  9.061e-01  9.128e-01  9.177e-01  9.212e-01  9.234e-01  9.244e-01  9.244e-01  9.236e-01  9.224e-01  9.210e-01  9.195e-01  9.179e-01  9.167e-01  9.154e-01  9.146e-01  9.138e-01  9.132e-01  9.126e-01  9.122e-01  9.119e-01  9.118e-01  9.115e-01  9.112e-01  9.110e-01  9.108e-01  9.106e-01  9.100e-01  9.095e-01  9.092e-01  9.090e-01  9.088e-01  9.086e-01  9.083e-01 	
 2.639e-01  3.402e-01  4.294e-01  5.139e-01  5.872e-01  6.481e-01  6.978e-01  7.381e-01  7.705e-01  7.969e-01  8.185e-01  8.353e-01  8.490e-01  8.615e-01  8.736e-01  8.849e-01  8.951e-01  9.040e-01  9.115e-01  9.171e-01  9.213e-01  9.240e-01  9.255e-01  9.259e-01  9.254e-01  9.245e-01  9.233e-01  9.220e-01  9.206e-01  9.195e-01  9.183e-01  9.175e-01  9.167e-01  9.161e-01  9.156e-01  9.152e-01  9.149e-01  9.148e-01  9.145e-01  9.143e-01  9.141e-01  9.138e-01  9.136e-01  9.131e-01  9.125e-01  9.123e-01  9.121e-01  9.119e-01  9.117e-01  9.114e-01 	
 2.609e-01  3.364e-01  4.244e-01  5.080e-01  5.804e-01  6.408e-01  6.902e-01  7.303e-01  7.629e-01  7.894e-01  8.114e-01  8.286e-01  8.427e-01  8.559e-01  8.687e-01  8.807e-01  8.918e-01  9.015e-01  9.098e-01  9.162e-01  9.210e-01  9.243e-01  9.263e-01  9.271e-01  9.270e-01  9.263e-01  9.254e-01  9.242e-01  9.230e-01  9.220e-01  9.209e-01  9.201e-01  9.195e-01  9.189e-01  9.184e-01  9.180e-01  9.177e-01  9.176e-01  9.173e-01  9.171e-01  9.169e-01  9.167e-01  9.165e-01  9.159e-01  9.154e-01  9.152e-01  9.150e-01  9.148e-01  9.146e-01  9.143e-01 	
 2.575e-01  3.321e-01  4.188e-01  5.013e-01  5.729e-01  6.327e-01  6.818e-01  7.218e-01  7.544e-01  7.812e-01  8.035e-01  8.211e-01  8.359e-01  8.497e-01  8.631e-01  8.760e-01  8.880e-01  8.986e-01  9.077e-01  9.149e-01  9.204e-01  9.243e-01  9.268e-01  9.280e-01  9.282e-01  9.279e-01  9.272e-01  9.262e-01  9.251e-01  9.243e-01  9.232e-01  9.225e-01  9.219e-01  9.213e-01  9.209e-01  9.205e-01  9.203e-01  9.201e-01  9.199e-01  9.197e-01  9.195e-01  9.193e-01  9.191e-01  9.185e-01  9.180e-01  9.178e-01  9.176e-01  9.174e-01  9.172e-01  9.170e-01 	
 2.536e-01  3.272e-01  4.127e-01  4.939e-01  5.646e-01  6.238e-01  6.725e-01  7.125e-01  7.452e-01  7.722e-01  7.949e-01  8.130e-01  8.282e-01  8.427e-01  8.570e-01  8.708e-01  8.836e-01  8.951e-01  9.052e-01  9.132e-01  9.194e-01  9.239e-01  9.269e-01  9.286e-01  9.292e-01  9.292e-01  9.287e-01  9.280e-01  9.270e-01  9.263e-01  9.253e-01  9.247e-01  9.241e-01  9.236e-01  9.231e-01  9.228e-01  9.225e-01  9.224e-01  9.222e-01  9.220e-01  9.218e-01  9.216e-01  9.214e-01  9.209e-01  9.204e-01  9.202e-01  9.200e-01  9.198e-01  9.196e-01  9.194e-01 	
 2.493e-01  3.217e-01  4.058e-01  4.857e-01  5.555e-01  6.140e-01  6.624e-01  7.023e-01  7.350e-01  7.623e-01  7.853e-01  8.039e-01  8.199e-01  8.351e-01  8.502e-01  8.649e-01  8.787e-01  8.912e-01  9.022e-01  9.110e-01  9.180e-01  9.232e-01  9.267e-01  9.289e-01  9.299e-01  9.302e-01  9.300e-01  9.294e-01  9.286e-01  9.280e-01  9.271e-01  9.266e-01  9.260e-01  9.255e-01  9.251e-01  9.248e-01  9.245e-01  9.244e-01  9.242e-01  9.240e-01  9.238e-01  9.236e-01  9.234e-01  9.229e-01  9.224e-01  9.223e-01  9.221e-01  9.219e-01  9.217e-01  9.215e-01 	
 2.445e-01  3.157e-01  3.982e-01  4.767e-01  5.455e-01  6.033e-01  6.513e-01  6.910e-01  7.239e-01  7.514e-01  7.749e-01  7.941e-01  8.106e-01  8.267e-01  8.426e-01  8.583e-01  8.731e-01  8.867e-01  8.986e-01  9.083e-01  9.161e-01  9.220e-01  9.261e-01  9.288e-01  9.302e-01  9.308e-01  9.309e-01  9.305e-01  9.299e-01  9.293e-01  9.286e-01  9.281e-01  9.276e-01  9.271e-01  9.267e-01  9.264e-01  9.262e-01  9.261e-01  9.259e-01  9.257e-01  9.255e-01  9.253e-01  9.252e-01  9.247e-01  9.242e-01  9.240e-01  9.238e-01  9.237e-01  9.235e-01  9.233e-01 	
 2.392e-01  3.090e-01  3.898e-01  4.669e-01  5.345e-01  5.916e-01  6.392e-01  6.788e-01  7.117e-01  7.395e-01  7.634e-01  7.832e-01  8.005e-01  8.174e-01  8.343e-01  8.510e-01  8.669e-01  8.815e-01  8.945e-01  9.052e-01  9.138e-01  9.203e-01  9.251e-01  9.283e-01  9.301e-01  9.310e-01  9.314e-01  9.312e-01  9.308e-01  9.304e-01  9.297e-01  9.293e-01  9.288e-01  9.284e-01  9.280e-01  9.277e-01  9.275e-01  9.275e-01  9.272e-01  9.270e-01  9.269e-01  9.267e-01  9.265e-01  9.260e-01  9.256e-01  9.254e-01  9.253e-01  9.251e-01  9.249e-01  9.247e-01 	
 2.334e-01  3.016e-01  3.805e-01  4.560e-01  5.224e-01  5.787e-01  6.259e-01  6.654e-01  6.984e-01  7.265e-01  7.509e-01  7.713e-01  7.894e-01  8.071e-01  8.251e-01  8.428e-01  8.599e-01  8.757e-01  8.897e-01  9.014e-01  9.109e-01  9.182e-01  9.236e-01  9.273e-01  9.295e-01  9.308e-01  9.315e-01  9.316e-01  9.313e-01  9.310e-01  9.304e-01  9.301e-01  9.297e-01  9.293e-01  9.289e-01  9.287e-01  9.285e-01  9.284e-01  9.282e-01  9.280e-01  9.279e-01  9.277e-01  9.275e-01  9.271e-01  9.266e-01  9.265e-01  9.263e-01  9.261e-01  9.260e-01  9.258e-01 	
 2.269e-01  2.935e-01  3.704e-01  4.442e-01  5.093e-01  5.648e-01  6.115e-01  6.508e-01  6.840e-01  7.124e-01  7.372e-01  7.583e-01  7.772e-01  7.959e-01  8.149e-01  8.338e-01  8.521e-01  8.691e-01  8.843e-01  8.970e-01  9.074e-01  9.155e-01  9.216e-01  9.258e-01  9.286e-01  9.302e-01  9.312e-01  9.315e-01  9.314e-01  9.312e-01  9.308e-01  9.305e-01  9.301e-01  9.298e-01  9.294e-01  9.292e-01  9.290e-01  9.290e-01  9.288e-01  9.286e-01  9.284e-01  9.283e-01  9.281e-01  9.277e-01  9.273e-01  9.271e-01  9.270e-01  9.268e-01  9.266e-01  9.264e-01 	
 2.199e-01  2.846e-01  3.594e-01  4.314e-01  4.951e-01  5.496e-01  5.958e-01  6.349e-01  6.682e-01  6.969e-01  7.223e-01  7.440e-01  7.638e-01  7.835e-01  8.037e-01  8.239e-01  8.434e-01  8.617e-01  8.781e-01  8.919e-01  9.033e-01  9.123e-01  9.190e-01  9.238e-01  9.271e-01  9.291e-01  9.304e-01  9.309e-01  9.310e-01  9.310e-01  9.306e-01  9.304e-01  9.301e-01  9.298e-01  9.295e-01  9.293e-01  9.291e-01  9.291e-01  9.289e-01  9.287e-01  9.285e-01  9.284e-01  9.282e-01  9.278e-01  9.274e-01  9.273e-01  9.271e-01  9.270e-01  9.268e-01  9.267e-01 	
 2.122e-01  2.750e-01  3.475e-01  4.174e-01  4.796e-01  5.332e-01  5.788e-01  6.177e-01  6.510e-01  6.800e-01  7.059e-01  7.284e-01  7.492e-01  7.700e-01  7.913e-01  8.128e-01  8.338e-01  8.534e-01  8.711e-01  8.861e-01  8.985e-01  9.083e-01  9.158e-01  9.213e-01  9.250e-01  9.275e-01  9.290e-01  9.298e-01  9.301e-01  9.303e-01  9.300e-01  9.299e-01  9.296e-01  9.293e-01  9.291e-01  9.288e-01  9.287e-01  9.287e-01  9.285e-01  9.283e-01  9.282e-01  9.280e-01  9.279e-01  9.275e-01  9.271e-01  9.270e-01  9.268e-01  9.267e-01  9.265e-01  9.264e-01 	
 2.039e-01  2.645e-01  3.345e-01  4.023e-01  4.629e-01  5.154e-01  5.604e-01  5.990e-01  6.324e-01  6.617e-01  6.881e-01  7.114e-01  7.331e-01  7.551e-01  7.778e-01  8.007e-01  8.231e-01  8.442e-01  8.632e-01  8.795e-01  8.929e-01  9.037e-01  9.120e-01  9.181e-01  9.224e-01  9.252e-01  9.272e-01  9.282e-01  9.287e-01  9.290e-01  9.289e-01  9.288e-01  9.286e-01  9.284e-01  9.281e-01  9.279e-01  9.278e-01  9.278e-01  9.276e-01  9.274e-01  9.273e-01  9.271e-01  9.270e-01  9.266e-01  9.263e-01  9.262e-01  9.260e-01  9.259e-01  9.257e-01  9.256e-01 	
 1.948e-01  2.531e-01  3.205e-01  3.860e-01  4.449e-01  4.961e-01  5.404e-01  5.788e-01  6.122e-01  6.418e-01  6.688e-01  6.929e-01  7.156e-01  7.388e-01  7.629e-01  7.873e-01  8.112e-01  8.338e-01  8.544e-01  8.719e-01  8.866e-01  8.983e-01  9.074e-01  9.142e-01  9.191e-01  9.224e-01  9.247e-01  9.260e-01  9.267e-01  9.272e-01  9.271e-01  9.271e-01  9.270e-01  9.268e-01  9.266e-01  9.264e-01  9.263e-01  9.263e-01  9.261e-01  9.260e-01  9.258e-01  9.257e-01  9.256e-01  9.252e-01  9.249e-01  9.248e-01  9.246e-01  9.245e-01  9.244e-01  9.242e-01 	
 1.851e-01  2.409e-01  3.055e-01  3.685e-01  4.255e-01  4.755e-01  5.190e-01  5.569e-01  5.903e-01  6.202e-01  6.477e-01  6.727e-01  6.965e-01  7.210e-01  7.465e-01  7.725e-01  7.981e-01  8.223e-01  8.444e-01  8.634e-01  8.792e-01  8.921e-01  9.021e-01  9.096e-01  9.151e-01  9.189e-01  9.215e-01  9.231e-01  9.241e-01  9.247e-01  9.248e-01  9.249e-01  9.248e-01  9.247e-01  9.245e-01  9.243e-01  9.242e-01  9.242e-01  9.240e-01  9.239e-01  9.238e-01  9.236e-01  9.235e-01  9.232e-01  9.229e-01  9.228e-01  9.226e-01  9.225e-01  9.224e-01  9.222e-01 	
 1.747e-01  2.278e-01  2.894e-01  3.498e-01  4.047e-01  4.533e-01  4.959e-01  5.334e-01  5.667e-01  5.968e-01  6.249e-01  6.507e-01  6.757e-01  7.015e-01  7.285e-01  7.562e-01  7.836e-01  8.096e-01  8.333e-01  8.538e-01  8.709e-01  8.849e-01  8.958e-01  9.041e-01  9.103e-01  9.146e-01  9.176e-01  9.196e-01  9.207e-01  9.215e-01  9.218e-01  9.219e-01  9.220e-01  9.218e-01  9.217e-01  9.215e-01  9.215e-01  9.215e-01  9.213e-01  9.212e-01  9.210e-01  9.209e-01  9.208e-01  9.205e-01  9.203e-01  9.201e-01  9.200e-01  9.199e-01  9.197e-01  9.196e-01 	
 1.636e-01  2.138e-01  2.722e-01  3.298e-01  3.825e-01  4.295e-01  4.711e-01  5.080e-01  5.412e-01  5.715e-01  6.001e-01  6.268e-01  6.530e-01  6.803e-01  7.089e-01  7.383e-01  7.676e-01  7.954e-01  8.209e-01  8.429e-01  8.615e-01  8.767e-01  8.886e-01  8.978e-01  9.046e-01  9.095e-01  9.130e-01  9.152e-01  9.167e-01  9.176e-01  9.180e-01  9.183e-01  9.184e-01  9.183e-01  9.182e-01  9.180e-01  9.180e-01  9.180e-01  9.179e-01  9.177e-01  9.176e-01  9.175e-01  9.174e-01  9.171e-01  9.169e-01  9.168e-01  9.166e-01  9.165e-01  9.164e-01  9.163e-01 	
 1.517e-01  1.990e-01  2.540e-01  3.086e-01  3.590e-01  4.042e-01  4.446e-01  4.809e-01  5.138e-01  5.443e-01  5.733e-01  6.009e-01  6.283e-01  6.570e-01  6.873e-01  7.187e-01  7.499e-01  7.797e-01  8.070e-01  8.308e-01  8.508e-01  8.673e-01  8.803e-01  8.904e-01  8.980e-01  9.035e-01  9.074e-01  9.101e-01  9.118e-01  9.129e-01  9.135e-01  9.138e-01  9.140e-01  9.140e-01  9.139e-01  9.138e-01  9.138e-01  9.138e-01  9.136e-01  9.135e-01  9.134e-01  9.133e-01  9.132e-01  9.130e-01  9.128e-01  9.126e-01  9.125e-01  9.124e-01  9.123e-01  9.122e-01 	
 1.393e-01  1.834e-01  2.349e-01  2.863e-01  3.341e-01  3.774e-01  4.165e-01  4.520e-01  4.845e-01  5.150e-01  5.444e-01  5.728e-01  6.015e-01  6.318e-01  6.638e-01  6.971e-01  7.304e-01  7.622e-01  7.915e-01  8.171e-01  8.388e-01  8.566e-01  8.709e-01  8.820e-01  8.903e-01  8.965e-01  9.010e-01  9.040e-01  9.060e-01  9.074e-01  9.080e-01  9.085e-01  9.088e-01  9.088e-01  9.088e-01  9.087e-01  9.087e-01  9.087e-01  9.086e-01  9.085e-01  9.084e-01  9.083e-01  9.082e-01  9.080e-01  9.078e-01  9.077e-01  9.076e-01  9.075e-01  9.074e-01  9.073e-01 	
 1.263e-01  1.671e-01  2.149e-01  2.628e-01  3.079e-01  3.491e-01  3.867e-01  4.212e-01  4.532e-01  4.837e-01  5.134e-01  5.426e-01  5.725e-01  6.043e-01  6.381e-01  6.735e-01  7.089e-01  7.429e-01  7.743e-01  8.018e-01  8.252e-01  8.446e-01  8.601e-01  8.722e-01  8.815e-01  8.884e-01  8.934e-01  8.968e-01  8.992e-01  9.008e-01  9.017e-01  9.023e-01  9.026e-01  9.027e-01  9.028e-01  9.027e-01  9.028e-01  9.028e-01  9.027e-01  9.026e-01  9.025e-01  9.024e-01  9.023e-01  9.021e-01  9.020e-01  9.019e-01  9.018e-01  9.017e-01  9.016e-01  9.015e-01 	
 1.128e-01  1.502e-01  1.941e-01  2.384e-01  2.805e-01  3.194e-01  3.553e-01  3.886e-01  4.200e-01  4.502e-01  4.801e-01  5.101e-01  5.411e-01  5.745e-01  6.102e-01  6.476e-01  6.853e-01  7.216e-01  7.552e-01  7.847e-01  8.099e-01  8.309e-01  8.478e-01  8.611e-01  8.714e-01  8.790e-01  8.847e-01  8.886e-01  8.913e-01  8.932e-01  8.943e-01  8.950e-01  8.955e-01  8.957e-01  8.958e-01  8.958e-01  8.958e-01  8.958e-01  8.958e-01  8.957e-01  8.956e-01  8.955e-01  8.954e-01  8.953e-01  8.952e-01  8.951e-01  8.950e-01  8.949e-01  8.949e-01  8.948e-01 	
 9.886e-02  1.328e-01  1.727e-01  2.133e-01  2.522e-01  2.885e-01  3.225e-01  3.544e-01  3.849e-01  4.147e-01  4.447e-01  4.753e-01  5.074e-01  5.423e-01  5.798e-01  6.193e-01  6.593e-01  6.980e-01  7.338e-01  7.655e-01  7.927e-01  8.154e-01  8.338e-01  8.484e-01  8.597e-01  8.683e-01  8.746e-01  8.791e-01  8.822e-01  8.845e-01  8.858e-01  8.867e-01  8.873e-01  8.875e-01  8.877e-01  8.877e-01  8.878e-01  8.878e-01  8.878e-01  8.877e-01  8.877e-01  8.876e-01  8.875e-01  8.875e-01  8.874e-01  8.873e-01  8.872e-01  8.872e-01  8.871e-01  8.871e-01 	
 8.474e-02  1.152e-01  1.509e-01  1.876e-01  2.231e-01  2.567e-01  2.885e-01  3.188e-01  3.482e-01  3.774e-01  4.072e-01  4.382e-01  4.714e-01  5.076e-01  5.470e-01  5.886e-01  6.309e-01  6.719e-01  7.101e-01  7.441e-01  7.733e-01  7.978e-01  8.178e-01  8.339e-01  8.464e-01  8.559e-01  8.631e-01  8.682e-01  8.718e-01  8.744e-01  8.760e-01  8.771e-01  8.778e-01  8.782e-01  8.784e-01  8.785e-01  8.786e-01  8.787e-01  8.787e-01  8.786e-01  8.786e-01  8.786e-01  8.785e-01  8.785e-01  8.784e-01  8.784e-01  8.783e-01  8.783e-01  8.783e-01  8.783e-01 	
 7.060e-02  9.749e-02  1.291e-01  1.617e-01  1.937e-01  2.242e-01  2.536e-01  2.820e-01  3.100e-01  3.383e-01  3.678e-01  3.991e-01  4.330e-01  4.705e-01  5.115e-01  5.552e-01  5.997e-01  6.432e-01  6.838e-01  7.200e-01  7.514e-01  7.779e-01  7.997e-01  8.173e-01  8.312e-01  8.418e-01  8.498e-01  8.557e-01  8.599e-01  8.628e-01  8.648e-01  8.661e-01  8.670e-01  8.675e-01  8.678e-01  8.680e-01  8.682e-01  8.683e-01  8.683e-01  8.683e-01  8.683e-01  8.683e-01  8.682e-01  8.682e-01  8.682e-01  8.682e-01  8.682e-01  8.682e-01  8.682e-01  8.682e-01 	
 5.668e-02  8.008e-02  1.075e-01  1.360e-01  1.642e-01  1.916e-01  2.182e-01  2.444e-01  2.708e-01  2.979e-01  3.268e-01  3.581e-01  3.926e-01  4.311e-01  4.736e-01  5.191e-01  5.658e-01  6.116e-01  6.545e-01  6.931e-01  7.267e-01  7.553e-01  7.790e-01  7.983e-01  8.137e-01  8.256e-01  8.346e-01  8.413e-01  8.461e-01  8.496e-01  8.519e-01  8.536e-01  8.547e-01  8.553e-01  8.558e-01  8.560e-01  8.563e-01  8.564e-01  8.564e-01  8.565e-01  8.565e-01  8.566e-01  8.566e-01  8.566e-01  8.567e-01  8.567e-01  8.567e-01  8.568e-01  8.568e-01  8.569e-01 	
 4.324e-02  6.328e-02  8.661e-02  1.110e-01  1.353e-01  1.593e-01  1.829e-01  2.067e-01  2.311e-01  2.568e-01  2.847e-01  3.156e-01  3.503e-01  3.896e-01  4.332e-01  4.803e-01  5.289e-01  5.769e-01  6.221e-01  6.630e-01  6.988e-01  7.296e-01  7.554e-01  7.766e-01  7.936e-01  8.069e-01  8.172e-01  8.248e-01  8.304e-01  8.345e-01  8.373e-01  8.392e-01  8.406e-01  8.415e-01  8.420e-01  8.424e-01  8.427e-01  8.429e-01  8.430e-01  8.431e-01  8.432e-01  8.433e-01  8.434e-01  8.435e-01  8.436e-01  8.437e-01  8.438e-01  8.439e-01  8.440e-01  8.441e-01 	
 3.062e-02  4.749e-02  6.686e-02  8.716e-02  1.076e-01  1.280e-01  1.485e-01  1.696e-01  1.917e-01  2.155e-01  2.421e-01  2.722e-01  3.067e-01  3.463e-01  3.907e-01  4.389e-01  4.891e-01  5.388e-01  5.861e-01  6.292e-01  6.673e-01  7.003e-01  7.283e-01  7.515e-01  7.705e-01  7.854e-01  7.970e-01  8.058e-01  8.123e-01  8.171e-01  8.205e-01  8.228e-01  8.245e-01  8.256e-01  8.264e-01  8.269e-01  8.273e-01  8.276e-01  8.278e-01  8.279e-01  8.281e-01  8.282e-01  8.284e-01  8.286e-01  8.287e-01  8.289e-01  8.291e-01  8.292e-01  8.294e-01  8.296e-01 	
 1.915e-02  3.310e-02  4.878e-02  6.515e-02  8.175e-02  9.854e-02  1.158e-01  1.339e-01  1.534e-01  1.751e-01  1.999e-01  2.288e-01  2.625e-01  3.018e-01  3.463e-01  3.951e-01  4.463e-01  4.974e-01  5.463e-01  5.913e-01  6.316e-01  6.669e-01  6.972e-01  7.227e-01  7.437e-01  7.605e-01  7.737e-01  7.838e-01  7.914e-01  7.971e-01  8.011e-01  8.040e-01  8.060e-01  8.075e-01  8.084e-01  8.091e-01  8.097e-01  8.101e-01  8.104e-01  8.106e-01  8.109e-01  8.111e-01  8.113e-01  8.116e-01  8.119e-01  8.121e-01  8.124e-01  8.127e-01  8.129e-01  8.132e-01 	
 9.184e-03  2.055e-02  3.288e-02  4.560e-02  5.853e-02  7.178e-02  8.568e-02  1.007e-01  1.174e-01  1.366e-01  1.592e-01  1.863e-01  2.187e-01  2.568e-01  3.007e-01  3.493e-01  4.006e-01  4.523e-01  5.023e-01  5.489e-01  5.911e-01  6.286e-01  6.613e-01  6.893e-01  7.126e-01  7.315e-01  7.466e-01  7.582e-01  7.671e-01  7.738e-01  7.787e-01  7.822e-01  7.847e-01  7.865e-01  7.878e-01  7.887e-01  7.894e-01  7.900e-01  7.904e-01  7.908e-01  7.911e-01  7.914e-01  7.918e-01  7.922e-01  7.926e-01  7.929e-01  7.933e-01  7.937e-01  7.941e-01  7.945e-01 	
 1.029e-03  1.019e-02  1.962e-02  2.909e-02  3.867e-02  4.859e-02  5.924e-02  7.112e-02  8.486e-02  1.013e-01  1.213e-01  1.460e-01  1.762e-01  2.124e-01  2.546e-01  3.018e-01  3.522e-01  4.035e-01  4.538e-01  5.014e-01  5.452e-01  5.848e-01  6.199e-01  6.504e-01  6.762e-01  6.976e-01  7.148e-01  7.283e-01  7.387e-01  7.466e-01  7.525e-01  7.568e-01  7.600e-01  7.622e-01  7.638e-01  7.650e-01  7.660e-01  7.667e-01  7.673e-01  7.678e-01  7.683e-01  7.688e-01  7.693e-01  7.698e-01  7.703e-01  7.708e-01  7.714e-01  7.719e-01  7.725e-01  7.731e-01 	
-5.087e-03  2.278e-03  9.328e-03  1.609e-02  2.277e-02  2.972e-02  3.737e-02  4.625e-02  5.700e-02  7.044e-02  8.749e-02  1.091e-01  1.363e-01  1.696e-01  2.088e-01  2.533e-01  3.014e-01  3.512e-01  4.006e-01  4.483e-01  4.931e-01  5.345e-01  5.719e-01  6.051e-01  6.337e-01  6.577e-01  6.773e-01  6.930e-01  7.052e-01  7.146e-01  7.217e-01  7.270e-01  7.308e-01  7.337e-01  7.358e-01  7.373e-01  7.385e-01  7.395e-01  7.403e-01  7.410e-01  7.416e-01  7.423e-01  7.430e-01  7.436e-01  7.444e-01  7.451e-01  7.458e-01  7.466e-01  7.474e-01  7.482e-01 	
-9.086e-03 -3.105e-03  2.125e-03  6.769e-03  1.115e-02  1.564e-02  2.071e-02  2.687e-02  3.476e-02  4.514e-02  5.890e-02  7.700e-02  1.003e-01  1.294e-01  1.644e-01  2.046e-01  2.488e-01  2.954e-01  3.427e-01  3.893e-01  4.343e-01  4.769e-01  5.165e-01  5.523e-01  5.838e-01  6.107e-01  6.330e-01  6.511e-01  6.655e-01  6.766e-01  6.851e-01  6.916e-01  6.963e-01  6.999e-01  7.025e-01  7.045e-01  7.061e-01  7.073e-01  7.084e-01  7.093e-01  7.102e-01  7.111e-01  7.119e-01  7.129e-01  7.138e-01  7.148e-01  7.157e-01  7.168e-01  7.178e-01  7.189e-01 	
-1.110e-02 -6.146e-03 -2.200e-03  9.564e-04  3.669e-03  6.326e-03  9.355e-03  1.324e-02  1.854e-02  2.596e-02  3.629e-02  5.039e-02  6.908e-02  9.294e-02  1.222e-01  1.566e-01  1.952e-01  2.368e-01  2.803e-01  3.246e-01  3.687e-01  4.118e-01  4.530e-01  4.912e-01  5.256e-01  5.555e-01  5.807e-01  6.015e-01  6.182e-01  6.314e-01  6.415e-01  6.493e-01  6.552e-01  6.596e-01  6.629e-01  6.654e-01  6.674e-01  6.690e-01  6.704e-01  6.716e-01  6.728e-01  6.739e-01  6.751e-01  6.762e-01  6.774e-01  6.787e-01  6.800e-01  6.813e-01  6.827e-01  6.840e-01 	
-1.148e-02 -7.302e-03 -4.202e-03 -1.979e-03 -3.174e-04  1.126e-03  2.714e-03  4.849e-03  7.999e-03  1.273e-02  1.969e-02  2.959e-02  4.317e-02  6.102e-02  8.350e-02  1.106e-01  1.421e-01  1.772e-01  2.153e-01  2.556e-01  2.975e-01  3.400e-01  3.819e-01  4.219e-01  4.587e-01  4.914e-01  5.196e-01  5.431e-01  5.623e-01  5.776e-01  5.896e-01  5.989e-01  6.060e-01  6.114e-01  6.155e-01  6.187e-01  6.212e-01  6.233e-01  6.251e-01  6.267e-01  6.281e-01  6.296e-01  6.311e-01  6.326e-01  6.341e-01  6.357e-01  6.373e-01  6.390e-01  6.408e-01  6.425e-01 	
-1.080e-02 -7.242e-03 -4.698e-03 -3.005e-03 -1.915e-03 -1.160e-03 -4.653e-04  4.655e-04  1.971e-03  4.456e-03  8.398e-03  1.434e-02  2.288e-02  3.457e-02  4.988e-02  6.915e-02  9.249e-02  1.199e-01  1.512e-01  1.861e-01  2.241e-01  2.644e-01  3.055e-01  3.460e-01  3.843e-01  4.190e-01  4.495e-01  4.754e-01  4.969e-01  5.144e-01  5.283e-01  5.392e-01  5.477e-01  5.543e-01  5.593e-01  5.633e-01  5.664e-01  5.690e-01  5.713e-01  5.733e-01  5.752e-01  5.770e-01  5.788e-01  5.807e-01  5.826e-01  5.846e-01  5.867e-01  5.888e-01  5.910e-01  5.932e-01 	
-9.633e-03 -6.647e-03 -4.513e-03 -3.125e-03 -2.310e-03 -1.881e-03 -1.652e-03 -1.433e-03 -1.009e-03 -1.281e-04  1.515e-03  4.290e-03  8.630e-03  1.502e-02  2.396e-02  3.597e-02  5.152e-02  7.103e-02  9.481e-02  1.230e-01  1.553e-01  1.910e-01  2.290e-01  2.676e-01  3.051e-01  3.401e-01  3.714e-01  3.987e-01  4.218e-01  4.410e-01  4.566e-01  4.690e-01  4.789e-01  4.866e-01  4.927e-01  4.975e-01  5.014e-01  5.047e-01  5.075e-01  5.100e-01  5.123e-01  5.146e-01  5.169e-01  5.192e-01  5.216e-01  5.240e-01  5.266e-01  5.292e-01  5.319e-01  5.346e-01 	
-8.433e-03 -5.979e-03 -4.191e-03 -3.005e-03 -2.310e-03 -1.986e-03 -1.914e-03 -1.979e-03 -2.056e-03 -2.003e-03 -1.640e-03 -7.436e-04  9.751e-04  3.873e-03  8.384e-03  1.501e-02  2.431e-02  3.685e-02  5.315e-02  7.358e-02  9.818e-02  1.266e-01  1.580e-01  1.910e-01  2.241e-01  2.560e-01  2.855e-01  3.120e-01  3.351e-01  3.548e-01  3.712e-01  3.847e-01  3.956e-01  4.044e-01  4.115e-01  4.173e-01  4.220e-01  4.260e-01  4.294e-01  4.326e-01  4.355e-01  4.383e-01  4.410e-01  4.439e-01  4.468e-01  4.498e-01  4.529e-01  4.561e-01  4.593e-01  4.627e-01 	
-7.422e-03 -5.435e-03 -3.937e-03 -2.895e-03 -2.240e-03 -1.893e-03 -1.778e-03 -1.821e-03 -1.945e-03 -2.064e-03 -2.077e-03 -1.853e-03 -1.226e-03  2.067e-05  2.159e-03  5.523e-03  1.050e-02  1.753e-02  2.705e-02  3.943e-02  5.492e-02  7.350e-02  9.486e-02  1.183e-01  1.429e-01  1.677e-01  1.917e-01  2.141e-01  2.346e-01  2.527e-01  2.684e-01  2.818e-01  2.931e-01  3.025e-01  3.103e-01  3.168e-01  3.223e-01  3.270e-01  3.312e-01  3.349e-01  3.384e-01  3.418e-01  3.451e-01  3.485e-01  3.519e-01  3.554e-01  3.591e-01  3.628e-01  3.667e-01  3.707e-01 	
-6.831e-03 -5.191e-03 -3.901e-03 -2.943e-03 -2.276e-03 -1.847e-03 -1.606e-03 -1.498e-03 -1.472e-03 -1.470e-03 -1.431e-03 -1.280e-03 -9.258e-04 -2.575e-04  8.634e-04  2.605e-03  5.166e-03  8.775e-03  1.368e-02  2.013e-02  2.834e-02  3.846e-02  5.051e-02  6.431e-02  7.952e-02  9.563e-02  1.121e-01  1.283e-01  1.438e-01  1.582e-01  1.713e-01  1.830e-01  1.932e-01  2.021e-01  2.098e-01  2.165e-01  2.223e-01  2.274e-01  2.319e-01  2.361e-01  2.400e-01  2.438e-01  2.475e-01  2.513e-01  2.551e-01  2.590e-01  2.630e-01  2.671e-01  2.714e-01  2.757e-01 	
