4.530e+03 	
3.127e+03 	
2.378e+03 	
1.937e+03 	
1.566e+03 	
1.288e+03 	
1.089e+03 	
9.143e+02 	
7.723e+02 	
6.677e+02 	
5.660e+02 	
4.803e+02 	
4.185e+02 	
3.577e+02 	
3.094e+02 	
2.753e+02 	
2.421e+02 	
2.197e+02 	
2.020e+02 	
1.860e+02 	
1.714e+02 	
1.538e+02 	
1.344e+02 	
1.139e+02 	
9.426e+01 	
7.697e+01 	
6.244e+01 	
5.061e+01 	
4.080e+01 	
3.232e+01 	
2.488e+01 	
1.869e+01 	
1.380e+01 	
1.005e+01 	
7.230e+00 	
5.152e+00 	
3.643e+00 	
2.563e+00 	
1.799e+00 	
1.263e+00 	
8.825e-01 	
6.162e-01 	
4.305e-01 	
3.016e-01 	
2.124e-01 	
1.499e-01 	
1.706e-01 	
6.035e-02 	
5.636e-02 	
4.161e-02 	
3.084e-02 	
2.297e-02 	
1.714e-02 	
1.272e-02 	
9.305e-03 	
6.603e-03 	
4.423e-03 	
2.646e-03 	
1.192e-03 	
0.000e+00 	
