 3.392e-10  1.937e-09  5.802e-09  1.293e-08  2.433e-08  4.099e-08  6.390e-08  9.405e-08  1.324e-07  1.800e-07  2.378e-07  3.067e-07  3.878e-07  4.820e-07  5.903e-07  7.136e-07  8.529e-07  1.009e-06  1.183e-06  1.376e-06  1.589e-06  1.823e-06  2.078e-06  2.356e-06  2.657e-06  2.983e-06  3.335e-06  3.713e-06  4.118e-06  4.551e-06  5.013e-06  5.505e-06  6.028e-06  6.583e-06  7.171e-06  7.792e-06  8.447e-06  9.137e-06  9.863e-06  1.063e-05  1.143e-05  1.226e-05  1.314e-05  1.405e-05  1.501e-05  1.600e-05  1.704e-05  1.811e-05  1.923e-05  2.038e-05 	
 6.132e-10  3.518e-09  1.054e-08  2.351e-08  4.423e-08  7.451e-08  1.161e-07  1.709e-07  2.407e-07  3.271e-07  4.320e-07  5.572e-07  7.043e-07  8.752e-07  1.072e-06  1.295e-06  1.548e-06  1.831e-06  2.147e-06  2.496e-06  2.882e-06  3.305e-06  3.767e-06  4.270e-06  4.815e-06  5.405e-06  6.041e-06  6.724e-06  7.456e-06  8.239e-06  9.074e-06  9.963e-06  1.091e-05  1.191e-05  1.297e-05  1.409e-05  1.527e-05  1.652e-05  1.783e-05  1.920e-05  2.064e-05  2.215e-05  2.373e-05  2.538e-05  2.709e-05  2.888e-05  3.074e-05  3.268e-05  3.468e-05  3.676e-05 	
 8.363e-10  4.806e-09  1.441e-08  3.214e-08  6.047e-08  1.019e-07  1.588e-07  2.337e-07  3.291e-07  4.473e-07  5.908e-07  7.621e-07  9.634e-07  1.197e-06  1.466e-06  1.772e-06  2.118e-06  2.505e-06  2.937e-06  3.416e-06  3.944e-06  4.523e-06  5.156e-06  5.844e-06  6.591e-06  7.399e-06  8.269e-06  9.205e-06  1.021e-05  1.128e-05  1.242e-05  1.364e-05  1.494e-05  1.631e-05  1.776e-05  1.930e-05  2.092e-05  2.263e-05  2.442e-05  2.630e-05  2.828e-05  3.035e-05  3.251e-05  3.477e-05  3.713e-05  3.958e-05  4.214e-05  4.479e-05  4.754e-05  5.039e-05 	
 9.921e-10  5.706e-09  1.712e-08  3.818e-08  7.184e-08  1.211e-07  1.887e-07  2.778e-07  3.912e-07  5.318e-07  7.026e-07  9.063e-07  1.146e-06  1.424e-06  1.744e-06  2.109e-06  2.521e-06  2.982e-06  3.497e-06  4.068e-06  4.697e-06  5.388e-06  6.143e-06  6.964e-06  7.856e-06  8.820e-06  9.859e-06  1.098e-05  1.217e-05  1.346e-05  1.482e-05  1.628e-05  1.783e-05  1.947e-05  2.121e-05  2.304e-05  2.498e-05  2.702e-05  2.917e-05  3.143e-05  3.379e-05  3.627e-05  3.887e-05  4.157e-05  4.440e-05  4.734e-05  5.040e-05  5.358e-05  5.689e-05  6.031e-05 	
 1.070e-09  6.156e-09  1.847e-08  4.121e-08  7.756e-08  1.307e-07  2.038e-07  3.001e-07  4.226e-07  5.746e-07  7.592e-07  9.795e-07  1.239e-06  1.540e-06  1.886e-06  2.281e-06  2.727e-06  3.227e-06  3.785e-06  4.403e-06  5.085e-06  5.834e-06  6.652e-06  7.544e-06  8.511e-06  9.557e-06  1.069e-05  1.190e-05  1.320e-05  1.459e-05  1.608e-05  1.766e-05  1.934e-05  2.113e-05  2.302e-05  2.502e-05  2.713e-05  2.935e-05  3.169e-05  3.415e-05  3.673e-05  3.943e-05  4.225e-05  4.521e-05  4.829e-05  5.150e-05  5.484e-05  5.831e-05  6.191e-05  6.565e-05 	
 1.089e-09  6.267e-09  1.881e-08  4.196e-08  7.899e-08  1.331e-07  2.076e-07  3.057e-07  4.306e-07  5.856e-07  7.738e-07  9.986e-07  1.263e-06  1.570e-06  1.924e-06  2.327e-06  2.782e-06  3.293e-06  3.862e-06  4.494e-06  5.191e-06  5.957e-06  6.793e-06  7.705e-06  8.694e-06  9.765e-06  1.092e-05  1.216e-05  1.349e-05  1.492e-05  1.644e-05  1.806e-05  1.979e-05  2.162e-05  2.355e-05  2.560e-05  2.777e-05  3.005e-05  3.245e-05  3.497e-05  3.762e-05  4.039e-05  4.329e-05  4.633e-05  4.949e-05  5.279e-05  5.622e-05  5.980e-05  6.350e-05  6.735e-05 	
 1.114e-09  6.413e-09  1.924e-08  4.294e-08  8.084e-08  1.363e-07  2.125e-07  3.130e-07  4.409e-07  5.996e-07  7.925e-07  1.023e-06  1.294e-06  1.609e-06  1.971e-06  2.384e-06  2.851e-06  3.375e-06  3.959e-06  4.607e-06  5.322e-06  6.107e-06  6.966e-06  7.902e-06  8.918e-06  1.002e-05  1.120e-05  1.248e-05  1.385e-05  1.531e-05  1.687e-05  1.854e-05  2.031e-05  2.219e-05  2.419e-05  2.629e-05  2.852e-05  3.087e-05  3.334e-05  3.593e-05  3.866e-05  4.151e-05  4.450e-05  4.762e-05  5.088e-05  5.428e-05  5.782e-05  6.149e-05  6.531e-05  6.928e-05 	
 1.123e-09  6.462e-09  1.939e-08  4.328e-08  8.148e-08  1.373e-07  2.142e-07  3.155e-07  4.445e-07  6.046e-07  7.991e-07  1.031e-06  1.305e-06  1.622e-06  1.988e-06  2.405e-06  2.876e-06  3.405e-06  3.994e-06  4.649e-06  5.371e-06  6.164e-06  7.031e-06  7.976e-06  9.002e-06  1.011e-05  1.131e-05  1.260e-05  1.398e-05  1.546e-05  1.704e-05  1.873e-05  2.052e-05  2.242e-05  2.444e-05  2.657e-05  2.882e-05  3.119e-05  3.369e-05  3.632e-05  3.908e-05  4.196e-05  4.499e-05  4.815e-05  5.145e-05  5.489e-05  5.847e-05  6.220e-05  6.607e-05  7.008e-05 	
 1.126e-09  6.479e-09  1.945e-08  4.340e-08  8.170e-08  1.377e-07  2.148e-07  3.164e-07  4.458e-07  6.064e-07  8.015e-07  1.035e-06  1.309e-06  1.628e-06  1.994e-06  2.413e-06  2.885e-06  3.416e-06  4.008e-06  4.665e-06  5.390e-06  6.186e-06  7.057e-06  8.006e-06  9.037e-06  1.015e-05  1.135e-05  1.265e-05  1.404e-05  1.553e-05  1.711e-05  1.881e-05  2.061e-05  2.252e-05  2.454e-05  2.669e-05  2.895e-05  3.134e-05  3.385e-05  3.649e-05  3.926e-05  4.217e-05  4.521e-05  4.839e-05  5.171e-05  5.517e-05  5.878e-05  6.252e-05  6.642e-05  7.046e-05 	
 1.126e-09  6.480e-09  1.945e-08  4.340e-08  8.171e-08  1.378e-07  2.149e-07  3.165e-07  4.459e-07  6.066e-07  8.018e-07  1.035e-06  1.309e-06  1.628e-06  1.995e-06  2.414e-06  2.887e-06  3.418e-06  4.011e-06  4.668e-06  5.394e-06  6.191e-06  7.063e-06  8.013e-06  9.045e-06  1.016e-05  1.137e-05  1.266e-05  1.405e-05  1.554e-05  1.713e-05  1.883e-05  2.063e-05  2.255e-05  2.458e-05  2.672e-05  2.899e-05  3.138e-05  3.390e-05  3.655e-05  3.932e-05  4.224e-05  4.528e-05  4.847e-05  5.180e-05  5.527e-05  5.888e-05  6.264e-05  6.654e-05  7.059e-05 	
 1.126e-09  6.480e-09  1.945e-08  4.340e-08  8.172e-08  1.378e-07  2.149e-07  3.165e-07  4.460e-07  6.067e-07  8.019e-07  1.035e-06  1.310e-06  1.629e-06  1.996e-06  2.415e-06  2.888e-06  3.420e-06  4.013e-06  4.671e-06  5.397e-06  6.194e-06  7.067e-06  8.018e-06  9.050e-06  1.017e-05  1.137e-05  1.267e-05  1.406e-05  1.555e-05  1.715e-05  1.884e-05  2.065e-05  2.257e-05  2.460e-05  2.675e-05  2.902e-05  3.141e-05  3.393e-05  3.658e-05  3.937e-05  4.228e-05  4.533e-05  4.853e-05  5.186e-05  5.534e-05  5.895e-05  6.272e-05  6.663e-05  7.069e-05 	
 1.123e-09  6.463e-09  1.940e-08  4.330e-08  8.152e-08  1.374e-07  2.144e-07  3.158e-07  4.449e-07  6.052e-07  8.000e-07  1.033e-06  1.307e-06  1.625e-06  1.992e-06  2.409e-06  2.882e-06  3.412e-06  4.004e-06  4.660e-06  5.385e-06  6.181e-06  7.052e-06  8.001e-06  9.031e-06  1.015e-05  1.135e-05  1.264e-05  1.403e-05  1.552e-05  1.711e-05  1.881e-05  2.061e-05  2.252e-05  2.455e-05  2.670e-05  2.896e-05  3.135e-05  3.387e-05  3.652e-05  3.929e-05  4.221e-05  4.526e-05  4.844e-05  5.177e-05  5.524e-05  5.886e-05  6.262e-05  6.652e-05  7.057e-05 	
 1.123e-09  6.464e-09  1.940e-08  4.330e-08  8.152e-08  1.374e-07  2.144e-07  3.158e-07  4.450e-07  6.053e-07  8.001e-07  1.033e-06  1.307e-06  1.625e-06  1.992e-06  2.410e-06  2.882e-06  3.413e-06  4.005e-06  4.661e-06  5.386e-06  6.182e-06  7.054e-06  8.003e-06  9.034e-06  1.015e-05  1.135e-05  1.265e-05  1.404e-05  1.553e-05  1.712e-05  1.881e-05  2.062e-05  2.253e-05  2.456e-05  2.671e-05  2.898e-05  3.137e-05  3.389e-05  3.653e-05  3.931e-05  4.223e-05  4.528e-05  4.847e-05  5.180e-05  5.527e-05  5.889e-05  6.265e-05  6.656e-05  7.062e-05 	
 1.120e-09  6.447e-09  1.935e-08  4.319e-08  8.132e-08  1.371e-07  2.139e-07  3.150e-07  4.439e-07  6.038e-07  7.982e-07  1.030e-06  1.304e-06  1.621e-06  1.987e-06  2.404e-06  2.875e-06  3.404e-06  3.995e-06  4.650e-06  5.373e-06  6.168e-06  7.037e-06  7.984e-06  9.013e-06  1.013e-05  1.133e-05  1.262e-05  1.401e-05  1.549e-05  1.708e-05  1.877e-05  2.057e-05  2.248e-05  2.451e-05  2.665e-05  2.891e-05  3.130e-05  3.381e-05  3.645e-05  3.923e-05  4.214e-05  4.518e-05  4.837e-05  5.169e-05  5.516e-05  5.877e-05  6.252e-05  6.642e-05  7.047e-05 	
 1.117e-09  6.431e-09  1.930e-08  4.308e-08  8.111e-08  1.367e-07  2.133e-07  3.142e-07  4.428e-07  6.023e-07  7.962e-07  1.028e-06  1.300e-06  1.617e-06  1.982e-06  2.398e-06  2.868e-06  3.396e-06  3.985e-06  4.639e-06  5.360e-06  6.153e-06  7.020e-06  7.965e-06  8.991e-06  1.010e-05  1.130e-05  1.259e-05  1.397e-05  1.546e-05  1.704e-05  1.873e-05  2.052e-05  2.243e-05  2.445e-05  2.659e-05  2.885e-05  3.123e-05  3.373e-05  3.637e-05  3.914e-05  4.204e-05  4.508e-05  4.825e-05  5.157e-05  5.503e-05  5.863e-05  6.238e-05  6.627e-05  7.031e-05 	
 1.112e-09  6.399e-09  1.920e-08  4.286e-08  8.070e-08  1.361e-07  2.123e-07  3.126e-07  4.405e-07  5.993e-07  7.922e-07  1.023e-06  1.294e-06  1.609e-06  1.972e-06  2.386e-06  2.854e-06  3.379e-06  3.965e-06  4.616e-06  5.334e-06  6.122e-06  6.985e-06  7.925e-06  8.946e-06  1.005e-05  1.124e-05  1.253e-05  1.391e-05  1.538e-05  1.696e-05  1.863e-05  2.042e-05  2.232e-05  2.433e-05  2.646e-05  2.870e-05  3.107e-05  3.357e-05  3.619e-05  3.895e-05  4.183e-05  4.486e-05  4.802e-05  5.132e-05  5.476e-05  5.835e-05  6.208e-05  6.595e-05  6.997e-05 	
 1.103e-09  6.350e-09  1.906e-08  4.254e-08  8.009e-08  1.350e-07  2.107e-07  3.103e-07  4.372e-07  5.947e-07  7.862e-07  1.015e-06  1.284e-06  1.597e-06  1.957e-06  2.368e-06  2.832e-06  3.354e-06  3.936e-06  4.581e-06  5.293e-06  6.076e-06  6.933e-06  7.866e-06  8.879e-06  9.976e-06  1.116e-05  1.243e-05  1.380e-05  1.526e-05  1.683e-05  1.850e-05  2.027e-05  2.215e-05  2.415e-05  2.626e-05  2.849e-05  3.084e-05  3.332e-05  3.592e-05  3.866e-05  4.152e-05  4.452e-05  4.766e-05  5.094e-05  5.435e-05  5.791e-05  6.161e-05  6.546e-05  6.945e-05 	
 1.089e-09  6.270e-09  1.882e-08  4.200e-08  7.908e-08  1.333e-07  2.080e-07  3.064e-07  4.317e-07  5.873e-07  7.763e-07  1.002e-06  1.268e-06  1.577e-06  1.933e-06  2.338e-06  2.797e-06  3.312e-06  3.886e-06  4.523e-06  5.227e-06  6.000e-06  6.845e-06  7.767e-06  8.768e-06  9.851e-06  1.102e-05  1.228e-05  1.363e-05  1.507e-05  1.662e-05  1.826e-05  2.001e-05  2.187e-05  2.384e-05  2.593e-05  2.813e-05  3.045e-05  3.290e-05  3.547e-05  3.817e-05  4.100e-05  4.397e-05  4.706e-05  5.030e-05  5.367e-05  5.719e-05  6.084e-05  6.464e-05  6.858e-05 	
 1.073e-09  6.176e-09  1.854e-08  4.137e-08  7.789e-08  1.313e-07  2.049e-07  3.018e-07  4.252e-07  5.784e-07  7.646e-07  9.870e-07  1.249e-06  1.553e-06  1.904e-06  2.303e-06  2.755e-06  3.262e-06  3.828e-06  4.455e-06  5.148e-06  5.910e-06  6.742e-06  7.650e-06  8.636e-06  9.703e-06  1.085e-05  1.209e-05  1.342e-05  1.485e-05  1.637e-05  1.799e-05  1.971e-05  2.154e-05  2.349e-05  2.554e-05  2.771e-05  3.000e-05  3.241e-05  3.494e-05  3.760e-05  4.039e-05  4.330e-05  4.636e-05  4.954e-05  5.287e-05  5.633e-05  5.993e-05  6.367e-05  6.755e-05 	
 1.049e-09  6.037e-09  1.812e-08  4.044e-08  7.614e-08  1.284e-07  2.003e-07  2.950e-07  4.156e-07  5.654e-07  7.474e-07  9.648e-07  1.221e-06  1.518e-06  1.861e-06  2.251e-06  2.693e-06  3.188e-06  3.741e-06  4.355e-06  5.032e-06  5.777e-06  6.591e-06  7.478e-06  8.441e-06  9.484e-06  1.061e-05  1.182e-05  1.312e-05  1.451e-05  1.600e-05  1.758e-05  1.927e-05  2.106e-05  2.296e-05  2.497e-05  2.709e-05  2.932e-05  3.168e-05  3.415e-05  3.675e-05  3.948e-05  4.233e-05  4.531e-05  4.843e-05  5.168e-05  5.506e-05  5.858e-05  6.224e-05  6.603e-05 	
 1.015e-09  5.842e-09  1.753e-08  3.913e-08  7.368e-08  1.242e-07  1.938e-07  2.854e-07  4.022e-07  5.471e-07  7.232e-07  9.336e-07  1.181e-06  1.469e-06  1.801e-06  2.178e-06  2.606e-06  3.085e-06  3.620e-06  4.214e-06  4.870e-06  5.590e-06  6.378e-06  7.236e-06  8.168e-06  9.178e-06  1.027e-05  1.144e-05  1.270e-05  1.404e-05  1.548e-05  1.702e-05  1.865e-05  2.038e-05  2.222e-05  2.416e-05  2.621e-05  2.837e-05  3.065e-05  3.305e-05  3.556e-05  3.820e-05  4.096e-05  4.385e-05  4.686e-05  5.001e-05  5.328e-05  5.669e-05  6.023e-05  6.390e-05 	
 9.656e-10  5.555e-09  1.667e-08  3.721e-08  7.005e-08  1.181e-07  1.842e-07  2.714e-07  3.824e-07  5.202e-07  6.876e-07  8.876e-07  1.123e-06  1.397e-06  1.712e-06  2.071e-06  2.477e-06  2.933e-06  3.442e-06  4.007e-06  4.630e-06  5.315e-06  6.064e-06  6.880e-06  7.766e-06  8.726e-06  9.761e-06  1.088e-05  1.207e-05  1.335e-05  1.472e-05  1.618e-05  1.773e-05  1.938e-05  2.112e-05  2.297e-05  2.492e-05  2.698e-05  2.914e-05  3.142e-05  3.381e-05  3.632e-05  3.895e-05  4.169e-05  4.456e-05  4.755e-05  5.066e-05  5.390e-05  5.726e-05  6.075e-05 	
 8.979e-10  5.164e-09  1.550e-08  3.458e-08  6.512e-08  1.098e-07  1.713e-07  2.523e-07  3.554e-07  4.835e-07  6.392e-07  8.251e-07  1.044e-06  1.298e-06  1.591e-06  1.925e-06  2.303e-06  2.727e-06  3.200e-06  3.724e-06  4.304e-06  4.940e-06  5.636e-06  6.395e-06  7.219e-06  8.111e-06  9.073e-06  1.011e-05  1.122e-05  1.241e-05  1.368e-05  1.504e-05  1.648e-05  1.801e-05  1.963e-05  2.135e-05  2.316e-05  2.508e-05  2.709e-05  2.921e-05  3.143e-05  3.376e-05  3.620e-05  3.875e-05  4.142e-05  4.420e-05  4.709e-05  5.010e-05  5.323e-05  5.647e-05 	
 8.046e-10  4.625e-09  1.388e-08  3.097e-08  5.831e-08  9.830e-08  1.533e-07  2.259e-07  3.183e-07  4.329e-07  5.723e-07  7.388e-07  9.347e-07  1.163e-06  1.425e-06  1.724e-06  2.062e-06  2.441e-06  2.865e-06  3.335e-06  3.853e-06  4.423e-06  5.047e-06  5.726e-06  6.464e-06  7.262e-06  8.124e-06  9.051e-06  1.005e-05  1.111e-05  1.225e-05  1.346e-05  1.476e-05  1.613e-05  1.758e-05  1.912e-05  2.074e-05  2.245e-05  2.426e-05  2.615e-05  2.814e-05  3.023e-05  3.241e-05  3.470e-05  3.708e-05  3.957e-05  4.216e-05  4.486e-05  4.766e-05  5.056e-05 	
 6.812e-10  3.913e-09  1.174e-08  2.619e-08  4.931e-08  8.313e-08  1.297e-07  1.910e-07  2.691e-07  3.661e-07  4.840e-07  6.248e-07  7.905e-07  9.832e-07  1.205e-06  1.458e-06  1.744e-06  2.065e-06  2.423e-06  2.820e-06  3.259e-06  3.741e-06  4.268e-06  4.842e-06  5.466e-06  6.142e-06  6.870e-06  7.655e-06  8.496e-06  9.397e-06  1.036e-05  1.139e-05  1.248e-05  1.364e-05  1.487e-05  1.617e-05  1.754e-05  1.899e-05  2.051e-05  2.212e-05  2.380e-05  2.556e-05  2.741e-05  2.934e-05  3.136e-05  3.346e-05  3.566e-05  3.794e-05  4.030e-05  4.276e-05 	
 5.257e-10  3.015e-09  9.041e-09  2.017e-08  3.798e-08  6.402e-08  9.987e-08  1.471e-07  2.073e-07  2.819e-07  3.727e-07  4.811e-07  6.087e-07  7.571e-07  9.278e-07  1.122e-06  1.343e-06  1.590e-06  1.866e-06  2.172e-06  2.509e-06  2.880e-06  3.286e-06  3.729e-06  4.209e-06  4.729e-06  5.290e-06  5.894e-06  6.542e-06  7.236e-06  7.978e-06  8.768e-06  9.609e-06  1.050e-05  1.145e-05  1.245e-05  1.351e-05  1.462e-05  1.580e-05  1.703e-05  1.833e-05  1.969e-05  2.111e-05  2.260e-05  2.415e-05  2.577e-05  2.746e-05  2.921e-05  3.103e-05  3.293e-05 	
 3.443e-10  1.968e-09  5.898e-09  1.316e-08  2.476e-08  4.174e-08  6.512e-08  9.590e-08  1.351e-07  1.838e-07  2.430e-07  3.137e-07  3.968e-07  4.936e-07  6.049e-07  7.318e-07  8.753e-07  1.036e-06  1.216e-06  1.416e-06  1.636e-06  1.878e-06  2.142e-06  2.431e-06  2.744e-06  3.083e-06  3.449e-06  3.843e-06  4.265e-06  4.718e-06  5.201e-06  5.716e-06  6.264e-06  6.846e-06  7.463e-06  8.116e-06  8.805e-06  9.532e-06  1.030e-05  1.110e-05  1.195e-05  1.283e-05  1.376e-05  1.473e-05  1.574e-05  1.680e-05  1.790e-05  1.904e-05  2.023e-05  2.147e-05 	
 1.628e-10  9.229e-10  2.760e-09  6.151e-09  1.157e-08  1.951e-08  3.042e-08  4.481e-08  6.313e-08  8.587e-08  1.135e-07  1.465e-07  1.854e-07  2.306e-07  2.826e-07  3.418e-07  4.089e-07  4.841e-07  5.681e-07  6.613e-07  7.641e-07  8.771e-07  1.001e-06  1.135e-06  1.282e-06  1.440e-06  1.611e-06  1.795e-06  1.992e-06  2.204e-06  2.429e-06  2.670e-06  2.926e-06  3.198e-06  3.486e-06  3.791e-06  4.113e-06  4.452e-06  4.810e-06  5.186e-06  5.580e-06  5.994e-06  6.428e-06  6.881e-06  7.354e-06  7.847e-06  8.361e-06  8.895e-06  9.450e-06  1.003e-05 	
 3.088e-11  1.674e-10  4.952e-10  1.099e-09  2.064e-09  3.474e-09  5.415e-09  7.971e-09  1.123e-08  1.527e-08  2.018e-08  2.604e-08  3.295e-08  4.098e-08  5.021e-08  6.074e-08  7.265e-08  8.602e-08  1.009e-07  1.175e-07  1.358e-07  1.558e-07  1.778e-07  2.017e-07  2.277e-07  2.558e-07  2.862e-07  3.189e-07  3.539e-07  3.915e-07  4.316e-07  4.743e-07  5.198e-07  5.681e-07  6.193e-07  6.734e-07  7.306e-07  7.909e-07  8.544e-07  9.212e-07  9.913e-07  1.065e-06  1.142e-06  1.222e-06  1.306e-06  1.394e-06  1.485e-06  1.580e-06  1.679e-06  1.781e-06 	
 1.155e-12  2.337e-12  4.990e-12  9.632e-12  1.684e-11  2.721e-11  4.134e-11  5.982e-11  8.325e-11  1.122e-10  1.474e-10  1.893e-10  2.385e-10  2.957e-10  3.615e-10  4.364e-10  5.210e-10  6.160e-10  7.219e-10  8.394e-10  9.691e-10  1.111e-09  1.267e-09  1.437e-09  1.621e-09  1.821e-09  2.036e-09  2.267e-09  2.516e-09  2.782e-09  3.066e-09  3.368e-09  3.691e-09  4.033e-09  4.395e-09  4.778e-09  5.183e-09  5.611e-09  6.060e-09  6.533e-09  7.029e-09  7.550e-09  8.095e-09  8.664e-09  9.259e-09  9.879e-09  1.053e-08  1.120e-08  1.190e-08  1.262e-08 	
 1.228e-12  2.745e-12  6.128e-12  1.208e-11  2.135e-11  3.473e-11  5.297e-11  7.687e-11  1.072e-10  1.447e-10  1.902e-10  2.445e-10  3.083e-10  3.824e-10  4.676e-10  5.647e-10  6.745e-10  7.976e-10  9.350e-10  1.087e-09  1.255e-09  1.440e-09  1.642e-09  1.862e-09  2.101e-09  2.360e-09  2.639e-09  2.939e-09  3.261e-09  3.606e-09  3.975e-09  4.368e-09  4.785e-09  5.229e-09  5.699e-09  6.197e-09  6.722e-09  7.276e-09  7.860e-09  8.473e-09  9.117e-09  9.792e-09  1.050e-08  1.124e-08  1.201e-08  1.281e-08  1.365e-08  1.452e-08  1.543e-08  1.637e-08 	
 1.374e-12  3.529e-12  8.330e-12  1.684e-11  3.016e-11  4.943e-11  7.576e-11  1.103e-10  1.542e-10  2.085e-10  2.744e-10  3.530e-10  4.454e-10  5.528e-10  6.764e-10  8.171e-10  9.762e-10  1.155e-09  1.354e-09  1.575e-09  1.819e-09  2.087e-09  2.380e-09  2.699e-09  3.045e-09  3.421e-09  3.825e-09  4.261e-09  4.728e-09  5.229e-09  5.763e-09  6.333e-09  6.940e-09  7.583e-09  8.265e-09  8.987e-09  9.749e-09  1.055e-08  1.140e-08  1.229e-08  1.322e-08  1.420e-08  1.523e-08  1.630e-08  1.742e-08  1.859e-08  1.980e-08  2.107e-08  2.238e-08  2.375e-08 	
 1.619e-12  4.796e-12  1.192e-11  2.465e-11  4.467e-11  7.370e-11  1.134e-10  1.656e-10  2.319e-10  3.141e-10  4.138e-10  5.328e-10  6.728e-10  8.354e-10  1.023e-09  1.236e-09  1.477e-09  1.747e-09  2.049e-09  2.384e-09  2.753e-09  3.159e-09  3.603e-09  4.087e-09  4.613e-09  5.181e-09  5.795e-09  6.455e-09  7.163e-09  7.922e-09  8.732e-09  9.596e-09  1.052e-08  1.149e-08  1.252e-08  1.362e-08  1.477e-08  1.599e-08  1.728e-08  1.863e-08  2.004e-08  2.153e-08  2.308e-08  2.471e-08  2.640e-08  2.817e-08  3.002e-08  3.194e-08  3.393e-08  3.600e-08 	
 2.004e-12  6.775e-12  1.759e-11  3.705e-11  6.778e-11  1.124e-10  1.736e-10  2.541e-10  3.563e-10  4.831e-10  6.371e-10  8.208e-10  1.037e-09  1.288e-09  1.577e-09  1.907e-09  2.279e-09  2.697e-09  3.163e-09  3.681e-09  4.252e-09  4.879e-09  5.565e-09  6.313e-09  7.125e-09  8.004e-09  8.952e-09  9.972e-09  1.107e-08  1.224e-08  1.349e-08  1.483e-08  1.625e-08  1.776e-08  1.935e-08  2.105e-08  2.283e-08  2.472e-08  2.670e-08  2.879e-08  3.097e-08  3.327e-08  3.567e-08  3.819e-08  4.081e-08  4.355e-08  4.640e-08  4.936e-08  5.244e-08  5.564e-08 	
 2.602e-12  9.871e-12  2.655e-11  5.673e-11  1.046e-10  1.742e-10  2.697e-10  3.952e-10  5.550e-10  7.531e-10  9.938e-10  1.281e-09  1.619e-09  2.012e-09  2.464e-09  2.979e-09  3.562e-09  4.216e-09  4.945e-09  5.754e-09  6.648e-09  7.629e-09  8.703e-09  9.872e-09  1.114e-08  1.252e-08  1.400e-08  1.560e-08  1.731e-08  1.915e-08  2.111e-08  2.320e-08  2.542e-08  2.778e-08  3.028e-08  3.292e-08  3.572e-08  3.867e-08  4.177e-08  4.503e-08  4.846e-08  5.205e-08  5.581e-08  5.975e-08  6.385e-08  6.813e-08  7.259e-08  7.723e-08  8.205e-08  8.705e-08 	
 3.531e-12  1.476e-11  4.080e-11  8.818e-11  1.634e-10  2.731e-10  4.237e-10  6.218e-10  8.740e-10  1.187e-09  1.567e-09  2.020e-09  2.554e-09  3.174e-09  3.888e-09  4.702e-09  5.622e-09  6.655e-09  7.808e-09  9.087e-09  1.050e-08  1.205e-08  1.374e-08  1.559e-08  1.760e-08  1.977e-08  2.212e-08  2.464e-08  2.735e-08  3.025e-08  3.334e-08  3.664e-08  4.016e-08  4.388e-08  4.784e-08  5.202e-08  5.643e-08  6.109e-08  6.600e-08  7.115e-08  7.657e-08  8.224e-08  8.818e-08  9.440e-08  1.009e-07  1.077e-07  1.147e-07  1.220e-07  1.296e-07  1.375e-07 	
 4.963e-12  2.241e-11  6.330e-11  1.380e-10  2.568e-10  4.301e-10  6.683e-10  9.817e-10  1.381e-09  1.876e-09  2.477e-09  3.195e-09  4.041e-09  5.023e-09  6.154e-09  7.442e-09  8.900e-09  1.054e-08  1.236e-08  1.439e-08  1.662e-08  1.908e-08  2.176e-08  2.469e-08  2.787e-08  3.131e-08  3.502e-08  3.902e-08  4.331e-08  4.790e-08  5.281e-08  5.803e-08  6.360e-08  6.950e-08  7.576e-08  8.239e-08  8.938e-08  9.676e-08  1.045e-07  1.127e-07  1.213e-07  1.303e-07  1.397e-07  1.495e-07  1.598e-07  1.705e-07  1.817e-07  1.933e-07  2.054e-07  2.179e-07 	
 7.228e-12  3.472e-11  9.969e-11  2.187e-10  4.083e-10  6.851e-10  1.066e-09  1.567e-09  2.204e-09  2.996e-09  3.957e-09  5.106e-09  6.457e-09  8.029e-09  9.837e-09  1.190e-08  1.423e-08  1.685e-08  1.976e-08  2.300e-08  2.658e-08  3.051e-08  3.480e-08  3.949e-08  4.457e-08  5.008e-08  5.601e-08  6.241e-08  6.927e-08  7.661e-08  8.446e-08  9.282e-08  1.017e-07  1.112e-07  1.212e-07  1.318e-07  1.430e-07  1.548e-07  1.672e-07  1.803e-07  1.940e-07  2.084e-07  2.234e-07  2.392e-07  2.556e-07  2.727e-07  2.906e-07  3.092e-07  3.285e-07  3.485e-07 	
 1.086e-11  5.476e-11  1.592e-10  3.508e-10  6.565e-10  1.103e-09  1.717e-09  2.526e-09  3.556e-09  4.834e-09  6.386e-09  8.241e-09  1.042e-08  1.296e-08  1.588e-08  1.921e-08  2.297e-08  2.720e-08  3.192e-08  3.715e-08  4.292e-08  4.927e-08  5.621e-08  6.377e-08  7.199e-08  8.088e-08  9.047e-08  1.008e-07  1.119e-07  1.237e-07  1.364e-07  1.499e-07  1.643e-07  1.796e-07  1.957e-07  2.128e-07  2.309e-07  2.500e-07  2.701e-07  2.912e-07  3.133e-07  3.366e-07  3.609e-07  3.863e-07  4.129e-07  4.406e-07  4.694e-07  4.994e-07  5.306e-07  5.629e-07 	
 1.673e-11  8.754e-11  2.568e-10  5.680e-10  1.065e-09  1.791e-09  2.790e-09  4.105e-09  5.780e-09  7.859e-09  1.039e-08  1.340e-08  1.695e-08  2.108e-08  2.583e-08  3.125e-08  3.738e-08  4.425e-08  5.193e-08  6.044e-08  6.984e-08  8.016e-08  9.146e-08  1.038e-07  1.171e-07  1.316e-07  1.472e-07  1.640e-07  1.820e-07  2.013e-07  2.220e-07  2.440e-07  2.673e-07  2.922e-07  3.185e-07  3.464e-07  3.758e-07  4.068e-07  4.395e-07  4.738e-07  5.099e-07  5.477e-07  5.873e-07  6.287e-07  6.719e-07  7.169e-07  7.639e-07  8.127e-07  8.634e-07  9.161e-07 	
 2.634e-11  1.416e-10  4.183e-10  9.277e-10  1.741e-09  2.931e-09  4.568e-09  6.724e-09  9.469e-09  1.288e-08  1.702e-08  2.196e-08  2.779e-08  3.456e-08  4.234e-08  5.122e-08  6.127e-08  7.254e-08  8.512e-08  9.908e-08  1.145e-07  1.314e-07  1.499e-07  1.701e-07  1.920e-07  2.157e-07  2.413e-07  2.689e-07  2.984e-07  3.301e-07  3.639e-07  4.000e-07  4.383e-07  4.790e-07  5.222e-07  5.678e-07  6.161e-07  6.669e-07  7.205e-07  7.768e-07  8.359e-07  8.979e-07  9.628e-07  1.031e-06  1.102e-06  1.175e-06  1.252e-06  1.332e-06  1.416e-06  1.502e-06 	
 4.241e-11  2.328e-10  6.911e-10  1.536e-09  2.886e-09  4.859e-09  7.575e-09  1.115e-08  1.571e-08  2.137e-08  2.824e-08  3.645e-08  4.611e-08  5.735e-08  7.028e-08  8.501e-08  1.017e-07  1.204e-07  1.413e-07  1.645e-07  1.900e-07  2.181e-07  2.489e-07  2.823e-07  3.187e-07  3.581e-07  4.006e-07  4.463e-07  4.954e-07  5.479e-07  6.041e-07  6.639e-07  7.275e-07  7.951e-07  8.668e-07  9.426e-07  1.023e-06  1.107e-06  1.196e-06  1.289e-06  1.388e-06  1.490e-06  1.598e-06  1.711e-06  1.828e-06  1.951e-06  2.079e-06  2.212e-06  2.350e-06  2.493e-06 	
 6.938e-11  3.868e-10  1.152e-09  2.564e-09  4.821e-09  8.121e-09  1.266e-08  1.865e-08  2.627e-08  3.573e-08  4.723e-08  6.096e-08  7.712e-08  9.592e-08  1.175e-07  1.422e-07  1.701e-07  2.014e-07  2.363e-07  2.751e-07  3.179e-07  3.649e-07  4.163e-07  4.723e-07  5.331e-07  5.990e-07  6.701e-07  7.466e-07  8.287e-07  9.166e-07  1.010e-06  1.111e-06  1.217e-06  1.330e-06  1.450e-06  1.577e-06  1.711e-06  1.852e-06  2.001e-06  2.157e-06  2.321e-06  2.493e-06  2.673e-06  2.862e-06  3.059e-06  3.264e-06  3.478e-06  3.700e-06  3.931e-06  4.170e-06 	
 1.151e-10  6.490e-10  1.938e-09  4.318e-09  8.122e-09  1.369e-08  2.134e-08  3.143e-08  4.428e-08  6.024e-08  7.962e-08  1.028e-07  1.300e-07  1.617e-07  1.982e-07  2.398e-07  2.868e-07  3.396e-07  3.985e-07  4.638e-07  5.360e-07  6.152e-07  7.019e-07  7.964e-07  8.990e-07  1.010e-06  1.130e-06  1.259e-06  1.397e-06  1.546e-06  1.704e-06  1.873e-06  2.052e-06  2.243e-06  2.445e-06  2.659e-06  2.885e-06  3.123e-06  3.374e-06  3.637e-06  3.914e-06  4.204e-06  4.508e-06  4.826e-06  5.158e-06  5.504e-06  5.864e-06  6.239e-06  6.628e-06  7.032e-06 	
 1.931e-10  1.097e-09  3.283e-09  7.318e-09  1.377e-08  2.321e-08  3.620e-08  5.331e-08  7.512e-08  1.022e-07  1.351e-07  1.743e-07  2.206e-07  2.744e-07  3.362e-07  4.068e-07  4.865e-07  5.761e-07  6.760e-07  7.869e-07  9.093e-07  1.044e-06  1.191e-06  1.351e-06  1.525e-06  1.714e-06  1.917e-06  2.136e-06  2.371e-06  2.622e-06  2.891e-06  3.177e-06  3.482e-06  3.805e-06  4.148e-06  4.511e-06  4.894e-06  5.298e-06  5.724e-06  6.171e-06  6.641e-06  7.133e-06  7.649e-06  8.188e-06  8.751e-06  9.338e-06  9.949e-06  1.058e-05  1.125e-05  1.193e-05 	
 3.272e-10  1.869e-09  5.601e-09  1.249e-08  2.352e-08  3.964e-08  6.183e-08  9.107e-08  1.283e-07  1.745e-07  2.307e-07  2.978e-07  3.768e-07  4.687e-07  5.744e-07  6.949e-07  8.312e-07  9.842e-07  1.155e-06  1.344e-06  1.553e-06  1.783e-06  2.034e-06  2.308e-06  2.606e-06  2.928e-06  3.275e-06  3.649e-06  4.050e-06  4.480e-06  4.939e-06  5.428e-06  5.948e-06  6.501e-06  7.087e-06  7.706e-06  8.361e-06  9.051e-06  9.778e-06  1.054e-05  1.135e-05  1.219e-05  1.307e-05  1.399e-05  1.495e-05  1.595e-05  1.700e-05  1.808e-05  1.921e-05  2.038e-05 	
 5.605e-10  3.215e-09  9.643e-09  2.152e-08  4.051e-08  6.829e-08  1.065e-07  1.569e-07  2.211e-07  3.007e-07  3.975e-07  5.132e-07  6.493e-07  8.076e-07  9.897e-07  1.197e-06  1.432e-06  1.696e-06  1.990e-06  2.316e-06  2.677e-06  3.073e-06  3.506e-06  3.977e-06  4.490e-06  5.045e-06  5.643e-06  6.287e-06  6.979e-06  7.719e-06  8.510e-06  9.353e-06  1.025e-05  1.120e-05  1.221e-05  1.328e-05  1.441e-05  1.560e-05  1.685e-05  1.817e-05  1.955e-05  2.100e-05  2.252e-05  2.410e-05  2.576e-05  2.749e-05  2.929e-05  3.116e-05  3.310e-05  3.512e-05 	
 9.704e-10  5.583e-09  1.676e-08  3.739e-08  7.040e-08  1.187e-07  1.852e-07  2.727e-07  3.843e-07  5.228e-07  6.911e-07  8.921e-07  1.129e-06  1.404e-06  1.721e-06  2.082e-06  2.490e-06  2.948e-06  3.460e-06  4.027e-06  4.653e-06  5.342e-06  6.094e-06  6.915e-06  7.806e-06  8.770e-06  9.811e-06  1.093e-05  1.213e-05  1.342e-05  1.479e-05  1.626e-05  1.782e-05  1.947e-05  2.123e-05  2.309e-05  2.505e-05  2.711e-05  2.929e-05  3.158e-05  3.399e-05  3.651e-05  3.914e-05  4.190e-05  4.478e-05  4.779e-05  5.092e-05  5.417e-05  5.755e-05  6.106e-05 	
 1.710e-09  9.859e-09  2.960e-08  6.608e-08  1.244e-07  2.098e-07  3.273e-07  4.820e-07  6.792e-07  9.240e-07  1.221e-06  1.577e-06  1.995e-06  2.481e-06  3.041e-06  3.679e-06  4.401e-06  5.211e-06  6.115e-06  7.118e-06  8.225e-06  9.441e-06  1.077e-05  1.222e-05  1.380e-05  1.550e-05  1.734e-05  1.932e-05  2.144e-05  2.372e-05  2.615e-05  2.874e-05  3.149e-05  3.442e-05  3.752e-05  4.080e-05  4.427e-05  4.792e-05  5.177e-05  5.582e-05  6.007e-05  6.452e-05  6.918e-05  7.406e-05  7.915e-05  8.446e-05  8.999e-05  9.574e-05  1.017e-04  1.079e-04 	
 3.090e-09  1.783e-08  5.356e-08  1.196e-07  2.252e-07  3.797e-07  5.923e-07  8.725e-07  1.229e-06  1.672e-06  2.211e-06  2.854e-06  3.611e-06  4.491e-06  5.504e-06  6.659e-06  7.965e-06  9.432e-06  1.107e-05  1.288e-05  1.489e-05  1.709e-05  1.950e-05  2.212e-05  2.497e-05  2.806e-05  3.139e-05  3.497e-05  3.881e-05  4.293e-05  4.733e-05  5.202e-05  5.700e-05  6.230e-05  6.791e-05  7.385e-05  8.012e-05  8.674e-05  9.370e-05  1.010e-04  1.087e-04  1.168e-04  1.252e-04  1.340e-04  1.433e-04  1.529e-04  1.629e-04  1.733e-04  1.841e-04  1.953e-04 	
