 2.292e-01  2.172e-01  2.038e-01  1.880e-01  1.689e-01  1.480e-01  1.285e-01  1.086e-01  9.245e-02  7.852e-02  6.630e-02  5.197e-02  4.679e-02  3.917e-02  3.272e-02  2.728e-02  2.271e-02  1.893e-02  1.576e-02  1.310e-02  1.089e-02  9.037e-03  7.483e-03  6.183e-03  5.118e-03  4.234e-03  3.497e-03  2.881e-03  2.367e-03  1.938e-03  1.580e-03  1.280e-03  1.030e-03  8.759e-04  6.454e-04  5.000e-04  3.798e-04  2.793e-04  1.951e-04  1.220e-04  5.746e-05  2.366e-06  1.000e-06  1.000e-06  1.000e-06  1.000e-06  1.000e-06  1.000e-06  1.000e-06  1.000e-06 	
 2.507e-01  2.387e-01  2.250e-01  2.066e-01  1.814e-01  1.533e-01  1.282e-01  1.048e-01  8.754e-02  7.359e-02  6.186e-02  4.834e-02  4.352e-02  3.653e-02  3.067e-02  2.573e-02  2.157e-02  1.814e-02  1.526e-02  1.283e-02  1.079e-02  9.078e-03  7.613e-03  6.385e-03  5.378e-03  4.532e-03  3.820e-03  3.221e-03  2.715e-03  2.291e-03  1.933e-03  1.631e-03  1.377e-03  1.220e-03  9.817e-04  8.294e-04  7.016e-04  5.930e-04  5.015e-04  4.217e-04  3.508e-04  2.882e-04  2.348e-04  1.907e-04  1.590e-04  1.350e-04  1.220e-04  1.075e-04  8.090e-05  4.772e-05 	
 2.831e-01  2.709e-01  2.570e-01  2.374e-01  2.093e-01  1.776e-01  1.491e-01  1.222e-01  1.023e-01  8.598e-02  7.222e-02  5.633e-02  5.068e-02  4.247e-02  3.562e-02  2.984e-02  2.499e-02  2.099e-02  1.764e-02  1.481e-02  1.244e-02  1.045e-02  8.753e-03  7.332e-03  6.165e-03  5.186e-03  4.363e-03  3.671e-03  3.088e-03  2.600e-03  2.188e-03  1.842e-03  1.551e-03  1.371e-03  1.101e-03  9.278e-04  7.821e-04  6.586e-04  5.562e-04  4.709e-04  3.997e-04  3.402e-04  2.888e-04  2.445e-04  2.057e-04  1.716e-04  1.438e-04  1.201e-04  9.992e-05  7.769e-05 	
 3.176e-01  3.053e-01  2.922e-01  2.737e-01  2.439e-01  2.099e-01  1.780e-01  1.474e-01  1.242e-01  1.046e-01  8.808e-02  6.872e-02  6.184e-02  5.185e-02  4.350e-02  3.644e-02  3.051e-02  2.563e-02  2.154e-02  1.808e-02  1.519e-02  1.276e-02  1.069e-02  8.956e-03  7.531e-03  6.336e-03  5.331e-03  4.485e-03  3.773e-03  3.176e-03  2.672e-03  2.248e-03  1.892e-03  1.672e-03  1.340e-03  1.128e-03  9.495e-04  7.987e-04  6.727e-04  5.661e-04  4.760e-04  4.005e-04  3.369e-04  2.839e-04  2.394e-04  2.010e-04  1.704e-04  1.435e-04  1.194e-04  9.547e-05 	
 3.535e-01  3.409e-01  3.286e-01  3.133e-01  2.826e-01  2.475e-01  2.122e-01  1.781e-01  1.517e-01  1.283e-01  1.086e-01  8.485e-02  7.644e-02  6.417e-02  5.384e-02  4.511e-02  3.777e-02  3.173e-02  2.666e-02  2.238e-02  1.880e-02  1.579e-02  1.323e-02  1.108e-02  9.317e-03  7.838e-03  6.595e-03  5.548e-03  4.667e-03  3.928e-03  3.305e-03  2.780e-03  2.339e-03  2.067e-03  1.657e-03  1.394e-03  1.174e-03  9.877e-04  8.315e-04  6.987e-04  5.858e-04  4.908e-04  4.107e-04  3.441e-04  2.897e-04  2.435e-04  2.079e-04  1.764e-04  1.455e-04  1.160e-04 	
 3.872e-01  3.740e-01  3.602e-01  3.521e-01  3.221e-01  2.901e-01  2.513e-01  2.145e-01  1.846e-01  1.567e-01  1.336e-01  1.047e-01  9.453e-02  7.954e-02  6.678e-02  5.600e-02  4.689e-02  3.940e-02  3.311e-02  2.779e-02  2.334e-02  1.960e-02  1.642e-02  1.375e-02  1.156e-02  9.725e-03  8.183e-03  6.885e-03  5.792e-03  4.874e-03  4.100e-03  3.449e-03  2.902e-03  2.564e-03  2.055e-03  1.729e-03  1.457e-03  1.226e-03  1.032e-03  8.666e-04  7.263e-04  6.080e-04  5.083e-04  4.252e-04  3.575e-04  3.004e-04  2.571e-04  2.191e-04  1.797e-04  1.430e-04 	
 4.178e-01  4.040e-01  3.838e-01  3.865e-01  3.574e-01  3.359e-01  2.944e-01  2.577e-01  2.248e-01  1.918e-01  1.652e-01  1.298e-01  1.176e-01  9.919e-02  8.334e-02  7.000e-02  5.863e-02  4.927e-02  4.142e-02  3.476e-02  2.920e-02  2.452e-02  2.053e-02  1.720e-02  1.446e-02  1.216e-02  1.023e-02  8.608e-03  7.241e-03  6.093e-03  5.127e-03  4.313e-03  3.629e-03  3.207e-03  2.570e-03  2.163e-03  1.822e-03  1.534e-03  1.291e-03  1.084e-03  9.094e-04  7.617e-04  6.369e-04  5.328e-04  4.478e-04  3.760e-04  3.217e-04  2.748e-04  2.249e-04  1.793e-04 	
 4.455e-01  4.302e-01  4.016e-01  4.043e-01  3.900e-01  3.775e-01  3.453e-01  3.093e-01  2.753e-01  2.380e-01  2.074e-01  1.644e-01  1.493e-01  1.264e-01  1.063e-01  8.940e-02  7.493e-02  6.296e-02  5.294e-02  4.443e-02  3.732e-02  3.133e-02  2.623e-02  2.197e-02  1.846e-02  1.553e-02  1.306e-02  1.099e-02  9.245e-03  7.779e-03  6.545e-03  5.505e-03  4.633e-03  4.093e-03  3.281e-03  2.761e-03  2.325e-03  1.957e-03  1.647e-03  1.384e-03  1.160e-03  9.715e-04  8.123e-04  6.797e-04  5.713e-04  4.799e-04  4.105e-04  3.499e-04  2.871e-04  2.296e-04 	
 4.713e-01  4.512e-01  4.192e-01  4.119e-01  4.094e-01  4.067e-01  3.885e-01  3.602e-01  3.292e-01  2.913e-01  2.585e-01  2.088e-01  1.905e-01  1.626e-01  1.372e-01  1.157e-01  9.710e-02  8.158e-02  6.863e-02  5.758e-02  4.835e-02  4.059e-02  3.396e-02  2.843e-02  2.389e-02  2.009e-02  1.690e-02  1.422e-02  1.196e-02  1.006e-02  8.464e-03  7.119e-03  5.990e-03  5.293e-03  4.241e-03  3.570e-03  3.006e-03  2.529e-03  2.129e-03  1.789e-03  1.501e-03  1.257e-03  1.052e-03  8.804e-04  7.401e-04  6.216e-04  5.311e-04  4.511e-04  3.718e-04  2.987e-04 	
 4.993e-01  4.719e-01  4.351e-01  4.180e-01  4.193e-01  4.257e-01  4.212e-01  4.053e-01  3.815e-01  3.477e-01  3.160e-01  2.629e-01  2.423e-01  2.098e-01  1.783e-01  1.515e-01  1.276e-01  1.073e-01  9.043e-02  7.586e-02  6.368e-02  5.346e-02  4.470e-02  3.740e-02  3.143e-02  2.642e-02  2.222e-02  1.868e-02  1.571e-02  1.322e-02  1.112e-02  9.358e-03  7.876e-03  6.959e-03  5.577e-03  4.693e-03  3.950e-03  3.321e-03  2.797e-03  2.353e-03  1.976e-03  1.657e-03  1.387e-03  1.161e-03  9.762e-04  8.194e-04  6.988e-04  5.914e-04  4.897e-04  3.955e-04 	
 5.323e-01  4.951e-01  4.494e-01  4.207e-01  4.195e-01  4.326e-01  4.405e-01  4.388e-01  4.255e-01  4.006e-01  3.756e-01  3.255e-01  3.047e-01  2.700e-01  2.332e-01  2.009e-01  1.708e-01  1.443e-01  1.221e-01  1.025e-01  8.606e-02  7.226e-02  6.036e-02  5.047e-02  4.238e-02  3.561e-02  2.993e-02  2.516e-02  2.115e-02  1.779e-02  1.497e-02  1.259e-02  1.059e-02  9.355e-03  7.495e-03  6.306e-03  5.308e-03  4.462e-03  3.757e-03  3.159e-03  2.651e-03  2.223e-03  1.860e-03  1.558e-03  1.310e-03  1.100e-03  9.384e-04  7.939e-04  6.579e-04  5.326e-04 	
 5.718e-01  5.225e-01  4.636e-01  4.213e-01  4.141e-01  4.305e-01  4.474e-01  4.571e-01  4.532e-01  4.382e-01  4.226e-01  3.821e-01  3.646e-01  3.330e-01  2.943e-01  2.596e-01  2.244e-01  1.916e-01  1.640e-01  1.382e-01  1.164e-01  9.793e-02  8.172e-02  6.830e-02  5.734e-02  4.815e-02  4.045e-02  3.399e-02  2.856e-02  2.402e-02  2.020e-02  1.698e-02  1.429e-02  1.262e-02  1.011e-02  8.509e-03  7.161e-03  6.020e-03  5.069e-03  4.265e-03  3.582e-03  3.006e-03  2.517e-03  2.110e-03  1.774e-03  1.489e-03  1.268e-03  1.071e-03  8.898e-04  7.238e-04 	
 6.210e-01  5.582e-01  4.806e-01  4.197e-01  4.032e-01  4.216e-01  4.456e-01  4.651e-01  4.694e-01  4.625e-01  4.566e-01  4.286e-01  4.173e-01  3.941e-01  3.584e-01  3.268e-01  2.900e-01  2.525e-01  2.206e-01  1.878e-01  1.595e-01  1.352e-01  1.128e-01  9.444e-02  7.928e-02  6.651e-02  5.586e-02  4.690e-02  3.938e-02  3.310e-02  2.782e-02  2.339e-02  1.967e-02  1.737e-02  1.391e-02  1.170e-02  9.848e-03  8.278e-03  6.969e-03  5.864e-03  4.925e-03  4.133e-03  3.462e-03  2.902e-03  2.441e-03  2.049e-03  1.744e-03  1.473e-03  1.224e-03  9.987e-04 	
 6.793e-01  6.042e-01  5.038e-01  4.192e-01  3.901e-01  4.085e-01  4.367e-01  4.644e-01  4.745e-01  4.730e-01  4.760e-01  4.579e-01  4.532e-01  4.403e-01  4.116e-01  3.898e-01  3.572e-01  3.198e-01  2.881e-01  2.499e-01  2.163e-01  1.862e-01  1.563e-01  1.317e-01  1.108e-01  9.300e-02  7.817e-02  6.557e-02  5.502e-02  4.622e-02  3.882e-02  3.261e-02  2.741e-02  2.420e-02  1.938e-02  1.629e-02  1.371e-02  1.152e-02  9.697e-03  8.159e-03  6.853e-03  5.751e-03  4.819e-03  4.040e-03  3.398e-03  2.853e-03  2.428e-03  2.050e-03  1.705e-03  1.395e-03 	
 7.429e-01  6.611e-01  5.369e-01  4.247e-01  3.797e-01  3.951e-01  4.218e-01  4.578e-01  4.713e-01  4.735e-01  4.859e-01  4.727e-01  4.742e-01  4.704e-01  4.477e-01  4.381e-01  4.131e-01  3.814e-01  3.571e-01  3.179e-01  2.829e-01  2.499e-01  2.129e-01  1.829e-01  1.553e-01  1.308e-01  1.106e-01  9.277e-02  7.785e-02  6.538e-02  5.487e-02  4.606e-02  3.869e-02  3.415e-02  2.732e-02  2.296e-02  1.931e-02  1.622e-02  1.365e-02  1.149e-02  9.649e-03  8.100e-03  6.789e-03  5.694e-03  4.789e-03  4.019e-03  3.419e-03  2.887e-03  2.403e-03  1.972e-03 	
 8.011e-01  7.209e-01  5.749e-01  4.390e-01  3.813e-01  3.927e-01  4.058e-01  4.473e-01  4.575e-01  4.641e-01  4.896e-01  4.755e-01  4.841e-01  4.876e-01  4.675e-01  4.697e-01  4.525e-01  4.292e-01  4.171e-01  3.817e-01  3.523e-01  3.223e-01  2.809e-01  2.482e-01  2.144e-01  1.831e-01  1.571e-01  1.324e-01  1.116e-01  9.402e-02  7.886e-02  6.622e-02  5.560e-02  4.903e-02  3.919e-02  3.291e-02  2.766e-02  2.322e-02  1.954e-02  1.643e-02  1.380e-02  1.158e-02  9.707e-03  8.142e-03  6.849e-03  5.747e-03  4.889e-03  4.130e-03  3.438e-03  2.834e-03 	
 8.470e-01  7.770e-01  6.119e-01  4.593e-01  3.959e-01  4.083e-01  3.940e-01  4.413e-01  4.380e-01  4.482e-01  4.878e-01  4.678e-01  4.869e-01  4.951e-01  4.745e-01  4.883e-01  4.748e-01  4.582e-01  4.576e-01  4.277e-01  4.088e-01  3.877e-01  3.481e-01  3.201e-01  2.840e-01  2.479e-01  2.181e-01  1.861e-01  1.592e-01  1.356e-01  1.141e-01  9.627e-02  8.096e-02  7.138e-02  5.707e-02  4.788e-02  4.020e-02  3.372e-02  2.836e-02  2.384e-02  2.002e-02  1.681e-02  1.409e-02  1.182e-02  9.942e-03  8.340e-03  7.085e-03  5.981e-03  4.987e-03  4.142e-03 	
 8.779e-01  8.197e-01  6.445e-01  4.888e-01  4.267e-01  4.464e-01  3.994e-01  4.504e-01  4.192e-01  4.292e-01  4.832e-01  4.501e-01  4.847e-01  4.931e-01  4.721e-01  4.984e-01  4.838e-01  4.737e-01  4.836e-01  4.564e-01  4.475e-01  4.364e-01  4.027e-01  3.857e-01  3.530e-01  3.175e-01  2.895e-01  2.524e-01  2.211e-01  1.924e-01  1.636e-01  1.402e-01  1.188e-01  1.050e-01  8.448e-02  7.090e-02  5.951e-02  4.990e-02  4.195e-02  3.528e-02  2.964e-02  2.489e-02  2.087e-02  1.752e-02  1.473e-02  1.234e-02  1.046e-02  8.812e-03  7.372e-03  6.184e-03 	
 8.947e-01  8.365e-01  6.738e-01  5.145e-01  4.647e-01  4.731e-01  4.280e-01  4.617e-01  4.183e-01  4.217e-01  4.727e-01  4.325e-01  4.777e-01  4.813e-01  4.634e-01  5.009e-01  4.816e-01  4.802e-01  4.976e-01  4.708e-01  4.703e-01  4.673e-01  4.396e-01  4.345e-01  4.086e-01  3.789e-01  3.591e-01  3.217e-01  2.911e-01  2.611e-01  2.264e-01  1.991e-01  1.715e-01  1.528e-01  1.254e-01  1.059e-01  8.936e-02  7.520e-02  6.328e-02  5.335e-02  4.489e-02  3.774e-02  3.169e-02  2.661e-02  2.235e-02  1.870e-02  1.579e-02  1.324e-02  1.114e-02  9.446e-03 	
 9.018e-01  8.351e-01  6.960e-01  5.491e-01  4.980e-01  4.880e-01  4.573e-01  4.663e-01  4.342e-01  4.346e-01  4.627e-01  4.270e-01  4.680e-01  4.661e-01  4.527e-01  4.960e-01  4.731e-01  4.801e-01  5.021e-01  4.748e-01  4.828e-01  4.846e-01  4.610e-01  4.658e-01  4.457e-01  4.229e-01  4.135e-01  3.800e-01  3.560e-01  3.307e-01  2.940e-01  2.675e-01  2.364e-01  2.135e-01  1.812e-01  1.552e-01  1.332e-01  1.137e-01  9.621e-02  8.182e-02  6.920e-02  5.835e-02  4.918e-02  4.135e-02  3.471e-02  2.898e-02  2.438e-02  2.035e-02  1.719e-02  1.469e-02 	
 9.038e-01  8.322e-01  7.138e-01  5.880e-01  5.278e-01  5.060e-01  4.845e-01  4.798e-01  4.581e-01  4.562e-01  4.652e-01  4.328e-01  4.630e-01  4.552e-01  4.449e-01  4.877e-01  4.615e-01  4.749e-01  4.996e-01  4.706e-01  4.879e-01  4.915e-01  4.712e-01  4.853e-01  4.678e-01  4.514e-01  4.515e-01  4.222e-01  4.065e-01  3.893e-01  3.548e-01  3.348e-01  3.048e-01  2.802e-01  2.480e-01  2.171e-01  1.911e-01  1.672e-01  1.433e-01  1.241e-01  1.061e-01  9.005e-02  7.659e-02  6.456e-02  5.429e-02  4.537e-02  3.813e-02  3.180e-02  2.683e-02  2.292e-02 	
 9.044e-01  8.324e-01  7.285e-01  6.189e-01  5.527e-01  5.238e-01  5.067e-01  4.976e-01  4.832e-01  4.800e-01  4.774e-01  4.476e-01  4.665e-01  4.532e-01  4.440e-01  4.815e-01  4.518e-01  4.681e-01  4.930e-01  4.620e-01  4.880e-01  4.909e-01  4.735e-01  4.963e-01  4.779e-01  4.679e-01  4.758e-01  4.485e-01  4.411e-01  4.319e-01  4.009e-01  3.899e-01  3.646e-01  3.411e-01  3.156e-01  2.831e-01  2.566e-01  2.313e-01  2.020e-01  1.793e-01  1.558e-01  1.337e-01  1.154e-01  9.776e-02  8.269e-02  6.945e-02  5.854e-02  4.894e-02  4.113e-02  3.488e-02 	
 9.052e-01  8.352e-01  7.408e-01  6.414e-01  5.729e-01  5.400e-01  5.249e-01  5.163e-01  5.069e-01  5.034e-01  4.957e-01  4.680e-01  4.782e-01  4.604e-01  4.511e-01  4.807e-01  4.468e-01  4.633e-01  4.860e-01  4.524e-01  4.852e-01  4.853e-01  4.703e-01  5.014e-01  4.795e-01  4.763e-01  4.904e-01  4.629e-01  4.636e-01  4.602e-01  4.322e-01  4.302e-01  4.101e-01  3.888e-01  3.730e-01  3.423e-01  3.188e-01  2.961e-01  2.638e-01  2.407e-01  2.132e-01  1.855e-01  1.630e-01  1.393e-01  1.188e-01  1.006e-01  8.519e-02  7.150e-02  5.993e-02  5.039e-02 	
 9.070e-01  8.399e-01  7.517e-01  6.579e-01  5.890e-01  5.545e-01  5.408e-01  5.344e-01  5.283e-01  5.253e-01  5.163e-01  4.903e-01  4.956e-01  4.745e-01  4.648e-01  4.866e-01  4.480e-01  4.629e-01  4.817e-01  4.453e-01  4.823e-01  4.779e-01  4.644e-01  5.027e-01  4.754e-01  4.792e-01  4.981e-01  4.685e-01  4.776e-01  4.776e-01  4.516e-01  4.578e-01  4.411e-01  4.222e-01  4.162e-01  3.880e-01  3.691e-01  3.513e-01  3.186e-01  2.979e-01  2.693e-01  2.381e-01  2.133e-01  1.841e-01  1.588e-01  1.358e-01  1.155e-01  9.742e-02  8.160e-02  6.826e-02 	
 9.096e-01  8.462e-01  7.616e-01  6.697e-01  6.010e-01  5.672e-01  5.551e-01  5.517e-01  5.473e-01  5.452e-01  5.367e-01  5.122e-01  5.161e-01  4.920e-01  4.822e-01  4.982e-01  4.549e-01  4.676e-01  4.818e-01  4.427e-01  4.816e-01  4.710e-01  4.579e-01  5.019e-01  4.682e-01  4.784e-01  5.010e-01  4.681e-01  4.859e-01  4.871e-01  4.624e-01  4.759e-01  4.606e-01  4.440e-01  4.464e-01  4.199e-01  4.055e-01  3.930e-01  3.611e-01  3.442e-01  3.167e-01  2.842e-01  2.596e-01  2.267e-01  1.979e-01  1.711e-01  1.463e-01  1.240e-01  1.040e-01  8.684e-02 	
 9.128e-01  8.537e-01  7.712e-01  6.775e-01  6.092e-01  5.779e-01  5.676e-01  5.678e-01  5.636e-01  5.626e-01  5.550e-01  5.319e-01  5.376e-01  5.096e-01  5.004e-01  5.138e-01  4.660e-01  4.762e-01  4.859e-01  4.449e-01  4.845e-01  4.664e-01  4.525e-01  5.007e-01  4.602e-01  4.754e-01  5.009e-01  4.644e-01  4.904e-01  4.912e-01  4.675e-01  4.876e-01  4.719e-01  4.574e-01  4.666e-01  4.409e-01  4.305e-01  4.225e-01  3.916e-01  3.785e-01  3.531e-01  3.209e-01  2.979e-01  2.631e-01  2.324e-01  2.033e-01  1.746e-01  1.491e-01  1.254e-01  1.047e-01 	
 9.161e-01  8.622e-01  7.813e-01  6.815e-01  6.134e-01  5.867e-01  5.778e-01  5.830e-01  5.768e-01  5.768e-01  5.701e-01  5.481e-01  5.590e-01  5.247e-01  5.169e-01  5.307e-01  4.793e-01  4.871e-01  4.929e-01  4.516e-01  4.916e-01  4.647e-01  4.487e-01  4.999e-01  4.529e-01  4.715e-01  4.991e-01  4.589e-01  4.926e-01  4.922e-01  4.689e-01  4.948e-01  4.779e-01  4.655e-01  4.802e-01  4.545e-01  4.475e-01  4.429e-01  4.128e-01  4.031e-01  3.799e-01  3.485e-01  3.278e-01  2.924e-01  2.609e-01  2.307e-01  1.992e-01  1.712e-01  1.447e-01  1.210e-01 	
 9.188e-01  8.711e-01  7.933e-01  6.811e-01  6.146e-01  5.946e-01  5.848e-01  5.979e-01  5.868e-01  5.877e-01  5.812e-01  5.601e-01  5.796e-01  5.360e-01  5.309e-01  5.477e-01  4.942e-01  4.985e-01  5.012e-01  4.614e-01  5.022e-01  4.655e-01  4.467e-01  5.001e-01  4.472e-01  4.674e-01  4.967e-01  4.531e-01  4.935e-01  4.912e-01  4.682e-01  4.993e-01  4.808e-01  4.702e-01  4.893e-01  4.634e-01  4.593e-01  4.573e-01  4.278e-01  4.210e-01  3.997e-01  3.692e-01  3.509e-01  3.155e-01  2.840e-01  2.534e-01  2.198e-01  1.902e-01  1.615e-01  1.353e-01 	
 9.203e-01  8.783e-01  8.098e-01  6.755e-01  6.158e-01  6.038e-01  5.869e-01  6.111e-01  5.955e-01  5.937e-01  5.876e-01  5.673e-01  5.983e-01  5.436e-01  5.431e-01  5.629e-01  5.109e-01  5.092e-01  5.099e-01  4.736e-01  5.151e-01  4.683e-01  4.463e-01  5.010e-01  4.433e-01  4.634e-01  4.941e-01  4.474e-01  4.940e-01  4.893e-01  4.662e-01  5.019e-01  4.817e-01  4.729e-01  4.958e-01  4.693e-01  4.677e-01  4.678e-01  4.388e-01  4.344e-01  4.147e-01  3.851e-01  3.689e-01  3.339e-01  3.027e-01  2.722e-01  2.371e-01  2.065e-01  1.760e-01  1.478e-01 	
 9.201e-01  8.803e-01  8.212e-01  6.756e-01  6.203e-01  6.124e-01  5.885e-01  6.166e-01  6.042e-01  5.977e-01  5.918e-01  5.753e-01  6.090e-01  5.517e-01  5.549e-01  5.732e-01  5.247e-01  5.188e-01  5.177e-01  4.847e-01  5.244e-01  4.720e-01  4.481e-01  5.023e-01  4.415e-01  4.603e-01  4.914e-01  4.424e-01  4.940e-01  4.868e-01  4.636e-01  5.034e-01  4.814e-01  4.742e-01  5.003e-01  4.731e-01  4.738e-01  4.754e-01  4.468e-01  4.443e-01  4.259e-01  3.972e-01  3.828e-01  3.482e-01  3.175e-01  2.875e-01  2.514e-01  2.201e-01  1.883e-01  1.584e-01 	
 9.183e-01  8.767e-01  8.107e-01  6.945e-01  6.269e-01  6.129e-01  6.013e-01  6.204e-01  6.054e-01  6.099e-01  5.995e-01  5.913e-01  6.101e-01  5.639e-01  5.657e-01  5.773e-01  5.278e-01  5.274e-01  5.245e-01  4.912e-01  5.259e-01  4.757e-01  4.524e-01  5.036e-01  4.413e-01  4.590e-01  4.888e-01  4.379e-01  4.927e-01  4.843e-01  4.612e-01  5.040e-01  4.806e-01  4.747e-01  5.033e-01  4.756e-01  4.781e-01  4.808e-01  4.525e-01  4.515e-01  4.342e-01  4.061e-01  3.934e-01  3.593e-01  3.291e-01  2.995e-01  2.627e-01  2.309e-01  1.982e-01  1.670e-01 	
 9.156e-01  8.713e-01  8.040e-01  7.074e-01  6.377e-01  6.157e-01  6.085e-01  6.193e-01  6.101e-01  6.147e-01  6.047e-01  6.000e-01  6.095e-01  5.740e-01  5.743e-01  5.792e-01  5.310e-01  5.334e-01  5.305e-01  4.968e-01  5.248e-01  4.790e-01  4.577e-01  5.046e-01  4.420e-01  4.587e-01  4.867e-01  4.345e-01  4.914e-01  4.819e-01  4.591e-01  5.042e-01  4.795e-01  4.747e-01  5.054e-01  4.771e-01  4.811e-01  4.846e-01  4.565e-01  4.568e-01  4.402e-01  4.127e-01  4.013e-01  3.676e-01  3.379e-01  3.088e-01  2.715e-01  2.395e-01  2.062e-01  1.740e-01 	
 9.130e-01  8.666e-01  8.003e-01  7.151e-01  6.474e-01  6.194e-01  6.126e-01  6.186e-01  6.137e-01  6.167e-01  6.079e-01  6.048e-01  6.093e-01  5.810e-01  5.804e-01  5.804e-01  5.345e-01  5.376e-01  5.354e-01  5.017e-01  5.239e-01  4.821e-01  4.628e-01  5.055e-01  4.430e-01  4.587e-01  4.852e-01  4.320e-01  4.902e-01  4.800e-01  4.573e-01  5.042e-01  4.785e-01  4.745e-01  5.068e-01  4.780e-01  4.832e-01  4.873e-01  4.594e-01  4.606e-01  4.447e-01  4.177e-01  4.072e-01  3.740e-01  3.447e-01  3.161e-01  2.784e-01  2.464e-01  2.125e-01  1.796e-01 	
 9.109e-01  8.635e-01  7.986e-01  7.198e-01  6.543e-01  6.228e-01  6.151e-01  6.188e-01  6.162e-01  6.180e-01  6.100e-01  6.077e-01  6.097e-01  5.857e-01  5.846e-01  5.817e-01  5.378e-01  5.409e-01  5.393e-01  5.058e-01  5.237e-01  4.848e-01  4.670e-01  5.064e-01  4.439e-01  4.589e-01  4.841e-01  4.301e-01  4.892e-01  4.783e-01  4.557e-01  5.041e-01  4.775e-01  4.742e-01  5.077e-01  4.786e-01  4.848e-01  4.893e-01  4.616e-01  4.635e-01  4.481e-01  4.215e-01  4.119e-01  3.789e-01  3.501e-01  3.219e-01  2.840e-01  2.519e-01  2.177e-01  1.842e-01 	
 9.097e-01  8.621e-01  7.982e-01  7.224e-01  6.581e-01  6.251e-01  6.169e-01  6.195e-01  6.179e-01  6.190e-01  6.115e-01  6.097e-01  6.108e-01  5.887e-01  5.875e-01  5.832e-01  5.404e-01  5.435e-01  5.422e-01  5.092e-01  5.247e-01  4.872e-01  4.701e-01  5.074e-01  4.449e-01  4.591e-01  4.833e-01  4.288e-01  4.886e-01  4.770e-01  4.544e-01  5.038e-01  4.765e-01  4.738e-01  5.084e-01  4.789e-01  4.860e-01  4.909e-01  4.633e-01  4.658e-01  4.507e-01  4.245e-01  4.156e-01  3.829e-01  3.545e-01  3.266e-01  2.886e-01  2.565e-01  2.220e-01  1.880e-01 	
 9.095e-01  8.624e-01  7.989e-01  7.233e-01  6.589e-01  6.263e-01  6.181e-01  6.208e-01  6.190e-01  6.202e-01  6.126e-01  6.115e-01  6.126e-01  5.903e-01  5.895e-01  5.851e-01  5.424e-01  5.458e-01  5.445e-01  5.119e-01  5.269e-01  4.894e-01  4.721e-01  5.086e-01  4.458e-01  4.591e-01  4.828e-01  4.277e-01  4.883e-01  4.758e-01  4.531e-01  5.036e-01  4.756e-01  4.734e-01  5.089e-01  4.791e-01  4.869e-01  4.921e-01  4.646e-01  4.677e-01  4.529e-01  4.270e-01  4.187e-01  3.863e-01  3.582e-01  3.307e-01  2.925e-01  2.604e-01  2.257e-01  1.914e-01 	
 9.102e-01  8.644e-01  8.010e-01  7.226e-01  6.570e-01  6.263e-01  6.189e-01  6.228e-01  6.197e-01  6.216e-01  6.134e-01  6.131e-01  6.153e-01  5.908e-01  5.909e-01  5.875e-01  5.440e-01  5.479e-01  5.462e-01  5.142e-01  5.305e-01  4.914e-01  4.730e-01  5.100e-01  4.468e-01  4.589e-01  4.826e-01  4.269e-01  4.884e-01  4.749e-01  4.518e-01  5.033e-01  4.748e-01  4.730e-01  5.093e-01  4.792e-01  4.877e-01  4.932e-01  4.657e-01  4.693e-01  4.548e-01  4.291e-01  4.213e-01  3.892e-01  3.614e-01  3.343e-01  2.960e-01  2.640e-01  2.291e-01  1.943e-01 	
 9.117e-01  8.679e-01  8.048e-01  7.202e-01  6.521e-01  6.256e-01  6.192e-01  6.258e-01  6.198e-01  6.233e-01  6.137e-01  6.146e-01  6.190e-01  5.900e-01  5.918e-01  5.906e-01  5.455e-01  5.499e-01  5.474e-01  5.164e-01  5.357e-01  4.933e-01  4.729e-01  5.117e-01  4.478e-01  4.584e-01  4.824e-01  4.263e-01  4.888e-01  4.741e-01  4.505e-01  5.029e-01  4.739e-01  4.725e-01  5.096e-01  4.792e-01  4.883e-01  4.941e-01  4.666e-01  4.707e-01  4.565e-01  4.310e-01  4.238e-01  3.919e-01  3.644e-01  3.375e-01  2.992e-01  2.672e-01  2.322e-01  1.971e-01 	
 9.135e-01  8.727e-01  8.113e-01  7.158e-01  6.448e-01  6.254e-01  6.186e-01  6.301e-01  6.191e-01  6.250e-01  6.132e-01  6.159e-01  6.237e-01  5.880e-01  5.925e-01  5.942e-01  5.477e-01  5.521e-01  5.481e-01  5.188e-01  5.423e-01  4.952e-01  4.721e-01  5.135e-01  4.488e-01  4.576e-01  4.823e-01  4.258e-01  4.896e-01  4.734e-01  4.491e-01  5.026e-01  4.730e-01  4.721e-01  5.098e-01  4.791e-01  4.889e-01  4.949e-01  4.675e-01  4.719e-01  4.580e-01  4.328e-01  4.260e-01  3.944e-01  3.671e-01  3.406e-01  3.022e-01  2.703e-01  2.351e-01  1.997e-01 	
 9.150e-01  8.775e-01  8.219e-01  7.085e-01  6.368e-01  6.278e-01  6.158e-01  6.352e-01  6.180e-01  6.254e-01  6.113e-01  6.163e-01  6.291e-01  5.847e-01  5.932e-01  5.980e-01  5.518e-01  5.542e-01  5.483e-01  5.217e-01  5.497e-01  4.972e-01  4.712e-01  5.153e-01  4.498e-01  4.565e-01  4.823e-01  4.255e-01  4.908e-01  4.728e-01  4.478e-01  5.022e-01  4.722e-01  4.716e-01  5.101e-01  4.791e-01  4.894e-01  4.957e-01  4.682e-01  4.731e-01  4.594e-01  4.344e-01  4.281e-01  3.967e-01  3.697e-01  3.435e-01  3.051e-01  2.733e-01  2.379e-01  2.022e-01 	
 9.155e-01  8.798e-01  8.350e-01  7.004e-01  6.335e-01  6.354e-01  6.098e-01  6.349e-01  6.200e-01  6.213e-01  6.086e-01  6.152e-01  6.326e-01  5.823e-01  5.946e-01  6.007e-01  5.571e-01  5.563e-01  5.481e-01  5.248e-01  5.549e-01  4.990e-01  4.714e-01  5.166e-01  4.510e-01  4.560e-01  4.823e-01  4.253e-01  4.920e-01  4.721e-01  4.466e-01  5.018e-01  4.714e-01  4.711e-01  5.102e-01  4.790e-01  4.899e-01  4.964e-01  4.690e-01  4.743e-01  4.608e-01  4.360e-01  4.301e-01  3.990e-01  3.723e-01  3.464e-01  3.079e-01  2.762e-01  2.407e-01  2.047e-01 	
 9.151e-01  8.781e-01  8.244e-01  7.089e-01  6.371e-01  6.298e-01  6.168e-01  6.369e-01  6.190e-01  6.264e-01  6.121e-01  6.184e-01  6.312e-01  5.860e-01  5.957e-01  6.001e-01  5.542e-01  5.571e-01  5.506e-01  5.251e-01  5.528e-01  5.004e-01  4.740e-01  5.174e-01  4.521e-01  4.570e-01  4.821e-01  4.247e-01  4.909e-01  4.712e-01  4.458e-01  5.015e-01  4.705e-01  4.706e-01  5.104e-01  4.788e-01  4.904e-01  4.971e-01  4.697e-01  4.754e-01  4.621e-01  4.376e-01  4.322e-01  4.012e-01  3.748e-01  3.493e-01  3.108e-01  2.791e-01  2.434e-01  2.072e-01 	
 9.168e-01  8.765e-01  8.150e-01  7.163e-01  6.432e-01  6.260e-01  6.206e-01  6.338e-01  6.218e-01  6.281e-01  6.153e-01  6.205e-01  6.286e-01  5.905e-01  5.972e-01  5.992e-01  5.512e-01  5.579e-01  5.534e-01  5.248e-01  5.496e-01  5.014e-01  4.769e-01  5.186e-01  4.533e-01  4.584e-01  4.820e-01  4.240e-01  4.899e-01  4.705e-01  4.448e-01  5.011e-01  4.695e-01  4.701e-01  5.106e-01  4.787e-01  4.909e-01  4.977e-01  4.704e-01  4.765e-01  4.634e-01  4.392e-01  4.342e-01  4.035e-01  3.774e-01  3.521e-01  3.136e-01  2.820e-01  2.462e-01  2.097e-01 	
 9.063e-01  8.614e-01  8.013e-01  7.295e-01  6.674e-01  6.345e-01  6.252e-01  6.266e-01  6.245e-01  6.253e-01  6.183e-01  6.194e-01  6.202e-01  5.990e-01  5.994e-01  5.933e-01  5.530e-01  5.574e-01  5.561e-01  5.266e-01  5.371e-01  5.030e-01  4.865e-01  5.163e-01  4.543e-01  4.618e-01  4.816e-01  4.240e-01  4.864e-01  4.690e-01  4.450e-01  5.008e-01  4.690e-01  4.696e-01  5.105e-01  4.786e-01  4.914e-01  4.983e-01  4.712e-01  4.777e-01  4.648e-01  4.408e-01  4.363e-01  4.058e-01  3.801e-01  3.552e-01  3.167e-01  2.852e-01  2.493e-01  2.125e-01 	
 9.023e-01  8.580e-01  7.999e-01  7.314e-01  6.712e-01  6.374e-01  6.267e-01  6.267e-01  6.250e-01  6.253e-01  6.190e-01  6.198e-01  6.200e-01  6.007e-01  6.004e-01  5.933e-01  5.548e-01  5.585e-01  5.572e-01  5.286e-01  5.367e-01  5.047e-01  4.895e-01  5.165e-01  4.555e-01  4.628e-01  4.815e-01  4.241e-01  4.857e-01  4.681e-01  4.443e-01  5.003e-01  4.682e-01  4.690e-01  5.105e-01  4.784e-01  4.918e-01  4.989e-01  4.719e-01  4.788e-01  4.662e-01  4.424e-01  4.384e-01  4.082e-01  3.829e-01  3.585e-01  3.199e-01  2.887e-01  2.527e-01  2.155e-01 	
 9.063e-01  8.624e-01  8.024e-01  7.289e-01  6.654e-01  6.334e-01  6.257e-01  6.284e-01  6.262e-01  6.271e-01  6.196e-01  6.217e-01  6.229e-01  6.001e-01  6.017e-01  5.961e-01  5.544e-01  5.603e-01  5.589e-01  5.294e-01  5.413e-01  5.063e-01  4.890e-01  5.195e-01  4.569e-01  4.627e-01  4.819e-01  4.234e-01  4.868e-01  4.675e-01  4.426e-01  4.998e-01  4.669e-01  4.682e-01  5.107e-01  4.780e-01  4.922e-01  4.996e-01  4.725e-01  4.799e-01  4.675e-01  4.440e-01  4.406e-01  4.107e-01  3.857e-01  3.617e-01  3.231e-01  2.920e-01  2.559e-01  2.185e-01 	
 9.065e-01  8.625e-01  8.027e-01  7.301e-01  6.671e-01  6.348e-01  6.268e-01  6.291e-01  6.269e-01  6.276e-01  6.203e-01  6.226e-01  6.236e-01  6.013e-01  6.029e-01  5.970e-01  5.557e-01  5.618e-01  5.603e-01  5.312e-01  5.424e-01  5.082e-01  4.913e-01  5.207e-01  4.585e-01  4.635e-01  4.821e-01  4.234e-01  4.867e-01  4.667e-01  4.415e-01  4.992e-01  4.658e-01  4.675e-01  5.106e-01  4.776e-01  4.927e-01  5.002e-01  4.732e-01  4.811e-01  4.690e-01  4.457e-01  4.429e-01  4.133e-01  3.888e-01  3.652e-01  3.268e-01  2.959e-01  2.598e-01  2.220e-01 	
 9.069e-01  8.639e-01  8.043e-01  7.297e-01  6.656e-01  6.347e-01  6.275e-01  6.305e-01  6.274e-01  6.287e-01  6.208e-01  6.240e-01  6.254e-01  6.016e-01  6.040e-01  5.986e-01  5.567e-01  5.636e-01  5.616e-01  5.330e-01  5.451e-01  5.101e-01  4.926e-01  5.224e-01  4.603e-01  4.640e-01  4.824e-01  4.234e-01  4.871e-01  4.659e-01  4.402e-01  4.986e-01  4.646e-01  4.666e-01  5.106e-01  4.772e-01  4.931e-01  5.008e-01  4.739e-01  4.824e-01  4.704e-01  4.475e-01  4.452e-01  4.160e-01  3.920e-01  3.690e-01  3.306e-01  3.001e-01  2.640e-01  2.259e-01 	
 9.079e-01  8.667e-01  8.076e-01  7.282e-01  6.615e-01  6.341e-01  6.279e-01  6.330e-01  6.276e-01  6.301e-01  6.211e-01  6.256e-01  6.284e-01  6.011e-01  6.051e-01  6.009e-01  5.576e-01  5.657e-01  5.626e-01  5.348e-01  5.494e-01  5.122e-01  4.931e-01  5.245e-01  4.623e-01  4.643e-01  4.827e-01  4.236e-01  4.880e-01  4.652e-01  4.387e-01  4.979e-01  4.633e-01  4.657e-01  5.105e-01  4.766e-01  4.935e-01  5.014e-01  4.745e-01  4.836e-01  4.718e-01  4.492e-01  4.477e-01  4.188e-01  3.953e-01  3.730e-01  3.347e-01  3.046e-01  2.685e-01  2.301e-01 	
 9.091e-01  8.707e-01  8.134e-01  7.252e-01  6.546e-01  6.335e-01  6.278e-01  6.367e-01  6.272e-01  6.319e-01  6.208e-01  6.276e-01  6.324e-01  5.995e-01  6.062e-01  6.039e-01  5.589e-01  5.681e-01  5.632e-01  5.370e-01  5.552e-01  5.144e-01  4.929e-01  5.269e-01  4.645e-01  4.642e-01  4.832e-01  4.238e-01  4.895e-01  4.646e-01  4.370e-01  4.972e-01  4.619e-01  4.647e-01  5.103e-01  4.760e-01  4.939e-01  5.020e-01  4.750e-01  4.848e-01  4.732e-01  4.510e-01  4.501e-01  4.216e-01  3.986e-01  3.770e-01  3.390e-01  3.093e-01  2.733e-01  2.346e-01 	
