 1.492e-02  2.281e-02  3.705e-02  5.625e-02  8.029e-02  1.099e-01  1.460e-01  1.894e-01  2.401e-01  2.981e-01  3.619e-01  4.296e-01  4.989e-01  5.669e-01  6.312e-01  6.899e-01  7.416e-01  7.858e-01  8.229e-01  8.536e-01  8.791e-01  9.005e-01  9.188e-01  9.346e-01  9.484e-01  9.599e-01  9.692e-01  9.768e-01  9.821e-01  9.861e-01  9.886e-01  9.898e-01  9.905e-01  9.908e-01  9.910e-01  9.913e-01  9.913e-01  9.914e-01  9.925e-01  9.932e-01  9.939e-01  9.940e-01  9.942e-01  9.946e-01  9.946e-01  9.943e-01  9.950e-01  9.965e-01  9.980e-01  9.983e-01 	
 1.383e-02  2.155e-02  3.535e-02  5.395e-02  7.728e-02  1.061e-01  1.414e-01  1.839e-01  2.338e-01  2.911e-01  3.544e-01  4.218e-01  4.911e-01  5.594e-01  6.243e-01  6.836e-01  7.360e-01  7.810e-01  8.188e-01  8.502e-01  8.762e-01  8.981e-01  9.168e-01  9.330e-01  9.470e-01  9.588e-01  9.684e-01  9.762e-01  9.817e-01  9.858e-01  9.884e-01  9.897e-01  9.904e-01  9.908e-01  9.910e-01  9.913e-01  9.913e-01  9.914e-01  9.925e-01  9.932e-01  9.939e-01  9.940e-01  9.942e-01  9.946e-01  9.945e-01  9.943e-01  9.950e-01  9.965e-01  9.980e-01  9.983e-01 	
 1.275e-02  2.029e-02  3.366e-02  5.165e-02  7.426e-02  1.023e-01  1.367e-01  1.783e-01  2.274e-01  2.840e-01  3.468e-01  4.139e-01  4.832e-01  5.517e-01  6.171e-01  6.771e-01  7.303e-01  7.760e-01  8.146e-01  8.466e-01  8.732e-01  8.956e-01  9.147e-01  9.312e-01  9.456e-01  9.577e-01  9.675e-01  9.756e-01  9.812e-01  9.855e-01  9.882e-01  9.896e-01  9.904e-01  9.908e-01  9.910e-01  9.913e-01  9.913e-01  9.914e-01  9.925e-01  9.932e-01  9.939e-01  9.940e-01  9.942e-01  9.946e-01  9.945e-01  9.942e-01  9.949e-01  9.964e-01  9.981e-01  9.984e-01 	
 1.167e-02  1.904e-02  3.197e-02  4.935e-02  7.124e-02  9.841e-02  1.319e-01  1.727e-01  2.209e-01  2.767e-01  3.389e-01  4.058e-01  4.750e-01  5.438e-01  6.097e-01  6.704e-01  7.243e-01  7.709e-01  8.101e-01  8.429e-01  8.701e-01  8.930e-01  9.125e-01  9.294e-01  9.441e-01  9.565e-01  9.666e-01  9.749e-01  9.808e-01  9.852e-01  9.880e-01  9.895e-01  9.903e-01  9.907e-01  9.911e-01  9.913e-01  9.914e-01  9.915e-01  9.925e-01  9.932e-01  9.939e-01  9.940e-01  9.942e-01  9.945e-01  9.945e-01  9.942e-01  9.949e-01  9.964e-01  9.981e-01  9.984e-01 	
 1.060e-02  1.780e-02  3.028e-02  4.706e-02  6.821e-02  9.455e-02  1.272e-01  1.670e-01  2.143e-01  2.694e-01  3.310e-01  3.975e-01  4.667e-01  5.357e-01  6.020e-01  6.634e-01  7.181e-01  7.655e-01  8.056e-01  8.390e-01  8.668e-01  8.903e-01  9.103e-01  9.276e-01  9.426e-01  9.553e-01  9.657e-01  9.741e-01  9.802e-01  9.848e-01  9.878e-01  9.894e-01  9.903e-01  9.907e-01  9.911e-01  9.914e-01  9.914e-01  9.915e-01  9.926e-01  9.932e-01  9.939e-01  9.940e-01  9.942e-01  9.945e-01  9.944e-01  9.941e-01  9.948e-01  9.964e-01  9.982e-01  9.985e-01 	
 9.533e-03  1.656e-02  2.861e-02  4.478e-02  6.519e-02  9.069e-02  1.224e-01  1.612e-01  2.077e-01  2.619e-01  3.229e-01  3.890e-01  4.581e-01  5.273e-01  5.941e-01  6.561e-01  7.117e-01  7.599e-01  8.008e-01  8.350e-01  8.635e-01  8.874e-01  9.079e-01  9.256e-01  9.410e-01  9.540e-01  9.647e-01  9.734e-01  9.797e-01  9.845e-01  9.875e-01  9.892e-01  9.902e-01  9.907e-01  9.911e-01  9.914e-01  9.914e-01  9.916e-01  9.926e-01  9.932e-01  9.939e-01  9.940e-01  9.942e-01  9.945e-01  9.944e-01  9.940e-01  9.948e-01  9.964e-01  9.982e-01  9.985e-01 	
 8.479e-03  1.534e-02  2.696e-02  4.251e-02  6.218e-02  8.682e-02  1.176e-01  1.555e-01  2.009e-01  2.543e-01  3.146e-01  3.803e-01  4.493e-01  5.187e-01  5.859e-01  6.487e-01  7.050e-01  7.541e-01  7.958e-01  8.308e-01  8.600e-01  8.845e-01  9.055e-01  9.236e-01  9.393e-01  9.526e-01  9.636e-01  9.726e-01  9.791e-01  9.841e-01  9.873e-01  9.891e-01  9.901e-01  9.906e-01  9.910e-01  9.914e-01  9.915e-01  9.916e-01  9.926e-01  9.932e-01  9.939e-01  9.940e-01  9.942e-01  9.944e-01  9.943e-01  9.939e-01  9.947e-01  9.963e-01  9.982e-01  9.985e-01 	
 7.436e-03  1.414e-02  2.532e-02  4.025e-02  5.917e-02  8.295e-02  1.128e-01  1.496e-01  1.941e-01  2.466e-01  3.062e-01  3.714e-01  4.402e-01  5.098e-01  5.775e-01  6.409e-01  6.981e-01  7.481e-01  7.907e-01  8.264e-01  8.563e-01  8.815e-01  9.029e-01  9.215e-01  9.376e-01  9.512e-01  9.625e-01  9.717e-01  9.785e-01  9.836e-01  9.870e-01  9.889e-01  9.900e-01  9.906e-01  9.910e-01  9.914e-01  9.915e-01  9.916e-01  9.926e-01  9.932e-01  9.939e-01  9.940e-01  9.941e-01  9.944e-01  9.943e-01  9.938e-01  9.946e-01  9.962e-01  9.983e-01  9.986e-01 	
 6.406e-03  1.295e-02  2.370e-02  3.802e-02  5.618e-02  7.910e-02  1.079e-01  1.438e-01  1.873e-01  2.388e-01  2.976e-01  3.623e-01  4.310e-01  5.006e-01  5.688e-01  6.329e-01  6.909e-01  7.418e-01  7.853e-01  8.219e-01  8.525e-01  8.783e-01  9.003e-01  9.193e-01  9.358e-01  9.498e-01  9.614e-01  9.708e-01  9.779e-01  9.832e-01  9.867e-01  9.887e-01  9.899e-01  9.906e-01  9.910e-01  9.914e-01  9.915e-01  9.917e-01  9.926e-01  9.932e-01  9.939e-01  9.940e-01  9.941e-01  9.943e-01  9.942e-01  9.937e-01  9.945e-01  9.962e-01  9.983e-01  9.986e-01 	
 5.390e-03  1.178e-02  2.210e-02  3.581e-02  5.322e-02  7.525e-02  1.031e-01  1.379e-01  1.804e-01  2.309e-01  2.889e-01  3.531e-01  4.215e-01  4.913e-01  5.598e-01  6.246e-01  6.834e-01  7.353e-01  7.797e-01  8.171e-01  8.485e-01  8.750e-01  8.975e-01  9.170e-01  9.339e-01  9.483e-01  9.602e-01  9.699e-01  9.772e-01  9.827e-01  9.863e-01  9.885e-01  9.898e-01  9.905e-01  9.910e-01  9.914e-01  9.915e-01  9.917e-01  9.927e-01  9.932e-01  9.939e-01  9.940e-01  9.941e-01  9.943e-01  9.941e-01  9.936e-01  9.944e-01  9.961e-01  9.983e-01  9.986e-01 	
 4.391e-03  1.064e-02  2.053e-02  3.362e-02  5.027e-02  7.142e-02  9.829e-02  1.320e-01  1.734e-01  2.229e-01  2.801e-01  3.437e-01  4.118e-01  4.816e-01  5.506e-01  6.160e-01  6.757e-01  7.285e-01  7.739e-01  8.122e-01  8.444e-01  8.715e-01  8.947e-01  9.147e-01  9.320e-01  9.467e-01  9.589e-01  9.689e-01  9.764e-01  9.821e-01  9.860e-01  9.883e-01  9.897e-01  9.904e-01  9.910e-01  9.914e-01  9.916e-01  9.918e-01  9.927e-01  9.932e-01  9.939e-01  9.939e-01  9.940e-01  9.942e-01  9.940e-01  9.935e-01  9.943e-01  9.960e-01  9.983e-01  9.986e-01 	
 3.409e-03  9.510e-03  1.898e-02  3.147e-02  4.736e-02  6.762e-02  9.349e-02  1.261e-01  1.664e-01  2.149e-01  2.712e-01  3.340e-01  4.018e-01  4.717e-01  5.410e-01  6.071e-01  6.677e-01  7.214e-01  7.678e-01  8.071e-01  8.401e-01  8.679e-01  8.917e-01  9.122e-01  9.299e-01  9.451e-01  9.576e-01  9.679e-01  9.757e-01  9.816e-01  9.856e-01  9.881e-01  9.895e-01  9.903e-01  9.909e-01  9.914e-01  9.916e-01  9.918e-01  9.927e-01  9.932e-01  9.939e-01  9.939e-01  9.940e-01  9.941e-01  9.939e-01  9.933e-01  9.942e-01  9.959e-01  9.983e-01  9.986e-01 	
 2.447e-03  8.409e-03  1.747e-02  2.935e-02  4.449e-02  6.385e-02  8.870e-02  1.202e-01  1.594e-01  2.067e-01  2.621e-01  3.243e-01  3.916e-01  4.615e-01  5.311e-01  5.979e-01  6.593e-01  7.140e-01  7.614e-01  8.017e-01  8.356e-01  8.642e-01  8.886e-01  9.096e-01  9.278e-01  9.433e-01  9.562e-01  9.668e-01  9.748e-01  9.810e-01  9.852e-01  9.878e-01  9.894e-01  9.903e-01  9.909e-01  9.914e-01  9.916e-01  9.918e-01  9.927e-01  9.932e-01  9.938e-01  9.939e-01  9.939e-01  9.940e-01  9.938e-01  9.932e-01  9.940e-01  9.958e-01  9.983e-01  9.986e-01 	
 1.507e-03  7.335e-03  1.599e-02  2.727e-02  4.165e-02  6.012e-02  8.394e-02  1.143e-01  1.523e-01  1.985e-01  2.529e-01  3.143e-01  3.812e-01  4.510e-01  5.210e-01  5.883e-01  6.506e-01  7.064e-01  7.548e-01  7.961e-01  8.309e-01  8.603e-01  8.853e-01  9.070e-01  9.256e-01  9.415e-01  9.548e-01  9.657e-01  9.740e-01  9.803e-01  9.847e-01  9.875e-01  9.892e-01  9.901e-01  9.908e-01  9.914e-01  9.916e-01  9.919e-01  9.927e-01  9.932e-01  9.938e-01  9.939e-01  9.939e-01  9.940e-01  9.937e-01  9.930e-01  9.938e-01  9.956e-01  9.982e-01  9.986e-01 	
 5.901e-04  6.289e-03  1.455e-02  2.523e-02  3.886e-02  5.643e-02  7.922e-02  1.085e-01  1.452e-01  1.903e-01  2.436e-01  3.042e-01  3.706e-01  4.403e-01  5.105e-01  5.784e-01  6.416e-01  6.984e-01  7.479e-01  7.902e-01  8.259e-01  8.562e-01  8.820e-01  9.042e-01  9.233e-01  9.397e-01  9.533e-01  9.645e-01  9.731e-01  9.796e-01  9.842e-01  9.872e-01  9.890e-01  9.900e-01  9.908e-01  9.914e-01  9.916e-01  9.919e-01  9.927e-01  9.932e-01  9.938e-01  9.938e-01  9.938e-01  9.939e-01  9.936e-01  9.928e-01  9.937e-01  9.955e-01  9.982e-01  9.985e-01 	
-3.020e-04  5.274e-03  1.314e-02  2.324e-02  3.613e-02  5.280e-02  7.454e-02  1.026e-01  1.382e-01  1.820e-01  2.342e-01  2.939e-01  3.598e-01  4.293e-01  4.997e-01  5.682e-01  6.323e-01  6.901e-01  7.407e-01  7.840e-01  8.208e-01  8.519e-01  8.784e-01  9.012e-01  9.209e-01  9.377e-01  9.517e-01  9.632e-01  9.721e-01  9.789e-01  9.837e-01  9.868e-01  9.887e-01  9.899e-01  9.907e-01  9.913e-01  9.916e-01  9.919e-01  9.927e-01  9.932e-01  9.937e-01  9.938e-01  9.938e-01  9.938e-01  9.934e-01  9.926e-01  9.935e-01  9.953e-01  9.981e-01  9.985e-01 	
-1.167e-03  4.292e-03  1.178e-02  2.130e-02  3.345e-02  4.923e-02  6.992e-02  9.683e-02  1.311e-01  1.737e-01  2.247e-01  2.835e-01  3.487e-01  4.179e-01  4.886e-01  5.577e-01  6.226e-01  6.814e-01  7.331e-01  7.776e-01  8.154e-01  8.474e-01  8.747e-01  8.982e-01  9.184e-01  9.357e-01  9.501e-01  9.619e-01  9.711e-01  9.781e-01  9.831e-01  9.864e-01  9.885e-01  9.897e-01  9.906e-01  9.913e-01  9.916e-01  9.919e-01  9.927e-01  9.931e-01  9.937e-01  9.937e-01  9.937e-01  9.937e-01  9.933e-01  9.924e-01  9.933e-01  9.951e-01  9.981e-01  9.984e-01 	
-2.004e-03  3.345e-03  1.046e-02  1.942e-02  3.084e-02  4.573e-02  6.536e-02  9.108e-02  1.241e-01  1.653e-01  2.151e-01  2.729e-01  3.374e-01  4.064e-01  4.771e-01  5.467e-01  6.125e-01  6.724e-01  7.253e-01  7.709e-01  8.097e-01  8.427e-01  8.708e-01  8.950e-01  9.158e-01  9.335e-01  9.483e-01  9.605e-01  9.700e-01  9.773e-01  9.825e-01  9.860e-01  9.882e-01  9.895e-01  9.905e-01  9.912e-01  9.916e-01  9.919e-01  9.927e-01  9.931e-01  9.937e-01  9.937e-01  9.936e-01  9.935e-01  9.931e-01  9.922e-01  9.930e-01  9.949e-01  9.980e-01  9.984e-01 	
-2.810e-03  2.434e-03  9.193e-03  1.760e-02  2.830e-02  4.230e-02  6.088e-02  8.540e-02  1.171e-01  1.570e-01  2.055e-01  2.621e-01  3.259e-01  3.945e-01  4.653e-01  5.354e-01  6.020e-01  6.629e-01  7.170e-01  7.638e-01  8.038e-01  8.378e-01  8.668e-01  8.916e-01  9.130e-01  9.313e-01  9.465e-01  9.590e-01  9.688e-01  9.764e-01  9.819e-01  9.855e-01  9.879e-01  9.893e-01  9.903e-01  9.911e-01  9.915e-01  9.919e-01  9.926e-01  9.931e-01  9.936e-01  9.936e-01  9.936e-01  9.934e-01  9.930e-01  9.920e-01  9.928e-01  9.946e-01  9.979e-01  9.983e-01 	
-3.584e-03  1.561e-03  7.974e-03  1.584e-02  2.583e-02  3.895e-02  5.649e-02  7.978e-02  1.101e-01  1.486e-01  1.958e-01  2.513e-01  3.142e-01  3.823e-01  4.531e-01  5.237e-01  5.910e-01  6.531e-01  7.084e-01  7.564e-01  7.976e-01  8.326e-01  8.625e-01  8.881e-01  9.102e-01  9.289e-01  9.446e-01  9.574e-01  9.676e-01  9.754e-01  9.811e-01  9.850e-01  9.875e-01  9.891e-01  9.902e-01  9.910e-01  9.915e-01  9.919e-01  9.926e-01  9.930e-01  9.935e-01  9.936e-01  9.935e-01  9.933e-01  9.928e-01  9.917e-01  9.925e-01  9.944e-01  9.978e-01  9.982e-01 	
-4.325e-03  7.281e-04  6.808e-03  1.415e-02  2.345e-02  3.570e-02  5.219e-02  7.426e-02  1.032e-01  1.403e-01  1.861e-01  2.403e-01  3.023e-01  3.699e-01  4.406e-01  5.115e-01  5.797e-01  6.428e-01  6.993e-01  7.487e-01  7.910e-01  8.271e-01  8.580e-01  8.844e-01  9.071e-01  9.264e-01  9.426e-01  9.558e-01  9.663e-01  9.744e-01  9.803e-01  9.844e-01  9.871e-01  9.888e-01  9.900e-01  9.909e-01  9.914e-01  9.919e-01  9.925e-01  9.930e-01  9.935e-01  9.935e-01  9.934e-01  9.931e-01  9.926e-01  9.914e-01  9.922e-01  9.941e-01  9.976e-01  9.981e-01 	
-5.029e-03 -6.308e-05  5.697e-03  1.253e-02  2.115e-02  3.255e-02  4.799e-02  6.884e-02  9.642e-02  1.320e-01  1.763e-01  2.293e-01  2.902e-01  3.572e-01  4.278e-01  4.990e-01  5.679e-01  6.321e-01  6.899e-01  7.405e-01  7.841e-01  8.214e-01  8.532e-01  8.805e-01  9.040e-01  9.238e-01  9.404e-01  9.541e-01  9.649e-01  9.733e-01  9.795e-01  9.838e-01  9.866e-01  9.885e-01  9.898e-01  9.908e-01  9.913e-01  9.918e-01  9.925e-01  9.929e-01  9.934e-01  9.935e-01  9.933e-01  9.930e-01  9.924e-01  9.912e-01  9.919e-01  9.938e-01  9.975e-01  9.979e-01 	
-5.697e-03 -8.112e-04  4.644e-03  1.099e-02  1.895e-02  2.951e-02  4.392e-02  6.353e-02  8.972e-02  1.238e-01  1.666e-01  2.182e-01  2.780e-01  3.442e-01  4.145e-01  4.860e-01  5.557e-01  6.209e-01  6.799e-01  7.319e-01  7.768e-01  8.153e-01  8.482e-01  8.764e-01  9.006e-01  9.211e-01  9.382e-01  9.523e-01  9.634e-01  9.721e-01  9.786e-01  9.831e-01  9.861e-01  9.881e-01  9.895e-01  9.906e-01  9.912e-01  9.917e-01  9.924e-01  9.928e-01  9.933e-01  9.934e-01  9.932e-01  9.928e-01  9.922e-01  9.909e-01  9.916e-01  9.935e-01  9.973e-01  9.978e-01 	
-6.326e-03 -1.515e-03  3.650e-03  9.527e-03  1.684e-02  2.658e-02  3.997e-02  5.835e-02  8.313e-02  1.157e-01  1.569e-01  2.070e-01  2.656e-01  3.310e-01  4.010e-01  4.726e-01  5.429e-01  6.092e-01  6.695e-01  7.229e-01  7.692e-01  8.089e-01  8.429e-01  8.721e-01  8.971e-01  9.182e-01  9.359e-01  9.503e-01  9.619e-01  9.709e-01  9.776e-01  9.823e-01  9.856e-01  9.877e-01  9.892e-01  9.903e-01  9.910e-01  9.916e-01  9.923e-01  9.927e-01  9.932e-01  9.933e-01  9.930e-01  9.927e-01  9.920e-01  9.905e-01  9.913e-01  9.931e-01  9.971e-01  9.976e-01 	
-6.916e-03 -2.174e-03  2.718e-03  8.145e-03  1.484e-02  2.378e-02  3.616e-02  5.332e-02  7.667e-02  1.076e-01  1.472e-01  1.957e-01  2.530e-01  3.175e-01  3.870e-01  4.588e-01  5.297e-01  5.970e-01  6.586e-01  7.133e-01  7.611e-01  8.021e-01  8.373e-01  8.675e-01  8.933e-01  9.151e-01  9.334e-01  9.483e-01  9.602e-01  9.696e-01  9.765e-01  9.815e-01  9.849e-01  9.872e-01  9.888e-01  9.901e-01  9.908e-01  9.915e-01  9.921e-01  9.926e-01  9.931e-01  9.932e-01  9.929e-01  9.925e-01  9.917e-01  9.902e-01  9.909e-01  9.927e-01  9.968e-01  9.974e-01 	
-7.464e-03 -2.786e-03  1.848e-03  6.847e-03  1.295e-02  2.111e-02  3.250e-02  4.845e-02  7.037e-02  9.972e-02  1.376e-01  1.845e-01  2.403e-01  3.038e-01  3.727e-01  4.445e-01  5.159e-01  5.842e-01  6.471e-01  7.033e-01  7.525e-01  7.949e-01  8.314e-01  8.627e-01  8.893e-01  9.119e-01  9.307e-01  9.461e-01  9.585e-01  9.681e-01  9.754e-01  9.806e-01  9.842e-01  9.867e-01  9.884e-01  9.897e-01  9.906e-01  9.913e-01  9.920e-01  9.924e-01  9.930e-01  9.931e-01  9.928e-01  9.923e-01  9.915e-01  9.899e-01  9.905e-01  9.923e-01  9.966e-01  9.972e-01 	
-7.971e-03 -3.352e-03  1.041e-03  5.635e-03  1.117e-02  1.858e-02  2.900e-02  4.375e-02  6.423e-02  9.194e-02  1.281e-01  1.733e-01  2.275e-01  2.898e-01  3.581e-01  4.297e-01  5.016e-01  5.708e-01  6.350e-01  6.927e-01  7.434e-01  7.873e-01  8.251e-01  8.575e-01  8.851e-01  9.084e-01  9.279e-01  9.438e-01  9.566e-01  9.666e-01  9.741e-01  9.796e-01  9.834e-01  9.861e-01  9.879e-01  9.894e-01  9.903e-01  9.910e-01  9.918e-01  9.923e-01  9.928e-01  9.929e-01  9.926e-01  9.921e-01  9.912e-01  9.895e-01  9.901e-01  9.918e-01  9.962e-01  9.969e-01 	
-8.435e-03 -3.871e-03  2.970e-04  4.511e-03  9.504e-03  1.619e-02  2.567e-02  3.923e-02  5.828e-02  8.434e-02  1.187e-01  1.621e-01  2.147e-01  2.756e-01  3.431e-01  4.145e-01  4.867e-01  5.568e-01  6.222e-01  6.814e-01  7.337e-01  7.792e-01  8.184e-01  8.520e-01  8.806e-01  9.048e-01  9.249e-01  9.414e-01  9.546e-01  9.649e-01  9.728e-01  9.785e-01  9.826e-01  9.854e-01  9.874e-01  9.889e-01  9.899e-01  9.907e-01  9.915e-01  9.920e-01  9.926e-01  9.928e-01  9.924e-01  9.918e-01  9.909e-01  9.891e-01  9.897e-01  9.914e-01  9.959e-01  9.966e-01 	
-8.856e-03 -4.343e-03 -3.831e-04  3.476e-03  7.957e-03  1.395e-02  2.252e-02  3.492e-02  5.254e-02  7.693e-02  1.094e-01  1.509e-01  2.018e-01  2.613e-01  3.278e-01  3.988e-01  4.713e-01  5.422e-01  6.088e-01  6.696e-01  7.235e-01  7.705e-01  8.111e-01  8.460e-01  8.758e-01  9.008e-01  9.217e-01  9.387e-01  9.524e-01  9.631e-01  9.713e-01  9.773e-01  9.816e-01  9.846e-01  9.867e-01  9.883e-01  9.894e-01  9.904e-01  9.912e-01  9.917e-01  9.923e-01  9.925e-01  9.922e-01  9.915e-01  9.906e-01  9.887e-01  9.892e-01  9.908e-01  9.955e-01  9.962e-01 	
-9.233e-03 -4.770e-03 -1.001e-03  2.529e-03  6.530e-03  1.186e-02  1.955e-02  3.081e-02  4.703e-02  6.974e-02  1.003e-01  1.399e-01  1.889e-01  2.467e-01  3.121e-01  3.826e-01  4.552e-01  5.268e-01  5.947e-01  6.570e-01  7.125e-01  7.612e-01  8.034e-01  8.397e-01  8.706e-01  8.966e-01  9.182e-01  9.359e-01  9.500e-01  9.612e-01  9.696e-01  9.759e-01  9.805e-01  9.837e-01  9.860e-01  9.877e-01  9.889e-01  9.899e-01  9.908e-01  9.914e-01  9.920e-01  9.923e-01  9.919e-01  9.912e-01  9.902e-01  9.882e-01  9.887e-01  9.902e-01  9.950e-01  9.958e-01 	
-9.569e-03 -5.153e-03 -1.558e-03  1.669e-03  5.222e-03  9.931e-03  1.678e-02  2.693e-02  4.176e-02  6.278e-02  9.146e-02  1.290e-01  1.759e-01  2.321e-01  2.962e-01  3.660e-01  4.385e-01  5.108e-01  5.798e-01  6.436e-01  7.008e-01  7.513e-01  7.951e-01  8.328e-01  8.649e-01  8.920e-01  9.145e-01  9.328e-01  9.475e-01  9.590e-01  9.679e-01  9.744e-01  9.792e-01  9.826e-01  9.851e-01  9.869e-01  9.882e-01  9.893e-01  9.903e-01  9.909e-01  9.916e-01  9.919e-01  9.915e-01  9.908e-01  9.898e-01  9.877e-01  9.882e-01  9.896e-01  9.944e-01  9.953e-01 	
-9.862e-03 -5.492e-03 -2.056e-03  8.939e-04  4.033e-03  8.156e-03  1.420e-02  2.329e-02  3.674e-02  5.609e-02  8.282e-02  1.182e-01  1.631e-01  2.173e-01  2.799e-01  3.488e-01  4.212e-01  4.939e-01  5.640e-01  6.293e-01  6.883e-01  7.406e-01  7.861e-01  8.254e-01  8.589e-01  8.870e-01  9.104e-01  9.294e-01  9.447e-01  9.567e-01  9.659e-01  9.728e-01  9.778e-01  9.814e-01  9.840e-01  9.860e-01  9.874e-01  9.886e-01  9.896e-01  9.904e-01  9.911e-01  9.915e-01  9.911e-01  9.904e-01  9.893e-01  9.872e-01  9.876e-01  9.889e-01  9.938e-01  9.948e-01 	
-1.011e-02 -5.792e-03 -2.499e-03  2.010e-04  2.961e-03  6.538e-03  1.182e-02  1.988e-02  3.201e-02  4.969e-02  7.445e-02  1.077e-01  1.503e-01  2.025e-01  2.634e-01  3.312e-01  4.032e-01  4.763e-01  5.474e-01  6.141e-01  6.749e-01  7.290e-01  7.764e-01  8.173e-01  8.522e-01  8.816e-01  9.059e-01  9.257e-01  9.416e-01  9.541e-01  9.637e-01  9.709e-01  9.762e-01  9.800e-01  9.828e-01  9.849e-01  9.865e-01  9.878e-01  9.888e-01  9.897e-01  9.905e-01  9.909e-01  9.905e-01  9.898e-01  9.887e-01  9.865e-01  9.869e-01  9.881e-01  9.930e-01  9.941e-01 	
-1.033e-02 -6.055e-03 -2.890e-03 -4.144e-04  2.001e-03  5.074e-03  9.644e-03  1.673e-02  2.755e-02  4.359e-02  6.638e-02  9.735e-02  1.376e-01  1.876e-01  2.466e-01  3.131e-01  3.845e-01  4.577e-01  5.297e-01  5.979e-01  6.605e-01  7.165e-01  7.658e-01  8.084e-01  8.449e-01  8.756e-01  9.010e-01  9.217e-01  9.382e-01  9.512e-01  9.612e-01  9.688e-01  9.743e-01  9.784e-01  9.814e-01  9.836e-01  9.853e-01  9.867e-01  9.879e-01  9.888e-01  9.896e-01  9.902e-01  9.898e-01  9.891e-01  9.880e-01  9.858e-01  9.861e-01  9.872e-01  9.921e-01  9.933e-01 	
-1.051e-02 -6.284e-03 -3.236e-03 -9.579e-04  1.147e-03  3.759e-03  7.664e-03  1.382e-02  2.339e-02  3.782e-02  5.863e-02  8.733e-02  1.252e-01  1.727e-01  2.296e-01  2.945e-01  3.651e-01  4.383e-01  5.110e-01  5.805e-01  6.448e-01  7.029e-01  7.541e-01  7.987e-01  8.368e-01  8.689e-01  8.955e-01  9.171e-01  9.344e-01  9.480e-01  9.585e-01  9.664e-01  9.722e-01  9.765e-01  9.797e-01  9.821e-01  9.839e-01  9.854e-01  9.866e-01  9.877e-01  9.886e-01  9.892e-01  9.889e-01  9.882e-01  9.871e-01  9.849e-01  9.852e-01  9.862e-01  9.910e-01  9.923e-01 	
-1.066e-02 -6.485e-03 -3.540e-03 -1.436e-03  3.938e-04  2.587e-03  5.878e-03  1.116e-02  1.954e-02  3.239e-02  5.124e-02  7.762e-02  1.129e-01  1.579e-01  2.124e-01  2.755e-01  3.449e-01  4.178e-01  4.911e-01  5.619e-01  6.279e-01  6.880e-01  7.413e-01  7.879e-01  8.278e-01  8.614e-01  8.893e-01  9.119e-01  9.301e-01  9.443e-01  9.553e-01  9.636e-01  9.697e-01  9.743e-01  9.777e-01  9.802e-01  9.822e-01  9.838e-01  9.851e-01  9.862e-01  9.873e-01  9.880e-01  9.877e-01  9.870e-01  9.860e-01  9.839e-01  9.842e-01  9.851e-01  9.897e-01  9.911e-01 	
-1.077e-02 -6.663e-03 -3.812e-03 -1.858e-03 -2.690e-04  1.550e-03  4.278e-03  8.742e-03  1.599e-02  2.732e-02  4.422e-02  6.827e-02  1.009e-01  1.431e-01  1.951e-01  2.561e-01  3.240e-01  3.964e-01  4.699e-01  5.418e-01  6.095e-01  6.716e-01  7.271e-01  7.758e-01  8.176e-01  8.530e-01  8.822e-01  9.060e-01  9.251e-01  9.400e-01  9.516e-01  9.603e-01  9.668e-01  9.716e-01  9.752e-01  9.779e-01  9.801e-01  9.818e-01  9.832e-01  9.845e-01  9.856e-01  9.864e-01  9.862e-01  9.856e-01  9.846e-01  9.826e-01  9.829e-01  9.837e-01  9.882e-01  9.897e-01 	
-1.087e-02 -6.823e-03 -4.056e-03 -2.232e-03 -8.513e-04  6.359e-04  2.855e-03  6.566e-03  1.274e-02  2.260e-02  3.761e-02  5.931e-02  8.927e-02  1.286e-01  1.777e-01  2.362e-01  3.024e-01  3.738e-01  4.473e-01  5.201e-01  5.894e-01  6.535e-01  7.113e-01  7.622e-01  8.061e-01  8.433e-01  8.741e-01  8.992e-01  9.192e-01  9.350e-01  9.472e-01  9.564e-01  9.633e-01  9.684e-01  9.722e-01  9.752e-01  9.774e-01  9.793e-01  9.808e-01  9.822e-01  9.834e-01  9.844e-01  9.842e-01  9.837e-01  9.829e-01  9.811e-01  9.814e-01  9.821e-01  9.863e-01  9.879e-01 	
-1.095e-02 -6.972e-03 -4.283e-03 -2.568e-03 -1.365e-03 -1.671e-04  1.596e-03  4.618e-03  9.790e-03  1.826e-02  3.141e-02  5.078e-02  7.797e-02  1.142e-01  1.603e-01  2.159e-01  2.799e-01  3.500e-01  4.232e-01  4.965e-01  5.673e-01  6.334e-01  6.934e-01  7.467e-01  7.929e-01  8.320e-01  8.646e-01  8.911e-01  9.123e-01  9.290e-01  9.419e-01  9.517e-01  9.590e-01  9.645e-01  9.686e-01  9.717e-01  9.741e-01  9.761e-01  9.778e-01  9.792e-01  9.806e-01  9.817e-01  9.817e-01  9.812e-01  9.806e-01  9.790e-01  9.794e-01  9.801e-01  9.839e-01  9.857e-01 	
-1.101e-02 -7.117e-03 -4.500e-03 -2.876e-03 -1.821e-03 -8.731e-04  4.864e-04  2.885e-03  7.131e-03  1.428e-02  2.564e-02  4.271e-02  6.708e-02  1.002e-01  1.429e-01  1.954e-01  2.567e-01  3.249e-01  3.973e-01  4.709e-01  5.429e-01  6.109e-01  6.732e-01  7.289e-01  7.775e-01  8.188e-01  8.533e-01  8.814e-01  9.040e-01  9.217e-01  9.354e-01  9.459e-01  9.537e-01  9.595e-01  9.639e-01  9.673e-01  9.699e-01  9.720e-01  9.739e-01  9.755e-01  9.769e-01  9.782e-01  9.783e-01  9.780e-01  9.776e-01  9.764e-01  9.768e-01  9.775e-01  9.810e-01  9.828e-01 	
-1.107e-02 -7.264e-03 -4.715e-03 -3.167e-03 -2.235e-03 -1.497e-03 -4.889e-04  1.351e-03  4.750e-03  1.067e-02  2.031e-02  3.511e-02  5.667e-02  8.644e-02  1.256e-01  1.745e-01  2.327e-01  2.985e-01  3.696e-01  4.430e-01  5.159e-01  5.855e-01  6.501e-01  7.084e-01  7.594e-01  8.031e-01  8.397e-01  8.696e-01  8.937e-01  9.126e-01  9.273e-01  9.385e-01  9.470e-01  9.533e-01  9.580e-01  9.616e-01  9.645e-01  9.668e-01  9.688e-01  9.705e-01  9.721e-01  9.735e-01  9.738e-01  9.738e-01  9.736e-01  9.728e-01  9.734e-01  9.742e-01  9.772e-01  9.792e-01 	
-1.112e-02 -7.420e-03 -4.938e-03 -3.452e-03 -2.617e-03 -2.053e-03 -1.347e-03  2.441e-07  2.633e-03  7.409e-03  1.543e-02  2.804e-02  4.677e-02  7.314e-02  1.085e-01  1.534e-01  2.079e-01  2.708e-01  3.399e-01  4.125e-01  4.857e-01  5.568e-01  6.235e-01  6.842e-01  7.379e-01  7.842e-01  8.231e-01  8.550e-01  8.808e-01  9.012e-01  9.170e-01  9.291e-01  9.382e-01  9.451e-01  9.503e-01  9.542e-01  9.573e-01  9.599e-01  9.620e-01  9.639e-01  9.657e-01  9.673e-01  9.678e-01  9.681e-01  9.683e-01  9.679e-01  9.687e-01  9.697e-01  9.723e-01  9.743e-01 	
-1.118e-02 -7.592e-03 -5.175e-03 -3.741e-03 -2.980e-03 -2.556e-03 -2.103e-03 -1.183e-03  7.661e-04  4.500e-03  1.100e-02  2.150e-02  3.745e-02  6.037e-02  9.165e-02  1.323e-01  1.825e-01  2.416e-01  3.080e-01  3.790e-01  4.520e-01  5.239e-01  5.925e-01  6.556e-01  7.120e-01  7.610e-01  8.024e-01  8.366e-01  8.643e-01  8.863e-01  9.035e-01  9.167e-01  9.267e-01  9.343e-01  9.400e-01  9.443e-01  9.478e-01  9.506e-01  9.529e-01  9.550e-01  9.570e-01  9.588e-01  9.597e-01  9.603e-01  9.610e-01  9.612e-01  9.622e-01  9.634e-01  9.658e-01  9.679e-01 	
-1.125e-02 -7.782e-03 -5.433e-03 -4.040e-03 -3.334e-03 -3.018e-03 -2.770e-03 -2.213e-03 -8.616e-04  1.935e-03  7.038e-03  1.554e-02  2.879e-02  4.823e-02  7.533e-02  1.113e-01  1.566e-01  2.112e-01  2.738e-01  3.423e-01  4.141e-01  4.862e-01  5.561e-01  6.214e-01  6.804e-01  7.321e-01  7.762e-01  8.129e-01  8.428e-01  8.668e-01  8.856e-01  9.001e-01  9.111e-01  9.195e-01  9.259e-01  9.308e-01  9.346e-01  9.378e-01  9.404e-01  9.428e-01  9.450e-01  9.470e-01  9.484e-01  9.495e-01  9.507e-01  9.515e-01  9.529e-01  9.544e-01  9.567e-01  9.589e-01 	
-1.132e-02 -7.993e-03 -5.715e-03 -4.357e-03 -3.687e-03 -3.446e-03 -3.357e-03 -3.097e-03 -2.254e-03 -2.799e-04  3.559e-03  1.022e-02  2.087e-02  3.690e-02  5.972e-02  9.064e-02  1.306e-01  1.797e-01  2.374e-01  3.021e-01  3.715e-01  4.428e-01  5.131e-01  5.799e-01  6.412e-01  6.956e-01  7.425e-01  7.819e-01  8.143e-01  8.405e-01  8.611e-01  8.772e-01  8.896e-01  8.991e-01  9.063e-01  9.119e-01  9.163e-01  9.199e-01  9.229e-01  9.256e-01  9.281e-01  9.305e-01  9.324e-01  9.341e-01  9.359e-01  9.374e-01  9.393e-01  9.413e-01  9.437e-01  9.461e-01 	
-1.139e-02 -8.218e-03 -6.021e-03 -4.693e-03 -4.040e-03 -3.844e-03 -3.865e-03 -3.832e-03 -3.404e-03 -2.127e-03  6.049e-04  5.590e-03  1.384e-02  2.657e-02  4.511e-02  7.079e-02  1.047e-01  1.476e-01  1.992e-01  2.586e-01  3.239e-01  3.927e-01  4.621e-01  5.295e-01  5.923e-01  6.489e-01  6.985e-01  7.406e-01  7.757e-01  8.043e-01  8.272e-01  8.452e-01  8.592e-01  8.700e-01  8.783e-01  8.848e-01  8.900e-01  8.942e-01  8.977e-01  9.009e-01  9.038e-01  9.066e-01  9.091e-01  9.115e-01  9.140e-01  9.164e-01  9.189e-01  9.215e-01  9.243e-01  9.272e-01 	
-1.142e-02 -8.436e-03 -6.335e-03 -5.038e-03 -4.389e-03 -4.203e-03 -4.283e-03 -4.402e-03 -4.283e-03 -3.561e-03 -1.753e-03  1.783e-03  7.874e-03  1.753e-02  3.193e-02  5.234e-02  7.993e-02  1.156e-01  1.598e-01  2.121e-01  2.713e-01  3.354e-01  4.019e-01  4.679e-01  5.308e-01  5.887e-01  6.403e-01  6.849e-01  7.226e-01  7.538e-01  7.792e-01  7.994e-01  8.153e-01  8.278e-01  8.375e-01  8.452e-01  8.513e-01  8.563e-01  8.606e-01  8.644e-01  8.679e-01  8.712e-01  8.745e-01  8.777e-01  8.810e-01  8.842e-01  8.875e-01  8.910e-01  8.945e-01  8.981e-01 	
-1.133e-02 -8.582e-03 -6.608e-03 -5.354e-03 -4.697e-03 -4.489e-03 -4.569e-03 -4.754e-03 -4.821e-03 -4.489e-03 -3.384e-03 -1.017e-03  3.247e-03  1.020e-02  2.080e-02  3.612e-02  5.727e-02  8.526e-02  1.208e-01  1.641e-01  2.147e-01  2.712e-01  3.316e-01  3.934e-01  4.540e-01  5.110e-01  5.631e-01  6.091e-01  6.488e-01  6.824e-01  7.101e-01  7.327e-01  7.509e-01  7.653e-01  7.768e-01  7.860e-01  7.935e-01  7.996e-01  8.049e-01  8.095e-01  8.138e-01  8.179e-01  8.219e-01  8.260e-01  8.301e-01  8.343e-01  8.386e-01  8.431e-01  8.476e-01  8.522e-01 	
-1.087e-02 -8.460e-03 -6.678e-03 -5.498e-03 -4.834e-03 -4.573e-03 -4.587e-03 -4.733e-03 -4.839e-03 -4.693e-03 -4.021e-03 -2.470e-03  4.128e-04  5.199e-03  1.258e-02  2.338e-02  3.847e-02  5.878e-02  8.511e-02  1.180e-01  1.575e-01  2.031e-01  2.535e-01  3.068e-01  3.608e-01  4.134e-01  4.627e-01  5.077e-01  5.476e-01  5.822e-01  6.115e-01  6.361e-01  6.563e-01  6.728e-01  6.862e-01  6.972e-01  7.063e-01  7.139e-01  7.204e-01  7.263e-01  7.316e-01  7.367e-01  7.417e-01  7.467e-01  7.518e-01  7.570e-01  7.624e-01  7.680e-01  7.736e-01  7.794e-01 	
-9.249e-03 -7.349e-03 -5.896e-03 -4.879e-03 -4.241e-03 -3.904e-03 -3.776e-03 -3.750e-03 -3.700e-03 -3.473e-03 -2.881e-03 -1.686e-03  4.116e-04  3.779e-03  8.862e-03  1.619e-02  2.635e-02  3.999e-02  5.773e-02  8.013e-02  1.075e-01  1.398e-01  1.766e-01  2.169e-01  2.592e-01  3.019e-01  3.435e-01  3.827e-01  4.188e-01  4.512e-01  4.796e-01  5.042e-01  5.251e-01  5.428e-01  5.576e-01  5.701e-01  5.808e-01  5.899e-01  5.979e-01  6.050e-01  6.116e-01  6.179e-01  6.241e-01  6.302e-01  6.364e-01  6.427e-01  6.492e-01  6.559e-01  6.628e-01  6.698e-01 	
