 5.548e-02  2.802e-02  1.677e-02  1.109e-02  7.876e-03  5.896e-03  4.601e-03  3.716e-03  3.071e-03  2.581e-03  2.208e-03  1.916e-03  1.678e-03  1.486e-03  1.326e-03  1.190e-03  1.079e-03  9.843e-04  9.044e-04  8.353e-04  7.736e-04  7.183e-04  6.698e-04  6.270e-04  5.861e-04  5.499e-04  5.170e-04  4.865e-04  4.589e-04  4.326e-04  4.086e-04  3.873e-04  3.679e-04  3.501e-04  3.338e-04  3.189e-04  3.050e-04  2.915e-04  2.784e-04  2.664e-04  2.556e-04  2.458e-04  2.362e-04  2.268e-04  2.177e-04  2.092e-04  2.012e-04  1.938e-04  1.868e-04  1.814e-04 	
 6.296e-02  3.138e-02  1.863e-02  1.229e-02  8.734e-03  6.532e-03  5.094e-03  4.106e-03  3.390e-03  2.856e-03  2.438e-03  2.118e-03  1.854e-03  1.646e-03  1.469e-03  1.318e-03  1.195e-03  1.090e-03  1.002e-03  9.240e-04  8.552e-04  7.952e-04  7.408e-04  6.934e-04  6.485e-04  6.079e-04  5.726e-04  5.392e-04  5.076e-04  4.788e-04  4.523e-04  4.287e-04  4.073e-04  3.876e-04  3.694e-04  3.530e-04  3.382e-04  3.224e-04  3.085e-04  2.952e-04  2.828e-04  2.720e-04  2.614e-04  2.514e-04  2.407e-04  2.315e-04  2.227e-04  2.147e-04  2.069e-04  2.006e-04 	
 7.502e-02  3.751e-02  2.232e-02  1.472e-02  1.041e-02  7.787e-03  6.088e-03  4.918e-03  4.059e-03  3.405e-03  2.919e-03  2.530e-03  2.214e-03  1.969e-03  1.752e-03  1.573e-03  1.429e-03  1.301e-03  1.197e-03  1.104e-03  1.024e-03  9.502e-04  8.850e-04  8.308e-04  7.752e-04  7.262e-04  6.831e-04  6.452e-04  6.068e-04  5.728e-04  5.408e-04  5.126e-04  4.868e-04  4.634e-04  4.419e-04  4.226e-04  4.036e-04  3.865e-04  3.680e-04  3.531e-04  3.381e-04  3.252e-04  3.133e-04  2.998e-04  2.883e-04  2.771e-04  2.669e-04  2.561e-04  2.473e-04  2.404e-04 	
 9.129e-02  4.589e-02  2.738e-02  1.809e-02  1.284e-02  9.605e-03  7.472e-03  6.045e-03  4.979e-03  4.184e-03  3.590e-03  3.113e-03  2.731e-03  2.413e-03  2.158e-03  1.934e-03  1.753e-03  1.604e-03  1.469e-03  1.359e-03  1.256e-03  1.169e-03  1.088e-03  1.019e-03  9.538e-04  8.929e-04  8.428e-04  7.911e-04  7.461e-04  7.040e-04  6.651e-04  6.302e-04  5.988e-04  5.700e-04  5.435e-04  5.190e-04  4.975e-04  4.738e-04  4.542e-04  4.330e-04  4.164e-04  4.003e-04  3.842e-04  3.686e-04  3.547e-04  3.408e-04  3.285e-04  3.160e-04  3.043e-04  2.948e-04 	
 1.105e-01  5.620e-02  3.359e-02  2.219e-02  1.576e-02  1.180e-02  9.234e-03  7.439e-03  6.162e-03  5.185e-03  4.419e-03  3.839e-03  3.358e-03  2.988e-03  2.663e-03  2.387e-03  2.168e-03  1.981e-03  1.818e-03  1.676e-03  1.550e-03  1.442e-03  1.348e-03  1.258e-03  1.177e-03  1.106e-03  1.036e-03  9.795e-04  9.227e-04  8.697e-04  8.212e-04  7.785e-04  7.396e-04  7.037e-04  6.707e-04  6.416e-04  6.127e-04  5.872e-04  5.585e-04  5.348e-04  5.142e-04  4.943e-04  4.744e-04  4.571e-04  4.373e-04  4.203e-04  4.040e-04  3.891e-04  3.757e-04  3.655e-04 	
 1.348e-01  6.907e-02  4.148e-02  2.760e-02  1.953e-02  1.470e-02  1.143e-02  9.251e-03  7.627e-03  6.407e-03  5.483e-03  4.762e-03  4.167e-03  3.706e-03  3.298e-03  2.962e-03  2.683e-03  2.447e-03  2.257e-03  2.079e-03  1.932e-03  1.791e-03  1.667e-03  1.560e-03  1.462e-03  1.369e-03  1.292e-03  1.212e-03  1.143e-03  1.079e-03  1.019e-03  9.659e-04  9.178e-04  8.735e-04  8.326e-04  7.964e-04  7.604e-04  7.288e-04  6.968e-04  6.662e-04  6.377e-04  6.130e-04  5.907e-04  5.649e-04  5.440e-04  5.224e-04  5.013e-04  4.832e-04  4.664e-04  4.538e-04 	
 1.652e-01  8.607e-02  5.208e-02  3.446e-02  2.468e-02  1.850e-02  1.439e-02  1.164e-02  9.629e-03  8.105e-03  6.904e-03  6.000e-03  5.248e-03  4.649e-03  4.160e-03  3.735e-03  3.387e-03  3.094e-03  2.834e-03  2.621e-03  2.422e-03  2.254e-03  2.100e-03  1.965e-03  1.841e-03  1.730e-03  1.620e-03  1.526e-03  1.440e-03  1.360e-03  1.284e-03  1.217e-03  1.156e-03  1.101e-03  1.050e-03  1.002e-03  9.604e-04  9.142e-04  8.779e-04  8.398e-04  8.036e-04  7.724e-04  7.443e-04  7.121e-04  6.843e-04  6.574e-04  6.345e-04  6.090e-04  5.878e-04  5.718e-04 	
 2.039e-01  1.084e-01  6.607e-02  4.408e-02  3.148e-02  2.351e-02  1.842e-02  1.489e-02  1.232e-02  1.032e-02  8.831e-03  7.667e-03  6.742e-03  5.944e-03  5.310e-03  4.777e-03  4.331e-03  3.956e-03  3.637e-03  3.350e-03  3.100e-03  2.885e-03  2.688e-03  2.514e-03  2.356e-03  2.215e-03  2.074e-03  1.959e-03  1.846e-03  1.739e-03  1.644e-03  1.558e-03  1.481e-03  1.409e-03  1.343e-03  1.283e-03  1.229e-03  1.175e-03  1.119e-03  1.072e-03  1.029e-03  9.889e-04  9.492e-04  9.161e-04  8.782e-04  8.429e-04  8.087e-04  7.827e-04  7.529e-04  7.289e-04 	
 2.507e-01  1.366e-01  8.422e-02  5.647e-02  4.031e-02  3.040e-02  2.371e-02  1.920e-02  1.590e-02  1.338e-02  1.144e-02  9.907e-03  8.700e-03  7.703e-03  6.856e-03  6.168e-03  5.577e-03  5.107e-03  4.699e-03  4.330e-03  4.005e-03  3.727e-03  3.473e-03  3.256e-03  3.043e-03  2.862e-03  2.690e-03  2.523e-03  2.381e-03  2.249e-03  2.125e-03  2.014e-03  1.913e-03  1.821e-03  1.737e-03  1.658e-03  1.589e-03  1.514e-03  1.452e-03  1.386e-03  1.332e-03  1.280e-03  1.232e-03  1.180e-03  1.136e-03  1.090e-03  1.046e-03  1.009e-03  9.733e-04  9.462e-04 	
 3.081e-01  1.747e-01  1.090e-01  7.378e-02  5.308e-02  3.992e-02  3.133e-02  2.529e-02  2.102e-02  1.767e-02  1.512e-02  1.308e-02  1.150e-02  1.016e-02  9.083e-03  8.142e-03  7.395e-03  6.753e-03  6.197e-03  5.728e-03  5.313e-03  4.928e-03  4.608e-03  4.309e-03  4.028e-03  3.778e-03  3.551e-03  3.350e-03  3.158e-03  2.976e-03  2.813e-03  2.667e-03  2.535e-03  2.412e-03  2.299e-03  2.199e-03  2.099e-03  2.012e-03  1.918e-03  1.841e-03  1.763e-03  1.694e-03  1.627e-03  1.568e-03  1.502e-03  1.442e-03  1.391e-03  1.341e-03  1.290e-03  1.250e-03 	
 3.700e-01  2.206e-01  1.405e-01  9.599e-02  6.963e-02  5.266e-02  4.136e-02  3.360e-02  2.782e-02  2.341e-02  2.003e-02  1.740e-02  1.527e-02  1.351e-02  1.207e-02  1.084e-02  9.813e-03  8.960e-03  8.241e-03  7.616e-03  7.052e-03  6.559e-03  6.117e-03  5.723e-03  5.360e-03  5.036e-03  4.736e-03  4.451e-03  4.197e-03  3.962e-03  3.746e-03  3.551e-03  3.376e-03  3.212e-03  3.062e-03  2.924e-03  2.803e-03  2.679e-03  2.560e-03  2.448e-03  2.353e-03  2.259e-03  2.170e-03  2.088e-03  2.002e-03  1.921e-03  1.853e-03  1.786e-03  1.720e-03  1.667e-03 	
 4.373e-01  2.754e-01  1.800e-01  1.247e-01  9.102e-02  6.942e-02  5.478e-02  4.456e-02  3.704e-02  3.121e-02  2.674e-02  2.321e-02  2.036e-02  1.807e-02  1.613e-02  1.449e-02  1.313e-02  1.198e-02  1.103e-02  1.017e-02  9.440e-03  8.767e-03  8.192e-03  7.667e-03  7.178e-03  6.734e-03  6.338e-03  5.965e-03  5.629e-03  5.310e-03  5.018e-03  4.759e-03  4.522e-03  4.305e-03  4.105e-03  3.925e-03  3.754e-03  3.587e-03  3.429e-03  3.285e-03  3.150e-03  3.027e-03  2.914e-03  2.799e-03  2.687e-03  2.581e-03  2.483e-03  2.392e-03  2.306e-03  2.239e-03 	
 5.049e-01  3.408e-01  2.307e-01  1.628e-01  1.203e-01  9.243e-02  7.345e-02  6.001e-02  5.002e-02  4.227e-02  3.627e-02  3.153e-02  2.771e-02  2.459e-02  2.196e-02  1.975e-02  1.790e-02  1.634e-02  1.503e-02  1.389e-02  1.288e-02  1.198e-02  1.119e-02  1.048e-02  9.802e-03  9.209e-03  8.663e-03  8.162e-03  7.703e-03  7.269e-03  6.867e-03  6.509e-03  6.188e-03  5.894e-03  5.624e-03  5.375e-03  5.146e-03  4.916e-03  4.699e-03  4.501e-03  4.317e-03  4.152e-03  3.995e-03  3.836e-03  3.683e-03  3.540e-03  3.407e-03  3.281e-03  3.164e-03  3.071e-03 	
 5.652e-01  4.068e-01  2.874e-01  2.080e-01  1.559e-01  1.211e-01  9.711e-02  7.993e-02  6.686e-02  5.678e-02  4.885e-02  4.267e-02  3.757e-02  3.343e-02  2.987e-02  2.688e-02  2.442e-02  2.230e-02  2.051e-02  1.898e-02  1.760e-02  1.637e-02  1.528e-02  1.433e-02  1.342e-02  1.260e-02  1.187e-02  1.120e-02  1.056e-02  9.966e-03  9.420e-03  8.932e-03  8.494e-03  8.095e-03  7.728e-03  7.385e-03  7.068e-03  6.767e-03  6.468e-03  6.183e-03  5.942e-03  5.721e-03  5.502e-03  5.285e-03  5.062e-03  4.871e-03  4.687e-03  4.521e-03  4.359e-03  4.227e-03 	
 6.211e-01  4.755e-01  3.515e-01  2.619e-01  2.000e-01  1.573e-01  1.273e-01  1.054e-01  8.866e-02  7.573e-02  6.544e-02  5.737e-02  5.078e-02  4.525e-02  4.060e-02  3.670e-02  3.327e-02  3.048e-02  2.806e-02  2.599e-02  2.414e-02  2.247e-02  2.102e-02  1.974e-02  1.846e-02  1.734e-02  1.635e-02  1.547e-02  1.461e-02  1.377e-02  1.301e-02  1.235e-02  1.175e-02  1.120e-02  1.069e-02  1.023e-02  9.817e-03  9.359e-03  8.948e-03  8.593e-03  8.230e-03  7.928e-03  7.624e-03  7.321e-03  7.024e-03  6.766e-03  6.530e-03  6.287e-03  6.060e-03  5.891e-03 	
 6.676e-01  5.386e-01  4.178e-01  3.219e-01  2.510e-01  2.001e-01  1.637e-01  1.365e-01  1.159e-01  9.961e-02  8.650e-02  7.606e-02  6.746e-02  6.051e-02  5.462e-02  4.935e-02  4.506e-02  4.113e-02  3.794e-02  3.525e-02  3.276e-02  3.061e-02  2.862e-02  2.700e-02  2.530e-02  2.385e-02  2.252e-02  2.120e-02  2.004e-02  1.895e-02  1.794e-02  1.704e-02  1.622e-02  1.547e-02  1.479e-02  1.417e-02  1.355e-02  1.301e-02  1.245e-02  1.188e-02  1.145e-02  1.102e-02  1.063e-02  1.021e-02  9.800e-03  9.429e-03  9.056e-03  8.721e-03  8.437e-03  8.212e-03 	
 7.066e-01  5.947e-01  4.815e-01  3.842e-01  3.073e-01  2.488e-01  2.059e-01  1.729e-01  1.479e-01  1.274e-01  1.112e-01  9.842e-02  8.805e-02  7.937e-02  7.163e-02  6.521e-02  5.943e-02  5.456e-02  5.045e-02  4.698e-02  4.377e-02  4.100e-02  3.853e-02  3.620e-02  3.410e-02  3.210e-02  3.047e-02  2.873e-02  2.725e-02  2.574e-02  2.440e-02  2.320e-02  2.213e-02  2.112e-02  2.020e-02  1.939e-02  1.856e-02  1.785e-02  1.709e-02  1.639e-02  1.572e-02  1.515e-02  1.458e-02  1.408e-02  1.352e-02  1.301e-02  1.250e-02  1.210e-02  1.167e-02  1.131e-02 	
 7.398e-01  6.429e-01  5.403e-01  4.462e-01  3.663e-01  3.030e-01  2.537e-01  2.151e-01  1.845e-01  1.601e-01  1.407e-01  1.247e-01  1.120e-01  1.013e-01  9.199e-02  8.396e-02  7.693e-02  7.087e-02  6.550e-02  6.116e-02  5.727e-02  5.357e-02  5.032e-02  4.763e-02  4.486e-02  4.249e-02  4.013e-02  3.817e-02  3.614e-02  3.423e-02  3.246e-02  3.093e-02  2.952e-02  2.823e-02  2.704e-02  2.593e-02  2.496e-02  2.387e-02  2.289e-02  2.200e-02  2.123e-02  2.047e-02  1.977e-02  1.895e-02  1.826e-02  1.760e-02  1.704e-02  1.637e-02  1.585e-02  1.545e-02 	
 7.670e-01  6.834e-01  5.920e-01  5.045e-01  4.252e-01  3.586e-01  3.050e-01  2.608e-01  2.260e-01  1.974e-01  1.734e-01  1.544e-01  1.393e-01  1.260e-01  1.149e-01  1.052e-01  9.672e-02  8.927e-02  8.268e-02  7.730e-02  7.227e-02  6.798e-02  6.416e-02  6.049e-02  5.725e-02  5.418e-02  5.159e-02  4.881e-02  4.634e-02  4.399e-02  4.180e-02  3.986e-02  3.810e-02  3.647e-02  3.495e-02  3.360e-02  3.226e-02  3.108e-02  2.986e-02  2.870e-02  2.759e-02  2.663e-02  2.567e-02  2.483e-02  2.389e-02  2.303e-02  2.218e-02  2.151e-02  2.077e-02  2.015e-02 	
 7.902e-01  7.174e-01  6.365e-01  5.563e-01  4.807e-01  4.143e-01  3.579e-01  3.101e-01  2.705e-01  2.376e-01  2.105e-01  1.878e-01  1.699e-01  1.544e-01  1.410e-01  1.294e-01  1.188e-01  1.099e-01  1.022e-01  9.529e-02  8.958e-02  8.398e-02  7.935e-02  7.484e-02  7.092e-02  6.720e-02  6.401e-02  6.062e-02  5.767e-02  5.473e-02  5.200e-02  4.962e-02  4.746e-02  4.542e-02  4.353e-02  4.178e-02  4.024e-02  3.856e-02  3.705e-02  3.566e-02  3.441e-02  3.318e-02  3.204e-02  3.078e-02  2.969e-02  2.864e-02  2.772e-02  2.677e-02  2.584e-02  2.507e-02 	
 8.094e-01  7.459e-01  6.746e-01  6.022e-01  5.319e-01  4.673e-01  4.105e-01  3.604e-01  3.181e-01  2.821e-01  2.507e-01  2.250e-01  2.038e-01  1.857e-01  1.703e-01  1.566e-01  1.442e-01  1.330e-01  1.237e-01  1.156e-01  1.084e-01  1.020e-01  9.605e-02  9.096e-02  8.601e-02  8.173e-02  7.740e-02  7.368e-02  6.979e-02  6.631e-02  6.297e-02  6.005e-02  5.737e-02  5.485e-02  5.249e-02  5.030e-02  4.836e-02  4.643e-02  4.445e-02  4.286e-02  4.110e-02  3.954e-02  3.801e-02  3.674e-02  3.525e-02  3.394e-02  3.279e-02  3.153e-02  3.045e-02  2.949e-02 	
 8.252e-01  7.701e-01  7.068e-01  6.422e-01  5.775e-01  5.164e-01  4.612e-01  4.106e-01  3.665e-01  3.280e-01  2.945e-01  2.656e-01  2.421e-01  2.214e-01  2.031e-01  1.873e-01  1.726e-01  1.596e-01  1.489e-01  1.390e-01  1.302e-01  1.224e-01  1.155e-01  1.090e-01  1.031e-01  9.764e-02  9.282e-02  8.782e-02  8.330e-02  7.907e-02  7.500e-02  7.139e-02  6.810e-02  6.496e-02  6.201e-02  5.932e-02  5.666e-02  5.424e-02  5.213e-02  4.981e-02  4.781e-02  4.580e-02  4.396e-02  4.206e-02  4.045e-02  3.877e-02  3.715e-02  3.585e-02  3.435e-02  3.328e-02 	
 8.387e-01  7.911e-01  7.351e-01  6.774e-01  6.187e-01  5.617e-01  5.090e-01  4.594e-01  4.150e-01  3.754e-01  3.400e-01  3.090e-01  2.831e-01  2.601e-01  2.398e-01  2.216e-01  2.049e-01  1.900e-01  1.768e-01  1.652e-01  1.552e-01  1.455e-01  1.370e-01  1.295e-01  1.224e-01  1.160e-01  1.097e-01  1.039e-01  9.855e-02  9.326e-02  8.839e-02  8.402e-02  7.993e-02  7.608e-02  7.244e-02  6.899e-02  6.592e-02  6.295e-02  6.013e-02  5.744e-02  5.470e-02  5.218e-02  4.991e-02  4.757e-02  4.546e-02  4.340e-02  4.158e-02  3.964e-02  3.789e-02  3.640e-02 	
 8.501e-01  8.090e-01  7.595e-01  7.080e-01  6.548e-01  6.024e-01  5.531e-01  5.053e-01  4.617e-01  4.220e-01  3.855e-01  3.532e-01  3.255e-01  3.006e-01  2.784e-01  2.582e-01  2.393e-01  2.225e-01  2.074e-01  1.940e-01  1.819e-01  1.709e-01  1.610e-01  1.517e-01  1.434e-01  1.356e-01  1.285e-01  1.216e-01  1.149e-01  1.088e-01  1.030e-01  9.768e-02  9.280e-02  8.812e-02  8.368e-02  7.962e-02  7.565e-02  7.205e-02  6.863e-02  6.535e-02  6.217e-02  5.907e-02  5.627e-02  5.356e-02  5.090e-02  4.838e-02  4.612e-02  4.389e-02  4.163e-02  3.990e-02 	
 8.593e-01  8.243e-01  7.803e-01  7.343e-01  6.865e-01  6.383e-01  5.924e-01  5.470e-01  5.049e-01  4.656e-01  4.291e-01  3.960e-01  3.671e-01  3.409e-01  3.169e-01  2.951e-01  2.744e-01  2.556e-01  2.388e-01  2.235e-01  2.098e-01  1.970e-01  1.855e-01  1.749e-01  1.652e-01  1.561e-01  1.477e-01  1.397e-01  1.320e-01  1.247e-01  1.180e-01  1.118e-01  1.060e-01  1.006e-01  9.539e-02  9.048e-02  8.592e-02  8.166e-02  7.763e-02  7.375e-02  7.004e-02  6.639e-02  6.294e-02  5.979e-02  5.674e-02  5.379e-02  5.099e-02  4.832e-02  4.572e-02  4.365e-02 	
 8.667e-01  8.367e-01  7.976e-01  7.562e-01  7.128e-01  6.687e-01  6.261e-01  5.832e-01  5.429e-01  5.046e-01  4.684e-01  4.351e-01  4.055e-01  3.782e-01  3.530e-01  3.298e-01  3.075e-01  2.871e-01  2.687e-01  2.519e-01  2.366e-01  2.223e-01  2.094e-01  1.974e-01  1.863e-01  1.761e-01  1.664e-01  1.573e-01  1.486e-01  1.404e-01  1.326e-01  1.256e-01  1.190e-01  1.127e-01  1.068e-01  1.012e-01  9.601e-02  9.113e-02  8.651e-02  8.207e-02  7.775e-02  7.362e-02  6.973e-02  6.606e-02  6.258e-02  5.924e-02  5.608e-02  5.302e-02  5.005e-02  4.764e-02 	
 8.723e-01  8.464e-01  8.111e-01  7.735e-01  7.338e-01  6.930e-01  6.535e-01  6.129e-01  5.744e-01  5.373e-01  5.019e-01  4.688e-01  4.389e-01  4.111e-01  3.851e-01  3.609e-01  3.374e-01  3.158e-01  2.960e-01  2.779e-01  2.612e-01  2.456e-01  2.314e-01  2.181e-01  2.058e-01  1.945e-01  1.838e-01  1.737e-01  1.639e-01  1.549e-01  1.463e-01  1.384e-01  1.310e-01  1.241e-01  1.175e-01  1.113e-01  1.054e-01  9.998e-02  9.483e-02  8.987e-02  8.504e-02  8.047e-02  7.614e-02  7.208e-02  6.820e-02  6.453e-02  6.098e-02  5.760e-02  5.430e-02  5.161e-02 	
 8.766e-01  8.539e-01  8.217e-01  7.871e-01  7.505e-01  7.126e-01  6.756e-01  6.373e-01  6.006e-01  5.647e-01  5.301e-01  4.975e-01  4.676e-01  4.395e-01  4.130e-01  3.881e-01  3.638e-01  3.412e-01  3.203e-01  3.011e-01  2.835e-01  2.667e-01  2.513e-01  2.371e-01  2.237e-01  2.113e-01  1.998e-01  1.886e-01  1.782e-01  1.682e-01  1.589e-01  1.503e-01  1.422e-01  1.346e-01  1.273e-01  1.206e-01  1.141e-01  1.082e-01  1.025e-01  9.716e-02  9.186e-02  8.689e-02  8.221e-02  7.769e-02  7.346e-02  6.947e-02  6.569e-02  6.192e-02  5.836e-02  5.549e-02 	
 8.798e-01  8.595e-01  8.299e-01  7.977e-01  7.637e-01  7.281e-01  6.933e-01  6.568e-01  6.218e-01  5.873e-01  5.536e-01  5.216e-01  4.919e-01  4.638e-01  4.371e-01  4.118e-01  3.869e-01  3.636e-01  3.420e-01  3.219e-01  3.032e-01  2.856e-01  2.694e-01  2.541e-01  2.399e-01  2.267e-01  2.141e-01  2.023e-01  1.910e-01  1.804e-01  1.703e-01  1.611e-01  1.524e-01  1.442e-01  1.364e-01  1.290e-01  1.222e-01  1.157e-01  1.097e-01  1.038e-01  9.823e-02  9.286e-02  8.781e-02  8.293e-02  7.840e-02  7.411e-02  7.006e-02  6.607e-02  6.220e-02  5.905e-02 	
 8.822e-01  8.637e-01  8.360e-01  8.057e-01  7.736e-01  7.399e-01  7.069e-01  6.721e-01  6.385e-01  6.049e-01  5.723e-01  5.409e-01  5.116e-01  4.836e-01  4.569e-01  4.313e-01  4.061e-01  3.823e-01  3.601e-01  3.394e-01  3.200e-01  3.017e-01  2.847e-01  2.687e-01  2.538e-01  2.400e-01  2.268e-01  2.143e-01  2.022e-01  1.910e-01  1.804e-01  1.706e-01  1.614e-01  1.526e-01  1.443e-01  1.365e-01  1.292e-01  1.225e-01  1.159e-01  1.098e-01  1.038e-01  9.809e-02  9.278e-02  8.769e-02  8.286e-02  7.829e-02  7.389e-02  6.966e-02  6.564e-02  6.239e-02 	
 8.839e-01  8.667e-01  8.404e-01  8.115e-01  7.809e-01  7.487e-01  7.169e-01  6.834e-01  6.510e-01  6.184e-01  5.866e-01  5.558e-01  5.268e-01  4.991e-01  4.724e-01  4.468e-01  4.214e-01  3.973e-01  3.748e-01  3.536e-01  3.338e-01  3.149e-01  2.974e-01  2.809e-01  2.654e-01  2.509e-01  2.371e-01  2.242e-01  2.117e-01  1.999e-01  1.888e-01  1.785e-01  1.689e-01  1.597e-01  1.510e-01  1.429e-01  1.352e-01  1.280e-01  1.213e-01  1.148e-01  1.085e-01  1.026e-01  9.698e-02  9.167e-02  8.657e-02  8.179e-02  7.722e-02  7.288e-02  6.860e-02  6.512e-02 	
 8.851e-01  8.689e-01  8.435e-01  8.157e-01  7.860e-01  7.551e-01  7.243e-01  6.919e-01  6.603e-01  6.285e-01  5.974e-01  5.670e-01  5.384e-01  5.109e-01  4.844e-01  4.588e-01  4.333e-01  4.091e-01  3.863e-01  3.649e-01  3.446e-01  3.254e-01  3.075e-01  2.906e-01  2.747e-01  2.598e-01  2.457e-01  2.321e-01  2.192e-01  2.071e-01  1.957e-01  1.851e-01  1.750e-01  1.655e-01  1.566e-01  1.481e-01  1.401e-01  1.327e-01  1.256e-01  1.190e-01  1.125e-01  1.063e-01  1.005e-01  9.488e-02  8.973e-02  8.476e-02  8.008e-02  7.545e-02  7.107e-02  6.755e-02 	
 8.859e-01  8.704e-01  8.458e-01  8.188e-01  7.899e-01  7.597e-01  7.297e-01  6.980e-01  6.672e-01  6.360e-01  6.054e-01  5.755e-01  5.473e-01  5.200e-01  4.936e-01  4.680e-01  4.425e-01  4.182e-01  3.954e-01  3.737e-01  3.533e-01  3.338e-01  3.155e-01  2.983e-01  2.821e-01  2.669e-01  2.524e-01  2.386e-01  2.254e-01  2.130e-01  2.013e-01  1.903e-01  1.801e-01  1.703e-01  1.611e-01  1.524e-01  1.442e-01  1.365e-01  1.294e-01  1.224e-01  1.157e-01  1.093e-01  1.033e-01  9.770e-02  9.229e-02  8.718e-02  8.232e-02  7.769e-02  7.313e-02  6.944e-02 	
 8.865e-01  8.715e-01  8.475e-01  8.209e-01  7.926e-01  7.631e-01  7.338e-01  7.027e-01  6.724e-01  6.417e-01  6.115e-01  5.820e-01  5.540e-01  5.270e-01  5.007e-01  4.752e-01  4.498e-01  4.255e-01  4.025e-01  3.807e-01  3.602e-01  3.404e-01  3.220e-01  3.045e-01  2.881e-01  2.727e-01  2.580e-01  2.439e-01  2.305e-01  2.178e-01  2.058e-01  1.947e-01  1.842e-01  1.742e-01  1.648e-01  1.559e-01  1.475e-01  1.397e-01  1.323e-01  1.253e-01  1.184e-01  1.119e-01  1.057e-01  9.999e-02  9.448e-02  8.925e-02  8.426e-02  7.952e-02  7.487e-02  7.110e-02 	
 8.870e-01  8.724e-01  8.487e-01  8.226e-01  7.948e-01  7.657e-01  7.368e-01  7.063e-01  6.763e-01  6.460e-01  6.163e-01  5.871e-01  5.593e-01  5.325e-01  5.064e-01  4.810e-01  4.556e-01  4.313e-01  4.083e-01  3.864e-01  3.657e-01  3.459e-01  3.273e-01  3.097e-01  2.931e-01  2.774e-01  2.626e-01  2.483e-01  2.347e-01  2.218e-01  2.097e-01  1.984e-01  1.877e-01  1.776e-01  1.679e-01  1.589e-01  1.504e-01  1.424e-01  1.349e-01  1.277e-01  1.207e-01  1.141e-01  1.078e-01  1.019e-01  9.632e-02  9.100e-02  8.598e-02  8.107e-02  7.636e-02  7.257e-02 	
 8.874e-01  8.730e-01  8.497e-01  8.240e-01  7.965e-01  7.677e-01  7.393e-01  7.091e-01  6.795e-01  6.496e-01  6.201e-01  5.912e-01  5.636e-01  5.370e-01  5.110e-01  4.857e-01  4.603e-01  4.361e-01  4.131e-01  3.912e-01  3.704e-01  3.505e-01  3.318e-01  3.141e-01  2.973e-01  2.816e-01  2.665e-01  2.521e-01  2.383e-01  2.253e-01  2.130e-01  2.016e-01  1.908e-01  1.805e-01  1.707e-01  1.615e-01  1.528e-01  1.448e-01  1.371e-01  1.298e-01  1.228e-01  1.160e-01  1.096e-01  1.036e-01  9.800e-02  9.258e-02  8.743e-02  8.251e-02  7.770e-02  7.382e-02 	
 8.877e-01  8.736e-01  8.505e-01  8.250e-01  7.978e-01  7.694e-01  7.413e-01  7.114e-01  6.822e-01  6.525e-01  6.233e-01  5.946e-01  5.673e-01  5.408e-01  5.150e-01  4.897e-01  4.645e-01  4.402e-01  4.173e-01  3.953e-01  3.745e-01  3.545e-01  3.358e-01  3.179e-01  3.011e-01  2.852e-01  2.700e-01  2.555e-01  2.416e-01  2.285e-01  2.160e-01  2.045e-01  1.935e-01  1.831e-01  1.732e-01  1.639e-01  1.551e-01  1.469e-01  1.392e-01  1.318e-01  1.246e-01  1.178e-01  1.113e-01  1.053e-01  9.949e-02  9.400e-02  8.882e-02  8.379e-02  7.893e-02  7.502e-02 	
 8.879e-01  8.740e-01  8.512e-01  8.260e-01  7.990e-01  7.709e-01  7.430e-01  7.134e-01  6.845e-01  6.550e-01  6.261e-01  5.976e-01  5.705e-01  5.442e-01  5.185e-01  4.933e-01  4.681e-01  4.440e-01  4.210e-01  3.991e-01  3.782e-01  3.582e-01  3.394e-01  3.215e-01  3.045e-01  2.885e-01  2.732e-01  2.586e-01  2.446e-01  2.314e-01  2.188e-01  2.071e-01  1.961e-01  1.855e-01  1.755e-01  1.661e-01  1.572e-01  1.490e-01  1.411e-01  1.336e-01  1.264e-01  1.194e-01  1.129e-01  1.068e-01  1.009e-01  9.536e-02  9.009e-02  8.502e-02  8.009e-02  7.612e-02 	
 8.881e-01  8.744e-01  8.518e-01  8.268e-01  8.001e-01  7.722e-01  7.445e-01  7.152e-01  6.865e-01  6.573e-01  6.286e-01  6.003e-01  5.734e-01  5.472e-01  5.217e-01  4.966e-01  4.715e-01  4.474e-01  4.245e-01  4.025e-01  3.817e-01  3.616e-01  3.428e-01  3.248e-01  3.078e-01  2.917e-01  2.763e-01  2.616e-01  2.475e-01  2.341e-01  2.215e-01  2.097e-01  1.985e-01  1.878e-01  1.778e-01  1.682e-01  1.593e-01  1.509e-01  1.430e-01  1.354e-01  1.280e-01  1.210e-01  1.144e-01  1.082e-01  1.023e-01  9.666e-02  9.134e-02  8.619e-02  8.120e-02  7.719e-02 	
 8.884e-01  8.748e-01  8.523e-01  8.275e-01  8.010e-01  7.734e-01  7.460e-01  7.169e-01  6.884e-01  6.595e-01  6.310e-01  6.029e-01  5.761e-01  5.501e-01  5.247e-01  4.997e-01  4.747e-01  4.507e-01  4.278e-01  4.058e-01  3.850e-01  3.649e-01  3.460e-01  3.279e-01  3.109e-01  2.947e-01  2.792e-01  2.644e-01  2.502e-01  2.368e-01  2.240e-01  2.121e-01  2.008e-01  1.901e-01  1.799e-01  1.703e-01  1.612e-01  1.528e-01  1.448e-01  1.371e-01  1.296e-01  1.226e-01  1.159e-01  1.096e-01  1.036e-01  9.793e-02  9.254e-02  8.733e-02  8.230e-02  7.823e-02 	
 8.885e-01  8.751e-01  8.529e-01  8.282e-01  8.019e-01  7.745e-01  7.473e-01  7.184e-01  6.902e-01  6.615e-01  6.332e-01  6.053e-01  5.787e-01  5.529e-01  5.276e-01  5.027e-01  4.778e-01  4.538e-01  4.310e-01  4.091e-01  3.882e-01  3.681e-01  3.491e-01  3.311e-01  3.139e-01  2.977e-01  2.821e-01  2.672e-01  2.529e-01  2.394e-01  2.266e-01  2.146e-01  2.032e-01  1.923e-01  1.821e-01  1.724e-01  1.632e-01  1.546e-01  1.465e-01  1.388e-01  1.313e-01  1.241e-01  1.174e-01  1.110e-01  1.050e-01  9.921e-02  9.376e-02  8.848e-02  8.339e-02  7.927e-02 	
 8.887e-01  8.755e-01  8.534e-01  8.289e-01  8.028e-01  7.756e-01  7.486e-01  7.200e-01  6.920e-01  6.635e-01  6.354e-01  6.077e-01  5.813e-01  5.556e-01  5.305e-01  5.057e-01  4.809e-01  4.570e-01  4.342e-01  4.123e-01  3.914e-01  3.713e-01  3.523e-01  3.342e-01  3.170e-01  3.007e-01  2.851e-01  2.701e-01  2.557e-01  2.421e-01  2.291e-01  2.170e-01  2.056e-01  1.946e-01  1.843e-01  1.745e-01  1.652e-01  1.565e-01  1.484e-01  1.405e-01  1.329e-01  1.257e-01  1.189e-01  1.124e-01  1.063e-01  1.005e-01  9.499e-02  8.968e-02  8.452e-02  8.035e-02 	
 8.889e-01  8.758e-01  8.539e-01  8.296e-01  8.037e-01  7.767e-01  7.500e-01  7.216e-01  6.938e-01  6.655e-01  6.377e-01  6.102e-01  5.839e-01  5.584e-01  5.334e-01  5.088e-01  4.840e-01  4.602e-01  4.374e-01  4.156e-01  3.947e-01  3.746e-01  3.556e-01  3.374e-01  3.201e-01  3.038e-01  2.881e-01  2.730e-01  2.585e-01  2.448e-01  2.318e-01  2.196e-01  2.080e-01  1.970e-01  1.865e-01  1.766e-01  1.673e-01  1.585e-01  1.502e-01  1.423e-01  1.347e-01  1.273e-01  1.204e-01  1.139e-01  1.077e-01  1.018e-01  9.628e-02  9.086e-02  8.566e-02  8.147e-02 	
 8.891e-01  8.762e-01  8.544e-01  8.303e-01  8.046e-01  7.778e-01  7.513e-01  7.231e-01  6.956e-01  6.676e-01  6.400e-01  6.126e-01  5.866e-01  5.613e-01  5.364e-01  5.119e-01  4.872e-01  4.635e-01  4.408e-01  4.190e-01  3.981e-01  3.780e-01  3.590e-01  3.408e-01  3.235e-01  3.070e-01  2.913e-01  2.761e-01  2.616e-01  2.478e-01  2.346e-01  2.223e-01  2.107e-01  1.995e-01  1.890e-01  1.790e-01  1.695e-01  1.607e-01  1.524e-01  1.443e-01  1.365e-01  1.291e-01  1.222e-01  1.155e-01  1.093e-01  1.034e-01  9.769e-02  9.227e-02  8.698e-02  8.270e-02 	
 8.893e-01  8.765e-01  8.549e-01  8.310e-01  8.055e-01  7.789e-01  7.526e-01  7.247e-01  6.974e-01  6.695e-01  6.422e-01  6.151e-01  5.892e-01  5.640e-01  5.393e-01  5.150e-01  4.904e-01  4.668e-01  4.442e-01  4.224e-01  4.016e-01  3.814e-01  3.624e-01  3.441e-01  3.268e-01  3.103e-01  2.944e-01  2.792e-01  2.646e-01  2.507e-01  2.375e-01  2.251e-01  2.134e-01  2.021e-01  1.915e-01  1.814e-01  1.718e-01  1.629e-01  1.545e-01  1.463e-01  1.385e-01  1.310e-01  1.239e-01  1.173e-01  1.109e-01  1.049e-01  9.922e-02  9.365e-02  8.833e-02  8.399e-02 	
 8.895e-01  8.768e-01  8.554e-01  8.317e-01  8.064e-01  7.801e-01  7.540e-01  7.263e-01  6.992e-01  6.717e-01  6.445e-01  6.176e-01  5.919e-01  5.670e-01  5.425e-01  5.182e-01  4.938e-01  4.702e-01  4.477e-01  4.260e-01  4.052e-01  3.850e-01  3.660e-01  3.477e-01  3.303e-01  3.138e-01  2.979e-01  2.826e-01  2.678e-01  2.539e-01  2.406e-01  2.281e-01  2.162e-01  2.049e-01  1.941e-01  1.839e-01  1.742e-01  1.652e-01  1.567e-01  1.485e-01  1.405e-01  1.329e-01  1.258e-01  1.190e-01  1.126e-01  1.065e-01  1.007e-01  9.514e-02  8.972e-02  8.537e-02 	
 8.897e-01  8.772e-01  8.560e-01  8.325e-01  8.074e-01  7.813e-01  7.554e-01  7.280e-01  7.012e-01  6.738e-01  6.470e-01  6.203e-01  5.948e-01  5.701e-01  5.457e-01  5.216e-01  4.973e-01  4.739e-01  4.514e-01  4.297e-01  4.090e-01  3.889e-01  3.698e-01  3.515e-01  3.341e-01  3.175e-01  3.015e-01  2.862e-01  2.713e-01  2.573e-01  2.439e-01  2.313e-01  2.193e-01  2.079e-01  1.970e-01  1.867e-01  1.770e-01  1.678e-01  1.591e-01  1.509e-01  1.428e-01  1.351e-01  1.279e-01  1.211e-01  1.146e-01  1.084e-01  1.025e-01  9.684e-02  9.134e-02  8.688e-02 	
 8.899e-01  8.776e-01  8.565e-01  8.332e-01  8.083e-01  7.825e-01  7.569e-01  7.297e-01  7.031e-01  6.760e-01  6.494e-01  6.230e-01  5.977e-01  5.732e-01  5.490e-01  5.251e-01  5.010e-01  4.776e-01  4.553e-01  4.337e-01  4.129e-01  3.929e-01  3.738e-01  3.555e-01  3.381e-01  3.214e-01  3.053e-01  2.899e-01  2.750e-01  2.609e-01  2.474e-01  2.347e-01  2.226e-01  2.111e-01  2.001e-01  1.897e-01  1.798e-01  1.706e-01  1.618e-01  1.534e-01  1.453e-01  1.375e-01  1.301e-01  1.232e-01  1.166e-01  1.103e-01  1.044e-01  9.864e-02  9.309e-02  8.858e-02 	
 8.901e-01  8.779e-01  8.571e-01  8.340e-01  8.093e-01  7.837e-01  7.583e-01  7.315e-01  7.051e-01  6.783e-01  6.519e-01  6.258e-01  6.007e-01  5.764e-01  5.524e-01  5.287e-01  5.046e-01  4.815e-01  4.592e-01  4.377e-01  4.170e-01  3.970e-01  3.779e-01  3.596e-01  3.421e-01  3.254e-01  3.093e-01  2.938e-01  2.789e-01  2.646e-01  2.511e-01  2.383e-01  2.261e-01  2.144e-01  2.033e-01  1.928e-01  1.829e-01  1.735e-01  1.647e-01  1.561e-01  1.479e-01  1.400e-01  1.326e-01  1.255e-01  1.189e-01  1.125e-01  1.065e-01  1.007e-01  9.499e-02  9.045e-02 	
 8.903e-01  8.783e-01  8.576e-01  8.348e-01  8.103e-01  7.849e-01  7.598e-01  7.332e-01  7.071e-01  6.805e-01  6.545e-01  6.285e-01  6.037e-01  5.796e-01  5.558e-01  5.322e-01  5.084e-01  4.853e-01  4.632e-01  4.417e-01  4.211e-01  4.011e-01  3.821e-01  3.638e-01  3.463e-01  3.296e-01  3.134e-01  2.979e-01  2.828e-01  2.685e-01  2.548e-01  2.420e-01  2.297e-01  2.179e-01  2.067e-01  1.961e-01  1.860e-01  1.766e-01  1.676e-01  1.590e-01  1.507e-01  1.427e-01  1.351e-01  1.280e-01  1.212e-01  1.148e-01  1.086e-01  1.028e-01  9.702e-02  9.238e-02 	
