 2.533e+04  1.762e+04  1.270e+04  1.018e+04  8.286e+03  6.855e+03  5.881e+03  5.048e+03  4.386e+03  3.895e+03  3.381e+03  2.959e+03  2.573e+03  2.164e+03  1.815e+03  1.452e+03  1.134e+03  8.582e+02  6.268e+02  4.498e+02  3.152e+02  2.191e+02  1.518e+02  1.061e+02  7.546e+01  5.497e+01  4.084e+01  3.038e+01  2.218e+01  1.588e+01  1.123e+01  7.850e+00  5.434e+00  3.729e+00  2.542e+00  1.727e+00  1.173e+00  7.942e-01  5.367e-01  3.629e-01  2.461e-01  1.668e-01  1.261e-01  9.206e-02  4.453e-02  4.106e-02  2.873e-02  2.086e-02  1.515e-02  1.097e-02 	
 2.486e+04  1.729e+04  1.245e+04  9.977e+03  8.117e+03  6.711e+03  5.754e+03  4.936e+03  4.287e+03  3.806e+03  3.305e+03  2.894e+03  2.520e+03  2.124e+03  1.785e+03  1.433e+03  1.123e+03  8.519e+02  6.237e+02  4.485e+02  3.148e+02  2.191e+02  1.519e+02  1.062e+02  7.557e+01  5.506e+01  4.092e+01  3.044e+01  2.222e+01  1.591e+01  1.125e+01  7.865e+00  5.444e+00  3.736e+00  2.547e+00  1.730e+00  1.175e+00  7.957e-01  5.377e-01  3.635e-01  2.466e-01  1.671e-01  1.263e-01  9.223e-02  4.460e-02  4.113e-02  2.878e-02  2.090e-02  1.518e-02  1.099e-02 	
 2.440e+04  1.696e+04  1.221e+04  9.776e+03  7.949e+03  6.568e+03  5.628e+03  4.825e+03  4.189e+03  3.718e+03  3.229e+03  2.829e+03  2.466e+03  2.083e+03  1.755e+03  1.413e+03  1.110e+03  8.451e+02  6.204e+02  4.471e+02  3.143e+02  2.190e+02  1.520e+02  1.063e+02  7.568e+01  5.515e+01  4.099e+01  3.049e+01  2.226e+01  1.594e+01  1.127e+01  7.881e+00  5.455e+00  3.743e+00  2.552e+00  1.734e+00  1.177e+00  7.972e-01  5.387e-01  3.642e-01  2.470e-01  1.674e-01  1.266e-01  9.241e-02  4.468e-02  4.121e-02  2.883e-02  2.094e-02  1.520e-02  1.101e-02 	
 2.393e+04  1.663e+04  1.197e+04  9.575e+03  7.781e+03  6.426e+03  5.502e+03  4.714e+03  4.091e+03  3.630e+03  3.153e+03  2.764e+03  2.413e+03  2.041e+03  1.724e+03  1.392e+03  1.098e+03  8.381e+02  6.169e+02  4.455e+02  3.138e+02  2.189e+02  1.520e+02  1.064e+02  7.579e+01  5.524e+01  4.107e+01  3.055e+01  2.231e+01  1.597e+01  1.130e+01  7.896e+00  5.466e+00  3.751e+00  2.557e+00  1.737e+00  1.180e+00  7.988e-01  5.397e-01  3.650e-01  2.475e-01  1.677e-01  1.268e-01  9.259e-02  4.476e-02  4.129e-02  2.889e-02  2.098e-02  1.523e-02  1.103e-02 	
 2.347e+04  1.631e+04  1.172e+04  9.375e+03  7.614e+03  6.284e+03  5.378e+03  4.605e+03  3.993e+03  3.542e+03  3.076e+03  2.699e+03  2.358e+03  1.999e+03  1.693e+03  1.371e+03  1.084e+03  8.306e+02  6.131e+02  4.438e+02  3.131e+02  2.188e+02  1.521e+02  1.065e+02  7.590e+01  5.534e+01  4.115e+01  3.062e+01  2.235e+01  1.601e+01  1.132e+01  7.913e+00  5.477e+00  3.759e+00  2.562e+00  1.741e+00  1.182e+00  8.004e-01  5.408e-01  3.657e-01  2.480e-01  1.681e-01  1.271e-01  9.278e-02  4.485e-02  4.138e-02  2.895e-02  2.102e-02  1.526e-02  1.105e-02 	
 2.300e+04  1.598e+04  1.148e+04  9.177e+03  7.449e+03  6.143e+03  5.254e+03  4.495e+03  3.896e+03  3.455e+03  3.000e+03  2.633e+03  2.303e+03  1.956e+03  1.661e+03  1.349e+03  1.071e+03  8.227e+02  6.091e+02  4.420e+02  3.124e+02  2.186e+02  1.521e+02  1.066e+02  7.601e+01  5.544e+01  4.123e+01  3.068e+01  2.240e+01  1.604e+01  1.134e+01  7.930e+00  5.489e+00  3.767e+00  2.568e+00  1.744e+00  1.185e+00  8.021e-01  5.420e-01  3.665e-01  2.485e-01  1.684e-01  1.274e-01  9.297e-02  4.494e-02  4.146e-02  2.901e-02  2.106e-02  1.529e-02  1.107e-02 	
 2.254e+04  1.565e+04  1.124e+04  8.979e+03  7.284e+03  6.004e+03  5.130e+03  4.387e+03  3.800e+03  3.368e+03  2.925e+03  2.567e+03  2.248e+03  1.912e+03  1.628e+03  1.327e+03  1.056e+03  8.144e+02  6.048e+02  4.400e+02  3.117e+02  2.184e+02  1.521e+02  1.067e+02  7.612e+01  5.554e+01  4.131e+01  3.074e+01  2.245e+01  1.608e+01  1.137e+01  7.947e+00  5.501e+00  3.775e+00  2.573e+00  1.748e+00  1.187e+00  8.039e-01  5.432e-01  3.673e-01  2.491e-01  1.688e-01  1.276e-01  9.318e-02  4.504e-02  4.155e-02  2.907e-02  2.111e-02  1.533e-02  1.110e-02 	
 2.208e+04  1.533e+04  1.100e+04  8.783e+03  7.120e+03  5.865e+03  5.008e+03  4.279e+03  3.704e+03  3.281e+03  2.849e+03  2.502e+03  2.193e+03  1.868e+03  1.594e+03  1.303e+03  1.041e+03  8.057e+02  6.002e+02  4.379e+02  3.108e+02  2.181e+02  1.521e+02  1.068e+02  7.622e+01  5.564e+01  4.139e+01  3.081e+01  2.250e+01  1.611e+01  1.139e+01  7.965e+00  5.514e+00  3.784e+00  2.579e+00  1.752e+00  1.190e+00  8.057e-01  5.444e-01  3.681e-01  2.496e-01  1.691e-01  1.279e-01  9.338e-02  4.513e-02  4.165e-02  2.913e-02  2.116e-02  1.536e-02  1.112e-02 	
 2.162e+04  1.501e+04  1.076e+04  8.587e+03  6.957e+03  5.727e+03  4.886e+03  4.172e+03  3.609e+03  3.195e+03  2.773e+03  2.436e+03  2.137e+03  1.824e+03  1.560e+03  1.279e+03  1.026e+03  7.965e+02  5.954e+02  4.356e+02  3.099e+02  2.178e+02  1.521e+02  1.069e+02  7.633e+01  5.574e+01  4.148e+01  3.088e+01  2.255e+01  1.615e+01  1.142e+01  7.984e+00  5.527e+00  3.793e+00  2.585e+00  1.756e+00  1.193e+00  8.076e-01  5.457e-01  3.689e-01  2.502e-01  1.695e-01  1.282e-01  9.359e-02  4.524e-02  4.174e-02  2.920e-02  2.120e-02  1.540e-02  1.115e-02 	
 2.115e+04  1.469e+04  1.053e+04  8.392e+03  6.795e+03  5.589e+03  4.765e+03  4.065e+03  3.514e+03  3.109e+03  2.698e+03  2.370e+03  2.081e+03  1.779e+03  1.525e+03  1.255e+03  1.010e+03  7.868e+02  5.901e+02  4.330e+02  3.088e+02  2.175e+02  1.521e+02  1.070e+02  7.644e+01  5.584e+01  4.156e+01  3.095e+01  2.260e+01  1.619e+01  1.145e+01  8.004e+00  5.540e+00  3.802e+00  2.591e+00  1.761e+00  1.196e+00  8.095e-01  5.470e-01  3.698e-01  2.508e-01  1.699e-01  1.286e-01  9.381e-02  4.535e-02  4.184e-02  2.927e-02  2.125e-02  1.543e-02  1.117e-02 	
 2.069e+04  1.437e+04  1.029e+04  8.199e+03  6.634e+03  5.453e+03  4.645e+03  3.960e+03  3.420e+03  3.024e+03  2.623e+03  2.305e+03  2.025e+03  1.734e+03  1.490e+03  1.230e+03  9.927e+02  7.766e+02  5.846e+02  4.303e+02  3.076e+02  2.171e+02  1.520e+02  1.070e+02  7.654e+01  5.594e+01  4.165e+01  3.102e+01  2.266e+01  1.623e+01  1.148e+01  8.024e+00  5.554e+00  3.811e+00  2.598e+00  1.765e+00  1.199e+00  8.116e-01  5.483e-01  3.708e-01  2.514e-01  1.704e-01  1.289e-01  9.404e-02  4.546e-02  4.194e-02  2.934e-02  2.131e-02  1.547e-02  1.120e-02 	
 2.023e+04  1.405e+04  1.005e+04  8.006e+03  6.474e+03  5.317e+03  4.526e+03  3.854e+03  3.327e+03  2.939e+03  2.549e+03  2.239e+03  1.969e+03  1.688e+03  1.454e+03  1.204e+03  9.752e+02  7.659e+02  5.787e+02  4.273e+02  3.063e+02  2.166e+02  1.519e+02  1.071e+02  7.664e+01  5.604e+01  4.174e+01  3.109e+01  2.271e+01  1.627e+01  1.151e+01  8.044e+00  5.568e+00  3.821e+00  2.605e+00  1.769e+00  1.202e+00  8.137e-01  5.498e-01  3.717e-01  2.521e-01  1.708e-01  1.292e-01  9.427e-02  4.558e-02  4.205e-02  2.942e-02  2.136e-02  1.551e-02  1.123e-02 	
 1.977e+04  1.373e+04  9.819e+03  7.813e+03  6.314e+03  5.183e+03  4.407e+03  3.750e+03  3.234e+03  2.854e+03  2.474e+03  2.174e+03  1.912e+03  1.642e+03  1.417e+03  1.177e+03  9.571e+02  7.547e+02  5.724e+02  4.241e+02  3.049e+02  2.161e+02  1.518e+02  1.071e+02  7.673e+01  5.614e+01  4.183e+01  3.116e+01  2.277e+01  1.631e+01  1.154e+01  8.066e+00  5.583e+00  3.831e+00  2.612e+00  1.774e+00  1.205e+00  8.158e-01  5.512e-01  3.727e-01  2.528e-01  1.712e-01  1.296e-01  9.452e-02  4.571e-02  4.216e-02  2.949e-02  2.142e-02  1.555e-02  1.126e-02 	
 1.931e+04  1.341e+04  9.584e+03  7.622e+03  6.155e+03  5.048e+03  4.290e+03  3.646e+03  3.141e+03  2.771e+03  2.400e+03  2.108e+03  1.856e+03  1.595e+03  1.380e+03  1.149e+03  9.383e+02  7.429e+02  5.657e+02  4.206e+02  3.033e+02  2.154e+02  1.516e+02  1.072e+02  7.682e+01  5.624e+01  4.192e+01  3.124e+01  2.283e+01  1.636e+01  1.157e+01  8.088e+00  5.599e+00  3.842e+00  2.619e+00  1.779e+00  1.208e+00  8.181e-01  5.528e-01  3.737e-01  2.535e-01  1.717e-01  1.300e-01  9.477e-02  4.584e-02  4.227e-02  2.958e-02  2.148e-02  1.559e-02  1.129e-02 	
 1.884e+04  1.309e+04  9.350e+03  7.430e+03  5.997e+03  4.915e+03  4.172e+03  3.543e+03  3.050e+03  2.687e+03  2.326e+03  2.043e+03  1.799e+03  1.548e+03  1.342e+03  1.121e+03  9.188e+02  7.305e+02  5.585e+02  4.169e+02  3.015e+02  2.147e+02  1.514e+02  1.072e+02  7.690e+01  5.634e+01  4.201e+01  3.132e+01  2.289e+01  1.640e+01  1.160e+01  8.111e+00  5.614e+00  3.853e+00  2.626e+00  1.784e+00  1.212e+00  8.204e-01  5.543e-01  3.748e-01  2.542e-01  1.722e-01  1.303e-01  9.502e-02  4.597e-02  4.239e-02  2.966e-02  2.154e-02  1.564e-02  1.132e-02 	
 1.838e+04  1.277e+04  9.115e+03  7.239e+03  5.838e+03  4.782e+03  4.056e+03  3.441e+03  2.959e+03  2.604e+03  2.253e+03  1.978e+03  1.742e+03  1.501e+03  1.304e+03  1.093e+03  8.986e+02  7.175e+02  5.509e+02  4.128e+02  2.996e+02  2.139e+02  1.512e+02  1.072e+02  7.698e+01  5.643e+01  4.210e+01  3.139e+01  2.295e+01  1.645e+01  1.163e+01  8.134e+00  5.631e+00  3.864e+00  2.634e+00  1.790e+00  1.215e+00  8.229e-01  5.560e-01  3.759e-01  2.549e-01  1.727e-01  1.307e-01  9.529e-02  4.612e-02  4.251e-02  2.975e-02  2.160e-02  1.568e-02  1.136e-02 	
 1.791e+04  1.244e+04  8.881e+03  7.048e+03  5.681e+03  4.649e+03  3.939e+03  3.339e+03  2.868e+03  2.522e+03  2.180e+03  1.913e+03  1.685e+03  1.453e+03  1.265e+03  1.063e+03  8.777e+02  7.038e+02  5.428e+02  4.085e+02  2.975e+02  2.130e+02  1.509e+02  1.071e+02  7.704e+01  5.653e+01  4.219e+01  3.147e+01  2.301e+01  1.649e+01  1.167e+01  8.159e+00  5.648e+00  3.876e+00  2.642e+00  1.795e+00  1.219e+00  8.254e-01  5.577e-01  3.771e-01  2.557e-01  1.732e-01  1.312e-01  9.557e-02  4.627e-02  4.263e-02  2.984e-02  2.167e-02  1.573e-02  1.139e-02 	
 1.745e+04  1.212e+04  8.646e+03  6.857e+03  5.523e+03  4.516e+03  3.823e+03  3.237e+03  2.778e+03  2.440e+03  2.107e+03  1.848e+03  1.628e+03  1.405e+03  1.225e+03  1.033e+03  8.560e+02  6.895e+02  5.343e+02  4.037e+02  2.951e+02  2.120e+02  1.505e+02  1.071e+02  7.709e+01  5.662e+01  4.229e+01  3.155e+01  2.308e+01  1.654e+01  1.170e+01  8.184e+00  5.666e+00  3.888e+00  2.650e+00  1.801e+00  1.223e+00  8.280e-01  5.595e-01  3.783e-01  2.565e-01  1.738e-01  1.316e-01  9.586e-02  4.642e-02  4.276e-02  2.994e-02  2.173e-02  1.578e-02  1.143e-02 	
 1.698e+04  1.180e+04  8.410e+03  6.666e+03  5.365e+03  4.384e+03  3.708e+03  3.136e+03  2.688e+03  2.358e+03  2.035e+03  1.783e+03  1.571e+03  1.357e+03  1.185e+03  1.002e+03  8.337e+02  6.745e+02  5.251e+02  3.987e+02  2.926e+02  2.109e+02  1.501e+02  1.070e+02  7.713e+01  5.670e+01  4.238e+01  3.164e+01  2.314e+01  1.659e+01  1.174e+01  8.210e+00  5.684e+00  3.901e+00  2.659e+00  1.807e+00  1.227e+00  8.307e-01  5.613e-01  3.795e-01  2.574e-01  1.744e-01  1.320e-01  9.615e-02  4.659e-02  4.290e-02  3.004e-02  2.181e-02  1.583e-02  1.146e-02 	
 1.650e+04  1.147e+04  8.173e+03  6.474e+03  5.207e+03  4.251e+03  3.592e+03  3.035e+03  2.599e+03  2.277e+03  1.963e+03  1.719e+03  1.514e+03  1.309e+03  1.145e+03  9.708e+02  8.106e+02  6.588e+02  5.155e+02  3.932e+02  2.898e+02  2.096e+02  1.496e+02  1.068e+02  7.716e+01  5.678e+01  4.247e+01  3.172e+01  2.321e+01  1.664e+01  1.178e+01  8.237e+00  5.703e+00  3.914e+00  2.668e+00  1.813e+00  1.231e+00  8.336e-01  5.632e-01  3.808e-01  2.582e-01  1.749e-01  1.325e-01  9.646e-02  4.676e-02  4.304e-02  3.014e-02  2.188e-02  1.589e-02  1.150e-02 	
 1.603e+04  1.114e+04  7.935e+03  6.281e+03  5.048e+03  4.119e+03  3.477e+03  2.934e+03  2.510e+03  2.196e+03  1.891e+03  1.655e+03  1.457e+03  1.260e+03  1.104e+03  9.387e+02  7.867e+02  6.424e+02  5.052e+02  3.872e+02  2.867e+02  2.081e+02  1.490e+02  1.067e+02  7.717e+01  5.685e+01  4.255e+01  3.180e+01  2.328e+01  1.670e+01  1.182e+01  8.265e+00  5.723e+00  3.928e+00  2.677e+00  1.819e+00  1.235e+00  8.365e-01  5.652e-01  3.821e-01  2.592e-01  1.756e-01  1.330e-01  9.678e-02  4.694e-02  4.319e-02  3.025e-02  2.196e-02  1.594e-02  1.154e-02 	
 1.554e+04  1.081e+04  7.695e+03  6.087e+03  4.889e+03  3.986e+03  3.361e+03  2.834e+03  2.421e+03  2.115e+03  1.820e+03  1.591e+03  1.400e+03  1.211e+03  1.063e+03  9.059e+02  7.621e+02  6.253e+02  4.943e+02  3.808e+02  2.833e+02  2.065e+02  1.483e+02  1.064e+02  7.715e+01  5.692e+01  4.264e+01  3.188e+01  2.335e+01  1.675e+01  1.186e+01  8.294e+00  5.743e+00  3.942e+00  2.687e+00  1.826e+00  1.240e+00  8.396e-01  5.673e-01  3.835e-01  2.601e-01  1.762e-01  1.335e-01  9.711e-02  4.713e-02  4.334e-02  3.036e-02  2.204e-02  1.600e-02  1.159e-02 	
 1.506e+04  1.048e+04  7.453e+03  5.891e+03  4.729e+03  3.852e+03  3.246e+03  2.733e+03  2.332e+03  2.035e+03  1.748e+03  1.527e+03  1.343e+03  1.162e+03  1.021e+03  8.726e+02  7.368e+02  6.074e+02  4.827e+02  3.739e+02  2.796e+02  2.047e+02  1.475e+02  1.062e+02  7.711e+01  5.697e+01  4.272e+01  3.196e+01  2.342e+01  1.680e+01  1.190e+01  8.324e+00  5.764e+00  3.956e+00  2.697e+00  1.833e+00  1.245e+00  8.427e-01  5.694e-01  3.850e-01  2.611e-01  1.769e-01  1.341e-01  9.745e-02  4.733e-02  4.350e-02  3.048e-02  2.212e-02  1.606e-02  1.163e-02 	
 1.457e+04  1.014e+04  7.208e+03  5.694e+03  4.568e+03  3.718e+03  3.129e+03  2.633e+03  2.243e+03  1.955e+03  1.677e+03  1.463e+03  1.286e+03  1.113e+03  9.787e+02  8.386e+02  7.107e+02  5.887e+02  4.704e+02  3.665e+02  2.755e+02  2.026e+02  1.466e+02  1.058e+02  7.704e+01  5.701e+01  4.279e+01  3.204e+01  2.349e+01  1.686e+01  1.194e+01  8.354e+00  5.785e+00  3.971e+00  2.708e+00  1.840e+00  1.249e+00  8.460e-01  5.717e-01  3.865e-01  2.621e-01  1.776e-01  1.346e-01  9.781e-02  4.753e-02  4.366e-02  3.060e-02  2.221e-02  1.613e-02  1.168e-02 	
 1.407e+04  9.796e+03  6.961e+03  5.495e+03  4.405e+03  3.583e+03  3.013e+03  2.532e+03  2.155e+03  1.875e+03  1.606e+03  1.400e+03  1.229e+03  1.064e+03  9.362e+02  8.040e+02  6.838e+02  5.692e+02  4.575e+02  3.585e+02  2.710e+02  2.003e+02  1.456e+02  1.054e+02  7.693e+01  5.703e+01  4.286e+01  3.212e+01  2.356e+01  1.692e+01  1.198e+01  8.386e+00  5.808e+00  3.987e+00  2.718e+00  1.847e+00  1.254e+00  8.495e-01  5.740e-01  3.881e-01  2.632e-01  1.783e-01  1.352e-01  9.818e-02  4.775e-02  4.383e-02  3.073e-02  2.230e-02  1.620e-02  1.173e-02 	
 1.356e+04  9.448e+03  6.710e+03  5.293e+03  4.241e+03  3.447e+03  2.896e+03  2.431e+03  2.066e+03  1.795e+03  1.536e+03  1.336e+03  1.172e+03  1.015e+03  8.934e+02  7.689e+02  6.562e+02  5.489e+02  4.437e+02  3.499e+02  2.661e+02  1.978e+02  1.444e+02  1.049e+02  7.678e+01  5.703e+01  4.292e+01  3.219e+01  2.363e+01  1.697e+01  1.203e+01  8.418e+00  5.831e+00  4.003e+00  2.729e+00  1.855e+00  1.260e+00  8.530e-01  5.764e-01  3.897e-01  2.643e-01  1.791e-01  1.358e-01  9.856e-02  4.798e-02  4.401e-02  3.086e-02  2.240e-02  1.627e-02  1.178e-02 	
 1.305e+04  9.093e+03  6.456e+03  5.089e+03  4.075e+03  3.310e+03  2.778e+03  2.329e+03  1.977e+03  1.715e+03  1.465e+03  1.273e+03  1.115e+03  9.652e+02  8.503e+02  7.333e+02  6.280e+02  5.278e+02  4.292e+02  3.407e+02  2.608e+02  1.949e+02  1.430e+02  1.043e+02  7.659e+01  5.701e+01  4.297e+01  3.226e+01  2.370e+01  1.703e+01  1.207e+01  8.451e+00  5.854e+00  4.020e+00  2.741e+00  1.863e+00  1.265e+00  8.567e-01  5.789e-01  3.914e-01  2.655e-01  1.798e-01  1.365e-01  9.895e-02  4.822e-02  4.419e-02  3.100e-02  2.250e-02  1.634e-02  1.183e-02 	
 1.252e+04  8.733e+03  6.198e+03  4.882e+03  3.907e+03  3.172e+03  2.659e+03  2.227e+03  1.888e+03  1.635e+03  1.395e+03  1.210e+03  1.059e+03  9.157e+02  8.070e+02  6.972e+02  5.990e+02  5.059e+02  4.139e+02  3.307e+02  2.549e+02  1.917e+02  1.414e+02  1.036e+02  7.633e+01  5.696e+01  4.301e+01  3.233e+01  2.376e+01  1.709e+01  1.212e+01  8.484e+00  5.879e+00  4.037e+00  2.753e+00  1.871e+00  1.271e+00  8.605e-01  5.815e-01  3.932e-01  2.667e-01  1.807e-01  1.371e-01  9.935e-02  4.848e-02  4.438e-02  3.115e-02  2.261e-02  1.642e-02  1.189e-02 	
 1.199e+04  8.366e+03  5.935e+03  4.672e+03  3.737e+03  3.031e+03  2.539e+03  2.124e+03  1.799e+03  1.555e+03  1.325e+03  1.147e+03  1.002e+03  8.664e+02  7.635e+02  6.607e+02  5.694e+02  4.832e+02  3.978e+02  3.201e+02  2.484e+02  1.881e+02  1.396e+02  1.028e+02  7.600e+01  5.687e+01  4.302e+01  3.238e+01  2.383e+01  1.715e+01  1.216e+01  8.518e+00  5.903e+00  4.054e+00  2.765e+00  1.879e+00  1.276e+00  8.644e-01  5.842e-01  3.950e-01  2.679e-01  1.815e-01  1.378e-01  9.977e-02  4.874e-02  4.458e-02  3.130e-02  2.271e-02  1.649e-02  1.194e-02 	
 1.145e+04  7.991e+03  5.668e+03  4.459e+03  3.564e+03  2.890e+03  2.418e+03  2.021e+03  1.709e+03  1.475e+03  1.254e+03  1.085e+03  9.462e+02  8.170e+02  7.199e+02  6.239e+02  5.392e+02  4.596e+02  3.808e+02  3.086e+02  2.414e+02  1.841e+02  1.375e+02  1.018e+02  7.559e+01  5.674e+01  4.302e+01  3.243e+01  2.388e+01  1.720e+01  1.221e+01  8.552e+00  5.928e+00  4.072e+00  2.777e+00  1.888e+00  1.282e+00  8.685e-01  5.869e-01  3.969e-01  2.692e-01  1.824e-01  1.385e-01  1.002e-01  4.902e-02  4.478e-02  3.146e-02  2.283e-02  1.658e-02  1.200e-02 	
 1.090e+04  7.610e+03  5.396e+03  4.242e+03  3.389e+03  2.746e+03  2.295e+03  1.916e+03  1.619e+03  1.395e+03  1.184e+03  1.022e+03  8.902e+02  7.678e+02  6.763e+02  5.867e+02  5.084e+02  4.354e+02  3.630e+02  2.963e+02  2.337e+02  1.796e+02  1.351e+02  1.007e+02  7.508e+01  5.655e+01  4.298e+01  3.246e+01  2.394e+01  1.725e+01  1.225e+01  8.586e+00  5.953e+00  4.090e+00  2.790e+00  1.896e+00  1.288e+00  8.726e-01  5.897e-01  3.988e-01  2.705e-01  1.833e-01  1.393e-01  1.006e-01  4.931e-02  4.499e-02  3.162e-02  2.295e-02  1.666e-02  1.207e-02 	
 1.034e+04  7.221e+03  5.119e+03  4.022e+03  3.212e+03  2.600e+03  2.172e+03  1.811e+03  1.528e+03  1.315e+03  1.114e+03  9.599e+02  8.344e+02  7.188e+02  6.327e+02  5.493e+02  4.771e+02  4.104e+02  3.443e+02  2.833e+02  2.252e+02  1.746e+02  1.324e+02  9.928e+01  7.444e+01  5.629e+01  4.291e+01  3.247e+01  2.398e+01  1.730e+01  1.229e+01  8.619e+00  5.978e+00  4.108e+00  2.802e+00  1.905e+00  1.294e+00  8.768e-01  5.926e-01  4.008e-01  2.719e-01  1.842e-01  1.400e-01  1.011e-01  4.962e-02  4.520e-02  3.179e-02  2.307e-02  1.675e-02  1.213e-02 	
 9.762e+03  6.824e+03  4.837e+03  3.797e+03  3.031e+03  2.453e+03  2.047e+03  1.706e+03  1.437e+03  1.234e+03  1.044e+03  8.979e+02  7.790e+02  6.701e+02  5.893e+02  5.119e+02  4.455e+02  3.847e+02  3.248e+02  2.693e+02  2.161e+02  1.691e+02  1.293e+02  9.765e+01  7.366e+01  5.596e+01  4.279e+01  3.245e+01  2.401e+01  1.734e+01  1.233e+01  8.651e+00  6.002e+00  4.125e+00  2.815e+00  1.914e+00  1.301e+00  8.810e-01  5.955e-01  4.028e-01  2.732e-01  1.851e-01  1.408e-01  1.015e-01  4.994e-02  4.541e-02  3.197e-02  2.319e-02  1.685e-02  1.220e-02 	
 9.178e+03  6.419e+03  4.550e+03  3.570e+03  2.848e+03  2.303e+03  1.920e+03  1.599e+03  1.346e+03  1.154e+03  9.746e+02  8.362e+02  7.239e+02  6.217e+02  5.460e+02  4.744e+02  4.136e+02  3.585e+02  3.045e+02  2.545e+02  2.061e+02  1.628e+02  1.257e+02  9.574e+01  7.271e+01  5.552e+01  4.261e+01  3.240e+01  2.402e+01  1.737e+01  1.236e+01  8.680e+00  6.025e+00  4.142e+00  2.827e+00  1.923e+00  1.307e+00  8.851e-01  5.984e-01  4.047e-01  2.746e-01  1.861e-01  1.416e-01  1.019e-01  5.027e-02  4.563e-02  3.214e-02  2.332e-02  1.694e-02  1.227e-02 	
 8.584e+03  6.008e+03  4.259e+03  3.338e+03  2.662e+03  2.152e+03  1.793e+03  1.491e+03  1.254e+03  1.073e+03  9.050e+02  7.749e+02  6.693e+02  5.738e+02  5.031e+02  4.370e+02  3.815e+02  3.318e+02  2.835e+02  2.388e+02  1.953e+02  1.559e+02  1.216e+02  9.348e+01  7.154e+01  5.495e+01  4.236e+01  3.231e+01  2.400e+01  1.739e+01  1.239e+01  8.705e+00  6.045e+00  4.158e+00  2.839e+00  1.931e+00  1.312e+00  8.892e-01  6.011e-01  4.067e-01  2.759e-01  1.870e-01  1.424e-01  1.023e-01  5.061e-02  4.583e-02  3.232e-02  2.345e-02  1.703e-02  1.234e-02 	
 7.980e+03  5.590e+03  3.963e+03  3.104e+03  2.474e+03  2.000e+03  1.664e+03  1.383e+03  1.162e+03  9.928e+02  8.357e+02  7.141e+02  6.153e+02  5.264e+02  4.607e+02  3.999e+02  3.494e+02  3.048e+02  2.619e+02  2.223e+02  1.836e+02  1.482e+02  1.169e+02  9.082e+01  7.011e+01  5.422e+01  4.201e+01  3.216e+01  2.395e+01  1.739e+01  1.241e+01  8.724e+00  6.062e+00  4.171e+00  2.849e+00  1.938e+00  1.318e+00  8.929e-01  6.037e-01  4.085e-01  2.772e-01  1.879e-01  1.432e-01  1.027e-01  5.096e-02  4.603e-02  3.250e-02  2.357e-02  1.713e-02  1.241e-02 	
 7.370e+03  5.167e+03  3.663e+03  2.867e+03  2.285e+03  1.845e+03  1.535e+03  1.274e+03  1.069e+03  9.124e+02  7.668e+02  6.538e+02  5.620e+02  4.797e+02  4.189e+02  3.632e+02  3.174e+02  2.776e+02  2.397e+02  2.051e+02  1.711e+02  1.398e+02  1.116e+02  8.770e+01  6.838e+01  5.330e+01  4.153e+01  3.193e+01  2.386e+01  1.736e+01  1.241e+01  8.733e+00  6.073e+00  4.181e+00  2.857e+00  1.944e+00  1.322e+00  8.961e-01  6.060e-01  4.101e-01  2.783e-01  1.887e-01  1.439e-01  1.030e-01  5.131e-02  4.620e-02  3.266e-02  2.369e-02  1.722e-02  1.247e-02 	
 6.753e+03  4.739e+03  3.361e+03  2.628e+03  2.094e+03  1.691e+03  1.405e+03  1.166e+03  9.771e+02  8.324e+02  6.985e+02  5.943e+02  5.095e+02  4.339e+02  3.779e+02  3.272e+02  2.858e+02  2.504e+02  2.172e+02  1.872e+02  1.578e+02  1.305e+02  1.056e+02  8.404e+01  6.627e+01  5.213e+01  4.090e+01  3.161e+01  2.371e+01  1.730e+01  1.238e+01  8.730e+00  6.077e+00  4.186e+00  2.862e+00  1.948e+00  1.325e+00  8.984e-01  6.078e-01  4.113e-01  2.792e-01  1.894e-01  1.446e-01  1.032e-01  5.166e-02  4.634e-02  3.281e-02  2.380e-02  1.730e-02  1.253e-02 	
 6.133e+03  4.309e+03  3.057e+03  2.388e+03  1.902e+03  1.535e+03  1.275e+03  1.057e+03  8.853e+02  7.531e+02  6.309e+02  5.357e+02  4.580e+02  3.891e+02  3.379e+02  2.919e+02  2.548e+02  2.234e+02  1.946e+02  1.688e+02  1.438e+02  1.204e+02  9.879e+01  7.977e+01  6.372e+01  5.065e+01  4.007e+01  3.115e+01  2.347e+01  1.718e+01  1.233e+01  8.707e+00  6.068e+00  4.184e+00  2.862e+00  1.949e+00  1.326e+00  8.995e-01  6.087e-01  4.121e-01  2.798e-01  1.899e-01  1.451e-01  1.033e-01  5.197e-02  4.643e-02  3.293e-02  2.389e-02  1.737e-02  1.259e-02 	
 5.513e+03  3.879e+03  2.753e+03  2.149e+03  1.711e+03  1.381e+03  1.145e+03  9.493e+02  7.943e+02  6.746e+02  5.644e+02  4.782e+02  4.078e+02  3.455e+02  2.990e+02  2.577e+02  2.245e+02  1.969e+02  1.720e+02  1.502e+02  1.291e+02  1.095e+02  9.123e+01  7.483e+01  6.064e+01  4.880e+01  3.897e+01  3.052e+01  2.313e+01  1.700e+01  1.223e+01  8.657e+00  6.041e+00  4.170e+00  2.855e+00  1.946e+00  1.324e+00  8.987e-01  6.083e-01  4.120e-01  2.798e-01  1.901e-01  1.453e-01  1.031e-01  5.223e-02  4.642e-02  3.300e-02  2.394e-02  1.741e-02  1.262e-02 	
 4.897e+03  3.451e+03  2.451e+03  1.911e+03  1.521e+03  1.227e+03  1.017e+03  8.428e+02  7.046e+02  5.975e+02  4.993e+02  4.221e+02  3.590e+02  3.033e+02  2.616e+02  2.247e+02  1.953e+02  1.711e+02  1.498e+02  1.314e+02  1.140e+02  9.795e+01  8.289e+01  6.915e+01  5.697e+01  4.649e+01  3.755e+01  2.966e+01  2.263e+01  1.672e+01  1.208e+01  8.566e+00  5.989e+00  4.140e+00  2.837e+00  1.935e+00  1.318e+00  8.948e-01  6.060e-01  4.106e-01  2.790e-01  1.897e-01  1.451e-01  1.026e-01  5.240e-02  4.629e-02  3.299e-02  2.394e-02  1.742e-02  1.263e-02 	
 4.290e+03  3.029e+03  2.153e+03  1.677e+03  1.334e+03  1.076e+03  8.916e+02  7.382e+02  6.167e+02  5.222e+02  4.358e+02  3.677e+02  3.118e+02  2.627e+02  2.257e+02  1.933e+02  1.674e+02  1.464e+02  1.282e+02  1.129e+02  9.875e+01  8.586e+01  7.383e+01  6.272e+01  5.262e+01  4.364e+01  3.571e+01  2.850e+01  2.193e+01  1.630e+01  1.183e+01  8.418e+00  5.900e+00  4.085e+00  2.803e+00  1.914e+00  1.305e+00  8.863e-01  6.007e-01  4.072e-01  2.769e-01  1.885e-01  1.443e-01  1.016e-01  5.241e-02  4.595e-02  3.285e-02  2.385e-02  1.736e-02  1.259e-02 	
 3.696e+03  2.616e+03  1.861e+03  1.448e+03  1.152e+03  9.291e+02  7.690e+02  6.364e+02  5.314e+02  4.493e+02  3.745e+02  3.154e+02  2.667e+02  2.241e+02  1.917e+02  1.635e+02  1.410e+02  1.229e+02  1.075e+02  9.490e+01  8.357e+01  7.348e+01  6.419e+01  5.557e+01  4.755e+01  4.016e+01  3.337e+01  2.697e+01  2.096e+01  1.570e+01  1.146e+01  8.188e+00  5.756e+00  3.994e+00  2.745e+00  1.877e+00  1.281e+00  8.711e-01  5.908e-01  4.008e-01  2.728e-01  1.860e-01  1.425e-01  9.988e-02  5.216e-02  4.530e-02  3.252e-02  2.362e-02  1.720e-02  1.249e-02 	
 3.123e+03  2.216e+03  1.579e+03  1.227e+03  9.756e+02  7.869e+02  6.508e+02  5.384e+02  4.493e+02  3.793e+02  3.159e+02  2.655e+02  2.239e+02  1.876e+02  1.598e+02  1.357e+02  1.165e+02  1.011e+02  8.817e+01  7.781e+01  6.883e+01  6.111e+01  5.418e+01  4.781e+01  4.177e+01  3.600e+01  3.044e+01  2.496e+01  1.963e+01  1.485e+01  1.092e+01  7.842e+00  5.534e+00  3.851e+00  2.653e+00  1.817e+00  1.242e+00  8.456e-01  5.742e-01  3.900e-01  2.657e-01  1.816e-01  1.392e-01  9.704e-02  5.146e-02  4.419e-02  3.186e-02  2.316e-02  1.689e-02  1.228e-02 	
 2.576e+03  1.835e+03  1.310e+03  1.016e+03  8.076e+02  6.513e+02  5.382e+02  4.452e+02  3.712e+02  3.130e+02  2.605e+02  2.185e+02  1.838e+02  1.536e+02  1.302e+02  1.100e+02  9.392e+01  8.103e+01  7.037e+01  6.197e+01  5.493e+01  4.911e+01  4.412e+01  3.965e+01  3.539e+01  3.116e+01  2.687e+01  2.240e+01  1.787e+01  1.368e+01  1.014e+01  7.337e+00  5.203e+00  3.635e+00  2.511e+00  1.724e+00  1.181e+00  8.052e-01  5.476e-01  3.725e-01  2.541e-01  1.743e-01  1.335e-01  9.257e-02  5.005e-02  4.239e-02  3.073e-02  2.237e-02  1.634e-02  1.189e-02 	
 2.064e+03  1.476e+03  1.056e+03  8.182e+02  6.499e+02  5.242e+02  4.327e+02  3.578e+02  2.983e+02  2.511e+02  2.089e+02  1.749e+02  1.468e+02  1.223e+02  1.033e+02  8.681e+01  7.363e+01  6.307e+01  5.443e+01  4.769e+01  4.222e+01  3.790e+01  3.440e+01  3.142e+01  2.862e+01  2.575e+01  2.266e+01  1.925e+01  1.561e+01  1.212e+01  9.082e+00  6.622e+00  4.726e+00  3.317e+00  2.301e+00  1.585e+00  1.088e+00  7.434e-01  5.067e-01  3.454e-01  2.361e-01  1.627e-01  1.243e-01  8.579e-02  4.751e-02  3.956e-02  2.886e-02  2.106e-02  1.541e-02  1.124e-02 	
 1.593e+03  1.146e+03  8.228e+02  6.362e+02  5.050e+02  4.073e+02  3.359e+02  2.777e+02  2.314e+02  1.945e+02  1.617e+02  1.352e+02  1.132e+02  9.413e+01  7.910e+01  6.618e+01  5.575e+01  4.737e+01  4.054e+01  3.524e+01  3.105e+01  2.786e+01  2.544e+01  2.352e+01  2.181e+01  2.002e+01  1.798e+01  1.557e+01  1.285e+01  1.013e+01  7.687e+00  5.660e+00  4.070e+00  2.874e+00  2.003e+00  1.385e+00  9.535e-01  6.537e-01  4.468e-01  3.053e-01  2.094e-01  1.450e-01  1.104e-01  7.590e-02  4.328e-02  3.534e-02  2.596e-02  1.901e-02  1.395e-02  1.020e-02 	
 1.173e+03  8.508e+02  6.134e+02  4.734e+02  3.755e+02  3.028e+02  2.495e+02  2.062e+02  1.718e+02  1.442e+02  1.198e+02  1.001e+02  8.358e+01  6.936e+01  5.804e+01  4.833e+01  4.045e+01  3.407e+01  2.887e+01  2.483e+01  2.168e+01  1.935e+01  1.766e+01  1.644e+01  1.543e+01  1.440e+01  1.316e+01  1.159e+01  9.734e+00  7.794e+00  5.994e+00  4.461e+00  3.235e+00  2.300e+00  1.612e+00  1.120e+00  7.740e-01  5.325e-01  3.652e-01  2.504e-01  1.724e-01  1.202e-01  9.095e-02  6.240e-02  3.682e-02  2.941e-02  2.175e-02  1.600e-02  1.179e-02  8.643e-03 	
 8.142e+02  5.971e+02  4.334e+02  3.339e+02  2.646e+02  2.133e+02  1.755e+02  1.451e+02  1.208e+02  1.012e+02  8.412e+01  7.015e+01  5.849e+01  4.847e+01  4.040e+01  3.351e+01  2.788e+01  2.328e+01  1.953e+01  1.659e+01  1.430e+01  1.262e+01  1.143e+01  1.062e+01  1.001e+01  9.416e+00  8.701e+00  7.763e+00  6.609e+00  5.364e+00  4.176e+00  3.140e+00  2.296e+00  1.644e+00  1.159e+00  8.093e-01  5.617e-01  3.880e-01  2.671e-01  1.839e-01  1.273e-01  8.933e-02  6.695e-02  4.601e-02  2.814e-02  2.201e-02  1.636e-02  1.210e-02  8.955e-03  6.588e-03 	
 5.301e+02  3.955e+02  2.905e+02  2.238e+02  1.772e+02  1.428e+02  1.173e+02  9.691e+01  8.062e+01  6.745e+01  5.607e+01  4.671e+01  3.888e+01  3.220e+01  2.676e+01  2.213e+01  1.833e+01  1.521e+01  1.265e+01  1.062e+01  9.025e+00  7.840e+00  6.998e+00  6.419e+00  5.998e+00  5.623e+00  5.197e+00  4.652e+00  3.986e+00  3.262e+00  2.562e+00  1.942e+00  1.431e+00  1.031e+00  7.310e-01  5.129e-01  3.575e-01  2.479e-01  1.714e-01  1.186e-01  8.246e-02  5.814e-02  4.312e-02  2.978e-02  1.885e-02  1.448e-02  1.078e-02  8.010e-03  5.946e-03  4.382e-03 	
