 1.121e-03  1.972e-02  7.652e-02  1.695e-01  2.788e-01  3.863e-01  4.825e-01  5.645e-01  6.328e-01  6.890e-01  7.351e-01  7.729e-01  8.041e-01  8.298e-01  8.513e-01  8.692e-01  8.842e-01  8.969e-01  9.077e-01  9.168e-01  9.247e-01  9.314e-01  9.372e-01  9.421e-01  9.464e-01  9.501e-01  9.533e-01  9.561e-01  9.584e-01  9.604e-01  9.621e-01  9.635e-01  9.646e-01  9.655e-01  9.662e-01  9.666e-01  9.669e-01  9.670e-01  9.669e-01  9.666e-01  9.662e-01  9.656e-01  9.648e-01  9.639e-01  9.628e-01  9.615e-01  9.601e-01  9.586e-01  9.569e-01  9.550e-01 	
 1.986e-03  2.597e-02  9.058e-02  1.894e-01  3.015e-01  4.097e-01  5.053e-01  5.861e-01  6.529e-01  7.076e-01  7.523e-01  7.888e-01  8.189e-01  8.437e-01  8.643e-01  8.815e-01  8.960e-01  9.083e-01  9.187e-01  9.276e-01  9.353e-01  9.419e-01  9.477e-01  9.527e-01  9.571e-01  9.610e-01  9.644e-01  9.674e-01  9.701e-01  9.725e-01  9.746e-01  9.765e-01  9.782e-01  9.797e-01  9.810e-01  9.822e-01  9.832e-01  9.840e-01  9.847e-01  9.853e-01  9.858e-01  9.861e-01  9.862e-01  9.863e-01  9.862e-01  9.860e-01  9.856e-01  9.850e-01  9.844e-01  9.835e-01 	
 3.484e-03  3.462e-02  1.098e-01  2.161e-01  3.316e-01  4.399e-01  5.340e-01  6.125e-01  6.767e-01  7.289e-01  7.713e-01  8.058e-01  8.340e-01  8.572e-01  8.764e-01  8.925e-01  9.059e-01  9.172e-01  9.268e-01  9.350e-01  9.420e-01  9.481e-01  9.534e-01  9.579e-01  9.619e-01  9.654e-01  9.685e-01  9.713e-01  9.737e-01  9.758e-01  9.777e-01  9.794e-01  9.808e-01  9.822e-01  9.833e-01  9.843e-01  9.851e-01  9.858e-01  9.864e-01  9.869e-01  9.872e-01  9.874e-01  9.874e-01  9.873e-01  9.871e-01  9.868e-01  9.863e-01  9.857e-01  9.850e-01  9.841e-01 	
 5.067e-03  4.348e-02  1.293e-01  2.430e-01  3.614e-01  4.695e-01  5.617e-01  6.376e-01  6.991e-01  7.487e-01  7.887e-01  8.211e-01  8.475e-01  8.691e-01  8.869e-01  9.017e-01  9.141e-01  9.245e-01  9.334e-01  9.409e-01  9.473e-01  9.529e-01  9.577e-01  9.618e-01  9.655e-01  9.687e-01  9.715e-01  9.739e-01  9.761e-01  9.781e-01  9.798e-01  9.813e-01  9.827e-01  9.839e-01  9.850e-01  9.859e-01  9.867e-01  9.874e-01  9.879e-01  9.884e-01  9.887e-01  9.890e-01  9.891e-01  9.891e-01  9.890e-01  9.887e-01  9.884e-01  9.879e-01  9.873e-01  9.865e-01 	
 6.538e-03  5.140e-02  1.459e-01  2.650e-01  3.850e-01  4.925e-01  5.828e-01  6.565e-01  7.158e-01  7.633e-01  8.015e-01  8.323e-01  8.573e-01  8.777e-01  8.945e-01  9.085e-01  9.201e-01  9.299e-01  9.381e-01  9.452e-01  9.512e-01  9.564e-01  9.608e-01  9.647e-01  9.681e-01  9.711e-01  9.737e-01  9.760e-01  9.780e-01  9.798e-01  9.814e-01  9.828e-01  9.840e-01  9.851e-01  9.861e-01  9.869e-01  9.876e-01  9.882e-01  9.887e-01  9.890e-01  9.893e-01  9.894e-01  9.894e-01  9.893e-01  9.891e-01  9.888e-01  9.884e-01  9.878e-01  9.872e-01  9.864e-01 	
 8.020e-03  5.902e-02  1.612e-01  2.847e-01  4.059e-01  5.124e-01  6.009e-01  6.726e-01  7.298e-01  7.755e-01  8.121e-01  8.415e-01  8.654e-01  8.848e-01  9.007e-01  9.139e-01  9.250e-01  9.342e-01  9.420e-01  9.486e-01  9.543e-01  9.592e-01  9.634e-01  9.670e-01  9.702e-01  9.730e-01  9.754e-01  9.776e-01  9.795e-01  9.812e-01  9.827e-01  9.840e-01  9.852e-01  9.862e-01  9.872e-01  9.879e-01  9.886e-01  9.892e-01  9.897e-01  9.901e-01  9.903e-01  9.905e-01  9.906e-01  9.906e-01  9.904e-01  9.902e-01  9.898e-01  9.894e-01  9.888e-01  9.881e-01 	
 9.648e-03  6.663e-02  1.758e-01  3.033e-01  4.252e-01  5.306e-01  6.174e-01  6.871e-01  7.425e-01  7.865e-01  8.216e-01  8.498e-01  8.725e-01  8.910e-01  9.062e-01  9.188e-01  9.292e-01  9.380e-01  9.454e-01  9.517e-01  9.570e-01  9.616e-01  9.656e-01  9.690e-01  9.720e-01  9.747e-01  9.770e-01  9.790e-01  9.808e-01  9.824e-01  9.838e-01  9.850e-01  9.861e-01  9.871e-01  9.879e-01  9.886e-01  9.893e-01  9.898e-01  9.902e-01  9.905e-01  9.907e-01  9.909e-01  9.909e-01  9.908e-01  9.906e-01  9.904e-01  9.900e-01  9.895e-01  9.889e-01  9.882e-01 	
 1.148e-02  7.446e-02  1.903e-01  3.212e-01  4.436e-01  5.479e-01  6.329e-01  7.006e-01  7.542e-01  7.966e-01  8.304e-01  8.573e-01  8.791e-01  8.968e-01  9.112e-01  9.232e-01  9.331e-01  9.414e-01  9.484e-01  9.544e-01  9.595e-01  9.638e-01  9.676e-01  9.708e-01  9.737e-01  9.762e-01  9.783e-01  9.803e-01  9.819e-01  9.834e-01  9.848e-01  9.859e-01  9.870e-01  9.879e-01  9.887e-01  9.894e-01  9.900e-01  9.905e-01  9.909e-01  9.912e-01  9.914e-01  9.915e-01  9.916e-01  9.915e-01  9.913e-01  9.911e-01  9.908e-01  9.903e-01  9.898e-01  9.891e-01 	
 1.359e-02  8.263e-02  2.048e-01  3.388e-01  4.615e-01  5.646e-01  6.478e-01  7.136e-01  7.654e-01  8.063e-01  8.387e-01  8.645e-01  8.853e-01  9.022e-01  9.160e-01  9.273e-01  9.368e-01  9.447e-01  9.513e-01  9.570e-01  9.618e-01  9.659e-01  9.694e-01  9.725e-01  9.752e-01  9.776e-01  9.796e-01  9.814e-01  9.830e-01  9.844e-01  9.857e-01  9.868e-01  9.877e-01  9.886e-01  9.893e-01  9.900e-01  9.905e-01  9.910e-01  9.914e-01  9.917e-01  9.919e-01  9.920e-01  9.920e-01  9.920e-01  9.918e-01  9.916e-01  9.912e-01  9.908e-01  9.902e-01  9.896e-01 	
 1.600e-02  9.116e-02  2.193e-01  3.561e-01  4.789e-01  5.807e-01  6.620e-01  7.260e-01  7.761e-01  8.154e-01  8.465e-01  8.713e-01  8.912e-01  9.073e-01  9.204e-01  9.312e-01  9.402e-01  9.477e-01  9.540e-01  9.594e-01  9.639e-01  9.678e-01  9.712e-01  9.741e-01  9.766e-01  9.788e-01  9.808e-01  9.825e-01  9.840e-01  9.853e-01  9.865e-01  9.875e-01  9.885e-01  9.893e-01  9.900e-01  9.906e-01  9.911e-01  9.915e-01  9.918e-01  9.921e-01  9.923e-01  9.924e-01  9.924e-01  9.923e-01  9.921e-01  9.919e-01  9.915e-01  9.911e-01  9.905e-01  9.899e-01 	
 1.879e-02  1.002e-01  2.340e-01  3.733e-01  4.960e-01  5.964e-01  6.759e-01  7.379e-01  7.863e-01  8.242e-01  8.540e-01  8.777e-01  8.967e-01  9.121e-01  9.246e-01  9.349e-01  9.434e-01  9.506e-01  9.566e-01  9.616e-01  9.659e-01  9.696e-01  9.728e-01  9.756e-01  9.780e-01  9.801e-01  9.819e-01  9.835e-01  9.849e-01  9.862e-01  9.873e-01  9.883e-01  9.892e-01  9.899e-01  9.906e-01  9.912e-01  9.917e-01  9.921e-01  9.924e-01  9.927e-01  9.928e-01  9.929e-01  9.930e-01  9.929e-01  9.928e-01  9.925e-01  9.922e-01  9.918e-01  9.913e-01  9.908e-01 	
 2.202e-02  1.098e-01  2.491e-01  3.905e-01  5.129e-01  6.118e-01  6.894e-01  7.496e-01  7.963e-01  8.327e-01  8.613e-01  8.840e-01  9.021e-01  9.168e-01  9.287e-01  9.385e-01  9.466e-01  9.533e-01  9.590e-01  9.638e-01  9.679e-01  9.714e-01  9.744e-01  9.770e-01  9.793e-01  9.812e-01  9.830e-01  9.845e-01  9.858e-01  9.870e-01  9.880e-01  9.890e-01  9.898e-01  9.905e-01  9.911e-01  9.916e-01  9.921e-01  9.924e-01  9.927e-01  9.929e-01  9.930e-01  9.931e-01  9.931e-01  9.930e-01  9.928e-01  9.925e-01  9.921e-01  9.917e-01  9.912e-01  9.905e-01 	
 2.580e-02  1.201e-01  2.646e-01  4.080e-01  5.298e-01  6.271e-01  7.027e-01  7.610e-01  8.061e-01  8.410e-01  8.684e-01  8.901e-01  9.074e-01  9.213e-01  9.326e-01  9.419e-01  9.496e-01  9.560e-01  9.613e-01  9.659e-01  9.697e-01  9.731e-01  9.759e-01  9.784e-01  9.805e-01  9.824e-01  9.840e-01  9.854e-01  9.867e-01  9.878e-01  9.888e-01  9.897e-01  9.904e-01  9.911e-01  9.917e-01  9.922e-01  9.927e-01  9.930e-01  9.933e-01  9.935e-01  9.937e-01  9.938e-01  9.938e-01  9.937e-01  9.936e-01  9.934e-01  9.931e-01  9.927e-01  9.923e-01  9.917e-01 	
 3.019e-02  1.312e-01  2.807e-01  4.256e-01  5.468e-01  6.423e-01  7.159e-01  7.723e-01  8.157e-01  8.492e-01  8.754e-01  8.960e-01  9.125e-01  9.257e-01  9.364e-01  9.452e-01  9.525e-01  9.586e-01  9.636e-01  9.679e-01  9.716e-01  9.747e-01  9.774e-01  9.797e-01  9.817e-01  9.834e-01  9.850e-01  9.863e-01  9.875e-01  9.885e-01  9.895e-01  9.903e-01  9.910e-01  9.916e-01  9.921e-01  9.926e-01  9.930e-01  9.933e-01  9.935e-01  9.937e-01  9.937e-01  9.938e-01  9.937e-01  9.936e-01  9.934e-01  9.931e-01  9.927e-01  9.923e-01  9.917e-01  9.911e-01 	
 3.531e-02  1.432e-01  2.972e-01  4.434e-01  5.637e-01  6.573e-01  7.289e-01  7.834e-01  8.250e-01  8.571e-01  8.821e-01  9.018e-01  9.174e-01  9.300e-01  9.401e-01  9.485e-01  9.553e-01  9.610e-01  9.658e-01  9.699e-01  9.733e-01  9.762e-01  9.788e-01  9.809e-01  9.828e-01  9.845e-01  9.859e-01  9.872e-01  9.883e-01  9.893e-01  9.902e-01  9.909e-01  9.916e-01  9.922e-01  9.927e-01  9.932e-01  9.935e-01  9.939e-01  9.941e-01  9.943e-01  9.944e-01  9.945e-01  9.945e-01  9.944e-01  9.943e-01  9.941e-01  9.938e-01  9.934e-01  9.930e-01  9.924e-01 	
 4.114e-02  1.559e-01  3.140e-01  4.610e-01  5.801e-01  6.719e-01  7.414e-01  7.939e-01  8.340e-01  8.647e-01  8.885e-01  9.072e-01  9.221e-01  9.340e-01  9.436e-01  9.515e-01  9.580e-01  9.634e-01  9.679e-01  9.717e-01  9.749e-01  9.777e-01  9.801e-01  9.821e-01  9.839e-01  9.854e-01  9.868e-01  9.880e-01  9.890e-01  9.899e-01  9.907e-01  9.915e-01  9.921e-01  9.926e-01  9.931e-01  9.935e-01  9.938e-01  9.940e-01  9.942e-01  9.943e-01  9.944e-01  9.944e-01  9.943e-01  9.941e-01  9.939e-01  9.936e-01  9.932e-01  9.928e-01  9.922e-01  9.916e-01 	
 4.796e-02  1.696e-01  3.313e-01  4.788e-01  5.965e-01  6.862e-01  7.536e-01  8.043e-01  8.426e-01  8.720e-01  8.947e-01  9.125e-01  9.266e-01  9.379e-01  9.470e-01  9.544e-01  9.605e-01  9.656e-01  9.699e-01  9.735e-01  9.765e-01  9.791e-01  9.813e-01  9.833e-01  9.849e-01  9.864e-01  9.876e-01  9.888e-01  9.897e-01  9.906e-01  9.914e-01  9.920e-01  9.926e-01  9.931e-01  9.936e-01  9.940e-01  9.943e-01  9.946e-01  9.948e-01  9.949e-01  9.950e-01  9.950e-01  9.950e-01  9.948e-01  9.947e-01  9.944e-01  9.941e-01  9.937e-01  9.932e-01  9.927e-01 	
 5.592e-02  1.846e-01  3.495e-01  4.969e-01  6.130e-01  7.005e-01  7.657e-01  8.144e-01  8.512e-01  8.792e-01  9.008e-01  9.177e-01  9.310e-01  9.416e-01  9.502e-01  9.573e-01  9.630e-01  9.678e-01  9.718e-01  9.752e-01  9.780e-01  9.805e-01  9.826e-01  9.844e-01  9.859e-01  9.873e-01  9.885e-01  9.895e-01  9.904e-01  9.912e-01  9.919e-01  9.925e-01  9.931e-01  9.935e-01  9.939e-01  9.943e-01  9.945e-01  9.947e-01  9.949e-01  9.950e-01  9.950e-01  9.949e-01  9.948e-01  9.946e-01  9.944e-01  9.941e-01  9.937e-01  9.932e-01  9.926e-01  9.920e-01 	
 6.531e-02  2.011e-01  3.686e-01  5.156e-01  6.297e-01  7.148e-01  7.778e-01  8.245e-01  8.596e-01  8.862e-01  9.067e-01  9.227e-01  9.353e-01  9.453e-01  9.534e-01  9.600e-01  9.654e-01  9.699e-01  9.737e-01  9.768e-01  9.795e-01  9.818e-01  9.837e-01  9.854e-01  9.869e-01  9.881e-01  9.893e-01  9.902e-01  9.911e-01  9.918e-01  9.925e-01  9.931e-01  9.936e-01  9.940e-01  9.944e-01  9.947e-01  9.950e-01  9.952e-01  9.953e-01  9.954e-01  9.954e-01  9.954e-01  9.953e-01  9.951e-01  9.949e-01  9.946e-01  9.942e-01  9.938e-01  9.933e-01  9.927e-01 	
 7.632e-02  2.192e-01  3.888e-01  5.348e-01  6.466e-01  7.291e-01  7.897e-01  8.345e-01  8.679e-01  8.932e-01  9.126e-01  9.276e-01  9.395e-01  9.489e-01  9.565e-01  9.627e-01  9.678e-01  9.720e-01  9.755e-01  9.784e-01  9.809e-01  9.831e-01  9.849e-01  9.864e-01  9.878e-01  9.890e-01  9.900e-01  9.909e-01  9.917e-01  9.924e-01  9.930e-01  9.935e-01  9.940e-01  9.944e-01  9.947e-01  9.950e-01  9.952e-01  9.954e-01  9.955e-01  9.955e-01  9.955e-01  9.954e-01  9.953e-01  9.951e-01  9.948e-01  9.945e-01  9.940e-01  9.935e-01  9.930e-01  9.923e-01 	
 8.902e-02  2.386e-01  4.097e-01  5.541e-01  6.633e-01  7.431e-01  8.013e-01  8.441e-01  8.758e-01  8.998e-01  9.181e-01  9.323e-01  9.435e-01  9.523e-01  9.595e-01  9.653e-01  9.700e-01  9.739e-01  9.772e-01  9.800e-01  9.823e-01  9.843e-01  9.860e-01  9.874e-01  9.887e-01  9.898e-01  9.907e-01  9.916e-01  9.923e-01  9.929e-01  9.935e-01  9.940e-01  9.944e-01  9.948e-01  9.951e-01  9.953e-01  9.955e-01  9.957e-01  9.958e-01  9.958e-01  9.958e-01  9.957e-01  9.955e-01  9.953e-01  9.950e-01  9.947e-01  9.943e-01  9.938e-01  9.932e-01  9.925e-01 	
 1.036e-01  2.596e-01  4.312e-01  5.735e-01  6.797e-01  7.568e-01  8.125e-01  8.533e-01  8.834e-01  9.061e-01  9.234e-01  9.367e-01  9.472e-01  9.555e-01  9.622e-01  9.676e-01  9.721e-01  9.757e-01  9.788e-01  9.814e-01  9.835e-01  9.854e-01  9.870e-01  9.883e-01  9.895e-01  9.905e-01  9.914e-01  9.922e-01  9.929e-01  9.935e-01  9.940e-01  9.944e-01  9.948e-01  9.952e-01  9.954e-01  9.957e-01  9.958e-01  9.959e-01  9.960e-01  9.960e-01  9.960e-01  9.959e-01  9.957e-01  9.955e-01  9.952e-01  9.948e-01  9.943e-01  9.938e-01  9.932e-01  9.925e-01 	
 1.208e-01  2.826e-01  4.540e-01  5.935e-01  6.964e-01  7.704e-01  8.237e-01  8.623e-01  8.909e-01  9.122e-01  9.285e-01  9.410e-01  9.509e-01  9.586e-01  9.649e-01  9.699e-01  9.741e-01  9.775e-01  9.803e-01  9.827e-01  9.847e-01  9.864e-01  9.879e-01  9.892e-01  9.903e-01  9.912e-01  9.920e-01  9.928e-01  9.934e-01  9.939e-01  9.944e-01  9.948e-01  9.952e-01  9.955e-01  9.957e-01  9.959e-01  9.960e-01  9.961e-01  9.962e-01  9.961e-01  9.961e-01  9.959e-01  9.957e-01  9.954e-01  9.951e-01  9.947e-01  9.942e-01  9.936e-01  9.929e-01  9.922e-01 	
 1.408e-01  3.080e-01  4.783e-01  6.142e-01  7.135e-01  7.842e-01  8.348e-01  8.714e-01  8.982e-01  9.183e-01  9.335e-01  9.452e-01  9.544e-01  9.617e-01  9.675e-01  9.722e-01  9.760e-01  9.792e-01  9.818e-01  9.840e-01  9.859e-01  9.875e-01  9.888e-01  9.900e-01  9.910e-01  9.919e-01  9.927e-01  9.933e-01  9.939e-01  9.944e-01  9.948e-01  9.952e-01  9.956e-01  9.958e-01  9.961e-01  9.963e-01  9.964e-01  9.965e-01  9.965e-01  9.965e-01  9.964e-01  9.963e-01  9.961e-01  9.958e-01  9.955e-01  9.951e-01  9.946e-01  9.940e-01  9.934e-01  9.926e-01 	
 1.642e-01  3.360e-01  5.040e-01  6.358e-01  7.309e-01  7.982e-01  8.459e-01  8.803e-01  9.055e-01  9.243e-01  9.385e-01  9.494e-01  9.579e-01  9.646e-01  9.700e-01  9.743e-01  9.779e-01  9.808e-01  9.833e-01  9.853e-01  9.870e-01  9.885e-01  9.897e-01  9.908e-01  9.917e-01  9.925e-01  9.932e-01  9.938e-01  9.944e-01  9.948e-01  9.952e-01  9.956e-01  9.959e-01  9.961e-01  9.963e-01  9.964e-01  9.965e-01  9.965e-01  9.965e-01  9.964e-01  9.963e-01  9.961e-01  9.959e-01  9.955e-01  9.951e-01  9.946e-01  9.941e-01  9.934e-01  9.927e-01  9.919e-01 	
 1.911e-01  3.664e-01  5.312e-01  6.581e-01  7.486e-01  8.121e-01  8.570e-01  8.892e-01  9.127e-01  9.301e-01  9.433e-01  9.534e-01  9.613e-01  9.675e-01  9.724e-01  9.764e-01  9.797e-01  9.824e-01  9.847e-01  9.865e-01  9.881e-01  9.895e-01  9.906e-01  9.916e-01  9.924e-01  9.932e-01  9.938e-01  9.944e-01  9.949e-01  9.953e-01  9.957e-01  9.960e-01  9.963e-01  9.965e-01  9.967e-01  9.968e-01  9.969e-01  9.969e-01  9.969e-01  9.969e-01  9.968e-01  9.966e-01  9.964e-01  9.961e-01  9.958e-01  9.953e-01  9.948e-01  9.942e-01  9.935e-01  9.928e-01 	
 2.215e-01  3.990e-01  5.594e-01  6.806e-01  7.663e-01  8.260e-01  8.679e-01  8.978e-01  9.196e-01  9.358e-01  9.479e-01  9.572e-01  9.645e-01  9.702e-01  9.748e-01  9.784e-01  9.814e-01  9.839e-01  9.860e-01  9.877e-01  9.891e-01  9.904e-01  9.914e-01  9.923e-01  9.931e-01  9.938e-01  9.943e-01  9.948e-01  9.953e-01  9.957e-01  9.960e-01  9.963e-01  9.965e-01  9.967e-01  9.968e-01  9.969e-01  9.969e-01  9.969e-01  9.969e-01  9.967e-01  9.966e-01  9.963e-01  9.960e-01  9.956e-01  9.952e-01  9.946e-01  9.940e-01  9.933e-01  9.925e-01  9.916e-01 	
 2.558e-01  4.339e-01  5.888e-01  7.037e-01  7.841e-01  8.398e-01  8.787e-01  9.064e-01  9.264e-01  9.413e-01  9.524e-01  9.610e-01  9.676e-01  9.729e-01  9.770e-01  9.804e-01  9.831e-01  9.854e-01  9.872e-01  9.888e-01  9.901e-01  9.912e-01  9.922e-01  9.930e-01  9.937e-01  9.943e-01  9.949e-01  9.953e-01  9.957e-01  9.961e-01  9.964e-01  9.966e-01  9.969e-01  9.970e-01  9.972e-01  9.973e-01  9.973e-01  9.974e-01  9.973e-01  9.972e-01  9.971e-01  9.969e-01  9.967e-01  9.964e-01  9.960e-01  9.955e-01  9.950e-01  9.943e-01  9.936e-01  9.928e-01 	
 2.946e-01  4.717e-01  6.197e-01  7.276e-01  8.024e-01  8.538e-01  8.895e-01  9.149e-01  9.332e-01  9.468e-01  9.569e-01  9.647e-01  9.707e-01  9.755e-01  9.792e-01  9.823e-01  9.848e-01  9.868e-01  9.885e-01  9.899e-01  9.911e-01  9.921e-01  9.930e-01  9.937e-01  9.943e-01  9.949e-01  9.954e-01  9.958e-01  9.961e-01  9.964e-01  9.967e-01  9.969e-01  9.971e-01  9.972e-01  9.973e-01  9.973e-01  9.973e-01  9.973e-01  9.972e-01  9.970e-01  9.968e-01  9.965e-01  9.962e-01  9.958e-01  9.953e-01  9.947e-01  9.941e-01  9.933e-01  9.925e-01  9.916e-01 	
 3.372e-01  5.116e-01  6.516e-01  7.519e-01  8.207e-01  8.677e-01  9.003e-01  9.233e-01  9.399e-01  9.522e-01  9.613e-01  9.683e-01  9.737e-01  9.780e-01  9.814e-01  9.841e-01  9.864e-01  9.882e-01  9.897e-01  9.910e-01  9.920e-01  9.929e-01  9.937e-01  9.944e-01  9.949e-01  9.954e-01  9.959e-01  9.962e-01  9.965e-01  9.968e-01  9.971e-01  9.973e-01  9.974e-01  9.976e-01  9.976e-01  9.977e-01  9.977e-01  9.977e-01  9.976e-01  9.975e-01  9.973e-01  9.971e-01  9.968e-01  9.964e-01  9.960e-01  9.955e-01  9.949e-01  9.942e-01  9.935e-01  9.926e-01 	
 3.835e-01  5.530e-01  6.840e-01  7.762e-01  8.389e-01  8.814e-01  9.108e-01  9.315e-01  9.464e-01  9.574e-01  9.656e-01  9.718e-01  9.767e-01  9.805e-01  9.835e-01  9.859e-01  9.879e-01  9.895e-01  9.909e-01  9.920e-01  9.929e-01  9.937e-01  9.944e-01  9.950e-01  9.955e-01  9.959e-01  9.963e-01  9.966e-01  9.969e-01  9.971e-01  9.973e-01  9.975e-01  9.976e-01  9.977e-01  9.978e-01  9.978e-01  9.977e-01  9.977e-01  9.975e-01  9.973e-01  9.971e-01  9.968e-01  9.964e-01  9.960e-01  9.955e-01  9.949e-01  9.942e-01  9.935e-01  9.926e-01  9.917e-01 	
 4.326e-01  5.953e-01  7.164e-01  8.003e-01  8.567e-01  8.948e-01  9.210e-01  9.394e-01  9.527e-01  9.624e-01  9.696e-01  9.752e-01  9.794e-01  9.828e-01  9.854e-01  9.876e-01  9.893e-01  9.908e-01  9.919e-01  9.929e-01  9.938e-01  9.945e-01  9.951e-01  9.956e-01  9.960e-01  9.964e-01  9.967e-01  9.970e-01  9.973e-01  9.975e-01  9.977e-01  9.978e-01  9.979e-01  9.980e-01  9.981e-01  9.981e-01  9.980e-01  9.980e-01  9.978e-01  9.977e-01  9.975e-01  9.972e-01  9.969e-01  9.965e-01  9.960e-01  9.954e-01  9.948e-01  9.941e-01  9.933e-01  9.924e-01 	
 4.839e-01  6.378e-01  7.483e-01  8.236e-01  8.739e-01  9.076e-01  9.308e-01  9.470e-01  9.586e-01  9.671e-01  9.735e-01  9.783e-01  9.821e-01  9.850e-01  9.873e-01  9.892e-01  9.907e-01  9.919e-01  9.930e-01  9.938e-01  9.946e-01  9.952e-01  9.957e-01  9.962e-01  9.965e-01  9.969e-01  9.972e-01  9.974e-01  9.976e-01  9.978e-01  9.979e-01  9.980e-01  9.981e-01  9.982e-01  9.982e-01  9.982e-01  9.981e-01  9.980e-01  9.979e-01  9.977e-01  9.974e-01  9.971e-01  9.967e-01  9.963e-01  9.958e-01  9.952e-01  9.945e-01  9.937e-01  9.929e-01  9.919e-01 	
 5.363e-01  6.798e-01  7.793e-01  8.461e-01  8.903e-01  9.198e-01  9.400e-01  9.541e-01  9.642e-01  9.716e-01  9.771e-01  9.813e-01  9.845e-01  9.870e-01  9.890e-01  9.907e-01  9.920e-01  9.931e-01  9.939e-01  9.947e-01  9.953e-01  9.958e-01  9.963e-01  9.967e-01  9.970e-01  9.973e-01  9.975e-01  9.977e-01  9.979e-01  9.981e-01  9.982e-01  9.983e-01  9.984e-01  9.984e-01  9.984e-01  9.984e-01  9.983e-01  9.982e-01  9.981e-01  9.979e-01  9.976e-01  9.973e-01  9.969e-01  9.965e-01  9.960e-01  9.954e-01  9.947e-01  9.940e-01  9.931e-01  9.922e-01 	
 5.891e-01  7.207e-01  8.090e-01  8.674e-01  9.058e-01  9.313e-01  9.486e-01  9.608e-01  9.694e-01  9.757e-01  9.804e-01  9.840e-01  9.868e-01  9.889e-01  9.907e-01  9.920e-01  9.932e-01  9.941e-01  9.948e-01  9.955e-01  9.960e-01  9.964e-01  9.968e-01  9.972e-01  9.974e-01  9.977e-01  9.979e-01  9.981e-01  9.982e-01  9.983e-01  9.984e-01  9.985e-01  9.986e-01  9.986e-01  9.986e-01  9.985e-01  9.985e-01  9.983e-01  9.982e-01  9.980e-01  9.977e-01  9.974e-01  9.970e-01  9.966e-01  9.961e-01  9.955e-01  9.948e-01  9.941e-01  9.932e-01  9.923e-01 	
 6.409e-01  7.595e-01  8.368e-01  8.872e-01  9.200e-01  9.418e-01  9.565e-01  9.668e-01  9.742e-01  9.795e-01  9.835e-01  9.865e-01  9.888e-01  9.907e-01  9.921e-01  9.933e-01  9.942e-01  9.950e-01  9.956e-01  9.962e-01  9.966e-01  9.970e-01  9.973e-01  9.976e-01  9.978e-01  9.980e-01  9.982e-01  9.984e-01  9.985e-01  9.986e-01  9.986e-01  9.987e-01  9.987e-01  9.987e-01  9.987e-01  9.986e-01  9.985e-01  9.984e-01  9.982e-01  9.980e-01  9.977e-01  9.974e-01  9.970e-01  9.965e-01  9.960e-01  9.954e-01  9.947e-01  9.939e-01  9.930e-01  9.921e-01 	
 6.907e-01  7.957e-01  8.623e-01  9.052e-01  9.330e-01  9.513e-01  9.637e-01  9.723e-01  9.784e-01  9.829e-01  9.862e-01  9.888e-01  9.907e-01  9.922e-01  9.934e-01  9.944e-01  9.952e-01  9.958e-01  9.964e-01  9.968e-01  9.972e-01  9.975e-01  9.978e-01  9.980e-01  9.982e-01  9.983e-01  9.985e-01  9.986e-01  9.987e-01  9.988e-01  9.989e-01  9.989e-01  9.989e-01  9.989e-01  9.989e-01  9.988e-01  9.987e-01  9.986e-01  9.985e-01  9.982e-01  9.980e-01  9.977e-01  9.973e-01  9.969e-01  9.964e-01  9.958e-01  9.951e-01  9.944e-01  9.936e-01  9.926e-01 	
 7.373e-01  8.286e-01  8.852e-01  9.213e-01  9.444e-01  9.597e-01  9.700e-01  9.771e-01  9.822e-01  9.859e-01  9.886e-01  9.907e-01  9.923e-01  9.936e-01  9.946e-01  9.954e-01  9.960e-01  9.965e-01  9.970e-01  9.973e-01  9.977e-01  9.979e-01  9.981e-01  9.983e-01  9.985e-01  9.986e-01  9.987e-01  9.988e-01  9.989e-01  9.990e-01  9.990e-01  9.990e-01  9.990e-01  9.990e-01  9.989e-01  9.988e-01  9.987e-01  9.986e-01  9.984e-01  9.981e-01  9.978e-01  9.975e-01  9.970e-01  9.965e-01  9.960e-01  9.954e-01  9.946e-01  9.939e-01  9.930e-01  9.920e-01 	
 7.803e-01  8.583e-01  9.056e-01  9.354e-01  9.545e-01  9.670e-01  9.755e-01  9.813e-01  9.855e-01  9.885e-01  9.907e-01  9.924e-01  9.937e-01  9.948e-01  9.956e-01  9.962e-01  9.967e-01  9.972e-01  9.975e-01  9.978e-01  9.981e-01  9.983e-01  9.985e-01  9.986e-01  9.988e-01  9.989e-01  9.990e-01  9.990e-01  9.991e-01  9.992e-01  9.992e-01  9.992e-01  9.992e-01  9.992e-01  9.991e-01  9.991e-01  9.990e-01  9.988e-01  9.987e-01  9.985e-01  9.982e-01  9.979e-01  9.975e-01  9.971e-01  9.966e-01  9.960e-01  9.954e-01  9.947e-01  9.939e-01  9.930e-01 	
 8.186e-01  8.841e-01  9.232e-01  9.476e-01  9.632e-01  9.733e-01  9.802e-01  9.849e-01  9.882e-01  9.907e-01  9.925e-01  9.939e-01  9.949e-01  9.958e-01  9.964e-01  9.969e-01  9.974e-01  9.977e-01  9.980e-01  9.982e-01  9.984e-01  9.986e-01  9.987e-01  9.989e-01  9.990e-01  9.991e-01  9.991e-01  9.992e-01  9.992e-01  9.993e-01  9.993e-01  9.993e-01  9.992e-01  9.992e-01  9.991e-01  9.990e-01  9.989e-01  9.987e-01  9.985e-01  9.982e-01  9.979e-01  9.975e-01  9.971e-01  9.966e-01  9.960e-01  9.954e-01  9.946e-01  9.938e-01  9.930e-01  9.920e-01 	
 8.526e-01  9.066e-01  9.383e-01  9.580e-01  9.705e-01  9.787e-01  9.841e-01  9.879e-01  9.906e-01  9.925e-01  9.940e-01  9.951e-01  9.959e-01  9.966e-01  9.971e-01  9.975e-01  9.979e-01  9.981e-01  9.984e-01  9.986e-01  9.987e-01  9.989e-01  9.990e-01  9.991e-01  9.992e-01  9.992e-01  9.993e-01  9.993e-01  9.994e-01  9.994e-01  9.994e-01  9.994e-01  9.994e-01  9.994e-01  9.993e-01  9.992e-01  9.991e-01  9.990e-01  9.988e-01  9.986e-01  9.983e-01  9.980e-01  9.977e-01  9.972e-01  9.967e-01  9.962e-01  9.955e-01  9.948e-01  9.940e-01  9.931e-01 	
 8.814e-01  9.254e-01  9.509e-01  9.666e-01  9.766e-01  9.830e-01  9.874e-01  9.904e-01  9.925e-01  9.941e-01  9.952e-01  9.961e-01  9.968e-01  9.973e-01  9.977e-01  9.980e-01  9.983e-01  9.985e-01  9.987e-01  9.988e-01  9.990e-01  9.991e-01  9.992e-01  9.992e-01  9.993e-01  9.994e-01  9.994e-01  9.994e-01  9.995e-01  9.995e-01  9.995e-01  9.994e-01  9.994e-01  9.993e-01  9.992e-01  9.991e-01  9.990e-01  9.988e-01  9.986e-01  9.983e-01  9.980e-01  9.976e-01  9.971e-01  9.966e-01  9.961e-01  9.954e-01  9.947e-01  9.939e-01  9.930e-01  9.920e-01 	
 9.059e-01  9.410e-01  9.612e-01  9.737e-01  9.815e-01  9.866e-01  9.901e-01  9.924e-01  9.941e-01  9.953e-01  9.962e-01  9.969e-01  9.974e-01  9.978e-01  9.982e-01  9.984e-01  9.986e-01  9.988e-01  9.990e-01  9.991e-01  9.992e-01  9.993e-01  9.993e-01  9.994e-01  9.994e-01  9.995e-01  9.995e-01  9.995e-01  9.996e-01  9.996e-01  9.996e-01  9.995e-01  9.995e-01  9.995e-01  9.994e-01  9.993e-01  9.992e-01  9.990e-01  9.988e-01  9.986e-01  9.983e-01  9.980e-01  9.976e-01  9.972e-01  9.967e-01  9.961e-01  9.954e-01  9.947e-01  9.939e-01  9.930e-01 	
 9.257e-01  9.536e-01  9.695e-01  9.793e-01  9.855e-01  9.895e-01  9.922e-01  9.940e-01  9.953e-01  9.963e-01  9.970e-01  9.975e-01  9.980e-01  9.983e-01  9.985e-01  9.987e-01  9.989e-01  9.990e-01  9.992e-01  9.992e-01  9.993e-01  9.994e-01  9.994e-01  9.995e-01  9.995e-01  9.996e-01  9.996e-01  9.996e-01  9.996e-01  9.996e-01  9.996e-01  9.996e-01  9.995e-01  9.994e-01  9.993e-01  9.992e-01  9.991e-01  9.989e-01  9.986e-01  9.984e-01  9.980e-01  9.977e-01  9.972e-01  9.967e-01  9.961e-01  9.955e-01  9.948e-01  9.940e-01  9.931e-01  9.921e-01 	
 9.418e-01  9.636e-01  9.761e-01  9.837e-01  9.886e-01  9.917e-01  9.938e-01  9.953e-01  9.963e-01  9.971e-01  9.976e-01  9.981e-01  9.984e-01  9.986e-01  9.988e-01  9.990e-01  9.991e-01  9.992e-01  9.993e-01  9.994e-01  9.994e-01  9.995e-01  9.995e-01  9.996e-01  9.996e-01  9.996e-01  9.997e-01  9.997e-01  9.997e-01  9.997e-01  9.996e-01  9.996e-01  9.996e-01  9.995e-01  9.994e-01  9.993e-01  9.992e-01  9.990e-01  9.988e-01  9.986e-01  9.983e-01  9.979e-01  9.975e-01  9.970e-01  9.965e-01  9.959e-01  9.952e-01  9.944e-01  9.936e-01  9.927e-01 	
 9.543e-01  9.714e-01  9.812e-01  9.872e-01  9.910e-01  9.934e-01  9.951e-01  9.963e-01  9.971e-01  9.977e-01  9.981e-01  9.984e-01  9.987e-01  9.989e-01  9.991e-01  9.992e-01  9.993e-01  9.994e-01  9.994e-01  9.995e-01  9.995e-01  9.996e-01  9.996e-01  9.996e-01  9.997e-01  9.997e-01  9.997e-01  9.997e-01  9.997e-01  9.997e-01  9.997e-01  9.996e-01  9.996e-01  9.995e-01  9.994e-01  9.993e-01  9.991e-01  9.989e-01  9.987e-01  9.984e-01  9.981e-01  9.977e-01  9.973e-01  9.968e-01  9.962e-01  9.956e-01  9.949e-01  9.941e-01  9.932e-01  9.922e-01 	
 9.640e-01  9.773e-01  9.850e-01  9.898e-01  9.928e-01  9.948e-01  9.961e-01  9.970e-01  9.976e-01  9.981e-01  9.985e-01  9.987e-01  9.989e-01  9.991e-01  9.992e-01  9.993e-01  9.994e-01  9.995e-01  9.995e-01  9.996e-01  9.996e-01  9.996e-01  9.997e-01  9.997e-01  9.997e-01  9.997e-01  9.997e-01  9.997e-01  9.997e-01  9.997e-01  9.997e-01  9.997e-01  9.996e-01  9.995e-01  9.994e-01  9.993e-01  9.992e-01  9.990e-01  9.988e-01  9.985e-01  9.982e-01  9.978e-01  9.974e-01  9.969e-01  9.963e-01  9.957e-01  9.950e-01  9.942e-01  9.933e-01  9.924e-01 	
 9.713e-01  9.818e-01  9.879e-01  9.917e-01  9.942e-01  9.957e-01  9.968e-01  9.975e-01  9.981e-01  9.985e-01  9.987e-01  9.990e-01  9.991e-01  9.992e-01  9.994e-01  9.994e-01  9.995e-01  9.996e-01  9.996e-01  9.996e-01  9.997e-01  9.997e-01  9.997e-01  9.997e-01  9.997e-01  9.998e-01  9.998e-01  9.998e-01  9.998e-01  9.997e-01  9.997e-01  9.997e-01  9.996e-01  9.995e-01  9.994e-01  9.993e-01  9.992e-01  9.990e-01  9.988e-01  9.985e-01  9.982e-01  9.978e-01  9.974e-01  9.969e-01  9.963e-01  9.957e-01  9.950e-01  9.942e-01  9.933e-01  9.924e-01 	
 9.767e-01  9.852e-01  9.901e-01  9.932e-01  9.952e-01  9.965e-01  9.973e-01  9.980e-01  9.984e-01  9.987e-01  9.989e-01  9.991e-01  9.993e-01  9.994e-01  9.994e-01  9.995e-01  9.996e-01  9.996e-01  9.997e-01  9.997e-01  9.997e-01  9.997e-01  9.997e-01  9.998e-01  9.998e-01  9.998e-01  9.998e-01  9.998e-01  9.998e-01  9.997e-01  9.997e-01  9.997e-01  9.996e-01  9.995e-01  9.994e-01  9.993e-01  9.991e-01  9.989e-01  9.987e-01  9.984e-01  9.981e-01  9.977e-01  9.972e-01  9.967e-01  9.961e-01  9.955e-01  9.948e-01  9.940e-01  9.931e-01  9.921e-01 	
 9.808e-01  9.876e-01  9.917e-01  9.943e-01  9.959e-01  9.970e-01  9.977e-01  9.983e-01  9.986e-01  9.989e-01  9.991e-01  9.992e-01  9.994e-01  9.994e-01  9.995e-01  9.996e-01  9.996e-01  9.997e-01  9.997e-01  9.997e-01  9.997e-01  9.998e-01  9.998e-01  9.998e-01  9.998e-01  9.998e-01  9.998e-01  9.998e-01  9.998e-01  9.998e-01  9.997e-01  9.997e-01  9.997e-01  9.996e-01  9.995e-01  9.994e-01  9.992e-01  9.990e-01  9.988e-01  9.986e-01  9.982e-01  9.979e-01  9.975e-01  9.970e-01  9.964e-01  9.958e-01  9.951e-01  9.943e-01  9.935e-01  9.925e-01 	
 9.838e-01  9.895e-01  9.929e-01  9.951e-01  9.965e-01  9.974e-01  9.980e-01  9.985e-01  9.988e-01  9.990e-01  9.992e-01  9.993e-01  9.994e-01  9.995e-01  9.996e-01  9.996e-01  9.997e-01  9.997e-01  9.997e-01  9.997e-01  9.998e-01  9.998e-01  9.998e-01  9.998e-01  9.998e-01  9.998e-01  9.998e-01  9.998e-01  9.998e-01  9.998e-01  9.997e-01  9.997e-01  9.996e-01  9.995e-01  9.994e-01  9.993e-01  9.991e-01  9.989e-01  9.986e-01  9.983e-01  9.980e-01  9.976e-01  9.971e-01  9.966e-01  9.960e-01  9.953e-01  9.946e-01  9.938e-01  9.929e-01  9.919e-01 	
 9.860e-01  9.908e-01  9.938e-01  9.957e-01  9.969e-01  9.977e-01  9.983e-01  9.987e-01  9.989e-01  9.991e-01  9.993e-01  9.994e-01  9.995e-01  9.996e-01  9.996e-01  9.996e-01  9.997e-01  9.997e-01  9.997e-01  9.998e-01  9.998e-01  9.998e-01  9.998e-01  9.998e-01  9.998e-01  9.998e-01  9.998e-01  9.998e-01  9.998e-01  9.998e-01  9.998e-01  9.997e-01  9.997e-01  9.996e-01  9.995e-01  9.994e-01  9.993e-01  9.991e-01  9.989e-01  9.986e-01  9.983e-01  9.980e-01  9.976e-01  9.971e-01  9.965e-01  9.959e-01  9.953e-01  9.945e-01  9.936e-01  9.927e-01 	
 9.876e-01  9.919e-01  9.944e-01  9.961e-01  9.972e-01  9.979e-01  9.984e-01  9.988e-01  9.990e-01  9.992e-01  9.993e-01  9.994e-01  9.995e-01  9.996e-01  9.996e-01  9.997e-01  9.997e-01  9.997e-01  9.998e-01  9.998e-01  9.998e-01  9.998e-01  9.998e-01  9.998e-01  9.998e-01  9.998e-01  9.998e-01  9.998e-01  9.998e-01  9.998e-01  9.997e-01  9.997e-01  9.996e-01  9.995e-01  9.994e-01  9.992e-01  9.991e-01  9.989e-01  9.986e-01  9.983e-01  9.979e-01  9.975e-01  9.971e-01  9.965e-01  9.959e-01  9.952e-01  9.945e-01  9.937e-01  9.927e-01  9.917e-01 	
 9.889e-01  9.926e-01  9.950e-01  9.965e-01  9.975e-01  9.981e-01  9.986e-01  9.989e-01  9.991e-01  9.993e-01  9.994e-01  9.995e-01  9.996e-01  9.996e-01  9.997e-01  9.997e-01  9.997e-01  9.997e-01  9.998e-01  9.998e-01  9.998e-01  9.998e-01  9.998e-01  9.998e-01  9.998e-01  9.998e-01  9.998e-01  9.998e-01  9.998e-01  9.998e-01  9.998e-01  9.997e-01  9.997e-01  9.996e-01  9.995e-01  9.994e-01  9.993e-01  9.991e-01  9.989e-01  9.986e-01  9.983e-01  9.980e-01  9.976e-01  9.971e-01  9.966e-01  9.960e-01  9.953e-01  9.945e-01  9.937e-01  9.928e-01 	
 9.899e-01  9.933e-01  9.954e-01  9.967e-01  9.976e-01  9.982e-01  9.987e-01  9.990e-01  9.992e-01  9.993e-01  9.994e-01  9.995e-01  9.996e-01  9.996e-01  9.997e-01  9.997e-01  9.997e-01  9.998e-01  9.998e-01  9.998e-01  9.998e-01  9.998e-01  9.998e-01  9.998e-01  9.998e-01  9.998e-01  9.998e-01  9.998e-01  9.998e-01  9.998e-01  9.997e-01  9.997e-01  9.996e-01  9.995e-01  9.994e-01  9.992e-01  9.991e-01  9.988e-01  9.986e-01  9.983e-01  9.979e-01  9.975e-01  9.970e-01  9.965e-01  9.959e-01  9.952e-01  9.944e-01  9.936e-01  9.927e-01  9.917e-01 	
 9.907e-01  9.937e-01  9.957e-01  9.969e-01  9.978e-01  9.984e-01  9.987e-01  9.990e-01  9.992e-01  9.994e-01  9.995e-01  9.995e-01  9.996e-01  9.997e-01  9.997e-01  9.997e-01  9.997e-01  9.998e-01  9.998e-01  9.998e-01  9.998e-01  9.998e-01  9.998e-01  9.998e-01  9.998e-01  9.998e-01  9.998e-01  9.998e-01  9.998e-01  9.998e-01  9.998e-01  9.997e-01  9.997e-01  9.996e-01  9.995e-01  9.994e-01  9.992e-01  9.990e-01  9.988e-01  9.986e-01  9.982e-01  9.979e-01  9.975e-01  9.970e-01  9.964e-01  9.958e-01  9.951e-01  9.943e-01  9.935e-01  9.925e-01 	
 9.913e-01  9.941e-01  9.959e-01  9.971e-01  9.979e-01  9.984e-01  9.988e-01  9.991e-01  9.992e-01  9.994e-01  9.995e-01  9.996e-01  9.996e-01  9.997e-01  9.997e-01  9.997e-01  9.998e-01  9.998e-01  9.998e-01  9.998e-01  9.998e-01  9.998e-01  9.998e-01  9.998e-01  9.998e-01  9.998e-01  9.998e-01  9.998e-01  9.998e-01  9.998e-01  9.997e-01  9.997e-01  9.996e-01  9.995e-01  9.994e-01  9.992e-01  9.991e-01  9.989e-01  9.986e-01  9.983e-01  9.979e-01  9.975e-01  9.970e-01  9.965e-01  9.959e-01  9.952e-01  9.945e-01  9.936e-01  9.927e-01  9.917e-01 	
 9.918e-01  9.944e-01  9.961e-01  9.973e-01  9.980e-01  9.985e-01  9.989e-01  9.991e-01  9.993e-01  9.994e-01  9.995e-01  9.996e-01  9.996e-01  9.997e-01  9.997e-01  9.997e-01  9.998e-01  9.998e-01  9.998e-01  9.998e-01  9.998e-01  9.998e-01  9.998e-01  9.998e-01  9.998e-01  9.998e-01  9.998e-01  9.998e-01  9.998e-01  9.998e-01  9.998e-01  9.997e-01  9.996e-01  9.996e-01  9.995e-01  9.993e-01  9.992e-01  9.990e-01  9.987e-01  9.985e-01  9.981e-01  9.977e-01  9.973e-01  9.968e-01  9.962e-01  9.956e-01  9.948e-01  9.940e-01  9.932e-01  9.922e-01 	
 9.922e-01  9.947e-01  9.963e-01  9.974e-01  9.981e-01  9.986e-01  9.989e-01  9.991e-01  9.993e-01  9.994e-01  9.995e-01  9.996e-01  9.996e-01  9.997e-01  9.997e-01  9.997e-01  9.998e-01  9.998e-01  9.998e-01  9.998e-01  9.998e-01  9.998e-01  9.998e-01  9.998e-01  9.998e-01  9.998e-01  9.998e-01  9.998e-01  9.998e-01  9.998e-01  9.997e-01  9.997e-01  9.996e-01  9.995e-01  9.994e-01  9.993e-01  9.991e-01  9.989e-01  9.986e-01  9.983e-01  9.980e-01  9.976e-01  9.971e-01  9.966e-01  9.960e-01  9.953e-01  9.945e-01  9.937e-01  9.928e-01  9.918e-01 	
 9.925e-01  9.949e-01  9.964e-01  9.975e-01  9.982e-01  9.986e-01  9.989e-01  9.992e-01  9.993e-01  9.994e-01  9.995e-01  9.996e-01  9.997e-01  9.997e-01  9.997e-01  9.997e-01  9.998e-01  9.998e-01  9.998e-01  9.998e-01  9.998e-01  9.998e-01  9.998e-01  9.998e-01  9.998e-01  9.998e-01  9.998e-01  9.998e-01  9.998e-01  9.998e-01  9.997e-01  9.997e-01  9.996e-01  9.995e-01  9.994e-01  9.993e-01  9.991e-01  9.989e-01  9.987e-01  9.984e-01  9.980e-01  9.976e-01  9.972e-01  9.966e-01  9.960e-01  9.954e-01  9.946e-01  9.938e-01  9.929e-01  9.919e-01 	
 9.928e-01  9.951e-01  9.966e-01  9.975e-01  9.982e-01  9.987e-01  9.990e-01  9.992e-01  9.993e-01  9.995e-01  9.995e-01  9.996e-01  9.997e-01  9.997e-01  9.997e-01  9.998e-01  9.998e-01  9.998e-01  9.998e-01  9.998e-01  9.998e-01  9.998e-01  9.998e-01  9.998e-01  9.998e-01  9.998e-01  9.998e-01  9.998e-01  9.998e-01  9.998e-01  9.997e-01  9.997e-01  9.996e-01  9.995e-01  9.994e-01  9.993e-01  9.991e-01  9.989e-01  9.987e-01  9.984e-01  9.980e-01  9.976e-01  9.972e-01  9.966e-01  9.961e-01  9.954e-01  9.947e-01  9.938e-01  9.929e-01  9.919e-01 	
 9.930e-01  9.952e-01  9.967e-01  9.976e-01  9.983e-01  9.987e-01  9.990e-01  9.992e-01  9.994e-01  9.995e-01  9.996e-01  9.996e-01  9.997e-01  9.997e-01  9.997e-01  9.998e-01  9.998e-01  9.998e-01  9.998e-01  9.998e-01  9.998e-01  9.998e-01  9.998e-01  9.998e-01  9.998e-01  9.998e-01  9.998e-01  9.998e-01  9.998e-01  9.998e-01  9.997e-01  9.997e-01  9.996e-01  9.995e-01  9.994e-01  9.992e-01  9.991e-01  9.989e-01  9.986e-01  9.983e-01  9.979e-01  9.975e-01  9.970e-01  9.965e-01  9.959e-01  9.952e-01  9.944e-01  9.936e-01  9.927e-01  9.917e-01 	
 9.932e-01  9.954e-01  9.967e-01  9.977e-01  9.983e-01  9.987e-01  9.990e-01  9.992e-01  9.994e-01  9.995e-01  9.996e-01  9.996e-01  9.997e-01  9.997e-01  9.997e-01  9.998e-01  9.998e-01  9.998e-01  9.998e-01  9.998e-01  9.998e-01  9.998e-01  9.998e-01  9.998e-01  9.998e-01  9.998e-01  9.998e-01  9.998e-01  9.998e-01  9.998e-01  9.998e-01  9.997e-01  9.997e-01  9.996e-01  9.995e-01  9.993e-01  9.992e-01  9.990e-01  9.987e-01  9.984e-01  9.981e-01  9.977e-01  9.973e-01  9.968e-01  9.962e-01  9.955e-01  9.948e-01  9.940e-01  9.931e-01  9.921e-01 	
 9.934e-01  9.955e-01  9.968e-01  9.977e-01  9.983e-01  9.987e-01  9.990e-01  9.992e-01  9.994e-01  9.995e-01  9.996e-01  9.996e-01  9.997e-01  9.997e-01  9.997e-01  9.998e-01  9.998e-01  9.998e-01  9.998e-01  9.998e-01  9.998e-01  9.998e-01  9.998e-01  9.998e-01  9.998e-01  9.998e-01  9.998e-01  9.998e-01  9.998e-01  9.998e-01  9.997e-01  9.997e-01  9.996e-01  9.995e-01  9.994e-01  9.992e-01  9.990e-01  9.988e-01  9.985e-01  9.982e-01  9.979e-01  9.974e-01  9.969e-01  9.964e-01  9.958e-01  9.951e-01  9.943e-01  9.935e-01  9.925e-01  9.915e-01 	
 9.935e-01  9.956e-01  9.969e-01  9.978e-01  9.984e-01  9.988e-01  9.990e-01  9.992e-01  9.994e-01  9.995e-01  9.996e-01  9.996e-01  9.997e-01  9.997e-01  9.997e-01  9.998e-01  9.998e-01  9.998e-01  9.998e-01  9.998e-01  9.998e-01  9.998e-01  9.998e-01  9.998e-01  9.999e-01  9.999e-01  9.998e-01  9.998e-01  9.998e-01  9.998e-01  9.998e-01  9.997e-01  9.997e-01  9.996e-01  9.995e-01  9.994e-01  9.992e-01  9.990e-01  9.988e-01  9.985e-01  9.982e-01  9.978e-01  9.974e-01  9.969e-01  9.963e-01  9.957e-01  9.950e-01  9.942e-01  9.933e-01  9.923e-01 	
 9.936e-01  9.956e-01  9.969e-01  9.978e-01  9.984e-01  9.988e-01  9.991e-01  9.993e-01  9.994e-01  9.995e-01  9.996e-01  9.996e-01  9.997e-01  9.997e-01  9.997e-01  9.998e-01  9.998e-01  9.998e-01  9.998e-01  9.998e-01  9.998e-01  9.998e-01  9.998e-01  9.998e-01  9.998e-01  9.998e-01  9.998e-01  9.998e-01  9.998e-01  9.998e-01  9.997e-01  9.997e-01  9.996e-01  9.995e-01  9.994e-01  9.992e-01  9.990e-01  9.988e-01  9.985e-01  9.982e-01  9.978e-01  9.974e-01  9.969e-01  9.963e-01  9.957e-01  9.950e-01  9.942e-01  9.934e-01  9.924e-01  9.914e-01 	
 9.938e-01  9.957e-01  9.969e-01  9.978e-01  9.984e-01  9.988e-01  9.991e-01  9.993e-01  9.994e-01  9.995e-01  9.996e-01  9.996e-01  9.997e-01  9.997e-01  9.997e-01  9.998e-01  9.998e-01  9.998e-01  9.998e-01  9.998e-01  9.998e-01  9.998e-01  9.998e-01  9.999e-01  9.999e-01  9.999e-01  9.998e-01  9.998e-01  9.998e-01  9.998e-01  9.998e-01  9.997e-01  9.997e-01  9.996e-01  9.995e-01  9.994e-01  9.992e-01  9.990e-01  9.988e-01  9.985e-01  9.982e-01  9.979e-01  9.974e-01  9.969e-01  9.964e-01  9.957e-01  9.950e-01  9.943e-01  9.934e-01  9.924e-01 	
 9.938e-01  9.957e-01  9.970e-01  9.978e-01  9.984e-01  9.988e-01  9.991e-01  9.993e-01  9.994e-01  9.995e-01  9.996e-01  9.996e-01  9.997e-01  9.997e-01  9.997e-01  9.998e-01  9.998e-01  9.998e-01  9.998e-01  9.998e-01  9.998e-01  9.998e-01  9.998e-01  9.998e-01  9.998e-01  9.998e-01  9.998e-01  9.998e-01  9.998e-01  9.998e-01  9.997e-01  9.997e-01  9.996e-01  9.995e-01  9.994e-01  9.992e-01  9.990e-01  9.988e-01  9.985e-01  9.982e-01  9.978e-01  9.974e-01  9.969e-01  9.963e-01  9.957e-01  9.950e-01  9.942e-01  9.934e-01  9.924e-01  9.914e-01 	
 9.939e-01  9.958e-01  9.970e-01  9.979e-01  9.984e-01  9.988e-01  9.991e-01  9.993e-01  9.994e-01  9.995e-01  9.996e-01  9.996e-01  9.997e-01  9.997e-01  9.997e-01  9.998e-01  9.998e-01  9.998e-01  9.998e-01  9.998e-01  9.998e-01  9.998e-01  9.998e-01  9.999e-01  9.999e-01  9.999e-01  9.998e-01  9.998e-01  9.998e-01  9.998e-01  9.998e-01  9.997e-01  9.997e-01  9.996e-01  9.995e-01  9.994e-01  9.992e-01  9.990e-01  9.988e-01  9.985e-01  9.982e-01  9.978e-01  9.973e-01  9.968e-01  9.963e-01  9.956e-01  9.949e-01  9.941e-01  9.932e-01  9.922e-01 	
 9.940e-01  9.958e-01  9.970e-01  9.979e-01  9.984e-01  9.988e-01  9.991e-01  9.993e-01  9.994e-01  9.995e-01  9.996e-01  9.996e-01  9.997e-01  9.997e-01  9.997e-01  9.998e-01  9.998e-01  9.998e-01  9.998e-01  9.998e-01  9.998e-01  9.998e-01  9.998e-01  9.998e-01  9.998e-01  9.998e-01  9.998e-01  9.998e-01  9.998e-01  9.998e-01  9.997e-01  9.997e-01  9.996e-01  9.995e-01  9.994e-01  9.992e-01  9.990e-01  9.988e-01  9.985e-01  9.982e-01  9.978e-01  9.974e-01  9.969e-01  9.964e-01  9.958e-01  9.951e-01  9.943e-01  9.934e-01  9.925e-01  9.915e-01 	
 9.941e-01  9.959e-01  9.971e-01  9.979e-01  9.985e-01  9.988e-01  9.991e-01  9.993e-01  9.994e-01  9.995e-01  9.996e-01  9.996e-01  9.997e-01  9.997e-01  9.998e-01  9.998e-01  9.998e-01  9.998e-01  9.998e-01  9.998e-01  9.998e-01  9.998e-01  9.998e-01  9.999e-01  9.999e-01  9.999e-01  9.998e-01  9.998e-01  9.998e-01  9.998e-01  9.998e-01  9.997e-01  9.996e-01  9.996e-01  9.994e-01  9.993e-01  9.991e-01  9.989e-01  9.987e-01  9.984e-01  9.981e-01  9.977e-01  9.972e-01  9.967e-01  9.961e-01  9.954e-01  9.947e-01  9.939e-01  9.930e-01  9.920e-01 	
 9.941e-01  9.959e-01  9.971e-01  9.979e-01  9.985e-01  9.988e-01  9.991e-01  9.993e-01  9.994e-01  9.995e-01  9.996e-01  9.996e-01  9.997e-01  9.997e-01  9.998e-01  9.998e-01  9.998e-01  9.998e-01  9.998e-01  9.998e-01  9.998e-01  9.998e-01  9.998e-01  9.999e-01  9.999e-01  9.998e-01  9.998e-01  9.998e-01  9.998e-01  9.998e-01  9.997e-01  9.997e-01  9.996e-01  9.995e-01  9.994e-01  9.992e-01  9.991e-01  9.988e-01  9.986e-01  9.983e-01  9.979e-01  9.975e-01  9.970e-01  9.965e-01  9.958e-01  9.952e-01  9.944e-01  9.935e-01  9.926e-01  9.916e-01 	
 9.942e-01  9.960e-01  9.971e-01  9.979e-01  9.985e-01  9.989e-01  9.991e-01  9.993e-01  9.994e-01  9.995e-01  9.996e-01  9.996e-01  9.997e-01  9.997e-01  9.998e-01  9.998e-01  9.998e-01  9.998e-01  9.998e-01  9.998e-01  9.998e-01  9.998e-01  9.998e-01  9.999e-01  9.999e-01  9.998e-01  9.998e-01  9.998e-01  9.998e-01  9.998e-01  9.997e-01  9.997e-01  9.996e-01  9.995e-01  9.994e-01  9.993e-01  9.991e-01  9.989e-01  9.986e-01  9.983e-01  9.980e-01  9.975e-01  9.971e-01  9.965e-01  9.959e-01  9.952e-01  9.945e-01  9.937e-01  9.927e-01  9.917e-01 	
 9.942e-01  9.960e-01  9.971e-01  9.979e-01  9.985e-01  9.989e-01  9.991e-01  9.993e-01  9.994e-01  9.995e-01  9.996e-01  9.997e-01  9.997e-01  9.997e-01  9.998e-01  9.998e-01  9.998e-01  9.998e-01  9.998e-01  9.998e-01  9.998e-01  9.998e-01  9.998e-01  9.999e-01  9.999e-01  9.998e-01  9.998e-01  9.998e-01  9.998e-01  9.998e-01  9.997e-01  9.997e-01  9.996e-01  9.995e-01  9.994e-01  9.993e-01  9.991e-01  9.989e-01  9.986e-01  9.983e-01  9.980e-01  9.976e-01  9.971e-01  9.966e-01  9.960e-01  9.953e-01  9.946e-01  9.937e-01  9.928e-01  9.918e-01 	
 9.943e-01  9.960e-01  9.972e-01  9.980e-01  9.985e-01  9.989e-01  9.991e-01  9.993e-01  9.994e-01  9.995e-01  9.996e-01  9.997e-01  9.997e-01  9.997e-01  9.998e-01  9.998e-01  9.998e-01  9.998e-01  9.998e-01  9.998e-01  9.998e-01  9.998e-01  9.998e-01  9.999e-01  9.999e-01  9.998e-01  9.998e-01  9.998e-01  9.998e-01  9.998e-01  9.997e-01  9.997e-01  9.996e-01  9.995e-01  9.994e-01  9.992e-01  9.990e-01  9.988e-01  9.986e-01  9.982e-01  9.979e-01  9.975e-01  9.970e-01  9.964e-01  9.958e-01  9.951e-01  9.943e-01  9.935e-01  9.925e-01  9.915e-01 	
 9.943e-01  9.960e-01  9.972e-01  9.980e-01  9.985e-01  9.989e-01  9.991e-01  9.993e-01  9.994e-01  9.995e-01  9.996e-01  9.997e-01  9.997e-01  9.997e-01  9.998e-01  9.998e-01  9.998e-01  9.998e-01  9.998e-01  9.998e-01  9.998e-01  9.998e-01  9.998e-01  9.999e-01  9.999e-01  9.999e-01  9.998e-01  9.998e-01  9.998e-01  9.998e-01  9.998e-01  9.997e-01  9.996e-01  9.996e-01  9.995e-01  9.993e-01  9.992e-01  9.989e-01  9.987e-01  9.984e-01  9.981e-01  9.977e-01  9.972e-01  9.967e-01  9.961e-01  9.955e-01  9.947e-01  9.939e-01  9.930e-01  9.920e-01 	
 9.944e-01  9.961e-01  9.972e-01  9.980e-01  9.985e-01  9.989e-01  9.991e-01  9.993e-01  9.994e-01  9.995e-01  9.996e-01  9.997e-01  9.997e-01  9.997e-01  9.998e-01  9.998e-01  9.998e-01  9.998e-01  9.998e-01  9.998e-01  9.998e-01  9.998e-01  9.998e-01  9.999e-01  9.999e-01  9.998e-01  9.998e-01  9.998e-01  9.998e-01  9.998e-01  9.997e-01  9.997e-01  9.996e-01  9.995e-01  9.994e-01  9.992e-01  9.990e-01  9.988e-01  9.985e-01  9.982e-01  9.978e-01  9.974e-01  9.969e-01  9.963e-01  9.957e-01  9.950e-01  9.942e-01  9.934e-01  9.924e-01  9.914e-01 	
 9.944e-01  9.961e-01  9.972e-01  9.980e-01  9.985e-01  9.989e-01  9.991e-01  9.993e-01  9.994e-01  9.995e-01  9.996e-01  9.997e-01  9.997e-01  9.997e-01  9.998e-01  9.998e-01  9.998e-01  9.998e-01  9.998e-01  9.998e-01  9.998e-01  9.998e-01  9.999e-01  9.999e-01  9.999e-01  9.999e-01  9.998e-01  9.998e-01  9.998e-01  9.998e-01  9.998e-01  9.997e-01  9.997e-01  9.996e-01  9.995e-01  9.994e-01  9.992e-01  9.990e-01  9.988e-01  9.985e-01  9.982e-01  9.978e-01  9.973e-01  9.968e-01  9.963e-01  9.956e-01  9.949e-01  9.941e-01  9.932e-01  9.923e-01 	
 9.944e-01  9.961e-01  9.972e-01  9.980e-01  9.985e-01  9.989e-01  9.991e-01  9.993e-01  9.994e-01  9.995e-01  9.996e-01  9.997e-01  9.997e-01  9.997e-01  9.998e-01  9.998e-01  9.998e-01  9.998e-01  9.998e-01  9.998e-01  9.998e-01  9.998e-01  9.998e-01  9.999e-01  9.999e-01  9.998e-01  9.998e-01  9.998e-01  9.998e-01  9.998e-01  9.997e-01  9.997e-01  9.996e-01  9.995e-01  9.994e-01  9.992e-01  9.990e-01  9.988e-01  9.985e-01  9.982e-01  9.978e-01  9.974e-01  9.969e-01  9.963e-01  9.957e-01  9.950e-01  9.942e-01  9.933e-01  9.924e-01  9.913e-01 	
 9.945e-01  9.962e-01  9.973e-01  9.980e-01  9.985e-01  9.989e-01  9.991e-01  9.993e-01  9.994e-01  9.995e-01  9.996e-01  9.997e-01  9.997e-01  9.997e-01  9.998e-01  9.998e-01  9.998e-01  9.998e-01  9.998e-01  9.998e-01  9.998e-01  9.998e-01  9.999e-01  9.999e-01  9.999e-01  9.999e-01  9.999e-01  9.998e-01  9.998e-01  9.998e-01  9.998e-01  9.997e-01  9.997e-01  9.996e-01  9.995e-01  9.994e-01  9.992e-01  9.990e-01  9.988e-01  9.985e-01  9.982e-01  9.978e-01  9.974e-01  9.969e-01  9.963e-01  9.957e-01  9.950e-01  9.942e-01  9.933e-01  9.923e-01 	
 9.945e-01  9.962e-01  9.973e-01  9.980e-01  9.985e-01  9.989e-01  9.991e-01  9.993e-01  9.994e-01  9.995e-01  9.996e-01  9.997e-01  9.997e-01  9.997e-01  9.998e-01  9.998e-01  9.998e-01  9.998e-01  9.998e-01  9.998e-01  9.998e-01  9.998e-01  9.998e-01  9.999e-01  9.999e-01  9.998e-01  9.998e-01  9.998e-01  9.998e-01  9.998e-01  9.997e-01  9.997e-01  9.996e-01  9.995e-01  9.994e-01  9.992e-01  9.990e-01  9.988e-01  9.985e-01  9.982e-01  9.978e-01  9.974e-01  9.969e-01  9.963e-01  9.957e-01  9.950e-01  9.942e-01  9.933e-01  9.924e-01  9.913e-01 	
 9.946e-01  9.962e-01  9.973e-01  9.980e-01  9.986e-01  9.989e-01  9.992e-01  9.993e-01  9.994e-01  9.995e-01  9.996e-01  9.997e-01  9.997e-01  9.997e-01  9.998e-01  9.998e-01  9.998e-01  9.998e-01  9.998e-01  9.998e-01  9.998e-01  9.998e-01  9.999e-01  9.999e-01  9.999e-01  9.999e-01  9.998e-01  9.998e-01  9.998e-01  9.998e-01  9.998e-01  9.997e-01  9.997e-01  9.996e-01  9.995e-01  9.993e-01  9.992e-01  9.990e-01  9.987e-01  9.985e-01  9.981e-01  9.977e-01  9.973e-01  9.968e-01  9.962e-01  9.956e-01  9.948e-01  9.940e-01  9.931e-01  9.922e-01 	
 9.946e-01  9.962e-01  9.973e-01  9.980e-01  9.986e-01  9.989e-01  9.992e-01  9.993e-01  9.994e-01  9.995e-01  9.996e-01  9.997e-01  9.997e-01  9.997e-01  9.998e-01  9.998e-01  9.998e-01  9.998e-01  9.998e-01  9.998e-01  9.998e-01  9.998e-01  9.999e-01  9.999e-01  9.999e-01  9.998e-01  9.998e-01  9.998e-01  9.998e-01  9.998e-01  9.997e-01  9.997e-01  9.996e-01  9.995e-01  9.994e-01  9.992e-01  9.990e-01  9.988e-01  9.985e-01  9.982e-01  9.978e-01  9.974e-01  9.969e-01  9.964e-01  9.957e-01  9.950e-01  9.942e-01  9.934e-01  9.924e-01  9.914e-01 	
 9.946e-01  9.962e-01  9.973e-01  9.981e-01  9.986e-01  9.989e-01  9.992e-01  9.993e-01  9.995e-01  9.995e-01  9.996e-01  9.997e-01  9.997e-01  9.997e-01  9.998e-01  9.998e-01  9.998e-01  9.998e-01  9.998e-01  9.998e-01  9.998e-01  9.998e-01  9.999e-01  9.999e-01  9.999e-01  9.999e-01  9.998e-01  9.998e-01  9.998e-01  9.998e-01  9.998e-01  9.997e-01  9.996e-01  9.995e-01  9.994e-01  9.993e-01  9.991e-01  9.989e-01  9.987e-01  9.984e-01  9.980e-01  9.976e-01  9.972e-01  9.966e-01  9.960e-01  9.954e-01  9.946e-01  9.938e-01  9.929e-01  9.919e-01 	
 9.947e-01  9.963e-01  9.973e-01  9.981e-01  9.986e-01  9.989e-01  9.992e-01  9.993e-01  9.995e-01  9.995e-01  9.996e-01  9.997e-01  9.997e-01  9.997e-01  9.998e-01  9.998e-01  9.998e-01  9.998e-01  9.998e-01  9.998e-01  9.998e-01  9.998e-01  9.999e-01  9.999e-01  9.999e-01  9.998e-01  9.998e-01  9.998e-01  9.998e-01  9.998e-01  9.997e-01  9.997e-01  9.996e-01  9.995e-01  9.994e-01  9.992e-01  9.990e-01  9.988e-01  9.986e-01  9.982e-01  9.979e-01  9.974e-01  9.970e-01  9.964e-01  9.958e-01  9.951e-01  9.943e-01  9.935e-01  9.925e-01  9.915e-01 	
 9.947e-01  9.963e-01  9.973e-01  9.981e-01  9.986e-01  9.989e-01  9.992e-01  9.993e-01  9.995e-01  9.995e-01  9.996e-01  9.997e-01  9.997e-01  9.997e-01  9.998e-01  9.998e-01  9.998e-01  9.998e-01  9.998e-01  9.998e-01  9.998e-01  9.998e-01  9.999e-01  9.999e-01  9.999e-01  9.999e-01  9.998e-01  9.998e-01  9.998e-01  9.998e-01  9.998e-01  9.997e-01  9.996e-01  9.995e-01  9.994e-01  9.993e-01  9.991e-01  9.989e-01  9.987e-01  9.984e-01  9.980e-01  9.976e-01  9.971e-01  9.966e-01  9.960e-01  9.953e-01  9.946e-01  9.937e-01  9.928e-01  9.918e-01 	
 9.948e-01  9.963e-01  9.974e-01  9.981e-01  9.986e-01  9.989e-01  9.992e-01  9.993e-01  9.995e-01  9.995e-01  9.996e-01  9.997e-01  9.997e-01  9.997e-01  9.998e-01  9.998e-01  9.998e-01  9.998e-01  9.998e-01  9.998e-01  9.998e-01  9.998e-01  9.999e-01  9.999e-01  9.999e-01  9.999e-01  9.999e-01  9.998e-01  9.998e-01  9.998e-01  9.998e-01  9.997e-01  9.997e-01  9.996e-01  9.995e-01  9.994e-01  9.992e-01  9.990e-01  9.988e-01  9.985e-01  9.982e-01  9.978e-01  9.974e-01  9.969e-01  9.963e-01  9.957e-01  9.949e-01  9.942e-01  9.933e-01  9.923e-01 	
 9.948e-01  9.963e-01  9.974e-01  9.981e-01  9.986e-01  9.989e-01  9.992e-01  9.993e-01  9.995e-01  9.996e-01  9.996e-01  9.997e-01  9.997e-01  9.997e-01  9.998e-01  9.998e-01  9.998e-01  9.998e-01  9.998e-01  9.998e-01  9.998e-01  9.998e-01  9.999e-01  9.999e-01  9.999e-01  9.998e-01  9.998e-01  9.998e-01  9.998e-01  9.998e-01  9.997e-01  9.996e-01  9.996e-01  9.995e-01  9.993e-01  9.992e-01  9.990e-01  9.987e-01  9.984e-01  9.981e-01  9.977e-01  9.973e-01  9.968e-01  9.962e-01  9.955e-01  9.948e-01  9.940e-01  9.931e-01  9.922e-01  9.911e-01 	
 9.949e-01  9.964e-01  9.974e-01  9.981e-01  9.986e-01  9.989e-01  9.992e-01  9.993e-01  9.995e-01  9.996e-01  9.996e-01  9.997e-01  9.997e-01  9.997e-01  9.998e-01  9.998e-01  9.998e-01  9.998e-01  9.998e-01  9.998e-01  9.998e-01  9.998e-01  9.999e-01  9.999e-01  9.999e-01  9.999e-01  9.999e-01  9.998e-01  9.998e-01  9.998e-01  9.998e-01  9.997e-01  9.997e-01  9.996e-01  9.995e-01  9.994e-01  9.992e-01  9.990e-01  9.988e-01  9.985e-01  9.982e-01  9.978e-01  9.974e-01  9.969e-01  9.963e-01  9.957e-01  9.950e-01  9.942e-01  9.933e-01  9.923e-01 	
 9.949e-01  9.964e-01  9.974e-01  9.981e-01  9.986e-01  9.989e-01  9.992e-01  9.993e-01  9.995e-01  9.996e-01  9.996e-01  9.997e-01  9.997e-01  9.997e-01  9.998e-01  9.998e-01  9.998e-01  9.998e-01  9.998e-01  9.998e-01  9.998e-01  9.998e-01  9.999e-01  9.999e-01  9.999e-01  9.998e-01  9.998e-01  9.998e-01  9.998e-01  9.998e-01  9.997e-01  9.996e-01  9.995e-01  9.994e-01  9.993e-01  9.991e-01  9.989e-01  9.987e-01  9.984e-01  9.980e-01  9.976e-01  9.972e-01  9.967e-01  9.961e-01  9.954e-01  9.947e-01  9.939e-01  9.930e-01  9.920e-01  9.910e-01 	
 9.949e-01  9.964e-01  9.974e-01  9.981e-01  9.986e-01  9.990e-01  9.992e-01  9.994e-01  9.995e-01  9.996e-01  9.996e-01  9.997e-01  9.997e-01  9.997e-01  9.998e-01  9.998e-01  9.998e-01  9.998e-01  9.998e-01  9.998e-01  9.998e-01  9.998e-01  9.999e-01  9.999e-01  9.999e-01  9.999e-01  9.999e-01  9.998e-01  9.998e-01  9.998e-01  9.998e-01  9.997e-01  9.997e-01  9.996e-01  9.995e-01  9.993e-01  9.992e-01  9.990e-01  9.988e-01  9.985e-01  9.981e-01  9.978e-01  9.973e-01  9.968e-01  9.962e-01  9.956e-01  9.949e-01  9.941e-01  9.932e-01  9.922e-01 	
 9.950e-01  9.964e-01  9.974e-01  9.981e-01  9.986e-01  9.990e-01  9.992e-01  9.994e-01  9.995e-01  9.996e-01  9.996e-01  9.997e-01  9.997e-01  9.997e-01  9.998e-01  9.998e-01  9.998e-01  9.998e-01  9.998e-01  9.998e-01  9.998e-01  9.998e-01  9.999e-01  9.999e-01  9.999e-01  9.998e-01  9.998e-01  9.998e-01  9.998e-01  9.998e-01  9.997e-01  9.997e-01  9.996e-01  9.995e-01  9.994e-01  9.992e-01  9.990e-01  9.988e-01  9.985e-01  9.982e-01  9.978e-01  9.973e-01  9.968e-01  9.963e-01  9.956e-01  9.949e-01  9.942e-01  9.933e-01  9.923e-01  9.913e-01 	
 9.950e-01  9.965e-01  9.975e-01  9.982e-01  9.986e-01  9.990e-01  9.992e-01  9.994e-01  9.995e-01  9.996e-01  9.996e-01  9.997e-01  9.997e-01  9.997e-01  9.998e-01  9.998e-01  9.998e-01  9.998e-01  9.998e-01  9.998e-01  9.998e-01  9.998e-01  9.999e-01  9.999e-01  9.999e-01  9.999e-01  9.999e-01  9.998e-01  9.998e-01  9.998e-01  9.998e-01  9.997e-01  9.997e-01  9.996e-01  9.995e-01  9.994e-01  9.992e-01  9.990e-01  9.988e-01  9.985e-01  9.982e-01  9.978e-01  9.974e-01  9.969e-01  9.963e-01  9.957e-01  9.949e-01  9.941e-01  9.933e-01  9.923e-01 	
 9.950e-01  9.965e-01  9.975e-01  9.982e-01  9.986e-01  9.990e-01  9.992e-01  9.994e-01  9.995e-01  9.996e-01  9.996e-01  9.997e-01  9.997e-01  9.997e-01  9.998e-01  9.998e-01  9.998e-01  9.998e-01  9.998e-01  9.998e-01  9.998e-01  9.998e-01  9.999e-01  9.999e-01  9.999e-01  9.998e-01  9.998e-01  9.998e-01  9.998e-01  9.998e-01  9.997e-01  9.997e-01  9.996e-01  9.995e-01  9.993e-01  9.992e-01  9.990e-01  9.988e-01  9.985e-01  9.982e-01  9.978e-01  9.973e-01  9.968e-01  9.963e-01  9.956e-01  9.949e-01  9.941e-01  9.933e-01  9.923e-01  9.913e-01 	
 9.951e-01  9.965e-01  9.975e-01  9.982e-01  9.987e-01  9.990e-01  9.992e-01  9.994e-01  9.995e-01  9.996e-01  9.996e-01  9.997e-01  9.997e-01  9.997e-01  9.998e-01  9.998e-01  9.998e-01  9.998e-01  9.998e-01  9.998e-01  9.998e-01  9.998e-01  9.999e-01  9.999e-01  9.999e-01  9.999e-01  9.999e-01  9.998e-01  9.998e-01  9.998e-01  9.998e-01  9.997e-01  9.997e-01  9.996e-01  9.995e-01  9.993e-01  9.992e-01  9.990e-01  9.987e-01  9.984e-01  9.981e-01  9.977e-01  9.973e-01  9.967e-01  9.962e-01  9.955e-01  9.948e-01  9.940e-01  9.931e-01  9.921e-01 	
 9.951e-01  9.965e-01  9.975e-01  9.982e-01  9.987e-01  9.990e-01  9.992e-01  9.994e-01  9.995e-01  9.996e-01  9.996e-01  9.997e-01  9.997e-01  9.997e-01  9.998e-01  9.998e-01  9.998e-01  9.998e-01  9.998e-01  9.998e-01  9.998e-01  9.998e-01  9.999e-01  9.999e-01  9.999e-01  9.998e-01  9.998e-01  9.998e-01  9.998e-01  9.998e-01  9.997e-01  9.997e-01  9.996e-01  9.995e-01  9.994e-01  9.992e-01  9.990e-01  9.988e-01  9.985e-01  9.982e-01  9.978e-01  9.974e-01  9.969e-01  9.963e-01  9.957e-01  9.950e-01  9.942e-01  9.933e-01  9.924e-01  9.914e-01 	
 9.952e-01  9.966e-01  9.975e-01  9.982e-01  9.987e-01  9.990e-01  9.992e-01  9.994e-01  9.995e-01  9.996e-01  9.996e-01  9.997e-01  9.997e-01  9.997e-01  9.998e-01  9.998e-01  9.998e-01  9.998e-01  9.998e-01  9.998e-01  9.998e-01  9.998e-01  9.999e-01  9.999e-01  9.999e-01  9.999e-01  9.998e-01  9.998e-01  9.998e-01  9.998e-01  9.998e-01  9.997e-01  9.996e-01  9.995e-01  9.994e-01  9.993e-01  9.991e-01  9.989e-01  9.986e-01  9.983e-01  9.980e-01  9.976e-01  9.971e-01  9.966e-01  9.960e-01  9.953e-01  9.946e-01  9.937e-01  9.928e-01  9.918e-01 	
 9.952e-01  9.966e-01  9.975e-01  9.982e-01  9.987e-01  9.990e-01  9.992e-01  9.994e-01  9.995e-01  9.996e-01  9.996e-01  9.997e-01  9.997e-01  9.997e-01  9.998e-01  9.998e-01  9.998e-01  9.998e-01  9.998e-01  9.998e-01  9.998e-01  9.998e-01  9.999e-01  9.999e-01  9.999e-01  9.999e-01  9.998e-01  9.998e-01  9.998e-01  9.998e-01  9.997e-01  9.997e-01  9.996e-01  9.995e-01  9.994e-01  9.992e-01  9.990e-01  9.988e-01  9.986e-01  9.982e-01  9.979e-01  9.974e-01  9.970e-01  9.964e-01  9.958e-01  9.951e-01  9.943e-01  9.935e-01  9.925e-01  9.915e-01 	
 9.953e-01  9.966e-01  9.976e-01  9.982e-01  9.987e-01  9.990e-01  9.992e-01  9.994e-01  9.995e-01  9.996e-01  9.996e-01  9.997e-01  9.997e-01  9.997e-01  9.998e-01  9.998e-01  9.998e-01  9.998e-01  9.998e-01  9.998e-01  9.998e-01  9.999e-01  9.999e-01  9.999e-01  9.999e-01  9.999e-01  9.998e-01  9.998e-01  9.998e-01  9.998e-01  9.997e-01  9.997e-01  9.996e-01  9.995e-01  9.994e-01  9.992e-01  9.991e-01  9.988e-01  9.986e-01  9.983e-01  9.979e-01  9.975e-01  9.970e-01  9.965e-01  9.958e-01  9.952e-01  9.944e-01  9.935e-01  9.926e-01  9.916e-01 	
 9.953e-01  9.967e-01  9.976e-01  9.982e-01  9.987e-01  9.990e-01  9.992e-01  9.994e-01  9.995e-01  9.996e-01  9.996e-01  9.997e-01  9.997e-01  9.997e-01  9.998e-01  9.998e-01  9.998e-01  9.998e-01  9.998e-01  9.998e-01  9.998e-01  9.999e-01  9.999e-01  9.999e-01  9.999e-01  9.999e-01  9.998e-01  9.998e-01  9.998e-01  9.998e-01  9.997e-01  9.997e-01  9.996e-01  9.995e-01  9.994e-01  9.993e-01  9.991e-01  9.989e-01  9.986e-01  9.983e-01  9.979e-01  9.975e-01  9.971e-01  9.965e-01  9.959e-01  9.952e-01  9.945e-01  9.936e-01  9.927e-01  9.917e-01 	
