 1.000e-06  1.000e-06  1.000e-06  1.000e-06  1.000e-06  1.000e-06  1.002e-06  1.012e-06  1.063e-06  1.230e-06  1.671e-06  2.637e-06  4.487e-06  7.682e-06  1.276e-05  2.033e-05  3.101e-05  4.547e-05  6.433e-05  8.822e-05  1.177e-04  1.534e-04  1.957e-04  2.451e-04  3.020e-04  3.667e-04  4.395e-04  5.207e-04  6.105e-04  7.090e-04  8.163e-04  9.326e-04  1.058e-03  1.192e-03  1.335e-03  1.488e-03  1.649e-03  1.819e-03  1.997e-03  2.185e-03  2.381e-03  2.585e-03  2.797e-03  3.018e-03  3.246e-03  3.483e-03  3.727e-03  3.978e-03  4.236e-03  4.502e-03 	
 1.011e-06  1.152e-06  1.782e-06  3.840e-06  8.356e-06  1.593e-05  2.680e-05  4.101e-05  5.861e-05  7.968e-05  1.044e-04  1.329e-04  1.655e-04  2.025e-04  2.441e-04  2.907e-04  3.425e-04  4.000e-04  4.633e-04  5.330e-04  6.091e-04  6.921e-04  7.822e-04  8.797e-04  9.848e-04  1.098e-03  1.218e-03  1.347e-03  1.485e-03  1.630e-03  1.784e-03  1.947e-03  2.117e-03  2.297e-03  2.484e-03  2.681e-03  2.885e-03  3.098e-03  3.319e-03  3.548e-03  3.785e-03  4.030e-03  4.282e-03  4.542e-03  4.810e-03  5.085e-03  5.367e-03  5.656e-03  5.952e-03  6.255e-03 	
 6.551e-06  1.539e-05  2.956e-05  4.715e-05  6.749e-05  9.059e-05  1.168e-04  1.464e-04  1.799e-04  2.178e-04  2.605e-04  3.086e-04  3.627e-04  4.231e-04  4.905e-04  5.653e-04  6.482e-04  7.395e-04  8.398e-04  9.496e-04  1.069e-03  1.199e-03  1.340e-03  1.492e-03  1.655e-03  1.831e-03  2.018e-03  2.217e-03  2.429e-03  2.653e-03  2.890e-03  3.139e-03  3.401e-03  3.675e-03  3.962e-03  4.261e-03  4.572e-03  4.895e-03  5.230e-03  5.577e-03  5.934e-03  6.303e-03  6.683e-03  7.073e-03  7.473e-03  7.884e-03  8.303e-03  8.732e-03  9.170e-03  9.616e-03 	
 1.789e-05  2.968e-05  4.230e-05  5.717e-05  7.561e-05  9.854e-05  1.267e-04  1.605e-04  2.008e-04  2.480e-04  3.029e-04  3.661e-04  4.383e-04  5.203e-04  6.128e-04  7.166e-04  8.323e-04  9.606e-04  1.102e-03  1.258e-03  1.428e-03  1.614e-03  1.815e-03  2.033e-03  2.267e-03  2.518e-03  2.787e-03  3.073e-03  3.377e-03  3.699e-03  4.038e-03  4.395e-03  4.770e-03  5.162e-03  5.572e-03  5.998e-03  6.441e-03  6.901e-03  7.377e-03  7.868e-03  8.374e-03  8.895e-03  9.430e-03  9.979e-03  1.054e-02  1.112e-02  1.170e-02  1.230e-02  1.291e-02  1.353e-02 	
 3.255e-05  4.080e-05  5.204e-05  6.828e-05  9.070e-05  1.200e-04  1.567e-04  2.014e-04  2.547e-04  3.173e-04  3.901e-04  4.737e-04  5.693e-04  6.776e-04  7.997e-04  9.364e-04  1.089e-03  1.258e-03  1.444e-03  1.648e-03  1.871e-03  2.114e-03  2.378e-03  2.662e-03  2.968e-03  3.296e-03  3.646e-03  4.018e-03  4.412e-03  4.830e-03  5.269e-03  5.731e-03  6.216e-03  6.722e-03  7.250e-03  7.798e-03  8.368e-03  8.958e-03  9.567e-03  1.019e-02  1.084e-02  1.151e-02  1.219e-02  1.288e-02  1.360e-02  1.433e-02  1.507e-02  1.582e-02  1.659e-02  1.737e-02 	
 3.292e-05  4.024e-05  5.355e-05  7.469e-05  1.045e-04  1.435e-04  1.922e-04  2.511e-04  3.210e-04  4.027e-04  4.972e-04  6.056e-04  7.291e-04  8.687e-04  1.026e-03  1.201e-03  1.396e-03  1.612e-03  1.849e-03  2.109e-03  2.393e-03  2.701e-03  3.034e-03  3.393e-03  3.778e-03  4.190e-03  4.629e-03  5.095e-03  5.588e-03  6.108e-03  6.655e-03  7.229e-03  7.830e-03  8.456e-03  9.108e-03  9.784e-03  1.049e-02  1.121e-02  1.196e-02  1.273e-02  1.352e-02  1.433e-02  1.516e-02  1.600e-02  1.687e-02  1.775e-02  1.865e-02  1.957e-02  2.049e-02  2.143e-02 	
 3.139e-05  4.079e-05  5.870e-05  8.669e-05  1.255e-04  1.757e-04  2.378e-04  3.126e-04  4.010e-04  5.041e-04  6.231e-04  7.595e-04  9.145e-04  1.090e-03  1.286e-03  1.506e-03  1.750e-03  2.019e-03  2.315e-03  2.638e-03  2.991e-03  3.374e-03  3.787e-03  4.231e-03  4.707e-03  5.215e-03  5.756e-03  6.329e-03  6.935e-03  7.573e-03  8.242e-03  8.944e-03  9.676e-03  1.044e-02  1.123e-02  1.205e-02  1.290e-02  1.378e-02  1.468e-02  1.560e-02  1.655e-02  1.753e-02  1.852e-02  1.954e-02  2.057e-02  2.162e-02  2.269e-02  2.378e-02  2.488e-02  2.599e-02 	
 2.898e-05  4.206e-05  6.603e-05  1.024e-04  1.519e-04  2.154e-04  2.935e-04  3.872e-04  4.977e-04  6.263e-04  7.748e-04  9.445e-04  1.137e-03  1.355e-03  1.599e-03  1.871e-03  2.173e-03  2.506e-03  2.871e-03  3.270e-03  3.704e-03  4.174e-03  4.680e-03  5.224e-03  5.806e-03  6.425e-03  7.083e-03  7.779e-03  8.513e-03  9.284e-03  1.009e-02  1.094e-02  1.182e-02  1.273e-02  1.368e-02  1.466e-02  1.567e-02  1.672e-02  1.779e-02  1.889e-02  2.001e-02  2.116e-02  2.233e-02  2.353e-02  2.474e-02  2.598e-02  2.723e-02  2.850e-02  2.979e-02  3.109e-02 	
 2.875e-05  4.652e-05  7.764e-05  1.238e-04  1.859e-04  2.651e-04  3.622e-04  4.785e-04  6.155e-04  7.749e-04  9.585e-04  1.168e-03  1.406e-03  1.675e-03  1.975e-03  2.310e-03  2.680e-03  3.088e-03  3.535e-03  4.022e-03  4.551e-03  5.123e-03  5.738e-03  6.397e-03  7.101e-03  7.849e-03  8.641e-03  9.478e-03  1.036e-02  1.128e-02  1.225e-02  1.325e-02  1.430e-02  1.539e-02  1.651e-02  1.767e-02  1.887e-02  2.009e-02  2.135e-02  2.264e-02  2.396e-02  2.530e-02  2.667e-02  2.806e-02  2.947e-02  3.091e-02  3.236e-02  3.383e-02  3.531e-02  3.681e-02 	
 3.018e-05  5.335e-05  9.268e-05  1.502e-04  2.271e-04  3.249e-04  4.446e-04  5.878e-04  7.562e-04  9.520e-04  1.177e-03  1.435e-03  1.726e-03  2.054e-03  2.422e-03  2.830e-03  3.281e-03  3.777e-03  4.320e-03  4.911e-03  5.551e-03  6.241e-03  6.982e-03  7.774e-03  8.618e-03  9.514e-03  1.046e-02  1.146e-02  1.250e-02  1.360e-02  1.474e-02  1.593e-02  1.717e-02  1.844e-02  1.976e-02  2.112e-02  2.252e-02  2.395e-02  2.541e-02  2.691e-02  2.843e-02  2.999e-02  3.157e-02  3.317e-02  3.479e-02  3.644e-02  3.810e-02  3.978e-02  4.147e-02  4.318e-02 	
 3.429e-05  6.379e-05  1.129e-04  1.840e-04  2.789e-04  3.991e-04  5.462e-04  7.219e-04  9.285e-04  1.168e-03  1.444e-03  1.759e-03  2.115e-03  2.515e-03  2.961e-03  3.457e-03  4.004e-03  4.604e-03  5.259e-03  5.971e-03  6.740e-03  7.567e-03  8.453e-03  9.398e-03  1.040e-02  1.146e-02  1.258e-02  1.376e-02  1.500e-02  1.628e-02  1.762e-02  1.901e-02  2.045e-02  2.194e-02  2.347e-02  2.504e-02  2.665e-02  2.831e-02  2.999e-02  3.171e-02  3.346e-02  3.524e-02  3.704e-02  3.886e-02  4.071e-02  4.258e-02  4.446e-02  4.636e-02  4.827e-02  5.019e-02 	
 4.018e-05  7.695e-05  1.375e-04  2.248e-04  3.412e-04  4.885e-04  6.686e-04  8.837e-04  1.136e-03  1.429e-03  1.766e-03  2.149e-03  2.582e-03  3.068e-03  3.610e-03  4.211e-03  4.872e-03  5.596e-03  6.384e-03  7.239e-03  8.160e-03  9.149e-03  1.021e-02  1.133e-02  1.252e-02  1.378e-02  1.510e-02  1.649e-02  1.794e-02  1.945e-02  2.101e-02  2.263e-02  2.431e-02  2.603e-02  2.780e-02  2.962e-02  3.147e-02  3.337e-02  3.530e-02  3.727e-02  3.926e-02  4.128e-02  4.333e-02  4.540e-02  4.749e-02  4.960e-02  5.172e-02  5.385e-02  5.600e-02  5.815e-02 	
 4.960e-05  9.532e-05  1.701e-04  2.779e-04  4.213e-04  6.026e-04  8.241e-04  1.088e-03  1.398e-03  1.758e-03  2.170e-03  2.638e-03  3.166e-03  3.758e-03  4.416e-03  5.143e-03  5.942e-03  6.814e-03  7.761e-03  8.785e-03  9.885e-03  1.106e-02  1.232e-02  1.365e-02  1.505e-02  1.653e-02  1.808e-02  1.971e-02  2.139e-02  2.315e-02  2.496e-02  2.684e-02  2.877e-02  3.075e-02  3.278e-02  3.486e-02  3.698e-02  3.914e-02  4.133e-02  4.356e-02  4.582e-02  4.810e-02  5.041e-02  5.273e-02  5.507e-02  5.743e-02  5.980e-02  6.218e-02  6.457e-02  6.696e-02 	
 6.097e-05  1.173e-04  2.095e-04  3.424e-04  5.192e-04  7.428e-04  1.016e-03  1.341e-03  1.723e-03  2.165e-03  2.670e-03  3.244e-03  3.890e-03  4.612e-03  5.413e-03  6.297e-03  7.265e-03  8.319e-03  9.460e-03  1.069e-02  1.201e-02  1.341e-02  1.491e-02  1.649e-02  1.815e-02  1.989e-02  2.172e-02  2.362e-02  2.559e-02  2.763e-02  2.973e-02  3.190e-02  3.413e-02  3.641e-02  3.874e-02  4.111e-02  4.353e-02  4.598e-02  4.847e-02  5.099e-02  5.354e-02  5.610e-02  5.869e-02  6.129e-02  6.391e-02  6.653e-02  6.916e-02  7.180e-02  7.444e-02  7.708e-02 	
 7.735e-05  1.471e-04  2.612e-04  4.255e-04  6.442e-04  9.205e-04  1.258e-03  1.659e-03  2.129e-03  2.672e-03  3.292e-03  3.995e-03  4.784e-03  5.663e-03  6.636e-03  7.705e-03  8.872e-03  1.014e-02  1.150e-02  1.297e-02  1.454e-02  1.620e-02  1.796e-02  1.982e-02  2.177e-02  2.380e-02  2.592e-02  2.812e-02  3.040e-02  3.275e-02  3.517e-02  3.765e-02  4.019e-02  4.278e-02  4.542e-02  4.810e-02  5.083e-02  5.359e-02  5.638e-02  5.919e-02  6.203e-02  6.489e-02  6.776e-02  7.064e-02  7.353e-02  7.642e-02  7.932e-02  8.221e-02  8.510e-02  8.799e-02 	
 9.623e-05  1.817e-04  3.217e-04  5.234e-04  7.919e-04  1.131e-03  1.545e-03  2.037e-03  2.612e-03  3.275e-03  4.031e-03  4.886e-03  5.843e-03  6.906e-03  8.079e-03  9.363e-03  1.076e-02  1.227e-02  1.390e-02  1.564e-02  1.749e-02  1.944e-02  2.151e-02  2.367e-02  2.594e-02  2.830e-02  3.075e-02  3.328e-02  3.589e-02  3.857e-02  4.132e-02  4.414e-02  4.701e-02  4.993e-02  5.289e-02  5.590e-02  5.894e-02  6.201e-02  6.511e-02  6.822e-02  7.136e-02  7.450e-02  7.765e-02  8.081e-02  8.397e-02  8.712e-02  9.027e-02  9.341e-02  9.654e-02  9.966e-02 	
 1.225e-04  2.281e-04  4.009e-04  6.499e-04  9.812e-04  1.399e-03  1.908e-03  2.513e-03  3.218e-03  4.029e-03  4.952e-03  5.990e-03  7.150e-03  8.433e-03  9.844e-03  1.138e-02  1.305e-02  1.485e-02  1.677e-02  1.881e-02  2.098e-02  2.327e-02  2.567e-02  2.818e-02  3.079e-02  3.350e-02  3.630e-02  3.918e-02  4.215e-02  4.519e-02  4.829e-02  5.145e-02  5.466e-02  5.792e-02  6.122e-02  6.456e-02  6.793e-02  7.131e-02  7.472e-02  7.814e-02  8.157e-02  8.500e-02  8.843e-02  9.186e-02  9.528e-02  9.869e-02  1.021e-01  1.055e-01  1.088e-01  1.122e-01 	
 1.542e-04  2.847e-04  4.985e-04  8.066e-04  1.216e-03  1.733e-03  2.361e-03  3.105e-03  3.972e-03  4.965e-03  6.092e-03  7.357e-03  8.763e-03  1.031e-02  1.201e-02  1.385e-02  1.584e-02  1.798e-02  2.025e-02  2.266e-02  2.520e-02  2.787e-02  3.066e-02  3.356e-02  3.657e-02  3.968e-02  4.288e-02  4.616e-02  4.952e-02  5.295e-02  5.643e-02  5.998e-02  6.357e-02  6.719e-02  7.086e-02  7.454e-02  7.825e-02  8.197e-02  8.570e-02  8.944e-02  9.317e-02  9.689e-02  1.006e-01  1.043e-01  1.080e-01  1.117e-01  1.153e-01  1.189e-01  1.225e-01  1.261e-01 	
 1.971e-04  3.598e-04  6.268e-04  1.012e-03  1.523e-03  2.167e-03  2.949e-03  3.873e-03  4.945e-03  6.171e-03  7.555e-03  9.102e-03  1.081e-02  1.269e-02  1.474e-02  1.695e-02  1.932e-02  2.185e-02  2.454e-02  2.736e-02  3.033e-02  3.343e-02  3.666e-02  4.000e-02  4.344e-02  4.698e-02  5.061e-02  5.432e-02  5.810e-02  6.194e-02  6.584e-02  6.978e-02  7.375e-02  7.776e-02  8.178e-02  8.583e-02  8.988e-02  9.393e-02  9.798e-02  1.020e-01  1.061e-01  1.101e-01  1.141e-01  1.180e-01  1.220e-01  1.259e-01  1.297e-01  1.336e-01  1.374e-01  1.411e-01 	
 2.509e-04  4.544e-04  7.892e-04  1.272e-03  1.914e-03  2.720e-03  3.698e-03  4.850e-03  6.183e-03  7.700e-03  9.405e-03  1.130e-02  1.339e-02  1.567e-02  1.813e-02  2.078e-02  2.361e-02  2.661e-02  2.977e-02  3.308e-02  3.654e-02  4.013e-02  4.385e-02  4.767e-02  5.160e-02  5.562e-02  5.972e-02  6.388e-02  6.811e-02  7.239e-02  7.671e-02  8.105e-02  8.543e-02  8.981e-02  9.421e-02  9.860e-02  1.030e-01  1.074e-01  1.117e-01  1.161e-01  1.204e-01  1.247e-01  1.289e-01  1.331e-01  1.373e-01  1.414e-01  1.454e-01  1.495e-01  1.534e-01  1.573e-01 	
 3.195e-04  5.736e-04  9.919e-04  1.595e-03  2.396e-03  3.401e-03  4.615e-03  6.042e-03  7.685e-03  9.546e-03  1.163e-02  1.393e-02  1.644e-02  1.918e-02  2.211e-02  2.525e-02  2.858e-02  3.208e-02  3.575e-02  3.958e-02  4.355e-02  4.766e-02  5.188e-02  5.620e-02  6.061e-02  6.511e-02  6.967e-02  7.429e-02  7.895e-02  8.365e-02  8.838e-02  9.311e-02  9.786e-02  1.026e-01  1.073e-01  1.121e-01  1.168e-01  1.214e-01  1.261e-01  1.307e-01  1.352e-01  1.397e-01  1.442e-01  1.486e-01  1.529e-01  1.572e-01  1.615e-01  1.656e-01  1.697e-01  1.738e-01 	
 4.064e-04  7.233e-04  1.245e-03  1.997e-03  2.992e-03  4.238e-03  5.739e-03  7.494e-03  9.505e-03  1.177e-02  1.429e-02  1.705e-02  2.006e-02  2.330e-02  2.676e-02  3.043e-02  3.430e-02  3.835e-02  4.256e-02  4.693e-02  5.144e-02  5.606e-02  6.079e-02  6.562e-02  7.052e-02  7.548e-02  8.050e-02  8.555e-02  9.063e-02  9.573e-02  1.008e-01  1.059e-01  1.110e-01  1.161e-01  1.211e-01  1.261e-01  1.311e-01  1.360e-01  1.409e-01  1.457e-01  1.505e-01  1.552e-01  1.598e-01  1.644e-01  1.689e-01  1.733e-01  1.777e-01  1.820e-01  1.862e-01  1.903e-01 	
 5.173e-04  9.144e-04  1.568e-03  2.508e-03  3.751e-03  5.302e-03  7.161e-03  9.325e-03  1.179e-02  1.455e-02  1.759e-02  2.091e-02  2.449e-02  2.832e-02  3.238e-02  3.666e-02  4.114e-02  4.579e-02  5.061e-02  5.556e-02  6.064e-02  6.583e-02  7.110e-02  7.645e-02  8.185e-02  8.730e-02  9.277e-02  9.826e-02  1.038e-01  1.092e-01  1.147e-01  1.202e-01  1.256e-01  1.309e-01  1.363e-01  1.415e-01  1.467e-01  1.519e-01  1.570e-01  1.620e-01  1.669e-01  1.718e-01  1.766e-01  1.813e-01  1.859e-01  1.904e-01  1.949e-01  1.992e-01  2.035e-01  2.077e-01 	
 6.627e-04  1.163e-03  1.986e-03  3.169e-03  4.727e-03  6.663e-03  8.971e-03  1.164e-02  1.466e-02  1.801e-02  2.168e-02  2.565e-02  2.990e-02  3.440e-02  3.915e-02  4.411e-02  4.925e-02  5.457e-02  6.003e-02  6.561e-02  7.129e-02  7.706e-02  8.289e-02  8.877e-02  9.467e-02  1.006e-01  1.065e-01  1.124e-01  1.183e-01  1.242e-01  1.300e-01  1.358e-01  1.415e-01  1.471e-01  1.527e-01  1.582e-01  1.636e-01  1.690e-01  1.742e-01  1.794e-01  1.845e-01  1.894e-01  1.943e-01  1.991e-01  2.038e-01  2.084e-01  2.129e-01  2.173e-01  2.217e-01  2.259e-01 	
 8.470e-04  1.480e-03  2.521e-03  4.015e-03  5.976e-03  8.402e-03  1.128e-02  1.457e-02  1.827e-02  2.234e-02  2.676e-02  3.149e-02  3.651e-02  4.178e-02  4.729e-02  5.299e-02  5.886e-02  6.487e-02  7.100e-02  7.723e-02  8.352e-02  8.987e-02  9.624e-02  1.026e-01  1.090e-01  1.154e-01  1.217e-01  1.280e-01  1.343e-01  1.404e-01  1.465e-01  1.526e-01  1.585e-01  1.644e-01  1.701e-01  1.758e-01  1.814e-01  1.868e-01  1.922e-01  1.975e-01  2.026e-01  2.076e-01  2.126e-01  2.174e-01  2.221e-01  2.267e-01  2.312e-01  2.356e-01  2.399e-01  2.441e-01 	
 1.088e-03  1.889e-03  3.206e-03  5.090e-03  7.553e-03  1.058e-02  1.413e-02  1.818e-02  2.267e-02  2.757e-02  3.283e-02  3.840e-02  4.426e-02  5.036e-02  5.667e-02  6.314e-02  6.976e-02  7.647e-02  8.327e-02  9.013e-02  9.701e-02  1.039e-01  1.108e-01  1.176e-01  1.244e-01  1.312e-01  1.379e-01  1.445e-01  1.510e-01  1.575e-01  1.638e-01  1.701e-01  1.762e-01  1.822e-01  1.881e-01  1.939e-01  1.995e-01  2.051e-01  2.105e-01  2.158e-01  2.209e-01  2.260e-01  2.309e-01  2.357e-01  2.404e-01  2.450e-01  2.494e-01  2.538e-01  2.580e-01  2.622e-01 	
 1.386e-03  2.395e-03  4.051e-03  6.411e-03  9.478e-03  1.322e-02  1.757e-02  2.248e-02  2.786e-02  3.367e-02  3.985e-02  4.632e-02  5.306e-02  6.000e-02  6.711e-02  7.435e-02  8.168e-02  8.907e-02  9.649e-02  1.039e-01  1.113e-01  1.187e-01  1.260e-01  1.333e-01  1.404e-01  1.475e-01  1.545e-01  1.614e-01  1.681e-01  1.747e-01  1.812e-01  1.876e-01  1.938e-01  1.999e-01  2.059e-01  2.117e-01  2.174e-01  2.229e-01  2.283e-01  2.336e-01  2.387e-01  2.437e-01  2.486e-01  2.534e-01  2.580e-01  2.625e-01  2.668e-01  2.711e-01  2.752e-01  2.793e-01 	
 1.779e-03  3.053e-03  5.139e-03  8.094e-03  1.190e-02  1.650e-02  2.180e-02  2.770e-02  3.410e-02  4.092e-02  4.808e-02  5.552e-02  6.317e-02  7.097e-02  7.889e-02  8.688e-02  9.490e-02  1.029e-01  1.109e-01  1.189e-01  1.268e-01  1.345e-01  1.422e-01  1.498e-01  1.573e-01  1.646e-01  1.718e-01  1.788e-01  1.857e-01  1.925e-01  1.991e-01  2.055e-01  2.118e-01  2.179e-01  2.238e-01  2.297e-01  2.353e-01  2.408e-01  2.462e-01  2.514e-01  2.564e-01  2.614e-01  2.661e-01  2.708e-01  2.753e-01  2.797e-01  2.839e-01  2.881e-01  2.921e-01  2.960e-01 	
 2.279e-03  3.895e-03  6.532e-03  1.025e-02  1.499e-02  2.065e-02  2.709e-02  3.417e-02  4.175e-02  4.972e-02  5.799e-02  6.647e-02  7.509e-02  8.380e-02  9.254e-02  1.013e-01  1.100e-01  1.186e-01  1.272e-01  1.356e-01  1.439e-01  1.520e-01  1.600e-01  1.679e-01  1.756e-01  1.831e-01  1.904e-01  1.975e-01  2.045e-01  2.113e-01  2.179e-01  2.243e-01  2.306e-01  2.367e-01  2.426e-01  2.483e-01  2.539e-01  2.593e-01  2.645e-01  2.696e-01  2.745e-01  2.793e-01  2.839e-01  2.884e-01  2.928e-01  2.970e-01  3.011e-01  3.051e-01  3.089e-01  3.127e-01 	
 2.934e-03  4.987e-03  8.321e-03  1.298e-02  1.885e-02  2.577e-02  3.353e-02  4.192e-02  5.079e-02  6.000e-02  6.941e-02  7.895e-02  8.854e-02  9.812e-02  1.077e-01  1.171e-01  1.264e-01  1.356e-01  1.446e-01  1.534e-01  1.620e-01  1.704e-01  1.787e-01  1.867e-01  1.945e-01  2.021e-01  2.095e-01  2.166e-01  2.236e-01  2.304e-01  2.369e-01  2.433e-01  2.494e-01  2.554e-01  2.612e-01  2.668e-01  2.722e-01  2.775e-01  2.826e-01  2.875e-01  2.922e-01  2.968e-01  3.013e-01  3.056e-01  3.098e-01  3.138e-01  3.177e-01  3.215e-01  3.252e-01  3.287e-01 	
 3.767e-03  6.372e-03  1.058e-02  1.639e-02  2.362e-02  3.201e-02  4.126e-02  5.111e-02  6.136e-02  7.183e-02  8.241e-02  9.298e-02  1.035e-01  1.139e-01  1.241e-01  1.341e-01  1.439e-01  1.535e-01  1.628e-01  1.719e-01  1.807e-01  1.893e-01  1.976e-01  2.057e-01  2.135e-01  2.211e-01  2.284e-01  2.355e-01  2.424e-01  2.490e-01  2.554e-01  2.617e-01  2.676e-01  2.734e-01  2.790e-01  2.845e-01  2.897e-01  2.947e-01  2.996e-01  3.043e-01  3.088e-01  3.132e-01  3.175e-01  3.216e-01  3.255e-01  3.294e-01  3.331e-01  3.366e-01  3.401e-01  3.434e-01 	
 4.845e-03  8.148e-03  1.343e-02  2.063e-02  2.945e-02  3.948e-02  5.036e-02  6.175e-02  7.340e-02  8.514e-02  9.683e-02  1.084e-01  1.197e-01  1.308e-01  1.416e-01  1.521e-01  1.622e-01  1.721e-01  1.816e-01  1.909e-01  1.998e-01  2.084e-01  2.167e-01  2.248e-01  2.325e-01  2.400e-01  2.472e-01  2.541e-01  2.608e-01  2.673e-01  2.735e-01  2.795e-01  2.853e-01  2.909e-01  2.963e-01  3.014e-01  3.064e-01  3.112e-01  3.159e-01  3.203e-01  3.246e-01  3.288e-01  3.328e-01  3.366e-01  3.404e-01  3.440e-01  3.474e-01  3.508e-01  3.540e-01  3.571e-01 	
 6.226e-03  1.040e-02  1.701e-02  2.587e-02  3.650e-02  4.836e-02  6.097e-02  7.395e-02  8.701e-02  9.996e-02  1.127e-01  1.251e-01  1.371e-01  1.487e-01  1.600e-01  1.708e-01  1.812e-01  1.912e-01  2.009e-01  2.101e-01  2.190e-01  2.276e-01  2.358e-01  2.437e-01  2.513e-01  2.586e-01  2.656e-01  2.723e-01  2.788e-01  2.850e-01  2.910e-01  2.968e-01  3.023e-01  3.076e-01  3.127e-01  3.176e-01  3.223e-01  3.269e-01  3.312e-01  3.355e-01  3.395e-01  3.434e-01  3.472e-01  3.508e-01  3.542e-01  3.576e-01  3.608e-01  3.640e-01  3.670e-01  3.699e-01 	
 8.014e-03  1.329e-02  2.152e-02  3.232e-02  4.500e-02  5.885e-02  7.327e-02  8.784e-02  1.022e-01  1.163e-01  1.299e-01  1.431e-01  1.556e-01  1.677e-01  1.792e-01  1.902e-01  2.008e-01  2.108e-01  2.204e-01  2.296e-01  2.384e-01  2.468e-01  2.548e-01  2.625e-01  2.698e-01  2.769e-01  2.836e-01  2.901e-01  2.963e-01  3.022e-01  3.079e-01  3.133e-01  3.185e-01  3.236e-01  3.284e-01  3.330e-01  3.374e-01  3.417e-01  3.458e-01  3.497e-01  3.535e-01  3.571e-01  3.606e-01  3.640e-01  3.672e-01  3.703e-01  3.733e-01  3.762e-01  3.790e-01  3.816e-01 	
 1.032e-02  1.697e-02  2.714e-02  4.018e-02  5.513e-02  7.107e-02  8.732e-02  1.034e-01  1.191e-01  1.341e-01  1.485e-01  1.622e-01  1.752e-01  1.875e-01  1.991e-01  2.102e-01  2.207e-01  2.306e-01  2.401e-01  2.491e-01  2.576e-01  2.657e-01  2.735e-01  2.809e-01  2.879e-01  2.946e-01  3.010e-01  3.072e-01  3.130e-01  3.186e-01  3.239e-01  3.291e-01  3.340e-01  3.387e-01  3.431e-01  3.474e-01  3.516e-01  3.555e-01  3.593e-01  3.630e-01  3.665e-01  3.698e-01  3.730e-01  3.761e-01  3.791e-01  3.820e-01  3.847e-01  3.874e-01  3.900e-01  3.924e-01 	
 1.329e-02  2.163e-02  3.409e-02  4.964e-02  6.698e-02  8.503e-02  1.030e-01  1.205e-01  1.372e-01  1.531e-01  1.680e-01  1.820e-01  1.952e-01  2.075e-01  2.192e-01  2.301e-01  2.404e-01  2.501e-01  2.593e-01  2.680e-01  2.762e-01  2.840e-01  2.914e-01  2.984e-01  3.051e-01  3.114e-01  3.175e-01  3.232e-01  3.287e-01  3.339e-01  3.389e-01  3.437e-01  3.483e-01  3.526e-01  3.568e-01  3.608e-01  3.646e-01  3.682e-01  3.717e-01  3.751e-01  3.783e-01  3.814e-01  3.843e-01  3.872e-01  3.899e-01  3.926e-01  3.951e-01  3.975e-01  3.999e-01  4.021e-01 	
 1.709e-02  2.745e-02  4.253e-02  6.078e-02  8.057e-02  1.006e-01  1.202e-01  1.389e-01  1.565e-01  1.728e-01  1.881e-01  2.022e-01  2.154e-01  2.276e-01  2.391e-01  2.497e-01  2.597e-01  2.691e-01  2.779e-01  2.862e-01  2.940e-01  3.014e-01  3.084e-01  3.150e-01  3.213e-01  3.272e-01  3.328e-01  3.382e-01  3.433e-01  3.482e-01  3.528e-01  3.572e-01  3.614e-01  3.654e-01  3.693e-01  3.729e-01  3.764e-01  3.798e-01  3.830e-01  3.861e-01  3.890e-01  3.919e-01  3.946e-01  3.972e-01  3.997e-01  4.021e-01  4.044e-01  4.066e-01  4.088e-01  4.109e-01 	
 2.195e-02  3.473e-02  5.271e-02  7.378e-02  9.594e-02  1.179e-01  1.388e-01  1.584e-01  1.765e-01  1.932e-01  2.085e-01  2.226e-01  2.355e-01  2.475e-01  2.586e-01  2.689e-01  2.785e-01  2.874e-01  2.958e-01  3.036e-01  3.110e-01  3.179e-01  3.245e-01  3.306e-01  3.365e-01  3.420e-01  3.472e-01  3.522e-01  3.569e-01  3.614e-01  3.656e-01  3.697e-01  3.736e-01  3.772e-01  3.808e-01  3.841e-01  3.873e-01  3.904e-01  3.933e-01  3.961e-01  3.988e-01  4.014e-01  4.039e-01  4.063e-01  4.086e-01  4.108e-01  4.129e-01  4.149e-01  4.169e-01  4.188e-01 	
 2.809e-02  4.364e-02  6.473e-02  8.860e-02  1.130e-01  1.365e-01  1.585e-01  1.786e-01  1.970e-01  2.138e-01  2.289e-01  2.428e-01  2.554e-01  2.670e-01  2.776e-01  2.874e-01  2.965e-01  3.050e-01  3.128e-01  3.202e-01  3.270e-01  3.335e-01  3.396e-01  3.453e-01  3.507e-01  3.558e-01  3.606e-01  3.651e-01  3.695e-01  3.736e-01  3.775e-01  3.812e-01  3.847e-01  3.881e-01  3.913e-01  3.943e-01  3.973e-01  4.001e-01  4.027e-01  4.053e-01  4.078e-01  4.101e-01  4.124e-01  4.145e-01  4.166e-01  4.186e-01  4.206e-01  4.224e-01  4.242e-01  4.260e-01 	
 3.586e-02  5.454e-02  7.886e-02  1.054e-01  1.317e-01  1.564e-01  1.791e-01  1.995e-01  2.179e-01  2.344e-01  2.492e-01  2.626e-01  2.747e-01  2.857e-01  2.958e-01  3.050e-01  3.136e-01  3.215e-01  3.288e-01  3.356e-01  3.420e-01  3.479e-01  3.535e-01  3.588e-01  3.637e-01  3.684e-01  3.728e-01  3.770e-01  3.809e-01  3.847e-01  3.882e-01  3.916e-01  3.948e-01  3.979e-01  4.008e-01  4.036e-01  4.062e-01  4.088e-01  4.112e-01  4.136e-01  4.158e-01  4.179e-01  4.200e-01  4.220e-01  4.239e-01  4.258e-01  4.275e-01  4.292e-01  4.309e-01  4.325e-01 	
 4.543e-02  6.746e-02  9.494e-02  1.239e-01  1.517e-01  1.772e-01  2.002e-01  2.206e-01  2.387e-01  2.547e-01  2.690e-01  2.818e-01  2.933e-01  3.037e-01  3.131e-01  3.218e-01  3.297e-01  3.370e-01  3.437e-01  3.500e-01  3.559e-01  3.613e-01  3.664e-01  3.712e-01  3.757e-01  3.800e-01  3.840e-01  3.878e-01  3.914e-01  3.948e-01  3.980e-01  4.011e-01  4.040e-01  4.068e-01  4.094e-01  4.120e-01  4.144e-01  4.167e-01  4.189e-01  4.210e-01  4.231e-01  4.250e-01  4.269e-01  4.287e-01  4.305e-01  4.322e-01  4.338e-01  4.354e-01  4.369e-01  4.384e-01 	
 5.718e-02  8.269e-02  1.131e-01  1.440e-01  1.728e-01  1.987e-01  2.216e-01  2.416e-01  2.592e-01  2.745e-01  2.881e-01  3.002e-01  3.110e-01  3.207e-01  3.294e-01  3.374e-01  3.447e-01  3.514e-01  3.576e-01  3.634e-01  3.687e-01  3.737e-01  3.783e-01  3.827e-01  3.868e-01  3.906e-01  3.943e-01  3.977e-01  4.010e-01  4.041e-01  4.070e-01  4.098e-01  4.124e-01  4.149e-01  4.173e-01  4.196e-01  4.218e-01  4.239e-01  4.260e-01  4.279e-01  4.298e-01  4.316e-01  4.333e-01  4.350e-01  4.366e-01  4.381e-01  4.396e-01  4.411e-01  4.425e-01  4.439e-01 	
 7.107e-02  1.000e-01  1.330e-01  1.653e-01  1.947e-01  2.205e-01  2.430e-01  2.623e-01  2.791e-01  2.937e-01  3.065e-01  3.178e-01  3.278e-01  3.367e-01  3.448e-01  3.521e-01  3.588e-01  3.649e-01  3.706e-01  3.758e-01  3.806e-01  3.851e-01  3.893e-01  3.933e-01  3.970e-01  4.005e-01  4.037e-01  4.068e-01  4.098e-01  4.126e-01  4.152e-01  4.177e-01  4.201e-01  4.224e-01  4.246e-01  4.267e-01  4.287e-01  4.306e-01  4.325e-01  4.342e-01  4.359e-01  4.376e-01  4.392e-01  4.407e-01  4.422e-01  4.436e-01  4.450e-01  4.463e-01  4.476e-01  4.489e-01 	
 8.733e-02  1.194e-01  1.544e-01  1.875e-01  2.169e-01  2.423e-01  2.640e-01  2.825e-01  2.984e-01  3.121e-01  3.239e-01  3.344e-01  3.436e-01  3.518e-01  3.591e-01  3.658e-01  3.719e-01  3.774e-01  3.825e-01  3.872e-01  3.916e-01  3.956e-01  3.994e-01  4.030e-01  4.063e-01  4.095e-01  4.124e-01  4.152e-01  4.179e-01  4.204e-01  4.228e-01  4.251e-01  4.272e-01  4.293e-01  4.313e-01  4.332e-01  4.350e-01  4.368e-01  4.385e-01  4.401e-01  4.417e-01  4.432e-01  4.446e-01  4.460e-01  4.474e-01  4.487e-01  4.500e-01  4.513e-01  4.525e-01  4.537e-01 	
 1.055e-01  1.404e-01  1.768e-01  2.102e-01  2.392e-01  2.638e-01  2.845e-01  3.020e-01  3.168e-01  3.295e-01  3.405e-01  3.500e-01  3.584e-01  3.659e-01  3.725e-01  3.786e-01  3.840e-01  3.890e-01  3.936e-01  3.978e-01  4.018e-01  4.054e-01  4.088e-01  4.120e-01  4.150e-01  4.178e-01  4.205e-01  4.230e-01  4.254e-01  4.277e-01  4.298e-01  4.319e-01  4.339e-01  4.357e-01  4.375e-01  4.393e-01  4.409e-01  4.425e-01  4.441e-01  4.456e-01  4.470e-01  4.484e-01  4.498e-01  4.511e-01  4.523e-01  4.536e-01  4.548e-01  4.560e-01  4.571e-01  4.582e-01 	
 1.255e-01  1.625e-01  1.997e-01  2.329e-01  2.611e-01  2.846e-01  3.042e-01  3.205e-01  3.343e-01  3.459e-01  3.559e-01  3.646e-01  3.722e-01  3.790e-01  3.850e-01  3.904e-01  3.953e-01  3.998e-01  4.039e-01  4.077e-01  4.112e-01  4.144e-01  4.175e-01  4.204e-01  4.230e-01  4.256e-01  4.280e-01  4.302e-01  4.324e-01  4.344e-01  4.364e-01  4.383e-01  4.401e-01  4.418e-01  4.434e-01  4.450e-01  4.465e-01  4.480e-01  4.494e-01  4.508e-01  4.521e-01  4.534e-01  4.547e-01  4.559e-01  4.571e-01  4.582e-01  4.594e-01  4.605e-01  4.615e-01  4.626e-01 	
 1.464e-01  1.850e-01  2.224e-01  2.550e-01  2.821e-01  3.044e-01  3.228e-01  3.379e-01  3.506e-01  3.612e-01  3.703e-01  3.782e-01  3.851e-01  3.911e-01  3.965e-01  4.014e-01  4.057e-01  4.097e-01  4.134e-01  4.168e-01  4.199e-01  4.228e-01  4.256e-01  4.281e-01  4.305e-01  4.328e-01  4.349e-01  4.370e-01  4.389e-01  4.408e-01  4.426e-01  4.442e-01  4.459e-01  4.474e-01  4.489e-01  4.504e-01  4.518e-01  4.531e-01  4.544e-01  4.557e-01  4.570e-01  4.582e-01  4.593e-01  4.605e-01  4.616e-01  4.627e-01  4.637e-01  4.648e-01  4.658e-01  4.668e-01 	
 1.678e-01  2.073e-01  2.445e-01  2.761e-01  3.020e-01  3.230e-01  3.401e-01  3.541e-01  3.657e-01  3.754e-01  3.836e-01  3.907e-01  3.969e-01  4.023e-01  4.071e-01  4.114e-01  4.154e-01  4.189e-01  4.222e-01  4.252e-01  4.280e-01  4.306e-01  4.330e-01  4.353e-01  4.375e-01  4.395e-01  4.415e-01  4.433e-01  4.450e-01  4.467e-01  4.483e-01  4.499e-01  4.514e-01  4.528e-01  4.542e-01  4.555e-01  4.568e-01  4.580e-01  4.593e-01  4.604e-01  4.616e-01  4.627e-01  4.638e-01  4.649e-01  4.659e-01  4.670e-01  4.680e-01  4.689e-01  4.699e-01  4.709e-01 	
 1.888e-01  2.288e-01  2.653e-01  2.958e-01  3.204e-01  3.401e-01  3.560e-01  3.689e-01  3.795e-01  3.883e-01  3.958e-01  4.021e-01  4.077e-01  4.125e-01  4.168e-01  4.207e-01  4.242e-01  4.273e-01  4.303e-01  4.329e-01  4.354e-01  4.378e-01  4.399e-01  4.420e-01  4.439e-01  4.458e-01  4.475e-01  4.492e-01  4.508e-01  4.523e-01  4.537e-01  4.552e-01  4.565e-01  4.578e-01  4.591e-01  4.603e-01  4.615e-01  4.627e-01  4.638e-01  4.649e-01  4.660e-01  4.670e-01  4.681e-01  4.691e-01  4.701e-01  4.711e-01  4.720e-01  4.730e-01  4.739e-01  4.748e-01 	
 2.090e-01  2.490e-01  2.847e-01  3.139e-01  3.372e-01  3.557e-01  3.704e-01  3.823e-01  3.920e-01  4.000e-01  4.068e-01  4.125e-01  4.175e-01  4.218e-01  4.257e-01  4.291e-01  4.322e-01  4.350e-01  4.376e-01  4.400e-01  4.423e-01  4.443e-01  4.463e-01  4.481e-01  4.499e-01  4.515e-01  4.531e-01  4.546e-01  4.561e-01  4.575e-01  4.588e-01  4.601e-01  4.613e-01  4.625e-01  4.637e-01  4.649e-01  4.660e-01  4.671e-01  4.681e-01  4.692e-01  4.702e-01  4.712e-01  4.721e-01  4.731e-01  4.740e-01  4.750e-01  4.759e-01  4.768e-01  4.777e-01  4.785e-01 	
 2.279e-01  2.676e-01  3.022e-01  3.302e-01  3.523e-01  3.696e-01  3.833e-01  3.943e-01  4.032e-01  4.105e-01  4.166e-01  4.218e-01  4.263e-01  4.302e-01  4.336e-01  4.367e-01  4.395e-01  4.420e-01  4.443e-01  4.465e-01  4.485e-01  4.504e-01  4.521e-01  4.538e-01  4.554e-01  4.569e-01  4.583e-01  4.597e-01  4.610e-01  4.623e-01  4.635e-01  4.647e-01  4.658e-01  4.670e-01  4.681e-01  4.691e-01  4.702e-01  4.712e-01  4.722e-01  4.732e-01  4.741e-01  4.751e-01  4.760e-01  4.769e-01  4.778e-01  4.787e-01  4.796e-01  4.804e-01  4.813e-01  4.821e-01 	
 2.454e-01  2.845e-01  3.181e-01  3.449e-01  3.658e-01  3.821e-01  3.948e-01  4.050e-01  4.132e-01  4.199e-01  4.254e-01  4.301e-01  4.342e-01  4.377e-01  4.408e-01  4.436e-01  4.461e-01  4.483e-01  4.504e-01  4.523e-01  4.541e-01  4.558e-01  4.574e-01  4.589e-01  4.604e-01  4.617e-01  4.630e-01  4.643e-01  4.655e-01  4.667e-01  4.678e-01  4.689e-01  4.700e-01  4.711e-01  4.721e-01  4.731e-01  4.740e-01  4.750e-01  4.760e-01  4.769e-01  4.778e-01  4.787e-01  4.796e-01  4.804e-01  4.813e-01  4.822e-01  4.830e-01  4.838e-01  4.846e-01  4.855e-01 	
 2.611e-01  2.996e-01  3.321e-01  3.578e-01  3.777e-01  3.930e-01  4.050e-01  4.144e-01  4.220e-01  4.281e-01  4.332e-01  4.375e-01  4.412e-01  4.444e-01  4.472e-01  4.497e-01  4.519e-01  4.540e-01  4.559e-01  4.576e-01  4.592e-01  4.608e-01  4.622e-01  4.636e-01  4.649e-01  4.662e-01  4.674e-01  4.685e-01  4.696e-01  4.707e-01  4.718e-01  4.728e-01  4.738e-01  4.748e-01  4.758e-01  4.767e-01  4.776e-01  4.786e-01  4.794e-01  4.803e-01  4.812e-01  4.821e-01  4.829e-01  4.838e-01  4.846e-01  4.854e-01  4.862e-01  4.870e-01  4.878e-01  4.886e-01 	
 2.754e-01  3.132e-01  3.447e-01  3.694e-01  3.883e-01  4.028e-01  4.140e-01  4.228e-01  4.298e-01  4.355e-01  4.402e-01  4.441e-01  4.474e-01  4.503e-01  4.529e-01  4.551e-01  4.572e-01  4.590e-01  4.608e-01  4.623e-01  4.638e-01  4.652e-01  4.665e-01  4.678e-01  4.690e-01  4.702e-01  4.713e-01  4.724e-01  4.734e-01  4.744e-01  4.754e-01  4.764e-01  4.773e-01  4.782e-01  4.792e-01  4.800e-01  4.809e-01  4.818e-01  4.826e-01  4.835e-01  4.843e-01  4.852e-01  4.860e-01  4.868e-01  4.876e-01  4.884e-01  4.892e-01  4.899e-01  4.907e-01  4.915e-01 	
 2.882e-01  3.252e-01  3.558e-01  3.795e-01  3.976e-01  4.114e-01  4.219e-01  4.302e-01  4.367e-01  4.420e-01  4.463e-01  4.499e-01  4.530e-01  4.556e-01  4.580e-01  4.600e-01  4.619e-01  4.636e-01  4.651e-01  4.666e-01  4.680e-01  4.692e-01  4.705e-01  4.716e-01  4.727e-01  4.738e-01  4.748e-01  4.758e-01  4.768e-01  4.778e-01  4.787e-01  4.796e-01  4.805e-01  4.814e-01  4.823e-01  4.831e-01  4.840e-01  4.848e-01  4.856e-01  4.864e-01  4.872e-01  4.880e-01  4.888e-01  4.896e-01  4.904e-01  4.911e-01  4.919e-01  4.927e-01  4.934e-01  4.942e-01 	
 2.998e-01  3.360e-01  3.657e-01  3.886e-01  4.059e-01  4.190e-01  4.290e-01  4.368e-01  4.429e-01  4.478e-01  4.518e-01  4.551e-01  4.580e-01  4.604e-01  4.625e-01  4.644e-01  4.661e-01  4.677e-01  4.691e-01  4.704e-01  4.717e-01  4.729e-01  4.740e-01  4.751e-01  4.761e-01  4.771e-01  4.781e-01  4.790e-01  4.799e-01  4.808e-01  4.817e-01  4.826e-01  4.834e-01  4.843e-01  4.851e-01  4.859e-01  4.867e-01  4.875e-01  4.883e-01  4.891e-01  4.899e-01  4.906e-01  4.914e-01  4.922e-01  4.929e-01  4.937e-01  4.944e-01  4.952e-01  4.959e-01  4.966e-01 	
 3.101e-01  3.456e-01  3.745e-01  3.967e-01  4.133e-01  4.258e-01  4.353e-01  4.426e-01  4.484e-01  4.530e-01  4.567e-01  4.598e-01  4.624e-01  4.647e-01  4.666e-01  4.684e-01  4.699e-01  4.714e-01  4.727e-01  4.739e-01  4.751e-01  4.762e-01  4.772e-01  4.782e-01  4.792e-01  4.801e-01  4.810e-01  4.819e-01  4.828e-01  4.836e-01  4.845e-01  4.853e-01  4.861e-01  4.869e-01  4.877e-01  4.885e-01  4.893e-01  4.901e-01  4.908e-01  4.916e-01  4.923e-01  4.931e-01  4.938e-01  4.946e-01  4.953e-01  4.960e-01  4.968e-01  4.975e-01  4.982e-01  4.989e-01 	
 3.193e-01  3.542e-01  3.824e-01  4.038e-01  4.198e-01  4.318e-01  4.408e-01  4.478e-01  4.532e-01  4.575e-01  4.610e-01  4.639e-01  4.664e-01  4.684e-01  4.703e-01  4.719e-01  4.733e-01  4.746e-01  4.759e-01  4.770e-01  4.781e-01  4.791e-01  4.801e-01  4.810e-01  4.819e-01  4.828e-01  4.837e-01  4.845e-01  4.854e-01  4.862e-01  4.870e-01  4.878e-01  4.885e-01  4.893e-01  4.901e-01  4.908e-01  4.916e-01  4.923e-01  4.931e-01  4.938e-01  4.945e-01  4.953e-01  4.960e-01  4.967e-01  4.974e-01  4.981e-01  4.988e-01  4.995e-01  5.003e-01  5.010e-01 	
 3.275e-01  3.618e-01  3.893e-01  4.101e-01  4.255e-01  4.370e-01  4.457e-01  4.523e-01  4.575e-01  4.616e-01  4.648e-01  4.675e-01  4.698e-01  4.718e-01  4.734e-01  4.749e-01  4.763e-01  4.775e-01  4.787e-01  4.797e-01  4.808e-01  4.817e-01  4.826e-01  4.835e-01  4.844e-01  4.852e-01  4.860e-01  4.868e-01  4.876e-01  4.884e-01  4.892e-01  4.899e-01  4.907e-01  4.914e-01  4.922e-01  4.929e-01  4.936e-01  4.944e-01  4.951e-01  4.958e-01  4.965e-01  4.972e-01  4.979e-01  4.986e-01  4.993e-01  5.000e-01  5.007e-01  5.014e-01  5.021e-01  5.028e-01 	
 3.347e-01  3.684e-01  3.953e-01  4.155e-01  4.305e-01  4.416e-01  4.499e-01  4.563e-01  4.612e-01  4.650e-01  4.681e-01  4.707e-01  4.728e-01  4.746e-01  4.762e-01  4.776e-01  4.789e-01  4.801e-01  4.811e-01  4.821e-01  4.831e-01  4.840e-01  4.849e-01  4.857e-01  4.865e-01  4.873e-01  4.881e-01  4.889e-01  4.896e-01  4.904e-01  4.911e-01  4.919e-01  4.926e-01  4.933e-01  4.940e-01  4.947e-01  4.954e-01  4.962e-01  4.969e-01  4.976e-01  4.983e-01  4.989e-01  4.996e-01  5.003e-01  5.010e-01  5.017e-01  5.024e-01  5.031e-01  5.037e-01  5.044e-01 	
 3.410e-01  3.742e-01  4.005e-01  4.203e-01  4.348e-01  4.456e-01  4.536e-01  4.597e-01  4.644e-01  4.680e-01  4.710e-01  4.734e-01  4.754e-01  4.772e-01  4.786e-01  4.800e-01  4.812e-01  4.823e-01  4.833e-01  4.842e-01  4.851e-01  4.860e-01  4.868e-01  4.876e-01  4.884e-01  4.892e-01  4.899e-01  4.907e-01  4.914e-01  4.921e-01  4.928e-01  4.935e-01  4.943e-01  4.950e-01  4.957e-01  4.964e-01  4.970e-01  4.977e-01  4.984e-01  4.991e-01  4.998e-01  5.005e-01  5.011e-01  5.018e-01  5.025e-01  5.032e-01  5.038e-01  5.045e-01  5.052e-01  5.059e-01 	
 3.465e-01  3.792e-01  4.051e-01  4.244e-01  4.385e-01  4.490e-01  4.567e-01  4.626e-01  4.671e-01  4.706e-01  4.735e-01  4.758e-01  4.777e-01  4.793e-01  4.807e-01  4.820e-01  4.831e-01  4.842e-01  4.851e-01  4.860e-01  4.869e-01  4.877e-01  4.885e-01  4.893e-01  4.900e-01  4.908e-01  4.915e-01  4.922e-01  4.929e-01  4.936e-01  4.943e-01  4.950e-01  4.957e-01  4.964e-01  4.971e-01  4.977e-01  4.984e-01  4.991e-01  4.998e-01  5.004e-01  5.011e-01  5.018e-01  5.025e-01  5.031e-01  5.038e-01  5.045e-01  5.051e-01  5.058e-01  5.064e-01  5.071e-01 	
 3.513e-01  3.836e-01  4.090e-01  4.279e-01  4.417e-01  4.519e-01  4.595e-01  4.651e-01  4.695e-01  4.729e-01  4.756e-01  4.778e-01  4.796e-01  4.812e-01  4.825e-01  4.837e-01  4.848e-01  4.858e-01  4.867e-01  4.876e-01  4.884e-01  4.892e-01  4.900e-01  4.907e-01  4.914e-01  4.921e-01  4.929e-01  4.936e-01  4.942e-01  4.949e-01  4.956e-01  4.963e-01  4.970e-01  4.976e-01  4.983e-01  4.990e-01  4.996e-01  5.003e-01  5.010e-01  5.016e-01  5.023e-01  5.029e-01  5.036e-01  5.043e-01  5.049e-01  5.056e-01  5.062e-01  5.069e-01  5.075e-01  5.082e-01 	
 3.555e-01  3.874e-01  4.124e-01  4.310e-01  4.445e-01  4.544e-01  4.618e-01  4.673e-01  4.715e-01  4.748e-01  4.774e-01  4.795e-01  4.813e-01  4.828e-01  4.841e-01  4.852e-01  4.863e-01  4.872e-01  4.881e-01  4.889e-01  4.897e-01  4.905e-01  4.912e-01  4.919e-01  4.927e-01  4.934e-01  4.940e-01  4.947e-01  4.954e-01  4.961e-01  4.967e-01  4.974e-01  4.980e-01  4.987e-01  4.994e-01  5.000e-01  5.007e-01  5.013e-01  5.020e-01  5.026e-01  5.033e-01  5.039e-01  5.046e-01  5.052e-01  5.059e-01  5.065e-01  5.072e-01  5.078e-01  5.085e-01  5.091e-01 	
 3.591e-01  3.907e-01  4.154e-01  4.336e-01  4.469e-01  4.566e-01  4.638e-01  4.692e-01  4.733e-01  4.765e-01  4.790e-01  4.810e-01  4.827e-01  4.842e-01  4.854e-01  4.865e-01  4.875e-01  4.884e-01  4.893e-01  4.901e-01  4.909e-01  4.916e-01  4.923e-01  4.930e-01  4.937e-01  4.944e-01  4.951e-01  4.957e-01  4.964e-01  4.970e-01  4.977e-01  4.983e-01  4.990e-01  4.996e-01  5.003e-01  5.009e-01  5.016e-01  5.022e-01  5.029e-01  5.035e-01  5.042e-01  5.048e-01  5.054e-01  5.061e-01  5.067e-01  5.074e-01  5.080e-01  5.086e-01  5.093e-01  5.099e-01 	
 3.623e-01  3.936e-01  4.180e-01  4.359e-01  4.490e-01  4.585e-01  4.656e-01  4.708e-01  4.748e-01  4.779e-01  4.804e-01  4.823e-01  4.840e-01  4.854e-01  4.866e-01  4.876e-01  4.886e-01  4.895e-01  4.903e-01  4.911e-01  4.918e-01  4.926e-01  4.933e-01  4.940e-01  4.946e-01  4.953e-01  4.959e-01  4.966e-01  4.972e-01  4.979e-01  4.985e-01  4.992e-01  4.998e-01  5.005e-01  5.011e-01  5.017e-01  5.024e-01  5.030e-01  5.036e-01  5.043e-01  5.049e-01  5.056e-01  5.062e-01  5.068e-01  5.075e-01  5.081e-01  5.087e-01  5.094e-01  5.100e-01  5.107e-01 	
 3.651e-01  3.961e-01  4.202e-01  4.380e-01  4.508e-01  4.602e-01  4.671e-01  4.722e-01  4.761e-01  4.791e-01  4.815e-01  4.835e-01  4.851e-01  4.864e-01  4.876e-01  4.886e-01  4.896e-01  4.904e-01  4.912e-01  4.920e-01  4.927e-01  4.934e-01  4.941e-01  4.948e-01  4.954e-01  4.961e-01  4.967e-01  4.974e-01  4.980e-01  4.986e-01  4.993e-01  4.999e-01  5.005e-01  5.012e-01  5.018e-01  5.024e-01  5.031e-01  5.037e-01  5.043e-01  5.049e-01  5.056e-01  5.062e-01  5.068e-01  5.075e-01  5.081e-01  5.087e-01  5.094e-01  5.100e-01  5.106e-01  5.112e-01 	
 3.677e-01  3.984e-01  4.222e-01  4.398e-01  4.525e-01  4.617e-01  4.684e-01  4.735e-01  4.773e-01  4.803e-01  4.826e-01  4.845e-01  4.860e-01  4.873e-01  4.885e-01  4.895e-01  4.904e-01  4.912e-01  4.920e-01  4.928e-01  4.935e-01  4.942e-01  4.948e-01  4.955e-01  4.961e-01  4.968e-01  4.974e-01  4.980e-01  4.987e-01  4.993e-01  4.999e-01  5.005e-01  5.012e-01  5.018e-01  5.024e-01  5.030e-01  5.037e-01  5.043e-01  5.049e-01  5.055e-01  5.062e-01  5.068e-01  5.074e-01  5.081e-01  5.087e-01  5.093e-01  5.099e-01  5.106e-01  5.112e-01  5.118e-01 	
 3.699e-01  4.004e-01  4.240e-01  4.413e-01  4.539e-01  4.630e-01  4.696e-01  4.746e-01  4.783e-01  4.812e-01  4.835e-01  4.853e-01  4.869e-01  4.881e-01  4.893e-01  4.902e-01  4.911e-01  4.919e-01  4.927e-01  4.934e-01  4.941e-01  4.948e-01  4.955e-01  4.961e-01  4.967e-01  4.974e-01  4.980e-01  4.986e-01  4.992e-01  4.999e-01  5.005e-01  5.011e-01  5.017e-01  5.023e-01  5.030e-01  5.036e-01  5.042e-01  5.048e-01  5.054e-01  5.061e-01  5.067e-01  5.073e-01  5.079e-01  5.085e-01  5.092e-01  5.098e-01  5.104e-01  5.110e-01  5.117e-01  5.123e-01 	
 3.719e-01  4.022e-01  4.256e-01  4.428e-01  4.551e-01  4.641e-01  4.707e-01  4.756e-01  4.792e-01  4.821e-01  4.843e-01  4.861e-01  4.876e-01  4.889e-01  4.900e-01  4.909e-01  4.918e-01  4.926e-01  4.933e-01  4.940e-01  4.947e-01  4.954e-01  4.960e-01  4.967e-01  4.973e-01  4.979e-01  4.985e-01  4.992e-01  4.998e-01  5.004e-01  5.010e-01  5.016e-01  5.022e-01  5.028e-01  5.034e-01  5.041e-01  5.047e-01  5.053e-01  5.059e-01  5.065e-01  5.071e-01  5.078e-01  5.084e-01  5.090e-01  5.096e-01  5.102e-01  5.109e-01  5.115e-01  5.121e-01  5.127e-01 	
 3.738e-01  4.039e-01  4.271e-01  4.441e-01  4.563e-01  4.652e-01  4.716e-01  4.764e-01  4.801e-01  4.829e-01  4.851e-01  4.868e-01  4.883e-01  4.895e-01  4.906e-01  4.915e-01  4.924e-01  4.932e-01  4.939e-01  4.946e-01  4.953e-01  4.959e-01  4.966e-01  4.972e-01  4.978e-01  4.984e-01  4.990e-01  4.996e-01  5.002e-01  5.008e-01  5.015e-01  5.021e-01  5.027e-01  5.033e-01  5.039e-01  5.045e-01  5.051e-01  5.057e-01  5.063e-01  5.069e-01  5.076e-01  5.082e-01  5.088e-01  5.094e-01  5.100e-01  5.106e-01  5.113e-01  5.119e-01  5.125e-01  5.131e-01 	
 3.755e-01  4.054e-01  4.284e-01  4.452e-01  4.574e-01  4.661e-01  4.725e-01  4.772e-01  4.808e-01  4.836e-01  4.857e-01  4.875e-01  4.889e-01  4.901e-01  4.911e-01  4.921e-01  4.929e-01  4.937e-01  4.944e-01  4.951e-01  4.958e-01  4.964e-01  4.970e-01  4.976e-01  4.983e-01  4.989e-01  4.995e-01  5.001e-01  5.007e-01  5.013e-01  5.019e-01  5.025e-01  5.031e-01  5.037e-01  5.043e-01  5.049e-01  5.055e-01  5.061e-01  5.067e-01  5.073e-01  5.079e-01  5.085e-01  5.092e-01  5.098e-01  5.104e-01  5.110e-01  5.116e-01  5.122e-01  5.128e-01  5.135e-01 	
 3.771e-01  4.068e-01  4.297e-01  4.463e-01  4.583e-01  4.670e-01  4.733e-01  4.780e-01  4.815e-01  4.842e-01  4.863e-01  4.880e-01  4.895e-01  4.906e-01  4.917e-01  4.926e-01  4.934e-01  4.942e-01  4.949e-01  4.955e-01  4.962e-01  4.968e-01  4.975e-01  4.981e-01  4.987e-01  4.993e-01  4.999e-01  5.005e-01  5.011e-01  5.017e-01  5.023e-01  5.029e-01  5.034e-01  5.040e-01  5.046e-01  5.053e-01  5.059e-01  5.065e-01  5.071e-01  5.077e-01  5.083e-01  5.089e-01  5.095e-01  5.101e-01  5.107e-01  5.113e-01  5.119e-01  5.126e-01  5.132e-01  5.138e-01 	
 3.787e-01  4.081e-01  4.308e-01  4.474e-01  4.592e-01  4.678e-01  4.740e-01  4.787e-01  4.821e-01  4.848e-01  4.869e-01  4.886e-01  4.900e-01  4.911e-01  4.921e-01  4.930e-01  4.938e-01  4.946e-01  4.953e-01  4.960e-01  4.966e-01  4.972e-01  4.978e-01  4.985e-01  4.991e-01  4.996e-01  5.002e-01  5.008e-01  5.014e-01  5.020e-01  5.026e-01  5.032e-01  5.038e-01  5.044e-01  5.050e-01  5.056e-01  5.062e-01  5.068e-01  5.074e-01  5.080e-01  5.086e-01  5.092e-01  5.098e-01  5.104e-01  5.110e-01  5.116e-01  5.122e-01  5.129e-01  5.135e-01  5.141e-01 	
 3.801e-01  4.094e-01  4.319e-01  4.483e-01  4.601e-01  4.686e-01  4.747e-01  4.793e-01  4.827e-01  4.854e-01  4.874e-01  4.891e-01  4.905e-01  4.916e-01  4.926e-01  4.935e-01  4.943e-01  4.950e-01  4.957e-01  4.964e-01  4.970e-01  4.976e-01  4.982e-01  4.988e-01  4.994e-01  5.000e-01  5.006e-01  5.012e-01  5.018e-01  5.024e-01  5.029e-01  5.035e-01  5.041e-01  5.047e-01  5.053e-01  5.059e-01  5.065e-01  5.071e-01  5.077e-01  5.083e-01  5.089e-01  5.095e-01  5.101e-01  5.107e-01  5.113e-01  5.119e-01  5.125e-01  5.131e-01  5.137e-01  5.144e-01 	
 3.815e-01  4.106e-01  4.330e-01  4.492e-01  4.609e-01  4.693e-01  4.754e-01  4.799e-01  4.833e-01  4.859e-01  4.879e-01  4.896e-01  4.909e-01  4.921e-01  4.930e-01  4.939e-01  4.947e-01  4.954e-01  4.961e-01  4.967e-01  4.974e-01  4.980e-01  4.986e-01  4.992e-01  4.998e-01  5.003e-01  5.009e-01  5.015e-01  5.021e-01  5.027e-01  5.033e-01  5.038e-01  5.044e-01  5.050e-01  5.056e-01  5.062e-01  5.068e-01  5.074e-01  5.080e-01  5.086e-01  5.092e-01  5.098e-01  5.104e-01  5.110e-01  5.116e-01  5.122e-01  5.128e-01  5.134e-01  5.140e-01  5.146e-01 	
 3.828e-01  4.118e-01  4.340e-01  4.501e-01  4.617e-01  4.700e-01  4.760e-01  4.805e-01  4.839e-01  4.864e-01  4.884e-01  4.900e-01  4.914e-01  4.925e-01  4.934e-01  4.943e-01  4.951e-01  4.958e-01  4.965e-01  4.971e-01  4.977e-01  4.983e-01  4.989e-01  4.995e-01  5.001e-01  5.007e-01  5.012e-01  5.018e-01  5.024e-01  5.030e-01  5.036e-01  5.041e-01  5.047e-01  5.053e-01  5.059e-01  5.065e-01  5.071e-01  5.077e-01  5.083e-01  5.089e-01  5.095e-01  5.101e-01  5.107e-01  5.113e-01  5.119e-01  5.125e-01  5.131e-01  5.137e-01  5.143e-01  5.149e-01 	
 3.841e-01  4.129e-01  4.350e-01  4.510e-01  4.624e-01  4.707e-01  4.767e-01  4.811e-01  4.844e-01  4.869e-01  4.889e-01  4.905e-01  4.918e-01  4.929e-01  4.938e-01  4.947e-01  4.954e-01  4.961e-01  4.968e-01  4.974e-01  4.981e-01  4.987e-01  4.992e-01  4.998e-01  5.004e-01  5.010e-01  5.015e-01  5.021e-01  5.027e-01  5.033e-01  5.038e-01  5.044e-01  5.050e-01  5.056e-01  5.062e-01  5.068e-01  5.074e-01  5.079e-01  5.085e-01  5.091e-01  5.097e-01  5.103e-01  5.109e-01  5.115e-01  5.121e-01  5.127e-01  5.133e-01  5.139e-01  5.145e-01  5.151e-01 	
 3.854e-01  4.140e-01  4.359e-01  4.518e-01  4.632e-01  4.713e-01  4.773e-01  4.816e-01  4.849e-01  4.874e-01  4.893e-01  4.909e-01  4.922e-01  4.933e-01  4.942e-01  4.950e-01  4.958e-01  4.965e-01  4.972e-01  4.978e-01  4.984e-01  4.990e-01  4.996e-01  5.001e-01  5.007e-01  5.013e-01  5.018e-01  5.024e-01  5.030e-01  5.036e-01  5.041e-01  5.047e-01  5.053e-01  5.059e-01  5.065e-01  5.070e-01  5.076e-01  5.082e-01  5.088e-01  5.094e-01  5.100e-01  5.106e-01  5.112e-01  5.118e-01  5.124e-01  5.130e-01  5.136e-01  5.142e-01  5.148e-01  5.154e-01 	
 3.866e-01  4.151e-01  4.369e-01  4.526e-01  4.639e-01  4.720e-01  4.778e-01  4.821e-01  4.854e-01  4.879e-01  4.898e-01  4.913e-01  4.926e-01  4.937e-01  4.946e-01  4.954e-01  4.961e-01  4.968e-01  4.975e-01  4.981e-01  4.987e-01  4.993e-01  4.999e-01  5.004e-01  5.010e-01  5.016e-01  5.021e-01  5.027e-01  5.033e-01  5.038e-01  5.044e-01  5.050e-01  5.056e-01  5.061e-01  5.067e-01  5.073e-01  5.079e-01  5.085e-01  5.090e-01  5.096e-01  5.102e-01  5.108e-01  5.114e-01  5.120e-01  5.126e-01  5.132e-01  5.138e-01  5.144e-01  5.150e-01  5.156e-01 	
 3.878e-01  4.162e-01  4.378e-01  4.534e-01  4.646e-01  4.726e-01  4.784e-01  4.827e-01  4.859e-01  4.883e-01  4.902e-01  4.917e-01  4.930e-01  4.940e-01  4.949e-01  4.958e-01  4.965e-01  4.972e-01  4.978e-01  4.984e-01  4.990e-01  4.996e-01  5.002e-01  5.007e-01  5.013e-01  5.019e-01  5.024e-01  5.030e-01  5.035e-01  5.041e-01  5.047e-01  5.052e-01  5.058e-01  5.064e-01  5.070e-01  5.075e-01  5.081e-01  5.087e-01  5.093e-01  5.099e-01  5.105e-01  5.111e-01  5.117e-01  5.122e-01  5.128e-01  5.134e-01  5.140e-01  5.146e-01  5.152e-01  5.158e-01 	
 3.890e-01  4.172e-01  4.387e-01  4.542e-01  4.653e-01  4.732e-01  4.790e-01  4.832e-01  4.863e-01  4.888e-01  4.906e-01  4.921e-01  4.934e-01  4.944e-01  4.953e-01  4.961e-01  4.968e-01  4.975e-01  4.981e-01  4.987e-01  4.993e-01  4.999e-01  5.005e-01  5.010e-01  5.016e-01  5.021e-01  5.027e-01  5.033e-01  5.038e-01  5.044e-01  5.049e-01  5.055e-01  5.061e-01  5.066e-01  5.072e-01  5.078e-01  5.084e-01  5.090e-01  5.095e-01  5.101e-01  5.107e-01  5.113e-01  5.119e-01  5.125e-01  5.131e-01  5.137e-01  5.142e-01  5.148e-01  5.154e-01  5.160e-01 	
 3.903e-01  4.183e-01  4.396e-01  4.550e-01  4.660e-01  4.738e-01  4.795e-01  4.837e-01  4.868e-01  4.892e-01  4.911e-01  4.925e-01  4.938e-01  4.948e-01  4.957e-01  4.965e-01  4.972e-01  4.978e-01  4.985e-01  4.991e-01  4.996e-01  5.002e-01  5.008e-01  5.013e-01  5.019e-01  5.024e-01  5.030e-01  5.035e-01  5.041e-01  5.047e-01  5.052e-01  5.058e-01  5.063e-01  5.069e-01  5.075e-01  5.081e-01  5.086e-01  5.092e-01  5.098e-01  5.104e-01  5.110e-01  5.115e-01  5.121e-01  5.127e-01  5.133e-01  5.139e-01  5.145e-01  5.151e-01  5.157e-01  5.163e-01 	
 3.915e-01  4.193e-01  4.405e-01  4.558e-01  4.667e-01  4.744e-01  4.801e-01  4.842e-01  4.873e-01  4.897e-01  4.915e-01  4.929e-01  4.941e-01  4.952e-01  4.960e-01  4.968e-01  4.975e-01  4.982e-01  4.988e-01  4.994e-01  4.999e-01  5.005e-01  5.011e-01  5.016e-01  5.022e-01  5.027e-01  5.033e-01  5.038e-01  5.044e-01  5.049e-01  5.055e-01  5.060e-01  5.066e-01  5.072e-01  5.077e-01  5.083e-01  5.089e-01  5.095e-01  5.100e-01  5.106e-01  5.112e-01  5.118e-01  5.124e-01  5.129e-01  5.135e-01  5.141e-01  5.147e-01  5.153e-01  5.159e-01  5.165e-01 	
 3.927e-01  4.204e-01  4.414e-01  4.566e-01  4.673e-01  4.751e-01  4.806e-01  4.847e-01  4.878e-01  4.901e-01  4.919e-01  4.933e-01  4.945e-01  4.955e-01  4.964e-01  4.971e-01  4.978e-01  4.985e-01  4.991e-01  4.997e-01  5.003e-01  5.008e-01  5.014e-01  5.019e-01  5.024e-01  5.030e-01  5.035e-01  5.041e-01  5.046e-01  5.052e-01  5.057e-01  5.063e-01  5.069e-01  5.074e-01  5.080e-01  5.086e-01  5.091e-01  5.097e-01  5.103e-01  5.109e-01  5.114e-01  5.120e-01  5.126e-01  5.132e-01  5.138e-01  5.144e-01  5.149e-01  5.155e-01  5.161e-01  5.167e-01 	
 3.939e-01  4.215e-01  4.423e-01  4.574e-01  4.681e-01  4.757e-01  4.812e-01  4.853e-01  4.883e-01  4.906e-01  4.923e-01  4.938e-01  4.949e-01  4.959e-01  4.968e-01  4.975e-01  4.982e-01  4.988e-01  4.994e-01  5.000e-01  5.006e-01  5.011e-01  5.017e-01  5.022e-01  5.028e-01  5.033e-01  5.038e-01  5.044e-01  5.049e-01  5.055e-01  5.060e-01  5.066e-01  5.071e-01  5.077e-01  5.083e-01  5.088e-01  5.094e-01  5.100e-01  5.105e-01  5.111e-01  5.117e-01  5.123e-01  5.128e-01  5.134e-01  5.140e-01  5.146e-01  5.152e-01  5.158e-01  5.163e-01  5.169e-01 	
 3.952e-01  4.226e-01  4.433e-01  4.582e-01  4.688e-01  4.763e-01  4.818e-01  4.858e-01  4.888e-01  4.910e-01  4.928e-01  4.942e-01  4.953e-01  4.963e-01  4.971e-01  4.979e-01  4.986e-01  4.992e-01  4.998e-01  5.004e-01  5.009e-01  5.015e-01  5.020e-01  5.025e-01  5.031e-01  5.036e-01  5.041e-01  5.047e-01  5.052e-01  5.058e-01  5.063e-01  5.069e-01  5.074e-01  5.080e-01  5.085e-01  5.091e-01  5.097e-01  5.102e-01  5.108e-01  5.114e-01  5.119e-01  5.125e-01  5.131e-01  5.137e-01  5.142e-01  5.148e-01  5.154e-01  5.160e-01  5.166e-01  5.172e-01 	
 3.965e-01  4.237e-01  4.442e-01  4.590e-01  4.695e-01  4.770e-01  4.824e-01  4.863e-01  4.893e-01  4.915e-01  4.932e-01  4.946e-01  4.957e-01  4.967e-01  4.975e-01  4.982e-01  4.989e-01  4.995e-01  5.001e-01  5.007e-01  5.012e-01  5.018e-01  5.023e-01  5.028e-01  5.034e-01  5.039e-01  5.044e-01  5.050e-01  5.055e-01  5.060e-01  5.066e-01  5.071e-01  5.077e-01  5.082e-01  5.088e-01  5.094e-01  5.099e-01  5.105e-01  5.111e-01  5.116e-01  5.122e-01  5.128e-01  5.133e-01  5.139e-01  5.145e-01  5.151e-01  5.157e-01  5.162e-01  5.168e-01  5.174e-01 	
 3.978e-01  4.248e-01  4.452e-01  4.598e-01  4.702e-01  4.776e-01  4.829e-01  4.868e-01  4.897e-01  4.919e-01  4.936e-01  4.950e-01  4.961e-01  4.971e-01  4.979e-01  4.986e-01  4.992e-01  4.999e-01  5.004e-01  5.010e-01  5.015e-01  5.021e-01  5.026e-01  5.031e-01  5.036e-01  5.042e-01  5.047e-01  5.052e-01  5.058e-01  5.063e-01  5.068e-01  5.074e-01  5.079e-01  5.085e-01  5.090e-01  5.096e-01  5.102e-01  5.107e-01  5.113e-01  5.119e-01  5.124e-01  5.130e-01  5.136e-01  5.141e-01  5.147e-01  5.153e-01  5.159e-01  5.164e-01  5.170e-01  5.176e-01 	
 3.991e-01  4.259e-01  4.461e-01  4.606e-01  4.709e-01  4.782e-01  4.835e-01  4.874e-01  4.902e-01  4.924e-01  4.941e-01  4.954e-01  4.965e-01  4.974e-01  4.982e-01  4.990e-01  4.996e-01  5.002e-01  5.008e-01  5.013e-01  5.019e-01  5.024e-01  5.029e-01  5.034e-01  5.039e-01  5.045e-01  5.050e-01  5.055e-01  5.061e-01  5.066e-01  5.071e-01  5.077e-01  5.082e-01  5.088e-01  5.093e-01  5.099e-01  5.104e-01  5.110e-01  5.116e-01  5.121e-01  5.127e-01  5.133e-01  5.138e-01  5.144e-01  5.150e-01  5.156e-01  5.161e-01  5.167e-01  5.173e-01  5.179e-01 	
 4.004e-01  4.270e-01  4.471e-01  4.614e-01  4.716e-01  4.789e-01  4.841e-01  4.879e-01  4.907e-01  4.929e-01  4.945e-01  4.959e-01  4.969e-01  4.978e-01  4.986e-01  4.993e-01  5.000e-01  5.006e-01  5.011e-01  5.017e-01  5.022e-01  5.027e-01  5.032e-01  5.037e-01  5.043e-01  5.048e-01  5.053e-01  5.058e-01  5.064e-01  5.069e-01  5.074e-01  5.080e-01  5.085e-01  5.090e-01  5.096e-01  5.101e-01  5.107e-01  5.112e-01  5.118e-01  5.124e-01  5.129e-01  5.135e-01  5.141e-01  5.146e-01  5.152e-01  5.158e-01  5.164e-01  5.169e-01  5.175e-01  5.181e-01 	
 4.018e-01  4.282e-01  4.481e-01  4.623e-01  4.724e-01  4.796e-01  4.847e-01  4.885e-01  4.913e-01  4.934e-01  4.950e-01  4.963e-01  4.974e-01  4.983e-01  4.990e-01  4.997e-01  5.003e-01  5.009e-01  5.015e-01  5.020e-01  5.025e-01  5.031e-01  5.036e-01  5.041e-01  5.046e-01  5.051e-01  5.056e-01  5.061e-01  5.067e-01  5.072e-01  5.077e-01  5.082e-01  5.088e-01  5.093e-01  5.099e-01  5.104e-01  5.110e-01  5.115e-01  5.121e-01  5.126e-01  5.132e-01  5.138e-01  5.143e-01  5.149e-01  5.155e-01  5.161e-01  5.166e-01  5.172e-01  5.178e-01  5.183e-01 	
 4.032e-01  4.294e-01  4.491e-01  4.632e-01  4.732e-01  4.803e-01  4.853e-01  4.891e-01  4.918e-01  4.939e-01  4.955e-01  4.968e-01  4.978e-01  4.987e-01  4.994e-01  5.001e-01  5.007e-01  5.013e-01  5.018e-01  5.024e-01  5.029e-01  5.034e-01  5.039e-01  5.044e-01  5.049e-01  5.054e-01  5.059e-01  5.064e-01  5.070e-01  5.075e-01  5.080e-01  5.085e-01  5.091e-01  5.096e-01  5.102e-01  5.107e-01  5.113e-01  5.118e-01  5.124e-01  5.129e-01  5.135e-01  5.140e-01  5.146e-01  5.152e-01  5.157e-01  5.163e-01  5.169e-01  5.174e-01  5.180e-01  5.186e-01 	
 4.046e-01  4.306e-01  4.501e-01  4.641e-01  4.740e-01  4.810e-01  4.860e-01  4.896e-01  4.923e-01  4.944e-01  4.960e-01  4.972e-01  4.982e-01  4.991e-01  4.998e-01  5.005e-01  5.011e-01  5.017e-01  5.022e-01  5.027e-01  5.032e-01  5.037e-01  5.042e-01  5.047e-01  5.052e-01  5.058e-01  5.063e-01  5.068e-01  5.073e-01  5.078e-01  5.083e-01  5.089e-01  5.094e-01  5.099e-01  5.105e-01  5.110e-01  5.115e-01  5.121e-01  5.127e-01  5.132e-01  5.138e-01  5.143e-01  5.149e-01  5.154e-01  5.160e-01  5.166e-01  5.171e-01  5.177e-01  5.183e-01  5.189e-01 	
 4.061e-01  4.319e-01  4.512e-01  4.650e-01  4.748e-01  4.817e-01  4.866e-01  4.902e-01  4.929e-01  4.949e-01  4.965e-01  4.977e-01  4.987e-01  4.995e-01  5.003e-01  5.009e-01  5.015e-01  5.021e-01  5.026e-01  5.031e-01  5.036e-01  5.041e-01  5.046e-01  5.051e-01  5.056e-01  5.061e-01  5.066e-01  5.071e-01  5.076e-01  5.081e-01  5.086e-01  5.092e-01  5.097e-01  5.102e-01  5.108e-01  5.113e-01  5.118e-01  5.124e-01  5.129e-01  5.135e-01  5.140e-01  5.146e-01  5.152e-01  5.157e-01  5.163e-01  5.168e-01  5.174e-01  5.180e-01  5.185e-01  5.191e-01 	
 4.076e-01  4.331e-01  4.523e-01  4.659e-01  4.756e-01  4.824e-01  4.873e-01  4.908e-01  4.935e-01  4.954e-01  4.970e-01  4.982e-01  4.992e-01  5.000e-01  5.007e-01  5.013e-01  5.019e-01  5.025e-01  5.030e-01  5.035e-01  5.040e-01  5.045e-01  5.050e-01  5.054e-01  5.059e-01  5.064e-01  5.069e-01  5.074e-01  5.079e-01  5.084e-01  5.090e-01  5.095e-01  5.100e-01  5.105e-01  5.111e-01  5.116e-01  5.121e-01  5.127e-01  5.132e-01  5.138e-01  5.143e-01  5.149e-01  5.154e-01  5.160e-01  5.166e-01  5.171e-01  5.177e-01  5.183e-01  5.188e-01  5.194e-01 	
 4.091e-01  4.344e-01  4.534e-01  4.669e-01  4.764e-01  4.831e-01  4.879e-01  4.914e-01  4.940e-01  4.960e-01  4.975e-01  4.986e-01  4.996e-01  5.004e-01  5.011e-01  5.017e-01  5.023e-01  5.029e-01  5.034e-01  5.039e-01  5.044e-01  5.048e-01  5.053e-01  5.058e-01  5.063e-01  5.068e-01  5.073e-01  5.078e-01  5.083e-01  5.088e-01  5.093e-01  5.098e-01  5.103e-01  5.108e-01  5.114e-01  5.119e-01  5.124e-01  5.130e-01  5.135e-01  5.141e-01  5.146e-01  5.152e-01  5.157e-01  5.163e-01  5.168e-01  5.174e-01  5.180e-01  5.185e-01  5.191e-01  5.196e-01 	
 4.106e-01  4.357e-01  4.545e-01  4.678e-01  4.772e-01  4.838e-01  4.886e-01  4.920e-01  4.946e-01  4.965e-01  4.980e-01  4.991e-01  5.001e-01  5.009e-01  5.016e-01  5.022e-01  5.027e-01  5.033e-01  5.038e-01  5.042e-01  5.047e-01  5.052e-01  5.057e-01  5.062e-01  5.066e-01  5.071e-01  5.076e-01  5.081e-01  5.086e-01  5.091e-01  5.096e-01  5.101e-01  5.106e-01  5.112e-01  5.117e-01  5.122e-01  5.127e-01  5.133e-01  5.138e-01  5.144e-01  5.149e-01  5.155e-01  5.160e-01  5.166e-01  5.171e-01  5.177e-01  5.182e-01  5.188e-01  5.194e-01  5.199e-01 	
 4.121e-01  4.370e-01  4.556e-01  4.687e-01  4.780e-01  4.846e-01  4.893e-01  4.927e-01  4.952e-01  4.970e-01  4.985e-01  4.996e-01  5.005e-01  5.013e-01  5.020e-01  5.026e-01  5.031e-01  5.037e-01  5.042e-01  5.046e-01  5.051e-01  5.056e-01  5.060e-01  5.065e-01  5.070e-01  5.075e-01  5.080e-01  5.084e-01  5.089e-01  5.094e-01  5.099e-01  5.104e-01  5.110e-01  5.115e-01  5.120e-01  5.125e-01  5.131e-01  5.136e-01  5.141e-01  5.147e-01  5.152e-01  5.158e-01  5.163e-01  5.169e-01  5.174e-01  5.180e-01  5.185e-01  5.191e-01  5.196e-01  5.202e-01 	
 4.137e-01  4.383e-01  4.567e-01  4.697e-01  4.788e-01  4.853e-01  4.899e-01  4.933e-01  4.957e-01  4.976e-01  4.990e-01  5.001e-01  5.010e-01  5.018e-01  5.024e-01  5.030e-01  5.036e-01  5.041e-01  5.045e-01  5.050e-01  5.055e-01  5.059e-01  5.064e-01  5.069e-01  5.073e-01  5.078e-01  5.083e-01  5.088e-01  5.093e-01  5.098e-01  5.103e-01  5.108e-01  5.113e-01  5.118e-01  5.123e-01  5.128e-01  5.134e-01  5.139e-01  5.144e-01  5.150e-01  5.155e-01  5.160e-01  5.166e-01  5.171e-01  5.177e-01  5.182e-01  5.188e-01  5.193e-01  5.199e-01  5.205e-01 	
