 1.117e-04  1.232e-04  1.457e-04  1.788e-04  2.216e-04  2.734e-04  3.339e-04  4.027e-04  4.796e-04  5.647e-04  6.580e-04  7.594e-04  8.692e-04  9.873e-04  1.114e-03  1.249e-03  1.393e-03  1.545e-03  1.706e-03  1.875e-03  2.054e-03  2.241e-03  2.438e-03  2.643e-03  2.857e-03  3.081e-03  3.313e-03  3.555e-03  3.806e-03  4.066e-03  4.335e-03  4.613e-03  4.901e-03  5.198e-03  5.505e-03  5.821e-03  6.146e-03  6.480e-03  6.824e-03  7.177e-03  7.540e-03  7.910e-03  8.288e-03  8.670e-03  9.048e-03  9.413e-03  9.747e-03  1.003e-02  1.023e-02  1.034e-02 	
 1.249e-04  1.376e-04  1.625e-04  1.990e-04  2.462e-04  3.033e-04  3.699e-04  4.456e-04  5.302e-04  6.236e-04  7.259e-04  8.371e-04  9.573e-04  1.087e-03  1.225e-03  1.373e-03  1.529e-03  1.695e-03  1.871e-03  2.056e-03  2.250e-03  2.454e-03  2.668e-03  2.891e-03  3.123e-03  3.366e-03  3.618e-03  3.880e-03  4.151e-03  4.433e-03  4.724e-03  5.025e-03  5.336e-03  5.657e-03  5.988e-03  6.329e-03  6.680e-03  7.041e-03  7.412e-03  7.792e-03  8.182e-03  8.582e-03  8.988e-03  9.398e-03  9.806e-03  1.020e-02  1.056e-02  1.086e-02  1.108e-02  1.120e-02 	
 1.490e-04  1.639e-04  1.931e-04  2.358e-04  2.910e-04  3.578e-04  4.356e-04  5.238e-04  6.223e-04  7.310e-04  8.499e-04  9.790e-04  1.118e-03  1.268e-03  1.428e-03  1.598e-03  1.779e-03  1.971e-03  2.173e-03  2.386e-03  2.609e-03  2.843e-03  3.088e-03  3.343e-03  3.610e-03  3.887e-03  4.175e-03  4.474e-03  4.784e-03  5.105e-03  5.437e-03  5.780e-03  6.133e-03  6.498e-03  6.874e-03  7.261e-03  7.659e-03  8.068e-03  8.488e-03  8.918e-03  9.360e-03  9.811e-03  1.027e-02  1.073e-02  1.119e-02  1.164e-02  1.204e-02  1.238e-02  1.263e-02  1.276e-02 	
 1.803e-04  1.980e-04  2.327e-04  2.835e-04  3.492e-04  4.285e-04  5.208e-04  6.255e-04  7.421e-04  8.707e-04  1.011e-03  1.164e-03  1.328e-03  1.504e-03  1.693e-03  1.893e-03  2.105e-03  2.330e-03  2.567e-03  2.816e-03  3.077e-03  3.351e-03  3.637e-03  3.935e-03  4.245e-03  4.568e-03  4.904e-03  5.251e-03  5.611e-03  5.984e-03  6.369e-03  6.767e-03  7.177e-03  7.599e-03  8.034e-03  8.481e-03  8.941e-03  9.413e-03  9.898e-03  1.039e-02  1.090e-02  1.142e-02  1.195e-02  1.249e-02  1.301e-02  1.352e-02  1.399e-02  1.438e-02  1.467e-02  1.482e-02 	
 2.150e-04  2.358e-04  2.768e-04  3.366e-04  4.139e-04  5.073e-04  6.158e-04  7.388e-04  8.759e-04  1.027e-03  1.192e-03  1.370e-03  1.562e-03  1.769e-03  1.989e-03  2.223e-03  2.471e-03  2.733e-03  3.009e-03  3.299e-03  3.603e-03  3.922e-03  4.254e-03  4.600e-03  4.961e-03  5.336e-03  5.724e-03  6.127e-03  6.545e-03  6.976e-03  7.421e-03  7.881e-03  8.355e-03  8.843e-03  9.345e-03  9.861e-03  1.039e-02  1.094e-02  1.149e-02  1.207e-02  1.265e-02  1.325e-02  1.386e-02  1.447e-02  1.508e-02  1.566e-02  1.620e-02  1.665e-02  1.697e-02  1.715e-02 	
 2.506e-04  2.747e-04  3.220e-04  3.912e-04  4.806e-04  5.886e-04  7.140e-04  8.561e-04  1.014e-03  1.189e-03  1.379e-03  1.585e-03  1.806e-03  2.044e-03  2.298e-03  2.567e-03  2.853e-03  3.154e-03  3.471e-03  3.805e-03  4.154e-03  4.519e-03  4.901e-03  5.298e-03  5.711e-03  6.141e-03  6.586e-03  7.048e-03  7.525e-03  8.019e-03  8.528e-03  9.054e-03  9.595e-03  1.015e-02  1.073e-02  1.131e-02  1.192e-02  1.254e-02  1.318e-02  1.383e-02  1.450e-02  1.518e-02  1.587e-02  1.657e-02  1.726e-02  1.792e-02  1.853e-02  1.904e-02  1.942e-02  1.961e-02 	
 2.860e-04  3.134e-04  3.672e-04  4.459e-04  5.476e-04  6.704e-04  8.131e-04  9.747e-04  1.155e-03  1.353e-03  1.569e-03  1.803e-03  2.055e-03  2.325e-03  2.613e-03  2.919e-03  3.242e-03  3.584e-03  3.944e-03  4.322e-03  4.718e-03  5.132e-03  5.564e-03  6.015e-03  6.483e-03  6.969e-03  7.473e-03  7.995e-03  8.535e-03  9.093e-03  9.669e-03  1.026e-02  1.088e-02  1.151e-02  1.215e-02  1.282e-02  1.350e-02  1.420e-02  1.492e-02  1.566e-02  1.641e-02  1.718e-02  1.796e-02  1.874e-02  1.952e-02  2.027e-02  2.096e-02  2.153e-02  2.195e-02  2.217e-02 	
 3.217e-04  3.525e-04  4.131e-04  5.016e-04  6.159e-04  7.541e-04  9.146e-04  1.096e-03  1.299e-03  1.522e-03  1.765e-03  2.028e-03  2.312e-03  2.615e-03  2.939e-03  3.283e-03  3.647e-03  4.031e-03  4.436e-03  4.860e-03  5.305e-03  5.770e-03  6.256e-03  6.761e-03  7.287e-03  7.833e-03  8.398e-03  8.984e-03  9.591e-03  1.022e-02  1.086e-02  1.153e-02  1.222e-02  1.292e-02  1.365e-02  1.439e-02  1.516e-02  1.594e-02  1.675e-02  1.757e-02  1.841e-02  1.927e-02  2.015e-02  2.103e-02  2.190e-02  2.274e-02  2.350e-02  2.415e-02  2.462e-02  2.487e-02 	
 3.591e-04  3.936e-04  4.613e-04  5.603e-04  6.882e-04  8.428e-04  1.022e-03  1.226e-03  1.452e-03  1.702e-03  1.974e-03  2.268e-03  2.586e-03  2.925e-03  3.288e-03  3.672e-03  4.080e-03  4.510e-03  4.962e-03  5.437e-03  5.935e-03  6.455e-03  6.997e-03  7.563e-03  8.150e-03  8.760e-03  9.393e-03  1.005e-02  1.073e-02  1.142e-02  1.215e-02  1.289e-02  1.366e-02  1.445e-02  1.526e-02  1.609e-02  1.694e-02  1.782e-02  1.872e-02  1.964e-02  2.058e-02  2.154e-02  2.251e-02  2.349e-02  2.446e-02  2.540e-02  2.625e-02  2.697e-02  2.749e-02  2.777e-02 	
 4.000e-04  4.385e-04  5.142e-04  6.248e-04  7.676e-04  9.403e-04  1.141e-03  1.368e-03  1.622e-03  1.900e-03  2.204e-03  2.533e-03  2.888e-03  3.267e-03  3.672e-03  4.102e-03  4.557e-03  5.038e-03  5.543e-03  6.074e-03  6.630e-03  7.211e-03  7.817e-03  8.448e-03  9.105e-03  9.786e-03  1.049e-02  1.122e-02  1.198e-02  1.276e-02  1.357e-02  1.440e-02  1.525e-02  1.613e-02  1.704e-02  1.797e-02  1.892e-02  1.990e-02  2.090e-02  2.192e-02  2.297e-02  2.404e-02  2.513e-02  2.622e-02  2.730e-02  2.834e-02  2.929e-02  3.009e-02  3.067e-02  3.098e-02 	
 4.461e-04  4.892e-04  5.738e-04  6.975e-04  8.573e-04  1.050e-03  1.275e-03  1.529e-03  1.812e-03  2.124e-03  2.464e-03  2.833e-03  3.229e-03  3.654e-03  4.107e-03  4.588e-03  5.097e-03  5.634e-03  6.200e-03  6.794e-03  7.415e-03  8.065e-03  8.743e-03  9.449e-03  1.018e-02  1.094e-02  1.173e-02  1.255e-02  1.340e-02  1.427e-02  1.517e-02  1.610e-02  1.705e-02  1.804e-02  1.905e-02  2.008e-02  2.115e-02  2.224e-02  2.336e-02  2.450e-02  2.567e-02  2.686e-02  2.807e-02  2.929e-02  3.050e-02  3.166e-02  3.272e-02  3.361e-02  3.426e-02  3.460e-02 	
 4.992e-04  5.475e-04  6.424e-04  7.811e-04  9.603e-04  1.177e-03  1.429e-03  1.714e-03  2.032e-03  2.381e-03  2.763e-03  3.176e-03  3.621e-03  4.097e-03  4.605e-03  5.144e-03  5.715e-03  6.318e-03  6.952e-03  7.618e-03  8.315e-03  9.043e-03  9.803e-03  1.059e-02  1.142e-02  1.227e-02  1.316e-02  1.407e-02  1.502e-02  1.600e-02  1.701e-02  1.804e-02  1.911e-02  2.022e-02  2.135e-02  2.251e-02  2.370e-02  2.492e-02  2.617e-02  2.745e-02  2.876e-02  3.009e-02  3.144e-02  3.280e-02  3.415e-02  3.545e-02  3.663e-02  3.763e-02  3.835e-02  3.874e-02 	
 5.610e-04  6.153e-04  7.221e-04  8.782e-04  1.080e-03  1.324e-03  1.607e-03  1.928e-03  2.285e-03  2.679e-03  3.108e-03  3.573e-03  4.073e-03  4.609e-03  5.181e-03  5.788e-03  6.430e-03  7.108e-03  7.821e-03  8.570e-03  9.354e-03  1.017e-02  1.103e-02  1.192e-02  1.284e-02  1.380e-02  1.480e-02  1.583e-02  1.689e-02  1.799e-02  1.912e-02  2.029e-02  2.149e-02  2.273e-02  2.400e-02  2.530e-02  2.663e-02  2.800e-02  2.941e-02  3.084e-02  3.231e-02  3.380e-02  3.532e-02  3.684e-02  3.835e-02  3.980e-02  4.112e-02  4.224e-02  4.305e-02  4.348e-02 	
 6.331e-04  6.945e-04  8.152e-04  9.915e-04  1.219e-03  1.495e-03  1.815e-03  2.177e-03  2.581e-03  3.025e-03  3.510e-03  4.035e-03  4.600e-03  5.205e-03  5.851e-03  6.536e-03  7.261e-03  8.027e-03  8.832e-03  9.677e-03  1.056e-02  1.149e-02  1.245e-02  1.345e-02  1.450e-02  1.558e-02  1.670e-02  1.786e-02  1.906e-02  2.030e-02  2.158e-02  2.289e-02  2.425e-02  2.564e-02  2.707e-02  2.853e-02  3.004e-02  3.158e-02  3.315e-02  3.477e-02  3.641e-02  3.809e-02  3.979e-02  4.151e-02  4.320e-02  4.482e-02  4.631e-02  4.756e-02  4.847e-02  4.895e-02 	
 7.178e-04  7.874e-04  9.242e-04  1.124e-03  1.382e-03  1.695e-03  2.058e-03  2.469e-03  2.926e-03  3.430e-03  3.980e-03  4.575e-03  5.216e-03  5.902e-03  6.633e-03  7.410e-03  8.232e-03  9.099e-03  1.001e-02  1.097e-02  1.197e-02  1.302e-02  1.411e-02  1.525e-02  1.643e-02  1.765e-02  1.892e-02  2.024e-02  2.159e-02  2.299e-02  2.444e-02  2.592e-02  2.745e-02  2.903e-02  3.064e-02  3.229e-02  3.399e-02  3.573e-02  3.750e-02  3.932e-02  4.118e-02  4.307e-02  4.498e-02  4.691e-02  4.881e-02  5.064e-02  5.231e-02  5.371e-02  5.473e-02  5.527e-02 	
 8.174e-04  8.966e-04  1.052e-03  1.280e-03  1.574e-03  1.930e-03  2.343e-03  2.811e-03  3.332e-03  3.905e-03  4.531e-03  5.208e-03  5.937e-03  6.718e-03  7.550e-03  8.434e-03  9.369e-03  1.036e-02  1.139e-02  1.248e-02  1.362e-02  1.481e-02  1.605e-02  1.735e-02  1.869e-02  2.008e-02  2.152e-02  2.301e-02  2.455e-02  2.614e-02  2.778e-02  2.946e-02  3.120e-02  3.298e-02  3.480e-02  3.668e-02  3.860e-02  4.056e-02  4.257e-02  4.462e-02  4.672e-02  4.885e-02  5.101e-02  5.318e-02  5.532e-02  5.738e-02  5.926e-02  6.084e-02  6.199e-02  6.260e-02 	
 9.347e-04  1.025e-03  1.203e-03  1.464e-03  1.800e-03  2.206e-03  2.678e-03  3.213e-03  3.809e-03  4.464e-03  5.179e-03  5.953e-03  6.786e-03  7.678e-03  8.629e-03  9.638e-03  1.071e-02  1.183e-02  1.302e-02  1.426e-02  1.556e-02  1.692e-02  1.833e-02  1.981e-02  2.134e-02  2.292e-02  2.457e-02  2.626e-02  2.802e-02  2.983e-02  3.169e-02  3.360e-02  3.557e-02  3.760e-02  3.967e-02  4.180e-02  4.397e-02  4.620e-02  4.847e-02  5.079e-02  5.316e-02  5.557e-02  5.801e-02  6.046e-02  6.288e-02  6.520e-02  6.731e-02  6.909e-02  7.038e-02  7.107e-02 	
 1.073e-03  1.177e-03  1.382e-03  1.680e-03  2.066e-03  2.532e-03  3.074e-03  3.688e-03  4.371e-03  5.123e-03  5.943e-03  6.831e-03  7.786e-03  8.809e-03  9.899e-03  1.106e-02  1.228e-02  1.357e-02  1.493e-02  1.635e-02  1.784e-02  1.940e-02  2.102e-02  2.270e-02  2.445e-02  2.626e-02  2.814e-02  3.008e-02  3.208e-02  3.415e-02  3.627e-02  3.845e-02  4.070e-02  4.300e-02  4.536e-02  4.777e-02  5.024e-02  5.277e-02  5.535e-02  5.798e-02  6.066e-02  6.338e-02  6.614e-02  6.890e-02  7.163e-02  7.425e-02  7.663e-02  7.863e-02  8.008e-02  8.085e-02 	
 1.237e-03  1.357e-03  1.592e-03  1.936e-03  2.381e-03  2.918e-03  3.542e-03  4.249e-03  5.036e-03  5.902e-03  6.846e-03  7.868e-03  8.967e-03  1.014e-02  1.140e-02  1.273e-02  1.414e-02  1.562e-02  1.718e-02  1.882e-02  2.053e-02  2.231e-02  2.417e-02  2.611e-02  2.811e-02  3.019e-02  3.234e-02  3.456e-02  3.685e-02  3.921e-02  4.164e-02  4.413e-02  4.669e-02  4.931e-02  5.200e-02  5.475e-02  5.756e-02  6.042e-02  6.335e-02  6.633e-02  6.936e-02  7.244e-02  7.556e-02  7.868e-02  8.175e-02  8.469e-02  8.737e-02  8.962e-02  9.126e-02  9.213e-02 	
 1.431e-03  1.570e-03  1.842e-03  2.240e-03  2.754e-03  3.375e-03  4.096e-03  4.913e-03  5.822e-03  6.822e-03  7.913e-03  9.094e-03  1.036e-02  1.172e-02  1.317e-02  1.471e-02  1.633e-02  1.804e-02  1.984e-02  2.173e-02  2.370e-02  2.575e-02  2.789e-02  3.012e-02  3.242e-02  3.481e-02  3.728e-02  3.983e-02  4.245e-02  4.515e-02  4.793e-02  5.078e-02  5.370e-02  5.669e-02  5.975e-02  6.287e-02  6.607e-02  6.932e-02  7.264e-02  7.601e-02  7.944e-02  8.292e-02  8.643e-02  8.995e-02  9.341e-02  9.672e-02  9.972e-02  1.023e-01  1.041e-01  1.051e-01 	
 1.662e-03  1.823e-03  2.138e-03  2.600e-03  3.196e-03  3.916e-03  4.753e-03  5.700e-03  6.754e-03  7.914e-03  9.178e-03  1.055e-02  1.202e-02  1.359e-02  1.527e-02  1.705e-02  1.893e-02  2.091e-02  2.298e-02  2.516e-02  2.744e-02  2.981e-02  3.228e-02  3.484e-02  3.750e-02  4.024e-02  4.308e-02  4.600e-02  4.901e-02  5.211e-02  5.528e-02  5.854e-02  6.187e-02  6.528e-02  6.877e-02  7.232e-02  7.595e-02  7.964e-02  8.339e-02  8.720e-02  9.108e-02  9.499e-02  9.894e-02  1.029e-01  1.068e-01  1.105e-01  1.138e-01  1.167e-01  1.187e-01  1.198e-01 	
 1.936e-03  2.123e-03  2.491e-03  3.028e-03  3.722e-03  4.560e-03  5.533e-03  6.635e-03  7.862e-03  9.211e-03  1.068e-02  1.227e-02  1.398e-02  1.581e-02  1.775e-02  1.982e-02  2.200e-02  2.429e-02  2.670e-02  2.922e-02  3.186e-02  3.460e-02  3.745e-02  4.041e-02  4.346e-02  4.663e-02  4.989e-02  5.324e-02  5.670e-02  6.024e-02  6.387e-02  6.759e-02  7.139e-02  7.528e-02  7.923e-02  8.327e-02  8.737e-02  9.155e-02  9.578e-02  1.001e-01  1.044e-01  1.088e-01  1.133e-01  1.177e-01  1.220e-01  1.261e-01  1.299e-01  1.330e-01  1.353e-01  1.365e-01 	
 2.264e-03  2.482e-03  2.911e-03  3.538e-03  4.348e-03  5.327e-03  6.463e-03  7.749e-03  9.180e-03  1.075e-02  1.247e-02  1.432e-02  1.631e-02  1.844e-02  2.071e-02  2.311e-02  2.564e-02  2.831e-02  3.110e-02  3.403e-02  3.708e-02  4.025e-02  4.354e-02  4.696e-02  5.048e-02  5.412e-02  5.787e-02  6.172e-02  6.568e-02  6.973e-02  7.388e-02  7.812e-02  8.244e-02  8.685e-02  9.134e-02  9.590e-02  1.005e-01  1.052e-01  1.100e-01  1.148e-01  1.197e-01  1.246e-01  1.295e-01  1.344e-01  1.392e-01  1.438e-01  1.480e-01  1.514e-01  1.540e-01  1.553e-01 	
 2.655e-03  2.911e-03  3.414e-03  4.148e-03  5.097e-03  6.243e-03  7.573e-03  9.078e-03  1.075e-02  1.259e-02  1.460e-02  1.676e-02  1.909e-02  2.158e-02  2.422e-02  2.701e-02  2.997e-02  3.307e-02  3.631e-02  3.971e-02  4.324e-02  4.691e-02  5.072e-02  5.466e-02  5.872e-02  6.290e-02  6.721e-02  7.162e-02  7.614e-02  8.077e-02  8.549e-02  9.031e-02  9.521e-02  1.002e-01  1.053e-01  1.104e-01  1.156e-01  1.209e-01  1.262e-01  1.316e-01  1.370e-01  1.424e-01  1.479e-01  1.533e-01  1.586e-01  1.636e-01  1.682e-01  1.720e-01  1.748e-01  1.762e-01 	
 3.124e-03  3.425e-03  4.016e-03  4.879e-03  5.993e-03  7.340e-03  8.902e-03  1.067e-02  1.263e-02  1.479e-02  1.714e-02  1.968e-02  2.240e-02  2.531e-02  2.839e-02  3.166e-02  3.510e-02  3.871e-02  4.248e-02  4.642e-02  5.052e-02  5.476e-02  5.916e-02  6.369e-02  6.837e-02  7.317e-02  7.809e-02  8.314e-02  8.829e-02  9.355e-02  9.890e-02  1.044e-01  1.099e-01  1.155e-01  1.212e-01  1.269e-01  1.327e-01  1.386e-01  1.445e-01  1.504e-01  1.564e-01  1.624e-01  1.684e-01  1.743e-01  1.801e-01  1.856e-01  1.906e-01  1.947e-01  1.977e-01  1.993e-01 	
 3.688e-03  4.043e-03  4.739e-03  5.757e-03  7.070e-03  8.656e-03  1.050e-02  1.257e-02  1.489e-02  1.742e-02  2.018e-02  2.316e-02  2.635e-02  2.975e-02  3.336e-02  3.718e-02  4.119e-02  4.539e-02  4.978e-02  5.434e-02  5.908e-02  6.399e-02  6.905e-02  7.427e-02  7.962e-02  8.511e-02  9.073e-02  9.647e-02  1.023e-01  1.083e-01  1.143e-01  1.204e-01  1.266e-01  1.329e-01  1.392e-01  1.456e-01  1.520e-01  1.585e-01  1.650e-01  1.715e-01  1.781e-01  1.846e-01  1.911e-01  1.975e-01  2.038e-01  2.097e-01  2.151e-01  2.195e-01  2.227e-01  2.244e-01 	
 4.369e-03  4.788e-03  5.612e-03  6.814e-03  8.366e-03  1.024e-02  1.241e-02  1.486e-02  1.759e-02  2.058e-02  2.382e-02  2.732e-02  3.107e-02  3.506e-02  3.928e-02  4.373e-02  4.840e-02  5.329e-02  5.838e-02  6.367e-02  6.914e-02  7.479e-02  8.060e-02  8.658e-02  9.269e-02  9.894e-02  1.053e-01  1.118e-01  1.184e-01  1.251e-01  1.318e-01  1.387e-01  1.456e-01  1.525e-01  1.595e-01  1.665e-01  1.736e-01  1.806e-01  1.877e-01  1.948e-01  2.019e-01  2.089e-01  2.159e-01  2.228e-01  2.295e-01  2.358e-01  2.415e-01  2.462e-01  2.496e-01  2.514e-01 	
 5.192e-03  5.690e-03  6.667e-03  8.092e-03  9.931e-03  1.215e-02  1.472e-02  1.762e-02  2.084e-02  2.436e-02  2.819e-02  3.230e-02  3.670e-02  4.137e-02  4.631e-02  5.150e-02  5.694e-02  6.261e-02  6.850e-02  7.461e-02  8.090e-02  8.738e-02  9.403e-02  1.008e-01  1.078e-01  1.148e-01  1.220e-01  1.293e-01  1.367e-01  1.441e-01  1.516e-01  1.592e-01  1.668e-01  1.744e-01  1.820e-01  1.897e-01  1.973e-01  2.050e-01  2.126e-01  2.202e-01  2.277e-01  2.352e-01  2.427e-01  2.500e-01  2.570e-01  2.636e-01  2.696e-01  2.746e-01  2.781e-01  2.800e-01 	
 6.193e-03  6.785e-03  7.946e-03  9.641e-03  1.183e-02  1.446e-02  1.751e-02  2.094e-02  2.475e-02  2.891e-02  3.342e-02  3.826e-02  4.342e-02  4.889e-02  5.465e-02  6.070e-02  6.701e-02  7.357e-02  8.036e-02  8.737e-02  9.458e-02  1.020e-01  1.095e-01  1.172e-01  1.250e-01  1.330e-01  1.410e-01  1.491e-01  1.573e-01  1.655e-01  1.737e-01  1.820e-01  1.902e-01  1.985e-01  2.068e-01  2.150e-01  2.232e-01  2.313e-01  2.394e-01  2.474e-01  2.554e-01  2.633e-01  2.711e-01  2.787e-01  2.860e-01  2.929e-01  2.991e-01  3.042e-01  3.079e-01  3.098e-01 	
 7.414e-03  8.119e-03  9.504e-03  1.152e-02  1.412e-02  1.725e-02  2.087e-02  2.495e-02  2.945e-02  3.437e-02  3.968e-02  4.536e-02  5.141e-02  5.780e-02  6.451e-02  7.153e-02  7.882e-02  8.638e-02  9.417e-02  1.022e-01  1.104e-01  1.187e-01  1.272e-01  1.359e-01  1.446e-01  1.534e-01  1.623e-01  1.712e-01  1.802e-01  1.891e-01  1.981e-01  2.070e-01  2.159e-01  2.247e-01  2.335e-01  2.422e-01  2.509e-01  2.595e-01  2.679e-01  2.763e-01  2.846e-01  2.927e-01  3.008e-01  3.086e-01  3.161e-01  3.231e-01  3.294e-01  3.346e-01  3.383e-01  3.403e-01 	
 8.907e-03  9.750e-03  1.140e-02  1.382e-02  1.692e-02  2.065e-02  2.495e-02  2.978e-02  3.511e-02  4.091e-02  4.716e-02  5.383e-02  6.090e-02  6.834e-02  7.613e-02  8.423e-02  9.261e-02  1.013e-01  1.101e-01  1.192e-01  1.284e-01  1.378e-01  1.473e-01  1.569e-01  1.666e-01  1.762e-01  1.860e-01  1.957e-01  2.053e-01  2.150e-01  2.245e-01  2.341e-01  2.435e-01  2.528e-01  2.620e-01  2.712e-01  2.802e-01  2.890e-01  2.978e-01  3.064e-01  3.148e-01  3.231e-01  3.312e-01  3.391e-01  3.467e-01  3.538e-01  3.600e-01  3.652e-01  3.690e-01  3.710e-01 	
 1.074e-02  1.175e-02  1.373e-02  1.661e-02  2.032e-02  2.476e-02  2.988e-02  3.561e-02  4.191e-02  4.875e-02  5.608e-02  6.388e-02  7.211e-02  8.073e-02  8.971e-02  9.900e-02  1.086e-01  1.184e-01  1.284e-01  1.386e-01  1.489e-01  1.593e-01  1.698e-01  1.803e-01  1.909e-01  2.014e-01  2.118e-01  2.222e-01  2.326e-01  2.428e-01  2.529e-01  2.629e-01  2.727e-01  2.824e-01  2.919e-01  3.013e-01  3.105e-01  3.195e-01  3.284e-01  3.371e-01  3.456e-01  3.539e-01  3.620e-01  3.698e-01  3.773e-01  3.843e-01  3.905e-01  3.956e-01  3.993e-01  4.012e-01 	
 1.299e-02  1.420e-02  1.658e-02  2.003e-02  2.446e-02  2.975e-02  3.583e-02  4.262e-02  5.006e-02  5.809e-02  6.667e-02  7.574e-02  8.527e-02  9.520e-02  1.055e-01  1.161e-01  1.269e-01  1.379e-01  1.491e-01  1.604e-01  1.718e-01  1.833e-01  1.947e-01  2.061e-01  2.174e-01  2.286e-01  2.398e-01  2.507e-01  2.616e-01  2.722e-01  2.827e-01  2.930e-01  3.031e-01  3.130e-01  3.227e-01  3.322e-01  3.414e-01  3.504e-01  3.593e-01  3.679e-01  3.763e-01  3.844e-01  3.924e-01  4.001e-01  4.074e-01  4.141e-01  4.201e-01  4.251e-01  4.286e-01  4.305e-01 	
 1.577e-02  1.722e-02  2.007e-02  2.420e-02  2.948e-02  3.579e-02  4.300e-02  5.102e-02  5.977e-02  6.916e-02  7.914e-02  8.964e-02  1.006e-01  1.119e-01  1.236e-01  1.355e-01  1.477e-01  1.599e-01  1.723e-01  1.847e-01  1.971e-01  2.095e-01  2.217e-01  2.339e-01  2.459e-01  2.577e-01  2.693e-01  2.808e-01  2.919e-01  3.029e-01  3.136e-01  3.240e-01  3.342e-01  3.441e-01  3.538e-01  3.631e-01  3.723e-01  3.812e-01  3.898e-01  3.982e-01  4.063e-01  4.142e-01  4.219e-01  4.292e-01  4.362e-01  4.427e-01  4.484e-01  4.532e-01  4.565e-01  4.583e-01 	
 1.918e-02  2.093e-02  2.434e-02  2.928e-02  3.558e-02  4.307e-02  5.160e-02  6.103e-02  7.126e-02  8.219e-02  9.372e-02  1.058e-01  1.182e-01  1.311e-01  1.442e-01  1.575e-01  1.709e-01  1.844e-01  1.978e-01  2.113e-01  2.246e-01  2.377e-01  2.507e-01  2.634e-01  2.759e-01  2.882e-01  3.001e-01  3.118e-01  3.231e-01  3.341e-01  3.448e-01  3.552e-01  3.653e-01  3.751e-01  3.845e-01  3.936e-01  4.025e-01  4.111e-01  4.194e-01  4.274e-01  4.352e-01  4.427e-01  4.499e-01  4.569e-01  4.635e-01  4.696e-01  4.750e-01  4.794e-01  4.825e-01  4.842e-01 	
 2.336e-02  2.545e-02  2.953e-02  3.543e-02  4.292e-02  5.178e-02  6.182e-02  7.286e-02  8.476e-02  9.737e-02  1.106e-01  1.243e-01  1.383e-01  1.527e-01  1.672e-01  1.819e-01  1.965e-01  2.111e-01  2.255e-01  2.398e-01  2.539e-01  2.677e-01  2.811e-01  2.943e-01  3.071e-01  3.195e-01  3.316e-01  3.432e-01  3.545e-01  3.654e-01  3.759e-01  3.860e-01  3.958e-01  4.052e-01  4.143e-01  4.231e-01  4.315e-01  4.396e-01  4.474e-01  4.550e-01  4.623e-01  4.693e-01  4.761e-01  4.825e-01  4.887e-01  4.943e-01  4.993e-01  5.034e-01  5.063e-01  5.079e-01 	
 2.846e-02  3.096e-02  3.582e-02  4.283e-02  5.169e-02  6.213e-02  7.387e-02  8.670e-02  1.004e-01  1.148e-01  1.298e-01  1.452e-01  1.609e-01  1.768e-01  1.927e-01  2.085e-01  2.243e-01  2.398e-01  2.551e-01  2.700e-01  2.846e-01  2.988e-01  3.125e-01  3.258e-01  3.387e-01  3.511e-01  3.630e-01  3.744e-01  3.854e-01  3.960e-01  4.061e-01  4.159e-01  4.252e-01  4.341e-01  4.426e-01  4.509e-01  4.587e-01  4.663e-01  4.736e-01  4.806e-01  4.873e-01  4.938e-01  5.000e-01  5.059e-01  5.115e-01  5.167e-01  5.213e-01  5.250e-01  5.277e-01  5.291e-01 	
 3.462e-02  3.759e-02  4.336e-02  5.163e-02  6.206e-02  7.426e-02  8.790e-02  1.027e-01  1.183e-01  1.347e-01  1.515e-01  1.686e-01  1.858e-01  2.031e-01  2.202e-01  2.372e-01  2.538e-01  2.701e-01  2.859e-01  3.013e-01  3.161e-01  3.305e-01  3.442e-01  3.574e-01  3.701e-01  3.822e-01  3.938e-01  4.048e-01  4.153e-01  4.254e-01  4.349e-01  4.441e-01  4.528e-01  4.611e-01  4.690e-01  4.766e-01  4.838e-01  4.907e-01  4.974e-01  5.038e-01  5.099e-01  5.158e-01  5.214e-01  5.268e-01  5.319e-01  5.366e-01  5.407e-01  5.441e-01  5.465e-01  5.478e-01 	
 4.198e-02  4.548e-02  5.228e-02  6.199e-02  7.416e-02  8.831e-02  1.040e-01  1.209e-01  1.385e-01  1.568e-01  1.754e-01  1.941e-01  2.128e-01  2.314e-01  2.496e-01  2.674e-01  2.847e-01  3.014e-01  3.175e-01  3.330e-01  3.479e-01  3.621e-01  3.756e-01  3.885e-01  4.007e-01  4.123e-01  4.233e-01  4.337e-01  4.436e-01  4.529e-01  4.618e-01  4.702e-01  4.782e-01  4.858e-01  4.930e-01  4.999e-01  5.064e-01  5.127e-01  5.187e-01  5.244e-01  5.299e-01  5.352e-01  5.403e-01  5.452e-01  5.497e-01  5.540e-01  5.577e-01  5.608e-01  5.630e-01  5.641e-01 	
 5.064e-02  5.474e-02  6.268e-02  7.398e-02  8.806e-02  1.043e-01  1.222e-01  1.412e-01  1.609e-01  1.811e-01  2.014e-01  2.216e-01  2.416e-01  2.611e-01  2.801e-01  2.985e-01  3.162e-01  3.331e-01  3.492e-01  3.646e-01  3.791e-01  3.929e-01  4.059e-01  4.182e-01  4.298e-01  4.407e-01  4.509e-01  4.606e-01  4.697e-01  4.783e-01  4.863e-01  4.940e-01  5.012e-01  5.080e-01  5.145e-01  5.206e-01  5.265e-01  5.321e-01  5.374e-01  5.425e-01  5.474e-01  5.522e-01  5.567e-01  5.611e-01  5.652e-01  5.690e-01  5.724e-01  5.751e-01  5.771e-01  5.782e-01 	
 6.066e-02  6.543e-02  7.461e-02  8.763e-02  1.037e-01  1.222e-01  1.423e-01  1.635e-01  1.852e-01  2.072e-01  2.291e-01  2.506e-01  2.716e-01  2.919e-01  3.114e-01  3.300e-01  3.477e-01  3.645e-01  3.803e-01  3.953e-01  4.093e-01  4.224e-01  4.347e-01  4.462e-01  4.569e-01  4.670e-01  4.764e-01  4.851e-01  4.934e-01  5.011e-01  5.083e-01  5.151e-01  5.215e-01  5.276e-01  5.333e-01  5.387e-01  5.439e-01  5.488e-01  5.536e-01  5.581e-01  5.625e-01  5.667e-01  5.708e-01  5.747e-01  5.784e-01  5.818e-01  5.849e-01  5.874e-01  5.892e-01  5.901e-01 	
 7.205e-02  7.752e-02  8.804e-02  1.029e-01  1.211e-01  1.418e-01  1.642e-01  1.875e-01  2.111e-01  2.347e-01  2.579e-01  2.804e-01  3.021e-01  3.229e-01  3.425e-01  3.611e-01  3.786e-01  3.949e-01  4.102e-01  4.244e-01  4.377e-01  4.499e-01  4.613e-01  4.719e-01  4.817e-01  4.908e-01  4.992e-01  5.071e-01  5.144e-01  5.212e-01  5.276e-01  5.336e-01  5.392e-01  5.445e-01  5.495e-01  5.543e-01  5.588e-01  5.632e-01  5.674e-01  5.714e-01  5.753e-01  5.791e-01  5.827e-01  5.863e-01  5.896e-01  5.927e-01  5.955e-01  5.978e-01  5.995e-01  6.004e-01 	
 8.473e-02  9.093e-02  1.028e-01  1.195e-01  1.399e-01  1.629e-01  1.875e-01  2.127e-01  2.381e-01  2.631e-01  2.873e-01  3.106e-01  3.327e-01  3.535e-01  3.730e-01  3.913e-01  4.082e-01  4.238e-01  4.383e-01  4.516e-01  4.639e-01  4.751e-01  4.855e-01  4.950e-01  5.038e-01  5.119e-01  5.194e-01  5.263e-01  5.327e-01  5.386e-01  5.442e-01  5.494e-01  5.543e-01  5.589e-01  5.633e-01  5.675e-01  5.715e-01  5.753e-01  5.790e-01  5.826e-01  5.861e-01  5.895e-01  5.928e-01  5.961e-01  5.991e-01  6.020e-01  6.046e-01  6.068e-01  6.083e-01  6.091e-01 	
 9.855e-02  1.055e-01  1.188e-01  1.374e-01  1.599e-01  1.851e-01  2.117e-01  2.388e-01  2.656e-01  2.917e-01  3.167e-01  3.404e-01  3.625e-01  3.831e-01  4.022e-01  4.198e-01  4.359e-01  4.506e-01  4.641e-01  4.764e-01  4.875e-01  4.977e-01  5.070e-01  5.155e-01  5.232e-01  5.303e-01  5.368e-01  5.428e-01  5.483e-01  5.535e-01  5.583e-01  5.628e-01  5.671e-01  5.711e-01  5.749e-01  5.786e-01  5.821e-01  5.855e-01  5.888e-01  5.921e-01  5.952e-01  5.984e-01  6.014e-01  6.044e-01  6.073e-01  6.100e-01  6.124e-01  6.144e-01  6.159e-01  6.167e-01 	
 1.133e-01  1.210e-01  1.357e-01  1.561e-01  1.807e-01  2.079e-01  2.364e-01  2.651e-01  2.931e-01  3.200e-01  3.454e-01  3.692e-01  3.911e-01  4.112e-01  4.296e-01  4.462e-01  4.614e-01  4.750e-01  4.874e-01  4.985e-01  5.085e-01  5.176e-01  5.257e-01  5.332e-01  5.399e-01  5.460e-01  5.516e-01  5.568e-01  5.616e-01  5.660e-01  5.701e-01  5.740e-01  5.777e-01  5.812e-01  5.846e-01  5.878e-01  5.910e-01  5.941e-01  5.971e-01  6.000e-01  6.030e-01  6.059e-01  6.087e-01  6.115e-01  6.143e-01  6.169e-01  6.192e-01  6.211e-01  6.225e-01  6.233e-01 	
 1.287e-01  1.371e-01  1.532e-01  1.753e-01  2.018e-01  2.309e-01  2.611e-01  2.910e-01  3.200e-01  3.474e-01  3.729e-01  3.964e-01  4.178e-01  4.372e-01  4.547e-01  4.703e-01  4.843e-01  4.968e-01  5.079e-01  5.179e-01  5.268e-01  5.347e-01  5.418e-01  5.482e-01  5.540e-01  5.593e-01  5.641e-01  5.685e-01  5.726e-01  5.764e-01  5.800e-01  5.833e-01  5.866e-01  5.896e-01  5.926e-01  5.956e-01  5.984e-01  6.012e-01  6.040e-01  6.068e-01  6.095e-01  6.123e-01  6.150e-01  6.177e-01  6.204e-01  6.229e-01  6.252e-01  6.271e-01  6.285e-01  6.292e-01 	
 1.445e-01  1.536e-01  1.709e-01  1.946e-01  2.229e-01  2.536e-01  2.852e-01  3.162e-01  3.458e-01  3.734e-01  3.988e-01  4.218e-01  4.425e-01  4.609e-01  4.773e-01  4.918e-01  5.046e-01  5.159e-01  5.259e-01  5.346e-01  5.424e-01  5.493e-01  5.554e-01  5.609e-01  5.658e-01  5.703e-01  5.744e-01  5.782e-01  5.817e-01  5.850e-01  5.881e-01  5.910e-01  5.939e-01  5.967e-01  5.994e-01  6.020e-01  6.047e-01  6.073e-01  6.100e-01  6.126e-01  6.153e-01  6.179e-01  6.206e-01  6.233e-01  6.259e-01  6.284e-01  6.306e-01  6.325e-01  6.339e-01  6.346e-01 	
 1.603e-01  1.700e-01  1.884e-01  2.137e-01  2.435e-01  2.757e-01  3.083e-01  3.401e-01  3.700e-01  3.976e-01  4.226e-01  4.449e-01  4.647e-01  4.821e-01  4.974e-01  5.107e-01  5.223e-01  5.324e-01  5.412e-01  5.489e-01  5.556e-01  5.615e-01  5.667e-01  5.714e-01  5.756e-01  5.794e-01  5.829e-01  5.861e-01  5.892e-01  5.920e-01  5.948e-01  5.974e-01  6.000e-01  6.025e-01  6.050e-01  6.075e-01  6.101e-01  6.126e-01  6.151e-01  6.177e-01  6.203e-01  6.229e-01  6.256e-01  6.282e-01  6.308e-01  6.333e-01  6.356e-01  6.375e-01  6.389e-01  6.397e-01 	
 1.758e-01  1.862e-01  2.056e-01  2.321e-01  2.633e-01  2.966e-01  3.301e-01  3.624e-01  3.925e-01  4.198e-01  4.442e-01  4.657e-01  4.845e-01  5.008e-01  5.149e-01  5.270e-01  5.375e-01  5.464e-01  5.541e-01  5.608e-01  5.666e-01  5.716e-01  5.761e-01  5.801e-01  5.836e-01  5.869e-01  5.899e-01  5.927e-01  5.953e-01  5.978e-01  6.003e-01  6.027e-01  6.051e-01  6.075e-01  6.099e-01  6.123e-01  6.147e-01  6.172e-01  6.197e-01  6.222e-01  6.248e-01  6.275e-01  6.302e-01  6.328e-01  6.355e-01  6.380e-01  6.403e-01  6.423e-01  6.437e-01  6.444e-01 	
 1.909e-01  2.018e-01  2.221e-01  2.497e-01  2.820e-01  3.163e-01  3.504e-01  3.830e-01  4.129e-01  4.398e-01  4.635e-01  4.842e-01  5.019e-01  5.171e-01  5.300e-01  5.410e-01  5.503e-01  5.582e-01  5.649e-01  5.707e-01  5.756e-01  5.800e-01  5.837e-01  5.871e-01  5.902e-01  5.930e-01  5.956e-01  5.980e-01  6.004e-01  6.027e-01  6.049e-01  6.072e-01  6.095e-01  6.117e-01  6.141e-01  6.164e-01  6.188e-01  6.213e-01  6.238e-01  6.264e-01  6.290e-01  6.317e-01  6.344e-01  6.371e-01  6.398e-01  6.424e-01  6.448e-01  6.468e-01  6.482e-01  6.490e-01 	
 2.054e-01  2.166e-01  2.377e-01  2.663e-01  2.994e-01  3.344e-01  3.690e-01  4.017e-01  4.314e-01  4.577e-01  4.806e-01  5.003e-01  5.170e-01  5.311e-01  5.430e-01  5.528e-01  5.611e-01  5.681e-01  5.739e-01  5.789e-01  5.831e-01  5.868e-01  5.900e-01  5.929e-01  5.955e-01  5.979e-01  6.002e-01  6.025e-01  6.046e-01  6.067e-01  6.089e-01  6.110e-01  6.132e-01  6.155e-01  6.178e-01  6.201e-01  6.226e-01  6.251e-01  6.276e-01  6.302e-01  6.329e-01  6.357e-01  6.384e-01  6.412e-01  6.440e-01  6.467e-01  6.491e-01  6.511e-01  6.526e-01  6.534e-01 	
 2.190e-01  2.306e-01  2.524e-01  2.817e-01  3.156e-01  3.511e-01  3.859e-01  4.185e-01  4.478e-01  4.735e-01  4.956e-01  5.144e-01  5.301e-01  5.431e-01  5.539e-01  5.628e-01  5.701e-01  5.762e-01  5.813e-01  5.856e-01  5.892e-01  5.923e-01  5.951e-01  5.976e-01  5.999e-01  6.021e-01  6.041e-01  6.062e-01  6.082e-01  6.102e-01  6.123e-01  6.144e-01  6.166e-01  6.188e-01  6.211e-01  6.235e-01  6.260e-01  6.285e-01  6.312e-01  6.338e-01  6.366e-01  6.394e-01  6.423e-01  6.452e-01  6.480e-01  6.508e-01  6.533e-01  6.554e-01  6.569e-01  6.577e-01 	
 2.317e-01  2.436e-01  2.659e-01  2.959e-01  3.303e-01  3.662e-01  4.011e-01  4.335e-01  4.624e-01  4.874e-01  5.087e-01  5.265e-01  5.412e-01  5.533e-01  5.631e-01  5.711e-01  5.776e-01  5.830e-01  5.874e-01  5.911e-01  5.942e-01  5.969e-01  5.993e-01  6.015e-01  6.035e-01  6.055e-01  6.074e-01  6.093e-01  6.113e-01  6.132e-01  6.153e-01  6.174e-01  6.196e-01  6.219e-01  6.242e-01  6.267e-01  6.292e-01  6.318e-01  6.345e-01  6.373e-01  6.401e-01  6.430e-01  6.460e-01  6.489e-01  6.519e-01  6.547e-01  6.573e-01  6.594e-01  6.610e-01  6.618e-01 	
 2.435e-01  2.557e-01  2.784e-01  3.088e-01  3.437e-01  3.798e-01  4.147e-01  4.468e-01  4.752e-01  4.995e-01  5.200e-01  5.369e-01  5.507e-01  5.619e-01  5.708e-01  5.781e-01  5.839e-01  5.885e-01  5.924e-01  5.956e-01  5.983e-01  6.006e-01  6.027e-01  6.047e-01  6.066e-01  6.084e-01  6.102e-01  6.121e-01  6.140e-01  6.159e-01  6.180e-01  6.201e-01  6.223e-01  6.247e-01  6.271e-01  6.296e-01  6.322e-01  6.349e-01  6.377e-01  6.405e-01  6.435e-01  6.464e-01  6.495e-01  6.525e-01  6.556e-01  6.585e-01  6.611e-01  6.633e-01  6.649e-01  6.658e-01 	
 2.544e-01  2.668e-01  2.898e-01  3.206e-01  3.558e-01  3.920e-01  4.268e-01  4.586e-01  4.864e-01  5.101e-01  5.298e-01  5.458e-01  5.588e-01  5.691e-01  5.774e-01  5.839e-01  5.890e-01  5.932e-01  5.965e-01  5.993e-01  6.017e-01  6.037e-01  6.056e-01  6.074e-01  6.091e-01  6.109e-01  6.126e-01  6.144e-01  6.163e-01  6.183e-01  6.204e-01  6.226e-01  6.249e-01  6.273e-01  6.297e-01  6.323e-01  6.350e-01  6.378e-01  6.407e-01  6.436e-01  6.466e-01  6.497e-01  6.529e-01  6.560e-01  6.591e-01  6.621e-01  6.648e-01  6.671e-01  6.687e-01  6.696e-01 	
 2.644e-01  2.769e-01  3.002e-01  3.313e-01  3.667e-01  4.029e-01  4.376e-01  4.690e-01  4.963e-01  5.193e-01  5.382e-01  5.535e-01  5.657e-01  5.753e-01  5.828e-01  5.887e-01  5.933e-01  5.970e-01  6.000e-01  6.024e-01  6.045e-01  6.063e-01  6.081e-01  6.097e-01  6.114e-01  6.130e-01  6.148e-01  6.166e-01  6.185e-01  6.205e-01  6.226e-01  6.249e-01  6.272e-01  6.297e-01  6.323e-01  6.349e-01  6.377e-01  6.406e-01  6.435e-01  6.466e-01  6.497e-01  6.529e-01  6.561e-01  6.593e-01  6.625e-01  6.655e-01  6.683e-01  6.706e-01  6.723e-01  6.732e-01 	
 2.735e-01  2.861e-01  3.097e-01  3.410e-01  3.764e-01  4.127e-01  4.472e-01  4.782e-01  5.049e-01  5.273e-01  5.455e-01  5.601e-01  5.716e-01  5.805e-01  5.875e-01  5.928e-01  5.970e-01  6.002e-01  6.028e-01  6.050e-01  6.069e-01  6.086e-01  6.102e-01  6.117e-01  6.133e-01  6.150e-01  6.167e-01  6.185e-01  6.205e-01  6.225e-01  6.247e-01  6.270e-01  6.294e-01  6.320e-01  6.346e-01  6.374e-01  6.403e-01  6.432e-01  6.463e-01  6.494e-01  6.526e-01  6.558e-01  6.591e-01  6.624e-01  6.657e-01  6.688e-01  6.716e-01  6.740e-01  6.757e-01  6.766e-01 	
 2.817e-01  2.945e-01  3.182e-01  3.497e-01  3.852e-01  4.214e-01  4.556e-01  4.862e-01  5.125e-01  5.343e-01  5.519e-01  5.658e-01  5.766e-01  5.850e-01  5.914e-01  5.962e-01  6.000e-01  6.029e-01  6.052e-01  6.072e-01  6.089e-01  6.105e-01  6.120e-01  6.135e-01  6.150e-01  6.167e-01  6.184e-01  6.203e-01  6.223e-01  6.244e-01  6.266e-01  6.290e-01  6.315e-01  6.341e-01  6.368e-01  6.397e-01  6.426e-01  6.457e-01  6.488e-01  6.520e-01  6.553e-01  6.586e-01  6.620e-01  6.654e-01  6.687e-01  6.718e-01  6.747e-01  6.772e-01  6.789e-01  6.798e-01 	
 2.892e-01  3.021e-01  3.259e-01  3.575e-01  3.930e-01  4.291e-01  4.631e-01  4.933e-01  5.191e-01  5.403e-01  5.573e-01  5.706e-01  5.809e-01  5.888e-01  5.947e-01  5.991e-01  6.026e-01  6.052e-01  6.073e-01  6.091e-01  6.106e-01  6.121e-01  6.135e-01  6.150e-01  6.165e-01  6.182e-01  6.200e-01  6.219e-01  6.239e-01  6.261e-01  6.284e-01  6.308e-01  6.334e-01  6.361e-01  6.389e-01  6.418e-01  6.449e-01  6.480e-01  6.512e-01  6.545e-01  6.578e-01  6.612e-01  6.646e-01  6.681e-01  6.715e-01  6.747e-01  6.776e-01  6.801e-01  6.819e-01  6.828e-01 	
 2.960e-01  3.089e-01  3.328e-01  3.644e-01  4.000e-01  4.360e-01  4.697e-01  4.996e-01  5.249e-01  5.456e-01  5.620e-01  5.748e-01  5.846e-01  5.920e-01  5.975e-01  6.016e-01  6.047e-01  6.071e-01  6.090e-01  6.107e-01  6.121e-01  6.135e-01  6.149e-01  6.164e-01  6.179e-01  6.196e-01  6.214e-01  6.233e-01  6.254e-01  6.276e-01  6.300e-01  6.325e-01  6.352e-01  6.379e-01  6.408e-01  6.438e-01  6.469e-01  6.501e-01  6.534e-01  6.567e-01  6.601e-01  6.636e-01  6.671e-01  6.706e-01  6.740e-01  6.773e-01  6.803e-01  6.828e-01  6.846e-01  6.855e-01 	
 3.020e-01  3.150e-01  3.390e-01  3.707e-01  4.062e-01  4.420e-01  4.755e-01  5.050e-01  5.299e-01  5.501e-01  5.661e-01  5.784e-01  5.877e-01  5.947e-01  5.999e-01  6.037e-01  6.066e-01  6.088e-01  6.105e-01  6.120e-01  6.134e-01  6.147e-01  6.161e-01  6.176e-01  6.191e-01  6.208e-01  6.227e-01  6.246e-01  6.268e-01  6.291e-01  6.315e-01  6.341e-01  6.368e-01  6.396e-01  6.426e-01  6.456e-01  6.488e-01  6.521e-01  6.554e-01  6.588e-01  6.623e-01  6.658e-01  6.693e-01  6.729e-01  6.764e-01  6.797e-01  6.827e-01  6.852e-01  6.870e-01  6.880e-01 	
 3.075e-01  3.205e-01  3.445e-01  3.762e-01  4.117e-01  4.474e-01  4.806e-01  5.098e-01  5.343e-01  5.541e-01  5.696e-01  5.815e-01  5.904e-01  5.971e-01  6.019e-01  6.055e-01  6.081e-01  6.102e-01  6.118e-01  6.132e-01  6.145e-01  6.158e-01  6.172e-01  6.186e-01  6.202e-01  6.219e-01  6.238e-01  6.259e-01  6.280e-01  6.304e-01  6.329e-01  6.355e-01  6.383e-01  6.412e-01  6.442e-01  6.473e-01  6.505e-01  6.538e-01  6.572e-01  6.607e-01  6.642e-01  6.678e-01  6.714e-01  6.749e-01  6.785e-01  6.818e-01  6.849e-01  6.874e-01  6.892e-01  6.902e-01 	
 3.123e-01  3.254e-01  3.494e-01  3.811e-01  4.165e-01  4.521e-01  4.851e-01  5.140e-01  5.381e-01  5.575e-01  5.726e-01  5.842e-01  5.928e-01  5.991e-01  6.037e-01  6.070e-01  6.095e-01  6.114e-01  6.129e-01  6.143e-01  6.155e-01  6.168e-01  6.181e-01  6.196e-01  6.212e-01  6.230e-01  6.249e-01  6.269e-01  6.292e-01  6.316e-01  6.341e-01  6.368e-01  6.396e-01  6.426e-01  6.456e-01  6.488e-01  6.521e-01  6.554e-01  6.589e-01  6.624e-01  6.659e-01  6.695e-01  6.732e-01  6.768e-01  6.804e-01  6.837e-01  6.868e-01  6.894e-01  6.912e-01  6.922e-01 	
 3.167e-01  3.297e-01  3.538e-01  3.855e-01  4.208e-01  4.562e-01  4.890e-01  5.176e-01  5.414e-01  5.605e-01  5.753e-01  5.864e-01  5.947e-01  6.008e-01  6.052e-01  6.083e-01  6.106e-01  6.124e-01  6.139e-01  6.151e-01  6.164e-01  6.176e-01  6.190e-01  6.205e-01  6.221e-01  6.239e-01  6.258e-01  6.279e-01  6.302e-01  6.327e-01  6.352e-01  6.380e-01  6.409e-01  6.438e-01  6.470e-01  6.502e-01  6.535e-01  6.569e-01  6.604e-01  6.639e-01  6.675e-01  6.711e-01  6.748e-01  6.785e-01  6.821e-01  6.855e-01  6.885e-01  6.911e-01  6.930e-01  6.940e-01 	
 3.206e-01  3.336e-01  3.577e-01  3.893e-01  4.246e-01  4.599e-01  4.925e-01  5.208e-01  5.443e-01  5.630e-01  5.775e-01  5.884e-01  5.964e-01  6.023e-01  6.064e-01  6.094e-01  6.116e-01  6.133e-01  6.147e-01  6.159e-01  6.171e-01  6.184e-01  6.197e-01  6.212e-01  6.229e-01  6.247e-01  6.267e-01  6.288e-01  6.311e-01  6.336e-01  6.363e-01  6.390e-01  6.419e-01  6.450e-01  6.481e-01  6.514e-01  6.547e-01  6.582e-01  6.617e-01  6.653e-01  6.689e-01  6.726e-01  6.763e-01  6.800e-01  6.836e-01  6.870e-01  6.901e-01  6.927e-01  6.946e-01  6.956e-01 	
 3.240e-01  3.371e-01  3.612e-01  3.928e-01  4.280e-01  4.631e-01  4.955e-01  5.236e-01  5.468e-01  5.653e-01  5.795e-01  5.901e-01  5.979e-01  6.035e-01  6.075e-01  6.104e-01  6.125e-01  6.141e-01  6.154e-01  6.166e-01  6.178e-01  6.191e-01  6.204e-01  6.219e-01  6.236e-01  6.254e-01  6.274e-01  6.296e-01  6.320e-01  6.345e-01  6.372e-01  6.400e-01  6.429e-01  6.460e-01  6.492e-01  6.525e-01  6.559e-01  6.593e-01  6.629e-01  6.665e-01  6.702e-01  6.739e-01  6.776e-01  6.813e-01  6.849e-01  6.883e-01  6.915e-01  6.941e-01  6.960e-01  6.970e-01 	
 3.272e-01  3.402e-01  3.643e-01  3.959e-01  4.310e-01  4.660e-01  4.982e-01  5.261e-01  5.491e-01  5.673e-01  5.812e-01  5.916e-01  5.992e-01  6.047e-01  6.085e-01  6.113e-01  6.133e-01  6.148e-01  6.161e-01  6.172e-01  6.184e-01  6.197e-01  6.210e-01  6.225e-01  6.242e-01  6.261e-01  6.281e-01  6.303e-01  6.327e-01  6.353e-01  6.380e-01  6.408e-01  6.438e-01  6.469e-01  6.502e-01  6.535e-01  6.569e-01  6.604e-01  6.640e-01  6.676e-01  6.713e-01  6.750e-01  6.787e-01  6.825e-01  6.861e-01  6.896e-01  6.927e-01  6.953e-01  6.972e-01  6.982e-01 	
 3.300e-01  3.430e-01  3.671e-01  3.986e-01  4.337e-01  4.685e-01  5.006e-01  5.283e-01  5.510e-01  5.690e-01  5.828e-01  5.930e-01  6.004e-01  6.056e-01  6.094e-01  6.120e-01  6.139e-01  6.154e-01  6.166e-01  6.178e-01  6.189e-01  6.202e-01  6.216e-01  6.231e-01  6.248e-01  6.267e-01  6.288e-01  6.310e-01  6.334e-01  6.360e-01  6.387e-01  6.416e-01  6.446e-01  6.478e-01  6.510e-01  6.544e-01  6.578e-01  6.613e-01  6.649e-01  6.686e-01  6.723e-01  6.760e-01  6.798e-01  6.835e-01  6.872e-01  6.906e-01  6.938e-01  6.964e-01  6.983e-01  6.993e-01 	
 3.325e-01  3.456e-01  3.696e-01  4.011e-01  4.361e-01  4.708e-01  5.027e-01  5.303e-01  5.528e-01  5.706e-01  5.841e-01  5.941e-01  6.014e-01  6.065e-01  6.101e-01  6.127e-01  6.145e-01  6.159e-01  6.172e-01  6.183e-01  6.194e-01  6.207e-01  6.221e-01  6.236e-01  6.253e-01  6.272e-01  6.293e-01  6.316e-01  6.340e-01  6.367e-01  6.394e-01  6.423e-01  6.454e-01  6.485e-01  6.518e-01  6.552e-01  6.586e-01  6.622e-01  6.658e-01  6.694e-01  6.732e-01  6.769e-01  6.807e-01  6.844e-01  6.881e-01  6.916e-01  6.948e-01  6.974e-01  6.993e-01  7.003e-01 	
 3.349e-01  3.479e-01  3.719e-01  4.034e-01  4.383e-01  4.729e-01  5.047e-01  5.320e-01  5.544e-01  5.720e-01  5.853e-01  5.952e-01  6.023e-01  6.073e-01  6.108e-01  6.133e-01  6.151e-01  6.164e-01  6.176e-01  6.187e-01  6.199e-01  6.211e-01  6.225e-01  6.241e-01  6.258e-01  6.277e-01  6.299e-01  6.321e-01  6.346e-01  6.372e-01  6.400e-01  6.430e-01  6.460e-01  6.492e-01  6.525e-01  6.559e-01  6.594e-01  6.629e-01  6.666e-01  6.702e-01  6.740e-01  6.777e-01  6.815e-01  6.853e-01  6.890e-01  6.925e-01  6.956e-01  6.983e-01  7.002e-01  7.012e-01 	
 3.370e-01  3.501e-01  3.741e-01  4.055e-01  4.403e-01  4.749e-01  5.065e-01  5.336e-01  5.558e-01  5.732e-01  5.864e-01  5.961e-01  6.031e-01  6.080e-01  6.114e-01  6.138e-01  6.155e-01  6.169e-01  6.180e-01  6.191e-01  6.203e-01  6.215e-01  6.229e-01  6.245e-01  6.263e-01  6.282e-01  6.303e-01  6.327e-01  6.351e-01  6.378e-01  6.406e-01  6.435e-01  6.466e-01  6.498e-01  6.531e-01  6.565e-01  6.600e-01  6.636e-01  6.673e-01  6.710e-01  6.747e-01  6.785e-01  6.823e-01  6.861e-01  6.898e-01  6.933e-01  6.964e-01  6.991e-01  7.010e-01  7.020e-01 	
 3.390e-01  3.521e-01  3.761e-01  4.075e-01  4.422e-01  4.766e-01  5.081e-01  5.351e-01  5.572e-01  5.744e-01  5.874e-01  5.970e-01  6.038e-01  6.086e-01  6.120e-01  6.143e-01  6.160e-01  6.173e-01  6.184e-01  6.195e-01  6.207e-01  6.219e-01  6.233e-01  6.249e-01  6.267e-01  6.286e-01  6.308e-01  6.331e-01  6.356e-01  6.383e-01  6.411e-01  6.441e-01  6.472e-01  6.504e-01  6.537e-01  6.572e-01  6.607e-01  6.643e-01  6.679e-01  6.716e-01  6.754e-01  6.792e-01  6.830e-01  6.868e-01  6.905e-01  6.940e-01  6.972e-01  6.998e-01  7.017e-01  7.027e-01 	
 3.409e-01  3.540e-01  3.779e-01  4.093e-01  4.439e-01  4.783e-01  5.096e-01  5.365e-01  5.584e-01  5.755e-01  5.883e-01  5.978e-01  6.045e-01  6.092e-01  6.125e-01  6.148e-01  6.164e-01  6.177e-01  6.188e-01  6.199e-01  6.210e-01  6.223e-01  6.237e-01  6.253e-01  6.271e-01  6.290e-01  6.312e-01  6.336e-01  6.361e-01  6.388e-01  6.416e-01  6.446e-01  6.477e-01  6.509e-01  6.543e-01  6.577e-01  6.612e-01  6.648e-01  6.685e-01  6.722e-01  6.760e-01  6.798e-01  6.836e-01  6.874e-01  6.911e-01  6.946e-01  6.978e-01  7.005e-01  7.024e-01  7.034e-01 	
 3.427e-01  3.557e-01  3.797e-01  4.110e-01  4.456e-01  4.798e-01  5.111e-01  5.378e-01  5.595e-01  5.765e-01  5.892e-01  5.985e-01  6.051e-01  6.098e-01  6.129e-01  6.152e-01  6.168e-01  6.180e-01  6.191e-01  6.202e-01  6.214e-01  6.226e-01  6.240e-01  6.256e-01  6.274e-01  6.294e-01  6.316e-01  6.340e-01  6.365e-01  6.392e-01  6.421e-01  6.451e-01  6.482e-01  6.514e-01  6.548e-01  6.583e-01  6.618e-01  6.654e-01  6.691e-01  6.728e-01  6.766e-01  6.804e-01  6.842e-01  6.880e-01  6.917e-01  6.952e-01  6.984e-01  7.011e-01  7.030e-01  7.040e-01 	
 3.444e-01  3.574e-01  3.814e-01  4.126e-01  4.472e-01  4.813e-01  5.124e-01  5.390e-01  5.606e-01  5.774e-01  5.900e-01  5.992e-01  6.057e-01  6.103e-01  6.134e-01  6.156e-01  6.172e-01  6.184e-01  6.195e-01  6.205e-01  6.217e-01  6.229e-01  6.244e-01  6.260e-01  6.278e-01  6.298e-01  6.320e-01  6.344e-01  6.369e-01  6.396e-01  6.425e-01  6.455e-01  6.487e-01  6.519e-01  6.553e-01  6.587e-01  6.623e-01  6.659e-01  6.696e-01  6.733e-01  6.771e-01  6.809e-01  6.848e-01  6.886e-01  6.923e-01  6.958e-01  6.990e-01  7.017e-01  7.036e-01  7.046e-01 	
 3.461e-01  3.591e-01  3.830e-01  4.142e-01  4.487e-01  4.827e-01  5.137e-01  5.402e-01  5.616e-01  5.783e-01  5.908e-01  5.999e-01  6.063e-01  6.108e-01  6.138e-01  6.160e-01  6.175e-01  6.187e-01  6.198e-01  6.208e-01  6.220e-01  6.232e-01  6.247e-01  6.263e-01  6.281e-01  6.301e-01  6.323e-01  6.347e-01  6.373e-01  6.400e-01  6.429e-01  6.459e-01  6.491e-01  6.524e-01  6.557e-01  6.592e-01  6.628e-01  6.664e-01  6.701e-01  6.738e-01  6.776e-01  6.815e-01  6.853e-01  6.891e-01  6.928e-01  6.964e-01  6.995e-01  7.022e-01  7.041e-01  7.052e-01 	
 3.477e-01  3.607e-01  3.845e-01  4.157e-01  4.501e-01  4.841e-01  5.150e-01  5.413e-01  5.626e-01  5.792e-01  5.915e-01  6.005e-01  6.068e-01  6.112e-01  6.142e-01  6.163e-01  6.178e-01  6.190e-01  6.201e-01  6.211e-01  6.223e-01  6.235e-01  6.250e-01  6.266e-01  6.284e-01  6.305e-01  6.327e-01  6.351e-01  6.377e-01  6.404e-01  6.433e-01  6.464e-01  6.495e-01  6.528e-01  6.562e-01  6.597e-01  6.632e-01  6.669e-01  6.706e-01  6.743e-01  6.781e-01  6.820e-01  6.858e-01  6.896e-01  6.933e-01  6.969e-01  7.001e-01  7.027e-01  7.047e-01  7.057e-01 	
 3.492e-01  3.622e-01  3.860e-01  4.172e-01  4.515e-01  4.854e-01  5.162e-01  5.424e-01  5.636e-01  5.800e-01  5.922e-01  6.011e-01  6.074e-01  6.117e-01  6.146e-01  6.167e-01  6.181e-01  6.193e-01  6.204e-01  6.214e-01  6.226e-01  6.238e-01  6.253e-01  6.269e-01  6.288e-01  6.308e-01  6.330e-01  6.354e-01  6.380e-01  6.408e-01  6.437e-01  6.467e-01  6.499e-01  6.532e-01  6.566e-01  6.601e-01  6.637e-01  6.673e-01  6.710e-01  6.748e-01  6.786e-01  6.824e-01  6.863e-01  6.901e-01  6.938e-01  6.974e-01  7.006e-01  7.032e-01  7.052e-01  7.062e-01 	
 3.507e-01  3.637e-01  3.875e-01  4.186e-01  4.529e-01  4.867e-01  5.173e-01  5.434e-01  5.645e-01  5.808e-01  5.929e-01  6.017e-01  6.079e-01  6.121e-01  6.150e-01  6.170e-01  6.185e-01  6.196e-01  6.207e-01  6.217e-01  6.228e-01  6.241e-01  6.256e-01  6.272e-01  6.291e-01  6.311e-01  6.334e-01  6.358e-01  6.384e-01  6.412e-01  6.441e-01  6.471e-01  6.503e-01  6.536e-01  6.570e-01  6.605e-01  6.641e-01  6.678e-01  6.715e-01  6.753e-01  6.791e-01  6.829e-01  6.868e-01  6.906e-01  6.943e-01  6.978e-01  7.010e-01  7.037e-01  7.057e-01  7.067e-01 	
 3.522e-01  3.652e-01  3.890e-01  4.200e-01  4.542e-01  4.879e-01  5.185e-01  5.445e-01  5.654e-01  5.816e-01  5.936e-01  6.023e-01  6.083e-01  6.125e-01  6.154e-01  6.173e-01  6.188e-01  6.199e-01  6.209e-01  6.220e-01  6.231e-01  6.244e-01  6.259e-01  6.275e-01  6.294e-01  6.314e-01  6.337e-01  6.361e-01  6.387e-01  6.415e-01  6.444e-01  6.475e-01  6.507e-01  6.540e-01  6.574e-01  6.609e-01  6.645e-01  6.682e-01  6.719e-01  6.757e-01  6.795e-01  6.834e-01  6.872e-01  6.910e-01  6.948e-01  6.983e-01  7.015e-01  7.042e-01  7.061e-01  7.071e-01 	
 3.537e-01  3.666e-01  3.904e-01  4.214e-01  4.555e-01  4.891e-01  5.196e-01  5.455e-01  5.663e-01  5.823e-01  5.943e-01  6.028e-01  6.088e-01  6.129e-01  6.157e-01  6.177e-01  6.191e-01  6.202e-01  6.212e-01  6.222e-01  6.234e-01  6.247e-01  6.261e-01  6.278e-01  6.297e-01  6.317e-01  6.340e-01  6.365e-01  6.391e-01  6.419e-01  6.448e-01  6.479e-01  6.511e-01  6.544e-01  6.578e-01  6.614e-01  6.650e-01  6.686e-01  6.724e-01  6.761e-01  6.800e-01  6.838e-01  6.877e-01  6.915e-01  6.952e-01  6.988e-01  7.020e-01  7.047e-01  7.066e-01  7.076e-01 	
 3.551e-01  3.681e-01  3.918e-01  4.228e-01  4.569e-01  4.904e-01  5.207e-01  5.465e-01  5.672e-01  5.831e-01  5.949e-01  6.034e-01  6.093e-01  6.134e-01  6.161e-01  6.180e-01  6.194e-01  6.205e-01  6.215e-01  6.225e-01  6.237e-01  6.249e-01  6.264e-01  6.281e-01  6.300e-01  6.321e-01  6.343e-01  6.368e-01  6.394e-01  6.422e-01  6.452e-01  6.483e-01  6.515e-01  6.548e-01  6.583e-01  6.618e-01  6.654e-01  6.691e-01  6.728e-01  6.766e-01  6.804e-01  6.843e-01  6.881e-01  6.920e-01  6.957e-01  6.992e-01  7.024e-01  7.051e-01  7.071e-01  7.081e-01 	
 3.566e-01  3.695e-01  3.933e-01  4.242e-01  4.582e-01  4.916e-01  5.218e-01  5.475e-01  5.680e-01  5.838e-01  5.955e-01  6.039e-01  6.098e-01  6.138e-01  6.165e-01  6.183e-01  6.197e-01  6.208e-01  6.218e-01  6.228e-01  6.239e-01  6.252e-01  6.267e-01  6.284e-01  6.303e-01  6.324e-01  6.347e-01  6.371e-01  6.398e-01  6.426e-01  6.456e-01  6.487e-01  6.519e-01  6.552e-01  6.587e-01  6.622e-01  6.658e-01  6.695e-01  6.732e-01  6.770e-01  6.808e-01  6.847e-01  6.886e-01  6.924e-01  6.961e-01  6.997e-01  7.029e-01  7.056e-01  7.075e-01  7.085e-01 	
 3.581e-01  3.710e-01  3.947e-01  4.256e-01  4.595e-01  4.928e-01  5.230e-01  5.484e-01  5.689e-01  5.846e-01  5.962e-01  6.045e-01  6.103e-01  6.142e-01  6.168e-01  6.187e-01  6.200e-01  6.210e-01  6.220e-01  6.231e-01  6.242e-01  6.255e-01  6.270e-01  6.287e-01  6.306e-01  6.327e-01  6.350e-01  6.375e-01  6.401e-01  6.430e-01  6.459e-01  6.490e-01  6.523e-01  6.556e-01  6.591e-01  6.626e-01  6.662e-01  6.699e-01  6.737e-01  6.775e-01  6.813e-01  6.851e-01  6.890e-01  6.929e-01  6.966e-01  7.002e-01  7.034e-01  7.060e-01  7.080e-01  7.090e-01 	
 3.596e-01  3.725e-01  3.962e-01  4.270e-01  4.608e-01  4.941e-01  5.241e-01  5.495e-01  5.698e-01  5.854e-01  5.968e-01  6.050e-01  6.107e-01  6.146e-01  6.172e-01  6.190e-01  6.203e-01  6.213e-01  6.223e-01  6.233e-01  6.245e-01  6.258e-01  6.273e-01  6.290e-01  6.309e-01  6.330e-01  6.353e-01  6.378e-01  6.405e-01  6.433e-01  6.463e-01  6.494e-01  6.527e-01  6.560e-01  6.595e-01  6.630e-01  6.666e-01  6.703e-01  6.741e-01  6.779e-01  6.817e-01  6.856e-01  6.895e-01  6.933e-01  6.971e-01  7.006e-01  7.038e-01  7.065e-01  7.084e-01  7.095e-01 	
 3.611e-01  3.740e-01  3.976e-01  4.284e-01  4.622e-01  4.953e-01  5.252e-01  5.505e-01  5.707e-01  5.861e-01  5.975e-01  6.056e-01  6.112e-01  6.150e-01  6.176e-01  6.193e-01  6.206e-01  6.216e-01  6.226e-01  6.236e-01  6.248e-01  6.261e-01  6.276e-01  6.293e-01  6.312e-01  6.333e-01  6.357e-01  6.382e-01  6.408e-01  6.437e-01  6.467e-01  6.498e-01  6.531e-01  6.564e-01  6.599e-01  6.634e-01  6.671e-01  6.708e-01  6.745e-01  6.783e-01  6.822e-01  6.860e-01  6.899e-01  6.938e-01  6.975e-01  7.011e-01  7.043e-01  7.070e-01  7.089e-01  7.099e-01 	
 3.627e-01  3.756e-01  3.992e-01  4.299e-01  4.635e-01  4.966e-01  5.264e-01  5.515e-01  5.716e-01  5.869e-01  5.982e-01  6.062e-01  6.117e-01  6.154e-01  6.179e-01  6.196e-01  6.209e-01  6.219e-01  6.229e-01  6.239e-01  6.251e-01  6.264e-01  6.279e-01  6.296e-01  6.315e-01  6.337e-01  6.360e-01  6.385e-01  6.412e-01  6.441e-01  6.471e-01  6.502e-01  6.535e-01  6.568e-01  6.603e-01  6.639e-01  6.675e-01  6.712e-01  6.750e-01  6.788e-01  6.826e-01  6.865e-01  6.904e-01  6.942e-01  6.980e-01  7.015e-01  7.048e-01  7.074e-01  7.094e-01  7.104e-01 	
 3.643e-01  3.771e-01  4.007e-01  4.313e-01  4.649e-01  4.979e-01  5.275e-01  5.525e-01  5.725e-01  5.877e-01  5.988e-01  6.067e-01  6.122e-01  6.158e-01  6.183e-01  6.200e-01  6.212e-01  6.222e-01  6.232e-01  6.242e-01  6.254e-01  6.267e-01  6.282e-01  6.299e-01  6.319e-01  6.340e-01  6.364e-01  6.389e-01  6.416e-01  6.444e-01  6.474e-01  6.506e-01  6.539e-01  6.572e-01  6.607e-01  6.643e-01  6.679e-01  6.716e-01  6.754e-01  6.792e-01  6.831e-01  6.870e-01  6.908e-01  6.947e-01  6.984e-01  7.020e-01  7.052e-01  7.079e-01  7.098e-01  7.109e-01 	
 3.659e-01  3.788e-01  4.023e-01  4.329e-01  4.664e-01  4.992e-01  5.287e-01  5.536e-01  5.734e-01  5.885e-01  5.995e-01  6.073e-01  6.127e-01  6.163e-01  6.187e-01  6.203e-01  6.215e-01  6.225e-01  6.235e-01  6.245e-01  6.257e-01  6.270e-01  6.285e-01  6.303e-01  6.322e-01  6.344e-01  6.367e-01  6.392e-01  6.420e-01  6.448e-01  6.478e-01  6.510e-01  6.543e-01  6.577e-01  6.612e-01  6.647e-01  6.684e-01  6.721e-01  6.759e-01  6.797e-01  6.836e-01  6.874e-01  6.913e-01  6.952e-01  6.989e-01  7.025e-01  7.057e-01  7.084e-01  7.103e-01  7.114e-01 	
 3.676e-01  3.804e-01  4.039e-01  4.344e-01  4.678e-01  5.005e-01  5.299e-01  5.547e-01  5.743e-01  5.893e-01  6.002e-01  6.079e-01  6.132e-01  6.167e-01  6.191e-01  6.207e-01  6.219e-01  6.229e-01  6.238e-01  6.248e-01  6.260e-01  6.273e-01  6.288e-01  6.306e-01  6.325e-01  6.347e-01  6.371e-01  6.396e-01  6.423e-01  6.452e-01  6.483e-01  6.514e-01  6.547e-01  6.581e-01  6.616e-01  6.652e-01  6.688e-01  6.726e-01  6.763e-01  6.802e-01  6.840e-01  6.879e-01  6.918e-01  6.957e-01  6.994e-01  7.030e-01  7.062e-01  7.089e-01  7.108e-01  7.118e-01 	
 3.693e-01  3.821e-01  4.056e-01  4.360e-01  4.693e-01  5.019e-01  5.312e-01  5.557e-01  5.753e-01  5.901e-01  6.009e-01  6.085e-01  6.137e-01  6.172e-01  6.195e-01  6.211e-01  6.222e-01  6.232e-01  6.241e-01  6.251e-01  6.263e-01  6.276e-01  6.292e-01  6.309e-01  6.329e-01  6.351e-01  6.375e-01  6.400e-01  6.427e-01  6.456e-01  6.487e-01  6.518e-01  6.551e-01  6.585e-01  6.621e-01  6.656e-01  6.693e-01  6.730e-01  6.768e-01  6.806e-01  6.845e-01  6.884e-01  6.923e-01  6.961e-01  6.999e-01  7.035e-01  7.067e-01  7.094e-01  7.113e-01  7.123e-01 	
 3.711e-01  3.839e-01  4.073e-01  4.376e-01  4.709e-01  5.033e-01  5.324e-01  5.569e-01  5.762e-01  5.909e-01  6.016e-01  6.091e-01  6.142e-01  6.176e-01  6.199e-01  6.214e-01  6.226e-01  6.235e-01  6.244e-01  6.255e-01  6.266e-01  6.280e-01  6.295e-01  6.313e-01  6.333e-01  6.355e-01  6.378e-01  6.404e-01  6.432e-01  6.461e-01  6.491e-01  6.523e-01  6.556e-01  6.590e-01  6.625e-01  6.661e-01  6.698e-01  6.735e-01  6.773e-01  6.811e-01  6.850e-01  6.889e-01  6.928e-01  6.967e-01  7.004e-01  7.040e-01  7.072e-01  7.099e-01  7.118e-01  7.129e-01 	
 3.729e-01  3.857e-01  4.090e-01  4.393e-01  4.724e-01  5.048e-01  5.337e-01  5.580e-01  5.772e-01  5.918e-01  6.023e-01  6.097e-01  6.147e-01  6.181e-01  6.203e-01  6.218e-01  6.229e-01  6.239e-01  6.248e-01  6.258e-01  6.270e-01  6.283e-01  6.299e-01  6.316e-01  6.336e-01  6.358e-01  6.382e-01  6.408e-01  6.436e-01  6.465e-01  6.495e-01  6.527e-01  6.560e-01  6.595e-01  6.630e-01  6.666e-01  6.703e-01  6.740e-01  6.778e-01  6.816e-01  6.855e-01  6.894e-01  6.933e-01  6.972e-01  7.009e-01  7.045e-01  7.077e-01  7.104e-01  7.123e-01  7.134e-01 	
 3.748e-01  3.875e-01  4.108e-01  4.410e-01  4.740e-01  5.062e-01  5.350e-01  5.591e-01  5.782e-01  5.926e-01  6.030e-01  6.103e-01  6.153e-01  6.185e-01  6.207e-01  6.222e-01  6.233e-01  6.242e-01  6.251e-01  6.261e-01  6.273e-01  6.287e-01  6.302e-01  6.320e-01  6.340e-01  6.362e-01  6.386e-01  6.412e-01  6.440e-01  6.469e-01  6.500e-01  6.532e-01  6.565e-01  6.599e-01  6.635e-01  6.671e-01  6.707e-01  6.745e-01  6.783e-01  6.821e-01  6.860e-01  6.899e-01  6.938e-01  6.977e-01  7.014e-01  7.050e-01  7.082e-01  7.109e-01  7.129e-01  7.139e-01 	
 3.767e-01  3.893e-01  4.126e-01  4.427e-01  4.756e-01  5.077e-01  5.363e-01  5.603e-01  5.792e-01  5.934e-01  6.037e-01  6.109e-01  6.158e-01  6.190e-01  6.211e-01  6.226e-01  6.236e-01  6.245e-01  6.255e-01  6.265e-01  6.276e-01  6.290e-01  6.306e-01  6.324e-01  6.344e-01  6.366e-01  6.390e-01  6.416e-01  6.444e-01  6.473e-01  6.504e-01  6.536e-01  6.570e-01  6.604e-01  6.639e-01  6.675e-01  6.712e-01  6.750e-01  6.788e-01  6.826e-01  6.865e-01  6.904e-01  6.943e-01  6.982e-01  7.020e-01  7.055e-01  7.087e-01  7.114e-01  7.134e-01  7.144e-01 	
 3.785e-01  3.911e-01  4.143e-01  4.443e-01  4.771e-01  5.091e-01  5.376e-01  5.614e-01  5.801e-01  5.943e-01  6.044e-01  6.115e-01  6.163e-01  6.195e-01  6.215e-01  6.229e-01  6.240e-01  6.249e-01  6.258e-01  6.268e-01  6.280e-01  6.293e-01  6.309e-01  6.327e-01  6.348e-01  6.370e-01  6.394e-01  6.420e-01  6.448e-01  6.478e-01  6.508e-01  6.541e-01  6.574e-01  6.608e-01  6.644e-01  6.680e-01  6.717e-01  6.755e-01  6.793e-01  6.831e-01  6.870e-01  6.909e-01  6.948e-01  6.987e-01  7.024e-01  7.060e-01  7.092e-01  7.119e-01  7.139e-01  7.149e-01 	
 3.801e-01  3.928e-01  4.159e-01  4.458e-01  4.785e-01  5.103e-01  5.387e-01  5.624e-01  5.810e-01  5.950e-01  6.051e-01  6.121e-01  6.168e-01  6.199e-01  6.219e-01  6.233e-01  6.243e-01  6.252e-01  6.261e-01  6.271e-01  6.283e-01  6.296e-01  6.312e-01  6.331e-01  6.351e-01  6.373e-01  6.398e-01  6.424e-01  6.452e-01  6.481e-01  6.512e-01  6.545e-01  6.578e-01  6.613e-01  6.648e-01  6.684e-01  6.721e-01  6.759e-01  6.797e-01  6.836e-01  6.874e-01  6.913e-01  6.953e-01  6.991e-01  7.029e-01  7.065e-01  7.097e-01  7.124e-01  7.143e-01  7.153e-01 	
 3.815e-01  3.942e-01  4.172e-01  4.471e-01  4.797e-01  5.114e-01  5.397e-01  5.632e-01  5.817e-01  5.956e-01  6.056e-01  6.125e-01  6.172e-01  6.202e-01  6.222e-01  6.235e-01  6.245e-01  6.254e-01  6.263e-01  6.273e-01  6.285e-01  6.299e-01  6.315e-01  6.333e-01  6.354e-01  6.376e-01  6.401e-01  6.427e-01  6.455e-01  6.485e-01  6.516e-01  6.548e-01  6.581e-01  6.616e-01  6.651e-01  6.688e-01  6.725e-01  6.762e-01  6.801e-01  6.839e-01  6.878e-01  6.917e-01  6.956e-01  6.995e-01  7.033e-01  7.068e-01  7.101e-01  7.128e-01  7.147e-01  7.157e-01 	
 3.826e-01  3.952e-01  4.182e-01  4.481e-01  4.806e-01  5.122e-01  5.404e-01  5.638e-01  5.823e-01  5.961e-01  6.060e-01  6.128e-01  6.174e-01  6.205e-01  6.224e-01  6.237e-01  6.247e-01  6.256e-01  6.265e-01  6.275e-01  6.287e-01  6.301e-01  6.317e-01  6.335e-01  6.356e-01  6.378e-01  6.403e-01  6.429e-01  6.457e-01  6.487e-01  6.518e-01  6.550e-01  6.584e-01  6.618e-01  6.654e-01  6.690e-01  6.727e-01  6.765e-01  6.803e-01  6.842e-01  6.881e-01  6.920e-01  6.959e-01  6.998e-01  7.035e-01  7.071e-01  7.103e-01  7.130e-01  7.150e-01  7.160e-01 	
 3.831e-01  3.957e-01  4.187e-01  4.485e-01  4.810e-01  5.126e-01  5.408e-01  5.642e-01  5.825e-01  5.963e-01  6.062e-01  6.130e-01  6.176e-01  6.206e-01  6.225e-01  6.239e-01  6.248e-01  6.257e-01  6.266e-01  6.276e-01  6.288e-01  6.302e-01  6.318e-01  6.336e-01  6.357e-01  6.379e-01  6.404e-01  6.430e-01  6.458e-01  6.488e-01  6.519e-01  6.552e-01  6.585e-01  6.620e-01  6.655e-01  6.692e-01  6.729e-01  6.766e-01  6.805e-01  6.843e-01  6.882e-01  6.921e-01  6.960e-01  6.999e-01  7.037e-01  7.073e-01  7.105e-01  7.132e-01  7.151e-01  7.161e-01 	
