 4.999e-02  4.372e-02  3.746e-02  3.159e-02  2.630e-02  2.161e-02  1.776e-02  1.401e-02  1.094e-02  8.288e-03  6.054e-03  3.746e-03  3.009e-03  2.007e-03  1.257e-03  7.216e-04  3.338e-04  4.881e-05  1.000e-06  1.000e-06  1.000e-06  1.000e-06  1.000e-06  1.000e-06  1.000e-06  1.000e-06  1.000e-06  1.000e-06  1.000e-06  1.000e-06  1.000e-06  1.000e-06  1.000e-06  1.000e-06  1.000e-06  1.000e-06  1.000e-06  1.000e-06  1.000e-06  1.000e-06  1.000e-06  1.000e-06  1.000e-06  1.000e-06  1.000e-06  1.000e-06  1.000e-06  1.000e-06  1.000e-06  1.000e-06 	
 7.483e-02  6.791e-02  6.043e-02  5.269e-02  4.513e-02  3.814e-02  3.228e-02  2.654e-02  2.161e-02  1.716e-02  1.333e-02  9.407e-03  8.146e-03  6.375e-03  4.984e-03  3.956e-03  3.152e-03  2.501e-03  1.999e-03  1.605e-03  1.296e-03  1.056e-03  8.640e-04  7.158e-04  5.938e-04  4.977e-04  4.218e-04  3.576e-04  3.043e-04  2.610e-04  2.239e-04  1.919e-04  1.651e-04  1.484e-04  1.242e-04  1.089e-04  9.624e-05  8.547e-05  7.493e-05  6.255e-05  4.704e-05  2.934e-05  1.335e-05  1.000e-06  1.000e-06  1.000e-06  1.553e-05  2.473e-05  3.728e-06  1.000e-06 	
 1.159e-01  1.089e-01  1.003e-01  9.002e-02  7.893e-02  6.795e-02  5.834e-02  4.863e-02  3.999e-02  3.198e-02  2.497e-02  1.769e-02  1.531e-02  1.195e-02  9.298e-03  7.336e-03  5.797e-03  4.553e-03  3.598e-03  2.850e-03  2.268e-03  1.817e-03  1.459e-03  1.185e-03  9.608e-04  7.861e-04  6.497e-04  5.355e-04  4.416e-04  3.667e-04  3.035e-04  2.503e-04  2.072e-04  1.809e-04  1.449e-04  1.222e-04  1.024e-04  8.603e-05  7.331e-05  6.535e-05  6.164e-05  6.019e-05  5.812e-05  5.447e-05  4.742e-05  3.908e-05  2.864e-05  2.138e-05  2.320e-05  2.415e-05 	
 1.555e-01  1.478e-01  1.378e-01  1.252e-01  1.114e-01  9.749e-02  8.506e-02  7.228e-02  6.030e-02  4.881e-02  3.853e-02  2.768e-02  2.409e-02  1.892e-02  1.479e-02  1.173e-02  9.303e-03  7.326e-03  5.806e-03  4.609e-03  3.674e-03  2.949e-03  2.371e-03  1.928e-03  1.565e-03  1.281e-03  1.059e-03  8.726e-04  7.190e-04  5.959e-04  4.915e-04  4.031e-04  3.306e-04  2.863e-04  2.245e-04  1.860e-04  1.533e-04  1.263e-04  1.034e-04  8.499e-05  7.077e-05  6.034e-05  5.270e-05  4.652e-05  4.054e-05  3.415e-05  2.661e-05  2.050e-05  2.092e-05  2.525e-05 	
 1.955e-01  1.877e-01  1.770e-01  1.627e-01  1.472e-01  1.312e-01  1.165e-01  1.011e-01  8.571e-02  7.036e-02  5.628e-02  4.110e-02  3.599e-02  2.848e-02  2.238e-02  1.787e-02  1.422e-02  1.123e-02  8.926e-03  7.098e-03  5.669e-03  4.556e-03  3.667e-03  2.983e-03  2.422e-03  1.984e-03  1.641e-03  1.352e-03  1.115e-03  9.236e-04  7.616e-04  6.243e-04  5.116e-04  4.429e-04  3.469e-04  2.871e-04  2.365e-04  1.946e-04  1.585e-04  1.280e-04  1.029e-04  8.249e-05  6.656e-05  5.377e-05  4.458e-05  3.696e-05  3.113e-05  2.593e-05  2.135e-05  1.890e-05 	
 2.352e-01  2.276e-01  2.169e-01  2.015e-01  1.855e-01  1.682e-01  1.520e-01  1.352e-01  1.165e-01  9.724e-02  7.897e-02  5.883e-02  5.191e-02  4.147e-02  3.283e-02  2.641e-02  2.113e-02  1.676e-02  1.337e-02  1.066e-02  8.533e-03  6.872e-03  5.538e-03  4.511e-03  3.666e-03  3.005e-03  2.486e-03  2.051e-03  1.691e-03  1.401e-03  1.156e-03  9.472e-04  7.764e-04  6.721e-04  5.265e-04  4.357e-04  3.592e-04  2.960e-04  2.409e-04  1.941e-04  1.552e-04  1.233e-04  9.786e-05  7.698e-05  6.230e-05  5.076e-05  4.378e-05  3.817e-05  2.762e-05  1.724e-05 	
 2.744e-01  2.674e-01  2.574e-01  2.419e-01  2.263e-01  2.088e-01  1.920e-01  1.748e-01  1.534e-01  1.306e-01  1.081e-01  8.241e-02  7.340e-02  5.936e-02  4.747e-02  3.857e-02  3.108e-02  2.480e-02  1.988e-02  1.591e-02  1.278e-02  1.032e-02  8.336e-03  6.801e-03  5.535e-03  4.541e-03  3.761e-03  3.104e-03  2.561e-03  2.123e-03  1.752e-03  1.437e-03  1.178e-03  1.020e-03  7.997e-04  6.618e-04  5.455e-04  4.503e-04  3.662e-04  2.952e-04  2.366e-04  1.883e-04  1.495e-04  1.174e-04  9.464e-05  7.668e-05  6.604e-05  5.869e-05  4.083e-05  2.246e-05 	
 3.108e-01  3.043e-01  2.951e-01  2.816e-01  2.675e-01  2.513e-01  2.356e-01  2.184e-01  1.962e-01  1.710e-01  1.449e-01  1.136e-01  1.022e-01  8.406e-02  6.824e-02  5.607e-02  4.565e-02  3.674e-02  2.966e-02  2.388e-02  1.927e-02  1.562e-02  1.265e-02  1.035e-02  8.439e-03  6.935e-03  5.749e-03  4.749e-03  3.920e-03  3.252e-03  2.684e-03  2.202e-03  1.806e-03  1.564e-03  1.226e-03  1.015e-03  8.365e-04  6.896e-04  5.615e-04  4.531e-04  3.636e-04  2.902e-04  2.312e-04  1.824e-04  1.473e-04  1.193e-04  1.021e-04  8.887e-05  6.338e-05  3.586e-05 	
 3.429e-01  3.368e-01  3.285e-01  3.173e-01  3.051e-01  2.912e-01  2.774e-01  2.614e-01  2.400e-01  2.141e-01  1.861e-01  1.506e-01  1.370e-01  1.150e-01  9.518e-02  7.930e-02  6.545e-02  5.330e-02  4.345e-02  3.529e-02  2.866e-02  2.336e-02  1.901e-02  1.560e-02  1.276e-02  1.051e-02  8.725e-03  7.217e-03  5.963e-03  4.953e-03  4.092e-03  3.360e-03  2.758e-03  2.390e-03  1.875e-03  1.552e-03  1.278e-03  1.051e-03  8.575e-04  6.948e-04  5.600e-04  4.491e-04  3.596e-04  2.852e-04  2.308e-04  1.869e-04  1.581e-04  1.341e-04  9.915e-05  6.031e-05 	
 3.718e-01  3.665e-01  3.596e-01  3.509e-01  3.411e-01  3.300e-01  3.188e-01  3.049e-01  2.857e-01  2.608e-01  2.326e-01  1.947e-01  1.796e-01  1.543e-01  1.307e-01  1.109e-01  9.317e-02  7.712e-02  6.373e-02  5.238e-02  4.298e-02  3.531e-02  2.893e-02  2.388e-02  1.962e-02  1.622e-02  1.350e-02  1.119e-02  9.265e-03  7.706e-03  6.374e-03  5.241e-03  4.306e-03  3.733e-03  2.930e-03  2.425e-03  1.996e-03  1.641e-03  1.339e-03  1.088e-03  8.796e-04  7.080e-04  5.691e-04  4.534e-04  3.678e-04  2.979e-04  2.499e-04  2.087e-04  1.583e-04  1.029e-04 	
 3.959e-01  3.914e-01  3.857e-01  3.789e-01  3.715e-01  3.633e-01  3.551e-01  3.442e-01  3.281e-01  3.059e-01  2.795e-01  2.420e-01  2.264e-01  1.996e-01  1.733e-01  1.505e-01  1.292e-01  1.091e-01  9.183e-02  7.672e-02  6.384e-02  5.307e-02  4.393e-02  3.657e-02  3.026e-02  2.515e-02  2.103e-02  1.749e-02  1.452e-02  1.210e-02  1.002e-02  8.251e-03  6.785e-03  5.885e-03  4.622e-03  3.828e-03  3.152e-03  2.592e-03  2.116e-03  1.721e-03  1.393e-03  1.124e-03  9.067e-04  7.253e-04  5.899e-04  4.781e-04  3.990e-04  3.308e-04  2.550e-04  1.745e-04 	
 4.162e-01  4.124e-01  4.077e-01  4.025e-01  3.969e-01  3.912e-01  3.857e-01  3.778e-01  3.650e-01  3.460e-01  3.224e-01  2.876e-01  2.726e-01  2.461e-01  2.191e-01  1.946e-01  1.710e-01  1.478e-01  1.271e-01  1.083e-01  9.176e-02  7.751e-02  6.507e-02  5.482e-02  4.583e-02  3.842e-02  3.235e-02  2.706e-02  2.257e-02  1.887e-02  1.568e-02  1.294e-02  1.067e-02  9.262e-03  7.287e-03  6.040e-03  4.976e-03  4.093e-03  3.345e-03  2.726e-03  2.215e-03  1.794e-03  1.452e-03  1.166e-03  9.496e-04  7.695e-04  6.384e-04  5.262e-04  4.111e-04  2.935e-04 	
 4.335e-01  4.302e-01  4.263e-01  4.220e-01  4.179e-01  4.142e-01  4.111e-01  4.064e-01  3.971e-01  3.817e-01  3.617e-01  3.312e-01  3.177e-01  2.930e-01  2.671e-01  2.430e-01  2.188e-01  1.939e-01  1.708e-01  1.491e-01  1.291e-01  1.114e-01  9.527e-02  8.163e-02  6.928e-02  5.884e-02  5.008e-02  4.228e-02  3.551e-02  2.988e-02  2.494e-02  2.066e-02  1.707e-02  1.485e-02  1.171e-02  9.715e-03  8.012e-03  6.596e-03  5.395e-03  4.400e-03  3.579e-03  2.903e-03  2.355e-03  1.897e-03  1.548e-03  1.255e-03  1.040e-03  8.554e-04  6.736e-04  4.951e-04 	
 4.479e-01  4.448e-01  4.410e-01  4.371e-01  4.337e-01  4.313e-01  4.299e-01  4.279e-01  4.215e-01  4.097e-01  3.933e-01  3.676e-01  3.560e-01  3.343e-01  3.107e-01  2.885e-01  2.654e-01  2.408e-01  2.173e-01  1.943e-01  1.724e-01  1.521e-01  1.331e-01  1.164e-01  1.007e-01  8.704e-02  7.522e-02  6.435e-02  5.469e-02  4.644e-02  3.908e-02  3.257e-02  2.706e-02  2.360e-02  1.868e-02  1.553e-02  1.283e-02  1.058e-02  8.665e-03  7.081e-03  5.774e-03  4.698e-03  3.823e-03  3.087e-03  2.522e-03  2.046e-03  1.690e-03  1.388e-03  1.101e-03  8.303e-04 	
 4.608e-01  4.577e-01  4.539e-01  4.498e-01  4.464e-01  4.443e-01  4.440e-01  4.440e-01  4.402e-01  4.316e-01  4.190e-01  3.982e-01  3.887e-01  3.702e-01  3.496e-01  3.302e-01  3.094e-01  2.865e-01  2.642e-01  2.417e-01  2.196e-01  1.985e-01  1.778e-01  1.591e-01  1.409e-01  1.243e-01  1.096e-01  9.552e-02  8.253e-02  7.111e-02  6.059e-02  5.104e-02  4.277e-02  3.750e-02  2.988e-02  2.495e-02  2.067e-02  1.708e-02  1.402e-02  1.148e-02  9.386e-03  7.658e-03  6.248e-03  5.060e-03  4.139e-03  3.360e-03  2.769e-03  2.274e-03  1.814e-03  1.396e-03 	
 4.726e-01  4.694e-01  4.652e-01  4.603e-01  4.562e-01  4.537e-01  4.536e-01  4.547e-01  4.527e-01  4.471e-01  4.376e-01  4.217e-01  4.143e-01  3.992e-01  3.816e-01  3.655e-01  3.476e-01  3.274e-01  3.075e-01  2.870e-01  2.664e-01  2.462e-01  2.257e-01  2.068e-01  1.876e-01  1.695e-01  1.529e-01  1.362e-01  1.203e-01  1.057e-01  9.165e-02  7.847e-02  6.666e-02  5.894e-02  4.753e-02  3.995e-02  3.328e-02  2.761e-02  2.275e-02  1.869e-02  1.532e-02  1.254e-02  1.026e-02  8.330e-03  6.824e-03  5.545e-03  4.565e-03  3.748e-03  3.004e-03  2.353e-03 	
 4.836e-01  4.804e-01  4.758e-01  4.697e-01  4.647e-01  4.612e-01  4.606e-01  4.617e-01  4.607e-01  4.573e-01  4.505e-01  4.388e-01  4.334e-01  4.213e-01  4.067e-01  3.938e-01  3.787e-01  3.613e-01  3.442e-01  3.264e-01  3.081e-01  2.901e-01  2.714e-01  2.538e-01  2.353e-01  2.176e-01  2.007e-01  1.832e-01  1.656e-01  1.489e-01  1.321e-01  1.156e-01  1.002e-01  8.973e-02  7.374e-02  6.273e-02  5.276e-02  4.409e-02  3.657e-02  3.024e-02  2.492e-02  2.050e-02  1.684e-02  1.372e-02  1.126e-02  9.152e-03  7.516e-03  6.163e-03  4.971e-03  3.968e-03 	
 4.941e-01  4.909e-01  4.861e-01  4.788e-01  4.728e-01  4.681e-01  4.663e-01  4.666e-01  4.658e-01  4.638e-01  4.587e-01  4.507e-01  4.469e-01  4.374e-01  4.258e-01  4.157e-01  4.033e-01  3.888e-01  3.745e-01  3.595e-01  3.441e-01  3.287e-01  3.125e-01  2.973e-01  2.809e-01  2.648e-01  2.494e-01  2.327e-01  2.154e-01  1.983e-01  1.804e-01  1.619e-01  1.437e-01  1.309e-01  1.105e-01  9.576e-02  8.186e-02  6.931e-02  5.816e-02  4.856e-02  4.036e-02  3.342e-02  2.761e-02  2.262e-02  1.861e-02  1.515e-02  1.242e-02  1.017e-02  8.264e-03  6.711e-03 	
 5.039e-01  5.004e-01  4.954e-01  4.877e-01  4.809e-01  4.753e-01  4.721e-01  4.706e-01  4.695e-01  4.679e-01  4.640e-01  4.585e-01  4.557e-01  4.484e-01  4.395e-01  4.317e-01  4.217e-01  4.098e-01  3.981e-01  3.857e-01  3.729e-01  3.602e-01  3.467e-01  3.341e-01  3.204e-01  3.068e-01  2.938e-01  2.793e-01  2.639e-01  2.482e-01  2.311e-01  2.126e-01  1.937e-01  1.798e-01  1.567e-01  1.391e-01  1.216e-01  1.052e-01  8.982e-02  7.615e-02  6.413e-02  5.372e-02  4.481e-02  3.702e-02  3.062e-02  2.504e-02  2.052e-02  1.677e-02  1.375e-02  1.135e-02 	
 5.129e-01  5.092e-01  5.038e-01  4.964e-01  4.892e-01  4.828e-01  4.784e-01  4.751e-01  4.732e-01  4.713e-01  4.681e-01  4.640e-01  4.618e-01  4.562e-01  4.496e-01  4.434e-01  4.354e-01  4.260e-01  4.165e-01  4.064e-01  3.959e-01  3.856e-01  3.745e-01  3.644e-01  3.532e-01  3.422e-01  3.318e-01  3.199e-01  3.070e-01  2.938e-01  2.789e-01  2.622e-01  2.445e-01  2.311e-01  2.079e-01  1.894e-01  1.700e-01  1.509e-01  1.320e-01  1.144e-01  9.825e-02  8.377e-02  7.096e-02  5.943e-02  4.970e-02  4.098e-02  3.372e-02  2.759e-02  2.282e-02  1.913e-02 	
 5.211e-01  5.171e-01  5.116e-01  5.045e-01  4.971e-01  4.903e-01  4.849e-01  4.804e-01  4.776e-01  4.751e-01  4.720e-01  4.683e-01  4.664e-01  4.619e-01  4.569e-01  4.519e-01  4.455e-01  4.381e-01  4.305e-01  4.222e-01  4.138e-01  4.054e-01  3.965e-01  3.884e-01  3.795e-01  3.709e-01  3.628e-01  3.535e-01  3.433e-01  3.329e-01  3.207e-01  3.068e-01  2.915e-01  2.797e-01  2.588e-01  2.414e-01  2.224e-01  2.027e-01  1.823e-01  1.621e-01  1.427e-01  1.245e-01  1.077e-01  9.206e-02  7.833e-02  6.559e-02  5.460e-02  4.508e-02  3.759e-02  3.184e-02 	
 5.287e-01  5.245e-01  5.190e-01  5.122e-01  5.048e-01  4.977e-01  4.917e-01  4.863e-01  4.826e-01  4.795e-01  4.763e-01  4.725e-01  4.707e-01  4.669e-01  4.629e-01  4.587e-01  4.536e-01  4.477e-01  4.415e-01  4.348e-01  4.281e-01  4.213e-01  4.141e-01  4.078e-01  4.008e-01  3.941e-01  3.880e-01  3.809e-01  3.731e-01  3.651e-01  3.556e-01  3.444e-01  3.321e-01  3.222e-01  3.049e-01  2.899e-01  2.729e-01  2.548e-01  2.350e-01  2.146e-01  1.941e-01  1.738e-01  1.541e-01  1.350e-01  1.175e-01  1.005e-01  8.536e-02  7.166e-02  6.038e-02  5.148e-02 	
 5.357e-01  5.314e-01  5.260e-01  5.193e-01  5.121e-01  5.048e-01  4.986e-01  4.926e-01  4.883e-01  4.847e-01  4.812e-01  4.771e-01  4.753e-01  4.718e-01  4.684e-01  4.647e-01  4.605e-01  4.558e-01  4.507e-01  4.453e-01  4.399e-01  4.344e-01  4.287e-01  4.237e-01  4.182e-01  4.131e-01  4.086e-01  4.033e-01  3.975e-01  3.917e-01  3.845e-01  3.758e-01  3.661e-01  3.583e-01  3.446e-01  3.324e-01  3.182e-01  3.026e-01  2.851e-01  2.664e-01  2.467e-01  2.264e-01  2.059e-01  1.848e-01  1.648e-01  1.447e-01  1.259e-01  1.080e-01  9.229e-02  7.911e-02 	
 5.421e-01  5.379e-01  5.326e-01  5.261e-01  5.190e-01  5.118e-01  5.054e-01  4.991e-01  4.944e-01  4.904e-01  4.866e-01  4.822e-01  4.803e-01  4.770e-01  4.739e-01  4.706e-01  4.670e-01  4.632e-01  4.589e-01  4.544e-01  4.501e-01  4.457e-01  4.411e-01  4.372e-01  4.329e-01  4.290e-01  4.258e-01  4.219e-01  4.177e-01  4.136e-01  4.084e-01  4.018e-01  3.943e-01  3.882e-01  3.778e-01  3.682e-01  3.568e-01  3.439e-01  3.291e-01  3.128e-01  2.953e-01  2.764e-01  2.567e-01  2.356e-01  2.148e-01  1.930e-01  1.720e-01  1.511e-01  1.312e-01  1.133e-01 	
 5.480e-01  5.439e-01  5.387e-01  5.324e-01  5.254e-01  5.183e-01  5.119e-01  5.055e-01  5.007e-01  4.965e-01  4.924e-01  4.877e-01  4.857e-01  4.824e-01  4.794e-01  4.764e-01  4.732e-01  4.700e-01  4.663e-01  4.626e-01  4.592e-01  4.555e-01  4.519e-01  4.489e-01  4.454e-01  4.426e-01  4.402e-01  4.375e-01  4.345e-01  4.318e-01  4.280e-01  4.230e-01  4.174e-01  4.127e-01  4.048e-01  3.974e-01  3.882e-01  3.777e-01  3.653e-01  3.515e-01  3.363e-01  3.196e-01  3.015e-01  2.815e-01  2.612e-01  2.392e-01  2.174e-01  1.947e-01  1.720e-01  1.503e-01 	
 5.532e-01  5.493e-01  5.442e-01  5.380e-01  5.312e-01  5.242e-01  5.179e-01  5.115e-01  5.067e-01  5.023e-01  4.981e-01  4.932e-01  4.912e-01  4.878e-01  4.849e-01  4.820e-01  4.792e-01  4.764e-01  4.732e-01  4.700e-01  4.672e-01  4.641e-01  4.612e-01  4.589e-01  4.561e-01  4.539e-01  4.523e-01  4.504e-01  4.484e-01  4.466e-01  4.439e-01  4.401e-01  4.358e-01  4.322e-01  4.263e-01  4.205e-01  4.130e-01  4.043e-01  3.939e-01  3.820e-01  3.689e-01  3.542e-01  3.379e-01  3.194e-01  3.002e-01  2.789e-01  2.571e-01  2.338e-01  2.096e-01  1.856e-01 	
 5.577e-01  5.539e-01  5.490e-01  5.427e-01  5.360e-01  5.293e-01  5.230e-01  5.168e-01  5.120e-01  5.077e-01  5.034e-01  4.983e-01  4.962e-01  4.929e-01  4.900e-01  4.872e-01  4.846e-01  4.821e-01  4.792e-01  4.764e-01  4.741e-01  4.714e-01  4.691e-01  4.672e-01  4.649e-01  4.633e-01  4.622e-01  4.609e-01  4.595e-01  4.585e-01  4.566e-01  4.537e-01  4.503e-01  4.474e-01  4.430e-01  4.384e-01  4.322e-01  4.248e-01  4.159e-01  4.056e-01  3.941e-01  3.809e-01  3.662e-01  3.492e-01  3.312e-01  3.108e-01  2.895e-01  2.662e-01  2.416e-01  2.166e-01 	
 5.613e-01  5.578e-01  5.529e-01  5.466e-01  5.401e-01  5.336e-01  5.274e-01  5.212e-01  5.166e-01  5.123e-01  5.080e-01  5.029e-01  5.008e-01  4.975e-01  4.946e-01  4.918e-01  4.894e-01  4.871e-01  4.844e-01  4.819e-01  4.799e-01  4.776e-01  4.757e-01  4.741e-01  4.721e-01  4.710e-01  4.703e-01  4.693e-01  4.685e-01  4.679e-01  4.666e-01  4.643e-01  4.617e-01  4.594e-01  4.560e-01  4.522e-01  4.470e-01  4.407e-01  4.328e-01  4.237e-01  4.135e-01  4.016e-01  3.881e-01  3.723e-01  3.554e-01  3.360e-01  3.152e-01  2.923e-01  2.678e-01  2.425e-01 	
 5.643e-01  5.609e-01  5.563e-01  5.497e-01  5.433e-01  5.371e-01  5.309e-01  5.248e-01  5.205e-01  5.163e-01  5.119e-01  5.069e-01  5.048e-01  5.014e-01  4.986e-01  4.959e-01  4.935e-01  4.914e-01  4.889e-01  4.866e-01  4.848e-01  4.828e-01  4.811e-01  4.798e-01  4.781e-01  4.772e-01  4.768e-01  4.761e-01  4.757e-01  4.755e-01  4.746e-01  4.728e-01  4.707e-01  4.688e-01  4.662e-01  4.631e-01  4.586e-01  4.530e-01  4.460e-01  4.378e-01  4.286e-01  4.177e-01  4.051e-01  3.904e-01  3.744e-01  3.559e-01  3.358e-01  3.133e-01  2.891e-01  2.637e-01 	
 5.666e-01  5.632e-01  5.587e-01  5.521e-01  5.459e-01  5.399e-01  5.338e-01  5.278e-01  5.236e-01  5.195e-01  5.151e-01  5.102e-01  5.081e-01  5.047e-01  5.019e-01  4.992e-01  4.970e-01  4.949e-01  4.926e-01  4.905e-01  4.888e-01  4.870e-01  4.855e-01  4.844e-01  4.828e-01  4.822e-01  4.819e-01  4.815e-01  4.813e-01  4.814e-01  4.807e-01  4.793e-01  4.776e-01  4.760e-01  4.740e-01  4.714e-01  4.674e-01  4.625e-01  4.561e-01  4.486e-01  4.402e-01  4.300e-01  4.183e-01  4.043e-01  3.891e-01  3.713e-01  3.520e-01  3.300e-01  3.060e-01  2.808e-01 	
 5.682e-01  5.648e-01  5.603e-01  5.541e-01  5.480e-01  5.420e-01  5.361e-01  5.302e-01  5.260e-01  5.219e-01  5.177e-01  5.127e-01  5.106e-01  5.074e-01  5.045e-01  5.019e-01  4.997e-01  4.977e-01  4.955e-01  4.935e-01  4.919e-01  4.902e-01  4.889e-01  4.879e-01  4.864e-01  4.860e-01  4.858e-01  4.855e-01  4.855e-01  4.858e-01  4.853e-01  4.842e-01  4.827e-01  4.813e-01  4.798e-01  4.775e-01  4.740e-01  4.695e-01  4.636e-01  4.567e-01  4.489e-01  4.393e-01  4.282e-01  4.149e-01  4.003e-01  3.831e-01  3.643e-01  3.427e-01  3.191e-01  2.941e-01 	
 5.694e-01  5.659e-01  5.614e-01  5.556e-01  5.496e-01  5.435e-01  5.378e-01  5.320e-01  5.277e-01  5.237e-01  5.196e-01  5.146e-01  5.126e-01  5.094e-01  5.065e-01  5.040e-01  5.018e-01  4.998e-01  4.977e-01  4.957e-01  4.942e-01  4.926e-01  4.914e-01  4.905e-01  4.892e-01  4.888e-01  4.887e-01  4.885e-01  4.887e-01  4.890e-01  4.888e-01  4.877e-01  4.864e-01  4.852e-01  4.840e-01  4.820e-01  4.788e-01  4.747e-01  4.692e-01  4.626e-01  4.552e-01  4.462e-01  4.355e-01  4.227e-01  4.086e-01  3.920e-01  3.736e-01  3.523e-01  3.291e-01  3.043e-01 	
 5.702e-01  5.667e-01  5.622e-01  5.566e-01  5.507e-01  5.447e-01  5.391e-01  5.334e-01  5.291e-01  5.250e-01  5.210e-01  5.161e-01  5.141e-01  5.109e-01  5.081e-01  5.055e-01  5.034e-01  5.014e-01  4.994e-01  4.975e-01  4.960e-01  4.945e-01  4.933e-01  4.925e-01  4.912e-01  4.909e-01  4.909e-01  4.908e-01  4.910e-01  4.914e-01  4.913e-01  4.904e-01  4.892e-01  4.881e-01  4.871e-01  4.853e-01  4.823e-01  4.784e-01  4.732e-01  4.670e-01  4.600e-01  4.513e-01  4.410e-01  4.286e-01  4.149e-01  3.986e-01  3.806e-01  3.596e-01  3.367e-01  3.122e-01 	
 5.709e-01  5.673e-01  5.628e-01  5.574e-01  5.516e-01  5.456e-01  5.400e-01  5.344e-01  5.301e-01  5.261e-01  5.221e-01  5.172e-01  5.152e-01  5.120e-01  5.092e-01  5.067e-01  5.046e-01  5.027e-01  5.007e-01  4.988e-01  4.974e-01  4.959e-01  4.948e-01  4.940e-01  4.927e-01  4.925e-01  4.925e-01  4.924e-01  4.927e-01  4.932e-01  4.931e-01  4.923e-01  4.913e-01  4.902e-01  4.895e-01  4.878e-01  4.849e-01  4.813e-01  4.763e-01  4.703e-01  4.636e-01  4.551e-01  4.452e-01  4.331e-01  4.197e-01  4.037e-01  3.860e-01  3.653e-01  3.426e-01  3.183e-01 	
 5.713e-01  5.678e-01  5.633e-01  5.580e-01  5.522e-01  5.463e-01  5.408e-01  5.352e-01  5.308e-01  5.268e-01  5.229e-01  5.180e-01  5.160e-01  5.129e-01  5.101e-01  5.076e-01  5.056e-01  5.036e-01  5.017e-01  4.998e-01  4.984e-01  4.970e-01  4.959e-01  4.951e-01  4.939e-01  4.937e-01  4.938e-01  4.937e-01  4.941e-01  4.946e-01  4.946e-01  4.939e-01  4.928e-01  4.919e-01  4.912e-01  4.897e-01  4.870e-01  4.834e-01  4.786e-01  4.729e-01  4.663e-01  4.581e-01  4.484e-01  4.366e-01  4.235e-01  4.078e-01  3.903e-01  3.699e-01  3.474e-01  3.232e-01 	
 5.718e-01  5.682e-01  5.638e-01  5.585e-01  5.527e-01  5.468e-01  5.413e-01  5.358e-01  5.314e-01  5.275e-01  5.236e-01  5.187e-01  5.167e-01  5.136e-01  5.109e-01  5.084e-01  5.063e-01  5.044e-01  5.025e-01  5.007e-01  4.993e-01  4.979e-01  4.968e-01  4.960e-01  4.949e-01  4.947e-01  4.948e-01  4.948e-01  4.952e-01  4.957e-01  4.957e-01  4.951e-01  4.941e-01  4.932e-01  4.926e-01  4.912e-01  4.886e-01  4.852e-01  4.805e-01  4.749e-01  4.686e-01  4.606e-01  4.511e-01  4.395e-01  4.266e-01  4.111e-01  3.939e-01  3.737e-01  3.513e-01  3.274e-01 	
 5.721e-01  5.686e-01  5.642e-01  5.588e-01  5.531e-01  5.472e-01  5.417e-01  5.362e-01  5.319e-01  5.280e-01  5.241e-01  5.193e-01  5.173e-01  5.142e-01  5.115e-01  5.090e-01  5.070e-01  5.051e-01  5.032e-01  5.014e-01  5.000e-01  4.986e-01  4.976e-01  4.968e-01  4.957e-01  4.955e-01  4.956e-01  4.957e-01  4.961e-01  4.967e-01  4.967e-01  4.961e-01  4.951e-01  4.943e-01  4.938e-01  4.924e-01  4.899e-01  4.866e-01  4.821e-01  4.766e-01  4.704e-01  4.626e-01  4.533e-01  4.419e-01  4.292e-01  4.140e-01  3.970e-01  3.769e-01  3.548e-01  3.310e-01 	
 5.725e-01  5.690e-01  5.646e-01  5.591e-01  5.533e-01  5.475e-01  5.420e-01  5.365e-01  5.324e-01  5.285e-01  5.246e-01  5.198e-01  5.179e-01  5.148e-01  5.120e-01  5.096e-01  5.076e-01  5.057e-01  5.038e-01  5.020e-01  5.006e-01  4.992e-01  4.983e-01  4.975e-01  4.964e-01  4.963e-01  4.963e-01  4.964e-01  4.969e-01  4.975e-01  4.975e-01  4.969e-01  4.960e-01  4.952e-01  4.948e-01  4.935e-01  4.910e-01  4.879e-01  4.834e-01  4.781e-01  4.721e-01  4.644e-01  4.553e-01  4.441e-01  4.316e-01  4.166e-01  3.997e-01  3.799e-01  3.579e-01  3.342e-01 	
 5.728e-01  5.694e-01  5.650e-01  5.594e-01  5.536e-01  5.478e-01  5.423e-01  5.368e-01  5.328e-01  5.289e-01  5.250e-01  5.203e-01  5.183e-01  5.152e-01  5.125e-01  5.101e-01  5.081e-01  5.062e-01  5.043e-01  5.025e-01  5.012e-01  4.998e-01  4.989e-01  4.981e-01  4.970e-01  4.969e-01  4.970e-01  4.971e-01  4.976e-01  4.982e-01  4.983e-01  4.977e-01  4.968e-01  4.960e-01  4.957e-01  4.945e-01  4.921e-01  4.890e-01  4.847e-01  4.795e-01  4.736e-01  4.661e-01  4.571e-01  4.460e-01  4.337e-01  4.189e-01  4.023e-01  3.826e-01  3.608e-01  3.372e-01 	
 5.731e-01  5.699e-01  5.655e-01  5.596e-01  5.538e-01  5.481e-01  5.425e-01  5.370e-01  5.331e-01  5.294e-01  5.254e-01  5.207e-01  5.188e-01  5.157e-01  5.130e-01  5.105e-01  5.086e-01  5.067e-01  5.048e-01  5.030e-01  5.017e-01  5.004e-01  4.995e-01  4.987e-01  4.976e-01  4.975e-01  4.976e-01  4.977e-01  4.982e-01  4.989e-01  4.990e-01  4.984e-01  4.976e-01  4.968e-01  4.966e-01  4.954e-01  4.930e-01  4.900e-01  4.858e-01  4.807e-01  4.750e-01  4.676e-01  4.588e-01  4.479e-01  4.358e-01  4.211e-01  4.047e-01  3.852e-01  3.635e-01  3.401e-01 	
 5.733e-01  5.702e-01  5.659e-01  5.597e-01  5.540e-01  5.485e-01  5.428e-01  5.373e-01  5.335e-01  5.298e-01  5.258e-01  5.211e-01  5.192e-01  5.161e-01  5.134e-01  5.110e-01  5.091e-01  5.072e-01  5.053e-01  5.035e-01  5.022e-01  5.009e-01  5.000e-01  4.993e-01  4.982e-01  4.981e-01  4.982e-01  4.984e-01  4.989e-01  4.995e-01  4.997e-01  4.991e-01  4.983e-01  4.976e-01  4.974e-01  4.962e-01  4.940e-01  4.910e-01  4.869e-01  4.819e-01  4.763e-01  4.691e-01  4.604e-01  4.497e-01  4.377e-01  4.233e-01  4.070e-01  3.877e-01  3.662e-01  3.429e-01 	
 5.736e-01  5.703e-01  5.660e-01  5.601e-01  5.543e-01  5.487e-01  5.432e-01  5.377e-01  5.338e-01  5.301e-01  5.262e-01  5.215e-01  5.196e-01  5.165e-01  5.138e-01  5.114e-01  5.095e-01  5.077e-01  5.058e-01  5.040e-01  5.028e-01  5.015e-01  5.006e-01  4.998e-01  4.988e-01  4.987e-01  4.988e-01  4.990e-01  4.995e-01  5.001e-01  5.003e-01  4.998e-01  4.990e-01  4.983e-01  4.982e-01  4.970e-01  4.949e-01  4.920e-01  4.880e-01  4.831e-01  4.776e-01  4.705e-01  4.620e-01  4.515e-01  4.397e-01  4.254e-01  4.093e-01  3.902e-01  3.689e-01  3.457e-01 	
 5.738e-01  5.705e-01  5.661e-01  5.604e-01  5.547e-01  5.490e-01  5.435e-01  5.381e-01  5.342e-01  5.304e-01  5.266e-01  5.219e-01  5.200e-01  5.170e-01  5.143e-01  5.119e-01  5.100e-01  5.081e-01  5.063e-01  5.045e-01  5.033e-01  5.020e-01  5.011e-01  5.004e-01  4.994e-01  4.993e-01  4.994e-01  4.996e-01  5.001e-01  5.008e-01  5.010e-01  5.005e-01  4.997e-01  4.990e-01  4.990e-01  4.979e-01  4.958e-01  4.930e-01  4.890e-01  4.843e-01  4.789e-01  4.720e-01  4.636e-01  4.533e-01  4.417e-01  4.276e-01  4.117e-01  3.927e-01  3.716e-01  3.485e-01 	
 5.737e-01  5.702e-01  5.659e-01  5.608e-01  5.552e-01  5.494e-01  5.441e-01  5.388e-01  5.345e-01  5.307e-01  5.270e-01  5.223e-01  5.204e-01  5.174e-01  5.147e-01  5.124e-01  5.105e-01  5.086e-01  5.068e-01  5.051e-01  5.038e-01  5.026e-01  5.017e-01  5.010e-01  5.000e-01  4.999e-01  5.001e-01  5.002e-01  5.008e-01  5.015e-01  5.017e-01  5.012e-01  5.005e-01  4.998e-01  4.998e-01  4.988e-01  4.967e-01  4.940e-01  4.902e-01  4.855e-01  4.803e-01  4.735e-01  4.653e-01  4.551e-01  4.437e-01  4.298e-01  4.142e-01  3.954e-01  3.744e-01  3.515e-01 	
 5.738e-01  5.703e-01  5.660e-01  5.610e-01  5.555e-01  5.498e-01  5.445e-01  5.392e-01  5.349e-01  5.311e-01  5.274e-01  5.227e-01  5.208e-01  5.179e-01  5.152e-01  5.128e-01  5.109e-01  5.091e-01  5.073e-01  5.056e-01  5.043e-01  5.031e-01  5.022e-01  5.015e-01  5.006e-01  5.005e-01  5.007e-01  5.008e-01  5.014e-01  5.021e-01  5.023e-01  5.019e-01  5.012e-01  5.006e-01  5.006e-01  4.996e-01  4.976e-01  4.950e-01  4.912e-01  4.867e-01  4.816e-01  4.750e-01  4.669e-01  4.569e-01  4.457e-01  4.320e-01  4.166e-01  3.981e-01  3.773e-01  3.545e-01 	
 5.742e-01  5.707e-01  5.664e-01  5.613e-01  5.557e-01  5.500e-01  5.447e-01  5.394e-01  5.352e-01  5.315e-01  5.278e-01  5.232e-01  5.213e-01  5.183e-01  5.157e-01  5.133e-01  5.114e-01  5.096e-01  5.079e-01  5.062e-01  5.049e-01  5.037e-01  5.028e-01  5.022e-01  5.012e-01  5.012e-01  5.013e-01  5.015e-01  5.021e-01  5.028e-01  5.031e-01  5.027e-01  5.020e-01  5.013e-01  5.014e-01  5.005e-01  4.986e-01  4.960e-01  4.924e-01  4.879e-01  4.830e-01  4.765e-01  4.686e-01  4.588e-01  4.478e-01  4.344e-01  4.191e-01  4.008e-01  3.802e-01  3.577e-01 	
 5.744e-01  5.710e-01  5.667e-01  5.616e-01  5.560e-01  5.503e-01  5.451e-01  5.398e-01  5.356e-01  5.319e-01  5.282e-01  5.236e-01  5.217e-01  5.188e-01  5.162e-01  5.138e-01  5.120e-01  5.102e-01  5.084e-01  5.067e-01  5.055e-01  5.043e-01  5.035e-01  5.028e-01  5.018e-01  5.018e-01  5.020e-01  5.022e-01  5.028e-01  5.036e-01  5.038e-01  5.034e-01  5.028e-01  5.022e-01  5.023e-01  5.014e-01  4.996e-01  4.971e-01  4.935e-01  4.892e-01  4.844e-01  4.781e-01  4.704e-01  4.608e-01  4.500e-01  4.368e-01  4.218e-01  4.037e-01  3.834e-01  3.611e-01 	
 5.747e-01  5.713e-01  5.670e-01  5.619e-01  5.563e-01  5.506e-01  5.454e-01  5.401e-01  5.360e-01  5.323e-01  5.287e-01  5.241e-01  5.222e-01  5.193e-01  5.167e-01  5.144e-01  5.125e-01  5.107e-01  5.090e-01  5.073e-01  5.061e-01  5.049e-01  5.041e-01  5.035e-01  5.025e-01  5.025e-01  5.027e-01  5.029e-01  5.036e-01  5.043e-01  5.046e-01  5.042e-01  5.036e-01  5.030e-01  5.032e-01  5.024e-01  5.006e-01  4.982e-01  4.948e-01  4.906e-01  4.859e-01  4.797e-01  4.723e-01  4.629e-01  4.523e-01  4.393e-01  4.246e-01  4.068e-01  3.867e-01  3.646e-01 	
 5.749e-01  5.716e-01  5.674e-01  5.622e-01  5.566e-01  5.510e-01  5.457e-01  5.404e-01  5.364e-01  5.328e-01  5.291e-01  5.246e-01  5.227e-01  5.198e-01  5.172e-01  5.149e-01  5.131e-01  5.113e-01  5.096e-01  5.080e-01  5.068e-01  5.056e-01  5.048e-01  5.042e-01  5.032e-01  5.033e-01  5.034e-01  5.037e-01  5.043e-01  5.051e-01  5.054e-01  5.051e-01  5.045e-01  5.039e-01  5.042e-01  5.034e-01  5.017e-01  4.994e-01  4.960e-01  4.919e-01  4.874e-01  4.814e-01  4.741e-01  4.650e-01  4.546e-01  4.419e-01  4.275e-01  4.099e-01  3.901e-01  3.683e-01 	
 5.752e-01  5.720e-01  5.678e-01  5.624e-01  5.568e-01  5.513e-01  5.460e-01  5.407e-01  5.368e-01  5.332e-01  5.295e-01  5.251e-01  5.232e-01  5.203e-01  5.177e-01  5.155e-01  5.137e-01  5.119e-01  5.102e-01  5.086e-01  5.074e-01  5.063e-01  5.055e-01  5.048e-01  5.039e-01  5.040e-01  5.042e-01  5.044e-01  5.051e-01  5.059e-01  5.062e-01  5.059e-01  5.053e-01  5.048e-01  5.051e-01  5.044e-01  5.027e-01  5.005e-01  4.972e-01  4.933e-01  4.889e-01  4.831e-01  4.760e-01  4.670e-01  4.569e-01  4.445e-01  4.303e-01  4.131e-01  3.935e-01  3.720e-01 	
