 9.900e-06  1.069e-05  1.226e-05  1.456e-05  1.755e-05  2.121e-05  2.550e-05  3.042e-05  3.596e-05  4.213e-05  4.895e-05  5.642e-05  6.455e-05  7.338e-05  8.290e-05  9.314e-05  1.041e-04  1.158e-04  1.283e-04  1.416e-04  1.557e-04  1.705e-04  1.863e-04  2.028e-04  2.203e-04  2.386e-04  2.578e-04  2.779e-04  2.990e-04  3.210e-04  3.439e-04  3.679e-04  3.928e-04  4.188e-04  4.457e-04  4.737e-04  5.027e-04  5.328e-04  5.640e-04  5.962e-04  6.295e-04  6.638e-04  6.990e-04  7.348e-04  7.705e-04  8.051e-04  8.369e-04  8.637e-04  8.834e-04  8.938e-04 	
 1.255e-05  1.358e-05  1.562e-05  1.861e-05  2.251e-05  2.727e-05  3.287e-05  3.929e-05  4.654e-05  5.461e-05  6.353e-05  7.331e-05  8.397e-05  9.553e-05  1.080e-04  1.214e-04  1.358e-04  1.512e-04  1.676e-04  1.850e-04  2.034e-04  2.230e-04  2.436e-04  2.653e-04  2.882e-04  3.123e-04  3.375e-04  3.639e-04  3.916e-04  4.205e-04  4.506e-04  4.821e-04  5.148e-04  5.488e-04  5.842e-04  6.210e-04  6.591e-04  6.986e-04  7.395e-04  7.819e-04  8.256e-04  8.706e-04  9.168e-04  9.638e-04  1.011e-03  1.056e-03  1.098e-03  1.133e-03  1.159e-03  1.173e-03 	
 1.759e-05  1.909e-05  2.204e-05  2.639e-05  3.207e-05  3.901e-05  4.718e-05  5.657e-05  6.716e-05  7.898e-05  9.204e-05  1.064e-04  1.220e-04  1.390e-04  1.573e-04  1.770e-04  1.982e-04  2.207e-04  2.448e-04  2.704e-04  2.976e-04  3.263e-04  3.566e-04  3.886e-04  4.223e-04  4.577e-04  4.948e-04  5.337e-04  5.744e-04  6.169e-04  6.613e-04  7.075e-04  7.557e-04  8.058e-04  8.579e-04  9.120e-04  9.681e-04  1.026e-03  1.086e-03  1.149e-03  1.213e-03  1.279e-03  1.347e-03  1.416e-03  1.485e-03  1.552e-03  1.613e-03  1.665e-03  1.703e-03  1.723e-03 	
 2.452e-05  2.669e-05  3.098e-05  3.730e-05  4.556e-05  5.567e-05  6.758e-05  8.128e-05  9.676e-05  1.141e-04  1.332e-04  1.542e-04  1.771e-04  2.020e-04  2.289e-04  2.578e-04  2.889e-04  3.220e-04  3.574e-04  3.950e-04  4.349e-04  4.772e-04  5.218e-04  5.688e-04  6.183e-04  6.704e-04  7.250e-04  7.822e-04  8.420e-04  9.046e-04  9.698e-04  1.038e-03  1.109e-03  1.182e-03  1.259e-03  1.339e-03  1.421e-03  1.507e-03  1.595e-03  1.687e-03  1.781e-03  1.879e-03  1.979e-03  2.080e-03  2.182e-03  2.280e-03  2.370e-03  2.446e-03  2.502e-03  2.531e-03 	
 3.271e-05  3.573e-05  4.172e-05  5.055e-05  6.209e-05  7.625e-05  9.295e-05  1.122e-04  1.339e-04  1.583e-04  1.852e-04  2.148e-04  2.471e-04  2.822e-04  3.201e-04  3.610e-04  4.048e-04  4.517e-04  5.016e-04  5.548e-04  6.112e-04  6.709e-04  7.340e-04  8.005e-04  8.705e-04  9.441e-04  1.021e-03  1.102e-03  1.187e-03  1.275e-03  1.368e-03  1.464e-03  1.564e-03  1.668e-03  1.777e-03  1.889e-03  2.006e-03  2.127e-03  2.252e-03  2.381e-03  2.515e-03  2.653e-03  2.794e-03  2.937e-03  3.081e-03  3.219e-03  3.346e-03  3.454e-03  3.533e-03  3.575e-03 	
 4.158e-05  4.562e-05  5.361e-05  6.541e-05  8.086e-05  9.984e-05  1.223e-04  1.481e-04  1.773e-04  2.101e-04  2.464e-04  2.863e-04  3.299e-04  3.773e-04  4.285e-04  4.837e-04  5.430e-04  6.064e-04  6.740e-04  7.459e-04  8.222e-04  9.030e-04  9.883e-04  1.078e-03  1.173e-03  1.273e-03  1.377e-03  1.487e-03  1.601e-03  1.721e-03  1.846e-03  1.976e-03  2.112e-03  2.253e-03  2.400e-03  2.552e-03  2.710e-03  2.873e-03  3.043e-03  3.218e-03  3.398e-03  3.585e-03  3.775e-03  3.969e-03  4.163e-03  4.350e-03  4.522e-03  4.668e-03  4.774e-03  4.830e-03 	
 5.081e-05  5.601e-05  6.631e-05  8.153e-05  1.015e-04  1.260e-04  1.550e-04  1.885e-04  2.264e-04  2.689e-04  3.161e-04  3.680e-04  4.247e-04  4.864e-04  5.531e-04  6.251e-04  7.023e-04  7.849e-04  8.730e-04  9.668e-04  1.066e-03  1.172e-03  1.283e-03  1.401e-03  1.524e-03  1.654e-03  1.791e-03  1.933e-03  2.083e-03  2.239e-03  2.402e-03  2.572e-03  2.749e-03  2.933e-03  3.124e-03  3.322e-03  3.528e-03  3.741e-03  3.962e-03  4.190e-03  4.425e-03  4.668e-03  4.916e-03  5.168e-03  5.420e-03  5.664e-03  5.887e-03  6.077e-03  6.215e-03  6.288e-03 	
 6.053e-05  6.706e-05  7.999e-05  9.912e-05  1.242e-04  1.551e-04  1.917e-04  2.339e-04  2.819e-04  3.356e-04  3.953e-04  4.610e-04  5.329e-04  6.111e-04  6.957e-04  7.870e-04  8.850e-04  9.898e-04  1.102e-03  1.221e-03  1.347e-03  1.481e-03  1.622e-03  1.772e-03  1.929e-03  2.094e-03  2.267e-03  2.448e-03  2.638e-03  2.836e-03  3.043e-03  3.258e-03  3.483e-03  3.716e-03  3.958e-03  4.210e-03  4.471e-03  4.741e-03  5.020e-03  5.309e-03  5.607e-03  5.914e-03  6.228e-03  6.547e-03  6.865e-03  7.173e-03  7.456e-03  7.695e-03  7.870e-03  7.962e-03 	
 7.132e-05  7.939e-05  9.540e-05  1.191e-04  1.502e-04  1.885e-04  2.339e-04  2.863e-04  3.460e-04  4.128e-04  4.871e-04  5.690e-04  6.585e-04  7.560e-04  8.616e-04  9.754e-04  1.098e-03  1.228e-03  1.368e-03  1.517e-03  1.674e-03  1.841e-03  2.018e-03  2.204e-03  2.400e-03  2.605e-03  2.821e-03  3.047e-03  3.284e-03  3.531e-03  3.789e-03  4.057e-03  4.337e-03  4.627e-03  4.929e-03  5.241e-03  5.566e-03  5.901e-03  6.248e-03  6.607e-03  6.977e-03  7.358e-03  7.748e-03  8.144e-03  8.538e-03  8.920e-03  9.270e-03  9.566e-03  9.783e-03  9.897e-03 	
 8.418e-05  9.410e-05  1.138e-04  1.429e-04  1.811e-04  2.283e-04  2.842e-04  3.489e-04  4.224e-04  5.049e-04  5.966e-04  6.977e-04  8.084e-04  9.288e-04  1.059e-03  1.200e-03  1.351e-03  1.513e-03  1.685e-03  1.869e-03  2.064e-03  2.270e-03  2.488e-03  2.717e-03  2.959e-03  3.213e-03  3.480e-03  3.759e-03  4.050e-03  4.355e-03  4.673e-03  5.003e-03  5.348e-03  5.705e-03  6.076e-03  6.461e-03  6.860e-03  7.272e-03  7.698e-03  8.139e-03  8.593e-03  9.060e-03  9.538e-03  1.002e-02  1.051e-02  1.097e-02  1.140e-02  1.176e-02  1.203e-02  1.217e-02 	
 1.004e-04  1.126e-04  1.367e-04  1.725e-04  2.195e-04  2.774e-04  3.462e-04  4.258e-04  5.162e-04  6.178e-04  7.307e-04  8.551e-04  9.913e-04  1.140e-03  1.300e-03  1.473e-03  1.659e-03  1.858e-03  2.071e-03  2.297e-03  2.536e-03  2.790e-03  3.058e-03  3.340e-03  3.637e-03  3.949e-03  4.276e-03  4.619e-03  4.977e-03  5.350e-03  5.739e-03  6.145e-03  6.566e-03  7.003e-03  7.457e-03  7.928e-03  8.414e-03  8.918e-03  9.438e-03  9.975e-03  1.053e-02  1.110e-02  1.168e-02  1.227e-02  1.285e-02  1.342e-02  1.394e-02  1.438e-02  1.470e-02  1.487e-02 	
 1.214e-04  1.364e-04  1.661e-04  2.101e-04  2.680e-04  3.394e-04  4.241e-04  5.220e-04  6.335e-04  7.586e-04  8.976e-04  1.051e-03  1.219e-03  1.401e-03  1.599e-03  1.812e-03  2.041e-03  2.286e-03  2.547e-03  2.824e-03  3.119e-03  3.430e-03  3.759e-03  4.106e-03  4.470e-03  4.853e-03  5.253e-03  5.673e-03  6.111e-03  6.567e-03  7.043e-03  7.538e-03  8.052e-03  8.586e-03  9.139e-03  9.712e-03  1.030e-02  1.092e-02  1.155e-02  1.220e-02  1.287e-02  1.356e-02  1.427e-02  1.498e-02  1.569e-02  1.637e-02  1.700e-02  1.753e-02  1.792e-02  1.813e-02 	
 1.488e-04  1.674e-04  2.041e-04  2.585e-04  3.300e-04  4.182e-04  5.228e-04  6.438e-04  7.813e-04  9.358e-04  1.107e-03  1.296e-03  1.503e-03  1.728e-03  1.972e-03  2.235e-03  2.517e-03  2.818e-03  3.139e-03  3.481e-03  3.843e-03  4.225e-03  4.629e-03  5.055e-03  5.501e-03  5.970e-03  6.461e-03  6.974e-03  7.509e-03  8.068e-03  8.648e-03  9.252e-03  9.879e-03  1.053e-02  1.120e-02  1.190e-02  1.262e-02  1.336e-02  1.413e-02  1.492e-02  1.573e-02  1.656e-02  1.741e-02  1.827e-02  1.913e-02  1.995e-02  2.071e-02  2.135e-02  2.181e-02  2.206e-02 	
 1.846e-04  2.076e-04  2.532e-04  3.207e-04  4.094e-04  5.187e-04  6.483e-04  7.982e-04  9.686e-04  1.160e-03  1.372e-03  1.606e-03  1.862e-03  2.140e-03  2.441e-03  2.765e-03  3.113e-03  3.484e-03  3.880e-03  4.300e-03  4.746e-03  5.217e-03  5.713e-03  6.235e-03  6.783e-03  7.357e-03  7.958e-03  8.586e-03  9.240e-03  9.922e-03  1.063e-02  1.137e-02  1.213e-02  1.292e-02  1.374e-02  1.458e-02  1.546e-02  1.635e-02  1.728e-02  1.823e-02  1.921e-02  2.022e-02  2.124e-02  2.228e-02  2.330e-02  2.429e-02  2.520e-02  2.596e-02  2.652e-02  2.682e-02 	
 2.311e-04  2.597e-04  3.165e-04  4.005e-04  5.108e-04  6.467e-04  8.079e-04  9.941e-04  1.206e-03  1.443e-03  1.706e-03  1.996e-03  2.313e-03  2.658e-03  3.030e-03  3.431e-03  3.860e-03  4.319e-03  4.808e-03  5.326e-03  5.874e-03  6.453e-03  7.063e-03  7.704e-03  8.377e-03  9.081e-03  9.816e-03  1.058e-02  1.138e-02  1.221e-02  1.308e-02  1.397e-02  1.490e-02  1.586e-02  1.685e-02  1.788e-02  1.893e-02  2.002e-02  2.114e-02  2.228e-02  2.346e-02  2.467e-02  2.589e-02  2.713e-02  2.836e-02  2.954e-02  3.062e-02  3.153e-02  3.220e-02  3.255e-02 	
 2.908e-04  3.266e-04  3.975e-04  5.024e-04  6.401e-04  8.097e-04  1.011e-03  1.243e-03  1.506e-03  1.801e-03  2.129e-03  2.489e-03  2.882e-03  3.310e-03  3.771e-03  4.268e-03  4.799e-03  5.366e-03  5.969e-03  6.608e-03  7.284e-03  7.997e-03  8.747e-03  9.534e-03  1.036e-02  1.122e-02  1.212e-02  1.306e-02  1.403e-02  1.505e-02  1.610e-02  1.719e-02  1.831e-02  1.947e-02  2.067e-02  2.191e-02  2.318e-02  2.449e-02  2.583e-02  2.721e-02  2.862e-02  3.006e-02  3.152e-02  3.300e-02  3.446e-02  3.587e-02  3.715e-02  3.823e-02  3.902e-02  3.944e-02 	
 3.675e-04  4.124e-04  5.011e-04  6.324e-04  8.047e-04  1.017e-03  1.268e-03  1.558e-03  1.886e-03  2.254e-03  2.662e-03  3.111e-03  3.600e-03  4.131e-03  4.703e-03  5.319e-03  5.977e-03  6.678e-03  7.423e-03  8.211e-03  9.044e-03  9.921e-03  1.084e-02  1.181e-02  1.282e-02  1.387e-02  1.497e-02  1.611e-02  1.730e-02  1.853e-02  1.981e-02  2.113e-02  2.249e-02  2.389e-02  2.534e-02  2.682e-02  2.835e-02  2.992e-02  3.152e-02  3.317e-02  3.485e-02  3.656e-02  3.830e-02  4.005e-02  4.177e-02  4.343e-02  4.495e-02  4.622e-02  4.715e-02  4.764e-02 	
 4.656e-04  5.219e-04  6.333e-04  7.980e-04  1.014e-03  1.280e-03  1.594e-03  1.956e-03  2.367e-03  2.827e-03  3.336e-03  3.894e-03  4.503e-03  5.163e-03  5.875e-03  6.637e-03  7.452e-03  8.319e-03  9.239e-03  1.021e-02  1.124e-02  1.231e-02  1.344e-02  1.463e-02  1.586e-02  1.715e-02  1.849e-02  1.988e-02  2.132e-02  2.281e-02  2.435e-02  2.594e-02  2.758e-02  2.927e-02  3.100e-02  3.278e-02  3.460e-02  3.647e-02  3.838e-02  4.033e-02  4.232e-02  4.434e-02  4.639e-02  4.845e-02  5.048e-02  5.242e-02  5.419e-02  5.568e-02  5.677e-02  5.734e-02 	
 5.909e-04  6.617e-04  8.017e-04  1.009e-03  1.280e-03  1.613e-03  2.007e-03  2.462e-03  2.976e-03  3.550e-03  4.186e-03  4.882e-03  5.641e-03  6.461e-03  7.344e-03  8.290e-03  9.299e-03  1.037e-02  1.150e-02  1.270e-02  1.396e-02  1.528e-02  1.667e-02  1.811e-02  1.962e-02  2.118e-02  2.281e-02  2.449e-02  2.623e-02  2.803e-02  2.989e-02  3.179e-02  3.376e-02  3.577e-02  3.784e-02  3.995e-02  4.211e-02  4.432e-02  4.658e-02  4.887e-02  5.121e-02  5.358e-02  5.597e-02  5.837e-02  6.073e-02  6.299e-02  6.505e-02  6.677e-02  6.803e-02  6.869e-02 	
 7.508e-04  8.399e-04  1.016e-03  1.277e-03  1.618e-03  2.037e-03  2.532e-03  3.101e-03  3.745e-03  4.464e-03  5.258e-03  6.126e-03  7.071e-03  8.091e-03  9.186e-03  1.036e-02  1.160e-02  1.293e-02  1.432e-02  1.579e-02  1.733e-02  1.895e-02  2.064e-02  2.240e-02  2.422e-02  2.612e-02  2.808e-02  3.011e-02  3.221e-02  3.436e-02  3.658e-02  3.885e-02  4.119e-02  4.358e-02  4.602e-02  4.851e-02  5.106e-02  5.365e-02  5.629e-02  5.897e-02  6.168e-02  6.443e-02  6.721e-02  6.997e-02  7.269e-02  7.529e-02  7.764e-02  7.962e-02  8.106e-02  8.181e-02 	
 9.550e-04  1.067e-03  1.290e-03  1.618e-03  2.047e-03  2.575e-03  3.196e-03  3.911e-03  4.718e-03  5.617e-03  6.608e-03  7.691e-03  8.866e-03  1.013e-02  1.149e-02  1.294e-02  1.447e-02  1.610e-02  1.781e-02  1.961e-02  2.149e-02  2.346e-02  2.551e-02  2.764e-02  2.985e-02  3.213e-02  3.449e-02  3.691e-02  3.941e-02  4.198e-02  4.461e-02  4.730e-02  5.005e-02  5.286e-02  5.573e-02  5.864e-02  6.160e-02  6.461e-02  6.767e-02  7.076e-02  7.389e-02  7.705e-02  8.022e-02  8.337e-02  8.647e-02  8.941e-02  9.208e-02  9.432e-02  9.594e-02  9.680e-02 	
 1.216e-03  1.358e-03  1.638e-03  2.052e-03  2.593e-03  3.257e-03  4.038e-03  4.935e-03  5.946e-03  7.070e-03  8.307e-03  9.655e-03  1.111e-02  1.268e-02  1.436e-02  1.614e-02  1.803e-02  2.002e-02  2.212e-02  2.431e-02  2.660e-02  2.898e-02  3.145e-02  3.401e-02  3.666e-02  3.939e-02  4.219e-02  4.508e-02  4.803e-02  5.106e-02  5.415e-02  5.731e-02  6.052e-02  6.379e-02  6.711e-02  7.048e-02  7.390e-02  7.735e-02  8.085e-02  8.438e-02  8.793e-02  9.151e-02  9.509e-02  9.865e-02  1.021e-01  1.054e-01  1.084e-01  1.109e-01  1.127e-01  1.137e-01 	
 1.549e-03  1.728e-03  2.082e-03  2.605e-03  3.287e-03  4.122e-03  5.104e-03  6.230e-03  7.495e-03  8.899e-03  1.044e-02  1.212e-02  1.392e-02  1.586e-02  1.793e-02  2.012e-02  2.243e-02  2.485e-02  2.740e-02  3.005e-02  3.281e-02  3.567e-02  3.864e-02  4.169e-02  4.484e-02  4.807e-02  5.139e-02  5.478e-02  5.824e-02  6.178e-02  6.537e-02  6.903e-02  7.274e-02  7.650e-02  8.031e-02  8.416e-02  8.804e-02  9.196e-02  9.591e-02  9.988e-02  1.039e-01  1.079e-01  1.119e-01  1.158e-01  1.196e-01  1.233e-01  1.266e-01  1.293e-01  1.313e-01  1.323e-01 	
 1.974e-03  2.201e-03  2.649e-03  3.308e-03  4.168e-03  5.219e-03  6.453e-03  7.863e-03  9.445e-03  1.119e-02  1.311e-02  1.518e-02  1.742e-02  1.980e-02  2.233e-02  2.500e-02  2.781e-02  3.076e-02  3.383e-02  3.702e-02  4.032e-02  4.373e-02  4.725e-02  5.086e-02  5.457e-02  5.836e-02  6.223e-02  6.618e-02  7.019e-02  7.427e-02  7.840e-02  8.259e-02  8.682e-02  9.109e-02  9.539e-02  9.973e-02  1.041e-01  1.085e-01  1.129e-01  1.173e-01  1.217e-01  1.261e-01  1.304e-01  1.348e-01  1.389e-01  1.429e-01  1.465e-01  1.494e-01  1.516e-01  1.527e-01 	
 2.518e-03  2.805e-03  3.370e-03  4.202e-03  5.286e-03  6.607e-03  8.154e-03  9.918e-03  1.189e-02  1.407e-02  1.644e-02  1.900e-02  2.174e-02  2.465e-02  2.774e-02  3.098e-02  3.437e-02  3.791e-02  4.158e-02  4.538e-02  4.930e-02  5.333e-02  5.746e-02  6.169e-02  6.601e-02  7.040e-02  7.487e-02  7.940e-02  8.399e-02  8.864e-02  9.332e-02  9.804e-02  1.028e-01  1.076e-01  1.124e-01  1.172e-01  1.220e-01  1.268e-01  1.316e-01  1.364e-01  1.412e-01  1.460e-01  1.507e-01  1.553e-01  1.598e-01  1.641e-01  1.679e-01  1.710e-01  1.733e-01  1.745e-01 	
 3.213e-03  3.575e-03  4.289e-03  5.338e-03  6.701e-03  8.360e-03  1.030e-02  1.250e-02  1.495e-02  1.764e-02  2.056e-02  2.370e-02  2.705e-02  3.059e-02  3.432e-02  3.822e-02  4.229e-02  4.650e-02  5.085e-02  5.533e-02  5.993e-02  6.463e-02  6.943e-02  7.432e-02  7.928e-02  8.430e-02  8.939e-02  9.452e-02  9.970e-02  1.049e-01  1.101e-01  1.154e-01  1.207e-01  1.259e-01  1.312e-01  1.364e-01  1.417e-01  1.469e-01  1.521e-01  1.572e-01  1.623e-01  1.674e-01  1.724e-01  1.773e-01  1.820e-01  1.865e-01  1.905e-01  1.938e-01  1.961e-01  1.974e-01 	
 4.101e-03  4.557e-03  5.457e-03  6.777e-03  8.490e-03  1.057e-02  1.298e-02  1.572e-02  1.875e-02  2.206e-02  2.564e-02  2.947e-02  3.353e-02  3.780e-02  4.227e-02  4.692e-02  5.174e-02  5.670e-02  6.180e-02  6.702e-02  7.234e-02  7.776e-02  8.326e-02  8.882e-02  9.445e-02  1.001e-01  1.058e-01  1.115e-01  1.173e-01  1.230e-01  1.288e-01  1.345e-01  1.403e-01  1.460e-01  1.516e-01  1.573e-01  1.629e-01  1.684e-01  1.739e-01  1.793e-01  1.847e-01  1.900e-01  1.952e-01  2.003e-01  2.052e-01  2.098e-01  2.139e-01  2.172e-01  2.197e-01  2.210e-01 	
 5.233e-03  5.808e-03  6.941e-03  8.598e-03  1.074e-02  1.333e-02  1.634e-02  1.972e-02  2.345e-02  2.750e-02  3.186e-02  3.648e-02  4.136e-02  4.646e-02  5.176e-02  5.724e-02  6.288e-02  6.866e-02  7.456e-02  8.056e-02  8.664e-02  9.279e-02  9.900e-02  1.052e-01  1.115e-01  1.178e-01  1.241e-01  1.304e-01  1.367e-01  1.429e-01  1.491e-01  1.553e-01  1.614e-01  1.675e-01  1.735e-01  1.794e-01  1.853e-01  1.911e-01  1.968e-01  2.024e-01  2.080e-01  2.134e-01  2.187e-01  2.239e-01  2.289e-01  2.335e-01  2.376e-01  2.411e-01  2.435e-01  2.448e-01 	
 6.675e-03  7.398e-03  8.818e-03  1.089e-02  1.357e-02  1.679e-02  2.050e-02  2.465e-02  2.921e-02  3.413e-02  3.938e-02  4.492e-02  5.072e-02  5.674e-02  6.296e-02  6.934e-02  7.586e-02  8.249e-02  8.922e-02  9.601e-02  1.029e-01  1.097e-01  1.166e-01  1.235e-01  1.304e-01  1.373e-01  1.441e-01  1.509e-01  1.576e-01  1.643e-01  1.708e-01  1.774e-01  1.838e-01  1.901e-01  1.964e-01  2.025e-01  2.086e-01  2.145e-01  2.204e-01  2.261e-01  2.317e-01  2.372e-01  2.425e-01  2.477e-01  2.526e-01  2.572e-01  2.613e-01  2.647e-01  2.671e-01  2.684e-01 	
 8.507e-03  9.412e-03  1.119e-02  1.377e-02  1.709e-02  2.107e-02  2.562e-02  3.069e-02  3.622e-02  4.214e-02  4.840e-02  5.496e-02  6.178e-02  6.880e-02  7.599e-02  8.331e-02  9.074e-02  9.824e-02  1.058e-01  1.134e-01  1.209e-01  1.285e-01  1.360e-01  1.435e-01  1.509e-01  1.583e-01  1.655e-01  1.727e-01  1.798e-01  1.868e-01  1.936e-01  2.004e-01  2.070e-01  2.135e-01  2.199e-01  2.261e-01  2.323e-01  2.382e-01  2.441e-01  2.498e-01  2.554e-01  2.608e-01  2.661e-01  2.712e-01  2.760e-01  2.805e-01  2.845e-01  2.878e-01  2.901e-01  2.914e-01 	
 1.083e-02  1.195e-02  1.416e-02  1.736e-02  2.146e-02  2.633e-02  3.188e-02  3.802e-02  4.464e-02  5.169e-02  5.908e-02  6.675e-02  7.465e-02  8.272e-02  9.092e-02  9.919e-02  1.075e-01  1.159e-01  1.242e-01  1.325e-01  1.407e-01  1.489e-01  1.570e-01  1.649e-01  1.728e-01  1.805e-01  1.881e-01  1.956e-01  2.029e-01  2.101e-01  2.171e-01  2.239e-01  2.307e-01  2.372e-01  2.436e-01  2.498e-01  2.559e-01  2.618e-01  2.676e-01  2.732e-01  2.786e-01  2.839e-01  2.890e-01  2.939e-01  2.986e-01  3.029e-01  3.067e-01  3.098e-01  3.121e-01  3.133e-01 	
 1.375e-02  1.515e-02  1.787e-02  2.181e-02  2.683e-02  3.276e-02  3.946e-02  4.679e-02  5.466e-02  6.294e-02  7.154e-02  8.039e-02  8.942e-02  9.855e-02  1.077e-01  1.169e-01  1.261e-01  1.352e-01  1.443e-01  1.532e-01  1.620e-01  1.706e-01  1.791e-01  1.875e-01  1.956e-01  2.036e-01  2.114e-01  2.190e-01  2.264e-01  2.337e-01  2.407e-01  2.476e-01  2.542e-01  2.607e-01  2.670e-01  2.731e-01  2.790e-01  2.847e-01  2.903e-01  2.957e-01  3.009e-01  3.060e-01  3.109e-01  3.155e-01  3.199e-01  3.240e-01  3.276e-01  3.306e-01  3.327e-01  3.338e-01 	
 1.741e-02  1.913e-02  2.247e-02  2.728e-02  3.336e-02  4.050e-02  4.850e-02  5.719e-02  6.640e-02  7.600e-02  8.587e-02  9.592e-02  1.061e-01  1.162e-01  1.264e-01  1.364e-01  1.464e-01  1.561e-01  1.657e-01  1.752e-01  1.844e-01  1.934e-01  2.021e-01  2.107e-01  2.190e-01  2.271e-01  2.349e-01  2.426e-01  2.499e-01  2.571e-01  2.640e-01  2.708e-01  2.773e-01  2.835e-01  2.896e-01  2.955e-01  3.012e-01  3.067e-01  3.120e-01  3.171e-01  3.220e-01  3.268e-01  3.313e-01  3.357e-01  3.398e-01  3.436e-01  3.470e-01  3.497e-01  3.517e-01  3.527e-01 	
 2.197e-02  2.406e-02  2.812e-02  3.394e-02  4.124e-02  4.974e-02  5.918e-02  6.932e-02  7.996e-02  9.093e-02  1.021e-01  1.133e-01  1.245e-01  1.357e-01  1.466e-01  1.574e-01  1.680e-01  1.782e-01  1.883e-01  1.980e-01  2.075e-01  2.167e-01  2.256e-01  2.342e-01  2.425e-01  2.505e-01  2.583e-01  2.658e-01  2.730e-01  2.799e-01  2.867e-01  2.931e-01  2.994e-01  3.054e-01  3.111e-01  3.167e-01  3.221e-01  3.272e-01  3.322e-01  3.370e-01  3.416e-01  3.460e-01  3.502e-01  3.542e-01  3.580e-01  3.615e-01  3.646e-01  3.671e-01  3.689e-01  3.698e-01 	
 2.760e-02  3.012e-02  3.500e-02  4.195e-02  5.061e-02  6.061e-02  7.160e-02  8.327e-02  9.537e-02  1.077e-01  1.201e-01  1.324e-01  1.446e-01  1.566e-01  1.682e-01  1.796e-01  1.905e-01  2.012e-01  2.115e-01  2.214e-01  2.309e-01  2.401e-01  2.489e-01  2.574e-01  2.656e-01  2.734e-01  2.809e-01  2.882e-01  2.951e-01  3.018e-01  3.082e-01  3.143e-01  3.202e-01  3.258e-01  3.312e-01  3.364e-01  3.414e-01  3.462e-01  3.508e-01  3.552e-01  3.594e-01  3.635e-01  3.673e-01  3.710e-01  3.745e-01  3.776e-01  3.804e-01  3.827e-01  3.843e-01  3.852e-01 	
 3.448e-02  3.748e-02  4.327e-02  5.147e-02  6.161e-02  7.321e-02  8.582e-02  9.905e-02  1.126e-01  1.262e-01  1.398e-01  1.531e-01  1.660e-01  1.786e-01  1.908e-01  2.025e-01  2.137e-01  2.245e-01  2.348e-01  2.447e-01  2.541e-01  2.631e-01  2.718e-01  2.800e-01  2.879e-01  2.954e-01  3.026e-01  3.094e-01  3.160e-01  3.223e-01  3.283e-01  3.340e-01  3.395e-01  3.447e-01  3.497e-01  3.545e-01  3.590e-01  3.634e-01  3.676e-01  3.716e-01  3.755e-01  3.792e-01  3.827e-01  3.860e-01  3.891e-01  3.920e-01  3.945e-01  3.966e-01  3.980e-01  3.988e-01 	
 4.278e-02  4.630e-02  5.309e-02  6.263e-02  7.434e-02  8.760e-02  1.018e-01  1.166e-01  1.315e-01  1.463e-01  1.608e-01  1.749e-01  1.885e-01  2.015e-01  2.139e-01  2.258e-01  2.370e-01  2.477e-01  2.579e-01  2.676e-01  2.767e-01  2.854e-01  2.937e-01  3.016e-01  3.090e-01  3.161e-01  3.229e-01  3.293e-01  3.354e-01  3.412e-01  3.468e-01  3.520e-01  3.570e-01  3.618e-01  3.664e-01  3.708e-01  3.749e-01  3.789e-01  3.827e-01  3.863e-01  3.898e-01  3.931e-01  3.962e-01  3.992e-01  4.021e-01  4.046e-01  4.069e-01  4.087e-01  4.100e-01  4.107e-01 	
 5.266e-02  5.675e-02  6.458e-02  7.553e-02  8.884e-02  1.037e-01  1.196e-01  1.358e-01  1.519e-01  1.677e-01  1.830e-01  1.976e-01  2.115e-01  2.247e-01  2.372e-01  2.489e-01  2.600e-01  2.705e-01  2.803e-01  2.896e-01  2.983e-01  3.066e-01  3.144e-01  3.218e-01  3.288e-01  3.354e-01  3.416e-01  3.475e-01  3.531e-01  3.585e-01  3.635e-01  3.683e-01  3.729e-01  3.772e-01  3.814e-01  3.853e-01  3.891e-01  3.926e-01  3.960e-01  3.993e-01  4.024e-01  4.054e-01  4.082e-01  4.109e-01  4.134e-01  4.157e-01  4.177e-01  4.193e-01  4.205e-01  4.211e-01 	
 6.426e-02  6.893e-02  7.782e-02  9.018e-02  1.051e-01  1.216e-01  1.389e-01  1.563e-01  1.734e-01  1.900e-01  2.058e-01  2.207e-01  2.347e-01  2.478e-01  2.601e-01  2.716e-01  2.823e-01  2.923e-01  3.017e-01  3.104e-01  3.187e-01  3.264e-01  3.336e-01  3.405e-01  3.469e-01  3.529e-01  3.587e-01  3.641e-01  3.692e-01  3.740e-01  3.786e-01  3.829e-01  3.870e-01  3.909e-01  3.946e-01  3.982e-01  4.015e-01  4.047e-01  4.078e-01  4.107e-01  4.135e-01  4.161e-01  4.186e-01  4.210e-01  4.233e-01  4.253e-01  4.271e-01  4.286e-01  4.297e-01  4.302e-01 	
 7.766e-02  8.289e-02  9.283e-02  1.066e-01  1.229e-01  1.409e-01  1.594e-01  1.779e-01  1.958e-01  2.128e-01  2.288e-01  2.437e-01  2.576e-01  2.704e-01  2.823e-01  2.933e-01  3.035e-01  3.129e-01  3.217e-01  3.299e-01  3.375e-01  3.446e-01  3.512e-01  3.575e-01  3.633e-01  3.688e-01  3.740e-01  3.789e-01  3.835e-01  3.878e-01  3.919e-01  3.958e-01  3.995e-01  4.030e-01  4.063e-01  4.095e-01  4.125e-01  4.153e-01  4.181e-01  4.207e-01  4.231e-01  4.255e-01  4.278e-01  4.299e-01  4.319e-01  4.338e-01  4.354e-01  4.367e-01  4.377e-01  4.381e-01 	
 9.284e-02  9.862e-02  1.095e-01  1.245e-01  1.422e-01  1.614e-01  1.810e-01  2.002e-01  2.186e-01  2.358e-01  2.517e-01  2.664e-01  2.798e-01  2.922e-01  3.034e-01  3.138e-01  3.233e-01  3.321e-01  3.402e-01  3.477e-01  3.547e-01  3.612e-01  3.672e-01  3.728e-01  3.781e-01  3.831e-01  3.877e-01  3.921e-01  3.962e-01  4.001e-01  4.038e-01  4.072e-01  4.105e-01  4.136e-01  4.166e-01  4.194e-01  4.221e-01  4.246e-01  4.271e-01  4.294e-01  4.316e-01  4.337e-01  4.358e-01  4.377e-01  4.395e-01  4.412e-01  4.426e-01  4.438e-01  4.447e-01  4.451e-01 	
 1.097e-01  1.160e-01  1.278e-01  1.439e-01  1.627e-01  1.829e-01  2.032e-01  2.229e-01  2.414e-01  2.584e-01  2.740e-01  2.882e-01  3.011e-01  3.127e-01  3.233e-01  3.329e-01  3.417e-01  3.498e-01  3.572e-01  3.640e-01  3.703e-01  3.761e-01  3.815e-01  3.866e-01  3.913e-01  3.958e-01  3.999e-01  4.038e-01  4.075e-01  4.109e-01  4.142e-01  4.173e-01  4.202e-01  4.230e-01  4.256e-01  4.281e-01  4.305e-01  4.328e-01  4.350e-01  4.371e-01  4.391e-01  4.410e-01  4.428e-01  4.445e-01  4.462e-01  4.477e-01  4.490e-01  4.501e-01  4.509e-01  4.513e-01 	
 1.282e-01  1.348e-01  1.474e-01  1.643e-01  1.840e-01  2.049e-01  2.256e-01  2.454e-01  2.638e-01  2.804e-01  2.955e-01  3.090e-01  3.211e-01  3.319e-01  3.417e-01  3.505e-01  3.585e-01  3.658e-01  3.725e-01  3.786e-01  3.843e-01  3.895e-01  3.943e-01  3.989e-01  4.031e-01  4.070e-01  4.107e-01  4.142e-01  4.174e-01  4.205e-01  4.234e-01  4.261e-01  4.288e-01  4.312e-01  4.336e-01  4.358e-01  4.380e-01  4.400e-01  4.420e-01  4.439e-01  4.457e-01  4.474e-01  4.490e-01  4.506e-01  4.521e-01  4.535e-01  4.547e-01  4.557e-01  4.564e-01  4.568e-01 	
 1.478e-01  1.549e-01  1.680e-01  1.856e-01  2.058e-01  2.270e-01  2.479e-01  2.675e-01  2.854e-01  3.015e-01  3.158e-01  3.285e-01  3.397e-01  3.497e-01  3.586e-01  3.666e-01  3.738e-01  3.803e-01  3.863e-01  3.918e-01  3.968e-01  4.014e-01  4.057e-01  4.097e-01  4.135e-01  4.170e-01  4.202e-01  4.233e-01  4.262e-01  4.290e-01  4.315e-01  4.340e-01  4.363e-01  4.385e-01  4.407e-01  4.427e-01  4.446e-01  4.465e-01  4.482e-01  4.499e-01  4.516e-01  4.532e-01  4.547e-01  4.561e-01  4.575e-01  4.588e-01  4.599e-01  4.608e-01  4.615e-01  4.618e-01 	
 1.684e-01  1.757e-01  1.891e-01  2.071e-01  2.277e-01  2.490e-01  2.696e-01  2.888e-01  3.060e-01  3.213e-01  3.347e-01  3.465e-01  3.568e-01  3.659e-01  3.739e-01  3.811e-01  3.875e-01  3.934e-01  3.987e-01  4.035e-01  4.080e-01  4.121e-01  4.159e-01  4.194e-01  4.227e-01  4.258e-01  4.287e-01  4.315e-01  4.341e-01  4.365e-01  4.388e-01  4.410e-01  4.431e-01  4.451e-01  4.470e-01  4.488e-01  4.506e-01  4.523e-01  4.539e-01  4.554e-01  4.569e-01  4.584e-01  4.598e-01  4.611e-01  4.624e-01  4.636e-01  4.646e-01  4.655e-01  4.661e-01  4.664e-01 	
 1.895e-01  1.969e-01  2.105e-01  2.287e-01  2.492e-01  2.703e-01  2.905e-01  3.090e-01  3.254e-01  3.397e-01  3.522e-01  3.630e-01  3.723e-01  3.805e-01  3.877e-01  3.941e-01  3.999e-01  4.050e-01  4.097e-01  4.140e-01  4.179e-01  4.216e-01  4.249e-01  4.281e-01  4.310e-01  4.338e-01  4.363e-01  4.388e-01  4.411e-01  4.433e-01  4.453e-01  4.473e-01  4.492e-01  4.510e-01  4.527e-01  4.544e-01  4.560e-01  4.575e-01  4.590e-01  4.604e-01  4.618e-01  4.632e-01  4.645e-01  4.657e-01  4.669e-01  4.680e-01  4.690e-01  4.698e-01  4.704e-01  4.707e-01 	
 2.106e-01  2.180e-01  2.317e-01  2.497e-01  2.700e-01  2.906e-01  3.102e-01  3.278e-01  3.433e-01  3.567e-01  3.681e-01  3.780e-01  3.864e-01  3.937e-01  4.002e-01  4.058e-01  4.109e-01  4.155e-01  4.196e-01  4.234e-01  4.269e-01  4.301e-01  4.330e-01  4.358e-01  4.384e-01  4.409e-01  4.432e-01  4.454e-01  4.474e-01  4.494e-01  4.513e-01  4.530e-01  4.547e-01  4.564e-01  4.580e-01  4.595e-01  4.610e-01  4.624e-01  4.638e-01  4.651e-01  4.664e-01  4.676e-01  4.689e-01  4.700e-01  4.712e-01  4.722e-01  4.731e-01  4.739e-01  4.744e-01  4.747e-01 	
 2.314e-01  2.387e-01  2.523e-01  2.700e-01  2.899e-01  3.098e-01  3.286e-01  3.453e-01  3.598e-01  3.721e-01  3.826e-01  3.915e-01  3.990e-01  4.056e-01  4.113e-01  4.163e-01  4.208e-01  4.248e-01  4.284e-01  4.318e-01  4.348e-01  4.377e-01  4.403e-01  4.428e-01  4.451e-01  4.473e-01  4.493e-01  4.513e-01  4.532e-01  4.549e-01  4.566e-01  4.583e-01  4.598e-01  4.613e-01  4.628e-01  4.642e-01  4.656e-01  4.669e-01  4.682e-01  4.694e-01  4.706e-01  4.718e-01  4.730e-01  4.741e-01  4.751e-01  4.761e-01  4.770e-01  4.778e-01  4.783e-01  4.786e-01 	
 2.514e-01  2.587e-01  2.719e-01  2.893e-01  3.085e-01  3.277e-01  3.455e-01  3.612e-01  3.747e-01  3.861e-01  3.956e-01  4.036e-01  4.103e-01  4.162e-01  4.212e-01  4.256e-01  4.296e-01  4.331e-01  4.363e-01  4.393e-01  4.420e-01  4.445e-01  4.469e-01  4.491e-01  4.511e-01  4.531e-01  4.550e-01  4.567e-01  4.584e-01  4.600e-01  4.616e-01  4.631e-01  4.645e-01  4.659e-01  4.673e-01  4.686e-01  4.698e-01  4.711e-01  4.723e-01  4.734e-01  4.746e-01  4.757e-01  4.768e-01  4.779e-01  4.789e-01  4.799e-01  4.807e-01  4.814e-01  4.819e-01  4.822e-01 	
 2.704e-01  2.775e-01  2.904e-01  3.072e-01  3.257e-01  3.440e-01  3.609e-01  3.757e-01  3.881e-01  3.986e-01  4.072e-01  4.144e-01  4.204e-01  4.256e-01  4.300e-01  4.340e-01  4.374e-01  4.406e-01  4.434e-01  4.460e-01  4.484e-01  4.507e-01  4.528e-01  4.548e-01  4.566e-01  4.584e-01  4.601e-01  4.617e-01  4.632e-01  4.647e-01  4.661e-01  4.675e-01  4.689e-01  4.701e-01  4.714e-01  4.726e-01  4.738e-01  4.750e-01  4.761e-01  4.772e-01  4.783e-01  4.794e-01  4.805e-01  4.815e-01  4.825e-01  4.834e-01  4.842e-01  4.849e-01  4.854e-01  4.856e-01 	
 2.882e-01  2.950e-01  3.075e-01  3.237e-01  3.414e-01  3.589e-01  3.748e-01  3.886e-01  4.002e-01  4.097e-01  4.175e-01  4.240e-01  4.294e-01  4.340e-01  4.379e-01  4.414e-01  4.445e-01  4.473e-01  4.498e-01  4.521e-01  4.543e-01  4.563e-01  4.581e-01  4.599e-01  4.616e-01  4.632e-01  4.648e-01  4.662e-01  4.676e-01  4.690e-01  4.703e-01  4.716e-01  4.729e-01  4.741e-01  4.753e-01  4.764e-01  4.775e-01  4.787e-01  4.797e-01  4.808e-01  4.819e-01  4.829e-01  4.839e-01  4.849e-01  4.858e-01  4.867e-01  4.875e-01  4.882e-01  4.886e-01  4.889e-01 	
 3.045e-01  3.111e-01  3.231e-01  3.387e-01  3.557e-01  3.722e-01  3.872e-01  4.001e-01  4.108e-01  4.196e-01  4.267e-01  4.325e-01  4.373e-01  4.414e-01  4.449e-01  4.480e-01  4.508e-01  4.532e-01  4.555e-01  4.576e-01  4.595e-01  4.613e-01  4.630e-01  4.646e-01  4.662e-01  4.676e-01  4.690e-01  4.704e-01  4.717e-01  4.730e-01  4.742e-01  4.754e-01  4.766e-01  4.777e-01  4.789e-01  4.800e-01  4.810e-01  4.821e-01  4.831e-01  4.841e-01  4.852e-01  4.861e-01  4.871e-01  4.881e-01  4.890e-01  4.899e-01  4.906e-01  4.913e-01  4.917e-01  4.920e-01 	
 3.193e-01  3.257e-01  3.373e-01  3.522e-01  3.684e-01  3.842e-01  3.983e-01  4.104e-01  4.203e-01  4.283e-01  4.348e-01  4.400e-01  4.444e-01  4.480e-01  4.512e-01  4.539e-01  4.564e-01  4.586e-01  4.606e-01  4.625e-01  4.642e-01  4.659e-01  4.674e-01  4.689e-01  4.703e-01  4.717e-01  4.730e-01  4.742e-01  4.754e-01  4.766e-01  4.778e-01  4.789e-01  4.800e-01  4.811e-01  4.822e-01  4.832e-01  4.843e-01  4.853e-01  4.863e-01  4.873e-01  4.882e-01  4.892e-01  4.901e-01  4.911e-01  4.920e-01  4.928e-01  4.935e-01  4.942e-01  4.946e-01  4.949e-01 	
 3.328e-01  3.389e-01  3.500e-01  3.643e-01  3.798e-01  3.948e-01  4.081e-01  4.194e-01  4.286e-01  4.360e-01  4.419e-01  4.467e-01  4.506e-01  4.539e-01  4.567e-01  4.592e-01  4.614e-01  4.634e-01  4.652e-01  4.669e-01  4.685e-01  4.700e-01  4.714e-01  4.728e-01  4.741e-01  4.753e-01  4.765e-01  4.777e-01  4.789e-01  4.800e-01  4.811e-01  4.822e-01  4.832e-01  4.843e-01  4.853e-01  4.863e-01  4.873e-01  4.882e-01  4.892e-01  4.902e-01  4.911e-01  4.920e-01  4.930e-01  4.939e-01  4.947e-01  4.956e-01  4.963e-01  4.969e-01  4.973e-01  4.976e-01 	
 3.448e-01  3.507e-01  3.614e-01  3.751e-01  3.899e-01  4.041e-01  4.168e-01  4.274e-01  4.360e-01  4.428e-01  4.482e-01  4.526e-01  4.562e-01  4.591e-01  4.617e-01  4.639e-01  4.659e-01  4.677e-01  4.693e-01  4.709e-01  4.723e-01  4.737e-01  4.750e-01  4.763e-01  4.775e-01  4.787e-01  4.798e-01  4.809e-01  4.820e-01  4.831e-01  4.841e-01  4.851e-01  4.861e-01  4.871e-01  4.881e-01  4.891e-01  4.900e-01  4.910e-01  4.919e-01  4.929e-01  4.938e-01  4.947e-01  4.956e-01  4.965e-01  4.973e-01  4.981e-01  4.988e-01  4.994e-01  4.999e-01  5.001e-01 	
 3.555e-01  3.612e-01  3.715e-01  3.847e-01  3.989e-01  4.124e-01  4.244e-01  4.344e-01  4.424e-01  4.488e-01  4.538e-01  4.578e-01  4.611e-01  4.638e-01  4.661e-01  4.681e-01  4.699e-01  4.715e-01  4.730e-01  4.745e-01  4.758e-01  4.771e-01  4.783e-01  4.795e-01  4.806e-01  4.817e-01  4.828e-01  4.838e-01  4.849e-01  4.859e-01  4.869e-01  4.878e-01  4.888e-01  4.898e-01  4.907e-01  4.917e-01  4.926e-01  4.935e-01  4.944e-01  4.953e-01  4.962e-01  4.971e-01  4.980e-01  4.988e-01  4.997e-01  5.005e-01  5.012e-01  5.018e-01  5.022e-01  5.024e-01 	
 3.650e-01  3.705e-01  3.805e-01  3.932e-01  4.068e-01  4.197e-01  4.311e-01  4.406e-01  4.481e-01  4.541e-01  4.587e-01  4.624e-01  4.654e-01  4.679e-01  4.700e-01  4.718e-01  4.735e-01  4.750e-01  4.764e-01  4.777e-01  4.789e-01  4.801e-01  4.812e-01  4.823e-01  4.834e-01  4.844e-01  4.855e-01  4.865e-01  4.874e-01  4.884e-01  4.894e-01  4.903e-01  4.913e-01  4.922e-01  4.931e-01  4.940e-01  4.949e-01  4.958e-01  4.967e-01  4.976e-01  4.985e-01  4.993e-01  5.002e-01  5.010e-01  5.019e-01  5.026e-01  5.033e-01  5.039e-01  5.043e-01  5.045e-01 	
 3.735e-01  3.788e-01  3.884e-01  4.006e-01  4.137e-01  4.261e-01  4.370e-01  4.460e-01  4.531e-01  4.587e-01  4.630e-01  4.664e-01  4.692e-01  4.715e-01  4.734e-01  4.751e-01  4.766e-01  4.780e-01  4.793e-01  4.805e-01  4.817e-01  4.828e-01  4.839e-01  4.849e-01  4.859e-01  4.869e-01  4.879e-01  4.888e-01  4.898e-01  4.907e-01  4.917e-01  4.926e-01  4.935e-01  4.944e-01  4.953e-01  4.962e-01  4.970e-01  4.979e-01  4.988e-01  4.996e-01  5.005e-01  5.014e-01  5.022e-01  5.030e-01  5.038e-01  5.046e-01  5.053e-01  5.058e-01  5.063e-01  5.065e-01 	
 3.809e-01  3.860e-01  3.953e-01  4.072e-01  4.198e-01  4.318e-01  4.422e-01  4.507e-01  4.575e-01  4.627e-01  4.668e-01  4.700e-01  4.726e-01  4.747e-01  4.765e-01  4.780e-01  4.794e-01  4.807e-01  4.819e-01  4.831e-01  4.842e-01  4.852e-01  4.862e-01  4.872e-01  4.882e-01  4.891e-01  4.901e-01  4.910e-01  4.919e-01  4.928e-01  4.937e-01  4.946e-01  4.955e-01  4.963e-01  4.972e-01  4.981e-01  4.989e-01  4.998e-01  5.007e-01  5.015e-01  5.023e-01  5.032e-01  5.040e-01  5.048e-01  5.056e-01  5.064e-01  5.070e-01  5.076e-01  5.080e-01  5.082e-01 	
 3.874e-01  3.924e-01  4.015e-01  4.129e-01  4.251e-01  4.367e-01  4.467e-01  4.549e-01  4.613e-01  4.663e-01  4.701e-01  4.731e-01  4.755e-01  4.775e-01  4.791e-01  4.806e-01  4.819e-01  4.831e-01  4.843e-01  4.853e-01  4.864e-01  4.873e-01  4.883e-01  4.893e-01  4.902e-01  4.911e-01  4.920e-01  4.929e-01  4.938e-01  4.947e-01  4.955e-01  4.964e-01  4.973e-01  4.981e-01  4.990e-01  4.998e-01  5.007e-01  5.015e-01  5.023e-01  5.032e-01  5.040e-01  5.048e-01  5.056e-01  5.065e-01  5.072e-01  5.080e-01  5.086e-01  5.092e-01  5.096e-01  5.098e-01 	
 3.932e-01  3.980e-01  4.068e-01  4.180e-01  4.298e-01  4.410e-01  4.506e-01  4.585e-01  4.647e-01  4.694e-01  4.730e-01  4.758e-01  4.781e-01  4.799e-01  4.815e-01  4.829e-01  4.841e-01  4.852e-01  4.863e-01  4.873e-01  4.883e-01  4.892e-01  4.902e-01  4.911e-01  4.920e-01  4.928e-01  4.937e-01  4.946e-01  4.954e-01  4.963e-01  4.972e-01  4.980e-01  4.988e-01  4.997e-01  5.005e-01  5.014e-01  5.022e-01  5.030e-01  5.038e-01  5.047e-01  5.055e-01  5.063e-01  5.071e-01  5.079e-01  5.087e-01  5.094e-01  5.100e-01  5.106e-01  5.110e-01  5.112e-01 	
 3.982e-01  4.029e-01  4.115e-01  4.223e-01  4.339e-01  4.447e-01  4.540e-01  4.616e-01  4.675e-01  4.721e-01  4.755e-01  4.782e-01  4.803e-01  4.821e-01  4.835e-01  4.848e-01  4.860e-01  4.871e-01  4.881e-01  4.891e-01  4.900e-01  4.909e-01  4.918e-01  4.927e-01  4.935e-01  4.944e-01  4.952e-01  4.961e-01  4.969e-01  4.978e-01  4.986e-01  4.994e-01  5.002e-01  5.011e-01  5.019e-01  5.027e-01  5.035e-01  5.043e-01  5.052e-01  5.060e-01  5.068e-01  5.076e-01  5.084e-01  5.092e-01  5.099e-01  5.106e-01  5.113e-01  5.118e-01  5.122e-01  5.124e-01 	
 4.025e-01  4.072e-01  4.156e-01  4.262e-01  4.374e-01  4.479e-01  4.570e-01  4.643e-01  4.701e-01  4.744e-01  4.777e-01  4.803e-01  4.823e-01  4.839e-01  4.853e-01  4.866e-01  4.877e-01  4.887e-01  4.897e-01  4.906e-01  4.915e-01  4.924e-01  4.932e-01  4.941e-01  4.949e-01  4.957e-01  4.966e-01  4.974e-01  4.982e-01  4.990e-01  4.999e-01  5.007e-01  5.015e-01  5.023e-01  5.031e-01  5.039e-01  5.047e-01  5.055e-01  5.063e-01  5.071e-01  5.079e-01  5.087e-01  5.095e-01  5.103e-01  5.110e-01  5.118e-01  5.124e-01  5.129e-01  5.133e-01  5.135e-01 	
 4.064e-01  4.109e-01  4.191e-01  4.295e-01  4.405e-01  4.507e-01  4.596e-01  4.667e-01  4.722e-01  4.764e-01  4.796e-01  4.820e-01  4.840e-01  4.855e-01  4.869e-01  4.880e-01  4.891e-01  4.901e-01  4.910e-01  4.919e-01  4.928e-01  4.936e-01  4.945e-01  4.953e-01  4.961e-01  4.969e-01  4.977e-01  4.985e-01  4.994e-01  5.002e-01  5.010e-01  5.018e-01  5.026e-01  5.034e-01  5.042e-01  5.050e-01  5.058e-01  5.066e-01  5.073e-01  5.081e-01  5.089e-01  5.097e-01  5.105e-01  5.113e-01  5.120e-01  5.127e-01  5.134e-01  5.139e-01  5.143e-01  5.145e-01 	
 4.097e-01  4.142e-01  4.222e-01  4.324e-01  4.431e-01  4.532e-01  4.618e-01  4.687e-01  4.741e-01  4.782e-01  4.812e-01  4.836e-01  4.854e-01  4.869e-01  4.882e-01  4.893e-01  4.904e-01  4.913e-01  4.922e-01  4.931e-01  4.939e-01  4.947e-01  4.956e-01  4.964e-01  4.972e-01  4.980e-01  4.988e-01  4.996e-01  5.003e-01  5.011e-01  5.019e-01  5.027e-01  5.035e-01  5.043e-01  5.051e-01  5.059e-01  5.067e-01  5.075e-01  5.082e-01  5.090e-01  5.098e-01  5.106e-01  5.114e-01  5.121e-01  5.129e-01  5.136e-01  5.142e-01  5.147e-01  5.151e-01  5.153e-01 	
 4.126e-01  4.170e-01  4.249e-01  4.349e-01  4.454e-01  4.553e-01  4.637e-01  4.705e-01  4.757e-01  4.797e-01  4.827e-01  4.849e-01  4.867e-01  4.882e-01  4.894e-01  4.905e-01  4.915e-01  4.924e-01  4.933e-01  4.941e-01  4.949e-01  4.957e-01  4.965e-01  4.973e-01  4.981e-01  4.989e-01  4.997e-01  5.004e-01  5.012e-01  5.020e-01  5.028e-01  5.036e-01  5.043e-01  5.051e-01  5.059e-01  5.067e-01  5.075e-01  5.082e-01  5.090e-01  5.098e-01  5.106e-01  5.114e-01  5.121e-01  5.129e-01  5.136e-01  5.143e-01  5.149e-01  5.155e-01  5.158e-01  5.160e-01 	
 4.152e-01  4.195e-01  4.273e-01  4.371e-01  4.475e-01  4.571e-01  4.654e-01  4.721e-01  4.772e-01  4.810e-01  4.839e-01  4.861e-01  4.878e-01  4.892e-01  4.904e-01  4.915e-01  4.924e-01  4.933e-01  4.942e-01  4.950e-01  4.958e-01  4.966e-01  4.973e-01  4.981e-01  4.989e-01  4.997e-01  5.004e-01  5.012e-01  5.020e-01  5.028e-01  5.035e-01  5.043e-01  5.051e-01  5.058e-01  5.066e-01  5.074e-01  5.082e-01  5.089e-01  5.097e-01  5.105e-01  5.113e-01  5.120e-01  5.128e-01  5.135e-01  5.143e-01  5.150e-01  5.156e-01  5.161e-01  5.165e-01  5.167e-01 	
 4.174e-01  4.217e-01  4.294e-01  4.391e-01  4.493e-01  4.588e-01  4.669e-01  4.734e-01  4.784e-01  4.822e-01  4.850e-01  4.871e-01  4.888e-01  4.902e-01  4.913e-01  4.923e-01  4.933e-01  4.941e-01  4.950e-01  4.958e-01  4.965e-01  4.973e-01  4.981e-01  4.988e-01  4.996e-01  5.004e-01  5.011e-01  5.019e-01  5.027e-01  5.034e-01  5.042e-01  5.049e-01  5.057e-01  5.065e-01  5.072e-01  5.080e-01  5.088e-01  5.096e-01  5.103e-01  5.111e-01  5.119e-01  5.126e-01  5.134e-01  5.141e-01  5.149e-01  5.155e-01  5.162e-01  5.167e-01  5.170e-01  5.172e-01 	
 4.194e-01  4.236e-01  4.312e-01  4.408e-01  4.508e-01  4.602e-01  4.682e-01  4.746e-01  4.795e-01  4.832e-01  4.859e-01  4.880e-01  4.896e-01  4.910e-01  4.921e-01  4.931e-01  4.940e-01  4.948e-01  4.957e-01  4.964e-01  4.972e-01  4.980e-01  4.987e-01  4.995e-01  5.002e-01  5.010e-01  5.017e-01  5.025e-01  5.032e-01  5.040e-01  5.048e-01  5.055e-01  5.063e-01  5.070e-01  5.078e-01  5.086e-01  5.093e-01  5.101e-01  5.109e-01  5.116e-01  5.124e-01  5.131e-01  5.139e-01  5.146e-01  5.154e-01  5.160e-01  5.167e-01  5.172e-01  5.175e-01  5.177e-01 	
 4.212e-01  4.254e-01  4.329e-01  4.423e-01  4.522e-01  4.615e-01  4.694e-01  4.757e-01  4.805e-01  4.841e-01  4.868e-01  4.888e-01  4.904e-01  4.917e-01  4.928e-01  4.938e-01  4.947e-01  4.955e-01  4.963e-01  4.970e-01  4.978e-01  4.986e-01  4.993e-01  5.000e-01  5.008e-01  5.015e-01  5.023e-01  5.030e-01  5.038e-01  5.045e-01  5.053e-01  5.060e-01  5.068e-01  5.075e-01  5.083e-01  5.091e-01  5.098e-01  5.106e-01  5.113e-01  5.121e-01  5.128e-01  5.136e-01  5.144e-01  5.151e-01  5.158e-01  5.165e-01  5.171e-01  5.176e-01  5.180e-01  5.182e-01 	
 4.228e-01  4.270e-01  4.344e-01  4.437e-01  4.535e-01  4.626e-01  4.704e-01  4.766e-01  4.814e-01  4.849e-01  4.875e-01  4.895e-01  4.911e-01  4.923e-01  4.934e-01  4.944e-01  4.952e-01  4.961e-01  4.968e-01  4.976e-01  4.983e-01  4.991e-01  4.998e-01  5.005e-01  5.013e-01  5.020e-01  5.028e-01  5.035e-01  5.042e-01  5.050e-01  5.057e-01  5.065e-01  5.072e-01  5.080e-01  5.087e-01  5.095e-01  5.102e-01  5.110e-01  5.118e-01  5.125e-01  5.133e-01  5.140e-01  5.148e-01  5.155e-01  5.162e-01  5.169e-01  5.175e-01  5.180e-01  5.184e-01  5.186e-01 	
 4.243e-01  4.284e-01  4.357e-01  4.450e-01  4.547e-01  4.637e-01  4.714e-01  4.775e-01  4.821e-01  4.856e-01  4.882e-01  4.902e-01  4.917e-01  4.929e-01  4.940e-01  4.949e-01  4.958e-01  4.966e-01  4.973e-01  4.981e-01  4.988e-01  4.996e-01  5.003e-01  5.010e-01  5.017e-01  5.025e-01  5.032e-01  5.039e-01  5.047e-01  5.054e-01  5.061e-01  5.069e-01  5.076e-01  5.084e-01  5.091e-01  5.099e-01  5.106e-01  5.114e-01  5.121e-01  5.129e-01  5.136e-01  5.144e-01  5.151e-01  5.159e-01  5.166e-01  5.173e-01  5.179e-01  5.184e-01  5.187e-01  5.189e-01 	
 4.257e-01  4.297e-01  4.370e-01  4.461e-01  4.557e-01  4.646e-01  4.722e-01  4.783e-01  4.829e-01  4.863e-01  4.888e-01  4.907e-01  4.922e-01  4.935e-01  4.945e-01  4.954e-01  4.963e-01  4.970e-01  4.978e-01  4.985e-01  4.993e-01  5.000e-01  5.007e-01  5.014e-01  5.021e-01  5.029e-01  5.036e-01  5.043e-01  5.051e-01  5.058e-01  5.065e-01  5.073e-01  5.080e-01  5.088e-01  5.095e-01  5.102e-01  5.110e-01  5.117e-01  5.125e-01  5.132e-01  5.140e-01  5.147e-01  5.155e-01  5.162e-01  5.169e-01  5.176e-01  5.182e-01  5.187e-01  5.191e-01  5.193e-01 	
 4.270e-01  4.310e-01  4.381e-01  4.472e-01  4.567e-01  4.655e-01  4.730e-01  4.790e-01  4.835e-01  4.869e-01  4.894e-01  4.913e-01  4.928e-01  4.940e-01  4.950e-01  4.959e-01  4.967e-01  4.975e-01  4.982e-01  4.989e-01  4.997e-01  5.004e-01  5.011e-01  5.018e-01  5.025e-01  5.032e-01  5.040e-01  5.047e-01  5.054e-01  5.061e-01  5.069e-01  5.076e-01  5.084e-01  5.091e-01  5.098e-01  5.106e-01  5.113e-01  5.121e-01  5.128e-01  5.136e-01  5.143e-01  5.151e-01  5.158e-01  5.165e-01  5.172e-01  5.179e-01  5.185e-01  5.190e-01  5.194e-01  5.196e-01 	
 4.281e-01  4.321e-01  4.392e-01  4.482e-01  4.576e-01  4.663e-01  4.738e-01  4.797e-01  4.841e-01  4.875e-01  4.899e-01  4.918e-01  4.932e-01  4.944e-01  4.954e-01  4.963e-01  4.971e-01  4.979e-01  4.986e-01  4.993e-01  5.000e-01  5.007e-01  5.015e-01  5.022e-01  5.029e-01  5.036e-01  5.043e-01  5.050e-01  5.057e-01  5.065e-01  5.072e-01  5.079e-01  5.087e-01  5.094e-01  5.101e-01  5.109e-01  5.116e-01  5.124e-01  5.131e-01  5.139e-01  5.146e-01  5.153e-01  5.161e-01  5.168e-01  5.175e-01  5.182e-01  5.188e-01  5.193e-01  5.196e-01  5.198e-01 	
 4.293e-01  4.332e-01  4.403e-01  4.492e-01  4.585e-01  4.671e-01  4.745e-01  4.803e-01  4.847e-01  4.880e-01  4.904e-01  4.923e-01  4.937e-01  4.948e-01  4.958e-01  4.967e-01  4.975e-01  4.983e-01  4.990e-01  4.997e-01  5.004e-01  5.011e-01  5.018e-01  5.025e-01  5.032e-01  5.039e-01  5.046e-01  5.053e-01  5.061e-01  5.068e-01  5.075e-01  5.082e-01  5.090e-01  5.097e-01  5.104e-01  5.112e-01  5.119e-01  5.127e-01  5.134e-01  5.141e-01  5.149e-01  5.156e-01  5.164e-01  5.171e-01  5.178e-01  5.184e-01  5.190e-01  5.195e-01  5.199e-01  5.201e-01 	
 4.303e-01  4.342e-01  4.412e-01  4.501e-01  4.593e-01  4.679e-01  4.751e-01  4.809e-01  4.853e-01  4.885e-01  4.909e-01  4.927e-01  4.941e-01  4.952e-01  4.962e-01  4.971e-01  4.979e-01  4.986e-01  4.993e-01  5.000e-01  5.007e-01  5.014e-01  5.021e-01  5.028e-01  5.035e-01  5.042e-01  5.049e-01  5.056e-01  5.064e-01  5.071e-01  5.078e-01  5.085e-01  5.093e-01  5.100e-01  5.107e-01  5.115e-01  5.122e-01  5.129e-01  5.137e-01  5.144e-01  5.151e-01  5.159e-01  5.166e-01  5.173e-01  5.180e-01  5.187e-01  5.193e-01  5.198e-01  5.202e-01  5.203e-01 	
 4.314e-01  4.352e-01  4.422e-01  4.509e-01  4.601e-01  4.686e-01  4.758e-01  4.815e-01  4.858e-01  4.890e-01  4.913e-01  4.931e-01  4.945e-01  4.956e-01  4.966e-01  4.974e-01  4.982e-01  4.990e-01  4.997e-01  5.004e-01  5.011e-01  5.017e-01  5.024e-01  5.031e-01  5.038e-01  5.045e-01  5.052e-01  5.059e-01  5.066e-01  5.074e-01  5.081e-01  5.088e-01  5.095e-01  5.103e-01  5.110e-01  5.117e-01  5.125e-01  5.132e-01  5.139e-01  5.147e-01  5.154e-01  5.161e-01  5.169e-01  5.176e-01  5.183e-01  5.189e-01  5.195e-01  5.200e-01  5.204e-01  5.206e-01 	
 4.324e-01  4.362e-01  4.431e-01  4.518e-01  4.608e-01  4.693e-01  4.764e-01  4.820e-01  4.863e-01  4.894e-01  4.918e-01  4.935e-01  4.949e-01  4.960e-01  4.969e-01  4.978e-01  4.986e-01  4.993e-01  5.000e-01  5.007e-01  5.014e-01  5.020e-01  5.027e-01  5.034e-01  5.041e-01  5.048e-01  5.055e-01  5.062e-01  5.069e-01  5.076e-01  5.083e-01  5.091e-01  5.098e-01  5.105e-01  5.112e-01  5.120e-01  5.127e-01  5.134e-01  5.142e-01  5.149e-01  5.156e-01  5.164e-01  5.171e-01  5.178e-01  5.185e-01  5.192e-01  5.198e-01  5.203e-01  5.206e-01  5.208e-01 	
 4.334e-01  4.372e-01  4.440e-01  4.526e-01  4.616e-01  4.699e-01  4.770e-01  4.826e-01  4.868e-01  4.899e-01  4.922e-01  4.939e-01  4.953e-01  4.964e-01  4.973e-01  4.981e-01  4.989e-01  4.996e-01  5.003e-01  5.010e-01  5.017e-01  5.023e-01  5.030e-01  5.037e-01  5.044e-01  5.051e-01  5.058e-01  5.065e-01  5.072e-01  5.079e-01  5.086e-01  5.093e-01  5.100e-01  5.108e-01  5.115e-01  5.122e-01  5.129e-01  5.137e-01  5.144e-01  5.151e-01  5.159e-01  5.166e-01  5.173e-01  5.180e-01  5.187e-01  5.194e-01  5.200e-01  5.205e-01  5.208e-01  5.210e-01 	
 4.343e-01  4.381e-01  4.449e-01  4.534e-01  4.623e-01  4.706e-01  4.776e-01  4.831e-01  4.873e-01  4.903e-01  4.926e-01  4.943e-01  4.957e-01  4.967e-01  4.976e-01  4.985e-01  4.992e-01  4.999e-01  5.006e-01  5.013e-01  5.020e-01  5.026e-01  5.033e-01  5.040e-01  5.047e-01  5.054e-01  5.060e-01  5.067e-01  5.074e-01  5.082e-01  5.089e-01  5.096e-01  5.103e-01  5.110e-01  5.117e-01  5.125e-01  5.132e-01  5.139e-01  5.146e-01  5.154e-01  5.161e-01  5.168e-01  5.176e-01  5.183e-01  5.190e-01  5.196e-01  5.202e-01  5.207e-01  5.211e-01  5.213e-01 	
 4.353e-01  4.390e-01  4.458e-01  4.542e-01  4.630e-01  4.712e-01  4.781e-01  4.836e-01  4.877e-01  4.908e-01  4.930e-01  4.947e-01  4.960e-01  4.971e-01  4.980e-01  4.988e-01  4.995e-01  5.002e-01  5.009e-01  5.016e-01  5.023e-01  5.029e-01  5.036e-01  5.043e-01  5.049e-01  5.056e-01  5.063e-01  5.070e-01  5.077e-01  5.084e-01  5.091e-01  5.098e-01  5.105e-01  5.113e-01  5.120e-01  5.127e-01  5.134e-01  5.142e-01  5.149e-01  5.156e-01  5.163e-01  5.171e-01  5.178e-01  5.185e-01  5.192e-01  5.198e-01  5.204e-01  5.209e-01  5.213e-01  5.215e-01 	
 4.362e-01  4.400e-01  4.466e-01  4.550e-01  4.638e-01  4.719e-01  4.787e-01  4.841e-01  4.882e-01  4.912e-01  4.934e-01  4.951e-01  4.964e-01  4.974e-01  4.983e-01  4.991e-01  4.998e-01  5.005e-01  5.012e-01  5.019e-01  5.025e-01  5.032e-01  5.039e-01  5.045e-01  5.052e-01  5.059e-01  5.066e-01  5.073e-01  5.080e-01  5.087e-01  5.094e-01  5.101e-01  5.108e-01  5.115e-01  5.122e-01  5.129e-01  5.137e-01  5.144e-01  5.151e-01  5.158e-01  5.166e-01  5.173e-01  5.180e-01  5.187e-01  5.194e-01  5.201e-01  5.206e-01  5.211e-01  5.215e-01  5.217e-01 	
 4.372e-01  4.409e-01  4.475e-01  4.558e-01  4.645e-01  4.725e-01  4.793e-01  4.846e-01  4.887e-01  4.916e-01  4.938e-01  4.955e-01  4.967e-01  4.978e-01  4.987e-01  4.994e-01  5.002e-01  5.008e-01  5.015e-01  5.022e-01  5.028e-01  5.035e-01  5.041e-01  5.048e-01  5.055e-01  5.062e-01  5.068e-01  5.075e-01  5.082e-01  5.089e-01  5.096e-01  5.103e-01  5.110e-01  5.117e-01  5.125e-01  5.132e-01  5.139e-01  5.146e-01  5.153e-01  5.161e-01  5.168e-01  5.175e-01  5.182e-01  5.189e-01  5.196e-01  5.203e-01  5.209e-01  5.214e-01  5.217e-01  5.219e-01 	
 4.381e-01  4.418e-01  4.483e-01  4.566e-01  4.652e-01  4.731e-01  4.799e-01  4.851e-01  4.891e-01  4.921e-01  4.942e-01  4.959e-01  4.971e-01  4.981e-01  4.990e-01  4.998e-01  5.005e-01  5.012e-01  5.018e-01  5.025e-01  5.031e-01  5.038e-01  5.044e-01  5.051e-01  5.058e-01  5.064e-01  5.071e-01  5.078e-01  5.085e-01  5.092e-01  5.099e-01  5.106e-01  5.113e-01  5.120e-01  5.127e-01  5.134e-01  5.141e-01  5.149e-01  5.156e-01  5.163e-01  5.170e-01  5.177e-01  5.184e-01  5.192e-01  5.198e-01  5.205e-01  5.211e-01  5.216e-01  5.219e-01  5.221e-01 	
 4.391e-01  4.427e-01  4.492e-01  4.574e-01  4.659e-01  4.738e-01  4.804e-01  4.857e-01  4.896e-01  4.925e-01  4.946e-01  4.962e-01  4.975e-01  4.985e-01  4.993e-01  5.001e-01  5.008e-01  5.015e-01  5.021e-01  5.028e-01  5.034e-01  5.041e-01  5.047e-01  5.054e-01  5.060e-01  5.067e-01  5.074e-01  5.081e-01  5.087e-01  5.094e-01  5.101e-01  5.108e-01  5.115e-01  5.122e-01  5.129e-01  5.137e-01  5.144e-01  5.151e-01  5.158e-01  5.165e-01  5.172e-01  5.180e-01  5.187e-01  5.194e-01  5.201e-01  5.207e-01  5.213e-01  5.218e-01  5.221e-01  5.223e-01 	
 4.401e-01  4.436e-01  4.501e-01  4.582e-01  4.666e-01  4.744e-01  4.810e-01  4.862e-01  4.901e-01  4.929e-01  4.950e-01  4.966e-01  4.978e-01  4.988e-01  4.997e-01  5.004e-01  5.011e-01  5.018e-01  5.024e-01  5.031e-01  5.037e-01  5.043e-01  5.050e-01  5.056e-01  5.063e-01  5.070e-01  5.076e-01  5.083e-01  5.090e-01  5.097e-01  5.104e-01  5.111e-01  5.118e-01  5.125e-01  5.132e-01  5.139e-01  5.146e-01  5.153e-01  5.160e-01  5.168e-01  5.175e-01  5.182e-01  5.189e-01  5.196e-01  5.203e-01  5.209e-01  5.215e-01  5.220e-01  5.223e-01  5.225e-01 	
 4.410e-01  4.446e-01  4.510e-01  4.590e-01  4.674e-01  4.751e-01  4.816e-01  4.867e-01  4.906e-01  4.934e-01  4.955e-01  4.970e-01  4.982e-01  4.992e-01  5.000e-01  5.007e-01  5.014e-01  5.021e-01  5.027e-01  5.034e-01  5.040e-01  5.046e-01  5.053e-01  5.059e-01  5.066e-01  5.072e-01  5.079e-01  5.086e-01  5.093e-01  5.099e-01  5.106e-01  5.113e-01  5.120e-01  5.127e-01  5.134e-01  5.141e-01  5.148e-01  5.156e-01  5.163e-01  5.170e-01  5.177e-01  5.184e-01  5.191e-01  5.198e-01  5.205e-01  5.211e-01  5.217e-01  5.222e-01  5.226e-01  5.227e-01 	
 4.420e-01  4.455e-01  4.519e-01  4.598e-01  4.681e-01  4.757e-01  4.822e-01  4.872e-01  4.910e-01  4.938e-01  4.959e-01  4.974e-01  4.986e-01  4.995e-01  5.003e-01  5.011e-01  5.018e-01  5.024e-01  5.030e-01  5.037e-01  5.043e-01  5.049e-01  5.056e-01  5.062e-01  5.069e-01  5.075e-01  5.082e-01  5.088e-01  5.095e-01  5.102e-01  5.109e-01  5.116e-01  5.123e-01  5.130e-01  5.137e-01  5.144e-01  5.151e-01  5.158e-01  5.165e-01  5.172e-01  5.179e-01  5.186e-01  5.193e-01  5.200e-01  5.207e-01  5.214e-01  5.219e-01  5.224e-01  5.228e-01  5.230e-01 	
 4.430e-01  4.465e-01  4.528e-01  4.606e-01  4.688e-01  4.764e-01  4.828e-01  4.878e-01  4.915e-01  4.943e-01  4.963e-01  4.978e-01  4.990e-01  4.999e-01  5.007e-01  5.014e-01  5.021e-01  5.027e-01  5.034e-01  5.040e-01  5.046e-01  5.052e-01  5.059e-01  5.065e-01  5.071e-01  5.078e-01  5.085e-01  5.091e-01  5.098e-01  5.105e-01  5.112e-01  5.118e-01  5.125e-01  5.132e-01  5.139e-01  5.146e-01  5.153e-01  5.160e-01  5.167e-01  5.175e-01  5.182e-01  5.189e-01  5.196e-01  5.203e-01  5.210e-01  5.216e-01  5.222e-01  5.227e-01  5.230e-01  5.232e-01 	
 4.440e-01  4.475e-01  4.537e-01  4.615e-01  4.696e-01  4.771e-01  4.834e-01  4.883e-01  4.920e-01  4.947e-01  4.967e-01  4.982e-01  4.993e-01  5.003e-01  5.010e-01  5.018e-01  5.024e-01  5.031e-01  5.037e-01  5.043e-01  5.049e-01  5.055e-01  5.062e-01  5.068e-01  5.074e-01  5.081e-01  5.087e-01  5.094e-01  5.101e-01  5.107e-01  5.114e-01  5.121e-01  5.128e-01  5.135e-01  5.142e-01  5.149e-01  5.156e-01  5.163e-01  5.170e-01  5.177e-01  5.184e-01  5.191e-01  5.198e-01  5.205e-01  5.212e-01  5.218e-01  5.224e-01  5.229e-01  5.232e-01  5.234e-01 	
 4.451e-01  4.485e-01  4.546e-01  4.623e-01  4.704e-01  4.778e-01  4.840e-01  4.889e-01  4.925e-01  4.952e-01  4.971e-01  4.986e-01  4.997e-01  5.006e-01  5.014e-01  5.021e-01  5.028e-01  5.034e-01  5.040e-01  5.046e-01  5.052e-01  5.058e-01  5.065e-01  5.071e-01  5.077e-01  5.084e-01  5.090e-01  5.097e-01  5.103e-01  5.110e-01  5.117e-01  5.124e-01  5.131e-01  5.137e-01  5.144e-01  5.151e-01  5.158e-01  5.165e-01  5.172e-01  5.179e-01  5.187e-01  5.194e-01  5.201e-01  5.207e-01  5.214e-01  5.221e-01  5.226e-01  5.231e-01  5.235e-01  5.236e-01 	
 4.461e-01  4.495e-01  4.556e-01  4.632e-01  4.711e-01  4.784e-01  4.846e-01  4.894e-01  4.930e-01  4.957e-01  4.976e-01  4.990e-01  5.001e-01  5.010e-01  5.018e-01  5.025e-01  5.031e-01  5.037e-01  5.043e-01  5.049e-01  5.055e-01  5.061e-01  5.068e-01  5.074e-01  5.080e-01  5.087e-01  5.093e-01  5.100e-01  5.106e-01  5.113e-01  5.120e-01  5.126e-01  5.133e-01  5.140e-01  5.147e-01  5.154e-01  5.161e-01  5.168e-01  5.175e-01  5.182e-01  5.189e-01  5.196e-01  5.203e-01  5.210e-01  5.217e-01  5.223e-01  5.229e-01  5.233e-01  5.237e-01  5.239e-01 	
 4.471e-01  4.505e-01  4.565e-01  4.640e-01  4.719e-01  4.791e-01  4.852e-01  4.900e-01  4.935e-01  4.961e-01  4.980e-01  4.994e-01  5.005e-01  5.014e-01  5.021e-01  5.028e-01  5.034e-01  5.041e-01  5.047e-01  5.052e-01  5.058e-01  5.065e-01  5.071e-01  5.077e-01  5.083e-01  5.090e-01  5.096e-01  5.102e-01  5.109e-01  5.116e-01  5.122e-01  5.129e-01  5.136e-01  5.143e-01  5.150e-01  5.157e-01  5.164e-01  5.170e-01  5.177e-01  5.184e-01  5.191e-01  5.198e-01  5.205e-01  5.212e-01  5.219e-01  5.225e-01  5.231e-01  5.236e-01  5.239e-01  5.241e-01 	
 4.482e-01  4.515e-01  4.574e-01  4.649e-01  4.727e-01  4.798e-01  4.858e-01  4.905e-01  4.940e-01  4.966e-01  4.984e-01  4.998e-01  5.009e-01  5.018e-01  5.025e-01  5.032e-01  5.038e-01  5.044e-01  5.050e-01  5.056e-01  5.062e-01  5.068e-01  5.074e-01  5.080e-01  5.086e-01  5.092e-01  5.099e-01  5.105e-01  5.112e-01  5.118e-01  5.125e-01  5.132e-01  5.139e-01  5.145e-01  5.152e-01  5.159e-01  5.166e-01  5.173e-01  5.180e-01  5.187e-01  5.194e-01  5.201e-01  5.208e-01  5.215e-01  5.221e-01  5.228e-01  5.233e-01  5.238e-01  5.241e-01  5.243e-01 	
 4.491e-01  4.524e-01  4.583e-01  4.657e-01  4.734e-01  4.805e-01  4.864e-01  4.910e-01  4.945e-01  4.970e-01  4.989e-01  5.002e-01  5.013e-01  5.021e-01  5.028e-01  5.035e-01  5.041e-01  5.047e-01  5.053e-01  5.059e-01  5.065e-01  5.071e-01  5.077e-01  5.083e-01  5.089e-01  5.095e-01  5.102e-01  5.108e-01  5.114e-01  5.121e-01  5.128e-01  5.134e-01  5.141e-01  5.148e-01  5.155e-01  5.162e-01  5.168e-01  5.175e-01  5.182e-01  5.189e-01  5.196e-01  5.203e-01  5.210e-01  5.217e-01  5.224e-01  5.230e-01  5.235e-01  5.240e-01  5.244e-01  5.245e-01 	
 4.500e-01  4.533e-01  4.591e-01  4.664e-01  4.741e-01  4.811e-01  4.869e-01  4.915e-01  4.949e-01  4.974e-01  4.992e-01  5.006e-01  5.016e-01  5.024e-01  5.032e-01  5.038e-01  5.044e-01  5.050e-01  5.056e-01  5.062e-01  5.067e-01  5.073e-01  5.079e-01  5.085e-01  5.091e-01  5.098e-01  5.104e-01  5.110e-01  5.117e-01  5.123e-01  5.130e-01  5.137e-01  5.143e-01  5.150e-01  5.157e-01  5.164e-01  5.171e-01  5.178e-01  5.184e-01  5.191e-01  5.198e-01  5.205e-01  5.212e-01  5.219e-01  5.226e-01  5.232e-01  5.238e-01  5.242e-01  5.246e-01  5.247e-01 	
 4.508e-01  4.540e-01  4.598e-01  4.671e-01  4.746e-01  4.816e-01  4.874e-01  4.919e-01  4.953e-01  4.978e-01  4.995e-01  5.009e-01  5.019e-01  5.027e-01  5.034e-01  5.041e-01  5.047e-01  5.052e-01  5.058e-01  5.064e-01  5.070e-01  5.075e-01  5.081e-01  5.087e-01  5.094e-01  5.100e-01  5.106e-01  5.113e-01  5.119e-01  5.125e-01  5.132e-01  5.139e-01  5.145e-01  5.152e-01  5.159e-01  5.166e-01  5.173e-01  5.179e-01  5.186e-01  5.193e-01  5.200e-01  5.207e-01  5.214e-01  5.221e-01  5.227e-01  5.234e-01  5.239e-01  5.244e-01  5.247e-01  5.249e-01 	
 4.513e-01  4.546e-01  4.603e-01  4.675e-01  4.750e-01  4.819e-01  4.877e-01  4.922e-01  4.956e-01  4.980e-01  4.998e-01  5.011e-01  5.021e-01  5.029e-01  5.036e-01  5.042e-01  5.048e-01  5.054e-01  5.060e-01  5.066e-01  5.071e-01  5.077e-01  5.083e-01  5.089e-01  5.095e-01  5.101e-01  5.108e-01  5.114e-01  5.120e-01  5.127e-01  5.134e-01  5.140e-01  5.147e-01  5.154e-01  5.160e-01  5.167e-01  5.174e-01  5.181e-01  5.188e-01  5.195e-01  5.201e-01  5.208e-01  5.215e-01  5.222e-01  5.229e-01  5.235e-01  5.240e-01  5.245e-01  5.249e-01  5.250e-01 	
 4.516e-01  4.548e-01  4.606e-01  4.678e-01  4.752e-01  4.821e-01  4.879e-01  4.924e-01  4.957e-01  4.981e-01  4.999e-01  5.012e-01  5.022e-01  5.030e-01  5.037e-01  5.043e-01  5.049e-01  5.055e-01  5.061e-01  5.066e-01  5.072e-01  5.078e-01  5.084e-01  5.090e-01  5.096e-01  5.102e-01  5.108e-01  5.115e-01  5.121e-01  5.128e-01  5.134e-01  5.141e-01  5.148e-01  5.154e-01  5.161e-01  5.168e-01  5.175e-01  5.181e-01  5.188e-01  5.195e-01  5.202e-01  5.209e-01  5.216e-01  5.223e-01  5.229e-01  5.235e-01  5.241e-01  5.246e-01  5.249e-01  5.251e-01 	
