 3.560e-03  8.136e-04  6.132e-04  4.766e-04  3.948e-04  3.411e-04  3.030e-04  2.745e-04  2.524e-04  2.348e-04  2.204e-04  2.085e-04  1.985e-04  1.900e-04  1.827e-04  1.765e-04  1.710e-04  1.663e-04  1.622e-04  1.587e-04  1.556e-04  1.529e-04  1.506e-04  1.486e-04  1.469e-04  1.455e-04  1.444e-04  1.435e-04  1.427e-04  1.422e-04  1.418e-04  1.414e-04  1.409e-04  1.403e-04  1.394e-04  1.381e-04  1.364e-04  1.343e-04  1.323e-04  1.312e-04  1.327e-04  1.396e-04  1.566e-04  1.908e-04  2.535e-04  3.608e-04  5.367e-04  8.160e-04  1.249e-03  1.908e-03 	
 1.274e-03 -2.299e-04 -1.027e-04 -1.080e-04 -1.101e-04 -1.095e-04 -1.079e-04 -1.060e-04 -1.041e-04 -1.022e-04 -1.005e-04 -9.903e-05 -9.770e-05 -9.653e-05 -9.555e-05 -9.473e-05 -9.407e-05 -9.358e-05 -9.324e-05 -9.306e-05 -9.304e-05 -9.317e-05 -9.346e-05 -9.392e-05 -9.455e-05 -9.537e-05 -9.639e-05 -9.764e-05 -9.916e-05 -1.010e-04 -1.033e-04 -1.062e-04 -1.099e-04 -1.146e-04 -1.207e-04 -1.284e-04 -1.382e-04 -1.504e-04 -1.648e-04 -1.813e-04 -1.988e-04 -2.151e-04 -2.265e-04 -2.273e-04 -2.089e-04 -1.590e-04 -6.102e-05  1.080e-04  3.792e-04  7.963e-04 	
 5.305e-04 -5.018e-04 -2.192e-04 -1.709e-04 -1.414e-04 -1.203e-04 -1.048e-04 -9.299e-05 -8.371e-05 -7.626e-05 -7.016e-05 -6.510e-05 -6.085e-05 -5.725e-05 -5.417e-05 -5.154e-05 -4.927e-05 -4.731e-05 -4.563e-05 -4.418e-05 -4.295e-05 -4.191e-05 -4.104e-05 -4.033e-05 -3.977e-05 -3.936e-05 -3.910e-05 -3.899e-05 -3.906e-05 -3.935e-05 -3.991e-05 -4.087e-05 -4.236e-05 -4.460e-05 -4.785e-05 -5.241e-05 -5.861e-05 -6.673e-05 -7.692e-05 -8.903e-05 -1.024e-04 -1.155e-04 -1.258e-04 -1.289e-04 -1.182e-04 -8.420e-05 -1.358e-05  1.121e-04  3.185e-04  6.416e-04 	
 3.140e-04 -5.136e-04 -1.763e-04 -1.225e-04 -9.310e-05 -7.400e-05 -6.108e-05 -5.194e-05 -4.523e-05 -4.014e-05 -3.619e-05 -3.308e-05 -3.058e-05 -2.856e-05 -2.690e-05 -2.555e-05 -2.444e-05 -2.353e-05 -2.280e-05 -2.221e-05 -2.175e-05 -2.141e-05 -2.118e-05 -2.105e-05 -2.101e-05 -2.106e-05 -2.121e-05 -2.147e-05 -2.184e-05 -2.238e-05 -2.313e-05 -2.419e-05 -2.567e-05 -2.777e-05 -3.071e-05 -3.474e-05 -4.015e-05 -4.719e-05 -5.599e-05 -6.643e-05 -7.794e-05 -8.928e-05 -9.813e-05 -1.008e-04 -9.142e-05 -6.183e-05 -2.461e-07  1.096e-04  2.904e-04  5.741e-04 	
 2.675e-04 -4.588e-04 -1.210e-04 -8.000e-05 -5.937e-05 -4.659e-05 -3.835e-05 -3.278e-05 -2.883e-05 -2.593e-05 -2.373e-05 -2.202e-05 -2.068e-05 -1.962e-05 -1.877e-05 -1.809e-05 -1.755e-05 -1.713e-05 -1.681e-05 -1.658e-05 -1.643e-05 -1.635e-05 -1.635e-05 -1.641e-05 -1.654e-05 -1.674e-05 -1.701e-05 -1.736e-05 -1.782e-05 -1.841e-05 -1.920e-05 -2.025e-05 -2.169e-05 -2.369e-05 -2.643e-05 -3.017e-05 -3.516e-05 -4.163e-05 -4.969e-05 -5.923e-05 -6.973e-05 -8.003e-05 -8.803e-05 -9.028e-05 -8.151e-05 -5.407e-05  2.854e-06  1.043e-04  2.712e-04  5.330e-04 	
 2.682e-04 -4.029e-04 -8.524e-05 -5.742e-05 -4.380e-05 -3.517e-05 -2.960e-05 -2.582e-05 -2.311e-05 -2.110e-05 -1.956e-05 -1.835e-05 -1.739e-05 -1.662e-05 -1.600e-05 -1.551e-05 -1.512e-05 -1.481e-05 -1.459e-05 -1.444e-05 -1.435e-05 -1.433e-05 -1.436e-05 -1.446e-05 -1.461e-05 -1.483e-05 -1.511e-05 -1.546e-05 -1.592e-05 -1.650e-05 -1.726e-05 -1.827e-05 -1.965e-05 -2.155e-05 -2.416e-05 -2.770e-05 -3.243e-05 -3.854e-05 -4.616e-05 -5.516e-05 -6.506e-05 -7.477e-05 -8.228e-05 -8.433e-05 -7.594e-05 -4.984e-05  4.198e-06  1.005e-04  2.588e-04  5.071e-04 	
 2.766e-04 -3.621e-04 -6.662e-05 -4.736e-05 -3.742e-05 -3.068e-05 -2.618e-05 -2.305e-05 -2.077e-05 -1.905e-05 -1.772e-05 -1.666e-05 -1.582e-05 -1.514e-05 -1.459e-05 -1.416e-05 -1.381e-05 -1.355e-05 -1.336e-05 -1.324e-05 -1.317e-05 -1.317e-05 -1.322e-05 -1.332e-05 -1.349e-05 -1.371e-05 -1.399e-05 -1.435e-05 -1.480e-05 -1.537e-05 -1.611e-05 -1.709e-05 -1.844e-05 -2.027e-05 -2.280e-05 -2.622e-05 -3.078e-05 -3.668e-05 -4.402e-05 -5.270e-05 -6.224e-05 -7.158e-05 -7.880e-05 -8.074e-05 -7.259e-05 -4.735e-05  4.878e-06  9.787e-05  2.508e-04  4.907e-04 	
 2.826e-04 -3.361e-04 -5.807e-05 -4.317e-05 -3.476e-05 -2.872e-05 -2.459e-05 -2.170e-05 -1.957e-05 -1.796e-05 -1.671e-05 -1.572e-05 -1.492e-05 -1.429e-05 -1.378e-05 -1.338e-05 -1.306e-05 -1.282e-05 -1.265e-05 -1.255e-05 -1.250e-05 -1.251e-05 -1.257e-05 -1.268e-05 -1.285e-05 -1.308e-05 -1.336e-05 -1.372e-05 -1.416e-05 -1.473e-05 -1.546e-05 -1.643e-05 -1.775e-05 -1.955e-05 -2.203e-05 -2.538e-05 -2.984e-05 -3.561e-05 -4.279e-05 -5.127e-05 -6.059e-05 -6.972e-05 -7.677e-05 -7.865e-05 -7.065e-05 -4.592e-05  5.217e-06  9.626e-05  2.460e-04  4.809e-04 	
 2.851e-04 -3.211e-04 -5.461e-05 -4.152e-05 -3.364e-05 -2.782e-05 -2.383e-05 -2.102e-05 -1.897e-05 -1.741e-05 -1.619e-05 -1.524e-05 -1.447e-05 -1.386e-05 -1.338e-05 -1.299e-05 -1.269e-05 -1.246e-05 -1.230e-05 -1.221e-05 -1.217e-05 -1.218e-05 -1.225e-05 -1.237e-05 -1.254e-05 -1.277e-05 -1.306e-05 -1.341e-05 -1.386e-05 -1.442e-05 -1.515e-05 -1.611e-05 -1.742e-05 -1.920e-05 -2.165e-05 -2.497e-05 -2.938e-05 -3.508e-05 -4.218e-05 -5.056e-05 -5.978e-05 -6.880e-05 -7.576e-05 -7.761e-05 -6.969e-05 -4.523e-05  5.363e-06  9.542e-05  2.435e-04  4.759e-04 	
 2.852e-04 -3.136e-04 -5.368e-05 -4.112e-05 -3.333e-05 -2.757e-05 -2.361e-05 -2.083e-05 -1.880e-05 -1.725e-05 -1.606e-05 -1.511e-05 -1.436e-05 -1.375e-05 -1.327e-05 -1.289e-05 -1.260e-05 -1.237e-05 -1.222e-05 -1.212e-05 -1.209e-05 -1.210e-05 -1.217e-05 -1.229e-05 -1.247e-05 -1.270e-05 -1.298e-05 -1.334e-05 -1.379e-05 -1.435e-05 -1.508e-05 -1.604e-05 -1.734e-05 -1.913e-05 -2.157e-05 -2.488e-05 -2.928e-05 -3.497e-05 -4.205e-05 -5.041e-05 -5.961e-05 -6.861e-05 -7.555e-05 -7.739e-05 -6.949e-05 -4.509e-05  5.385e-06  9.524e-05  2.430e-04  4.748e-04 	
 2.841e-04 -3.114e-04 -5.414e-05 -4.151e-05 -3.364e-05 -2.783e-05 -2.385e-05 -2.105e-05 -1.900e-05 -1.744e-05 -1.623e-05 -1.527e-05 -1.451e-05 -1.390e-05 -1.341e-05 -1.303e-05 -1.273e-05 -1.250e-05 -1.234e-05 -1.225e-05 -1.221e-05 -1.222e-05 -1.229e-05 -1.241e-05 -1.258e-05 -1.281e-05 -1.310e-05 -1.346e-05 -1.391e-05 -1.447e-05 -1.520e-05 -1.617e-05 -1.748e-05 -1.927e-05 -2.173e-05 -2.506e-05 -2.948e-05 -3.520e-05 -4.232e-05 -5.073e-05 -5.998e-05 -6.903e-05 -7.601e-05 -7.787e-05 -6.994e-05 -4.541e-05  5.316e-06  9.563e-05  2.442e-04  4.772e-04 	
 2.826e-04 -3.132e-04 -5.554e-05 -4.257e-05 -3.450e-05 -2.856e-05 -2.449e-05 -2.163e-05 -1.952e-05 -1.793e-05 -1.668e-05 -1.570e-05 -1.491e-05 -1.428e-05 -1.377e-05 -1.337e-05 -1.306e-05 -1.282e-05 -1.265e-05 -1.255e-05 -1.250e-05 -1.251e-05 -1.258e-05 -1.269e-05 -1.287e-05 -1.309e-05 -1.338e-05 -1.374e-05 -1.420e-05 -1.477e-05 -1.550e-05 -1.648e-05 -1.781e-05 -1.962e-05 -2.210e-05 -2.547e-05 -2.996e-05 -3.575e-05 -4.295e-05 -5.147e-05 -6.083e-05 -7.000e-05 -7.708e-05 -7.897e-05 -7.096e-05 -4.615e-05  5.170e-06  9.656e-05  2.469e-04  4.828e-04 	
 2.813e-04 -3.184e-04 -5.779e-05 -4.430e-05 -3.591e-05 -2.977e-05 -2.555e-05 -2.257e-05 -2.038e-05 -1.871e-05 -1.741e-05 -1.637e-05 -1.555e-05 -1.488e-05 -1.434e-05 -1.392e-05 -1.358e-05 -1.333e-05 -1.314e-05 -1.303e-05 -1.297e-05 -1.297e-05 -1.303e-05 -1.314e-05 -1.331e-05 -1.354e-05 -1.383e-05 -1.419e-05 -1.465e-05 -1.523e-05 -1.597e-05 -1.697e-05 -1.832e-05 -2.016e-05 -2.269e-05 -2.613e-05 -3.069e-05 -3.659e-05 -4.394e-05 -5.262e-05 -6.216e-05 -7.151e-05 -7.874e-05 -8.068e-05 -7.254e-05 -4.730e-05  4.949e-06  9.801e-05  2.511e-04  4.914e-04 	
 2.801e-04 -3.267e-04 -6.089e-05 -4.672e-05 -3.792e-05 -3.147e-05 -2.704e-05 -2.390e-05 -2.158e-05 -1.981e-05 -1.842e-05 -1.732e-05 -1.643e-05 -1.572e-05 -1.514e-05 -1.468e-05 -1.431e-05 -1.403e-05 -1.383e-05 -1.369e-05 -1.362e-05 -1.361e-05 -1.366e-05 -1.376e-05 -1.393e-05 -1.415e-05 -1.444e-05 -1.481e-05 -1.527e-05 -1.586e-05 -1.662e-05 -1.764e-05 -1.902e-05 -2.091e-05 -2.350e-05 -2.702e-05 -3.170e-05 -3.775e-05 -4.528e-05 -5.418e-05 -6.398e-05 -7.357e-05 -8.099e-05 -8.301e-05 -7.470e-05 -4.887e-05  4.646e-06  9.998e-05  2.569e-04  5.030e-04 	
 2.793e-04 -3.383e-04 -6.495e-05 -4.995e-05 -4.059e-05 -3.375e-05 -2.903e-05 -2.566e-05 -2.317e-05 -2.126e-05 -1.976e-05 -1.857e-05 -1.760e-05 -1.682e-05 -1.619e-05 -1.568e-05 -1.527e-05 -1.496e-05 -1.472e-05 -1.456e-05 -1.447e-05 -1.444e-05 -1.448e-05 -1.457e-05 -1.473e-05 -1.495e-05 -1.524e-05 -1.561e-05 -1.608e-05 -1.668e-05 -1.746e-05 -1.850e-05 -1.992e-05 -2.187e-05 -2.454e-05 -2.817e-05 -3.299e-05 -3.924e-05 -4.701e-05 -5.620e-05 -6.630e-05 -7.622e-05 -8.389e-05 -8.601e-05 -7.747e-05 -5.088e-05  4.250e-06  1.025e-04  2.642e-04  5.180e-04 	
 2.786e-04 -3.535e-04 -7.016e-05 -5.413e-05 -4.406e-05 -3.670e-05 -3.159e-05 -2.795e-05 -2.523e-05 -2.314e-05 -2.150e-05 -2.018e-05 -1.912e-05 -1.825e-05 -1.754e-05 -1.697e-05 -1.651e-05 -1.615e-05 -1.588e-05 -1.568e-05 -1.556e-05 -1.551e-05 -1.553e-05 -1.561e-05 -1.576e-05 -1.597e-05 -1.626e-05 -1.663e-05 -1.711e-05 -1.772e-05 -1.852e-05 -1.960e-05 -2.107e-05 -2.308e-05 -2.585e-05 -2.961e-05 -3.462e-05 -4.110e-05 -4.917e-05 -5.871e-05 -6.921e-05 -7.952e-05 -8.751e-05 -8.974e-05 -8.093e-05 -5.340e-05  3.729e-06  1.056e-04  2.733e-04  5.365e-04 	
 2.780e-04 -3.727e-04 -7.675e-05 -5.949e-05 -4.852e-05 -4.048e-05 -3.489e-05 -3.087e-05 -2.787e-05 -2.555e-05 -2.372e-05 -2.224e-05 -2.105e-05 -2.007e-05 -1.927e-05 -1.861e-05 -1.808e-05 -1.766e-05 -1.734e-05 -1.710e-05 -1.694e-05 -1.686e-05 -1.685e-05 -1.691e-05 -1.705e-05 -1.726e-05 -1.754e-05 -1.791e-05 -1.840e-05 -1.903e-05 -1.986e-05 -2.097e-05 -2.249e-05 -2.459e-05 -2.748e-05 -3.140e-05 -3.663e-05 -4.340e-05 -5.183e-05 -6.181e-05 -7.279e-05 -8.358e-05 -9.196e-05 -9.433e-05 -8.519e-05 -5.651e-05  3.052e-06  1.093e-04  2.843e-04  5.590e-04 	
 2.771e-04 -3.969e-04 -8.507e-05 -6.633e-05 -5.422e-05 -4.533e-05 -3.912e-05 -3.463e-05 -3.125e-05 -2.863e-05 -2.656e-05 -2.488e-05 -2.351e-05 -2.239e-05 -2.146e-05 -2.070e-05 -2.008e-05 -1.958e-05 -1.919e-05 -1.889e-05 -1.869e-05 -1.857e-05 -1.853e-05 -1.856e-05 -1.868e-05 -1.887e-05 -1.915e-05 -1.952e-05 -2.001e-05 -2.066e-05 -2.152e-05 -2.268e-05 -2.427e-05 -2.646e-05 -2.949e-05 -3.361e-05 -3.911e-05 -4.623e-05 -5.510e-05 -6.560e-05 -7.716e-05 -8.853e-05 -9.738e-05 -9.992e-05 -9.039e-05 -6.033e-05  2.171e-06  1.137e-04  2.975e-04  5.861e-04 	
 2.754e-04 -4.272e-04 -9.558e-05 -7.511e-05 -6.158e-05 -5.159e-05 -4.456e-05 -3.946e-05 -3.561e-05 -3.260e-05 -3.021e-05 -2.827e-05 -2.668e-05 -2.537e-05 -2.428e-05 -2.338e-05 -2.264e-05 -2.204e-05 -2.156e-05 -2.118e-05 -2.091e-05 -2.074e-05 -2.065e-05 -2.065e-05 -2.073e-05 -2.091e-05 -2.117e-05 -2.154e-05 -2.204e-05 -2.270e-05 -2.359e-05 -2.480e-05 -2.648e-05 -2.879e-05 -3.199e-05 -3.635e-05 -4.216e-05 -4.970e-05 -5.910e-05 -7.023e-05 -8.250e-05 -9.456e-05 -1.040e-04 -1.067e-04 -9.674e-05 -6.502e-05  1.013e-06  1.190e-04  3.133e-04  6.186e-04 	
 2.721e-04 -4.656e-04 -1.089e-04 -8.646e-05 -7.114e-05 -5.975e-05 -5.167e-05 -4.576e-05 -4.128e-05 -3.777e-05 -3.496e-05 -3.268e-05 -3.079e-05 -2.923e-05 -2.793e-05 -2.685e-05 -2.595e-05 -2.521e-05 -2.461e-05 -2.413e-05 -2.377e-05 -2.352e-05 -2.337e-05 -2.331e-05 -2.336e-05 -2.350e-05 -2.375e-05 -2.411e-05 -2.461e-05 -2.529e-05 -2.621e-05 -2.748e-05 -2.925e-05 -3.170e-05 -3.510e-05 -3.974e-05 -4.594e-05 -5.398e-05 -6.402e-05 -7.591e-05 -8.903e-05 -1.019e-04 -1.121e-04 -1.151e-04 -1.045e-04 -7.081e-05 -5.136e-07  1.251e-04  3.323e-04  6.577e-04 	
 2.653e-04 -5.149e-04 -1.258e-04 -1.012e-04 -8.375e-05 -7.053e-05 -6.107e-05 -5.410e-05 -4.879e-05 -4.460e-05 -4.124e-05 -3.849e-05 -3.622e-05 -3.432e-05 -3.274e-05 -3.140e-05 -3.029e-05 -2.936e-05 -2.859e-05 -2.798e-05 -2.750e-05 -2.714e-05 -2.690e-05 -2.677e-05 -2.676e-05 -2.685e-05 -2.707e-05 -2.741e-05 -2.790e-05 -2.859e-05 -2.956e-05 -3.089e-05 -3.276e-05 -3.538e-05 -3.902e-05 -4.400e-05 -5.067e-05 -5.933e-05 -7.013e-05 -8.295e-05 -9.711e-05 -1.111e-04 -1.220e-04 -1.254e-04 -1.141e-04 -7.802e-05 -2.571e-06  1.324e-04  3.550e-04  7.050e-04 	
 2.515e-04 -5.801e-04 -1.476e-04 -1.206e-04 -1.006e-04 -8.503e-05 -7.374e-05 -6.535e-05 -5.890e-05 -5.380e-05 -4.969e-05 -4.631e-05 -4.350e-05 -4.115e-05 -3.917e-05 -3.750e-05 -3.609e-05 -3.490e-05 -3.391e-05 -3.310e-05 -3.244e-05 -3.194e-05 -3.157e-05 -3.134e-05 -3.124e-05 -3.126e-05 -3.142e-05 -3.172e-05 -3.220e-05 -3.290e-05 -3.390e-05 -3.531e-05 -3.730e-05 -4.012e-05 -4.404e-05 -4.944e-05 -5.667e-05 -6.607e-05 -7.783e-05 -9.178e-05 -1.072e-04 -1.224e-04 -1.344e-04 -1.382e-04 -1.262e-04 -8.712e-05 -5.374e-06  1.410e-04  3.826e-04  7.624e-04 	
 2.235e-04 -6.704e-04 -1.768e-04 -1.462e-04 -1.232e-04 -1.048e-04 -9.116e-05 -8.085e-05 -7.285e-05 -6.649e-05 -6.132e-05 -5.707e-05 -5.351e-05 -5.053e-05 -4.800e-05 -4.585e-05 -4.402e-05 -4.247e-05 -4.116e-05 -4.006e-05 -3.917e-05 -3.845e-05 -3.790e-05 -3.751e-05 -3.727e-05 -3.718e-05 -3.725e-05 -3.750e-05 -3.794e-05 -3.863e-05 -3.965e-05 -4.114e-05 -4.328e-05 -4.632e-05 -5.059e-05 -5.649e-05 -6.441e-05 -7.474e-05 -8.767e-05 -1.030e-04 -1.200e-04 -1.368e-04 -1.502e-04 -1.545e-04 -1.414e-04 -9.878e-05 -9.271e-06  1.512e-04  4.162e-04  8.330e-04 	
 1.675e-04 -8.034e-04 -2.187e-04 -1.805e-04 -1.538e-04 -1.321e-04 -1.155e-04 -1.027e-04 -9.258e-05 -8.445e-05 -7.781e-05 -7.230e-05 -6.768e-05 -6.377e-05 -6.045e-05 -5.761e-05 -5.518e-05 -5.309e-05 -5.132e-05 -4.981e-05 -4.856e-05 -4.752e-05 -4.669e-05 -4.606e-05 -4.562e-05 -4.536e-05 -4.529e-05 -4.543e-05 -4.579e-05 -4.645e-05 -4.749e-05 -4.905e-05 -5.134e-05 -5.466e-05 -5.935e-05 -6.586e-05 -7.465e-05 -8.613e-05 -1.005e-04 -1.177e-04 -1.367e-04 -1.555e-04 -1.704e-04 -1.755e-04 -1.612e-04 -1.141e-04 -1.482e-05  1.633e-04  4.578e-04  9.211e-04 	
 5.890e-05 -1.014e-03 -2.887e-04 -2.293e-04 -1.957e-04 -1.698e-04 -1.497e-04 -1.339e-04 -1.210e-04 -1.105e-04 -1.018e-04 -9.455e-05 -8.838e-05 -8.313e-05 -7.863e-05 -7.476e-05 -7.143e-05 -6.855e-05 -6.607e-05 -6.394e-05 -6.213e-05 -6.061e-05 -5.936e-05 -5.835e-05 -5.758e-05 -5.705e-05 -5.675e-05 -5.669e-05 -5.691e-05 -5.748e-05 -5.849e-05 -6.012e-05 -6.258e-05 -6.621e-05 -7.142e-05 -7.870e-05 -8.858e-05 -1.015e-04 -1.178e-04 -1.372e-04 -1.588e-04 -1.802e-04 -1.973e-04 -2.032e-04 -1.875e-04 -1.346e-04 -2.294e-05  1.779e-04  5.100e-04  1.033e-03 	
-1.426e-04 -1.368e-03 -4.281e-04 -3.110e-04 -2.576e-04 -2.232e-04 -1.982e-04 -1.785e-04 -1.624e-04 -1.490e-04 -1.376e-04 -1.279e-04 -1.196e-04 -1.124e-04 -1.062e-04 -1.008e-04 -9.609e-05 -9.199e-05 -8.842e-05 -8.531e-05 -8.263e-05 -8.034e-05 -7.839e-05 -7.678e-05 -7.547e-05 -7.447e-05 -7.376e-05 -7.337e-05 -7.332e-05 -7.370e-05 -7.461e-05 -7.624e-05 -7.887e-05 -8.286e-05 -8.870e-05 -9.695e-05 -1.082e-04 -1.231e-04 -1.418e-04 -1.642e-04 -1.891e-04 -2.140e-04 -2.340e-04 -2.412e-04 -2.235e-04 -1.632e-04 -3.524e-05  1.953e-04  5.769e-04  1.178e-03 	
-4.906e-04 -1.985e-03 -7.416e-04 -4.864e-04 -3.721e-04 -3.102e-04 -2.716e-04 -2.442e-04 -2.230e-04 -2.056e-04 -1.909e-04 -1.783e-04 -1.673e-04 -1.576e-04 -1.491e-04 -1.416e-04 -1.349e-04 -1.290e-04 -1.238e-04 -1.192e-04 -1.151e-04 -1.116e-04 -1.085e-04 -1.059e-04 -1.037e-04 -1.019e-04 -1.004e-04 -9.944e-05 -9.888e-05 -9.885e-05 -9.949e-05 -1.010e-04 -1.037e-04 -1.081e-04 -1.147e-04 -1.242e-04 -1.373e-04 -1.547e-04 -1.767e-04 -2.031e-04 -2.327e-04 -2.623e-04 -2.862e-04 -2.952e-04 -2.750e-04 -2.047e-04 -5.473e-05  2.160e-04  6.647e-04  1.372e-03 	
-1.026e-03 -3.051e-03 -1.463e-03 -9.348e-04 -6.596e-04 -5.082e-04 -4.194e-04 -3.631e-04 -3.244e-04 -2.959e-04 -2.737e-04 -2.556e-04 -2.404e-04 -2.272e-04 -2.157e-04 -2.054e-04 -1.963e-04 -1.881e-04 -1.807e-04 -1.741e-04 -1.682e-04 -1.629e-04 -1.582e-04 -1.540e-04 -1.504e-04 -1.473e-04 -1.447e-04 -1.427e-04 -1.412e-04 -1.404e-04 -1.404e-04 -1.416e-04 -1.443e-04 -1.490e-04 -1.565e-04 -1.676e-04 -1.831e-04 -2.040e-04 -2.306e-04 -2.627e-04 -2.988e-04 -3.351e-04 -3.647e-04 -3.764e-04 -3.528e-04 -2.684e-04 -8.749e-05  2.400e-04  7.834e-04  1.640e-03 	
-1.682e-03 -4.737e-03 -3.000e-03 -2.087e-03 -1.487e-03 -1.106e-03 -8.609e-04 -6.988e-04 -5.880e-04 -5.098e-04 -4.528e-04 -4.101e-04 -3.772e-04 -3.510e-04 -3.297e-04 -3.121e-04 -2.971e-04 -2.842e-04 -2.729e-04 -2.631e-04 -2.543e-04 -2.465e-04 -2.395e-04 -2.334e-04 -2.279e-04 -2.231e-04 -2.190e-04 -2.155e-04 -2.128e-04 -2.109e-04 -2.101e-04 -2.108e-04 -2.133e-04 -2.185e-04 -2.272e-04 -2.406e-04 -2.597e-04 -2.857e-04 -3.192e-04 -3.600e-04 -4.059e-04 -4.524e-04 -4.909e-04 -5.068e-04 -4.783e-04 -3.732e-04 -1.462e-04  2.659e-04  9.507e-04  2.031e-03 	
-2.024e-03 -6.821e-03 -5.705e-03 -4.646e-03 -3.665e-03 -2.898e-03 -2.322e-03 -1.890e-03 -1.563e-03 -1.313e-03 -1.120e-03 -9.696e-04 -8.509e-04 -7.564e-04 -6.804e-04 -6.187e-04 -5.681e-04 -5.264e-04 -4.916e-04 -4.624e-04 -4.379e-04 -4.170e-04 -3.992e-04 -3.840e-04 -3.710e-04 -3.599e-04 -3.504e-04 -3.425e-04 -3.361e-04 -3.312e-04 -3.280e-04 -3.271e-04 -3.289e-04 -3.346e-04 -3.452e-04 -3.623e-04 -3.875e-04 -4.223e-04 -4.677e-04 -5.232e-04 -5.864e-04 -6.509e-04 -7.050e-04 -7.296e-04 -6.949e-04 -5.580e-04 -2.579e-04  2.896e-04  1.201e-03  2.641e-03 	
-6.121e-04 -7.454e-03 -8.521e-03 -8.575e-03 -7.893e-03 -7.043e-03 -6.216e-03 -5.470e-03 -4.814e-03 -4.246e-03 -3.757e-03 -3.336e-03 -2.973e-03 -2.661e-03 -2.391e-03 -2.157e-03 -1.954e-03 -1.777e-03 -1.622e-03 -1.486e-03 -1.367e-03 -1.262e-03 -1.170e-03 -1.088e-03 -1.016e-03 -9.522e-04 -8.955e-04 -8.455e-04 -8.015e-04 -7.633e-04 -7.308e-04 -7.045e-04 -6.849e-04 -6.736e-04 -6.721e-04 -6.827e-04 -7.079e-04 -7.498e-04 -8.101e-04 -8.880e-04 -9.799e-04 -1.076e-03 -1.160e-03 -1.202e-03 -1.158e-03 -9.659e-04 -5.360e-04  2.541e-04  1.573e-03  3.655e-03 	
 6.504e-03  4.650e-05 -4.479e-03 -8.161e-03 -1.007e-02 -1.095e-02 -1.126e-02 -1.124e-02 -1.101e-02 -1.067e-02 -1.027e-02 -9.831e-03 -9.384e-03 -8.939e-03 -8.504e-03 -8.083e-03 -7.681e-03 -7.298e-03 -6.934e-03 -6.590e-03 -6.265e-03 -5.959e-03 -5.670e-03 -5.398e-03 -5.142e-03 -4.901e-03 -4.675e-03 -4.462e-03 -4.263e-03 -4.076e-03 -3.903e-03 -3.745e-03 -3.603e-03 -3.479e-03 -3.377e-03 -3.300e-03 -3.254e-03 -3.242e-03 -3.265e-03 -3.323e-03 -3.406e-03 -3.497e-03 -3.563e-03 -3.554e-03 -3.391e-03 -2.966e-03 -2.132e-03 -6.876e-04  1.636e-03  5.209e-03 	
 2.961e-02  3.441e-02  2.998e-02  2.237e-02  1.586e-02  1.056e-02  6.235e-03  2.696e-03 -2.118e-04 -2.611e-03 -4.598e-03 -6.251e-03 -7.630e-03 -8.784e-03 -9.751e-03 -1.056e-02 -1.124e-02 -1.182e-02 -1.230e-02 -1.270e-02 -1.303e-02 -1.331e-02 -1.353e-02 -1.372e-02 -1.387e-02 -1.398e-02 -1.407e-02 -1.413e-02 -1.418e-02 -1.421e-02 -1.423e-02 -1.424e-02 -1.425e-02 -1.426e-02 -1.428e-02 -1.431e-02 -1.436e-02 -1.443e-02 -1.452e-02 -1.461e-02 -1.466e-02 -1.462e-02 -1.440e-02 -1.386e-02 -1.280e-02 -1.100e-02 -8.136e-03 -3.813e-03  2.473e-03  1.141e-02 	
 9.611e-02  1.427e-01  1.537e-01  1.537e-01  1.518e-01  1.490e-01  1.456e-01  1.419e-01  1.381e-01  1.342e-01  1.304e-01  1.268e-01  1.233e-01  1.199e-01  1.167e-01  1.136e-01  1.107e-01  1.079e-01  1.052e-01  1.026e-01  1.002e-01  9.789e-02  9.567e-02  9.355e-02  9.151e-02  8.956e-02  8.769e-02  8.590e-02  8.418e-02  8.252e-02  8.092e-02  7.938e-02  7.790e-02  7.645e-02  7.505e-02  7.369e-02  7.235e-02  7.105e-02  6.979e-02  6.858e-02  6.747e-02  6.651e-02  6.584e-02  6.565e-02  6.631e-02  6.836e-02  7.269e-02  8.065e-02  9.426e-02  1.166e-01 	
 2.829e-01  4.466e-01  4.991e-01  5.257e-01  5.475e-01  5.663e-01  5.822e-01  5.958e-01  6.076e-01  6.180e-01  6.272e-01  6.355e-01  6.431e-01  6.500e-01  6.563e-01  6.622e-01  6.677e-01  6.727e-01  6.775e-01  6.820e-01  6.862e-01  6.901e-01  6.939e-01  6.974e-01  7.008e-01  7.040e-01  7.070e-01  7.099e-01  7.126e-01  7.153e-01  7.178e-01  7.202e-01  7.225e-01  7.247e-01  7.269e-01  7.289e-01  7.309e-01  7.328e-01  7.347e-01  7.365e-01  7.381e-01  7.396e-01  7.407e-01  7.414e-01  7.412e-01  7.396e-01  7.357e-01  7.283e-01  7.153e-01  6.937e-01 	
 4.274e-01  5.961e-01  6.461e-01  6.765e-01  7.012e-01  7.208e-01  7.360e-01  7.480e-01  7.576e-01  7.654e-01  7.720e-01  7.775e-01  7.823e-01  7.864e-01  7.900e-01  7.932e-01  7.961e-01  7.986e-01  8.009e-01  8.029e-01  8.048e-01  8.065e-01  8.080e-01  8.095e-01  8.108e-01  8.120e-01  8.131e-01  8.141e-01  8.150e-01  8.159e-01  8.168e-01  8.175e-01  8.183e-01  8.190e-01  8.197e-01  8.203e-01  8.209e-01  8.216e-01  8.222e-01  8.228e-01  8.233e-01  8.237e-01  8.239e-01  8.238e-01  8.231e-01  8.217e-01  8.192e-01  8.153e-01  8.095e-01  8.011e-01 	
 5.277e-01  6.655e-01  7.046e-01  7.293e-01  7.477e-01  7.607e-01  7.698e-01  7.763e-01  7.812e-01  7.850e-01  7.881e-01  7.906e-01  7.928e-01  7.947e-01  7.964e-01  7.979e-01  7.993e-01  8.005e-01  8.016e-01  8.026e-01  8.036e-01  8.045e-01  8.053e-01  8.061e-01  8.068e-01  8.075e-01  8.081e-01  8.087e-01  8.093e-01  8.099e-01  8.104e-01  8.109e-01  8.114e-01  8.118e-01  8.123e-01  8.128e-01  8.132e-01  8.137e-01  8.142e-01  8.147e-01  8.151e-01  8.156e-01  8.160e-01  8.164e-01  8.166e-01  8.165e-01  8.160e-01  8.149e-01  8.130e-01  8.099e-01 	
 5.970e-01  7.002e-01  7.310e-01  7.508e-01  7.645e-01  7.734e-01  7.791e-01  7.831e-01  7.861e-01  7.885e-01  7.905e-01  7.923e-01  7.939e-01  7.954e-01  7.968e-01  7.981e-01  7.993e-01  8.004e-01  8.014e-01  8.024e-01  8.034e-01  8.043e-01  8.051e-01  8.059e-01  8.067e-01  8.074e-01  8.081e-01  8.087e-01  8.093e-01  8.099e-01  8.105e-01  8.111e-01  8.116e-01  8.121e-01  8.126e-01  8.131e-01  8.135e-01  8.140e-01  8.144e-01  8.149e-01  8.153e-01  8.157e-01  8.161e-01  8.165e-01  8.167e-01  8.168e-01  8.167e-01  8.162e-01  8.153e-01  8.137e-01 	
 6.450e-01  7.219e-01  7.486e-01  7.659e-01  7.771e-01  7.837e-01  7.878e-01  7.905e-01  7.925e-01  7.942e-01  7.957e-01  7.971e-01  7.984e-01  7.997e-01  8.008e-01  8.020e-01  8.030e-01  8.040e-01  8.049e-01  8.058e-01  8.067e-01  8.075e-01  8.082e-01  8.090e-01  8.097e-01  8.103e-01  8.109e-01  8.115e-01  8.121e-01  8.127e-01  8.132e-01  8.137e-01  8.141e-01  8.146e-01  8.150e-01  8.154e-01  8.158e-01  8.162e-01  8.166e-01  8.170e-01  8.174e-01  8.177e-01  8.180e-01  8.183e-01  8.185e-01  8.186e-01  8.186e-01  8.184e-01  8.178e-01  8.167e-01 	
 6.790e-01  7.398e-01  7.647e-01  7.805e-01  7.898e-01  7.948e-01  7.974e-01  7.990e-01  8.002e-01  8.012e-01  8.021e-01  8.030e-01  8.039e-01  8.048e-01  8.057e-01  8.065e-01  8.073e-01  8.081e-01  8.088e-01  8.095e-01  8.102e-01  8.109e-01  8.115e-01  8.121e-01  8.126e-01  8.132e-01  8.137e-01  8.142e-01  8.147e-01  8.152e-01  8.156e-01  8.160e-01  8.164e-01  8.168e-01  8.172e-01  8.175e-01  8.179e-01  8.182e-01  8.185e-01  8.189e-01  8.192e-01  8.195e-01  8.197e-01  8.200e-01  8.202e-01  8.203e-01  8.203e-01  8.201e-01  8.198e-01  8.191e-01 	
 7.055e-01  7.571e-01  7.808e-01  7.951e-01  8.025e-01  8.058e-01  8.070e-01  8.075e-01  8.077e-01  8.080e-01  8.083e-01  8.087e-01  8.092e-01  8.097e-01  8.102e-01  8.108e-01  8.113e-01  8.119e-01  8.124e-01  8.130e-01  8.135e-01  8.140e-01  8.145e-01  8.150e-01  8.155e-01  8.159e-01  8.164e-01  8.168e-01  8.172e-01  8.176e-01  8.179e-01  8.183e-01  8.186e-01  8.190e-01  8.193e-01  8.196e-01  8.199e-01  8.202e-01  8.204e-01  8.207e-01  8.209e-01  8.212e-01  8.214e-01  8.216e-01  8.218e-01  8.219e-01  8.219e-01  8.218e-01  8.215e-01  8.211e-01 	
 7.280e-01  7.747e-01  7.969e-01  8.092e-01  8.147e-01  8.162e-01  8.160e-01  8.153e-01  8.147e-01  8.142e-01  8.139e-01  8.138e-01  8.139e-01  8.140e-01  8.143e-01  8.146e-01  8.150e-01  8.153e-01  8.157e-01  8.161e-01  8.165e-01  8.169e-01  8.173e-01  8.177e-01  8.181e-01  8.184e-01  8.188e-01  8.191e-01  8.195e-01  8.198e-01  8.201e-01  8.204e-01  8.207e-01  8.210e-01  8.212e-01  8.215e-01  8.217e-01  8.220e-01  8.222e-01  8.224e-01  8.226e-01  8.228e-01  8.230e-01  8.232e-01  8.233e-01  8.234e-01  8.234e-01  8.234e-01  8.232e-01  8.228e-01 	
 7.480e-01  7.919e-01  8.122e-01  8.225e-01  8.260e-01  8.258e-01  8.243e-01  8.225e-01  8.210e-01  8.198e-01  8.190e-01  8.185e-01  8.181e-01  8.180e-01  8.180e-01  8.180e-01  8.182e-01  8.184e-01  8.186e-01  8.189e-01  8.191e-01  8.194e-01  8.197e-01  8.200e-01  8.203e-01  8.205e-01  8.208e-01  8.211e-01  8.214e-01  8.216e-01  8.219e-01  8.221e-01  8.224e-01  8.226e-01  8.228e-01  8.230e-01  8.232e-01  8.234e-01  8.236e-01  8.238e-01  8.240e-01  8.241e-01  8.243e-01  8.244e-01  8.245e-01  8.246e-01  8.246e-01  8.246e-01  8.245e-01  8.242e-01 	
 7.661e-01  8.081e-01  8.265e-01  8.348e-01  8.365e-01  8.348e-01  8.320e-01  8.293e-01  8.269e-01  8.251e-01  8.237e-01  8.227e-01  8.221e-01  8.216e-01  8.213e-01  8.212e-01  8.211e-01  8.211e-01  8.212e-01  8.213e-01  8.215e-01  8.217e-01  8.219e-01  8.221e-01  8.223e-01  8.225e-01  8.227e-01  8.229e-01  8.231e-01  8.233e-01  8.235e-01  8.237e-01  8.239e-01  8.241e-01  8.243e-01  8.244e-01  8.246e-01  8.248e-01  8.249e-01  8.251e-01  8.252e-01  8.254e-01  8.255e-01  8.256e-01  8.257e-01  8.257e-01  8.258e-01  8.257e-01  8.257e-01  8.255e-01 	
 7.825e-01  8.229e-01  8.397e-01  8.463e-01  8.463e-01  8.433e-01  8.393e-01  8.356e-01  8.325e-01  8.300e-01  8.282e-01  8.268e-01  8.257e-01  8.250e-01  8.245e-01  8.241e-01  8.239e-01  8.238e-01  8.237e-01  8.237e-01  8.237e-01  8.238e-01  8.239e-01  8.240e-01  8.242e-01  8.243e-01  8.245e-01  8.246e-01  8.248e-01  8.249e-01  8.251e-01  8.253e-01  8.254e-01  8.256e-01  8.257e-01  8.258e-01  8.260e-01  8.261e-01  8.262e-01  8.263e-01  8.265e-01  8.266e-01  8.267e-01  8.267e-01  8.268e-01  8.269e-01  8.269e-01  8.269e-01  8.268e-01  8.267e-01 	
 7.974e-01  8.365e-01  8.519e-01  8.570e-01  8.556e-01  8.513e-01  8.462e-01  8.416e-01  8.377e-01  8.346e-01  8.322e-01  8.304e-01  8.291e-01  8.281e-01  8.273e-01  8.267e-01  8.263e-01  8.260e-01  8.259e-01  8.257e-01  8.257e-01  8.257e-01  8.257e-01  8.257e-01  8.258e-01  8.259e-01  8.259e-01  8.260e-01  8.262e-01  8.263e-01  8.264e-01  8.265e-01  8.266e-01  8.267e-01  8.268e-01  8.269e-01  8.270e-01  8.271e-01  8.272e-01  8.273e-01  8.274e-01  8.275e-01  8.276e-01  8.276e-01  8.277e-01  8.277e-01  8.277e-01  8.277e-01  8.277e-01  8.276e-01 	
 8.106e-01  8.489e-01  8.633e-01  8.671e-01  8.644e-01  8.588e-01  8.527e-01  8.471e-01  8.425e-01  8.389e-01  8.360e-01  8.339e-01  8.322e-01  8.309e-01  8.299e-01  8.292e-01  8.286e-01  8.282e-01  8.279e-01  8.276e-01  8.275e-01  8.274e-01  8.273e-01  8.273e-01  8.273e-01  8.273e-01  8.273e-01  8.274e-01  8.275e-01  8.275e-01  8.276e-01  8.277e-01  8.278e-01  8.278e-01  8.279e-01  8.280e-01  8.281e-01  8.281e-01  8.282e-01  8.283e-01  8.283e-01  8.284e-01  8.284e-01  8.285e-01  8.285e-01  8.286e-01  8.286e-01  8.286e-01  8.286e-01  8.285e-01 	
 8.222e-01  8.601e-01  8.737e-01  8.765e-01  8.726e-01  8.659e-01  8.587e-01  8.523e-01  8.470e-01  8.428e-01  8.395e-01  8.369e-01  8.350e-01  8.334e-01  8.322e-01  8.313e-01  8.306e-01  8.300e-01  8.296e-01  8.293e-01  8.290e-01  8.288e-01  8.287e-01  8.286e-01  8.286e-01  8.285e-01  8.285e-01  8.285e-01  8.286e-01  8.286e-01  8.286e-01  8.287e-01  8.287e-01  8.288e-01  8.288e-01  8.289e-01  8.289e-01  8.290e-01  8.290e-01  8.291e-01  8.291e-01  8.291e-01  8.292e-01  8.292e-01  8.292e-01  8.292e-01  8.293e-01  8.293e-01  8.293e-01  8.294e-01 	
 8.329e-01  8.704e-01  8.833e-01  8.852e-01  8.804e-01  8.726e-01  8.645e-01  8.573e-01  8.513e-01  8.465e-01  8.428e-01  8.398e-01  8.375e-01  8.357e-01  8.343e-01  8.332e-01  8.323e-01  8.317e-01  8.311e-01  8.307e-01  8.304e-01  8.301e-01  8.299e-01  8.298e-01  8.297e-01  8.296e-01  8.295e-01  8.295e-01  8.295e-01  8.295e-01  8.295e-01  8.295e-01  8.295e-01  8.295e-01  8.296e-01  8.296e-01  8.296e-01  8.296e-01  8.297e-01  8.297e-01  8.297e-01  8.297e-01  8.297e-01  8.297e-01  8.298e-01  8.298e-01  8.298e-01  8.299e-01  8.300e-01  8.302e-01 	
 8.439e-01  8.799e-01  8.920e-01  8.930e-01  8.875e-01  8.792e-01  8.706e-01  8.629e-01  8.565e-01  8.512e-01  8.471e-01  8.438e-01  8.412e-01  8.391e-01  8.375e-01  8.361e-01  8.351e-01  8.342e-01  8.335e-01  8.330e-01  8.325e-01  8.322e-01  8.319e-01  8.317e-01  8.315e-01  8.313e-01  8.312e-01  8.311e-01  8.311e-01  8.310e-01  8.310e-01  8.309e-01  8.309e-01  8.309e-01  8.309e-01  8.309e-01  8.309e-01  8.309e-01  8.309e-01  8.309e-01  8.309e-01  8.309e-01  8.309e-01  8.310e-01  8.310e-01  8.311e-01  8.312e-01  8.314e-01  8.317e-01  8.322e-01 	
