 6.130e-04  5.210e-04  5.162e-04  4.545e-04  3.758e-04  3.209e-04  2.917e-04  2.806e-04  2.820e-04  2.922e-04  3.092e-04  3.320e-04  3.599e-04  3.925e-04  4.297e-04  4.714e-04  5.176e-04  5.684e-04  6.239e-04  6.841e-04  7.493e-04  8.195e-04  8.949e-04  9.756e-04  1.062e-03  1.154e-03  1.252e-03  1.355e-03  1.465e-03  1.581e-03  1.704e-03  1.833e-03  1.969e-03  2.113e-03  2.263e-03  2.421e-03  2.586e-03  2.758e-03  2.939e-03  3.127e-03  3.324e-03  3.528e-03  3.741e-03  3.962e-03  4.190e-03  4.426e-03  4.669e-03  4.918e-03  5.172e-03  5.428e-03 	
 7.163e-04  6.056e-04  6.216e-04  5.779e-04  5.036e-04  4.483e-04  4.205e-04  4.146e-04  4.247e-04  4.469e-04  4.790e-04  5.197e-04  5.684e-04  6.245e-04  6.881e-04  7.591e-04  8.376e-04  9.237e-04  1.018e-03  1.120e-03  1.230e-03  1.349e-03  1.477e-03  1.614e-03  1.760e-03  1.916e-03  2.081e-03  2.257e-03  2.444e-03  2.641e-03  2.850e-03  3.070e-03  3.301e-03  3.545e-03  3.801e-03  4.069e-03  4.351e-03  4.646e-03  4.954e-03  5.276e-03  5.612e-03  5.961e-03  6.325e-03  6.701e-03  7.090e-03  7.489e-03  7.894e-03  8.303e-03  8.706e-03  9.095e-03 	
 8.287e-04  7.004e-04  7.366e-04  7.251e-04  6.758e-04  6.366e-04  6.227e-04  6.327e-04  6.624e-04  7.084e-04  7.686e-04  8.418e-04  9.274e-04  1.025e-03  1.135e-03  1.257e-03  1.392e-03  1.539e-03  1.700e-03  1.874e-03  2.063e-03  2.265e-03  2.483e-03  2.717e-03  2.966e-03  3.232e-03  3.515e-03  3.815e-03  4.133e-03  4.469e-03  4.825e-03  5.200e-03  5.594e-03  6.010e-03  6.446e-03  6.904e-03  7.383e-03  7.886e-03  8.411e-03  8.960e-03  9.533e-03  1.013e-02  1.075e-02  1.139e-02  1.205e-02  1.272e-02  1.340e-02  1.408e-02  1.475e-02  1.537e-02 	
 9.556e-04  8.086e-04  8.666e-04  8.961e-04  8.885e-04  8.840e-04  9.015e-04  9.443e-04  1.011e-03  1.099e-03  1.208e-03  1.336e-03  1.483e-03  1.650e-03  1.836e-03  2.042e-03  2.269e-03  2.518e-03  2.788e-03  3.081e-03  3.398e-03  3.739e-03  4.106e-03  4.498e-03  4.917e-03  5.364e-03  5.839e-03  6.344e-03  6.878e-03  7.444e-03  8.041e-03  8.672e-03  9.335e-03  1.003e-02  1.077e-02  1.154e-02  1.234e-02  1.319e-02  1.407e-02  1.500e-02  1.596e-02  1.696e-02  1.800e-02  1.908e-02  2.019e-02  2.132e-02  2.246e-02  2.359e-02  2.468e-02  2.570e-02 	
 1.101e-03  9.335e-04  1.017e-03  1.095e-03  1.145e-03  1.197e-03  1.269e-03  1.370e-03  1.501e-03  1.661e-03  1.850e-03  2.069e-03  2.317e-03  2.596e-03  2.907e-03  3.251e-03  3.628e-03  4.040e-03  4.489e-03  4.976e-03  5.501e-03  6.067e-03  6.674e-03  7.325e-03  8.020e-03  8.761e-03  9.550e-03  1.039e-02  1.127e-02  1.221e-02  1.320e-02  1.425e-02  1.535e-02  1.651e-02  1.773e-02  1.900e-02  2.034e-02  2.174e-02  2.321e-02  2.474e-02  2.634e-02  2.800e-02  2.973e-02  3.151e-02  3.334e-02  3.521e-02  3.709e-02  3.895e-02  4.073e-02  4.237e-02 	
 1.269e-03  1.079e-03  1.194e-03  1.332e-03  1.457e-03  1.590e-03  1.749e-03  1.944e-03  2.178e-03  2.454e-03  2.773e-03  3.137e-03  3.548e-03  4.007e-03  4.517e-03  5.080e-03  5.697e-03  6.372e-03  7.105e-03  7.900e-03  8.759e-03  9.684e-03  1.068e-02  1.174e-02  1.288e-02  1.409e-02  1.538e-02  1.675e-02  1.820e-02  1.973e-02  2.136e-02  2.307e-02  2.487e-02  2.676e-02  2.875e-02  3.084e-02  3.302e-02  3.531e-02  3.771e-02  4.021e-02  4.282e-02  4.554e-02  4.835e-02  5.126e-02  5.425e-02  5.729e-02  6.034e-02  6.334e-02  6.620e-02  6.881e-02 	
 1.462e-03  1.250e-03  1.405e-03  1.617e-03  1.840e-03  2.087e-03  2.374e-03  2.711e-03  3.105e-03  3.561e-03  4.083e-03  4.674e-03  5.338e-03  6.079e-03  6.901e-03  7.806e-03  8.800e-03  9.885e-03  1.107e-02  1.234e-02  1.373e-02  1.522e-02  1.682e-02  1.853e-02  2.036e-02  2.231e-02  2.439e-02  2.659e-02  2.893e-02  3.140e-02  3.401e-02  3.676e-02  3.966e-02  4.271e-02  4.591e-02  4.927e-02  5.278e-02  5.646e-02  6.031e-02  6.433e-02  6.852e-02  7.288e-02  7.739e-02  8.206e-02  8.684e-02  9.169e-02  9.655e-02  1.013e-01  1.058e-01  1.099e-01 	
 1.687e-03  1.452e-03  1.662e-03  1.969e-03  2.320e-03  2.723e-03  3.192e-03  3.738e-03  4.371e-03  5.098e-03  5.927e-03  6.863e-03  7.915e-03  9.087e-03  1.039e-02  1.182e-02  1.339e-02  1.511e-02  1.698e-02  1.900e-02  2.119e-02  2.355e-02  2.609e-02  2.880e-02  3.170e-02  3.480e-02  3.809e-02  4.158e-02  4.529e-02  4.920e-02  5.334e-02  5.769e-02  6.228e-02  6.710e-02  7.216e-02  7.747e-02  8.302e-02  8.883e-02  9.490e-02  1.012e-01  1.078e-01  1.147e-01  1.218e-01  1.291e-01  1.366e-01  1.442e-01  1.518e-01  1.592e-01  1.661e-01  1.723e-01 	
 1.949e-03  1.694e-03  1.977e-03  2.410e-03  2.932e-03  3.549e-03  4.273e-03  5.120e-03  6.101e-03  7.228e-03  8.513e-03  9.966e-03  1.160e-02  1.342e-02  1.544e-02  1.767e-02  2.012e-02  2.279e-02  2.570e-02  2.886e-02  3.228e-02  3.596e-02  3.991e-02  4.415e-02  4.868e-02  5.350e-02  5.864e-02  6.409e-02  6.986e-02  7.596e-02  8.239e-02  8.917e-02  9.631e-02  1.038e-01  1.117e-01  1.199e-01  1.285e-01  1.375e-01  1.469e-01  1.566e-01  1.668e-01  1.774e-01  1.883e-01  1.995e-01  2.109e-01  2.225e-01  2.340e-01  2.451e-01  2.556e-01  2.647e-01 	
 2.255e-03  1.985e-03  2.370e-03  2.974e-03  3.727e-03  4.638e-03  5.721e-03  6.996e-03  8.480e-03  1.019e-02  1.215e-02  1.436e-02  1.685e-02  1.964e-02  2.273e-02  2.615e-02  2.990e-02  3.401e-02  3.848e-02  4.334e-02  4.859e-02  5.425e-02  6.032e-02  6.683e-02  7.379e-02  8.120e-02  8.908e-02  9.743e-02  1.063e-01  1.156e-01  1.255e-01  1.358e-01  1.467e-01  1.581e-01  1.701e-01  1.826e-01  1.956e-01  2.092e-01  2.234e-01  2.381e-01  2.534e-01  2.692e-01  2.855e-01  3.022e-01  3.191e-01  3.362e-01  3.530e-01  3.692e-01  3.842e-01  3.970e-01 	
 2.616e-03  2.343e-03  2.870e-03  3.706e-03  4.779e-03  6.098e-03  7.688e-03  9.574e-03  1.178e-02  1.434e-02  1.727e-02  2.061e-02  2.436e-02  2.857e-02  3.325e-02  3.842e-02  4.410e-02  5.033e-02  5.711e-02  6.448e-02  7.244e-02  8.102e-02  9.023e-02  1.001e-01  1.106e-01  1.218e-01  1.337e-01  1.463e-01  1.597e-01  1.737e-01  1.885e-01  2.040e-01  2.203e-01  2.373e-01  2.550e-01  2.736e-01  2.928e-01  3.128e-01  3.336e-01  3.551e-01  3.773e-01  4.001e-01  4.235e-01  4.473e-01  4.714e-01  4.954e-01  5.189e-01  5.412e-01  5.616e-01  5.786e-01 	
 3.046e-03  2.786e-03  3.514e-03  4.675e-03  6.192e-03  8.088e-03  1.040e-02  1.316e-02  1.642e-02  2.020e-02  2.456e-02  2.953e-02  3.514e-02  4.142e-02  4.843e-02  5.618e-02  6.470e-02  7.404e-02  8.421e-02  9.525e-02  1.072e-01  1.200e-01  1.338e-01  1.485e-01  1.642e-01  1.809e-01  1.986e-01  2.173e-01  2.370e-01  2.577e-01  2.794e-01  3.021e-01  3.258e-01  3.504e-01  3.760e-01  4.026e-01  4.301e-01  4.584e-01  4.876e-01  5.176e-01  5.484e-01  5.798e-01  6.116e-01  6.438e-01  6.759e-01  7.076e-01  7.382e-01  7.670e-01  7.926e-01  8.135e-01 	
 3.562e-03  3.346e-03  4.357e-03  5.974e-03  8.121e-03  1.084e-02  1.418e-02  1.821e-02  2.298e-02  2.856e-02  3.499e-02  4.234e-02  5.066e-02  6.000e-02  7.041e-02  8.192e-02  9.460e-02  1.085e-01  1.236e-01  1.399e-01  1.576e-01  1.766e-01  1.969e-01  2.186e-01  2.416e-01  2.660e-01  2.917e-01  3.188e-01  3.472e-01  3.769e-01  4.078e-01  4.400e-01  4.733e-01  5.077e-01  5.431e-01  5.794e-01  6.166e-01  6.546e-01  6.933e-01  7.326e-01  7.724e-01  8.125e-01  8.526e-01  8.926e-01  9.319e-01  9.702e-01  1.007e+00  1.040e+00  1.069e+00  1.092e+00 	
 4.193e-03  4.065e-03  5.478e-03  7.741e-03  1.079e-02  1.468e-02  1.952e-02  2.539e-02  3.237e-02  4.055e-02  5.002e-02  6.086e-02  7.313e-02  8.692e-02  1.023e-01  1.193e-01  1.380e-01  1.584e-01  1.806e-01  2.046e-01  2.304e-01  2.580e-01  2.875e-01  3.188e-01  3.518e-01  3.866e-01  4.230e-01  4.610e-01  5.005e-01  5.414e-01  5.836e-01  6.269e-01  6.711e-01  7.163e-01  7.621e-01  8.084e-01  8.551e-01  9.021e-01  9.491e-01  9.959e-01  1.043e+00  1.089e+00  1.134e+00  1.178e+00  1.221e+00  1.262e+00  1.300e+00  1.334e+00  1.364e+00  1.386e+00 	
 4.975e-03  5.005e-03  6.990e-03  1.018e-02  1.451e-02  2.012e-02  2.712e-02  3.566e-02  4.586e-02  5.786e-02  7.175e-02  8.767e-02  1.057e-01  1.259e-01  1.485e-01  1.734e-01  2.007e-01  2.304e-01  2.626e-01  2.972e-01  3.342e-01  3.736e-01  4.152e-01  4.590e-01  5.048e-01  5.525e-01  6.018e-01  6.525e-01  7.045e-01  7.574e-01  8.110e-01  8.651e-01  9.194e-01  9.736e-01  1.028e+00  1.081e+00  1.134e+00  1.185e+00  1.236e+00  1.285e+00  1.334e+00  1.380e+00  1.425e+00  1.468e+00  1.508e+00  1.546e+00  1.581e+00  1.612e+00  1.637e+00  1.657e+00 	
 5.962e-03  6.259e-03  9.065e-03  1.357e-02  1.978e-02  2.787e-02  3.803e-02  5.047e-02  6.538e-02  8.293e-02  1.033e-01  1.266e-01  1.529e-01  1.825e-01  2.152e-01  2.513e-01  2.906e-01  3.331e-01  3.789e-01  4.276e-01  4.791e-01  5.333e-01  5.898e-01  6.483e-01  7.084e-01  7.698e-01  8.321e-01  8.948e-01  9.576e-01  1.020e+00  1.082e+00  1.143e+00  1.202e+00  1.260e+00  1.316e+00  1.370e+00  1.422e+00  1.472e+00  1.520e+00  1.565e+00  1.609e+00  1.650e+00  1.688e+00  1.724e+00  1.758e+00  1.789e+00  1.817e+00  1.841e+00  1.861e+00  1.876e+00 	
 7.231e-03  7.964e-03  1.196e-02  1.839e-02  2.731e-02  3.902e-02  5.381e-02  7.196e-02  9.374e-02  1.194e-01  1.491e-01  1.830e-01  2.213e-01  2.639e-01  3.109e-01  3.622e-01  4.176e-01  4.769e-01  5.397e-01  6.055e-01  6.739e-01  7.442e-01  8.160e-01  8.885e-01  9.612e-01  1.033e+00  1.105e+00  1.174e+00  1.242e+00  1.307e+00  1.370e+00  1.430e+00  1.487e+00  1.541e+00  1.592e+00  1.640e+00  1.685e+00  1.727e+00  1.766e+00  1.803e+00  1.837e+00  1.869e+00  1.898e+00  1.925e+00  1.950e+00  1.973e+00  1.993e+00  2.011e+00  2.026e+00  2.036e+00 	
 8.888e-03  1.032e-02  1.606e-02  2.529e-02  3.821e-02  5.524e-02  7.682e-02  1.033e-01  1.351e-01  1.725e-01  2.156e-01  2.646e-01  3.195e-01  3.800e-01  4.460e-01  5.169e-01  5.921e-01  6.709e-01  7.525e-01  8.358e-01  9.199e-01  1.004e+00  1.087e+00  1.168e+00  1.246e+00  1.322e+00  1.394e+00  1.462e+00  1.526e+00  1.586e+00  1.641e+00  1.693e+00  1.741e+00  1.785e+00  1.826e+00  1.863e+00  1.898e+00  1.929e+00  1.958e+00  1.985e+00  2.009e+00  2.032e+00  2.052e+00  2.071e+00  2.088e+00  2.103e+00  2.117e+00  2.129e+00  2.139e+00  2.146e+00 	
 1.108e-02  1.364e-02  2.195e-02  3.533e-02  5.415e-02  7.903e-02  1.106e-01  1.493e-01  1.957e-01  2.498e-01  3.118e-01  3.815e-01  4.585e-01  5.420e-01  6.309e-01  7.242e-01  8.204e-01  9.179e-01  1.015e+00  1.111e+00  1.205e+00  1.294e+00  1.379e+00  1.459e+00  1.534e+00  1.603e+00  1.666e+00  1.724e+00  1.777e+00  1.826e+00  1.869e+00  1.909e+00  1.945e+00  1.977e+00  2.006e+00  2.033e+00  2.056e+00  2.078e+00  2.097e+00  2.115e+00  2.131e+00  2.145e+00  2.158e+00  2.170e+00  2.180e+00  2.190e+00  2.198e+00  2.205e+00  2.211e+00  2.216e+00 	
 1.400e-02  1.833e-02  3.049e-02  5.004e-02  7.761e-02  1.141e-01  1.603e-01  2.168e-01  2.838e-01  3.613e-01  4.488e-01  5.452e-01  6.490e-01  7.583e-01  8.709e-01  9.844e-01  1.097e+00  1.206e+00  1.310e+00  1.408e+00  1.499e+00  1.583e+00  1.659e+00  1.728e+00  1.790e+00  1.845e+00  1.895e+00  1.939e+00  1.978e+00  2.013e+00  2.043e+00  2.071e+00  2.095e+00  2.116e+00  2.135e+00  2.152e+00  2.167e+00  2.180e+00  2.192e+00  2.203e+00  2.212e+00  2.220e+00  2.228e+00  2.234e+00  2.240e+00  2.245e+00  2.249e+00  2.253e+00  2.256e+00  2.258e+00 	
 1.794e-02  2.504e-02  4.297e-02  7.169e-02  1.122e-01  1.657e-01  2.332e-01  3.148e-01  4.103e-01  5.185e-01  6.374e-01  7.641e-01  8.952e-01  1.027e+00  1.157e+00  1.281e+00  1.397e+00  1.504e+00  1.601e+00  1.688e+00  1.766e+00  1.834e+00  1.893e+00  1.945e+00  1.991e+00  2.030e+00  2.064e+00  2.094e+00  2.119e+00  2.142e+00  2.161e+00  2.178e+00  2.192e+00  2.205e+00  2.216e+00  2.225e+00  2.233e+00  2.240e+00  2.246e+00  2.252e+00  2.256e+00  2.260e+00  2.263e+00  2.266e+00  2.268e+00  2.270e+00  2.272e+00  2.273e+00  2.274e+00  2.275e+00 	
 2.325e-02  3.465e-02  6.118e-02  1.035e-01  1.631e-01  2.413e-01  3.386e-01  4.544e-01  5.863e-01  7.306e-01  8.823e-01  1.036e+00  1.186e+00  1.328e+00  1.459e+00  1.578e+00  1.682e+00  1.773e+00  1.851e+00  1.918e+00  1.975e+00  2.023e+00  2.064e+00  2.099e+00  2.128e+00  2.153e+00  2.173e+00  2.191e+00  2.206e+00  2.218e+00  2.229e+00  2.238e+00  2.245e+00  2.252e+00  2.257e+00  2.261e+00  2.264e+00  2.267e+00  2.269e+00  2.271e+00  2.273e+00  2.273e+00  2.274e+00  2.275e+00  2.275e+00  2.275e+00  2.275e+00  2.275e+00  2.275e+00  2.275e+00 	
 3.043e-02  4.837e-02  8.768e-02  1.500e-01  2.371e-01  3.499e-01  4.873e-01  6.456e-01  8.181e-01  9.968e-01  1.173e+00  1.339e+00  1.491e+00  1.624e+00  1.739e+00  1.836e+00  1.917e+00  1.984e+00  2.039e+00  2.084e+00  2.121e+00  2.151e+00  2.176e+00  2.196e+00  2.213e+00  2.226e+00  2.237e+00  2.246e+00  2.253e+00  2.259e+00  2.264e+00  2.268e+00  2.270e+00  2.272e+00  2.274e+00  2.275e+00  2.275e+00  2.276e+00  2.276e+00  2.275e+00  2.275e+00  2.274e+00  2.273e+00  2.272e+00  2.271e+00  2.270e+00  2.269e+00  2.268e+00  2.267e+00  2.267e+00 	
 4.015e-02  6.791e-02  1.259e-01  2.171e-01  3.427e-01  5.017e-01  6.881e-01  8.917e-01  1.099e+00  1.298e+00  1.479e+00  1.636e+00  1.768e+00  1.876e+00  1.964e+00  2.033e+00  2.088e+00  2.131e+00  2.165e+00  2.192e+00  2.214e+00  2.230e+00  2.244e+00  2.254e+00  2.262e+00  2.268e+00  2.273e+00  2.276e+00  2.278e+00  2.280e+00  2.281e+00  2.281e+00  2.281e+00  2.280e+00  2.279e+00  2.278e+00  2.277e+00  2.275e+00  2.274e+00  2.272e+00  2.270e+00  2.268e+00  2.266e+00  2.265e+00  2.263e+00  2.261e+00  2.259e+00  2.258e+00  2.256e+00  2.255e+00 	
 5.324e-02  9.548e-02  1.805e-01  3.121e-01  4.892e-01  7.042e-01  9.414e-01  1.181e+00  1.404e+00  1.598e+00  1.758e+00  1.886e+00  1.986e+00  2.062e+00  2.120e+00  2.163e+00  2.197e+00  2.222e+00  2.240e+00  2.255e+00  2.265e+00  2.273e+00  2.278e+00  2.282e+00  2.285e+00  2.286e+00  2.286e+00  2.286e+00  2.286e+00  2.284e+00  2.283e+00  2.281e+00  2.279e+00  2.277e+00  2.275e+00  2.272e+00  2.270e+00  2.267e+00  2.265e+00  2.262e+00  2.260e+00  2.257e+00  2.255e+00  2.253e+00  2.250e+00  2.248e+00  2.246e+00  2.244e+00  2.242e+00  2.241e+00 	
 7.078e-02  1.339e-01  2.570e-01  4.430e-01  6.834e-01  9.563e-01  1.231e+00  1.481e+00  1.689e+00  1.853e+00  1.975e+00  2.065e+00  2.131e+00  2.178e+00  2.212e+00  2.236e+00  2.253e+00  2.266e+00  2.274e+00  2.280e+00  2.283e+00  2.285e+00  2.286e+00  2.286e+00  2.285e+00  2.284e+00  2.282e+00  2.280e+00  2.277e+00  2.275e+00  2.272e+00  2.269e+00  2.266e+00  2.263e+00  2.260e+00  2.257e+00  2.255e+00  2.252e+00  2.249e+00  2.246e+00  2.243e+00  2.241e+00  2.238e+00  2.236e+00  2.233e+00  2.231e+00  2.229e+00  2.227e+00  2.225e+00  2.224e+00 	
 9.402e-02  1.867e-01  3.615e-01  6.162e-01  9.242e-01  1.241e+00  1.525e+00  1.752e+00  1.921e+00  2.040e+00  2.122e+00  2.178e+00  2.216e+00  2.242e+00  2.259e+00  2.271e+00  2.278e+00  2.283e+00  2.285e+00  2.286e+00  2.285e+00  2.284e+00  2.282e+00  2.280e+00  2.277e+00  2.274e+00  2.271e+00  2.268e+00  2.265e+00  2.261e+00  2.258e+00  2.255e+00  2.252e+00  2.248e+00  2.245e+00  2.242e+00  2.239e+00  2.236e+00  2.233e+00  2.230e+00  2.228e+00  2.225e+00  2.222e+00  2.220e+00  2.217e+00  2.215e+00  2.213e+00  2.211e+00  2.209e+00  2.207e+00 	
 1.244e-01  2.576e-01  4.996e-01  8.323e-01  1.197e+00  1.526e+00  1.783e+00  1.964e+00  2.084e+00  2.162e+00  2.212e+00  2.243e+00  2.263e+00  2.276e+00  2.283e+00  2.286e+00  2.288e+00  2.287e+00  2.286e+00  2.283e+00  2.280e+00  2.277e+00  2.273e+00  2.270e+00  2.266e+00  2.262e+00  2.258e+00  2.254e+00  2.250e+00  2.246e+00  2.243e+00  2.239e+00  2.236e+00  2.232e+00  2.229e+00  2.226e+00  2.223e+00  2.219e+00  2.217e+00  2.214e+00  2.211e+00  2.208e+00  2.206e+00  2.203e+00  2.201e+00  2.198e+00  2.196e+00  2.194e+00  2.193e+00  2.191e+00 	
 1.637e-01  3.503e-01  6.741e-01  1.082e+00  1.473e+00  1.776e+00  1.981e+00  2.110e+00  2.187e+00  2.234e+00  2.261e+00  2.277e+00  2.286e+00  2.290e+00  2.290e+00  2.289e+00  2.287e+00  2.284e+00  2.280e+00  2.275e+00  2.271e+00  2.266e+00  2.262e+00  2.257e+00  2.253e+00  2.248e+00  2.244e+00  2.240e+00  2.236e+00  2.232e+00  2.228e+00  2.224e+00  2.220e+00  2.217e+00  2.214e+00  2.210e+00  2.207e+00  2.204e+00  2.201e+00  2.198e+00  2.196e+00  2.193e+00  2.190e+00  2.188e+00  2.186e+00  2.183e+00  2.181e+00  2.179e+00  2.178e+00  2.176e+00 	
 2.136e-01  4.683e-01  8.821e-01  1.343e+00  1.720e+00  1.969e+00  2.116e+00  2.200e+00  2.246e+00  2.270e+00  2.283e+00  2.289e+00  2.290e+00  2.288e+00  2.285e+00  2.281e+00  2.276e+00  2.271e+00  2.266e+00  2.260e+00  2.255e+00  2.250e+00  2.245e+00  2.240e+00  2.235e+00  2.231e+00  2.226e+00  2.222e+00  2.218e+00  2.214e+00  2.210e+00  2.207e+00  2.203e+00  2.200e+00  2.197e+00  2.193e+00  2.191e+00  2.188e+00  2.185e+00  2.182e+00  2.180e+00  2.177e+00  2.175e+00  2.173e+00  2.170e+00  2.168e+00  2.166e+00  2.164e+00  2.163e+00  2.161e+00 	
 2.763e-01  6.136e-01  1.113e+00  1.589e+00  1.916e+00  2.102e+00  2.200e+00  2.250e+00  2.275e+00  2.286e+00  2.289e+00  2.288e+00  2.285e+00  2.280e+00  2.274e+00  2.268e+00  2.262e+00  2.256e+00  2.250e+00  2.245e+00  2.239e+00  2.234e+00  2.228e+00  2.223e+00  2.219e+00  2.214e+00  2.210e+00  2.206e+00  2.202e+00  2.198e+00  2.194e+00  2.191e+00  2.188e+00  2.184e+00  2.181e+00  2.178e+00  2.176e+00  2.173e+00  2.170e+00  2.168e+00  2.165e+00  2.163e+00  2.161e+00  2.159e+00  2.157e+00  2.155e+00  2.153e+00  2.151e+00  2.149e+00  2.148e+00 	
 3.543e-01  7.858e-01  1.349e+00  1.797e+00  2.056e+00  2.186e+00  2.247e+00  2.275e+00  2.286e+00  2.288e+00  2.285e+00  2.281e+00  2.275e+00  2.268e+00  2.261e+00  2.254e+00  2.248e+00  2.241e+00  2.235e+00  2.229e+00  2.223e+00  2.218e+00  2.213e+00  2.208e+00  2.203e+00  2.199e+00  2.195e+00  2.191e+00  2.187e+00  2.183e+00  2.180e+00  2.177e+00  2.173e+00  2.170e+00  2.167e+00  2.165e+00  2.162e+00  2.159e+00  2.157e+00  2.155e+00  2.152e+00  2.150e+00  2.148e+00  2.146e+00  2.144e+00  2.142e+00  2.140e+00  2.139e+00  2.137e+00  2.135e+00 	
 4.508e-01  9.812e-01  1.571e+00  1.958e+00  2.149e+00  2.234e+00  2.269e+00  2.282e+00  2.283e+00  2.280e+00  2.274e+00  2.267e+00  2.259e+00  2.252e+00  2.244e+00  2.237e+00  2.230e+00  2.224e+00  2.218e+00  2.212e+00  2.206e+00  2.201e+00  2.196e+00  2.192e+00  2.187e+00  2.183e+00  2.179e+00  2.175e+00  2.172e+00  2.168e+00  2.165e+00  2.162e+00  2.159e+00  2.156e+00  2.154e+00  2.151e+00  2.149e+00  2.146e+00  2.144e+00  2.142e+00  2.140e+00  2.138e+00  2.136e+00  2.134e+00  2.132e+00  2.130e+00  2.129e+00  2.127e+00  2.125e+00  2.124e+00 	
 5.685e-01  1.190e+00  1.761e+00  2.073e+00  2.206e+00  2.259e+00  2.277e+00  2.280e+00  2.276e+00  2.269e+00  2.261e+00  2.252e+00  2.244e+00  2.236e+00  2.228e+00  2.221e+00  2.214e+00  2.208e+00  2.202e+00  2.196e+00  2.191e+00  2.186e+00  2.181e+00  2.177e+00  2.173e+00  2.169e+00  2.165e+00  2.161e+00  2.158e+00  2.155e+00  2.152e+00  2.149e+00  2.146e+00  2.143e+00  2.141e+00  2.138e+00  2.136e+00  2.134e+00  2.132e+00  2.130e+00  2.128e+00  2.126e+00  2.124e+00  2.122e+00  2.121e+00  2.119e+00  2.118e+00  2.116e+00  2.114e+00  2.113e+00 	
 7.088e-01  1.399e+00  1.913e+00  2.150e+00  2.239e+00  2.269e+00  2.275e+00  2.271e+00  2.264e+00  2.255e+00  2.245e+00  2.236e+00  2.227e+00  2.219e+00  2.211e+00  2.204e+00  2.197e+00  2.191e+00  2.185e+00  2.180e+00  2.175e+00  2.170e+00  2.166e+00  2.162e+00  2.158e+00  2.154e+00  2.151e+00  2.148e+00  2.145e+00  2.142e+00  2.139e+00  2.136e+00  2.134e+00  2.131e+00  2.129e+00  2.127e+00  2.124e+00  2.122e+00  2.121e+00  2.119e+00  2.117e+00  2.115e+00  2.114e+00  2.112e+00  2.110e+00  2.109e+00  2.107e+00  2.106e+00  2.104e+00  2.103e+00 	
 8.699e-01  1.591e+00  2.026e+00  2.198e+00  2.255e+00  2.269e+00  2.267e+00  2.259e+00  2.249e+00  2.239e+00  2.229e+00  2.220e+00  2.211e+00  2.203e+00  2.195e+00  2.188e+00  2.182e+00  2.176e+00  2.171e+00  2.166e+00  2.161e+00  2.157e+00  2.152e+00  2.149e+00  2.145e+00  2.141e+00  2.138e+00  2.135e+00  2.132e+00  2.130e+00  2.127e+00  2.124e+00  2.122e+00  2.120e+00  2.118e+00  2.116e+00  2.114e+00  2.112e+00  2.110e+00  2.108e+00  2.107e+00  2.105e+00  2.104e+00  2.102e+00  2.101e+00  2.099e+00  2.098e+00  2.097e+00  2.095e+00  2.094e+00 	
 1.047e+00  1.755e+00  2.105e+00  2.226e+00  2.260e+00  2.263e+00  2.256e+00  2.245e+00  2.234e+00  2.224e+00  2.214e+00  2.204e+00  2.196e+00  2.188e+00  2.181e+00  2.174e+00  2.168e+00  2.163e+00  2.158e+00  2.153e+00  2.149e+00  2.144e+00  2.141e+00  2.137e+00  2.134e+00  2.130e+00  2.127e+00  2.125e+00  2.122e+00  2.119e+00  2.117e+00  2.115e+00  2.112e+00  2.110e+00  2.108e+00  2.106e+00  2.105e+00  2.103e+00  2.101e+00  2.100e+00  2.098e+00  2.097e+00  2.095e+00  2.094e+00  2.093e+00  2.091e+00  2.090e+00  2.089e+00  2.087e+00  2.086e+00 	
 1.232e+00  1.889e+00  2.159e+00  2.241e+00  2.257e+00  2.253e+00  2.243e+00  2.231e+00  2.219e+00  2.208e+00  2.198e+00  2.189e+00  2.181e+00  2.174e+00  2.167e+00  2.161e+00  2.155e+00  2.150e+00  2.145e+00  2.140e+00  2.136e+00  2.132e+00  2.129e+00  2.126e+00  2.122e+00  2.119e+00  2.117e+00  2.114e+00  2.112e+00  2.109e+00  2.107e+00  2.105e+00  2.103e+00  2.101e+00  2.099e+00  2.097e+00  2.096e+00  2.094e+00  2.093e+00  2.091e+00  2.090e+00  2.088e+00  2.087e+00  2.086e+00  2.085e+00  2.084e+00  2.082e+00  2.081e+00  2.080e+00  2.078e+00 	
 1.415e+00  1.993e+00  2.194e+00  2.246e+00  2.250e+00  2.241e+00  2.228e+00  2.215e+00  2.203e+00  2.193e+00  2.183e+00  2.174e+00  2.166e+00  2.159e+00  2.153e+00  2.147e+00  2.142e+00  2.137e+00  2.132e+00  2.128e+00  2.125e+00  2.121e+00  2.118e+00  2.115e+00  2.112e+00  2.109e+00  2.106e+00  2.104e+00  2.102e+00  2.099e+00  2.097e+00  2.095e+00  2.094e+00  2.092e+00  2.090e+00  2.089e+00  2.087e+00  2.086e+00  2.084e+00  2.083e+00  2.082e+00  2.080e+00  2.079e+00  2.078e+00  2.077e+00  2.076e+00  2.075e+00  2.074e+00  2.072e+00  2.071e+00 	
 1.586e+00  2.071e+00  2.214e+00  2.243e+00  2.239e+00  2.226e+00  2.213e+00  2.200e+00  2.188e+00  2.178e+00  2.168e+00  2.160e+00  2.153e+00  2.146e+00  2.140e+00  2.135e+00  2.130e+00  2.125e+00  2.121e+00  2.117e+00  2.114e+00  2.111e+00  2.108e+00  2.105e+00  2.102e+00  2.100e+00  2.097e+00  2.095e+00  2.093e+00  2.091e+00  2.089e+00  2.087e+00  2.086e+00  2.084e+00  2.083e+00  2.081e+00  2.080e+00  2.078e+00  2.077e+00  2.076e+00  2.075e+00  2.074e+00  2.073e+00  2.072e+00  2.071e+00  2.069e+00  2.068e+00  2.067e+00  2.066e+00  2.064e+00 	
 1.736e+00  2.128e+00  2.223e+00  2.236e+00  2.226e+00  2.212e+00  2.198e+00  2.185e+00  2.173e+00  2.163e+00  2.155e+00  2.147e+00  2.140e+00  2.134e+00  2.128e+00  2.123e+00  2.119e+00  2.115e+00  2.111e+00  2.107e+00  2.104e+00  2.101e+00  2.098e+00  2.096e+00  2.093e+00  2.091e+00  2.089e+00  2.087e+00  2.085e+00  2.083e+00  2.081e+00  2.080e+00  2.078e+00  2.077e+00  2.075e+00  2.074e+00  2.073e+00  2.071e+00  2.070e+00  2.069e+00  2.068e+00  2.067e+00  2.066e+00  2.065e+00  2.064e+00  2.063e+00  2.062e+00  2.061e+00  2.060e+00  2.058e+00 	
 1.863e+00  2.168e+00  2.226e+00  2.226e+00  2.213e+00  2.197e+00  2.183e+00  2.171e+00  2.160e+00  2.150e+00  2.142e+00  2.135e+00  2.128e+00  2.123e+00  2.117e+00  2.113e+00  2.109e+00  2.105e+00  2.101e+00  2.098e+00  2.095e+00  2.092e+00  2.090e+00  2.087e+00  2.085e+00  2.083e+00  2.081e+00  2.079e+00  2.077e+00  2.076e+00  2.074e+00  2.073e+00  2.071e+00  2.070e+00  2.068e+00  2.067e+00  2.066e+00  2.065e+00  2.064e+00  2.063e+00  2.062e+00  2.061e+00  2.060e+00  2.059e+00  2.059e+00  2.058e+00  2.057e+00  2.056e+00  2.054e+00  2.052e+00 	
 1.965e+00  2.194e+00  2.223e+00  2.215e+00  2.199e+00  2.183e+00  2.169e+00  2.157e+00  2.147e+00  2.138e+00  2.130e+00  2.123e+00  2.117e+00  2.112e+00  2.107e+00  2.103e+00  2.099e+00  2.096e+00  2.093e+00  2.090e+00  2.087e+00  2.084e+00  2.082e+00  2.080e+00  2.078e+00  2.076e+00  2.074e+00  2.072e+00  2.071e+00  2.069e+00  2.068e+00  2.066e+00  2.065e+00  2.064e+00  2.063e+00  2.062e+00  2.061e+00  2.060e+00  2.059e+00  2.058e+00  2.057e+00  2.056e+00  2.055e+00  2.055e+00  2.054e+00  2.053e+00  2.052e+00  2.051e+00  2.049e+00  2.048e+00 	
 2.043e+00  2.209e+00  2.216e+00  2.202e+00  2.185e+00  2.169e+00  2.156e+00  2.144e+00  2.135e+00  2.126e+00  2.119e+00  2.113e+00  2.107e+00  2.102e+00  2.098e+00  2.094e+00  2.091e+00  2.087e+00  2.084e+00  2.082e+00  2.079e+00  2.077e+00  2.075e+00  2.073e+00  2.071e+00  2.069e+00  2.068e+00  2.066e+00  2.064e+00  2.063e+00  2.062e+00  2.061e+00  2.059e+00  2.058e+00  2.057e+00  2.056e+00  2.055e+00  2.054e+00  2.054e+00  2.053e+00  2.052e+00  2.051e+00  2.050e+00  2.050e+00  2.049e+00  2.048e+00  2.047e+00  2.046e+00  2.045e+00  2.043e+00 	
 2.100e+00  2.216e+00  2.207e+00  2.189e+00  2.171e+00  2.156e+00  2.143e+00  2.132e+00  2.123e+00  2.116e+00  2.109e+00  2.103e+00  2.098e+00  2.094e+00  2.090e+00  2.086e+00  2.083e+00  2.080e+00  2.077e+00  2.075e+00  2.072e+00  2.070e+00  2.068e+00  2.066e+00  2.065e+00  2.063e+00  2.062e+00  2.060e+00  2.059e+00  2.058e+00  2.056e+00  2.055e+00  2.054e+00  2.053e+00  2.052e+00  2.051e+00  2.050e+00  2.049e+00  2.049e+00  2.048e+00  2.047e+00  2.047e+00  2.046e+00  2.045e+00  2.045e+00  2.044e+00  2.043e+00  2.042e+00  2.040e+00  2.038e+00 	
 2.140e+00  2.217e+00  2.197e+00  2.177e+00  2.159e+00  2.144e+00  2.132e+00  2.121e+00  2.113e+00  2.106e+00  2.100e+00  2.094e+00  2.090e+00  2.086e+00  2.082e+00  2.079e+00  2.076e+00  2.073e+00  2.070e+00  2.068e+00  2.066e+00  2.064e+00  2.062e+00  2.061e+00  2.059e+00  2.058e+00  2.056e+00  2.055e+00  2.054e+00  2.052e+00  2.051e+00  2.050e+00  2.049e+00  2.048e+00  2.048e+00  2.047e+00  2.046e+00  2.045e+00  2.045e+00  2.044e+00  2.043e+00  2.043e+00  2.042e+00  2.042e+00  2.041e+00  2.040e+00  2.039e+00  2.038e+00  2.036e+00  2.034e+00 	
 2.164e+00  2.214e+00  2.186e+00  2.164e+00  2.147e+00  2.132e+00  2.121e+00  2.111e+00  2.104e+00  2.097e+00  2.091e+00  2.086e+00  2.082e+00  2.078e+00  2.075e+00  2.072e+00  2.069e+00  2.067e+00  2.064e+00  2.062e+00  2.060e+00  2.059e+00  2.057e+00  2.055e+00  2.054e+00  2.053e+00  2.051e+00  2.050e+00  2.049e+00  2.048e+00  2.047e+00  2.046e+00  2.045e+00  2.044e+00  2.043e+00  2.043e+00  2.042e+00  2.041e+00  2.041e+00  2.040e+00  2.040e+00  2.039e+00  2.039e+00  2.038e+00  2.037e+00  2.037e+00  2.036e+00  2.035e+00  2.033e+00  2.030e+00 	
 2.173e+00  2.206e+00  2.174e+00  2.153e+00  2.136e+00  2.122e+00  2.111e+00  2.103e+00  2.095e+00  2.089e+00  2.084e+00  2.079e+00  2.075e+00  2.072e+00  2.069e+00  2.066e+00  2.064e+00  2.061e+00  2.059e+00  2.057e+00  2.055e+00  2.054e+00  2.052e+00  2.051e+00  2.050e+00  2.048e+00  2.047e+00  2.046e+00  2.045e+00  2.044e+00  2.043e+00  2.042e+00  2.041e+00  2.041e+00  2.040e+00  2.039e+00  2.039e+00  2.038e+00  2.037e+00  2.037e+00  2.036e+00  2.036e+00  2.036e+00  2.035e+00  2.035e+00  2.034e+00  2.033e+00  2.031e+00  2.029e+00  2.027e+00 	
 2.161e+00  2.192e+00  2.161e+00  2.141e+00  2.125e+00  2.112e+00  2.102e+00  2.094e+00  2.088e+00  2.082e+00  2.077e+00  2.073e+00  2.069e+00  2.066e+00  2.063e+00  2.061e+00  2.059e+00  2.056e+00  2.055e+00  2.053e+00  2.051e+00  2.050e+00  2.048e+00  2.047e+00  2.046e+00  2.045e+00  2.044e+00  2.043e+00  2.042e+00  2.041e+00  2.040e+00  2.039e+00  2.039e+00  2.038e+00  2.037e+00  2.037e+00  2.036e+00  2.036e+00  2.035e+00  2.035e+00  2.034e+00  2.034e+00  2.034e+00  2.033e+00  2.033e+00  2.032e+00  2.030e+00  2.029e+00  2.026e+00  2.022e+00 	
 2.108e+00  2.165e+00  2.141e+00  2.123e+00  2.109e+00  2.098e+00  2.089e+00  2.082e+00  2.076e+00  2.071e+00  2.067e+00  2.063e+00  2.060e+00  2.057e+00  2.055e+00  2.053e+00  2.050e+00  2.049e+00  2.047e+00  2.045e+00  2.044e+00  2.043e+00  2.041e+00  2.040e+00  2.039e+00  2.038e+00  2.037e+00  2.036e+00  2.035e+00  2.035e+00  2.034e+00  2.033e+00  2.032e+00  2.032e+00  2.031e+00  2.030e+00  2.030e+00  2.029e+00  2.029e+00  2.028e+00  2.028e+00  2.027e+00  2.027e+00  2.026e+00  2.025e+00  2.024e+00  2.022e+00  2.019e+00  2.014e+00  2.008e+00 	
