 1.546e-03  2.330e-04  3.687e-04  6.429e-04  1.039e-03  1.542e-03  2.143e-03  2.838e-03  3.626e-03  4.506e-03  5.476e-03  6.536e-03  7.685e-03  8.923e-03  1.025e-02  1.167e-02  1.317e-02  1.476e-02  1.645e-02  1.822e-02  2.008e-02  2.203e-02  2.408e-02  2.622e-02  2.845e-02  3.077e-02  3.320e-02  3.571e-02  3.833e-02  4.104e-02  4.385e-02  4.676e-02  4.977e-02  5.288e-02  5.608e-02  5.938e-02  6.278e-02  6.626e-02  6.984e-02  7.351e-02  7.727e-02  8.112e-02  8.508e-02  8.914e-02  9.333e-02  9.768e-02  1.022e-01  1.071e-01  1.123e-01  1.180e-01 	
 5.000e-04 -9.521e-06  4.104e-04  8.744e-04  1.450e-03  2.140e-03  2.944e-03  3.863e-03  4.896e-03  6.045e-03  7.309e-03  8.688e-03  1.018e-02  1.179e-02  1.352e-02  1.536e-02  1.732e-02  1.940e-02  2.160e-02  2.391e-02  2.635e-02  2.891e-02  3.160e-02  3.441e-02  3.735e-02  4.041e-02  4.361e-02  4.694e-02  5.040e-02  5.398e-02  5.770e-02  6.154e-02  6.552e-02  6.961e-02  7.382e-02  7.816e-02  8.260e-02  8.715e-02  9.180e-02  9.655e-02  1.014e-01  1.063e-01  1.113e-01  1.164e-01  1.216e-01  1.269e-01  1.323e-01  1.377e-01  1.433e-01  1.490e-01 	
 1.729e-04  1.213e-05  6.111e-04  1.235e-03  1.998e-03  2.908e-03  3.970e-03  5.183e-03  6.549e-03  8.069e-03  9.742e-03  1.157e-02  1.355e-02  1.569e-02  1.798e-02  2.043e-02  2.304e-02  2.581e-02  2.875e-02  3.185e-02  3.512e-02  3.856e-02  4.217e-02  4.595e-02  4.991e-02  5.404e-02  5.834e-02  6.282e-02  6.746e-02  7.227e-02  7.723e-02  8.236e-02  8.763e-02  9.304e-02  9.859e-02  1.043e-01  1.101e-01  1.160e-01  1.220e-01  1.281e-01  1.342e-01  1.405e-01  1.468e-01  1.531e-01  1.594e-01  1.658e-01  1.721e-01  1.784e-01  1.846e-01  1.906e-01 	
 9.340e-05  1.400e-04  8.932e-04  1.702e-03  2.701e-03  3.900e-03  5.301e-03  6.904e-03  8.711e-03  1.072e-02  1.294e-02  1.536e-02  1.799e-02  2.083e-02  2.388e-02  2.715e-02  3.063e-02  3.434e-02  3.827e-02  4.244e-02  4.683e-02  5.145e-02  5.630e-02  6.138e-02  6.668e-02  7.220e-02  7.794e-02  8.388e-02  9.002e-02  9.634e-02  1.028e-01  1.095e-01  1.163e-01  1.233e-01  1.303e-01  1.375e-01  1.448e-01  1.522e-01  1.596e-01  1.671e-01  1.746e-01  1.821e-01  1.897e-01  1.972e-01  2.047e-01  2.120e-01  2.193e-01  2.263e-01  2.330e-01  2.393e-01 	
 9.966e-05  3.231e-04  1.253e-03  2.306e-03  3.620e-03  5.202e-03  7.053e-03  9.174e-03  1.157e-02  1.423e-02  1.717e-02  2.038e-02  2.388e-02  2.766e-02  3.174e-02  3.611e-02  4.079e-02  4.576e-02  5.105e-02  5.664e-02  6.253e-02  6.872e-02  7.520e-02  8.195e-02  8.897e-02  9.624e-02  1.037e-01  1.115e-01  1.194e-01  1.274e-01  1.357e-01  1.440e-01  1.525e-01  1.611e-01  1.697e-01  1.785e-01  1.872e-01  1.960e-01  2.047e-01  2.135e-01  2.222e-01  2.309e-01  2.395e-01  2.480e-01  2.564e-01  2.645e-01  2.724e-01  2.800e-01  2.871e-01  2.935e-01 	
 1.398e-04  5.545e-04  1.715e-03  3.096e-03  4.831e-03  6.922e-03  9.371e-03  1.218e-02  1.535e-02  1.888e-02  2.279e-02  2.707e-02  3.174e-02  3.681e-02  4.228e-02  4.815e-02  5.443e-02  6.112e-02  6.820e-02  7.566e-02  8.349e-02  9.167e-02  1.002e-01  1.090e-01  1.180e-01  1.273e-01  1.368e-01  1.465e-01  1.563e-01  1.662e-01  1.762e-01  1.863e-01  1.964e-01  2.065e-01  2.166e-01  2.266e-01  2.366e-01  2.465e-01  2.564e-01  2.661e-01  2.758e-01  2.853e-01  2.946e-01  3.037e-01  3.127e-01  3.213e-01  3.295e-01  3.373e-01  3.444e-01  3.508e-01 	
 2.013e-04  8.467e-04  2.320e-03  4.141e-03  6.434e-03  9.200e-03  1.244e-02  1.616e-02  2.037e-02  2.508e-02  3.029e-02  3.603e-02  4.230e-02  4.911e-02  5.645e-02  6.434e-02  7.273e-02  8.163e-02  9.099e-02  1.008e-01  1.110e-01  1.215e-01  1.323e-01  1.434e-01  1.546e-01  1.660e-01  1.776e-01  1.892e-01  2.008e-01  2.124e-01  2.240e-01  2.355e-01  2.469e-01  2.583e-01  2.694e-01  2.805e-01  2.914e-01  3.021e-01  3.126e-01  3.229e-01  3.330e-01  3.429e-01  3.526e-01  3.619e-01  3.710e-01  3.797e-01  3.879e-01  3.956e-01  4.025e-01  4.085e-01 	
 2.865e-04  1.223e-03  3.118e-03  5.524e-03  8.557e-03  1.222e-02  1.652e-02  2.146e-02  2.707e-02  3.337e-02  4.036e-02  4.807e-02  5.649e-02  6.563e-02  7.544e-02  8.590e-02  9.695e-02  1.085e-01  1.206e-01  1.330e-01  1.458e-01  1.588e-01  1.720e-01  1.854e-01  1.987e-01  2.121e-01  2.255e-01  2.387e-01  2.518e-01  2.648e-01  2.775e-01  2.901e-01  3.024e-01  3.144e-01  3.262e-01  3.378e-01  3.491e-01  3.601e-01  3.708e-01  3.812e-01  3.913e-01  4.012e-01  4.107e-01  4.199e-01  4.287e-01  4.371e-01  4.449e-01  4.522e-01  4.586e-01  4.641e-01 	
 4.037e-04  1.716e-03  4.177e-03  7.359e-03  1.137e-02  1.623e-02  2.195e-02  2.855e-02  3.606e-02  4.451e-02  5.391e-02  6.426e-02  7.551e-02  8.761e-02  1.005e-01  1.140e-01  1.282e-01  1.427e-01  1.577e-01  1.729e-01  1.882e-01  2.036e-01  2.190e-01  2.343e-01  2.494e-01  2.643e-01  2.790e-01  2.934e-01  3.074e-01  3.212e-01  3.346e-01  3.476e-01  3.602e-01  3.725e-01  3.844e-01  3.959e-01  4.071e-01  4.179e-01  4.283e-01  4.384e-01  4.481e-01  4.574e-01  4.664e-01  4.750e-01  4.831e-01  4.908e-01  4.980e-01  5.045e-01  5.103e-01  5.151e-01 	
 5.649e-04  2.366e-03  5.582e-03  9.794e-03  1.512e-02  2.158e-02  2.921e-02  3.806e-02  4.816e-02  5.951e-02  7.209e-02  8.582e-02  1.006e-01  1.162e-01  1.326e-01  1.496e-01  1.669e-01  1.845e-01  2.022e-01  2.199e-01  2.374e-01  2.548e-01  2.718e-01  2.885e-01  3.048e-01  3.206e-01  3.360e-01  3.509e-01  3.653e-01  3.793e-01  3.927e-01  4.056e-01  4.180e-01  4.300e-01  4.414e-01  4.524e-01  4.630e-01  4.731e-01  4.828e-01  4.920e-01  5.009e-01  5.094e-01  5.174e-01  5.250e-01  5.322e-01  5.389e-01  5.451e-01  5.507e-01  5.556e-01  5.595e-01 	
 7.863e-04  3.228e-03  7.448e-03  1.303e-02  2.010e-02  2.873e-02  3.897e-02  5.087e-02  6.442e-02  7.956e-02  9.613e-02  1.139e-01  1.327e-01  1.523e-01  1.723e-01  1.926e-01  2.130e-01  2.332e-01  2.532e-01  2.728e-01  2.920e-01  3.106e-01  3.286e-01  3.460e-01  3.627e-01  3.788e-01  3.942e-01  4.090e-01  4.231e-01  4.366e-01  4.494e-01  4.617e-01  4.734e-01  4.845e-01  4.950e-01  5.050e-01  5.146e-01  5.236e-01  5.321e-01  5.402e-01  5.479e-01  5.551e-01  5.619e-01  5.683e-01  5.743e-01  5.797e-01  5.847e-01  5.892e-01  5.930e-01  5.961e-01 	
 1.089e-03  4.372e-03  9.929e-03  1.734e-02  2.678e-02  3.836e-02  5.213e-02  6.807e-02  8.607e-02  1.059e-01  1.271e-01  1.494e-01  1.724e-01  1.958e-01  2.192e-01  2.424e-01  2.652e-01  2.874e-01  3.089e-01  3.296e-01  3.495e-01  3.686e-01  3.867e-01  4.040e-01  4.205e-01  4.361e-01  4.509e-01  4.649e-01  4.781e-01  4.906e-01  5.024e-01  5.135e-01  5.239e-01  5.337e-01  5.430e-01  5.516e-01  5.597e-01  5.673e-01  5.744e-01  5.811e-01  5.872e-01  5.930e-01  5.984e-01  6.033e-01  6.078e-01  6.120e-01  6.157e-01  6.190e-01  6.217e-01  6.240e-01 	
 1.501e-03  5.895e-03  1.323e-02  2.311e-02  3.577e-02  5.134e-02  6.978e-02  9.089e-02  1.143e-01  1.393e-01  1.656e-01  1.924e-01  2.193e-01  2.459e-01  2.720e-01  2.972e-01  3.215e-01  3.447e-01  3.668e-01  3.877e-01  4.075e-01  4.261e-01  4.437e-01  4.602e-01  4.756e-01  4.901e-01  5.036e-01  5.163e-01  5.280e-01  5.390e-01  5.492e-01  5.587e-01  5.675e-01  5.757e-01  5.832e-01  5.902e-01  5.966e-01  6.025e-01  6.079e-01  6.129e-01  6.175e-01  6.217e-01  6.254e-01  6.289e-01  6.320e-01  6.348e-01  6.372e-01  6.394e-01  6.412e-01  6.427e-01 	
 2.059e-03  7.925e-03  1.765e-02  3.088e-02  4.791e-02  6.877e-02  9.316e-02  1.204e-01  1.498e-01  1.804e-01  2.113e-01  2.421e-01  2.721e-01  3.010e-01  3.287e-01  3.549e-01  3.796e-01  4.027e-01  4.244e-01  4.446e-01  4.634e-01  4.809e-01  4.971e-01  5.120e-01  5.258e-01  5.386e-01  5.503e-01  5.610e-01  5.709e-01  5.799e-01  5.882e-01  5.957e-01  6.026e-01  6.088e-01  6.144e-01  6.195e-01  6.240e-01  6.281e-01  6.318e-01  6.351e-01  6.380e-01  6.406e-01  6.429e-01  6.450e-01  6.468e-01  6.483e-01  6.497e-01  6.509e-01  6.520e-01  6.530e-01 	
 2.815e-03  1.064e-02  2.359e-02  4.136e-02  6.423e-02  9.187e-02  1.234e-01  1.574e-01  1.928e-01  2.284e-01  2.633e-01  2.969e-01  3.288e-01  3.589e-01  3.869e-01  4.129e-01  4.369e-01  4.591e-01  4.794e-01  4.981e-01  5.151e-01  5.306e-01  5.447e-01  5.575e-01  5.691e-01  5.796e-01  5.890e-01  5.975e-01  6.051e-01  6.119e-01  6.179e-01  6.233e-01  6.280e-01  6.322e-01  6.358e-01  6.390e-01  6.418e-01  6.442e-01  6.462e-01  6.480e-01  6.495e-01  6.508e-01  6.519e-01  6.528e-01  6.536e-01  6.543e-01  6.549e-01  6.555e-01  6.561e-01  6.569e-01 	
 3.839e-03  1.428e-02  3.161e-02  5.552e-02  8.594e-02  1.217e-01  1.610e-01  2.018e-01  2.426e-01  2.821e-01  3.196e-01  3.546e-01  3.871e-01  4.169e-01  4.440e-01  4.687e-01  4.911e-01  5.112e-01  5.294e-01  5.456e-01  5.601e-01  5.731e-01  5.846e-01  5.947e-01  6.037e-01  6.115e-01  6.184e-01  6.244e-01  6.295e-01  6.340e-01  6.378e-01  6.410e-01  6.438e-01  6.461e-01  6.480e-01  6.496e-01  6.509e-01  6.520e-01  6.528e-01  6.535e-01  6.540e-01  6.545e-01  6.548e-01  6.551e-01  6.553e-01  6.556e-01  6.559e-01  6.562e-01  6.568e-01  6.576e-01 	
 5.226e-03  1.920e-02  4.246e-02  7.446e-02  1.142e-01  1.589e-01  2.059e-01  2.526e-01  2.974e-01  3.393e-01  3.777e-01  4.127e-01  4.442e-01  4.724e-01  4.976e-01  5.199e-01  5.396e-01  5.569e-01  5.720e-01  5.853e-01  5.967e-01  6.066e-01  6.151e-01  6.223e-01  6.285e-01  6.336e-01  6.379e-01  6.415e-01  6.444e-01  6.468e-01  6.487e-01  6.503e-01  6.515e-01  6.524e-01  6.531e-01  6.536e-01  6.540e-01  6.543e-01  6.545e-01  6.547e-01  6.548e-01  6.549e-01  6.551e-01  6.552e-01  6.554e-01  6.557e-01  6.560e-01  6.566e-01  6.573e-01  6.583e-01 	
 7.108e-03  2.586e-02  5.711e-02  9.937e-02  1.496e-01  2.035e-01  2.571e-01  3.081e-01  3.551e-01  3.975e-01  4.352e-01  4.686e-01  4.978e-01  5.232e-01  5.453e-01  5.643e-01  5.805e-01  5.943e-01  6.060e-01  6.158e-01  6.239e-01  6.306e-01  6.361e-01  6.405e-01  6.440e-01  6.468e-01  6.490e-01  6.506e-01  6.519e-01  6.528e-01  6.535e-01  6.539e-01  6.543e-01  6.545e-01  6.547e-01  6.548e-01  6.550e-01  6.551e-01  6.553e-01  6.555e-01  6.558e-01  6.561e-01  6.564e-01  6.569e-01  6.574e-01  6.580e-01  6.587e-01  6.595e-01  6.605e-01  6.618e-01 	
 9.667e-03  3.489e-02  7.667e-02  1.312e-01  1.924e-01  2.544e-01  3.129e-01  3.660e-01  4.131e-01  4.542e-01  4.896e-01  5.199e-01  5.456e-01  5.672e-01  5.853e-01  6.003e-01  6.126e-01  6.226e-01  6.306e-01  6.370e-01  6.419e-01  6.458e-01  6.487e-01  6.508e-01  6.524e-01  6.535e-01  6.543e-01  6.548e-01  6.552e-01  6.554e-01  6.556e-01  6.558e-01  6.560e-01  6.562e-01  6.565e-01  6.568e-01  6.572e-01  6.577e-01  6.583e-01  6.589e-01  6.596e-01  6.603e-01  6.612e-01  6.621e-01  6.630e-01  6.641e-01  6.652e-01  6.664e-01  6.677e-01  6.691e-01 	
 1.315e-02  4.713e-02  1.023e-01  1.703e-01  2.419e-01  3.099e-01  3.709e-01  4.239e-01  4.690e-01  5.070e-01  5.386e-01  5.646e-01  5.858e-01  6.029e-01  6.165e-01  6.272e-01  6.354e-01  6.417e-01  6.464e-01  6.499e-01  6.524e-01  6.541e-01  6.553e-01  6.560e-01  6.566e-01  6.569e-01  6.572e-01  6.574e-01  6.577e-01  6.580e-01  6.584e-01  6.589e-01  6.595e-01  6.601e-01  6.609e-01  6.618e-01  6.627e-01  6.637e-01  6.648e-01  6.660e-01  6.672e-01  6.685e-01  6.698e-01  6.712e-01  6.726e-01  6.740e-01  6.754e-01  6.769e-01  6.783e-01  6.798e-01 	
 1.789e-02  6.356e-02  1.347e-01  2.165e-01  2.964e-01  3.678e-01  4.286e-01  4.792e-01  5.205e-01  5.538e-01  5.803e-01  6.011e-01  6.171e-01  6.293e-01  6.384e-01  6.450e-01  6.497e-01  6.530e-01  6.552e-01  6.566e-01  6.575e-01  6.581e-01  6.585e-01  6.588e-01  6.591e-01  6.595e-01  6.600e-01  6.605e-01  6.612e-01  6.621e-01  6.630e-01  6.641e-01  6.652e-01  6.665e-01  6.678e-01  6.693e-01  6.708e-01  6.723e-01  6.739e-01  6.755e-01  6.772e-01  6.788e-01  6.805e-01  6.822e-01  6.839e-01  6.855e-01  6.872e-01  6.888e-01  6.903e-01  6.918e-01 	
 2.432e-02  8.528e-02  1.744e-01  2.685e-01  3.538e-01  4.255e-01  4.837e-01  5.297e-01  5.655e-01  5.929e-01  6.134e-01  6.285e-01  6.393e-01  6.468e-01  6.519e-01  6.552e-01  6.573e-01  6.586e-01  6.593e-01  6.598e-01  6.601e-01  6.604e-01  6.609e-01  6.614e-01  6.621e-01  6.630e-01  6.641e-01  6.652e-01  6.666e-01  6.680e-01  6.696e-01  6.713e-01  6.730e-01  6.748e-01  6.767e-01  6.785e-01  6.804e-01  6.824e-01  6.843e-01  6.862e-01  6.882e-01  6.901e-01  6.919e-01  6.938e-01  6.956e-01  6.974e-01  6.991e-01  7.008e-01  7.023e-01  7.038e-01 	
 3.303e-02  1.133e-01  2.209e-01  3.245e-01  4.117e-01  4.808e-01  5.337e-01  5.733e-01  6.023e-01  6.230e-01  6.374e-01  6.470e-01  6.532e-01  6.570e-01  6.592e-01  6.604e-01  6.611e-01  6.615e-01  6.618e-01  6.623e-01  6.628e-01  6.636e-01  6.647e-01  6.659e-01  6.673e-01  6.689e-01  6.706e-01  6.724e-01  6.744e-01  6.764e-01  6.785e-01  6.807e-01  6.828e-01  6.850e-01  6.872e-01  6.894e-01  6.915e-01  6.937e-01  6.958e-01  6.979e-01  6.999e-01  7.019e-01  7.039e-01  7.058e-01  7.076e-01  7.094e-01  7.111e-01  7.128e-01  7.143e-01  7.158e-01 	
 4.473e-02  1.482e-01  2.730e-01  3.823e-01  4.677e-01  5.312e-01  5.768e-01  6.087e-01  6.302e-01  6.442e-01  6.528e-01  6.579e-01  6.608e-01  6.622e-01  6.629e-01  6.634e-01  6.639e-01  6.645e-01  6.653e-01  6.664e-01  6.678e-01  6.694e-01  6.712e-01  6.732e-01  6.754e-01  6.776e-01  6.800e-01  6.824e-01  6.848e-01  6.873e-01  6.898e-01  6.922e-01  6.946e-01  6.970e-01  6.993e-01  7.016e-01  7.039e-01  7.061e-01  7.082e-01  7.103e-01  7.123e-01  7.143e-01  7.162e-01  7.181e-01  7.198e-01  7.216e-01  7.232e-01  7.248e-01  7.262e-01  7.276e-01 	
 6.032e-02  1.900e-01  3.288e-01  4.394e-01  5.195e-01  5.748e-01  6.115e-01  6.349e-01  6.491e-01  6.571e-01  6.613e-01  6.634e-01  6.643e-01  6.649e-01  6.655e-01  6.662e-01  6.673e-01  6.688e-01  6.705e-01  6.726e-01  6.748e-01  6.773e-01  6.799e-01  6.826e-01  6.853e-01  6.881e-01  6.909e-01  6.937e-01  6.964e-01  6.991e-01  7.017e-01  7.043e-01  7.068e-01  7.092e-01  7.116e-01  7.139e-01  7.161e-01  7.183e-01  7.204e-01  7.224e-01  7.243e-01  7.262e-01  7.280e-01  7.298e-01  7.314e-01  7.330e-01  7.346e-01  7.360e-01  7.374e-01  7.386e-01 	
 8.075e-02  2.380e-01  3.862e-01  4.935e-01  5.650e-01  6.103e-01  6.373e-01  6.524e-01  6.601e-01  6.637e-01  6.652e-01  6.658e-01  6.664e-01  6.672e-01  6.685e-01  6.702e-01  6.723e-01  6.747e-01  6.775e-01  6.804e-01  6.834e-01  6.865e-01  6.897e-01  6.928e-01  6.960e-01  6.990e-01  7.020e-01  7.049e-01  7.078e-01  7.105e-01  7.132e-01  7.157e-01  7.182e-01  7.206e-01  7.229e-01  7.251e-01  7.272e-01  7.293e-01  7.313e-01  7.332e-01  7.350e-01  7.367e-01  7.384e-01  7.401e-01  7.416e-01  7.431e-01  7.445e-01  7.459e-01  7.472e-01  7.483e-01 	
 1.069e-01  2.908e-01  4.428e-01  5.425e-01  6.028e-01  6.368e-01  6.544e-01  6.626e-01  6.658e-01  6.669e-01  6.675e-01  6.682e-01  6.695e-01  6.713e-01  6.737e-01  6.766e-01  6.797e-01  6.831e-01  6.866e-01  6.902e-01  6.938e-01  6.973e-01  7.008e-01  7.041e-01  7.074e-01  7.106e-01  7.136e-01  7.165e-01  7.193e-01  7.220e-01  7.246e-01  7.271e-01  7.294e-01  7.317e-01  7.339e-01  7.360e-01  7.380e-01  7.399e-01  7.417e-01  7.435e-01  7.452e-01  7.468e-01  7.484e-01  7.498e-01  7.513e-01  7.526e-01  7.539e-01  7.552e-01  7.563e-01  7.574e-01 	
 1.396e-01  3.464e-01  4.964e-01  5.847e-01  6.321e-01  6.550e-01  6.647e-01  6.681e-01  6.691e-01  6.697e-01  6.708e-01  6.727e-01  6.753e-01  6.785e-01  6.821e-01  6.859e-01  6.899e-01  6.939e-01  6.979e-01  7.019e-01  7.057e-01  7.093e-01  7.129e-01  7.162e-01  7.195e-01  7.225e-01  7.255e-01  7.283e-01  7.309e-01  7.335e-01  7.359e-01  7.382e-01  7.404e-01  7.425e-01  7.444e-01  7.464e-01  7.482e-01  7.499e-01  7.516e-01  7.532e-01  7.547e-01  7.562e-01  7.576e-01  7.589e-01  7.602e-01  7.614e-01  7.626e-01  7.637e-01  7.648e-01  7.658e-01 	
 1.789e-01  4.028e-01  5.450e-01  6.189e-01  6.530e-01  6.664e-01  6.707e-01  6.719e-01  6.727e-01  6.743e-01  6.768e-01  6.802e-01  6.841e-01  6.885e-01  6.929e-01  6.974e-01  7.019e-01  7.062e-01  7.104e-01  7.144e-01  7.181e-01  7.217e-01  7.251e-01  7.284e-01  7.314e-01  7.343e-01  7.370e-01  7.396e-01  7.420e-01  7.443e-01  7.465e-01  7.486e-01  7.506e-01  7.525e-01  7.543e-01  7.560e-01  7.576e-01  7.592e-01  7.607e-01  7.621e-01  7.635e-01  7.648e-01  7.660e-01  7.672e-01  7.684e-01  7.695e-01  7.705e-01  7.715e-01  7.724e-01  7.733e-01 	
 2.244e-01  4.579e-01  5.872e-01  6.450e-01  6.670e-01  6.736e-01  6.753e-01  6.764e-01  6.784e-01  6.816e-01  6.857e-01  6.903e-01  6.952e-01  7.002e-01  7.051e-01  7.098e-01  7.143e-01  7.186e-01  7.227e-01  7.265e-01  7.300e-01  7.334e-01  7.365e-01  7.395e-01  7.423e-01  7.449e-01  7.474e-01  7.497e-01  7.519e-01  7.540e-01  7.560e-01  7.578e-01  7.596e-01  7.613e-01  7.629e-01  7.644e-01  7.659e-01  7.673e-01  7.686e-01  7.699e-01  7.711e-01  7.723e-01  7.734e-01  7.744e-01  7.755e-01  7.764e-01  7.774e-01  7.783e-01  7.791e-01  7.800e-01 	
 2.753e-01  5.100e-01  6.220e-01  6.637e-01  6.762e-01  6.792e-01  6.807e-01  6.831e-01  6.869e-01  6.916e-01  6.968e-01  7.022e-01  7.076e-01  7.128e-01  7.178e-01  7.224e-01  7.268e-01  7.308e-01  7.346e-01  7.381e-01  7.414e-01  7.445e-01  7.473e-01  7.500e-01  7.525e-01  7.548e-01  7.570e-01  7.591e-01  7.611e-01  7.629e-01  7.647e-01  7.663e-01  7.679e-01  7.694e-01  7.708e-01  7.722e-01  7.735e-01  7.747e-01  7.759e-01  7.770e-01  7.781e-01  7.791e-01  7.801e-01  7.811e-01  7.820e-01  7.828e-01  7.837e-01  7.845e-01  7.853e-01  7.860e-01 	
 3.302e-01  5.576e-01  6.494e-01  6.768e-01  6.833e-01  6.854e-01  6.882e-01  6.925e-01  6.978e-01  7.036e-01  7.094e-01  7.152e-01  7.206e-01  7.257e-01  7.304e-01  7.347e-01  7.387e-01  7.424e-01  7.458e-01  7.490e-01  7.519e-01  7.547e-01  7.572e-01  7.596e-01  7.618e-01  7.638e-01  7.658e-01  7.676e-01  7.694e-01  7.710e-01  7.726e-01  7.740e-01  7.754e-01  7.767e-01  7.780e-01  7.792e-01  7.803e-01  7.814e-01  7.825e-01  7.835e-01  7.844e-01  7.853e-01  7.862e-01  7.870e-01  7.879e-01  7.886e-01  7.894e-01  7.901e-01  7.908e-01  7.914e-01 	
 3.877e-01  5.996e-01  6.702e-01  6.867e-01  6.905e-01  6.937e-01  6.984e-01  7.042e-01  7.104e-01  7.167e-01  7.226e-01  7.282e-01  7.333e-01  7.380e-01  7.422e-01  7.461e-01  7.497e-01  7.530e-01  7.560e-01  7.588e-01  7.614e-01  7.638e-01  7.660e-01  7.681e-01  7.700e-01  7.718e-01  7.735e-01  7.751e-01  7.767e-01  7.781e-01  7.795e-01  7.808e-01  7.820e-01  7.832e-01  7.843e-01  7.853e-01  7.863e-01  7.873e-01  7.882e-01  7.891e-01  7.899e-01  7.908e-01  7.915e-01  7.923e-01  7.930e-01  7.937e-01  7.943e-01  7.950e-01  7.956e-01  7.962e-01 	
 4.461e-01  6.355e-01  6.862e-01  6.957e-01  6.996e-01  7.046e-01  7.109e-01  7.177e-01  7.242e-01  7.304e-01  7.360e-01  7.411e-01  7.457e-01  7.498e-01  7.536e-01  7.570e-01  7.601e-01  7.629e-01  7.655e-01  7.679e-01  7.701e-01  7.722e-01  7.741e-01  7.759e-01  7.776e-01  7.792e-01  7.807e-01  7.821e-01  7.834e-01  7.846e-01  7.858e-01  7.869e-01  7.880e-01  7.890e-01  7.900e-01  7.909e-01  7.918e-01  7.926e-01  7.934e-01  7.942e-01  7.949e-01  7.957e-01  7.963e-01  7.970e-01  7.976e-01  7.982e-01  7.988e-01  7.994e-01  7.999e-01  8.005e-01 	
 5.036e-01  6.652e-01  6.994e-01  7.057e-01  7.110e-01  7.179e-01  7.251e-01  7.321e-01  7.384e-01  7.440e-01  7.490e-01  7.534e-01  7.573e-01  7.608e-01  7.640e-01  7.668e-01  7.695e-01  7.719e-01  7.741e-01  7.761e-01  7.780e-01  7.797e-01  7.814e-01  7.829e-01  7.844e-01  7.857e-01  7.870e-01  7.882e-01  7.894e-01  7.904e-01  7.915e-01  7.924e-01  7.934e-01  7.943e-01  7.951e-01  7.959e-01  7.967e-01  7.974e-01  7.981e-01  7.988e-01  7.995e-01  8.001e-01  8.007e-01  8.012e-01  8.018e-01  8.023e-01  8.028e-01  8.033e-01  8.038e-01  8.044e-01 	
 5.569e-01  6.891e-01  7.114e-01  7.174e-01  7.245e-01  7.325e-01  7.400e-01  7.465e-01  7.522e-01  7.570e-01  7.612e-01  7.648e-01  7.680e-01  7.709e-01  7.735e-01  7.759e-01  7.780e-01  7.800e-01  7.819e-01  7.836e-01  7.851e-01  7.866e-01  7.880e-01  7.893e-01  7.905e-01  7.916e-01  7.927e-01  7.938e-01  7.947e-01  7.957e-01  7.966e-01  7.974e-01  7.982e-01  7.990e-01  7.997e-01  8.004e-01  8.011e-01  8.017e-01  8.023e-01  8.029e-01  8.035e-01  8.040e-01  8.045e-01  8.050e-01  8.055e-01  8.059e-01  8.064e-01  8.069e-01  8.073e-01  8.078e-01 	
 6.029e-01  7.079e-01  7.234e-01  7.306e-01  7.392e-01  7.475e-01  7.545e-01  7.603e-01  7.650e-01  7.689e-01  7.722e-01  7.751e-01  7.777e-01  7.800e-01  7.821e-01  7.840e-01  7.857e-01  7.873e-01  7.888e-01  7.902e-01  7.915e-01  7.927e-01  7.939e-01  7.950e-01  7.960e-01  7.970e-01  7.979e-01  7.988e-01  7.996e-01  8.004e-01  8.012e-01  8.019e-01  8.026e-01  8.032e-01  8.039e-01  8.045e-01  8.051e-01  8.056e-01  8.061e-01  8.066e-01  8.071e-01  8.076e-01  8.080e-01  8.085e-01  8.089e-01  8.093e-01  8.097e-01  8.101e-01  8.105e-01  8.109e-01 	
 6.409e-01  7.233e-01  7.362e-01  7.451e-01  7.543e-01  7.622e-01  7.683e-01  7.730e-01  7.767e-01  7.797e-01  7.822e-01  7.844e-01  7.863e-01  7.880e-01  7.896e-01  7.911e-01  7.925e-01  7.938e-01  7.949e-01  7.961e-01  7.971e-01  7.981e-01  7.991e-01  8.000e-01  8.008e-01  8.016e-01  8.024e-01  8.032e-01  8.039e-01  8.045e-01  8.052e-01  8.058e-01  8.064e-01  8.069e-01  8.075e-01  8.080e-01  8.085e-01  8.090e-01  8.094e-01  8.099e-01  8.103e-01  8.107e-01  8.111e-01  8.115e-01  8.118e-01  8.122e-01  8.125e-01  8.129e-01  8.133e-01  8.137e-01 	
 6.709e-01  7.370e-01  7.499e-01  7.601e-01  7.693e-01  7.763e-01  7.813e-01  7.849e-01  7.875e-01  7.896e-01  7.914e-01  7.929e-01  7.942e-01  7.955e-01  7.966e-01  7.977e-01  7.987e-01  7.997e-01  8.006e-01  8.015e-01  8.023e-01  8.031e-01  8.039e-01  8.046e-01  8.053e-01  8.060e-01  8.066e-01  8.072e-01  8.078e-01  8.084e-01  8.089e-01  8.094e-01  8.099e-01  8.104e-01  8.109e-01  8.113e-01  8.117e-01  8.122e-01  8.125e-01  8.129e-01  8.133e-01  8.136e-01  8.140e-01  8.143e-01  8.146e-01  8.149e-01  8.152e-01  8.155e-01  8.159e-01  8.162e-01 	
 6.943e-01  7.502e-01  7.642e-01  7.752e-01  7.839e-01  7.898e-01  7.936e-01  7.961e-01  7.978e-01  7.990e-01  8.000e-01  8.009e-01  8.017e-01  8.024e-01  8.031e-01  8.038e-01  8.045e-01  8.052e-01  8.058e-01  8.064e-01  8.071e-01  8.076e-01  8.082e-01  8.088e-01  8.093e-01  8.098e-01  8.103e-01  8.108e-01  8.113e-01  8.117e-01  8.122e-01  8.126e-01  8.130e-01  8.134e-01  8.138e-01  8.142e-01  8.145e-01  8.148e-01  8.152e-01  8.155e-01  8.158e-01  8.161e-01  8.164e-01  8.166e-01  8.169e-01  8.172e-01  8.174e-01  8.177e-01  8.180e-01  8.184e-01 	
 7.137e-01  7.637e-01  7.789e-01  7.900e-01  7.978e-01  8.025e-01  8.051e-01  8.065e-01  8.072e-01  8.077e-01  8.080e-01  8.082e-01  8.085e-01  8.088e-01  8.091e-01  8.095e-01  8.098e-01  8.102e-01  8.106e-01  8.110e-01  8.114e-01  8.118e-01  8.122e-01  8.126e-01  8.130e-01  8.134e-01  8.138e-01  8.142e-01  8.145e-01  8.149e-01  8.152e-01  8.156e-01  8.159e-01  8.162e-01  8.165e-01  8.168e-01  8.171e-01  8.174e-01  8.177e-01  8.179e-01  8.182e-01  8.184e-01  8.186e-01  8.189e-01  8.191e-01  8.193e-01  8.196e-01  8.198e-01  8.201e-01  8.204e-01 	
 7.307e-01  7.775e-01  7.935e-01  8.042e-01  8.109e-01  8.144e-01  8.158e-01  8.162e-01  8.160e-01  8.157e-01  8.153e-01  8.150e-01  8.147e-01  8.146e-01  8.145e-01  8.145e-01  8.146e-01  8.147e-01  8.149e-01  8.151e-01  8.153e-01  8.156e-01  8.158e-01  8.161e-01  8.164e-01  8.166e-01  8.169e-01  8.172e-01  8.175e-01  8.177e-01  8.180e-01  8.183e-01  8.185e-01  8.188e-01  8.190e-01  8.193e-01  8.195e-01  8.197e-01  8.199e-01  8.202e-01  8.204e-01  8.206e-01  8.207e-01  8.209e-01  8.211e-01  8.213e-01  8.215e-01  8.217e-01  8.220e-01  8.223e-01 	
 7.459e-01  7.913e-01  8.076e-01  8.175e-01  8.231e-01  8.254e-01  8.258e-01  8.251e-01  8.241e-01  8.230e-01  8.220e-01  8.212e-01  8.205e-01  8.199e-01  8.195e-01  8.192e-01  8.190e-01  8.189e-01  8.188e-01  8.188e-01  8.189e-01  8.189e-01  8.190e-01  8.192e-01  8.193e-01  8.195e-01  8.196e-01  8.198e-01  8.200e-01  8.202e-01  8.204e-01  8.206e-01  8.208e-01  8.210e-01  8.211e-01  8.213e-01  8.215e-01  8.217e-01  8.218e-01  8.220e-01  8.222e-01  8.223e-01  8.225e-01  8.226e-01  8.228e-01  8.229e-01  8.231e-01  8.233e-01  8.235e-01  8.238e-01 	
 7.599e-01  8.047e-01  8.209e-01  8.301e-01  8.346e-01  8.358e-01  8.352e-01  8.336e-01  8.318e-01  8.300e-01  8.284e-01  8.270e-01  8.258e-01  8.249e-01  8.241e-01  8.235e-01  8.230e-01  8.227e-01  8.224e-01  8.222e-01  8.221e-01  8.220e-01  8.220e-01  8.220e-01  8.220e-01  8.221e-01  8.221e-01  8.222e-01  8.223e-01  8.224e-01  8.226e-01  8.227e-01  8.228e-01  8.229e-01  8.231e-01  8.232e-01  8.233e-01  8.235e-01  8.236e-01  8.237e-01  8.238e-01  8.239e-01  8.241e-01  8.242e-01  8.243e-01  8.244e-01  8.246e-01  8.247e-01  8.250e-01  8.253e-01 	
 7.731e-01  8.175e-01  8.336e-01  8.420e-01  8.455e-01  8.457e-01  8.441e-01  8.417e-01  8.391e-01  8.367e-01  8.345e-01  8.326e-01  8.310e-01  8.296e-01  8.285e-01  8.276e-01  8.269e-01  8.263e-01  8.258e-01  8.255e-01  8.252e-01  8.250e-01  8.248e-01  8.247e-01  8.246e-01  8.246e-01  8.245e-01  8.246e-01  8.246e-01  8.246e-01  8.247e-01  8.247e-01  8.248e-01  8.249e-01  8.250e-01  8.250e-01  8.251e-01  8.252e-01  8.253e-01  8.254e-01  8.255e-01  8.255e-01  8.256e-01  8.257e-01  8.258e-01  8.259e-01  8.260e-01  8.262e-01  8.264e-01  8.267e-01 	
 7.856e-01  8.298e-01  8.456e-01  8.533e-01  8.559e-01  8.552e-01  8.527e-01  8.495e-01  8.461e-01  8.430e-01  8.402e-01  8.378e-01  8.357e-01  8.340e-01  8.326e-01  8.314e-01  8.304e-01  8.296e-01  8.289e-01  8.284e-01  8.279e-01  8.276e-01  8.273e-01  8.271e-01  8.269e-01  8.267e-01  8.266e-01  8.265e-01  8.265e-01  8.265e-01  8.264e-01  8.264e-01  8.265e-01  8.265e-01  8.265e-01  8.266e-01  8.266e-01  8.266e-01  8.267e-01  8.267e-01  8.268e-01  8.268e-01  8.269e-01  8.269e-01  8.270e-01  8.271e-01  8.272e-01  8.273e-01  8.275e-01  8.278e-01 	
 7.971e-01  8.412e-01  8.569e-01  8.640e-01  8.658e-01  8.642e-01  8.609e-01  8.568e-01  8.527e-01  8.490e-01  8.456e-01  8.427e-01  8.403e-01  8.382e-01  8.364e-01  8.350e-01  8.337e-01  8.327e-01  8.319e-01  8.311e-01  8.305e-01  8.300e-01  8.296e-01  8.293e-01  8.290e-01  8.288e-01  8.286e-01  8.284e-01  8.283e-01  8.282e-01  8.281e-01  8.281e-01  8.280e-01  8.280e-01  8.280e-01  8.280e-01  8.280e-01  8.280e-01  8.280e-01  8.280e-01  8.280e-01  8.280e-01  8.281e-01  8.281e-01  8.281e-01  8.282e-01  8.283e-01  8.284e-01  8.286e-01  8.289e-01 	
 8.077e-01  8.518e-01  8.675e-01  8.741e-01  8.752e-01  8.728e-01  8.686e-01  8.638e-01  8.590e-01  8.546e-01  8.507e-01  8.473e-01  8.445e-01  8.420e-01  8.400e-01  8.382e-01  8.368e-01  8.355e-01  8.345e-01  8.336e-01  8.329e-01  8.323e-01  8.317e-01  8.313e-01  8.309e-01  8.306e-01  8.303e-01  8.301e-01  8.299e-01  8.298e-01  8.296e-01  8.295e-01  8.294e-01  8.294e-01  8.293e-01  8.293e-01  8.292e-01  8.292e-01  8.292e-01  8.291e-01  8.291e-01  8.291e-01  8.291e-01  8.291e-01  8.291e-01  8.291e-01  8.292e-01  8.294e-01  8.296e-01  8.299e-01 	
 8.175e-01  8.615e-01  8.772e-01  8.834e-01  8.839e-01  8.809e-01  8.760e-01  8.704e-01  8.650e-01  8.600e-01  8.556e-01  8.517e-01  8.484e-01  8.457e-01  8.433e-01  8.413e-01  8.396e-01  8.381e-01  8.369e-01  8.359e-01  8.350e-01  8.343e-01  8.336e-01  8.331e-01  8.326e-01  8.322e-01  8.318e-01  8.315e-01  8.313e-01  8.311e-01  8.309e-01  8.307e-01  8.306e-01  8.305e-01  8.304e-01  8.303e-01  8.302e-01  8.302e-01  8.301e-01  8.300e-01  8.300e-01  8.299e-01  8.299e-01  8.299e-01  8.299e-01  8.299e-01  8.300e-01  8.302e-01  8.305e-01  8.310e-01 	
 8.273e-01  8.701e-01  8.856e-01  8.914e-01  8.915e-01  8.880e-01  8.826e-01  8.767e-01  8.709e-01  8.655e-01  8.607e-01  8.565e-01  8.529e-01  8.498e-01  8.472e-01  8.450e-01  8.430e-01  8.414e-01  8.400e-01  8.388e-01  8.378e-01  8.369e-01  8.361e-01  8.354e-01  8.349e-01  8.344e-01  8.339e-01  8.336e-01  8.332e-01  8.330e-01  8.327e-01  8.325e-01  8.323e-01  8.322e-01  8.320e-01  8.319e-01  8.318e-01  8.317e-01  8.316e-01  8.315e-01  8.315e-01  8.314e-01  8.314e-01  8.314e-01  8.315e-01  8.316e-01  8.317e-01  8.321e-01  8.326e-01  8.334e-01 	
