 1.000e-08  1.000e-08  1.000e-08  1.000e-08  1.000e-08  1.000e-08  1.000e-08  1.000e-08  1.000e-08  1.000e-08  1.000e-08  1.000e-08  1.000e-08  1.000e-08  1.499e-01  3.259e-01  4.647e-01  5.730e-01  6.578e-01  7.245e-01  7.769e-01  8.188e-01  8.524e-01  8.795e-01  9.019e-01  9.194e-01  9.344e-01  9.472e-01  9.576e-01  9.661e-01  9.734e-01  9.795e-01  9.848e-01  9.889e-01  9.926e-01  9.956e-01  9.979e-01  9.998e-01  9.900e-01  9.900e-01  9.900e-01  9.900e-01  9.900e-01  9.900e-01  9.900e-01  9.900e-01  9.900e-01  9.900e-01  9.900e-01  9.900e-01 	
 1.000e-08  1.000e-08  1.000e-08  1.000e-08  1.000e-08  1.000e-08  1.000e-08  1.000e-08  9.817e-02  2.589e-01  4.183e-01  5.575e-01  6.693e-01  7.541e-01  8.166e-01  8.613e-01  8.942e-01  9.180e-01  9.356e-01  9.489e-01  9.590e-01  9.667e-01  9.726e-01  9.773e-01  9.817e-01  9.847e-01  9.871e-01  9.891e-01  9.904e-01  9.921e-01  9.930e-01  9.937e-01  9.942e-01  9.943e-01  9.945e-01  9.942e-01  9.937e-01  9.931e-01  9.921e-01  9.911e-01  9.903e-01  9.895e-01  9.903e-01  9.918e-01  9.954e-01  9.900e-01  9.900e-01  9.900e-01  9.900e-01  9.900e-01 	
 1.000e-08  1.000e-08  1.000e-08  1.000e-08  1.000e-08  1.000e-08  3.072e-04  1.111e-01  2.564e-01  4.114e-01  5.528e-01  6.682e-01  7.562e-01  8.203e-01  8.665e-01  8.996e-01  9.237e-01  9.413e-01  9.549e-01  9.644e-01  9.716e-01  9.778e-01  9.825e-01  9.862e-01  9.892e-01  9.918e-01  9.936e-01  9.953e-01  9.969e-01  9.978e-01  9.987e-01  9.996e-01  9.900e-01  9.900e-01  9.900e-01  9.900e-01  9.900e-01  9.900e-01  9.900e-01  9.900e-01  9.987e-01  9.988e-01  9.989e-01  9.995e-01  9.900e-01  9.900e-01  9.900e-01  9.900e-01  9.900e-01  9.900e-01 	
 1.000e-08  1.000e-08  1.000e-08  1.000e-08  1.000e-08  1.000e-08  3.161e-02  1.758e-01  3.451e-01  5.066e-01  6.406e-01  7.418e-01  8.146e-01  8.660e-01  9.021e-01  9.275e-01  9.459e-01  9.589e-01  9.691e-01  9.767e-01  9.820e-01  9.868e-01  9.898e-01  9.927e-01  9.951e-01  9.967e-01  9.981e-01  9.993e-01  9.900e-01  9.900e-01  9.900e-01  9.900e-01  9.900e-01  9.900e-01  9.900e-01  9.900e-01  9.900e-01  9.900e-01  9.900e-01  9.900e-01  9.900e-01  9.900e-01  9.900e-01  9.900e-01  9.900e-01  9.900e-01  9.900e-01  9.900e-01  9.900e-01  9.900e-01 	
 1.000e-08  1.000e-08  1.000e-08  1.000e-08  1.000e-08  1.000e-08  1.105e-01  2.882e-01  4.687e-01  6.208e-01  7.352e-01  8.161e-01  8.714e-01  9.091e-01  9.356e-01  9.534e-01  9.656e-01  9.752e-01  9.819e-01  9.872e-01  9.911e-01  9.942e-01  9.964e-01  9.982e-01  9.997e-01  9.900e-01  9.900e-01  9.900e-01  9.900e-01  9.900e-01  9.900e-01  9.900e-01  9.900e-01  9.900e-01  9.900e-01  9.900e-01  9.900e-01  9.900e-01  9.900e-01  9.900e-01  9.900e-01  9.900e-01  9.900e-01  9.900e-01  9.900e-01  9.900e-01  9.900e-01  9.900e-01  9.900e-01  9.900e-01 	
 1.000e-08  1.000e-08  1.000e-08  1.000e-08  1.000e-08  4.765e-02  2.236e-01  4.202e-01  5.933e-01  7.242e-01  8.149e-01  8.753e-01  9.146e-01  9.421e-01  9.599e-01  9.722e-01  9.806e-01  9.868e-01  9.915e-01  9.951e-01  9.975e-01  9.995e-01  9.900e-01  9.900e-01  9.900e-01  9.900e-01  9.900e-01  9.900e-01  9.900e-01  9.900e-01  9.900e-01  9.900e-01  9.900e-01  9.900e-01  9.900e-01  9.900e-01  9.900e-01  9.900e-01  9.900e-01  9.900e-01  9.900e-01  9.900e-01  9.900e-01  9.900e-01  9.900e-01  9.900e-01  9.900e-01  9.900e-01  9.900e-01  9.900e-01 	
 1.000e-08  1.000e-08  1.000e-08  1.000e-08  1.000e-08  1.450e-01  3.523e-01  5.498e-01  7.025e-01  8.073e-01  8.750e-01  9.184e-01  9.467e-01  9.647e-01  9.770e-01  9.852e-01  9.913e-01  9.953e-01  9.984e-01  9.900e-01  9.900e-01  9.900e-01  9.900e-01  9.900e-01  9.900e-01  9.900e-01  9.900e-01  9.900e-01  9.900e-01  9.900e-01  9.900e-01  9.900e-01  9.900e-01  9.900e-01  9.900e-01  9.900e-01  9.900e-01  9.900e-01  9.900e-01  9.900e-01  9.900e-01  9.900e-01  9.900e-01  9.900e-01  9.900e-01  9.900e-01  9.900e-01  9.900e-01  9.900e-01  9.900e-01 	
 1.000e-08  1.000e-08  1.000e-08  1.000e-08  5.847e-02  2.613e-01  4.839e-01  6.656e-01  7.905e-01  8.703e-01  9.194e-01  9.495e-01  9.687e-01  9.811e-01  9.892e-01  9.947e-01  9.986e-01  9.900e-01  9.900e-01  9.900e-01  9.900e-01  9.900e-01  9.900e-01  9.900e-01  9.900e-01  9.900e-01  9.900e-01  9.900e-01  9.900e-01  9.900e-01  9.900e-01  9.900e-01  9.900e-01  9.900e-01  9.900e-01  9.900e-01  9.900e-01  9.900e-01  9.900e-01  9.900e-01  9.900e-01  9.900e-01  9.900e-01  9.900e-01  9.900e-01  9.900e-01  9.900e-01  9.900e-01  9.900e-01  9.900e-01 	
 1.000e-08  1.000e-08  1.000e-08  1.000e-08  1.502e-01  3.886e-01  6.068e-01  7.617e-01  8.588e-01  9.164e-01  9.505e-01  9.712e-01  9.842e-01  9.925e-01  9.978e-01  9.900e-01  9.900e-01  9.900e-01  9.900e-01  9.900e-01  9.900e-01  9.900e-01  9.900e-01  9.900e-01  9.900e-01  9.900e-01  9.900e-01  9.900e-01  9.900e-01  9.900e-01  9.900e-01  9.900e-01  9.900e-01  9.900e-01  9.900e-01  9.900e-01  9.900e-01  9.900e-01  9.900e-01  9.900e-01  9.900e-01  9.900e-01  9.900e-01  9.900e-01  9.900e-01  9.900e-01  9.900e-01  9.900e-01  9.900e-01  9.900e-01 	
 1.000e-08  1.000e-08  1.000e-08  3.850e-02  2.609e-01  5.165e-01  7.133e-01  8.369e-01  9.083e-01  9.492e-01  9.726e-01  9.865e-01  9.951e-01  9.900e-01  9.900e-01  9.900e-01  9.900e-01  9.900e-01  9.900e-01  9.900e-01  9.900e-01  9.900e-01  9.900e-01  9.900e-01  9.900e-01  9.900e-01  9.900e-01  9.900e-01  9.900e-01  9.900e-01  9.900e-01  9.900e-01  9.900e-01  9.900e-01  9.900e-01  9.900e-01  9.900e-01  9.900e-01  9.900e-01  9.900e-01  9.900e-01  9.900e-01  9.900e-01  9.900e-01  9.900e-01  9.900e-01  9.995e-01  9.989e-01  9.979e-01  9.975e-01 	
 1.000e-08  1.000e-08  1.000e-08  1.138e-01  3.837e-01  6.349e-01  8.001e-01  8.931e-01  9.442e-01  9.721e-01  9.880e-01  9.965e-01  9.900e-01  9.900e-01  9.900e-01  9.900e-01  9.900e-01  9.900e-01  9.900e-01  9.900e-01  9.900e-01  9.900e-01  9.900e-01  9.900e-01  9.900e-01  9.900e-01  9.900e-01  9.900e-01  9.900e-01  9.900e-01  9.900e-01  9.900e-01  9.900e-01  9.900e-01  9.900e-01  9.900e-01  9.900e-01  9.900e-01  9.900e-01  9.900e-01  9.900e-01  9.900e-01  9.900e-01  9.900e-01  9.900e-01  9.995e-01  9.991e-01  9.986e-01  9.973e-01  9.960e-01 	
 1.000e-08  1.000e-08  1.000e-08  2.094e-01  5.088e-01  7.362e-01  8.664e-01  9.342e-01  9.693e-01  9.878e-01  9.985e-01  9.900e-01  9.900e-01  9.900e-01  9.900e-01  9.900e-01  9.900e-01  9.900e-01  9.900e-01  9.900e-01  9.900e-01  9.900e-01  9.900e-01  9.900e-01  9.900e-01  9.900e-01  9.900e-01  9.900e-01  9.900e-01  9.900e-01  9.900e-01  9.900e-01  9.900e-01  9.900e-01  9.900e-01  9.900e-01  9.900e-01  9.900e-01  9.900e-01  9.900e-01  9.900e-01  9.900e-01  9.900e-01  9.900e-01  9.900e-01  9.992e-01  9.988e-01  9.980e-01  9.968e-01  9.953e-01 	
 1.000e-08  1.000e-08  4.242e-02  3.213e-01  6.261e-01  8.176e-01  9.153e-01  9.628e-01  9.860e-01  9.987e-01  9.900e-01  9.900e-01  9.900e-01  9.900e-01  9.900e-01  9.900e-01  9.900e-01  9.900e-01  9.900e-01  9.900e-01  9.900e-01  9.900e-01  9.900e-01  9.900e-01  9.900e-01  9.900e-01  9.900e-01  9.900e-01  9.900e-01  9.900e-01  9.900e-01  9.900e-01  9.900e-01  9.900e-01  9.900e-01  9.900e-01  9.900e-01  9.996e-01  9.900e-01  9.900e-01  9.996e-01  9.996e-01  9.996e-01  9.996e-01  9.992e-01  9.992e-01  9.985e-01  9.978e-01  9.970e-01  9.956e-01 	
 1.000e-08  1.000e-08  1.060e-01  4.415e-01  7.276e-01  8.797e-01  9.499e-01  9.823e-01  9.972e-01  9.900e-01  9.900e-01  9.900e-01  9.900e-01  9.900e-01  9.900e-01  9.900e-01  9.900e-01  9.900e-01  9.900e-01  9.900e-01  9.900e-01  9.900e-01  9.900e-01  9.900e-01  9.900e-01  9.900e-01  9.900e-01  9.900e-01  9.900e-01  9.900e-01  9.900e-01  9.996e-01  9.996e-01  9.996e-01  9.996e-01  9.996e-01  9.992e-01  9.996e-01  9.992e-01  9.992e-01  9.996e-01  9.996e-01  9.996e-01  9.993e-01  9.996e-01  9.989e-01  9.986e-01  9.982e-01  9.975e-01  9.958e-01 	
 1.000e-08  1.000e-08  1.889e-01  5.598e-01  8.104e-01  9.252e-01  9.744e-01  9.947e-01  9.900e-01  9.900e-01  9.900e-01  9.900e-01  9.900e-01  9.900e-01  9.900e-01  9.900e-01  9.900e-01  9.900e-01  9.900e-01  9.900e-01  9.900e-01  9.900e-01  9.900e-01  9.900e-01  9.900e-01  9.900e-01  9.900e-01  9.996e-01  9.996e-01  9.996e-01  9.996e-01  9.996e-01  9.992e-01  9.992e-01  9.992e-01  9.993e-01  9.989e-01  9.993e-01  9.993e-01  9.993e-01  9.996e-01  9.996e-01  9.993e-01  9.996e-01  9.993e-01  9.993e-01  9.990e-01  9.986e-01  9.979e-01  9.965e-01 	
 1.000e-08  2.643e-03  2.882e-01  6.678e-01  8.741e-01  9.576e-01  9.893e-01  9.900e-01  9.900e-01  9.900e-01  9.900e-01  9.900e-01  9.900e-01  9.900e-01  9.900e-01  9.900e-01  9.900e-01  9.900e-01  9.900e-01  9.900e-01  9.900e-01  9.900e-01  9.900e-01  9.996e-01  9.991e-01  9.992e-01  9.992e-01  9.988e-01  9.992e-01  9.989e-01  9.989e-01  9.993e-01  9.993e-01  9.989e-01  9.989e-01  9.993e-01  9.993e-01  9.993e-01  9.993e-01  9.996e-01  9.996e-01  9.997e-01  9.997e-01  9.997e-01  9.997e-01  9.997e-01  9.993e-01  9.990e-01  9.983e-01  9.972e-01 	
 1.000e-08  3.411e-02  3.979e-01  7.596e-01  9.203e-01  9.783e-01  9.990e-01  9.900e-01  9.900e-01  9.900e-01  9.900e-01  9.900e-01  9.900e-01  9.900e-01  9.900e-01  9.900e-01  9.900e-01  9.900e-01  9.900e-01  9.995e-01  9.991e-01  9.987e-01  9.988e-01  9.992e-01  9.988e-01  9.988e-01  9.989e-01  9.989e-01  9.989e-01  9.989e-01  9.989e-01  9.989e-01  9.989e-01  9.993e-01  9.993e-01  9.993e-01  9.996e-01  9.996e-01  9.993e-01  9.996e-01  9.996e-01  9.996e-01  9.900e-01  9.900e-01  9.996e-01  9.996e-01  9.996e-01  9.993e-01  9.986e-01  9.979e-01 	
 1.000e-08  7.967e-02  5.093e-01  8.334e-01  9.534e-01  9.913e-01  9.900e-01  9.900e-01  9.900e-01  9.900e-01  9.900e-01  9.900e-01  9.900e-01  9.900e-01  9.900e-01  9.900e-01  9.990e-01  9.991e-01  9.987e-01  9.988e-01  9.984e-01  9.984e-01  9.985e-01  9.985e-01  9.985e-01  9.989e-01  9.989e-01  9.989e-01  9.989e-01  9.993e-01  9.993e-01  9.993e-01  9.993e-01  9.993e-01  9.996e-01  9.996e-01  9.996e-01  9.996e-01  9.996e-01  9.900e-01  9.900e-01  9.996e-01  9.996e-01  9.900e-01  9.900e-01  9.996e-01  9.996e-01  9.993e-01  9.989e-01  9.982e-01 	
 1.000e-08  1.409e-01  6.142e-01  8.880e-01  9.743e-01  9.981e-01  9.900e-01  9.900e-01  9.900e-01  9.900e-01  9.900e-01  9.900e-01  9.900e-01  9.990e-01  9.986e-01  9.987e-01  9.979e-01  9.980e-01  9.980e-01  9.981e-01  9.981e-01  9.985e-01  9.986e-01  9.986e-01  9.986e-01  9.989e-01  9.989e-01  9.989e-01  9.989e-01  9.993e-01  9.993e-01  9.993e-01  9.993e-01  9.996e-01  9.993e-01  9.996e-01  9.900e-01  9.996e-01  9.900e-01  9.996e-01  9.996e-01  9.900e-01  9.900e-01  9.900e-01  9.996e-01  9.900e-01  9.996e-01  9.996e-01  9.993e-01  9.981e-01 	
 1.000e-08  2.169e-01  7.060e-01  9.276e-01  9.859e-01  9.900e-01  9.900e-01  9.900e-01  9.900e-01  9.900e-01  9.989e-01  9.985e-01  9.976e-01  9.978e-01  9.975e-01  9.972e-01  9.977e-01  9.977e-01  9.978e-01  9.978e-01  9.982e-01  9.982e-01  9.982e-01  9.989e-01  9.989e-01  9.989e-01  9.989e-01  9.993e-01  9.996e-01  9.993e-01  9.993e-01  9.993e-01  9.996e-01  9.993e-01  9.900e-01  9.996e-01  9.996e-01  9.996e-01  9.996e-01  9.996e-01  9.900e-01  9.996e-01  9.996e-01  9.900e-01  9.996e-01  9.900e-01  9.996e-01  9.996e-01  9.992e-01  9.989e-01 	
 3.442e-03  3.044e-01  7.823e-01  9.532e-01  9.915e-01  9.991e-01  9.900e-01  9.985e-01  9.975e-01  9.968e-01  9.966e-01  9.960e-01  9.962e-01  9.964e-01  9.965e-01  9.966e-01  9.971e-01  9.975e-01  9.979e-01  9.982e-01  9.982e-01  9.982e-01  9.986e-01  9.989e-01  9.989e-01  9.993e-01  9.993e-01  9.993e-01  9.993e-01  9.993e-01  9.996e-01  9.996e-01  9.996e-01  9.996e-01  9.996e-01  9.996e-01  9.996e-01  9.996e-01  9.996e-01  9.996e-01  9.900e-01  9.900e-01  9.900e-01  9.900e-01  9.900e-01  9.900e-01  9.996e-01  9.996e-01  9.992e-01  9.988e-01 	
 2.124e-02  3.979e-01  8.403e-01  9.685e-01  9.926e-01  9.962e-01  9.956e-01  9.952e-01  9.948e-01  9.944e-01  9.944e-01  9.948e-01  9.950e-01  9.955e-01  9.960e-01  9.968e-01  9.972e-01  9.972e-01  9.979e-01  9.982e-01  9.982e-01  9.986e-01  9.989e-01  9.986e-01  9.989e-01  9.989e-01  9.993e-01  9.993e-01  9.993e-01  9.993e-01  9.996e-01  9.996e-01  9.992e-01  9.996e-01  9.996e-01  9.996e-01  9.996e-01  9.996e-01  9.996e-01  9.900e-01  9.996e-01  9.900e-01  9.900e-01  9.900e-01  9.900e-01  9.900e-01  9.996e-01  9.996e-01  9.992e-01  9.992e-01 	
 4.696e-02  4.905e-01  8.834e-01  9.760e-01  9.907e-01  9.926e-01  9.923e-01  9.914e-01  9.919e-01  9.922e-01  9.930e-01  9.936e-01  9.945e-01  9.954e-01  9.961e-01  9.965e-01  9.968e-01  9.975e-01  9.975e-01  9.982e-01  9.982e-01  9.986e-01  9.986e-01  9.989e-01  9.989e-01  9.993e-01  9.993e-01  9.993e-01  9.992e-01  9.992e-01  9.996e-01  9.992e-01  9.996e-01  9.996e-01  9.996e-01  9.996e-01  9.996e-01  9.996e-01  9.900e-01  9.996e-01  9.996e-01  9.900e-01  9.900e-01  9.996e-01  9.996e-01  9.900e-01  9.900e-01  9.992e-01  9.992e-01  9.992e-01 	
 8.237e-02  5.768e-01  9.127e-01  9.781e-01  9.866e-01  9.880e-01  9.880e-01  9.885e-01  9.899e-01  9.909e-01  9.919e-01  9.932e-01  9.943e-01  9.951e-01  9.958e-01  9.965e-01  9.968e-01  9.972e-01  9.978e-01  9.978e-01  9.982e-01  9.982e-01  9.985e-01  9.985e-01  9.989e-01  9.989e-01  9.989e-01  9.989e-01  9.992e-01  9.988e-01  9.992e-01  9.992e-01  9.992e-01  9.992e-01  9.992e-01  9.992e-01  9.996e-01  9.992e-01  9.996e-01  9.996e-01  9.996e-01  9.996e-01  9.996e-01  9.996e-01  9.996e-01  9.996e-01  9.996e-01  9.992e-01  9.996e-01  9.992e-01 	
 1.289e-01  6.526e-01  9.311e-01  9.766e-01  9.822e-01  9.832e-01  9.846e-01  9.864e-01  9.880e-01  9.898e-01  9.915e-01  9.926e-01  9.937e-01  9.951e-01  9.954e-01  9.961e-01  9.968e-01  9.971e-01  9.974e-01  9.978e-01  9.981e-01  9.977e-01  9.981e-01  9.985e-01  9.988e-01  9.985e-01  9.988e-01  9.988e-01  9.988e-01  9.988e-01  9.988e-01  9.992e-01  9.996e-01  9.992e-01  9.992e-01  9.992e-01  9.996e-01  9.996e-01  9.996e-01  9.996e-01  9.996e-01  9.996e-01  9.996e-01  9.996e-01  9.996e-01  9.996e-01  9.996e-01  9.996e-01  9.996e-01  9.992e-01 	
 1.873e-01  7.158e-01  9.412e-01  9.728e-01  9.771e-01  9.795e-01  9.816e-01  9.843e-01  9.866e-01  9.886e-01  9.908e-01  9.922e-01  9.932e-01  9.943e-01  9.949e-01  9.956e-01  9.959e-01  9.966e-01  9.970e-01  9.973e-01  9.977e-01  9.977e-01  9.977e-01  9.984e-01  9.984e-01  9.984e-01  9.988e-01  9.988e-01  9.988e-01  9.988e-01  9.988e-01  9.992e-01  9.988e-01  9.992e-01  9.992e-01  9.996e-01  9.992e-01  9.992e-01  9.996e-01  9.996e-01  9.996e-01  9.996e-01  9.996e-01  9.996e-01  9.996e-01  9.996e-01  9.991e-01  9.996e-01  9.996e-01  9.991e-01 	
 2.569e-01  7.664e-01  9.451e-01  9.682e-01  9.726e-01  9.757e-01  9.794e-01  9.827e-01  9.854e-01  9.879e-01  9.897e-01  9.910e-01  9.924e-01  9.934e-01  9.944e-01  9.947e-01  9.954e-01  9.962e-01  9.965e-01  9.965e-01  9.972e-01  9.972e-01  9.976e-01  9.980e-01  9.980e-01  9.980e-01  9.984e-01  9.984e-01  9.988e-01  9.988e-01  9.988e-01  9.987e-01  9.987e-01  9.992e-01  9.992e-01  9.992e-01  9.991e-01  9.991e-01  9.996e-01  9.991e-01  9.991e-01  9.996e-01  9.991e-01  9.996e-01  9.991e-01  9.996e-01  9.996e-01  9.996e-01  9.996e-01  9.996e-01 	
 3.349e-01  8.057e-01  9.459e-01  9.632e-01  9.687e-01  9.727e-01  9.771e-01  9.807e-01  9.836e-01  9.864e-01  9.884e-01  9.897e-01  9.911e-01  9.921e-01  9.931e-01  9.938e-01  9.946e-01  9.949e-01  9.956e-01  9.960e-01  9.964e-01  9.968e-01  9.971e-01  9.975e-01  9.975e-01  9.979e-01  9.979e-01  9.979e-01  9.979e-01  9.983e-01  9.987e-01  9.983e-01  9.987e-01  9.987e-01  9.987e-01  9.991e-01  9.987e-01  9.991e-01  9.991e-01  9.991e-01  9.996e-01  9.996e-01  9.996e-01  9.991e-01  9.996e-01  9.996e-01  9.996e-01  9.996e-01  9.991e-01  9.991e-01 	
 4.169e-01  8.350e-01  9.443e-01  9.589e-01  9.650e-01  9.703e-01  9.749e-01  9.788e-01  9.819e-01  9.839e-01  9.863e-01  9.880e-01  9.893e-01  9.907e-01  9.914e-01  9.925e-01  9.932e-01  9.944e-01  9.947e-01  9.951e-01  9.955e-01  9.959e-01  9.963e-01  9.967e-01  9.971e-01  9.975e-01  9.975e-01  9.979e-01  9.979e-01  9.983e-01  9.983e-01  9.983e-01  9.983e-01  9.987e-01  9.983e-01  9.991e-01  9.987e-01  9.991e-01  9.987e-01  9.987e-01  9.991e-01  9.991e-01  9.991e-01  9.991e-01  9.991e-01  9.991e-01  9.991e-01  9.991e-01  9.996e-01  9.996e-01 	
 4.965e-01  8.567e-01  9.419e-01  9.546e-01  9.612e-01  9.671e-01  9.719e-01  9.760e-01  9.790e-01  9.816e-01  9.836e-01  9.861e-01  9.875e-01  9.889e-01  9.900e-01  9.915e-01  9.923e-01  9.930e-01  9.938e-01  9.946e-01  9.950e-01  9.954e-01  9.958e-01  9.962e-01  9.966e-01  9.970e-01  9.970e-01  9.974e-01  9.978e-01  9.978e-01  9.978e-01  9.983e-01  9.982e-01  9.982e-01  9.987e-01  9.982e-01  9.987e-01  9.987e-01  9.987e-01  9.991e-01  9.991e-01  9.991e-01  9.991e-01  9.991e-01  9.991e-01  9.991e-01  9.991e-01  9.991e-01  9.991e-01  9.995e-01 	
 5.671e-01  8.709e-01  9.382e-01  9.505e-01  9.576e-01  9.634e-01  9.682e-01  9.721e-01  9.754e-01  9.785e-01  9.809e-01  9.834e-01  9.852e-01  9.871e-01  9.882e-01  9.897e-01  9.909e-01  9.921e-01  9.929e-01  9.932e-01  9.940e-01  9.949e-01  9.953e-01  9.957e-01  9.957e-01  9.965e-01  9.965e-01  9.969e-01  9.974e-01  9.974e-01  9.978e-01  9.978e-01  9.978e-01  9.982e-01  9.982e-01  9.987e-01  9.982e-01  9.987e-01  9.987e-01  9.986e-01  9.991e-01  9.986e-01  9.991e-01  9.991e-01  9.991e-01  9.991e-01  9.991e-01  9.991e-01  9.991e-01  9.995e-01 	
 6.241e-01  8.802e-01  9.347e-01  9.464e-01  9.532e-01  9.588e-01  9.634e-01  9.673e-01  9.710e-01  9.748e-01  9.777e-01  9.802e-01  9.824e-01  9.847e-01  9.867e-01  9.883e-01  9.890e-01  9.907e-01  9.915e-01  9.923e-01  9.931e-01  9.939e-01  9.943e-01  9.948e-01  9.956e-01  9.956e-01  9.965e-01  9.960e-01  9.969e-01  9.969e-01  9.969e-01  9.973e-01  9.978e-01  9.978e-01  9.977e-01  9.977e-01  9.982e-01  9.986e-01  9.982e-01  9.986e-01  9.986e-01  9.986e-01  9.986e-01  9.991e-01  9.991e-01  9.986e-01  9.991e-01  9.991e-01  9.991e-01  9.991e-01 	
 6.673e-01  8.840e-01  9.302e-01  9.414e-01  9.479e-01  9.531e-01  9.575e-01  9.622e-01  9.667e-01  9.706e-01  9.739e-01  9.773e-01  9.800e-01  9.824e-01  9.843e-01  9.859e-01  9.876e-01  9.888e-01  9.900e-01  9.908e-01  9.917e-01  9.930e-01  9.934e-01  9.938e-01  9.947e-01  9.947e-01  9.955e-01  9.960e-01  9.964e-01  9.964e-01  9.968e-01  9.973e-01  9.973e-01  9.973e-01  9.973e-01  9.977e-01  9.977e-01  9.977e-01  9.982e-01  9.982e-01  9.982e-01  9.986e-01  9.986e-01  9.986e-01  9.986e-01  9.986e-01  9.991e-01  9.991e-01  9.991e-01  9.995e-01 	
 6.980e-01  8.845e-01  9.248e-01  9.351e-01  9.405e-01  9.455e-01  9.510e-01  9.557e-01  9.611e-01  9.655e-01  9.697e-01  9.736e-01  9.767e-01  9.791e-01  9.819e-01  9.836e-01  9.861e-01  9.869e-01  9.886e-01  9.898e-01  9.907e-01  9.916e-01  9.924e-01  9.933e-01  9.942e-01  9.946e-01  9.946e-01  9.955e-01  9.955e-01  9.959e-01  9.964e-01  9.964e-01  9.968e-01  9.968e-01  9.972e-01  9.972e-01  9.977e-01  9.977e-01  9.982e-01  9.982e-01  9.981e-01  9.981e-01  9.986e-01  9.981e-01  9.981e-01  9.986e-01  9.991e-01  9.986e-01  9.991e-01  9.991e-01 	
 7.208e-01  8.823e-01  9.183e-01  9.274e-01  9.323e-01  9.375e-01  9.431e-01  9.495e-01  9.554e-01  9.607e-01  9.653e-01  9.697e-01  9.733e-01  9.766e-01  9.795e-01  9.816e-01  9.837e-01  9.854e-01  9.871e-01  9.884e-01  9.892e-01  9.906e-01  9.914e-01  9.923e-01  9.932e-01  9.936e-01  9.941e-01  9.945e-01  9.950e-01  9.954e-01  9.959e-01  9.963e-01  9.963e-01  9.968e-01  9.968e-01  9.968e-01  9.972e-01  9.972e-01  9.977e-01  9.977e-01  9.981e-01  9.981e-01  9.977e-01  9.986e-01  9.986e-01  9.986e-01  9.981e-01  9.986e-01  9.986e-01  9.986e-01 	
 7.372e-01  8.781e-01  9.108e-01  9.183e-01  9.233e-01  9.289e-01  9.354e-01  9.427e-01  9.491e-01  9.553e-01  9.609e-01  9.658e-01  9.699e-01  9.732e-01  9.766e-01  9.791e-01  9.813e-01  9.839e-01  9.852e-01  9.869e-01  9.882e-01  9.896e-01  9.904e-01  9.913e-01  9.922e-01  9.927e-01  9.936e-01  9.940e-01  9.945e-01  9.949e-01  9.954e-01  9.958e-01  9.958e-01  9.958e-01  9.963e-01  9.967e-01  9.972e-01  9.972e-01  9.972e-01  9.972e-01  9.977e-01  9.981e-01  9.981e-01  9.981e-01  9.981e-01  9.981e-01  9.986e-01  9.986e-01  9.986e-01  9.991e-01 	
 7.494e-01  8.731e-01  9.021e-01  9.084e-01  9.132e-01  9.197e-01  9.275e-01  9.353e-01  9.427e-01  9.499e-01  9.564e-01  9.618e-01  9.664e-01  9.707e-01  9.741e-01  9.771e-01  9.797e-01  9.819e-01  9.837e-01  9.854e-01  9.868e-01  9.881e-01  9.894e-01  9.903e-01  9.912e-01  9.921e-01  9.926e-01  9.930e-01  9.940e-01  9.944e-01  9.949e-01  9.953e-01  9.958e-01  9.958e-01  9.963e-01  9.967e-01  9.967e-01  9.967e-01  9.972e-01  9.972e-01  9.976e-01  9.976e-01  9.976e-01  9.976e-01  9.976e-01  9.981e-01  9.981e-01  9.986e-01  9.986e-01  9.991e-01 	
 7.555e-01  8.657e-01  8.919e-01  8.977e-01  9.025e-01  9.103e-01  9.186e-01  9.279e-01  9.367e-01  9.444e-01  9.519e-01  9.578e-01  9.629e-01  9.677e-01  9.716e-01  9.746e-01  9.773e-01  9.799e-01  9.822e-01  9.839e-01  9.857e-01  9.871e-01  9.884e-01  9.893e-01  9.903e-01  9.912e-01  9.921e-01  9.930e-01  9.935e-01  9.939e-01  9.944e-01  9.948e-01  9.948e-01  9.953e-01  9.958e-01  9.962e-01  9.962e-01  9.967e-01  9.967e-01  9.972e-01  9.972e-01  9.976e-01  9.972e-01  9.976e-01  9.976e-01  9.981e-01  9.981e-01  9.981e-01  9.986e-01  9.990e-01 	
 7.576e-01  8.573e-01  8.808e-01  8.859e-01  8.915e-01  8.999e-01  9.101e-01  9.199e-01  9.297e-01  9.389e-01  9.465e-01  9.533e-01  9.594e-01  9.642e-01  9.686e-01  9.721e-01  9.752e-01  9.779e-01  9.802e-01  9.824e-01  9.842e-01  9.856e-01  9.874e-01  9.883e-01  9.897e-01  9.902e-01  9.916e-01  9.920e-01  9.925e-01  9.934e-01  9.934e-01  9.943e-01  9.943e-01  9.953e-01  9.953e-01  9.957e-01  9.957e-01  9.962e-01  9.967e-01  9.967e-01  9.967e-01  9.971e-01  9.971e-01  9.976e-01  9.976e-01  9.976e-01  9.981e-01  9.981e-01  9.986e-01  9.990e-01 	
 7.566e-01  8.475e-01  8.688e-01  8.735e-01  8.796e-01  8.889e-01  8.997e-01  9.114e-01  9.222e-01  9.319e-01  9.405e-01  9.483e-01  9.545e-01  9.607e-01  9.651e-01  9.691e-01  9.727e-01  9.754e-01  9.782e-01  9.804e-01  9.827e-01  9.841e-01  9.859e-01  9.873e-01  9.882e-01  9.896e-01  9.906e-01  9.910e-01  9.915e-01  9.924e-01  9.929e-01  9.938e-01  9.943e-01  9.943e-01  9.948e-01  9.952e-01  9.957e-01  9.957e-01  9.962e-01  9.962e-01  9.967e-01  9.967e-01  9.971e-01  9.971e-01  9.971e-01  9.976e-01  9.976e-01  9.981e-01  9.981e-01  9.986e-01 	
 7.540e-01  8.370e-01  8.562e-01  8.604e-01  8.670e-01  8.773e-01  8.896e-01  9.019e-01  9.137e-01  9.249e-01  9.345e-01  9.428e-01  9.504e-01  9.562e-01  9.616e-01  9.657e-01  9.698e-01  9.734e-01  9.761e-01  9.789e-01  9.807e-01  9.826e-01  9.840e-01  9.858e-01  9.872e-01  9.882e-01  9.896e-01  9.900e-01  9.910e-01  9.914e-01  9.924e-01  9.929e-01  9.933e-01  9.938e-01  9.943e-01  9.947e-01  9.947e-01  9.952e-01  9.957e-01  9.962e-01  9.962e-01  9.962e-01  9.966e-01  9.966e-01  9.971e-01  9.971e-01  9.971e-01  9.976e-01  9.981e-01  9.986e-01 	
 7.498e-01  8.258e-01  8.429e-01  8.467e-01  8.534e-01  8.648e-01  8.781e-01  8.919e-01  9.052e-01  9.174e-01  9.275e-01  9.369e-01  9.449e-01  9.517e-01  9.576e-01  9.626e-01  9.667e-01  9.704e-01  9.736e-01  9.764e-01  9.787e-01  9.806e-01  9.829e-01  9.843e-01  9.862e-01  9.867e-01  9.881e-01  9.890e-01  9.900e-01  9.909e-01  9.919e-01  9.919e-01  9.928e-01  9.933e-01  9.938e-01  9.942e-01  9.947e-01  9.947e-01  9.952e-01  9.957e-01  9.957e-01  9.961e-01  9.961e-01  9.961e-01  9.966e-01  9.966e-01  9.971e-01  9.971e-01  9.976e-01  9.981e-01 	
 7.442e-01  8.142e-01  8.284e-01  8.317e-01  8.389e-01  8.512e-01  8.660e-01  8.809e-01  8.957e-01  9.089e-01  9.205e-01  9.308e-01  9.394e-01  9.472e-01  9.536e-01  9.591e-01  9.633e-01  9.674e-01  9.711e-01  9.744e-01  9.767e-01  9.791e-01  9.814e-01  9.828e-01  9.842e-01  9.857e-01  9.871e-01  9.880e-01  9.890e-01  9.899e-01  9.909e-01  9.914e-01  9.923e-01  9.923e-01  9.933e-01  9.937e-01  9.942e-01  9.947e-01  9.947e-01  9.952e-01  9.952e-01  9.956e-01  9.956e-01  9.956e-01  9.961e-01  9.966e-01  9.966e-01  9.971e-01  9.976e-01  9.981e-01 	
 7.378e-01  8.013e-01  8.135e-01  8.159e-01  8.237e-01  8.371e-01  8.530e-01  8.698e-01  8.856e-01  9.003e-01  9.129e-01  9.238e-01  9.334e-01  9.421e-01  9.486e-01  9.546e-01  9.602e-01  9.644e-01  9.686e-01  9.714e-01  9.742e-01  9.771e-01  9.794e-01  9.809e-01  9.832e-01  9.846e-01  9.856e-01  9.870e-01  9.880e-01  9.889e-01  9.899e-01  9.908e-01  9.913e-01  9.918e-01  9.928e-01  9.932e-01  9.932e-01  9.937e-01  9.947e-01  9.947e-01  9.952e-01  9.956e-01  9.951e-01  9.956e-01  9.956e-01  9.961e-01  9.966e-01  9.971e-01  9.976e-01  9.976e-01 	
 7.304e-01  7.880e-01  7.972e-01  7.992e-01  8.070e-01  8.215e-01  8.389e-01  8.573e-01  8.746e-01  8.908e-01  9.049e-01  9.168e-01  9.274e-01  9.362e-01  9.441e-01  9.506e-01  9.562e-01  9.609e-01  9.656e-01  9.689e-01  9.722e-01  9.751e-01  9.774e-01  9.793e-01  9.812e-01  9.827e-01  9.841e-01  9.855e-01  9.870e-01  9.879e-01  9.889e-01  9.898e-01  9.908e-01  9.913e-01  9.918e-01  9.922e-01  9.927e-01  9.932e-01  9.937e-01  9.942e-01  9.942e-01  9.946e-01  9.951e-01  9.956e-01  9.956e-01  9.956e-01  9.961e-01  9.966e-01  9.971e-01  9.980e-01 	
 7.230e-01  7.735e-01  7.803e-01  7.810e-01  7.898e-01  8.053e-01  8.247e-01  8.442e-01  8.635e-01  8.808e-01  8.959e-01  9.088e-01  9.204e-01  9.302e-01  9.390e-01  9.461e-01  9.522e-01  9.574e-01  9.621e-01  9.659e-01  9.697e-01  9.726e-01  9.750e-01  9.778e-01  9.792e-01  9.812e-01  9.831e-01  9.845e-01  9.855e-01  9.869e-01  9.879e-01  9.888e-01  9.893e-01  9.908e-01  9.912e-01  9.917e-01  9.922e-01  9.927e-01  9.932e-01  9.932e-01  9.937e-01  9.941e-01  9.946e-01  9.951e-01  9.951e-01  9.956e-01  9.961e-01  9.966e-01  9.966e-01  9.976e-01 	
 7.160e-01  7.584e-01  7.621e-01  7.623e-01  7.716e-01  7.882e-01  8.087e-01  8.305e-01  8.514e-01  8.702e-01  8.868e-01  9.012e-01  9.138e-01  9.246e-01  9.335e-01  9.415e-01  9.482e-01  9.539e-01  9.586e-01  9.634e-01  9.672e-01  9.701e-01  9.729e-01  9.758e-01  9.777e-01  9.797e-01  9.816e-01  9.830e-01  9.845e-01  9.854e-01  9.864e-01  9.878e-01  9.888e-01  9.898e-01  9.903e-01  9.912e-01  9.917e-01  9.917e-01  9.922e-01  9.932e-01  9.936e-01  9.941e-01  9.941e-01  9.946e-01  9.951e-01  9.951e-01  9.956e-01  9.961e-01  9.971e-01  9.975e-01 	
 7.092e-01  7.430e-01  7.437e-01  7.434e-01  7.524e-01  7.705e-01  7.925e-01  8.164e-01  8.388e-01  8.591e-01  8.772e-01  8.927e-01  9.063e-01  9.181e-01  9.280e-01  9.361e-01  9.437e-01  9.499e-01  9.556e-01  9.599e-01  9.642e-01  9.676e-01  9.709e-01  9.738e-01  9.757e-01  9.781e-01  9.796e-01  9.820e-01  9.830e-01  9.844e-01  9.854e-01  9.863e-01  9.873e-01  9.883e-01  9.893e-01  9.902e-01  9.907e-01  9.917e-01  9.917e-01  9.922e-01  9.927e-01  9.931e-01  9.936e-01  9.941e-01  9.941e-01  9.946e-01  9.951e-01  9.956e-01  9.961e-01  9.975e-01 	
 7.043e-01  7.293e-01  7.264e-01  7.249e-01  7.344e-01  7.532e-01  7.772e-01  8.022e-01  8.261e-01  8.484e-01  8.672e-01  8.841e-01  8.992e-01  9.115e-01  9.220e-01  9.310e-01  9.391e-01  9.463e-01  9.521e-01  9.569e-01  9.612e-01  9.650e-01  9.689e-01  9.713e-01  9.742e-01  9.761e-01  9.781e-01  9.800e-01  9.819e-01  9.834e-01  9.849e-01  9.858e-01  9.868e-01  9.873e-01  9.883e-01  9.892e-01  9.902e-01  9.902e-01  9.912e-01  9.917e-01  9.917e-01  9.926e-01  9.926e-01  9.931e-01  9.936e-01  9.941e-01  9.946e-01  9.956e-01  9.961e-01  9.975e-01 	
 7.064e-01  7.191e-01  7.144e-01  7.130e-01  7.227e-01  7.418e-01  7.660e-01  7.916e-01  8.162e-01  8.387e-01  8.593e-01  8.769e-01  8.920e-01  9.054e-01  9.168e-01  9.264e-01  9.346e-01  9.422e-01  9.485e-01  9.538e-01  9.582e-01  9.625e-01  9.664e-01  9.693e-01  9.722e-01  9.746e-01  9.770e-01  9.790e-01  9.804e-01  9.824e-01  9.838e-01  9.848e-01  9.863e-01  9.868e-01  9.877e-01  9.887e-01  9.897e-01  9.902e-01  9.912e-01  9.916e-01  9.921e-01  9.926e-01  9.931e-01  9.936e-01  9.946e-01  9.946e-01  9.956e-01  9.966e-01  9.985e-01  9.900e-01 	
