 3.631e-04  2.605e-04  1.872e-04  1.357e-04  9.847e-05  7.125e-05  5.193e-05  3.805e-05  2.803e-05  2.063e-05  1.525e-05  1.127e-05  8.365e-06  6.208e-06  4.607e-06  3.418e-06  2.537e-06  1.881e-06  1.387e-06  1.022e-06  7.532e-07  5.550e-07  4.090e-07  3.025e-07  2.237e-07  1.642e-07  1.210e-07  8.825e-08  6.524e-08  4.825e-08  3.555e-08  2.620e-08  1.937e-08  1.427e-08  1.052e-08  7.777e-09  2.616e-05  4.415e-05  6.671e-05  6.274e-05  7.760e-05  8.709e-05  8.360e-05  7.758e-05  7.205e-05  6.696e-05  5.098e-05  4.629e-05  6.039e-05  6.631e-05 	
 7.712e-04  5.530e-04  3.975e-04  2.881e-04  2.090e-04  1.512e-04  1.102e-04  8.074e-05  5.946e-05  4.376e-05  3.234e-05  2.391e-05  1.774e-05  1.317e-05  9.771e-06  7.251e-06  5.380e-06  3.991e-06  2.942e-06  2.168e-06  1.598e-06  1.177e-06  8.675e-07  6.415e-07  4.744e-07  3.483e-07  2.567e-07  1.872e-07  1.384e-07  1.023e-07  7.540e-08  5.556e-08  4.109e-08  3.027e-08  2.231e-08  1.650e-08  3.158e-05  5.329e-05  8.052e-05  7.572e-05  9.366e-05  1.051e-04  1.009e-04  9.363e-05  8.695e-05  8.081e-05  6.152e-05  5.586e-05  7.288e-05  8.002e-05 	
 1.639e-03  1.175e-03  8.441e-04  6.117e-04  4.436e-04  3.209e-04  2.338e-04  1.713e-04  1.262e-04  9.284e-05  6.862e-05  5.073e-05  3.764e-05  2.793e-05  2.073e-05  1.538e-05  1.141e-05  8.465e-06  6.241e-06  4.599e-06  3.389e-06  2.497e-06  1.840e-06  1.361e-06  1.006e-06  7.388e-07  5.444e-07  3.970e-07  2.935e-07  2.170e-07  1.599e-07  1.178e-07  8.714e-08  6.421e-08  4.731e-08  3.499e-08  3.813e-05  6.432e-05  9.718e-05  9.138e-05  1.130e-04  1.268e-04  1.218e-04  1.130e-04  1.049e-04  9.753e-05  7.425e-05  6.742e-05  8.795e-05  9.657e-05 	
 3.485e-03  2.497e-03  1.793e-03  1.299e-03  9.420e-04  6.812e-04  4.964e-04  3.636e-04  2.677e-04  1.970e-04  1.456e-04  1.076e-04  7.986e-05  5.927e-05  4.397e-05  3.263e-05  2.421e-05  1.796e-05  1.324e-05  9.755e-06  7.188e-06  5.297e-06  3.903e-06  2.886e-06  2.134e-06  1.567e-06  1.155e-06  8.420e-07  6.225e-07  4.603e-07  3.392e-07  2.499e-07  1.848e-07  1.362e-07  1.003e-07  7.420e-08  4.604e-05  7.765e-05  1.173e-04  1.103e-04  1.364e-04  1.531e-04  1.469e-04  1.364e-04  1.266e-04  1.177e-04  8.960e-05  8.136e-05  1.061e-04  1.165e-04 	
 7.415e-03  5.310e-03  3.812e-03  2.761e-03  2.001e-03  1.447e-03  1.054e-03  7.719e-04  5.683e-04  4.181e-04  3.090e-04  2.284e-04  1.695e-04  1.258e-04  9.330e-05  6.923e-05  5.137e-05  3.809e-05  2.808e-05  2.069e-05  1.525e-05  1.124e-05  8.279e-06  6.122e-06  4.527e-06  3.324e-06  2.449e-06  1.786e-06  1.320e-06  9.764e-07  7.195e-07  5.301e-07  3.920e-07  2.889e-07  2.128e-07  1.574e-07  5.561e-05  9.375e-05  1.416e-04  1.331e-04  1.647e-04  1.848e-04  1.773e-04  1.646e-04  1.528e-04  1.420e-04  1.081e-04  9.819e-05  1.281e-04  1.406e-04 	
 1.578e-02  1.129e-02  8.104e-03  5.868e-03  4.252e-03  3.073e-03  2.238e-03  1.639e-03  1.207e-03  8.877e-04  6.559e-04  4.848e-04  3.597e-04  2.669e-04  1.980e-04  1.469e-04  1.090e-04  8.082e-05  5.958e-05  4.390e-05  3.235e-05  2.383e-05  1.756e-05  1.299e-05  9.603e-06  7.051e-06  5.195e-06  3.788e-06  2.801e-06  2.071e-06  1.526e-06  1.124e-06  8.315e-07  6.127e-07  4.514e-07  3.338e-07  6.723e-05  1.132e-04  1.709e-04  1.607e-04  1.988e-04  2.230e-04  2.140e-04  1.986e-04  1.845e-04  1.714e-04  1.305e-04  1.185e-04  1.546e-04  1.697e-04 	
 3.351e-02  2.400e-02  1.722e-02  1.247e-02  9.035e-03  6.529e-03  4.755e-03  3.481e-03  2.562e-03  1.885e-03  1.393e-03  1.029e-03  7.635e-04  5.665e-04  4.202e-04  3.118e-04  2.313e-04  1.715e-04  1.264e-04  9.314e-05  6.863e-05  5.056e-05  3.726e-05  2.755e-05  2.037e-05  1.496e-05  1.102e-05  8.036e-06  5.941e-06  4.393e-06  3.237e-06  2.385e-06  1.764e-06  1.299e-06  9.575e-07  7.080e-07  8.138e-05  1.368e-04  2.065e-04  1.941e-04  2.400e-04  2.692e-04  2.584e-04  2.398e-04  2.226e-04  2.069e-04  1.575e-04  1.430e-04  1.866e-04  2.048e-04 	
 7.072e-02  5.078e-02  3.650e-02  2.646e-02  1.918e-02  1.386e-02  1.010e-02  7.394e-03  5.443e-03  4.003e-03  2.957e-03  2.186e-03  1.621e-03  1.203e-03  8.922e-04  6.618e-04  4.909e-04  3.640e-04  2.683e-04  1.977e-04  1.456e-04  1.073e-04  7.905e-05  5.844e-05  4.321e-05  3.173e-05  2.338e-05  1.705e-05  1.260e-05  9.318e-06  6.866e-06  5.059e-06  3.741e-06  2.756e-06  2.031e-06  1.502e-06  9.872e-05  1.655e-04  2.495e-04  2.345e-04  2.898e-04  3.250e-04  3.119e-04  2.894e-04  2.688e-04  2.498e-04  1.901e-04  1.726e-04  2.252e-04  2.472e-04 	
 1.465e-01  1.061e-01  7.670e-02  5.583e-02  4.057e-02  2.937e-02  2.141e-02  1.569e-02  1.155e-02  8.501e-03  6.281e-03  4.642e-03  3.443e-03  2.554e-03  1.895e-03  1.405e-03  1.042e-03  7.728e-04  5.695e-04  4.195e-04  3.090e-04  2.277e-04  1.677e-04  1.240e-04  9.169e-05  6.731e-05  4.960e-05  3.616e-05  2.673e-05  1.977e-05  1.456e-05  1.073e-05  7.935e-06  5.846e-06  4.308e-06  3.185e-06  1.202e-04  2.006e-04  3.017e-04  2.835e-04  3.501e-04  3.926e-04  3.767e-04  3.495e-04  3.245e-04  3.015e-04  2.295e-04  2.084e-04  2.718e-04  2.984e-04 	
 2.898e-01  2.145e-01  1.575e-01  1.159e-01  8.490e-02  6.176e-02  4.519e-02  3.319e-02  2.448e-02  1.803e-02  1.333e-02  9.857e-03  7.312e-03  5.425e-03  4.024e-03  2.985e-03  2.214e-03  1.641e-03  1.209e-03  8.907e-04  6.560e-04  4.832e-04  3.560e-04  2.632e-04  1.946e-04  1.428e-04  1.052e-04  7.672e-05  5.671e-05  4.193e-05  3.089e-05  2.276e-05  1.683e-05  1.240e-05  9.137e-06  6.757e-06  1.473e-04  2.438e-04  3.655e-04  3.431e-04  4.233e-04  4.744e-04  4.551e-04  4.221e-04  3.918e-04  3.641e-04  2.771e-04  2.516e-04  3.281e-04  3.602e-04 	
 5.279e-01  4.053e-01  3.072e-01  2.318e-01  1.729e-01  1.274e-01  9.410e-02  6.957e-02  5.155e-02  3.809e-02  2.822e-02  2.090e-02  1.552e-02  1.152e-02  8.546e-03  6.340e-03  4.703e-03  3.486e-03  2.568e-03  1.891e-03  1.393e-03  1.026e-03  7.557e-04  5.586e-04  4.129e-04  3.031e-04  2.233e-04  1.628e-04  1.203e-04  8.896e-05  6.554e-05  4.829e-05  3.571e-05  2.631e-05  1.938e-05  1.433e-05  1.825e-04  2.979e-04  4.439e-04  4.162e-04  5.125e-04  5.738e-04  5.501e-04  5.101e-04  4.734e-04  4.398e-04  3.347e-04  3.038e-04  3.961e-04  4.348e-04 	
 9.128e-01  7.035e-01  5.492e-01  4.299e-01  3.319e-01  2.515e-01  1.898e-01  1.426e-01  1.068e-01  7.957e-02  5.929e-02  4.408e-02  3.282e-02  2.441e-02  1.813e-02  1.346e-02  9.987e-03  7.405e-03  5.456e-03  4.018e-03  2.959e-03  2.179e-03  1.605e-03  1.186e-03  8.766e-04  6.434e-04  4.739e-04  3.454e-04  2.553e-04  1.888e-04  1.391e-04  1.025e-04  7.575e-05  5.581e-05  4.112e-05  3.040e-05  2.302e-04  3.671e-04  5.416e-04  5.066e-04  6.219e-04  6.951e-04  6.659e-04  6.171e-04  5.725e-04  5.315e-04  4.045e-04  3.671e-04  4.784e-04  5.250e-04 	
 1.692e+00  1.271e+00  9.502e-01  7.384e-01  5.831e-01  4.580e-01  3.582e-01  2.776e-01  2.133e-01  1.618e-01  1.222e-01  9.175e-02  6.879e-02  5.140e-02  3.831e-02  2.850e-02  2.118e-02  1.572e-02  1.159e-02  8.533e-03  6.284e-03  4.628e-03  3.408e-03  2.519e-03  1.862e-03  1.366e-03  1.006e-03  7.332e-04  5.419e-04  4.006e-04  2.951e-04  2.174e-04  1.607e-04  1.184e-04  8.723e-05  6.450e-05  2.989e-04  4.590e-04  6.659e-04  6.205e-04  7.575e-04  8.442e-04  8.076e-04  7.477e-04  6.931e-04  6.431e-04  4.894e-04  4.439e-04  5.781e-04  6.341e-04 	
 2.304e+00  2.056e+00  1.727e+00  1.345e+00  1.017e+00  7.822e-01  6.200e-01  4.962e-01  3.956e-01  3.105e-01  2.412e-01  1.850e-01  1.409e-01  1.066e-01  8.007e-02  5.991e-02  4.470e-02  3.326e-02  2.455e-02  1.810e-02  1.334e-02  9.827e-03  7.238e-03  5.349e-03  3.954e-03  2.901e-03  2.136e-03  1.557e-03  1.150e-03  8.504e-04  6.264e-04  4.614e-04  3.411e-04  2.513e-04  1.851e-04  1.369e-04  4.051e-04  5.874e-04  8.291e-04  7.677e-04  9.287e-04  1.030e-03  9.829e-04  9.086e-04  8.410e-04  7.796e-04  5.930e-04  5.375e-04  6.990e-04  7.664e-04 	
 3.367e+00  2.734e+00  2.297e+00  2.057e+00  1.790e+00  1.430e+00  1.095e+00  8.488e-01  6.773e-01  5.455e-01  4.393e-01  3.493e-01  2.746e-01  2.128e-01  1.629e-01  1.236e-01  9.310e-02  6.975e-02  5.173e-02  3.826e-02  2.825e-02  2.084e-02  1.536e-02  1.136e-02  8.396e-03  6.161e-03  4.537e-03  3.306e-03  2.443e-03  1.806e-03  1.330e-03  9.794e-04  7.240e-04  5.333e-04  3.928e-04  2.904e-04  5.827e-04  7.793e-04  1.054e-03  9.660e-04  1.151e-03  1.266e-03  1.203e-03  1.109e-03  1.024e-03  9.478e-04  7.207e-04  6.523e-04  8.465e-04  9.271e-04 	
 3.837e+00  3.548e+00  3.363e+00  2.845e+00  2.353e+00  2.071e+00  1.841e+00  1.542e+00  1.216e+00  9.425e-01  7.484e-01  6.046e-01  4.911e-01  3.950e-01  3.129e-01  2.441e-01  1.879e-01  1.430e-01  1.073e-01  7.998e-02  5.938e-02  4.396e-02  3.249e-02  2.406e-02  1.781e-02  1.308e-02  9.633e-03  7.018e-03  5.187e-03  3.834e-03  2.823e-03  2.079e-03  1.537e-03  1.132e-03  8.337e-04  6.163e-04  9.017e-04  1.089e-03  1.384e-03  1.249e-03  1.452e-03  1.575e-03  1.487e-03  1.365e-03  1.256e-03  1.158e-03  8.801e-04  7.949e-04  1.028e-03  1.123e-03 	
 4.074e+00  4.277e+00  3.949e+00  3.512e+00  3.368e+00  2.970e+00  2.445e+00  2.125e+00  1.921e+00  1.672e+00  1.361e+00  1.063e+00  8.393e-01  6.764e-01  5.500e-01  4.449e-01  3.551e-01  2.789e-01  2.144e-01  1.628e-01  1.225e-01  9.156e-02  6.811e-02  5.068e-02  3.763e-02  2.768e-02  2.042e-02  1.489e-02  1.101e-02  8.139e-03  5.995e-03  4.415e-03  3.263e-03  2.403e-03  1.770e-03  1.308e-03  1.508e-03  1.628e-03  1.906e-03  1.681e-03  1.883e-03  1.999e-03  1.868e-03  1.702e-03  1.556e-03  1.428e-03  1.084e-03  9.750e-04  1.252e-03  1.365e-03 	
 3.674e+00  4.266e+00  4.136e+00  4.146e+00  4.091e+00  3.548e+00  3.349e+00  3.112e+00  2.630e+00  2.230e+00  2.006e+00  1.800e+00  1.525e+00  1.214e+00  9.514e-01  7.587e-01  6.151e-01  4.992e-01  3.983e-01  3.128e-01  2.420e-01  1.848e-01  1.396e-01  1.051e-01  7.865e-02  5.817e-02  4.307e-02  3.147e-02  2.331e-02  1.726e-02  1.272e-02  9.370e-03  6.928e-03  5.103e-03  3.758e-03  2.778e-03  2.710e-03  2.627e-03  2.797e-03  2.395e-03  2.548e-03  2.618e-03  2.408e-03  2.167e-03  1.961e-03  1.785e-03  1.352e-03  1.209e-03  1.536e-03  1.666e-03 	
 2.981e+00  3.287e+00  3.839e+00  4.061e+00  4.302e+00  4.047e+00  4.130e+00  3.700e+00  3.379e+00  3.231e+00  2.859e+00  2.393e+00  2.110e+00  1.921e+00  1.689e+00  1.382e+00  1.084e+00  8.546e-01  6.825e-01  5.503e-01  4.414e-01  3.494e-01  2.723e-01  2.100e-01  1.601e-01  1.200e-01  8.967e-02  6.593e-02  4.907e-02  3.644e-02  2.691e-02  1.985e-02  1.469e-02  1.083e-02  7.976e-03  5.897e-03  5.155e-03  4.571e-03  4.421e-03  3.662e-03  3.653e-03  3.591e-03  3.226e-03  2.852e-03  2.542e-03  2.282e-03  1.725e-03  1.528e-03  1.906e-03  2.050e-03 	
 1.727e+00  2.197e+00  2.854e+00  3.103e+00  3.925e+00  3.897e+00  4.342e+00  4.053e+00  4.096e+00  3.932e+00  3.471e+00  3.309e+00  3.088e+00  2.628e+00  2.247e+00  2.029e+00  1.832e+00  1.555e+00  1.227e+00  9.518e-01  7.525e-01  6.053e-01  4.876e-01  3.903e-01  3.077e-01  2.370e-01  1.809e-01  1.351e-01  1.017e-01  7.612e-02  5.652e-02  4.186e-02  3.106e-02  2.293e-02  1.691e-02  1.251e-02  1.021e-02  8.478e-03  7.543e-03  6.047e-03  5.625e-03  5.238e-03  4.563e-03  3.938e-03  3.434e-03  3.024e-03  2.277e-03  1.987e-03  2.408e-03  2.554e-03 	
 2.234e+00  1.708e+00  1.762e+00  2.327e+00  2.551e+00  3.164e+00  3.691e+00  3.884e+00  4.174e+00  4.218e+00  4.030e+00  4.091e+00  3.676e+00  3.381e+00  3.254e+00  2.895e+00  2.430e+00  2.140e+00  1.938e+00  1.691e+00  1.370e+00  1.064e+00  8.328e-01  6.686e-01  5.415e-01  4.325e-01  3.423e-01  2.634e-01  2.031e-01  1.548e-01  1.165e-01  8.710e-02  6.506e-02  4.824e-02  3.569e-02  2.646e-02  2.074e-02  1.648e-02  1.376e-02  1.073e-02  9.349e-03  8.221e-03  6.914e-03  5.793e-03  4.911e-03  4.212e-03  3.158e-03  2.697e-03  3.129e-03  3.250e-03 	
 2.863e+00  2.541e+00  2.047e+00  1.953e+00  1.947e+00  2.066e+00  2.368e+00  3.228e+00  3.348e+00  4.010e+00  3.954e+00  4.339e+00  4.044e+00  4.100e+00  3.953e+00  3.497e+00  3.344e+00  3.133e+00  2.650e+00  2.249e+00  2.019e+00  1.806e+00  1.515e+00  1.198e+00  9.347e-01  7.367e-01  5.931e-01  4.720e-01  3.776e-01  2.977e-01  2.302e-01  1.757e-01  1.333e-01  9.995e-02  7.453e-02  5.557e-02  4.263e-02  3.301e-02  2.638e-02  2.018e-02  1.667e-02  1.392e-02  1.130e-02  9.177e-03  7.536e-03  6.265e-03  4.670e-03  3.882e-03  4.244e-03  4.268e-03 	
 2.229e+00  2.785e+00  2.810e+00  2.631e+00  2.233e+00  1.925e+00  1.776e+00  1.805e+00  2.551e+00  2.803e+00  3.216e+00  3.765e+00  3.884e+00  4.180e+00  4.226e+00  4.040e+00  4.125e+00  3.714e+00  3.399e+00  3.259e+00  2.875e+00  2.397e+00  2.103e+00  1.908e+00  1.664e+00  1.338e+00  1.039e+00  8.039e-01  6.465e-01  5.240e-01  4.203e-01  3.325e-01  2.600e-01  1.997e-01  1.516e-01  1.145e-01  8.737e-02  6.690e-02  5.215e-02  3.945e-02  3.140e-02  2.517e-02  1.984e-02  1.567e-02  1.248e-02  1.004e-02  7.444e-03  6.005e-03  6.101e-03  5.875e-03 	
 2.193e+00  2.063e+00  2.089e+00  2.638e+00  2.926e+00  2.808e+00  2.339e+00  1.844e+00  1.662e+00  2.071e+00  2.199e+00  2.429e+00  3.259e+00  3.353e+00  4.000e+00  3.939e+00  4.346e+00  4.056e+00  4.113e+00  3.955e+00  3.484e+00  3.320e+00  3.076e+00  2.601e+00  2.222e+00  1.989e+00  1.773e+00  1.460e+00  1.152e+00  9.007e-01  7.149e-01  5.761e-01  4.662e-01  3.715e-01  2.915e-01  2.263e-01  1.747e-01  1.344e-01  1.040e-01  7.853e-02  6.121e-02  4.777e-02  3.690e-02  2.851e-02  2.215e-02  1.733e-02  1.278e-02  1.002e-02  9.413e-03  8.601e-03 	
 2.281e+00  2.557e+00  2.328e+00  1.853e+00  2.128e+00  2.540e+00  2.872e+00  3.038e+00  2.665e+00  2.225e+00  1.894e+00  1.809e+00  1.823e+00  2.547e+00  2.774e+00  3.186e+00  3.722e+00  3.869e+00  4.176e+00  4.223e+00  4.040e+00  4.101e+00  3.659e+00  3.369e+00  3.228e+00  2.823e+00  2.357e+00  2.052e+00  1.856e+00  1.608e+00  1.293e+00  1.005e+00  7.933e-01  6.359e-01  5.134e-01  4.135e-01  3.289e-01  2.590e-01  2.029e-01  1.551e-01  1.204e-01  9.296e-02  7.112e-02  5.431e-02  4.149e-02  3.179e-02  2.340e-02  1.792e-02  1.566e-02  1.354e-02 	
 2.463e+00  1.997e+00  2.340e+00  2.634e+00  2.260e+00  1.982e+00  1.924e+00  2.447e+00  2.836e+00  3.018e+00  2.757e+00  2.306e+00  1.843e+00  1.652e+00  2.061e+00  2.160e+00  2.379e+00  3.210e+00  3.328e+00  3.996e+00  3.951e+00  4.344e+00  4.038e+00  4.100e+00  3.916e+00  3.449e+00  3.287e+00  2.994e+00  2.523e+00  2.166e+00  1.946e+00  1.726e+00  1.440e+00  1.130e+00  8.803e-01  7.029e-01  5.683e-01  4.614e-01  3.723e-01  2.931e-01  2.313e-01  1.799e-01  1.383e-01  1.056e-01  8.020e-02  6.078e-02  4.479e-02  3.379e-02  2.786e-02  2.294e-02 	
 2.158e+00  2.307e+00  2.377e+00  2.088e+00  2.225e+00  2.677e+00  2.471e+00  1.931e+00  1.953e+00  2.502e+00  2.597e+00  3.039e+00  3.003e+00  2.655e+00  2.242e+00  1.900e+00  1.795e+00  1.791e+00  2.526e+00  2.775e+00  3.189e+00  3.770e+00  3.879e+00  4.201e+00  4.200e+00  4.033e+00  4.067e+00  3.586e+00  3.318e+00  3.158e+00  2.749e+00  2.300e+00  2.035e+00  1.832e+00  1.574e+00  1.269e+00  9.860e-01  7.805e-01  6.322e-01  5.113e-01  4.156e-01  3.321e-01  2.612e-01  2.028e-01  1.554e-01  1.180e-01  8.763e-02  6.574e-02  5.213e-02  4.135e-02 	
 2.068e+00  2.402e+00  2.056e+00  2.241e+00  2.419e+00  1.990e+00  2.041e+00  2.480e+00  2.610e+00  2.137e+00  1.982e+00  1.995e+00  2.455e+00  2.851e+00  3.029e+00  2.796e+00  2.351e+00  1.868e+00  1.658e+00  2.059e+00  2.188e+00  2.419e+00  3.276e+00  3.388e+00  4.005e+00  3.979e+00  4.335e+00  4.015e+00  4.071e+00  3.835e+00  3.399e+00  3.237e+00  2.965e+00  2.486e+00  2.132e+00  1.922e+00  1.695e+00  1.406e+00  1.110e+00  8.682e-01  6.991e-01  5.675e-01  4.600e-01  3.687e-01  2.903e-01  2.248e-01  1.701e-01  1.285e-01  1.000e-01  7.765e-02 	
 2.074e+00  2.354e+00  2.135e+00  2.340e+00  2.105e+00  2.157e+00  2.473e+00  2.094e+00  1.940e+00  2.347e+00  2.577e+00  2.461e+00  1.904e+00  1.950e+00  2.481e+00  2.562e+00  2.960e+00  3.058e+00  2.690e+00  2.256e+00  1.901e+00  1.817e+00  1.836e+00  2.548e+00  2.840e+00  3.217e+00  3.828e+00  3.899e+00  4.230e+00  4.155e+00  4.019e+00  4.013e+00  3.559e+00  3.294e+00  3.115e+00  2.708e+00  2.262e+00  2.000e+00  1.797e+00  1.538e+00  1.242e+00  9.717e-01  7.710e-01  6.224e-01  5.030e-01  4.022e-01  3.150e-01  2.439e-01  1.905e-01  1.475e-01 	
 2.233e+00  2.261e+00  2.044e+00  2.340e+00  2.038e+00  2.382e+00  2.190e+00  2.066e+00  2.395e+00  2.283e+00  1.932e+00  2.218e+00  2.495e+00  2.600e+00  2.158e+00  1.968e+00  1.945e+00  2.416e+00  2.835e+00  3.043e+00  2.785e+00  2.331e+00  1.856e+00  1.629e+00  2.066e+00  2.259e+00  2.476e+00  3.348e+00  3.485e+00  4.018e+00  4.016e+00  4.316e+00  4.006e+00  4.056e+00  3.784e+00  3.372e+00  3.196e+00  2.898e+00  2.434e+00  2.094e+00  1.884e+00  1.656e+00  1.371e+00  1.082e+00  8.474e-01  6.735e-01  5.391e-01  4.308e-01  3.447e-01  2.720e-01 	
 2.029e+00  2.113e+00  2.231e+00  2.149e+00  2.098e+00  2.250e+00  2.079e+00  2.184e+00  2.357e+00  1.974e+00  2.328e+00  2.541e+00  2.068e+00  1.946e+00  2.305e+00  2.593e+00  2.758e+00  1.942e+00  1.943e+00  2.478e+00  2.580e+00  3.103e+00  2.909e+00  2.552e+00  2.246e+00  1.911e+00  1.846e+00  1.914e+00  2.572e+00  2.969e+00  3.266e+00  3.901e+00  3.905e+00  4.244e+00  4.126e+00  4.011e+00  3.963e+00  3.498e+00  3.241e+00  3.044e+00  2.634e+00  2.216e+00  1.961e+00  1.755e+00  1.492e+00  1.186e+00  9.186e-01  7.205e-01  5.797e-01  4.680e-01 	
 2.086e+00  2.087e+00  2.026e+00  2.096e+00  2.336e+00  2.127e+00  2.148e+00  2.104e+00  2.256e+00  2.044e+00  2.347e+00  2.115e+00  2.075e+00  2.393e+00  2.311e+00  1.944e+00  2.064e+00  2.463e+00  2.626e+00  2.168e+00  2.023e+00  2.002e+00  2.466e+00  2.914e+00  3.042e+00  2.723e+00  2.291e+00  1.844e+00  1.619e+00  2.052e+00  2.362e+00  2.565e+00  3.367e+00  3.534e+00  4.019e+00  4.037e+00  4.283e+00  3.973e+00  3.995e+00  3.699e+00  3.307e+00  3.126e+00  2.820e+00  2.374e+00  2.045e+00  1.820e+00  1.579e+00  1.278e+00  9.948e-01  7.786e-01 	
 2.072e+00  2.020e+00  2.050e+00  2.009e+00  2.050e+00  2.163e+00  2.288e+00  2.079e+00  2.245e+00  2.050e+00  2.310e+00  2.022e+00  2.238e+00  2.393e+00  1.972e+00  2.264e+00  2.578e+00  2.118e+00  1.935e+00  2.341e+00  2.572e+00  2.443e+00  1.897e+00  1.960e+00  2.406e+00  2.652e+00  3.133e+00  2.692e+00  2.324e+00  2.115e+00  1.938e+00  1.892e+00  1.949e+00  2.574e+00  3.051e+00  3.294e+00  3.934e+00  3.905e+00  4.215e+00  4.063e+00  3.951e+00  3.866e+00  3.425e+00  3.184e+00  2.965e+00  2.532e+00  2.130e+00  1.869e+00  1.638e+00  1.361e+00 	
 2.060e+00  2.152e+00  2.081e+00  2.047e+00  2.035e+00  2.052e+00  2.139e+00  2.271e+00  2.075e+00  2.160e+00  2.221e+00  2.130e+00  2.191e+00  2.268e+00  2.047e+00  2.327e+00  2.140e+00  2.054e+00  2.373e+00  2.312e+00  1.944e+00  2.129e+00  2.755e+00  2.541e+00  2.167e+00  2.120e+00  2.132e+00  2.564e+00  3.030e+00  2.946e+00  2.602e+00  2.216e+00  1.846e+00  1.627e+00  2.027e+00  2.424e+00  2.636e+00  3.384e+00  3.580e+00  3.984e+00  4.022e+00  4.202e+00  3.923e+00  3.935e+00  3.610e+00  3.229e+00  3.037e+00  2.677e+00  2.219e+00  1.908e+00 	
 2.088e+00  2.123e+00  2.056e+00  2.133e+00  2.159e+00  2.151e+00  2.127e+00  2.153e+00  2.243e+00  2.084e+00  2.111e+00  2.252e+00  2.031e+00  2.252e+00  2.020e+00  2.291e+00  2.051e+00  2.168e+00  2.382e+00  1.983e+00  2.319e+00  2.487e+00  2.061e+00  1.993e+00  2.341e+00  2.601e+00  2.371e+00  1.881e+00  2.003e+00  2.324e+00  2.829e+00  2.931e+00  2.635e+00  2.237e+00  1.993e+00  1.954e+00  1.942e+00  2.040e+00  2.594e+00  3.137e+00  3.337e+00  3.934e+00  3.896e+00  4.192e+00  4.004e+00  3.904e+00  3.771e+00  3.309e+00  3.046e+00  2.759e+00 	
 2.078e+00  2.076e+00  2.100e+00  2.116e+00  2.097e+00  2.067e+00  2.130e+00  2.163e+00  2.156e+00  2.181e+00  2.074e+00  2.064e+00  2.253e+00  2.057e+00  2.187e+00  2.112e+00  2.145e+00  2.084e+00  2.287e+00  2.027e+00  2.385e+00  2.208e+00  2.064e+00  2.455e+00  2.263e+00  2.096e+00  2.188e+00  2.538e+00  2.434e+00  2.186e+00  1.870e+00  2.433e+00  2.609e+00  3.051e+00  2.854e+00  2.529e+00  2.162e+00  1.859e+00  1.697e+00  2.030e+00  2.532e+00  2.737e+00  3.390e+00  3.639e+00  3.961e+00  4.044e+00  4.154e+00  3.880e+00  3.805e+00  3.399e+00 	
 2.047e+00  2.098e+00  2.108e+00  2.110e+00  2.134e+00  2.062e+00  2.135e+00  2.039e+00  2.031e+00  2.021e+00  2.001e+00  2.018e+00  2.148e+00  2.233e+00  2.068e+00  2.122e+00  2.250e+00  2.090e+00  2.249e+00  2.053e+00  2.313e+00  2.021e+00  2.283e+00  2.371e+00  2.158e+00  2.275e+00  2.408e+00  2.038e+00  2.079e+00  2.446e+00  2.527e+00  2.243e+00  1.893e+00  2.040e+00  2.341e+00  3.004e+00  2.839e+00  2.561e+00  2.172e+00  1.898e+00  1.958e+00  2.036e+00  2.157e+00  2.629e+00  3.235e+00  3.419e+00  4.008e+00  3.940e+00  4.163e+00  3.881e+00 	
 2.032e+00  2.030e+00  2.071e+00  2.049e+00  2.086e+00  2.089e+00  2.047e+00  2.114e+00  2.028e+00  2.093e+00  2.140e+00  2.182e+00  2.139e+00  2.160e+00  2.140e+00  2.008e+00  2.131e+00  2.270e+00  2.064e+00  2.186e+00  2.135e+00  2.249e+00  2.213e+00  2.223e+00  2.007e+00  2.335e+00  2.030e+00  2.187e+00  2.485e+00  2.178e+00  1.993e+00  2.312e+00  2.558e+00  2.608e+00  2.073e+00  1.836e+00  2.275e+00  2.704e+00  2.951e+00  2.749e+00  2.441e+00  2.117e+00  1.885e+00  1.763e+00  2.050e+00  2.667e+00  2.894e+00  3.461e+00  3.803e+00  3.942e+00 	
 2.036e+00  2.077e+00  2.036e+00  2.063e+00  2.088e+00  2.063e+00  2.053e+00  2.035e+00  2.112e+00  2.054e+00  2.138e+00  2.075e+00  2.032e+00  2.017e+00  2.036e+00  2.050e+00  2.102e+00  2.169e+00  2.221e+00  2.060e+00  2.123e+00  2.229e+00  2.005e+00  2.296e+00  2.056e+00  2.364e+00  2.032e+00  2.329e+00  2.212e+00  2.025e+00  2.360e+00  2.336e+00  2.030e+00  2.138e+00  2.523e+00  2.502e+00  2.177e+00  2.010e+00  2.175e+00  2.433e+00  2.897e+00  2.766e+00  2.498e+00  2.114e+00  1.828e+00  1.908e+00  2.138e+00  2.343e+00  2.764e+00  3.464e+00 	
 2.054e+00  2.049e+00  2.045e+00  2.036e+00  2.077e+00  2.069e+00  2.027e+00  2.037e+00  2.042e+00  2.018e+00  2.080e+00  2.093e+00  2.095e+00  2.026e+00  2.092e+00  2.111e+00  2.138e+00  2.151e+00  2.138e+00  2.150e+00  2.098e+00  2.051e+00  2.208e+00  2.077e+00  2.179e+00  2.208e+00  2.113e+00  2.238e+00  2.172e+00  2.073e+00  2.374e+00  2.014e+00  2.216e+00  2.444e+00  2.160e+00  2.020e+00  2.398e+00  2.580e+00  2.334e+00  2.029e+00  1.933e+00  2.320e+00  2.785e+00  2.865e+00  2.684e+00  2.363e+00  2.039e+00  1.879e+00  1.907e+00  2.185e+00 	
 2.031e+00  2.052e+00  2.030e+00  2.056e+00  2.032e+00  2.064e+00  2.058e+00  2.081e+00  2.019e+00  2.080e+00  2.052e+00  2.078e+00  2.056e+00  2.135e+00  2.049e+00  2.121e+00  2.147e+00  2.063e+00  2.039e+00  2.021e+00  2.009e+00  2.017e+00  2.101e+00  2.192e+00  2.077e+00  2.027e+00  2.266e+00  2.052e+00  2.242e+00  2.029e+00  2.277e+00  2.059e+00  2.298e+00  2.161e+00  2.002e+00  2.527e+00  2.304e+00  2.037e+00  2.233e+00  2.576e+00  2.463e+00  2.192e+00  2.044e+00  2.265e+00  2.566e+00  2.802e+00  2.713e+00  2.391e+00  1.992e+00  1.756e+00 	
 2.048e+00  2.020e+00  2.035e+00  2.035e+00  2.063e+00  2.047e+00  2.068e+00  2.048e+00  2.046e+00  2.073e+00  2.046e+00  2.044e+00  2.076e+00  2.039e+00  2.018e+00  2.116e+00  2.035e+00  2.137e+00  2.023e+00  2.059e+00  2.151e+00  2.184e+00  2.224e+00  2.192e+00  2.150e+00  2.066e+00  2.039e+00  2.177e+00  2.165e+00  2.032e+00  2.329e+00  1.996e+00  2.258e+00  2.075e+00  2.169e+00  2.457e+00  2.113e+00  2.224e+00  2.396e+00  2.138e+00  2.108e+00  2.463e+00  2.578e+00  2.252e+00  2.002e+00  2.058e+00  2.431e+00  2.854e+00  2.806e+00  2.583e+00 	
 2.043e+00  2.035e+00  2.038e+00  2.044e+00  2.022e+00  2.025e+00  2.046e+00  2.054e+00  2.045e+00  2.078e+00  2.067e+00  2.028e+00  2.055e+00  2.041e+00  2.035e+00  2.065e+00  2.011e+00  2.066e+00  2.102e+00  2.057e+00  2.117e+00  2.072e+00  2.058e+00  2.020e+00  2.037e+00  2.064e+00  2.052e+00  2.033e+00  2.180e+00  2.232e+00  1.997e+00  2.297e+00  2.116e+00  2.151e+00  2.148e+00  2.240e+00  2.054e+00  2.349e+00  2.130e+00  2.104e+00  2.405e+00  2.273e+00  2.070e+00  2.302e+00  2.613e+00  2.426e+00  2.018e+00  1.988e+00  2.312e+00  2.733e+00 	
 2.030e+00  2.029e+00  2.031e+00  2.042e+00  2.035e+00  2.046e+00  2.018e+00  2.030e+00  2.027e+00  2.024e+00  2.062e+00  2.018e+00  2.036e+00  2.037e+00  2.053e+00  2.059e+00  2.039e+00  2.020e+00  2.021e+00  2.026e+00  2.092e+00  2.108e+00  2.049e+00  2.039e+00  2.156e+00  2.143e+00  2.127e+00  2.103e+00  2.115e+00  2.220e+00  2.134e+00  2.046e+00  2.197e+00  2.176e+00  1.996e+00  2.262e+00  2.016e+00  2.308e+00  2.052e+00  2.276e+00  2.295e+00  2.054e+00  2.328e+00  2.366e+00  2.111e+00  2.160e+00  2.499e+00  2.532e+00  2.160e+00  2.007e+00 	
 2.027e+00  2.024e+00  2.019e+00  2.021e+00  2.026e+00  2.039e+00  2.031e+00  2.018e+00  2.023e+00  2.016e+00  2.043e+00  2.036e+00  2.022e+00  2.039e+00  2.050e+00  2.057e+00  2.035e+00  2.089e+00  2.040e+00  2.050e+00  2.050e+00  2.057e+00  2.011e+00  2.089e+00  2.022e+00  2.162e+00  2.059e+00  2.089e+00  2.079e+00  2.089e+00  2.088e+00  2.030e+00  2.017e+00  2.152e+00  2.201e+00  2.102e+00  2.165e+00  2.178e+00  2.124e+00  2.197e+00  2.215e+00  2.084e+00  2.325e+00  2.097e+00  2.171e+00  2.391e+00  2.192e+00  2.044e+00  2.374e+00  2.479e+00 	
 2.017e+00  2.022e+00  2.017e+00  2.028e+00  2.035e+00  2.037e+00  2.039e+00  2.044e+00  2.023e+00  2.043e+00  2.030e+00  2.049e+00  2.019e+00  2.024e+00  2.024e+00  2.054e+00  2.068e+00  2.058e+00  2.073e+00  2.061e+00  2.055e+00  2.060e+00  2.065e+00  2.057e+00  2.045e+00  2.067e+00  2.097e+00  2.005e+00  2.136e+00  2.175e+00  2.118e+00  2.047e+00  2.076e+00  2.106e+00  2.170e+00  2.223e+00  2.050e+00  2.077e+00  2.229e+00  2.080e+00  2.232e+00  2.093e+00  2.292e+00  2.070e+00  2.283e+00  2.185e+00  2.070e+00  2.373e+00  2.262e+00  2.019e+00 	
 2.012e+00  2.023e+00  2.025e+00  2.026e+00  2.019e+00  2.020e+00  2.026e+00  2.024e+00  2.022e+00  2.029e+00  2.022e+00  2.018e+00  2.032e+00  2.028e+00  2.052e+00  2.032e+00  2.036e+00  2.057e+00  2.027e+00  2.056e+00  2.068e+00  2.048e+00  2.055e+00  2.031e+00  2.070e+00  2.074e+00  2.115e+00  2.061e+00  2.016e+00  2.087e+00  2.059e+00  2.069e+00  2.090e+00  2.200e+00  2.193e+00  2.182e+00  2.131e+00  2.079e+00  2.079e+00  2.194e+00  2.104e+00  2.115e+00  2.195e+00  2.109e+00  2.237e+00  2.133e+00  2.191e+00  2.300e+00  2.044e+00  2.324e+00 	
 2.022e+00  2.022e+00  2.022e+00  2.014e+00  2.020e+00  2.027e+00  2.019e+00  2.024e+00  2.032e+00  2.021e+00  2.037e+00  2.039e+00  2.022e+00  2.028e+00  2.036e+00  2.044e+00  2.024e+00  2.050e+00  2.036e+00  2.032e+00  2.073e+00  2.040e+00  2.038e+00  2.018e+00  2.067e+00  2.044e+00  2.110e+00  2.083e+00  2.079e+00  2.110e+00  2.079e+00  2.067e+00  2.090e+00  2.124e+00  2.050e+00  2.013e+00  2.046e+00  2.039e+00  2.065e+00  2.113e+00  2.168e+00  2.143e+00  2.078e+00  2.206e+00  2.096e+00  2.195e+00  2.127e+00  2.186e+00  2.105e+00  2.308e+00 	
 2.009e+00  2.015e+00  2.012e+00  2.020e+00  2.014e+00  2.016e+00  2.020e+00  2.017e+00  2.019e+00  2.027e+00  2.032e+00  2.017e+00  2.029e+00  2.026e+00  2.043e+00  2.039e+00  2.036e+00  2.043e+00  2.029e+00  2.047e+00  2.024e+00  2.032e+00  2.024e+00  2.058e+00  2.076e+00  2.061e+00  2.088e+00  2.077e+00  2.074e+00  2.069e+00  2.076e+00  2.085e+00  2.114e+00  2.029e+00  2.114e+00  2.035e+00  2.072e+00  2.145e+00  2.127e+00  2.131e+00  2.146e+00  2.143e+00  2.105e+00  2.082e+00  2.160e+00  2.188e+00  2.070e+00  2.256e+00  2.097e+00  2.253e+00 	
 2.012e+00  2.012e+00  2.016e+00  2.011e+00  2.017e+00  2.011e+00  2.017e+00  2.020e+00  2.013e+00  2.022e+00  2.029e+00  2.023e+00  2.020e+00  2.037e+00  2.033e+00  2.017e+00  2.026e+00  2.024e+00  2.043e+00  2.032e+00  2.041e+00  2.045e+00  2.032e+00  2.052e+00  2.039e+00  2.018e+00  2.039e+00  2.074e+00  2.065e+00  2.014e+00  2.073e+00  2.033e+00  2.005e+00  2.011e+00  2.082e+00  2.085e+00  2.037e+00  2.109e+00  2.088e+00  2.061e+00  2.073e+00  2.082e+00  2.089e+00  2.079e+00  2.078e+00  2.130e+00  2.180e+00  2.092e+00  2.113e+00  2.216e+00 	
