 6.984e-01  6.915e-01  6.848e-01  6.782e-01  6.716e-01  6.649e-01  6.577e-01  6.497e-01  6.401e-01  6.284e-01  6.150e-01  5.947e-01  5.402e-01  4.575e-01  3.666e-01  2.859e-01  2.229e-01  1.741e-01  1.370e-01  1.089e-01  8.729e-02  7.013e-02  5.640e-02  4.538e-02  3.650e-02  2.934e-02  2.357e-02  1.893e-02  1.518e-02  1.217e-02  9.760e-03  7.815e-03  6.255e-03  5.012e-03  4.022e-03  3.214e-03  2.571e-03  2.063e-03  1.664e-03  1.336e-03  1.081e-03  8.824e-04  7.277e-04  6.087e-04  5.204e-04  4.542e-04  4.115e-04  4.311e-04  6.357e-04  1.475e-03 	
 7.085e-01  7.026e-01  6.971e-01  6.921e-01  6.876e-01  6.834e-01  6.793e-01  6.749e-01  6.692e-01  6.603e-01  6.434e-01  6.263e-01  6.033e-01  5.501e-01  4.675e-01  3.759e-01  2.947e-01  2.292e-01  1.791e-01  1.414e-01  1.127e-01  9.039e-02  7.280e-02  5.866e-02  4.725e-02  3.809e-02  3.072e-02  2.475e-02  1.990e-02  1.601e-02  1.289e-02  1.036e-02  8.321e-03  6.687e-03  5.377e-03  4.305e-03  3.444e-03  2.756e-03  2.208e-03  1.750e-03  1.385e-03  1.094e-03  8.600e-04  6.556e-04  4.891e-04  3.493e-04  2.175e-04  7.848e-05  6.160e-05  5.725e-04 	
 7.168e-01  7.116e-01  7.070e-01  7.031e-01  7.000e-01  6.978e-01  6.964e-01  6.955e-01  6.944e-01  6.921e-01  6.866e-01  6.610e-01  6.372e-01  6.145e-01  5.702e-01  4.937e-01  4.028e-01  3.178e-01  2.474e-01  1.932e-01  1.524e-01  1.212e-01  9.703e-02  7.798e-02  6.276e-02  5.060e-02  4.082e-02  3.291e-02  2.649e-02  2.133e-02  1.718e-02  1.382e-02  1.112e-02  8.943e-03  7.196e-03  5.775e-03  4.632e-03  3.716e-03  2.984e-03  2.381e-03  1.899e-03  1.512e-03  1.202e-03  9.398e-04  7.277e-04  5.516e-04  3.918e-04  2.280e-04  1.482e-04  4.521e-04 	
 7.231e-01  7.181e-01  7.139e-01  7.105e-01  7.082e-01  7.071e-01  7.074e-01  7.091e-01  7.119e-01  7.151e-01  7.164e-01  7.070e-01  6.766e-01  6.476e-01  6.255e-01  5.892e-01  5.193e-01  4.307e-01  3.424e-01  2.675e-01  2.090e-01  1.642e-01  1.301e-01  1.039e-01  8.337e-02  6.711e-02  5.412e-02  4.364e-02  3.515e-02  2.831e-02  2.282e-02  1.837e-02  1.478e-02  1.190e-02  9.578e-03  7.695e-03  6.179e-03  4.964e-03  3.991e-03  3.195e-03  2.558e-03  2.047e-03  1.637e-03  1.296e-03  1.023e-03  7.996e-04  6.056e-04  4.203e-04  3.039e-04  4.855e-04 	
 7.275e-01  7.223e-01  7.177e-01  7.140e-01  7.114e-01  7.103e-01  7.109e-01  7.136e-01  7.184e-01  7.244e-01  7.285e-01  7.263e-01  7.166e-01  6.888e-01  6.564e-01  6.333e-01  6.025e-01  5.429e-01  4.585e-01  3.685e-01  2.894e-01  2.256e-01  1.766e-01  1.395e-01  1.111e-01  8.908e-02  7.170e-02  5.778e-02  4.655e-02  3.751e-02  3.024e-02  2.436e-02  1.961e-02  1.579e-02  1.272e-02  1.023e-02  8.218e-03  6.606e-03  5.314e-03  4.261e-03  3.416e-03  2.739e-03  2.194e-03  1.747e-03  1.388e-03  1.097e-03  8.511e-04  6.283e-04  4.724e-04  5.660e-04 	
 7.302e-01  7.243e-01  7.188e-01  7.139e-01  7.100e-01  7.074e-01  7.066e-01  7.082e-01  7.130e-01  7.211e-01  7.316e-01  7.390e-01  7.344e-01  7.254e-01  7.008e-01  6.659e-01  6.409e-01  6.147e-01  5.656e-01  4.867e-01  3.962e-01  3.125e-01  2.432e-01  1.900e-01  1.497e-01  1.189e-01  9.522e-02  7.655e-02  6.161e-02  4.965e-02  4.003e-02  3.226e-02  2.600e-02  2.094e-02  1.687e-02  1.357e-02  1.091e-02  8.778e-03  7.063e-03  5.669e-03  4.550e-03  3.651e-03  2.928e-03  2.336e-03  1.862e-03  1.479e-03  1.161e-03  8.828e-04  6.760e-04  6.902e-04 	
 7.318e-01  7.247e-01  7.179e-01  7.112e-01  7.050e-01  6.994e-01  6.952e-01  6.932e-01  6.948e-01  7.019e-01  7.157e-01  7.311e-01  7.445e-01  7.421e-01  7.335e-01  7.127e-01  6.777e-01  6.485e-01  6.250e-01  5.848e-01  5.128e-01  4.239e-01  3.362e-01  2.623e-01  2.046e-01  1.607e-01  1.274e-01  1.018e-01  8.166e-02  6.572e-02  5.298e-02  4.271e-02  3.443e-02  2.775e-02  2.237e-02  1.800e-02  1.448e-02  1.165e-02  9.380e-03  7.534e-03  6.051e-03  4.858e-03  3.899e-03  3.116e-03  2.488e-03  1.983e-03  1.567e-03  1.211e-03  9.378e-04  8.698e-04 	
 7.328e-01  7.246e-01  7.161e-01  7.074e-01  6.982e-01  6.888e-01  6.794e-01  6.708e-01  6.647e-01  6.645e-01  6.759e-01  7.045e-01  7.335e-01  7.493e-01  7.482e-01  7.390e-01  7.210e-01  6.883e-01  6.551e-01  6.316e-01  5.987e-01  5.371e-01  4.516e-01  3.616e-01  2.831e-01  2.204e-01  1.725e-01  1.365e-01  1.088e-01  8.717e-02  7.014e-02  5.652e-02  4.557e-02  3.675e-02  2.963e-02  2.386e-02  1.921e-02  1.546e-02  1.245e-02  1.000e-02  8.039e-03  6.458e-03  5.185e-03  4.149e-03  3.318e-03  2.649e-03  2.103e-03  1.642e-03  1.281e-03  1.121e-03 	
 7.341e-01  7.249e-01  7.150e-01  7.044e-01  6.926e-01  6.794e-01  6.645e-01  6.478e-01  6.298e-01  6.139e-01  6.093e-01  6.439e-01  6.961e-01  7.348e-01  7.539e-01  7.543e-01  7.438e-01  7.285e-01  6.990e-01  6.633e-01  6.384e-01  6.113e-01  5.603e-01  4.792e-01  3.882e-01  3.052e-01  2.373e-01  1.856e-01  1.463e-01  1.163e-01  9.311e-02  7.485e-02  6.031e-02  4.863e-02  3.922e-02  3.160e-02  2.545e-02  2.050e-02  1.651e-02  1.328e-02  1.067e-02  8.578e-03  6.890e-03  5.518e-03  4.417e-03  3.532e-03  2.812e-03  2.211e-03  1.734e-03  1.465e-03 	
 7.363e-01  7.264e-01  7.158e-01  7.040e-01  6.907e-01  6.754e-01  6.571e-01  6.347e-01  6.068e-01  5.726e-01  5.373e-01  5.545e-01  6.276e-01  6.964e-01  7.372e-01  7.552e-01  7.578e-01  7.480e-01  7.348e-01  7.099e-01  6.740e-01  6.453e-01  6.218e-01  5.794e-01  5.049e-01  4.151e-01  3.281e-01  2.560e-01  1.997e-01  1.569e-01  1.244e-01  9.948e-02  7.991e-02  6.437e-02  5.190e-02  4.183e-02  3.371e-02  2.716e-02  2.188e-02  1.761e-02  1.416e-02  1.139e-02  9.150e-03  7.333e-03  5.875e-03  4.702e-03  3.751e-03  2.962e-03  2.333e-03  1.932e-03 	
 7.397e-01  7.298e-01  7.191e-01  7.074e-01  6.943e-01  6.793e-01  6.617e-01  6.405e-01  6.140e-01  5.787e-01  5.293e-01  4.950e-01  5.565e-01  6.310e-01  6.940e-01  7.361e-01  7.545e-01  7.595e-01  7.506e-01  7.384e-01  7.179e-01  6.841e-01  6.516e-01  6.290e-01  5.941e-01  5.295e-01  4.424e-01  3.532e-01  2.762e-01  2.149e-01  1.683e-01  1.333e-01  1.064e-01  8.535e-02  6.870e-02  5.536e-02  4.462e-02  3.596e-02  2.899e-02  2.334e-02  1.878e-02  1.511e-02  1.214e-02  9.739e-03  7.807e-03  6.253e-03  4.995e-03  3.958e-03  3.127e-03  2.563e-03 	
 7.446e-01  7.351e-01  7.250e-01  7.143e-01  7.027e-01  6.903e-01  6.769e-01  6.630e-01  6.490e-01  6.366e-01  6.272e-01  5.731e-01  5.337e-01  5.530e-01  6.221e-01  6.898e-01  7.289e-01  7.515e-01  7.599e-01  7.541e-01  7.417e-01  7.253e-01  6.950e-01  6.604e-01  6.365e-01  6.079e-01  5.536e-01  4.702e-01  3.792e-01  2.974e-01  2.311e-01  1.809e-01  1.429e-01  1.138e-01  9.117e-02  7.331e-02  5.905e-02  4.760e-02  3.838e-02  3.091e-02  2.489e-02  2.003e-02  1.611e-02  1.293e-02  1.037e-02  8.309e-03  6.644e-03  5.276e-03  4.179e-03  3.409e-03 	
 7.505e-01  7.418e-01  7.327e-01  7.235e-01  7.141e-01  7.048e-01  6.961e-01  6.890e-01  6.853e-01  6.879e-01  6.992e-01  6.679e-01  5.801e-01  5.312e-01  5.589e-01  6.189e-01  6.730e-01  7.219e-01  7.476e-01  7.575e-01  7.560e-01  7.450e-01  7.318e-01  7.064e-01  6.712e-01  6.438e-01  6.198e-01  5.734e-01  4.961e-01  4.055e-01  3.195e-01  2.493e-01  1.948e-01  1.533e-01  1.217e-01  9.739e-02  7.824e-02  6.300e-02  5.080e-02  4.093e-02  3.297e-02  2.654e-02  2.135e-02  1.714e-02  1.376e-02  1.103e-02  8.829e-03  7.023e-03  5.575e-03  4.541e-03 	
 7.572e-01  7.493e-01  7.414e-01  7.337e-01  7.262e-01  7.194e-01  7.136e-01  7.094e-01  7.073e-01  7.065e-01  7.029e-01  7.260e-01  7.014e-01  6.261e-01  5.585e-01  5.449e-01  5.953e-01  6.631e-01  7.100e-01  7.406e-01  7.539e-01  7.569e-01  7.475e-01  7.362e-01  7.153e-01  6.814e-01  6.500e-01  6.274e-01  5.893e-01  5.211e-01  4.324e-01  3.442e-01  2.691e-01  2.097e-01  1.644e-01  1.304e-01  1.041e-01  8.353e-02  6.725e-02  5.417e-02  4.365e-02  3.515e-02  2.829e-02  2.273e-02  1.825e-02  1.464e-02  1.172e-02  9.338e-03  7.427e-03  6.054e-03 	
 7.641e-01  7.571e-01  7.502e-01  7.437e-01  7.377e-01  7.324e-01  7.281e-01  7.248e-01  7.224e-01  7.197e-01  7.160e-01  7.300e-01  7.428e-01  7.060e-01  6.339e-01  5.616e-01  5.499e-01  5.840e-01  6.397e-01  6.967e-01  7.299e-01  7.495e-01  7.574e-01  7.520e-01  7.407e-01  7.238e-01  6.923e-01  6.588e-01  6.353e-01  6.045e-01  5.462e-01  4.603e-01  3.702e-01  2.900e-01  2.255e-01  1.768e-01  1.397e-01  1.113e-01  8.923e-02  7.174e-02  5.777e-02  4.653e-02  3.746e-02  3.011e-02  2.420e-02  1.942e-02  1.556e-02  1.240e-02  9.882e-03  8.071e-03 	
 7.710e-01  7.646e-01  7.586e-01  7.529e-01  7.478e-01  7.435e-01  7.400e-01  7.374e-01  7.359e-01  7.355e-01  7.378e-01  7.194e-01  7.418e-01  7.477e-01  7.104e-01  6.551e-01  5.742e-01  5.292e-01  5.636e-01  6.259e-01  6.753e-01  7.203e-01  7.451e-01  7.563e-01  7.553e-01  7.449e-01  7.314e-01  7.041e-01  6.694e-01  6.433e-01  6.178e-01  5.669e-01  4.872e-01  3.965e-01  3.117e-01  2.434e-01  1.903e-01  1.499e-01  1.191e-01  9.530e-02  7.655e-02  6.160e-02  4.958e-02  3.987e-02  3.205e-02  2.574e-02  2.063e-02  1.646e-02  1.314e-02  1.076e-02 	
 7.777e-01  7.718e-01  7.663e-01  7.612e-01  7.567e-01  7.528e-01  7.496e-01  7.473e-01  7.460e-01  7.458e-01  7.456e-01  7.544e-01  7.481e-01  7.313e-01  7.318e-01  7.320e-01  6.714e-01  5.958e-01  5.460e-01  5.472e-01  5.949e-01  6.609e-01  7.071e-01  7.397e-01  7.546e-01  7.577e-01  7.480e-01  7.363e-01  7.137e-01  6.795e-01  6.493e-01  6.262e-01  5.845e-01  5.131e-01  4.232e-01  3.362e-01  2.626e-01  2.047e-01  1.607e-01  1.275e-01  1.018e-01  8.167e-02  6.565e-02  5.278e-02  4.244e-02  3.410e-02  2.735e-02  2.184e-02  1.745e-02  1.433e-02 	
 7.839e-01  7.784e-01  7.733e-01  7.685e-01  7.642e-01  7.605e-01  7.573e-01  7.547e-01  7.527e-01  7.520e-01  7.553e-01  7.548e-01  7.615e-01  7.482e-01  7.187e-01  7.373e-01  7.305e-01  6.834e-01  6.018e-01  5.453e-01  5.452e-01  5.817e-01  6.360e-01  6.969e-01  7.325e-01  7.524e-01  7.595e-01  7.527e-01  7.413e-01  7.232e-01  6.901e-01  6.579e-01  6.344e-01  6.008e-01  5.388e-01  4.513e-01  3.617e-01  2.830e-01  2.201e-01  1.728e-01  1.366e-01  1.088e-01  8.709e-02  6.991e-02  5.619e-02  4.515e-02  3.622e-02  2.895e-02  2.316e-02  1.908e-02 	
 7.897e-01  7.845e-01  7.796e-01  7.750e-01  7.708e-01  7.671e-01  7.637e-01  7.607e-01  7.578e-01  7.542e-01  7.472e-01  7.593e-01  7.471e-01  7.555e-01  7.442e-01  7.159e-01  7.418e-01  7.373e-01  7.175e-01  6.574e-01  5.744e-01  5.263e-01  5.586e-01  6.277e-01  6.808e-01  7.257e-01  7.494e-01  7.593e-01  7.568e-01  7.464e-01  7.318e-01  7.021e-01  6.677e-01  6.420e-01  6.151e-01  5.603e-01  4.784e-01  3.877e-01  3.043e-01  2.377e-01  1.858e-01  1.463e-01  1.162e-01  9.284e-02  7.446e-02  5.978e-02  4.796e-02  3.835e-02  3.072e-02  2.539e-02 	
 7.951e-01  7.900e-01  7.852e-01  7.808e-01  7.766e-01  7.729e-01  7.696e-01  7.667e-01  7.644e-01  7.635e-01  7.665e-01  7.705e-01  7.679e-01  7.480e-01  7.394e-01  7.418e-01  7.338e-01  7.514e-01  7.616e-01  7.366e-01  6.662e-01  5.886e-01  5.399e-01  5.493e-01  6.011e-01  6.696e-01  7.150e-01  7.451e-01  7.587e-01  7.605e-01  7.499e-01  7.371e-01  7.121e-01  6.771e-01  6.479e-01  6.241e-01  5.792e-01  5.050e-01  4.144e-01  3.285e-01  2.563e-01  1.997e-01  1.566e-01  1.241e-01  9.902e-02  7.927e-02  6.352e-02  5.079e-02  4.072e-02  3.376e-02 	
 8.001e-01  7.951e-01  7.904e-01  7.860e-01  7.819e-01  7.781e-01  7.748e-01  7.721e-01  7.704e-01  7.702e-01  7.719e-01  7.820e-01  7.754e-01  7.698e-01  7.480e-01  7.423e-01  7.499e-01  7.466e-01  7.541e-01  7.629e-01  7.343e-01  6.754e-01  5.896e-01  5.346e-01  5.465e-01  5.942e-01  6.478e-01  7.063e-01  7.403e-01  7.586e-01  7.634e-01  7.546e-01  7.421e-01  7.217e-01  6.873e-01  6.567e-01  6.334e-01  5.972e-01  5.316e-01  4.425e-01  3.533e-01  2.757e-01  2.143e-01  1.680e-01  1.327e-01  1.056e-01  8.428e-02  6.730e-02  5.396e-02  4.486e-02 	
 8.048e-01  7.999e-01  7.952e-01  7.908e-01  7.866e-01  7.828e-01  7.794e-01  7.765e-01  7.743e-01  7.734e-01  7.755e-01  7.814e-01  7.745e-01  7.670e-01  7.644e-01  7.529e-01  7.518e-01  7.478e-01  7.540e-01  7.515e-01  7.568e-01  7.393e-01  7.155e-01  6.516e-01  5.747e-01  5.360e-01  5.675e-01  6.404e-01  6.935e-01  7.356e-01  7.563e-01  7.639e-01  7.585e-01  7.467e-01  7.309e-01  6.999e-01  6.668e-01  6.422e-01  6.133e-01  5.540e-01  4.696e-01  3.783e-01  2.960e-01  2.307e-01  1.802e-01  1.418e-01  1.124e-01  8.938e-02  7.155e-02  5.961e-02 	
 8.092e-01  8.043e-01  7.996e-01  7.952e-01  7.911e-01  7.872e-01  7.836e-01  7.803e-01  7.775e-01  7.749e-01  7.722e-01  7.780e-01  7.789e-01  7.771e-01  7.706e-01  7.734e-01  7.632e-01  7.587e-01  7.695e-01  7.637e-01  7.462e-01  7.564e-01  7.640e-01  7.279e-01  6.606e-01  5.833e-01  5.415e-01  5.622e-01  6.163e-01  6.844e-01  7.276e-01  7.533e-01  7.633e-01  7.617e-01  7.502e-01  7.369e-01  7.111e-01  6.768e-01  6.491e-01  6.234e-01  5.740e-01  4.958e-01  4.039e-01  3.186e-01  2.481e-01  1.931e-01  1.514e-01  1.194e-01  9.519e-02  7.933e-02 	
 8.133e-01  8.085e-01  8.039e-01  7.995e-01  7.954e-01  7.915e-01  7.879e-01  7.846e-01  7.817e-01  7.798e-01  7.804e-01  7.890e-01  7.913e-01  7.865e-01  7.839e-01  7.839e-01  7.831e-01  7.736e-01  7.517e-01  7.574e-01  7.526e-01  7.478e-01  7.536e-01  7.612e-01  7.331e-01  6.701e-01  5.879e-01  5.294e-01  5.511e-01  6.136e-01  6.673e-01  7.199e-01  7.486e-01  7.625e-01  7.649e-01  7.555e-01  7.434e-01  7.222e-01  6.876e-01  6.583e-01  6.334e-01  5.927e-01  5.218e-01  4.307e-01  3.420e-01  2.662e-01  2.066e-01  1.613e-01  1.275e-01  1.061e-01 	
 8.173e-01  8.125e-01  8.079e-01  8.036e-01  7.995e-01  7.957e-01  7.923e-01  7.892e-01  7.868e-01  7.855e-01  7.864e-01  7.948e-01  7.959e-01  7.927e-01  7.939e-01  7.874e-01  7.891e-01  7.783e-01  7.745e-01  7.613e-01  7.464e-01  7.480e-01  7.345e-01  7.471e-01  7.571e-01  7.520e-01  7.133e-01  6.374e-01  5.713e-01  5.525e-01  5.853e-01  6.585e-01  7.073e-01  7.425e-01  7.601e-01  7.667e-01  7.610e-01  7.497e-01  7.330e-01  7.007e-01  6.678e-01  6.425e-01  6.093e-01  5.443e-01  4.570e-01  3.655e-01  2.849e-01  2.210e-01  1.730e-01  1.431e-01 	
 8.211e-01  8.163e-01  8.118e-01  8.076e-01  8.036e-01  8.000e-01  7.967e-01  7.939e-01  7.917e-01  7.907e-01  7.919e-01  7.990e-01  7.963e-01  7.928e-01  7.965e-01  7.919e-01  7.835e-01  7.832e-01  7.662e-01  7.656e-01  7.620e-01  7.578e-01  7.648e-01  7.640e-01  7.490e-01  7.526e-01  7.569e-01  7.147e-01  6.486e-01  5.755e-01  5.498e-01  5.834e-01  6.346e-01  6.949e-01  7.354e-01  7.588e-01  7.683e-01  7.661e-01  7.546e-01  7.400e-01  7.117e-01  6.769e-01  6.498e-01  6.207e-01  5.655e-01  4.826e-01  3.894e-01  3.048e-01  2.377e-01  1.954e-01 	
 8.246e-01  8.199e-01  8.155e-01  8.114e-01  8.075e-01  8.040e-01  8.010e-01  7.984e-01  7.964e-01  7.950e-01  7.938e-01  7.945e-01  7.975e-01  7.986e-01  8.030e-01  8.003e-01  7.960e-01  7.909e-01  7.889e-01  7.832e-01  7.705e-01  7.603e-01  7.457e-01  7.591e-01  7.574e-01  7.422e-01  7.357e-01  7.403e-01  7.221e-01  6.693e-01  5.938e-01  5.381e-01  5.580e-01  6.252e-01  6.800e-01  7.290e-01  7.570e-01  7.701e-01  7.711e-01  7.607e-01  7.467e-01  7.226e-01  6.870e-01  6.590e-01  6.327e-01  5.858e-01  5.075e-01  4.135e-01  3.276e-01  2.693e-01 	
 8.280e-01  8.234e-01  8.190e-01  8.149e-01  8.112e-01  8.078e-01  8.049e-01  8.025e-01  8.009e-01  8.002e-01  8.009e-01  8.019e-01  8.078e-01  8.085e-01  8.089e-01  8.025e-01  7.996e-01  7.939e-01  7.916e-01  7.847e-01  7.800e-01  7.721e-01  7.708e-01  7.550e-01  7.490e-01  7.517e-01  7.415e-01  7.282e-01  7.242e-01  7.316e-01  6.912e-01  6.155e-01  5.596e-01  5.573e-01  5.969e-01  6.707e-01  7.211e-01  7.545e-01  7.704e-01  7.744e-01  7.659e-01  7.529e-01  7.334e-01  7.000e-01  6.695e-01  6.439e-01  6.033e-01  5.293e-01  4.403e-01  3.684e-01 	
 8.312e-01  8.266e-01  8.222e-01  8.182e-01  8.145e-01  8.112e-01  8.084e-01  8.061e-01  8.045e-01  8.039e-01  8.049e-01  8.058e-01  8.074e-01  8.054e-01  8.059e-01  8.059e-01  8.053e-01  7.987e-01  7.892e-01  7.931e-01  7.895e-01  7.867e-01  7.799e-01  7.789e-01  7.627e-01  7.537e-01  7.442e-01  7.436e-01  7.383e-01  7.472e-01  7.414e-01  7.006e-01  6.184e-01  5.544e-01  5.488e-01  5.987e-01  6.552e-01  7.137e-01  7.518e-01  7.711e-01  7.764e-01  7.706e-01  7.580e-01  7.415e-01  7.124e-01  6.794e-01  6.528e-01  6.161e-01  5.534e-01  4.841e-01 	
 8.342e-01  8.296e-01  8.252e-01  8.212e-01  8.175e-01  8.142e-01  8.113e-01  8.089e-01  8.069e-01  8.054e-01  8.038e-01  8.053e-01  8.063e-01  8.080e-01  8.087e-01  8.087e-01  8.081e-01  8.008e-01  7.948e-01  7.957e-01  7.899e-01  7.857e-01  7.880e-01  7.819e-01  7.780e-01  7.700e-01  7.625e-01  7.710e-01  7.659e-01  7.426e-01  7.498e-01  7.423e-01  7.172e-01  6.696e-01  5.942e-01  5.518e-01  5.784e-01  6.498e-01  7.059e-01  7.479e-01  7.696e-01  7.782e-01  7.758e-01  7.646e-01  7.506e-01  7.247e-01  6.898e-01  6.622e-01  6.319e-01  5.876e-01 	
 8.371e-01  8.324e-01  8.280e-01  8.239e-01  8.202e-01  8.169e-01  8.139e-01  8.114e-01  8.093e-01  8.078e-01  8.071e-01  8.098e-01  8.107e-01  8.117e-01  8.113e-01  8.076e-01  8.036e-01  8.023e-01  8.013e-01  7.994e-01  7.947e-01  7.947e-01  7.945e-01  7.850e-01  7.823e-01  7.764e-01  7.797e-01  7.636e-01  7.671e-01  7.600e-01  7.277e-01  7.502e-01  7.638e-01  7.451e-01  6.831e-01  6.086e-01  5.673e-01  5.839e-01  6.319e-01  6.976e-01  7.413e-01  7.676e-01  7.793e-01  7.806e-01  7.725e-01  7.595e-01  7.368e-01  7.022e-01  6.736e-01  6.489e-01 	
 8.397e-01  8.350e-01  8.305e-01  8.264e-01  8.226e-01  8.192e-01  8.162e-01  8.137e-01  8.117e-01  8.104e-01  8.100e-01  8.104e-01  8.100e-01  8.133e-01  8.136e-01  8.123e-01  8.109e-01  8.080e-01  8.083e-01  8.009e-01  8.013e-01  8.008e-01  7.994e-01  7.921e-01  7.839e-01  7.793e-01  7.682e-01  7.743e-01  7.665e-01  7.557e-01  7.591e-01  7.548e-01  7.613e-01  7.705e-01  7.487e-01  6.951e-01  6.190e-01  5.644e-01  5.721e-01  6.328e-01  6.859e-01  7.349e-01  7.663e-01  7.818e-01  7.865e-01  7.799e-01  7.669e-01  7.463e-01  7.144e-01  6.855e-01 	
 8.422e-01  8.374e-01  8.328e-01  8.286e-01  8.248e-01  8.213e-01  8.182e-01  8.157e-01  8.137e-01  8.124e-01  8.119e-01  8.115e-01  8.142e-01  8.146e-01  8.145e-01  8.136e-01  8.133e-01  8.103e-01  8.068e-01  8.068e-01  8.046e-01  8.010e-01  8.027e-01  7.965e-01  7.843e-01  7.807e-01  7.812e-01  7.746e-01  7.714e-01  7.699e-01  7.618e-01  7.670e-01  7.643e-01  7.611e-01  7.668e-01  7.629e-01  7.317e-01  6.738e-01  6.100e-01  5.882e-01  6.155e-01  6.786e-01  7.295e-01  7.648e-01  7.855e-01  7.926e-01  7.875e-01  7.748e-01  7.576e-01  7.321e-01 	
 8.446e-01  8.396e-01  8.350e-01  8.307e-01  8.267e-01  8.231e-01  8.199e-01  8.172e-01  8.151e-01  8.136e-01  8.127e-01  8.126e-01  8.139e-01  8.155e-01  8.164e-01  8.188e-01  8.173e-01  8.131e-01  8.076e-01  8.073e-01  8.055e-01  8.022e-01  8.052e-01  7.979e-01  7.943e-01  7.907e-01  7.887e-01  7.849e-01  7.845e-01  7.847e-01  7.739e-01  7.656e-01  7.739e-01  7.738e-01  7.554e-01  7.599e-01  7.731e-01  7.497e-01  6.941e-01  6.250e-01  5.937e-01  6.174e-01  6.658e-01  7.224e-01  7.668e-01  7.900e-01  7.982e-01  7.948e-01  7.848e-01  7.719e-01 	
 8.468e-01  8.418e-01  8.370e-01  8.325e-01  8.284e-01  8.247e-01  8.213e-01  8.184e-01  8.161e-01  8.144e-01  8.141e-01  8.159e-01  8.176e-01  8.196e-01  8.198e-01  8.205e-01  8.201e-01  8.172e-01  8.128e-01  8.106e-01  8.110e-01  8.112e-01  8.093e-01  8.071e-01  8.043e-01  7.995e-01  7.930e-01  7.935e-01  7.866e-01  7.882e-01  7.860e-01  7.806e-01  7.610e-01  7.641e-01  7.628e-01  7.420e-01  7.625e-01  7.757e-01  7.670e-01  7.133e-01  6.441e-01  5.882e-01  5.955e-01  6.624e-01  7.247e-01  7.696e-01  7.942e-01  8.040e-01  8.036e-01  7.950e-01 	
 8.491e-01  8.439e-01  8.389e-01  8.343e-01  8.300e-01  8.261e-01  8.226e-01  8.195e-01  8.169e-01  8.149e-01  8.131e-01  8.136e-01  8.167e-01  8.208e-01  8.220e-01  8.233e-01  8.223e-01  8.196e-01  8.153e-01  8.124e-01  8.136e-01  8.118e-01  8.115e-01  8.118e-01  8.102e-01  8.027e-01  7.948e-01  7.940e-01  7.920e-01  7.908e-01  7.937e-01  7.853e-01  7.786e-01  7.680e-01  7.555e-01  7.634e-01  7.700e-01  7.737e-01  7.752e-01  7.748e-01  7.381e-01  6.678e-01  6.090e-01  6.108e-01  6.605e-01  7.252e-01  7.731e-01  7.989e-01  8.120e-01  8.130e-01 	
 8.513e-01  8.459e-01  8.408e-01  8.360e-01  8.316e-01  8.275e-01  8.238e-01  8.207e-01  8.180e-01  8.162e-01  8.158e-01  8.165e-01  8.189e-01  8.195e-01  8.201e-01  8.218e-01  8.230e-01  8.214e-01  8.184e-01  8.139e-01  8.132e-01  8.107e-01  8.102e-01  8.082e-01  8.068e-01  8.004e-01  7.982e-01  7.997e-01  7.939e-01  7.964e-01  7.932e-01  7.883e-01  7.863e-01  7.835e-01  7.746e-01  7.721e-01  7.838e-01  7.884e-01  7.839e-01  7.843e-01  7.838e-01  7.466e-01  6.703e-01  6.055e-01  6.117e-01  6.700e-01  7.306e-01  7.746e-01  8.068e-01  8.195e-01 	
 8.535e-01  8.479e-01  8.427e-01  8.377e-01  8.331e-01  8.289e-01  8.251e-01  8.218e-01  8.191e-01  8.171e-01  8.158e-01  8.177e-01  8.198e-01  8.221e-01  8.249e-01  8.262e-01  8.250e-01  8.231e-01  8.213e-01  8.180e-01  8.171e-01  8.160e-01  8.136e-01  8.152e-01  8.115e-01  8.088e-01  8.034e-01  7.986e-01  7.937e-01  7.932e-01  7.945e-01  7.954e-01  7.854e-01  7.782e-01  7.825e-01  7.880e-01  7.866e-01  8.021e-01  8.073e-01  7.930e-01  7.889e-01  7.866e-01  7.578e-01  7.062e-01  6.498e-01  6.332e-01  6.692e-01  7.298e-01  7.850e-01  8.128e-01 	
 8.557e-01  8.500e-01  8.446e-01  8.395e-01  8.347e-01  8.303e-01  8.264e-01  8.231e-01  8.203e-01  8.184e-01  8.176e-01  8.186e-01  8.198e-01  8.223e-01  8.253e-01  8.271e-01  8.262e-01  8.252e-01  8.226e-01  8.211e-01  8.198e-01  8.178e-01  8.168e-01  8.167e-01  8.133e-01  8.082e-01  8.049e-01  8.015e-01  8.033e-01  8.058e-01  8.016e-01  7.996e-01  7.885e-01  7.827e-01  7.905e-01  7.882e-01  8.008e-01  7.995e-01  8.062e-01  8.088e-01  7.948e-01  7.945e-01  7.994e-01  7.795e-01  7.239e-01  6.597e-01  6.382e-01  6.807e-01  7.434e-01  7.859e-01 	
 8.581e-01  8.522e-01  8.466e-01  8.412e-01  8.363e-01  8.317e-01  8.277e-01  8.242e-01  8.215e-01  8.198e-01  8.193e-01  8.204e-01  8.224e-01  8.242e-01  8.263e-01  8.264e-01  8.265e-01  8.257e-01  8.255e-01  8.238e-01  8.222e-01  8.203e-01  8.184e-01  8.171e-01  8.156e-01  8.111e-01  8.108e-01  8.090e-01  8.100e-01  8.064e-01  8.004e-01  8.009e-01  7.981e-01  7.957e-01  7.896e-01  7.928e-01  8.019e-01  8.143e-01  8.174e-01  8.116e-01  8.108e-01  8.034e-01  8.010e-01  8.057e-01  7.889e-01  7.373e-01  6.748e-01  6.483e-01  6.862e-01  7.408e-01 	
 8.606e-01  8.545e-01  8.487e-01  8.431e-01  8.379e-01  8.332e-01  8.289e-01  8.253e-01  8.224e-01  8.205e-01  8.199e-01  8.214e-01  8.240e-01  8.260e-01  8.275e-01  8.281e-01  8.285e-01  8.278e-01  8.261e-01  8.255e-01  8.234e-01  8.195e-01  8.177e-01  8.168e-01  8.184e-01  8.156e-01  8.149e-01  8.121e-01  8.100e-01  8.077e-01  8.002e-01  8.008e-01  8.001e-01  7.961e-01  7.932e-01  7.981e-01  8.098e-01  8.208e-01  8.282e-01  8.279e-01  8.193e-01  8.182e-01  8.126e-01  8.065e-01  8.090e-01  7.968e-01  7.571e-01  6.885e-01  6.609e-01  6.941e-01 	
 8.633e-01  8.570e-01  8.509e-01  8.451e-01  8.397e-01  8.347e-01  8.302e-01  8.263e-01  8.232e-01  8.210e-01  8.200e-01  8.219e-01  8.244e-01  8.261e-01  8.275e-01  8.288e-01  8.294e-01  8.282e-01  8.278e-01  8.252e-01  8.228e-01  8.203e-01  8.201e-01  8.192e-01  8.189e-01  8.192e-01  8.166e-01  8.152e-01  8.130e-01  8.099e-01  8.099e-01  8.071e-01  8.058e-01  8.039e-01  8.001e-01  8.081e-01  8.209e-01  8.326e-01  8.410e-01  8.400e-01  8.343e-01  8.214e-01  8.237e-01  8.218e-01  8.179e-01  8.162e-01  8.072e-01  7.518e-01  6.814e-01  6.617e-01 	
 8.663e-01  8.597e-01  8.534e-01  8.473e-01  8.416e-01  8.363e-01  8.315e-01  8.274e-01  8.239e-01  8.215e-01  8.203e-01  8.220e-01  8.242e-01  8.260e-01  8.285e-01  8.298e-01  8.299e-01  8.293e-01  8.287e-01  8.263e-01  8.252e-01  8.235e-01  8.214e-01  8.203e-01  8.213e-01  8.215e-01  8.204e-01  8.183e-01  8.173e-01  8.164e-01  8.188e-01  8.165e-01  8.125e-01  8.080e-01  8.048e-01  8.121e-01  8.274e-01  8.424e-01  8.479e-01  8.530e-01  8.474e-01  8.399e-01  8.235e-01  8.239e-01  8.323e-01  8.270e-01  8.186e-01  8.032e-01  7.561e-01  7.133e-01 	
 8.696e-01  8.627e-01  8.561e-01  8.498e-01  8.438e-01  8.382e-01  8.330e-01  8.286e-01  8.248e-01  8.222e-01  8.210e-01  8.226e-01  8.245e-01  8.266e-01  8.284e-01  8.300e-01  8.302e-01  8.298e-01  8.293e-01  8.281e-01  8.256e-01  8.248e-01  8.212e-01  8.215e-01  8.227e-01  8.223e-01  8.215e-01  8.205e-01  8.194e-01  8.204e-01  8.198e-01  8.145e-01  8.078e-01  8.064e-01  8.091e-01  8.212e-01  8.345e-01  8.503e-01  8.608e-01  8.639e-01  8.589e-01  8.501e-01  8.438e-01  8.317e-01  8.356e-01  8.407e-01  8.279e-01  8.142e-01  8.032e-01  7.820e-01 	
 8.732e-01  8.662e-01  8.593e-01  8.526e-01  8.463e-01  8.403e-01  8.348e-01  8.300e-01  8.259e-01  8.229e-01  8.214e-01  8.227e-01  8.251e-01  8.275e-01  8.292e-01  8.303e-01  8.306e-01  8.307e-01  8.294e-01  8.281e-01  8.267e-01  8.260e-01  8.253e-01  8.232e-01  8.231e-01  8.231e-01  8.216e-01  8.203e-01  8.209e-01  8.199e-01  8.203e-01  8.165e-01  8.131e-01  8.138e-01  8.168e-01  8.238e-01  8.411e-01  8.604e-01  8.712e-01  8.737e-01  8.686e-01  8.616e-01  8.529e-01  8.476e-01  8.474e-01  8.470e-01  8.435e-01  8.230e-01  8.115e-01  8.140e-01 	
 8.773e-01  8.700e-01  8.629e-01  8.560e-01  8.493e-01  8.429e-01  8.370e-01  8.317e-01  8.272e-01  8.238e-01  8.220e-01  8.234e-01  8.257e-01  8.281e-01  8.299e-01  8.310e-01  8.316e-01  8.311e-01  8.299e-01  8.285e-01  8.281e-01  8.276e-01  8.273e-01  8.262e-01  8.247e-01  8.243e-01  8.234e-01  8.236e-01  8.221e-01  8.205e-01  8.199e-01  8.183e-01  8.161e-01  8.169e-01  8.194e-01  8.267e-01  8.493e-01  8.691e-01  8.795e-01  8.835e-01  8.796e-01  8.725e-01  8.627e-01  8.587e-01  8.605e-01  8.597e-01  8.507e-01  8.408e-01  8.229e-01  8.236e-01 	
 8.820e-01  8.745e-01  8.671e-01  8.599e-01  8.529e-01  8.461e-01  8.397e-01  8.338e-01  8.287e-01  8.247e-01  8.225e-01  8.236e-01  8.262e-01  8.285e-01  8.301e-01  8.310e-01  8.314e-01  8.317e-01  8.310e-01  8.304e-01  8.295e-01  8.288e-01  8.273e-01  8.264e-01  8.262e-01  8.260e-01  8.247e-01  8.220e-01  8.231e-01  8.226e-01  8.211e-01  8.194e-01  8.181e-01  8.182e-01  8.179e-01  8.283e-01  8.543e-01  8.755e-01  8.878e-01  8.936e-01  8.897e-01  8.818e-01  8.739e-01  8.667e-01  8.717e-01  8.732e-01  8.653e-01  8.490e-01  8.423e-01  8.352e-01 	
 8.873e-01  8.796e-01  8.721e-01  8.646e-01  8.573e-01  8.502e-01  8.433e-01  8.368e-01  8.309e-01  8.260e-01  8.228e-01  8.234e-01  8.257e-01  8.281e-01  8.299e-01  8.308e-01  8.315e-01  8.317e-01  8.315e-01  8.303e-01  8.292e-01  8.283e-01  8.271e-01  8.274e-01  8.275e-01  8.275e-01  8.254e-01  8.245e-01  8.257e-01  8.252e-01  8.254e-01  8.240e-01  8.221e-01  8.188e-01  8.212e-01  8.332e-01  8.628e-01  8.858e-01  8.992e-01  9.032e-01  8.980e-01  8.907e-01  8.844e-01  8.773e-01  8.819e-01  8.848e-01  8.773e-01  8.638e-01  8.513e-01  8.524e-01 	
 8.932e-01  8.855e-01  8.778e-01  8.702e-01  8.627e-01  8.553e-01  8.480e-01  8.410e-01  8.343e-01  8.283e-01  8.236e-01  8.231e-01  8.254e-01  8.283e-01  8.301e-01  8.313e-01  8.314e-01  8.318e-01  8.316e-01  8.307e-01  8.299e-01  8.293e-01  8.290e-01  8.280e-01  8.275e-01  8.269e-01  8.271e-01  8.270e-01  8.264e-01  8.256e-01  8.260e-01  8.253e-01  8.246e-01  8.231e-01  8.232e-01  8.375e-01  8.690e-01  8.928e-01  9.058e-01  9.099e-01  9.062e-01  9.003e-01  8.936e-01  8.873e-01  8.931e-01  8.949e-01  8.903e-01  8.740e-01  8.570e-01  8.542e-01 	
 8.999e-01  8.921e-01  8.844e-01  8.767e-01  8.692e-01  8.617e-01  8.543e-01  8.471e-01  8.400e-01  8.333e-01  8.272e-01  8.259e-01  8.274e-01  8.297e-01  8.315e-01  8.325e-01  8.332e-01  8.331e-01  8.326e-01  8.322e-01  8.315e-01  8.310e-01  8.301e-01  8.297e-01  8.290e-01  8.283e-01  8.282e-01  8.285e-01  8.282e-01  8.266e-01  8.276e-01  8.278e-01  8.269e-01  8.268e-01  8.302e-01  8.445e-01  8.746e-01  8.977e-01  9.113e-01  9.166e-01  9.144e-01  9.093e-01  9.017e-01  8.963e-01  9.018e-01  9.036e-01  8.976e-01  8.845e-01  8.698e-01  8.626e-01 	
