-9.215e-05 -2.571e-05 -1.994e-05 -1.587e-05 -1.330e-05 -1.152e-05 -1.021e-05 -9.199e-06 -8.386e-06 -7.719e-06 -7.161e-06 -6.686e-06 -6.276e-06 -5.919e-06 -5.605e-06 -5.326e-06 -5.077e-06 -4.853e-06 -4.651e-06 -4.467e-06 -4.299e-06 -4.145e-06 -4.003e-06 -3.873e-06 -3.752e-06 -3.641e-06 -3.537e-06 -3.441e-06 -3.351e-06 -3.268e-06 -3.191e-06 -3.120e-06 -3.055e-06 -2.997e-06 -2.946e-06 -2.903e-06 -2.869e-06 -2.845e-06 -2.829e-06 -2.822e-06 -2.819e-06 -2.813e-06 -2.794e-06 -2.741e-06 -2.629e-06 -2.416e-06 -2.047e-06 -1.445e-06 -5.013e-07  9.357e-07 	
-3.581e-05  2.482e-06  4.009e-07  1.101e-06  1.494e-06  1.692e-06  1.789e-06  1.831e-06  1.839e-06  1.828e-06  1.803e-06  1.771e-06  1.734e-06  1.694e-06  1.653e-06  1.611e-06  1.569e-06  1.527e-06  1.486e-06  1.445e-06  1.405e-06  1.365e-06  1.326e-06  1.288e-06  1.250e-06  1.213e-06  1.175e-06  1.138e-06  1.100e-06  1.062e-06  1.022e-06  9.806e-07  9.353e-07  8.850e-07  8.275e-07  7.605e-07  6.815e-07  5.881e-07  4.793e-07  3.561e-07  2.235e-07  9.287e-08 -1.491e-08 -6.533e-08 -5.154e-09  2.441e-07  7.947e-07  1.805e-06  3.497e-06  6.186e-06 	
-1.766e-05  1.008e-05  4.043e-06  3.240e-06  2.704e-06  2.288e-06  1.963e-06  1.705e-06  1.496e-06  1.322e-06  1.177e-06  1.053e-06  9.467e-07  8.541e-07  7.729e-07  7.011e-07  6.372e-07  5.797e-07  5.278e-07  4.805e-07  4.372e-07  3.972e-07  3.601e-07  3.253e-07  2.926e-07  2.615e-07  2.317e-07  2.029e-07  1.746e-07  1.461e-07  1.166e-07  8.512e-08  4.990e-08  8.938e-09 -4.037e-08 -1.011e-07 -1.763e-07 -2.687e-07 -3.797e-07 -5.076e-07 -6.455e-07 -7.785e-07 -8.792e-07 -9.034e-07 -7.834e-07 -4.208e-07  3.236e-07  1.644e-06  3.810e-06  7.205e-06 	
-1.266e-05  1.062e-05  3.054e-06  2.024e-06  1.447e-06  1.064e-06  8.038e-07  6.201e-07  4.857e-07  3.844e-07  3.060e-07  2.440e-07  1.941e-07  1.531e-07  1.190e-07  9.003e-08  6.515e-08  4.342e-08  2.414e-08  6.760e-09 -9.150e-09 -2.395e-08 -3.794e-08 -5.136e-08 -6.444e-08 -7.738e-08 -9.042e-08 -1.038e-07 -1.180e-07 -1.336e-07 -1.513e-07 -1.725e-07 -1.990e-07 -2.330e-07 -2.777e-07 -3.365e-07 -4.130e-07 -5.106e-07 -6.308e-07 -7.718e-07 -9.257e-07 -1.075e-06 -1.189e-06 -1.216e-06 -1.078e-06 -6.623e-07  1.923e-07  1.709e-06  4.198e-06  8.098e-06 	
-1.197e-05  9.267e-06  1.565e-06  8.337e-07  4.853e-07  2.763e-07  1.498e-07  7.039e-08  1.815e-08 -1.769e-08 -4.323e-08 -6.211e-08 -7.656e-08 -8.804e-08 -9.751e-08 -1.056e-07 -1.129e-07 -1.195e-07 -1.259e-07 -1.322e-07 -1.386e-07 -1.451e-07 -1.520e-07 -1.592e-07 -1.669e-07 -1.753e-07 -1.844e-07 -1.946e-07 -2.061e-07 -2.196e-07 -2.359e-07 -2.566e-07 -2.835e-07 -3.192e-07 -3.672e-07 -4.315e-07 -5.162e-07 -6.249e-07 -7.596e-07 -9.182e-07 -1.092e-06 -1.262e-06 -1.392e-06 -1.426e-06 -1.275e-06 -8.113e-07  1.447e-07  1.844e-06  4.638e-06  9.018e-06 	
-1.252e-05  7.776e-06  5.082e-07  1.278e-07 -2.110e-08 -1.060e-07 -1.501e-07 -1.726e-07 -1.843e-07 -1.903e-07 -1.934e-07 -1.950e-07 -1.960e-07 -1.967e-07 -1.976e-07 -1.987e-07 -2.001e-07 -2.020e-07 -2.044e-07 -2.073e-07 -2.109e-07 -2.150e-07 -2.199e-07 -2.256e-07 -2.321e-07 -2.395e-07 -2.479e-07 -2.576e-07 -2.691e-07 -2.828e-07 -2.999e-07 -3.218e-07 -3.509e-07 -3.899e-07 -4.428e-07 -5.138e-07 -6.078e-07 -7.289e-07 -8.791e-07 -1.056e-06 -1.251e-06 -1.441e-06 -1.588e-06 -1.628e-06 -1.463e-06 -9.496e-07  1.121e-07  2.003e-06  5.112e-06  9.990e-06 	
-1.335e-05  6.582e-06 -1.441e-07 -2.754e-07 -3.050e-07 -3.235e-07 -3.267e-07 -3.222e-07 -3.148e-07 -3.069e-07 -2.994e-07 -2.927e-07 -2.870e-07 -2.823e-07 -2.785e-07 -2.757e-07 -2.739e-07 -2.730e-07 -2.729e-07 -2.738e-07 -2.757e-07 -2.784e-07 -2.821e-07 -2.869e-07 -2.926e-07 -2.995e-07 -3.078e-07 -3.175e-07 -3.292e-07 -3.436e-07 -3.618e-07 -3.855e-07 -4.171e-07 -4.599e-07 -5.182e-07 -5.968e-07 -7.010e-07 -8.355e-07 -1.003e-06 -1.200e-06 -1.417e-06 -1.629e-06 -1.794e-06 -1.840e-06 -1.659e-06 -1.092e-06  8.413e-08  2.181e-06  5.631e-06  1.105e-05 	
-1.419e-05  5.679e-06 -5.767e-07 -5.566e-07 -5.187e-07 -4.993e-07 -4.781e-07 -4.563e-07 -4.360e-07 -4.179e-07 -4.022e-07 -3.886e-07 -3.772e-07 -3.676e-07 -3.597e-07 -3.533e-07 -3.484e-07 -3.448e-07 -3.425e-07 -3.415e-07 -3.417e-07 -3.431e-07 -3.458e-07 -3.497e-07 -3.549e-07 -3.615e-07 -3.696e-07 -3.796e-07 -3.918e-07 -4.070e-07 -4.266e-07 -4.523e-07 -4.869e-07 -5.341e-07 -5.984e-07 -6.855e-07 -8.011e-07 -9.504e-07 -1.136e-06 -1.356e-06 -1.597e-06 -1.834e-06 -2.019e-06 -2.072e-06 -1.873e-06 -1.246e-06  5.629e-08  2.380e-06  6.207e-06  1.222e-05 	
-1.503e-05  4.962e-06 -9.271e-07 -8.124e-07 -7.283e-07 -6.794e-07 -6.371e-07 -5.992e-07 -5.661e-07 -5.376e-07 -5.133e-07 -4.925e-07 -4.750e-07 -4.602e-07 -4.478e-07 -4.376e-07 -4.294e-07 -4.230e-07 -4.183e-07 -4.153e-07 -4.138e-07 -4.139e-07 -4.154e-07 -4.186e-07 -4.232e-07 -4.296e-07 -4.377e-07 -4.479e-07 -4.608e-07 -4.771e-07 -4.982e-07 -5.263e-07 -5.644e-07 -6.164e-07 -6.877e-07 -7.842e-07 -9.127e-07 -1.079e-06 -1.285e-06 -1.530e-06 -1.799e-06 -2.064e-06 -2.270e-06 -2.331e-06 -2.112e-06 -1.419e-06  2.540e-08  2.605e-06  6.854e-06  1.353e-05 	
-1.591e-05  4.323e-06 -1.275e-06 -1.089e-06 -9.621e-07 -8.830e-07 -8.178e-07 -7.620e-07 -7.145e-07 -6.743e-07 -6.402e-07 -6.113e-07 -5.868e-07 -5.661e-07 -5.486e-07 -5.341e-07 -5.222e-07 -5.126e-07 -5.052e-07 -4.999e-07 -4.965e-07 -4.950e-07 -4.953e-07 -4.975e-07 -5.016e-07 -5.077e-07 -5.158e-07 -5.264e-07 -5.399e-07 -5.575e-07 -5.804e-07 -6.112e-07 -6.532e-07 -7.108e-07 -7.899e-07 -8.973e-07 -1.040e-06 -1.225e-06 -1.456e-06 -1.729e-06 -2.029e-06 -2.325e-06 -2.557e-06 -2.627e-06 -2.386e-06 -1.617e-06 -1.145e-08  2.858e-06  7.587e-06  1.502e-05 	
-1.689e-05  3.680e-06 -1.666e-06 -1.411e-06 -1.238e-06 -1.124e-06 -1.032e-06 -9.551e-07 -8.907e-07 -8.365e-07 -7.909e-07 -7.523e-07 -7.196e-07 -6.919e-07 -6.684e-07 -6.487e-07 -6.323e-07 -6.189e-07 -6.082e-07 -6.001e-07 -5.944e-07 -5.910e-07 -5.899e-07 -5.909e-07 -5.943e-07 -5.999e-07 -6.079e-07 -6.188e-07 -6.332e-07 -6.520e-07 -6.771e-07 -7.109e-07 -7.573e-07 -8.213e-07 -9.094e-07 -1.029e-06 -1.189e-06 -1.396e-06 -1.654e-06 -1.959e-06 -2.296e-06 -2.628e-06 -2.889e-06 -2.969e-06 -2.703e-06 -1.847e-06 -5.698e-08  3.145e-06  8.425e-06  1.672e-05 	
-1.802e-05  2.961e-06 -2.133e-06 -1.804e-06 -1.574e-06 -1.418e-06 -1.293e-06 -1.191e-06 -1.106e-06 -1.035e-06 -9.752e-07 -9.247e-07 -8.819e-07 -8.455e-07 -8.145e-07 -7.884e-07 -7.665e-07 -7.483e-07 -7.335e-07 -7.219e-07 -7.133e-07 -7.074e-07 -7.043e-07 -7.039e-07 -7.061e-07 -7.111e-07 -7.190e-07 -7.301e-07 -7.452e-07 -7.655e-07 -7.928e-07 -8.301e-07 -8.816e-07 -9.529e-07 -1.051e-06 -1.186e-06 -1.365e-06 -1.597e-06 -1.887e-06 -2.230e-06 -2.609e-06 -2.983e-06 -3.278e-06 -3.371e-06 -3.075e-06 -2.118e-06 -1.150e-07  3.472e-06  9.392e-06  1.870e-05 	
-1.934e-05  2.102e-06 -2.711e-06 -2.293e-06 -1.994e-06 -1.785e-06 -1.621e-06 -1.486e-06 -1.376e-06 -1.283e-06 -1.206e-06 -1.140e-06 -1.084e-06 -1.037e-06 -9.967e-07 -9.624e-07 -9.334e-07 -9.090e-07 -8.890e-07 -8.728e-07 -8.603e-07 -8.513e-07 -8.456e-07 -8.431e-07 -8.438e-07 -8.477e-07 -8.551e-07 -8.663e-07 -8.821e-07 -9.039e-07 -9.337e-07 -9.749e-07 -1.032e-06 -1.112e-06 -1.223e-06 -1.374e-06 -1.575e-06 -1.837e-06 -2.164e-06 -2.552e-06 -2.981e-06 -3.404e-06 -3.739e-06 -3.847e-06 -3.517e-06 -2.443e-06 -1.900e-07  3.849e-06  1.052e-05  2.100e-05 	
-2.091e-05  1.026e-06 -3.438e-06 -2.915e-06 -2.529e-06 -2.254e-06 -2.038e-06 -1.863e-06 -1.720e-06 -1.600e-06 -1.499e-06 -1.415e-06 -1.342e-06 -1.281e-06 -1.228e-06 -1.183e-06 -1.145e-06 -1.112e-06 -1.085e-06 -1.063e-06 -1.046e-06 -1.032e-06 -1.023e-06 -1.017e-06 -1.016e-06 -1.018e-06 -1.025e-06 -1.036e-06 -1.052e-06 -1.075e-06 -1.108e-06 -1.154e-06 -1.218e-06 -1.307e-06 -1.432e-06 -1.603e-06 -1.831e-06 -2.128e-06 -2.500e-06 -2.940e-06 -3.428e-06 -3.910e-06 -4.292e-06 -4.418e-06 -4.049e-06 -2.837e-06 -2.883e-07  4.284e-06  1.184e-05  2.372e-05 	
-2.279e-05 -3.627e-07 -4.368e-06 -3.722e-06 -3.226e-06 -2.864e-06 -2.582e-06 -2.354e-06 -2.167e-06 -2.011e-06 -1.881e-06 -1.770e-06 -1.676e-06 -1.596e-06 -1.527e-06 -1.468e-06 -1.417e-06 -1.374e-06 -1.338e-06 -1.307e-06 -1.283e-06 -1.263e-06 -1.249e-06 -1.240e-06 -1.235e-06 -1.235e-06 -1.240e-06 -1.250e-06 -1.267e-06 -1.291e-06 -1.327e-06 -1.377e-06 -1.449e-06 -1.550e-06 -1.692e-06 -1.886e-06 -2.147e-06 -2.486e-06 -2.910e-06 -3.414e-06 -3.972e-06 -4.525e-06 -4.965e-06 -5.113e-06 -4.697e-06 -3.320e-06 -4.192e-07  4.791e-06  1.340e-05  2.695e-05 	
-2.509e-05 -2.202e-06 -5.568e-06 -4.786e-06 -4.149e-06 -3.673e-06 -3.302e-06 -3.003e-06 -2.758e-06 -2.555e-06 -2.385e-06 -2.240e-06 -2.117e-06 -2.011e-06 -1.920e-06 -1.842e-06 -1.774e-06 -1.717e-06 -1.667e-06 -1.626e-06 -1.592e-06 -1.564e-06 -1.543e-06 -1.527e-06 -1.518e-06 -1.514e-06 -1.516e-06 -1.525e-06 -1.542e-06 -1.567e-06 -1.606e-06 -1.662e-06 -1.743e-06 -1.858e-06 -2.019e-06 -2.242e-06 -2.541e-06 -2.931e-06 -3.419e-06 -4.000e-06 -4.643e-06 -5.282e-06 -5.792e-06 -5.968e-06 -5.497e-06 -3.922e-06 -5.952e-07  5.386e-06  1.528e-05  3.085e-05 	
-2.798e-05 -4.705e-06 -7.133e-06 -6.211e-06 -5.395e-06 -4.767e-06 -4.274e-06 -3.879e-06 -3.556e-06 -3.288e-06 -3.063e-06 -2.872e-06 -2.708e-06 -2.568e-06 -2.447e-06 -2.342e-06 -2.252e-06 -2.174e-06 -2.107e-06 -2.050e-06 -2.002e-06 -1.962e-06 -1.931e-06 -1.907e-06 -1.891e-06 -1.881e-06 -1.879e-06 -1.885e-06 -1.901e-06 -1.927e-06 -1.969e-06 -2.031e-06 -2.122e-06 -2.253e-06 -2.439e-06 -2.695e-06 -3.041e-06 -3.493e-06 -4.060e-06 -4.735e-06 -5.484e-06 -6.229e-06 -6.826e-06 -7.037e-06 -6.500e-06 -4.683e-06 -8.353e-07  6.089e-06  1.755e-05  3.560e-05 	
-3.179e-05 -8.229e-06 -9.188e-06 -8.143e-06 -7.109e-06 -6.275e-06 -5.615e-06 -5.086e-06 -4.654e-06 -4.295e-06 -3.994e-06 -3.738e-06 -3.519e-06 -3.330e-06 -3.167e-06 -3.025e-06 -2.902e-06 -2.796e-06 -2.704e-06 -2.625e-06 -2.557e-06 -2.501e-06 -2.455e-06 -2.419e-06 -2.392e-06 -2.374e-06 -2.365e-06 -2.366e-06 -2.378e-06 -2.405e-06 -2.449e-06 -2.518e-06 -2.621e-06 -2.771e-06 -2.986e-06 -3.285e-06 -3.689e-06 -4.218e-06 -4.882e-06 -5.675e-06 -6.556e-06 -7.433e-06 -8.139e-06 -8.395e-06 -7.776e-06 -5.660e-06 -1.168e-06  6.928e-06  2.034e-05  4.146e-05 	
-3.713e-05 -1.343e-05 -1.192e-05 -1.078e-05 -9.500e-06 -8.399e-06 -7.507e-06 -6.787e-06 -6.199e-06 -5.711e-06 -5.301e-06 -4.953e-06 -4.654e-06 -4.396e-06 -4.173e-06 -3.978e-06 -3.809e-06 -3.661e-06 -3.533e-06 -3.422e-06 -3.327e-06 -3.246e-06 -3.178e-06 -3.123e-06 -3.080e-06 -3.048e-06 -3.029e-06 -3.022e-06 -3.029e-06 -3.053e-06 -3.099e-06 -3.175e-06 -3.292e-06 -3.465e-06 -3.715e-06 -4.066e-06 -4.543e-06 -5.169e-06 -5.956e-06 -6.897e-06 -7.945e-06 -8.991e-06 -9.836e-06 -1.015e-05 -9.432e-06 -6.941e-06 -1.636e-06  7.936e-06  2.380e-05  4.881e-05 	
-4.526e-05 -2.157e-05 -1.566e-05 -1.436e-05 -1.286e-05 -1.144e-05 -1.024e-05 -9.247e-06 -8.432e-06 -7.754e-06 -7.184e-06 -6.700e-06 -6.285e-06 -5.926e-06 -5.615e-06 -5.343e-06 -5.105e-06 -4.897e-06 -4.715e-06 -4.557e-06 -4.419e-06 -4.301e-06 -4.201e-06 -4.117e-06 -4.049e-06 -3.997e-06 -3.960e-06 -3.939e-06 -3.936e-06 -3.954e-06 -4.000e-06 -4.082e-06 -4.215e-06 -4.416e-06 -4.711e-06 -5.127e-06 -5.696e-06 -6.445e-06 -7.391e-06 -8.523e-06 -9.786e-06 -1.105e-05 -1.208e-05 -1.247e-05 -1.162e-05 -8.655e-06 -2.309e-06  9.159e-06  2.818e-05  5.818e-05 	
-5.856e-05 -3.527e-05 -2.123e-05 -1.925e-05 -1.756e-05 -1.582e-05 -1.424e-05 -1.289e-05 -1.175e-05 -1.079e-05 -9.979e-06 -9.290e-06 -8.698e-06 -8.187e-06 -7.742e-06 -7.353e-06 -7.012e-06 -6.713e-06 -6.450e-06 -6.219e-06 -6.017e-06 -5.842e-06 -5.691e-06 -5.562e-06 -5.456e-06 -5.369e-06 -5.304e-06 -5.259e-06 -5.238e-06 -5.244e-06 -5.285e-06 -5.371e-06 -5.521e-06 -5.755e-06 -6.105e-06 -6.605e-06 -7.292e-06 -8.203e-06 -9.355e-06 -1.074e-05 -1.229e-05 -1.384e-05 -1.510e-05 -1.560e-05 -1.460e-05 -1.100e-05 -3.296e-06  1.066e-05  3.382e-05  7.037e-05 	
-8.135e-05 -6.004e-05 -3.104e-05 -2.618e-05 -2.407e-05 -2.208e-05 -2.014e-05 -1.835e-05 -1.678e-05 -1.543e-05 -1.426e-05 -1.326e-05 -1.240e-05 -1.165e-05 -1.099e-05 -1.042e-05 -9.916e-06 -9.473e-06 -9.082e-06 -8.737e-06 -8.433e-06 -8.167e-06 -7.935e-06 -7.735e-06 -7.565e-06 -7.423e-06 -7.309e-06 -7.224e-06 -7.170e-06 -7.152e-06 -7.178e-06 -7.264e-06 -7.430e-06 -7.703e-06 -8.121e-06 -8.729e-06 -9.573e-06 -1.070e-05 -1.213e-05 -1.385e-05 -1.578e-05 -1.772e-05 -1.931e-05 -1.996e-05 -1.874e-05 -1.431e-05 -4.783e-06  1.250e-05  4.123e-05  8.658e-05 	
-1.208e-04 -1.073e-04 -5.230e-05 -3.785e-05 -3.341e-05 -3.088e-05 -2.863e-05 -2.648e-05 -2.446e-05 -2.262e-05 -2.099e-05 -1.954e-05 -1.827e-05 -1.715e-05 -1.616e-05 -1.530e-05 -1.453e-05 -1.385e-05 -1.325e-05 -1.272e-05 -1.225e-05 -1.183e-05 -1.146e-05 -1.114e-05 -1.086e-05 -1.063e-05 -1.043e-05 -1.027e-05 -1.016e-05 -1.010e-05 -1.009e-05 -1.017e-05 -1.034e-05 -1.066e-05 -1.117e-05 -1.192e-05 -1.297e-05 -1.439e-05 -1.620e-05 -1.839e-05 -2.085e-05 -2.333e-05 -2.539e-05 -2.625e-05 -2.475e-05 -1.918e-05 -7.134e-06  1.476e-05  5.117e-05  1.087e-04 	
-1.865e-04 -1.992e-04 -1.051e-04 -6.468e-05 -5.020e-05 -4.424e-05 -4.086e-05 -3.823e-05 -3.583e-05 -3.358e-05 -3.148e-05 -2.953e-05 -2.775e-05 -2.613e-05 -2.467e-05 -2.336e-05 -2.218e-05 -2.112e-05 -2.018e-05 -1.933e-05 -1.857e-05 -1.789e-05 -1.729e-05 -1.676e-05 -1.629e-05 -1.589e-05 -1.554e-05 -1.525e-05 -1.502e-05 -1.487e-05 -1.479e-05 -1.483e-05 -1.500e-05 -1.536e-05 -1.597e-05 -1.691e-05 -1.826e-05 -2.008e-05 -2.243e-05 -2.529e-05 -2.851e-05 -3.178e-05 -3.451e-05 -3.569e-05 -3.380e-05 -2.661e-05 -1.098e-05  1.750e-05  6.491e-05  1.398e-04 	
-2.865e-04 -3.738e-04 -2.392e-04 -1.424e-04 -9.549e-05 -7.355e-05 -6.276e-05 -5.677e-05 -5.285e-05 -4.983e-05 -4.722e-05 -4.484e-05 -4.262e-05 -4.053e-05 -3.858e-05 -3.676e-05 -3.508e-05 -3.352e-05 -3.208e-05 -3.077e-05 -2.956e-05 -2.847e-05 -2.748e-05 -2.658e-05 -2.578e-05 -2.507e-05 -2.444e-05 -2.390e-05 -2.345e-05 -2.310e-05 -2.287e-05 -2.280e-05 -2.292e-05 -2.331e-05 -2.404e-05 -2.523e-05 -2.697e-05 -2.939e-05 -3.252e-05 -3.637e-05 -4.073e-05 -4.519e-05 -4.892e-05 -5.060e-05 -4.815e-05 -3.856e-05 -1.759e-05  2.070e-05  8.453e-05  1.854e-04 	
-4.104e-04 -6.774e-04 -5.562e-04 -3.718e-04 -2.470e-04 -1.728e-04 -1.298e-04 -1.047e-04 -8.962e-05 -8.012e-05 -7.377e-05 -6.919e-05 -6.565e-05 -6.272e-05 -6.016e-05 -5.786e-05 -5.573e-05 -5.374e-05 -5.187e-05 -5.011e-05 -4.845e-05 -4.689e-05 -4.544e-05 -4.409e-05 -4.284e-05 -4.170e-05 -4.065e-05 -3.972e-05 -3.890e-05 -3.823e-05 -3.772e-05 -3.742e-05 -3.740e-05 -3.777e-05 -3.864e-05 -4.015e-05 -4.248e-05 -4.578e-05 -5.013e-05 -5.551e-05 -6.166e-05 -6.799e-05 -7.334e-05 -7.581e-05 -7.251e-05 -5.917e-05 -2.979e-05  2.396e-05  1.136e-04  2.554e-04 	
-4.848e-04 -1.104e-03 -1.196e-03 -9.677e-04 -7.237e-04 -5.335e-04 -3.977e-04 -3.035e-04 -2.386e-04 -1.936e-04 -1.622e-04 -1.399e-04 -1.240e-04 -1.123e-04 -1.036e-04 -9.701e-05 -9.183e-05 -8.767e-05 -8.425e-05 -8.135e-05 -7.885e-05 -7.664e-05 -7.467e-05 -7.288e-05 -7.125e-05 -6.975e-05 -6.838e-05 -6.713e-05 -6.603e-05 -6.508e-05 -6.434e-05 -6.389e-05 -6.382e-05 -6.430e-05 -6.551e-05 -6.769e-05 -7.110e-05 -7.598e-05 -8.247e-05 -9.055e-05 -9.986e-05 -1.095e-04 -1.177e-04 -1.217e-04 -1.170e-04 -9.744e-05 -5.392e-05  2.591e-05  1.592e-04  3.698e-04 	
-2.678e-04 -1.369e-03 -2.110e-03 -2.159e-03 -1.918e-03 -1.614e-03 -1.331e-03 -1.091e-03 -8.949e-04 -7.382e-04 -6.136e-04 -5.145e-04 -4.357e-04 -3.729e-04 -3.225e-04 -2.820e-04 -2.493e-04 -2.228e-04 -2.011e-04 -1.835e-04 -1.689e-04 -1.570e-04 -1.470e-04 -1.388e-04 -1.319e-04 -1.261e-04 -1.212e-04 -1.172e-04 -1.138e-04 -1.111e-04 -1.089e-04 -1.075e-04 -1.070e-04 -1.074e-04 -1.093e-04 -1.129e-04 -1.186e-04 -1.269e-04 -1.380e-04 -1.520e-04 -1.681e-04 -1.849e-04 -1.997e-04 -2.077e-04 -2.018e-04 -1.718e-04 -1.031e-04  2.422e-05  2.374e-04  5.746e-04 	
 8.817e-04 -2.917e-04 -2.138e-03 -3.278e-03 -3.707e-03 -3.727e-03 -3.548e-03 -3.283e-03 -2.993e-03 -2.706e-03 -2.435e-03 -2.187e-03 -1.963e-03 -1.762e-03 -1.583e-03 -1.424e-03 -1.283e-03 -1.158e-03 -1.047e-03 -9.491e-04 -8.617e-04 -7.841e-04 -7.150e-04 -6.535e-04 -5.986e-04 -5.497e-04 -5.060e-04 -4.669e-04 -4.321e-04 -4.012e-04 -3.740e-04 -3.505e-04 -3.306e-04 -3.149e-04 -3.037e-04 -2.978e-04 -2.979e-04 -3.047e-04 -3.187e-04 -3.397e-04 -3.666e-04 -3.965e-04 -4.239e-04 -4.400e-04 -4.316e-04 -3.797e-04 -2.578e-04 -3.036e-05  3.512e-04  9.534e-04 	
 4.525e-03  5.611e-03  3.584e-03  7.072e-04 -1.683e-03 -3.381e-03 -4.514e-03 -5.237e-03 -5.671e-03 -5.905e-03 -5.999e-03 -5.995e-03 -5.925e-03 -5.808e-03 -5.659e-03 -5.491e-03 -5.309e-03 -5.121e-03 -4.929e-03 -4.738e-03 -4.549e-03 -4.363e-03 -4.182e-03 -4.007e-03 -3.837e-03 -3.674e-03 -3.517e-03 -3.366e-03 -3.222e-03 -3.085e-03 -2.955e-03 -2.833e-03 -2.719e-03 -2.614e-03 -2.521e-03 -2.441e-03 -2.375e-03 -2.324e-03 -2.291e-03 -2.272e-03 -2.264e-03 -2.260e-03 -2.244e-03 -2.195e-03 -2.084e-03 -1.866e-03 -1.488e-03 -8.756e-04  6.440e-05  1.460e-03 	
 1.452e-02  2.485e-02  2.869e-02  2.750e-02  2.415e-02  2.029e-02  1.657e-02  1.322e-02  1.026e-02  7.675e-03  5.422e-03  3.457e-03  1.742e-03  2.409e-04 -1.075e-03 -2.230e-03 -3.248e-03 -4.144e-03 -4.935e-03 -5.635e-03 -6.253e-03 -6.801e-03 -7.286e-03 -7.715e-03 -8.095e-03 -8.431e-03 -8.729e-03 -8.992e-03 -9.224e-03 -9.429e-03 -9.611e-03 -9.771e-03 -9.914e-03 -1.004e-02 -1.016e-02 -1.026e-02 -1.036e-02 -1.044e-02 -1.050e-02 -1.053e-02 -1.050e-02 -1.038e-02 -1.011e-02 -9.615e-03 -8.785e-03 -7.497e-03 -5.598e-03 -2.907e-03  7.980e-04  5.817e-03 	
 4.125e-02  7.687e-02  1.019e-01  1.166e-01  1.244e-01  1.281e-01  1.295e-01  1.295e-01  1.287e-01  1.273e-01  1.256e-01  1.238e-01  1.218e-01  1.197e-01  1.176e-01  1.155e-01  1.135e-01  1.114e-01  1.094e-01  1.074e-01  1.055e-01  1.036e-01  1.018e-01  9.998e-02  9.825e-02  9.656e-02  9.491e-02  9.332e-02  9.177e-02  9.027e-02  8.881e-02  8.740e-02  8.603e-02  8.471e-02  8.343e-02  8.220e-02  8.101e-02  7.988e-02  7.880e-02  7.776e-02  7.678e-02  7.586e-02  7.503e-02  7.436e-02  7.400e-02  7.424e-02  7.561e-02  7.901e-02  8.586e-02  9.834e-02 	
 1.149e-01  2.126e-01  2.824e-01  3.279e-01  3.594e-01  3.833e-01  4.028e-01  4.196e-01  4.344e-01  4.478e-01  4.600e-01  4.713e-01  4.817e-01  4.914e-01  5.005e-01  5.090e-01  5.170e-01  5.245e-01  5.316e-01  5.383e-01  5.446e-01  5.507e-01  5.564e-01  5.618e-01  5.670e-01  5.719e-01  5.766e-01  5.811e-01  5.855e-01  5.896e-01  5.935e-01  5.974e-01  6.010e-01  6.046e-01  6.080e-01  6.113e-01  6.145e-01  6.176e-01  6.207e-01  6.236e-01  6.263e-01  6.286e-01  6.304e-01  6.313e-01  6.306e-01  6.273e-01  6.197e-01  6.054e-01  5.805e-01  5.394e-01 	
 4.125e-02  7.687e-02  1.019e-01  1.166e-01  1.244e-01  1.281e-01  1.295e-01  1.295e-01  1.287e-01  1.273e-01  1.256e-01  1.238e-01  1.218e-01  1.197e-01  1.176e-01  1.155e-01  1.135e-01  1.114e-01  1.094e-01  1.074e-01  1.055e-01  1.036e-01  1.018e-01  9.998e-02  9.824e-02  9.656e-02  9.491e-02  9.332e-02  9.177e-02  9.027e-02  8.881e-02  8.740e-02  8.603e-02  8.471e-02  8.343e-02  8.220e-02  8.101e-02  7.988e-02  7.880e-02  7.776e-02  7.678e-02  7.586e-02  7.503e-02  7.436e-02  7.400e-02  7.424e-02  7.561e-02  7.901e-02  8.586e-02  9.834e-02 	
 1.452e-02  2.485e-02  2.869e-02  2.750e-02  2.415e-02  2.029e-02  1.657e-02  1.322e-02  1.026e-02  7.675e-03  5.422e-03  3.457e-03  1.742e-03  2.409e-04 -1.075e-03 -2.231e-03 -3.248e-03 -4.144e-03 -4.936e-03 -5.635e-03 -6.254e-03 -6.801e-03 -7.286e-03 -7.715e-03 -8.095e-03 -8.432e-03 -8.729e-03 -8.992e-03 -9.225e-03 -9.430e-03 -9.611e-03 -9.772e-03 -9.914e-03 -1.004e-02 -1.016e-02 -1.026e-02 -1.036e-02 -1.044e-02 -1.050e-02 -1.053e-02 -1.050e-02 -1.038e-02 -1.011e-02 -9.616e-03 -8.787e-03 -7.499e-03 -5.599e-03 -2.909e-03  7.966e-04  5.816e-03 	
 4.524e-03  5.611e-03  3.584e-03  7.073e-04 -1.682e-03 -3.381e-03 -4.514e-03 -5.237e-03 -5.671e-03 -5.905e-03 -5.999e-03 -5.995e-03 -5.925e-03 -5.808e-03 -5.659e-03 -5.491e-03 -5.309e-03 -5.121e-03 -4.929e-03 -4.738e-03 -4.549e-03 -4.363e-03 -4.182e-03 -4.007e-03 -3.837e-03 -3.674e-03 -3.517e-03 -3.366e-03 -3.222e-03 -3.085e-03 -2.955e-03 -2.832e-03 -2.718e-03 -2.614e-03 -2.521e-03 -2.440e-03 -2.374e-03 -2.324e-03 -2.290e-03 -2.271e-03 -2.264e-03 -2.259e-03 -2.243e-03 -2.195e-03 -2.083e-03 -1.865e-03 -1.487e-03 -8.745e-04  6.563e-05  1.461e-03 	
 8.811e-04 -2.908e-04 -2.138e-03 -3.278e-03 -3.707e-03 -3.727e-03 -3.548e-03 -3.283e-03 -2.993e-03 -2.706e-03 -2.435e-03 -2.187e-03 -1.963e-03 -1.762e-03 -1.583e-03 -1.424e-03 -1.283e-03 -1.158e-03 -1.047e-03 -9.489e-04 -8.615e-04 -7.839e-04 -7.148e-04 -6.532e-04 -5.983e-04 -5.493e-04 -5.056e-04 -4.665e-04 -4.316e-04 -4.007e-04 -3.734e-04 -3.498e-04 -3.299e-04 -3.141e-04 -3.028e-04 -2.968e-04 -2.968e-04 -3.035e-04 -3.174e-04 -3.384e-04 -3.652e-04 -3.950e-04 -4.223e-04 -4.383e-04 -4.298e-04 -3.777e-04 -2.556e-04 -2.794e-05  3.539e-04  9.565e-04 	
-2.686e-04 -1.368e-03 -2.110e-03 -2.159e-03 -1.918e-03 -1.614e-03 -1.331e-03 -1.090e-03 -8.948e-04 -7.382e-04 -6.135e-04 -5.145e-04 -4.356e-04 -3.727e-04 -3.224e-04 -2.818e-04 -2.491e-04 -2.226e-04 -2.009e-04 -1.832e-04 -1.687e-04 -1.566e-04 -1.467e-04 -1.383e-04 -1.314e-04 -1.256e-04 -1.207e-04 -1.165e-04 -1.131e-04 -1.103e-04 -1.081e-04 -1.066e-04 -1.059e-04 -1.063e-04 -1.080e-04 -1.115e-04 -1.171e-04 -1.253e-04 -1.363e-04 -1.501e-04 -1.661e-04 -1.828e-04 -1.974e-04 -2.053e-04 -1.992e-04 -1.689e-04 -9.996e-05  2.766e-05  2.413e-04  5.791e-04 	
-4.858e-04 -1.102e-03 -1.195e-03 -9.675e-04 -7.236e-04 -5.334e-04 -3.976e-04 -3.034e-04 -2.385e-04 -1.935e-04 -1.621e-04 -1.398e-04 -1.238e-04 -1.122e-04 -1.035e-04 -9.680e-05 -9.158e-05 -8.738e-05 -8.391e-05 -8.097e-05 -7.841e-05 -7.615e-05 -7.411e-05 -7.225e-05 -7.053e-05 -6.895e-05 -6.749e-05 -6.614e-05 -6.492e-05 -6.386e-05 -6.300e-05 -6.241e-05 -6.221e-05 -6.254e-05 -6.359e-05 -6.561e-05 -6.885e-05 -7.355e-05 -7.985e-05 -8.774e-05 -9.684e-05 -1.062e-04 -1.142e-04 -1.179e-04 -1.130e-04 -9.308e-05 -4.917e-05  3.114e-05  1.650e-04  3.764e-04 	
-4.115e-04 -6.756e-04 -5.559e-04 -3.715e-04 -2.468e-04 -1.726e-04 -1.297e-04 -1.046e-04 -8.947e-05 -7.997e-05 -7.360e-05 -6.901e-05 -6.544e-05 -6.247e-05 -5.988e-05 -5.753e-05 -5.534e-05 -5.329e-05 -5.135e-05 -4.951e-05 -4.777e-05 -4.612e-05 -4.456e-05 -4.310e-05 -4.172e-05 -4.044e-05 -3.925e-05 -3.816e-05 -3.717e-05 -3.631e-05 -3.561e-05 -3.510e-05 -3.487e-05 -3.500e-05 -3.562e-05 -3.688e-05 -3.893e-05 -4.194e-05 -4.599e-05 -5.106e-05 -5.689e-05 -6.287e-05 -6.784e-05 -6.992e-05 -6.617e-05 -5.232e-05 -2.236e-05  3.209e-05  1.226e-04  2.654e-04 	
-2.877e-04 -3.715e-04 -2.388e-04 -1.421e-04 -9.522e-05 -7.332e-05 -6.254e-05 -5.657e-05 -5.265e-05 -4.961e-05 -4.698e-05 -4.456e-05 -4.230e-05 -4.016e-05 -3.815e-05 -3.626e-05 -3.448e-05 -3.283e-05 -3.128e-05 -2.984e-05 -2.850e-05 -2.726e-05 -2.610e-05 -2.503e-05 -2.403e-05 -2.310e-05 -2.224e-05 -2.145e-05 -2.074e-05 -2.010e-05 -1.957e-05 -1.916e-05 -1.894e-05 -1.896e-05 -1.930e-05 -2.008e-05 -2.139e-05 -2.335e-05 -2.602e-05 -2.936e-05 -3.320e-05 -3.710e-05 -4.025e-05 -4.129e-05 -3.815e-05 -2.779e-05 -5.945e-06  3.335e-05  9.836e-05  2.007e-04 	
-1.877e-04 -1.962e-04 -1.045e-04 -6.425e-05 -4.984e-05 -4.393e-05 -4.058e-05 -3.795e-05 -3.554e-05 -3.327e-05 -3.112e-05 -2.912e-05 -2.727e-05 -2.557e-05 -2.402e-05 -2.259e-05 -2.128e-05 -2.008e-05 -1.896e-05 -1.792e-05 -1.696e-05 -1.605e-05 -1.520e-05 -1.439e-05 -1.362e-05 -1.289e-05 -1.219e-05 -1.152e-05 -1.089e-05 -1.030e-05 -9.756e-06 -9.292e-06 -8.938e-06 -8.740e-06 -8.761e-06 -9.074e-06 -9.760e-06 -1.089e-05 -1.251e-05 -1.460e-05 -1.703e-05 -1.945e-05 -2.127e-05 -2.148e-05 -1.855e-05 -1.022e-05  6.698e-06  3.663e-05  8.573e-05  1.627e-04 	
-1.218e-04 -1.032e-04 -5.142e-05 -3.724e-05 -3.292e-05 -3.045e-05 -2.823e-05 -2.608e-05 -2.404e-05 -2.216e-05 -2.045e-05 -1.892e-05 -1.753e-05 -1.628e-05 -1.514e-05 -1.409e-05 -1.311e-05 -1.219e-05 -1.132e-05 -1.049e-05 -9.681e-06 -8.897e-06 -8.127e-06 -7.365e-06 -6.608e-06 -5.852e-06 -5.093e-06 -4.331e-06 -3.566e-06 -2.805e-06 -2.055e-06 -1.334e-06 -6.657e-07 -8.640e-08  3.583e-07  6.131e-07  6.180e-07  3.185e-07 -3.169e-07 -1.269e-06 -2.430e-06 -3.547e-06 -4.150e-06 -3.470e-06 -3.216e-07  7.023e-06  2.101e-05  4.504e-05  8.385e-05  1.441e-04 	
-8.197e-05 -5.439e-05 -2.955e-05 -2.524e-05 -2.335e-05 -2.147e-05 -1.957e-05 -1.778e-05 -1.616e-05 -1.473e-05 -1.345e-05 -1.231e-05 -1.126e-05 -1.030e-05 -9.391e-06 -8.526e-06 -7.689e-06 -6.867e-06 -6.050e-06 -5.231e-06 -4.402e-06 -3.557e-06 -2.689e-06 -1.795e-06 -8.699e-07  9.035e-08  1.088e-06  2.126e-06  3.204e-06  4.318e-06  5.464e-06  6.628e-06  7.793e-06  8.932e-06  1.001e-05  1.099e-05  1.182e-05  1.246e-05  1.289e-05  1.312e-05  1.325e-05  1.348e-05  1.417e-05  1.594e-05  1.972e-05  2.687e-05  3.931e-05  5.974e-05  9.188e-05  1.410e-04 	
-5.859e-05 -2.726e-05 -1.848e-05 -1.756e-05 -1.634e-05 -1.483e-05 -1.335e-05 -1.200e-05 -1.079e-05 -9.716e-06 -8.734e-06 -7.819e-06 -6.947e-06 -6.098e-06 -5.257e-06 -4.410e-06 -3.545e-06 -2.652e-06 -1.723e-06 -7.499e-07  2.744e-07  1.356e-06  2.501e-06  3.715e-06  5.003e-06  6.369e-06  7.818e-06  9.353e-06  1.098e-05  1.269e-05  1.448e-05  1.635e-05  1.828e-05  2.026e-05  2.226e-05  2.425e-05  2.619e-05  2.805e-05  2.982e-05  3.152e-05  3.322e-05  3.509e-05  3.741e-05  4.069e-05  4.566e-05  5.343e-05  6.552e-05  8.408e-05  1.121e-04  1.537e-04 	
-4.510e-05 -1.043e-05 -1.055e-05 -1.101e-05 -1.041e-05 -9.495e-06 -8.550e-06 -7.651e-06 -6.803e-06 -5.988e-06 -5.186e-06 -4.381e-06 -3.555e-06 -2.696e-06 -1.790e-06 -8.271e-07  2.033e-07  1.310e-06  2.502e-06  3.788e-06  5.175e-06  6.670e-06  8.280e-06  1.001e-05  1.188e-05  1.387e-05  1.601e-05  1.830e-05  2.073e-05  2.332e-05  2.606e-05  2.895e-05  3.199e-05  3.515e-05  3.843e-05  4.180e-05  4.523e-05  4.872e-05  5.224e-05  5.582e-05  5.952e-05  6.348e-05  6.793e-05  7.329e-05  8.015e-05  8.939e-05  1.022e-04  1.204e-04  1.464e-04  1.834e-04 	
-3.926e-05  4.597e-07 -3.395e-06 -4.403e-06 -4.461e-06 -4.217e-06 -3.851e-06 -3.406e-06 -2.890e-06 -2.299e-06 -1.627e-06 -8.648e-07 -3.879e-09  9.651e-07  2.052e-06  3.265e-06  4.615e-06  6.111e-06  7.763e-06  9.579e-06  1.157e-05  1.374e-05  1.611e-05  1.868e-05  2.146e-05  2.446e-05  2.768e-05  3.115e-05  3.485e-05  3.881e-05  4.302e-05  4.749e-05  5.222e-05  5.719e-05  6.241e-05  6.786e-05  7.352e-05  7.940e-05  8.548e-05  9.179e-05  9.838e-05  1.054e-04  1.129e-04  1.214e-04  1.313e-04  1.432e-04  1.582e-04  1.776e-04  2.032e-04  2.378e-04 	
-4.518e-05  3.530e-06  1.004e-06  1.074e-06  1.258e-06  1.414e-06  1.601e-06  1.871e-06  2.257e-06  2.782e-06  3.463e-06  4.315e-06  5.352e-06  6.588e-06  8.034e-06  9.705e-06  1.161e-05  1.377e-05  1.619e-05  1.889e-05  2.188e-05  2.518e-05  2.879e-05  3.273e-05  3.702e-05  4.166e-05  4.668e-05  5.208e-05  5.788e-05  6.409e-05  7.072e-05  7.779e-05  8.529e-05  9.323e-05  1.016e-04  1.105e-04  1.198e-04  1.295e-04  1.397e-04  1.504e-04  1.616e-04  1.735e-04  1.860e-04  1.996e-04  2.144e-04  2.310e-04  2.499e-04  2.721e-04  2.989e-04  3.319e-04 	
-8.010e-05 -1.331e-05 -8.870e-06 -4.627e-06 -1.716e-06  3.686e-07  2.008e-06  3.437e-06  4.802e-06  6.204e-06  7.713e-06  9.386e-06  1.127e-05  1.339e-05  1.580e-05  1.851e-05  2.156e-05  2.497e-05  2.878e-05  3.299e-05  3.765e-05  4.276e-05  4.836e-05  5.447e-05  6.111e-05  6.830e-05  7.606e-05  8.443e-05  9.341e-05  1.030e-04  1.133e-04  1.243e-04  1.360e-04  1.484e-04  1.616e-04  1.755e-04  1.902e-04  2.057e-04  2.220e-04  2.391e-04  2.571e-04  2.760e-04  2.957e-04  3.164e-04  3.381e-04  3.610e-04  3.852e-04  4.111e-04  4.390e-04  4.696e-04 	
-1.954e-04 -8.465e-05 -6.679e-05 -5.537e-05 -4.731e-05 -4.109e-05 -3.594e-05 -3.141e-05 -2.723e-05 -2.320e-05 -1.919e-05 -1.510e-05 -1.082e-05 -6.304e-06 -1.473e-06  3.725e-06  9.343e-06  1.543e-05  2.202e-05  2.917e-05  3.692e-05  4.530e-05  5.435e-05  6.411e-05  7.462e-05  8.590e-05  9.801e-05  1.110e-04  1.248e-04  1.396e-04  1.553e-04  1.720e-04  1.897e-04  2.084e-04  2.283e-04  2.492e-04  2.712e-04  2.944e-04  3.188e-04  3.443e-04  3.709e-04  3.987e-04  4.274e-04  4.569e-04  4.870e-04  5.172e-04  5.469e-04  5.751e-04  6.003e-04  6.204e-04 	
