 1.434e-07  5.742e-07  1.209e-06  1.738e-06  2.395e-06  3.598e-06  5.996e-06  1.063e-05  1.912e-05  3.389e-05  5.848e-05  9.783e-05  1.587e-04  2.503e-04  3.844e-04  5.764e-04  8.458e-04  1.217e-03  1.720e-03  2.392e-03  3.277e-03  4.428e-03  5.907e-03  7.787e-03  1.015e-02  1.310e-02  1.673e-02  2.118e-02  2.656e-02  3.303e-02  4.072e-02  4.979e-02  6.040e-02  7.267e-02  8.674e-02  1.027e-01  1.207e-01  1.407e-01  1.627e-01  1.866e-01  2.125e-01  2.400e-01  2.690e-01  2.992e-01  3.304e-01  3.622e-01  3.943e-01  4.265e-01  4.583e-01  4.897e-01 	
 2.520e-07  1.009e-06  2.125e-06  3.055e-06  4.210e-06  6.323e-06  1.054e-05  1.868e-05  3.360e-05  5.957e-05  1.028e-04  1.719e-04  2.790e-04  4.398e-04  6.754e-04  1.013e-03  1.486e-03  2.138e-03  3.020e-03  4.198e-03  5.747e-03  7.759e-03  1.034e-02  1.361e-02  1.772e-02  2.281e-02  2.906e-02  3.666e-02  4.579e-02  5.667e-02  6.947e-02  8.439e-02  1.016e-01  1.211e-01  1.432e-01  1.676e-01  1.945e-01  2.236e-01  2.548e-01  2.876e-01  3.219e-01  3.572e-01  3.930e-01  4.290e-01  4.647e-01  4.998e-01  5.340e-01  5.669e-01  5.983e-01  6.281e-01 	
 4.428e-07  1.774e-06  3.734e-06  5.370e-06  7.399e-06  1.111e-05  1.852e-05  3.283e-05  5.906e-05  1.047e-04  1.806e-04  3.022e-04  4.903e-04  7.729e-04  1.187e-03  1.779e-03  2.609e-03  3.752e-03  5.298e-03  7.358e-03  1.006e-02  1.356e-02  1.804e-02  2.369e-02  3.074e-02  3.943e-02  5.001e-02  6.273e-02  7.785e-02  9.558e-02  1.161e-01  1.395e-01  1.659e-01  1.952e-01  2.272e-01  2.617e-01  2.982e-01  3.364e-01  3.757e-01  4.155e-01  4.553e-01  4.945e-01  5.327e-01  5.695e-01  6.046e-01  6.376e-01  6.686e-01  6.974e-01  7.240e-01  7.484e-01 	
 7.782e-07  3.117e-06  6.563e-06  9.437e-06  1.300e-05  1.953e-05  3.255e-05  5.771e-05  1.038e-04  1.840e-04  3.175e-04  5.311e-04  8.616e-04  1.358e-03  2.085e-03  3.124e-03  4.579e-03  6.579e-03  9.280e-03  1.287e-02  1.756e-02  2.361e-02  3.131e-02  4.094e-02  5.285e-02  6.736e-02  8.477e-02  1.054e-01  1.294e-01  1.568e-01  1.878e-01  2.221e-01  2.594e-01  2.993e-01  3.411e-01  3.843e-01  4.281e-01  4.717e-01  5.145e-01  5.560e-01  5.955e-01  6.328e-01  6.676e-01  6.998e-01  7.293e-01  7.562e-01  7.805e-01  8.025e-01  8.222e-01  8.399e-01 	
 1.368e-06  5.478e-06  1.153e-05  1.659e-05  2.286e-05  3.433e-05  5.721e-05  1.014e-04  1.824e-04  3.234e-04  5.580e-04  9.333e-04  1.514e-03  2.385e-03  3.660e-03  5.480e-03  8.025e-03  1.151e-02  1.621e-02  2.242e-02  3.049e-02  4.082e-02  5.381e-02  6.988e-02  8.943e-02  1.128e-01  1.402e-01  1.718e-01  2.074e-01  2.467e-01  2.894e-01  3.346e-01  3.816e-01  4.294e-01  4.771e-01  5.238e-01  5.688e-01  6.115e-01  6.514e-01  6.883e-01  7.219e-01  7.525e-01  7.799e-01  8.044e-01  8.262e-01  8.455e-01  8.626e-01  8.776e-01  8.909e-01  9.025e-01 	
 2.404e-06  9.628e-06  2.027e-05  2.915e-05  4.017e-05  6.033e-05  1.006e-04  1.783e-04  3.207e-04  5.685e-04  9.807e-04  1.640e-03  2.659e-03  4.187e-03  6.419e-03  9.600e-03  1.403e-02  2.008e-02  2.817e-02  3.879e-02  5.245e-02  6.969e-02  9.101e-02  1.168e-01  1.475e-01  1.830e-01  2.232e-01  2.676e-01  3.155e-01  3.660e-01  4.179e-01  4.699e-01  5.211e-01  5.703e-01  6.168e-01  6.600e-01  6.995e-01  7.353e-01  7.674e-01  7.958e-01  8.209e-01  8.430e-01  8.622e-01  8.790e-01  8.936e-01  9.063e-01  9.173e-01  9.269e-01  9.352e-01  9.424e-01 	
 4.225e-06  1.692e-05  3.562e-05  5.123e-05  7.059e-05  1.060e-04  1.767e-04  3.134e-04  5.637e-04  9.992e-04  1.723e-03  2.881e-03  4.668e-03  7.343e-03  1.124e-02  1.677e-02  2.444e-02  3.482e-02  4.856e-02  6.635e-02  8.883e-02  1.166e-01  1.499e-01  1.891e-01  2.336e-01  2.830e-01  3.362e-01  3.919e-01  4.485e-01  5.046e-01  5.589e-01  6.101e-01  6.577e-01  7.009e-01  7.398e-01  7.742e-01  8.045e-01  8.308e-01  8.536e-01  8.733e-01  8.902e-01  9.047e-01  9.172e-01  9.278e-01  9.370e-01  9.448e-01  9.515e-01  9.573e-01  9.623e-01  9.666e-01 	
 7.425e-06  2.974e-05  6.261e-05  9.003e-05  1.241e-04  1.864e-04  3.106e-04  5.508e-04  9.907e-04  1.756e-03  3.027e-03  5.057e-03  8.184e-03  1.285e-02  1.962e-02  2.916e-02  4.225e-02  5.975e-02  8.251e-02  1.113e-01  1.466e-01  1.887e-01  2.373e-01  2.914e-01  3.498e-01  4.106e-01  4.721e-01  5.323e-01  5.896e-01  6.428e-01  6.913e-01  7.345e-01  7.726e-01  8.056e-01  8.341e-01  8.585e-01  8.792e-01  8.968e-01  9.117e-01  9.243e-01  9.349e-01  9.439e-01  9.515e-01  9.579e-01  9.634e-01  9.681e-01  9.721e-01  9.755e-01  9.784e-01  9.809e-01 	
 1.305e-05  5.226e-05  1.100e-04  1.582e-04  2.180e-04  3.275e-04  5.460e-04  9.682e-04  1.741e-03  3.085e-03  5.315e-03  8.866e-03  1.432e-02  2.241e-02  3.405e-02  5.026e-02  7.214e-02  1.007e-01  1.369e-01  1.810e-01  2.327e-01  2.911e-01  3.546e-01  4.208e-01  4.873e-01  5.519e-01  6.126e-01  6.680e-01  7.176e-01  7.610e-01  7.985e-01  8.304e-01  8.574e-01  8.801e-01  8.990e-01  9.148e-01  9.280e-01  9.390e-01  9.481e-01  9.558e-01  9.622e-01  9.675e-01  9.720e-01  9.758e-01  9.790e-01  9.817e-01  9.840e-01  9.860e-01  9.877e-01  9.891e-01 	
 2.293e-05  9.184e-05  1.933e-04  2.780e-04  3.832e-04  5.756e-04  9.597e-04  1.702e-03  3.060e-03  5.417e-03  9.319e-03  1.551e-02  2.496e-02  3.884e-02  5.851e-02  8.537e-02  1.206e-01  1.651e-01  2.188e-01  2.807e-01  3.489e-01  4.206e-01  4.928e-01  5.624e-01  6.271e-01  6.855e-01  7.367e-01  7.808e-01  8.181e-01  8.493e-01  8.752e-01  8.966e-01  9.141e-01  9.285e-01  9.403e-01  9.500e-01  9.579e-01  9.645e-01  9.699e-01  9.744e-01  9.782e-01  9.813e-01  9.839e-01  9.861e-01  9.879e-01  9.895e-01  9.908e-01  9.920e-01  9.929e-01  9.938e-01 	
 4.030e-05  1.614e-04  3.397e-04  4.885e-04  6.732e-04  1.012e-03  1.687e-03  2.990e-03  5.373e-03  9.501e-03  1.630e-02  2.702e-02  4.319e-02  6.655e-02  9.886e-02  1.415e-01  1.951e-01  2.590e-01  3.312e-01  4.084e-01  4.867e-01  5.624e-01  6.323e-01  6.946e-01  7.485e-01  7.941e-01  8.320e-01  8.630e-01  8.883e-01  9.087e-01  9.253e-01  9.386e-01  9.493e-01  9.581e-01  9.651e-01  9.709e-01  9.756e-01  9.794e-01  9.826e-01  9.852e-01  9.873e-01  9.891e-01  9.907e-01  9.919e-01  9.930e-01  9.939e-01  9.947e-01  9.953e-01  9.959e-01  9.963e-01 	
 7.083e-05  2.835e-04  5.967e-04  8.581e-04  1.183e-03  1.777e-03  2.964e-03  5.253e-03  9.427e-03  1.663e-02  2.841e-02  4.673e-02  7.383e-02  1.119e-01  1.624e-01  2.257e-01  3.002e-01  3.822e-01  4.671e-01  5.500e-01  6.267e-01  6.946e-01  7.526e-01  8.008e-01  8.402e-01  8.719e-01  8.971e-01  9.172e-01  9.332e-01  9.458e-01  9.558e-01  9.639e-01  9.703e-01  9.754e-01  9.796e-01  9.829e-01  9.857e-01  9.879e-01  9.897e-01  9.913e-01  9.925e-01  9.936e-01  9.945e-01  9.952e-01  9.958e-01  9.964e-01  9.968e-01  9.972e-01  9.975e-01  9.978e-01 	
 1.245e-04  4.980e-04  1.048e-03  1.507e-03  2.077e-03  3.122e-03  5.205e-03  9.218e-03  1.651e-02  2.898e-02  4.910e-02  7.973e-02  1.236e-01  1.823e-01  2.556e-01  3.405e-01  4.316e-01  5.227e-01  6.080e-01  6.836e-01  7.477e-01  8.003e-01  8.426e-01  8.759e-01  9.021e-01  9.224e-01  9.383e-01  9.506e-01  9.603e-01  9.679e-01  9.738e-01  9.786e-01  9.824e-01  9.854e-01  9.878e-01  9.898e-01  9.914e-01  9.927e-01  9.938e-01  9.947e-01  9.955e-01  9.961e-01  9.966e-01  9.971e-01  9.974e-01  9.978e-01  9.980e-01  9.983e-01  9.985e-01  9.986e-01 	
 2.187e-04  8.741e-04  1.839e-03  2.644e-03  3.645e-03  5.480e-03  9.134e-03  1.615e-02  2.879e-02  5.011e-02  8.371e-02  1.330e-01  1.998e-01  2.831e-01  3.780e-01  4.773e-01  5.730e-01  6.589e-01  7.319e-01  7.914e-01  8.384e-01  8.749e-01  9.030e-01  9.244e-01  9.408e-01  9.533e-01  9.629e-01  9.704e-01  9.761e-01  9.807e-01  9.842e-01  9.870e-01  9.893e-01  9.911e-01  9.926e-01  9.937e-01  9.947e-01  9.955e-01  9.962e-01  9.967e-01  9.972e-01  9.975e-01  9.979e-01  9.981e-01  9.984e-01  9.986e-01  9.987e-01  9.989e-01  9.990e-01  9.991e-01 	
 3.842e-04  1.533e-03  3.222e-03  4.633e-03  6.389e-03  9.606e-03  1.600e-02  2.817e-02  4.982e-02  8.543e-02  1.393e-01  2.137e-01  3.065e-01  4.111e-01  5.175e-01  6.164e-01  7.018e-01  7.715e-01  8.261e-01  8.678e-01  8.994e-01  9.230e-01  9.406e-01  9.539e-01  9.639e-01  9.715e-01  9.774e-01  9.818e-01  9.853e-01  9.881e-01  9.902e-01  9.919e-01  9.933e-01  9.944e-01  9.953e-01  9.960e-01  9.966e-01  9.971e-01  9.975e-01  9.978e-01  9.981e-01  9.984e-01  9.986e-01  9.987e-01  9.989e-01  9.990e-01  9.991e-01  9.992e-01  9.993e-01  9.994e-01 	
 6.745e-04  2.683e-03  5.635e-03  8.101e-03  1.117e-02  1.680e-02  2.791e-02  4.881e-02  8.502e-02  1.421e-01  2.228e-01  3.245e-01  4.380e-01  5.508e-01  6.522e-01  7.364e-01  8.027e-01  8.529e-01  8.901e-01  9.175e-01  9.376e-01  9.524e-01  9.633e-01  9.714e-01  9.776e-01  9.822e-01  9.858e-01  9.885e-01  9.906e-01  9.923e-01  9.937e-01  9.947e-01  9.956e-01  9.963e-01  9.968e-01  9.973e-01  9.977e-01  9.980e-01  9.983e-01  9.985e-01  9.987e-01  9.988e-01  9.990e-01  9.991e-01  9.992e-01  9.993e-01  9.994e-01  9.994e-01  9.995e-01  9.995e-01 	
 1.184e-03  4.681e-03  9.817e-03  1.411e-02  1.947e-02  2.924e-02  4.834e-02  8.338e-02  1.415e-01  2.267e-01  3.359e-01  4.576e-01  5.763e-01  6.799e-01  7.632e-01  8.265e-01  8.730e-01  9.066e-01  9.308e-01  9.481e-01  9.607e-01  9.699e-01  9.767e-01  9.817e-01  9.855e-01  9.884e-01  9.907e-01  9.924e-01  9.937e-01  9.948e-01  9.957e-01  9.964e-01  9.969e-01  9.974e-01  9.977e-01  9.981e-01  9.983e-01  9.985e-01  9.987e-01  9.989e-01  9.990e-01  9.991e-01  9.992e-01  9.993e-01  9.994e-01  9.994e-01  9.995e-01  9.995e-01  9.996e-01  9.996e-01 	
 2.074e-03  8.120e-03  1.699e-02  2.441e-02  3.368e-02  5.047e-02  8.256e-02  1.389e-01  2.257e-01  3.404e-01  4.692e-01  5.937e-01  7.000e-01  7.829e-01  8.441e-01  8.878e-01  9.186e-01  9.403e-01  9.557e-01  9.666e-01  9.745e-01  9.803e-01  9.846e-01  9.878e-01  9.902e-01  9.921e-01  9.935e-01  9.947e-01  9.956e-01  9.963e-01  9.968e-01  9.973e-01  9.977e-01  9.980e-01  9.983e-01  9.985e-01  9.987e-01  9.988e-01  9.990e-01  9.991e-01  9.992e-01  9.993e-01  9.993e-01  9.994e-01  9.995e-01  9.995e-01  9.996e-01  9.996e-01  9.996e-01  9.997e-01 	
 3.628e-03  1.395e-02  2.908e-02  4.175e-02  5.758e-02  8.579e-02  1.375e-01  2.220e-01  3.388e-01  4.732e-01  6.034e-01  7.130e-01  7.965e-01  8.565e-01  8.983e-01  9.272e-01  9.471e-01  9.609e-01  9.707e-01  9.777e-01  9.828e-01  9.865e-01  9.893e-01  9.914e-01  9.930e-01  9.943e-01  9.952e-01  9.960e-01  9.966e-01  9.971e-01  9.976e-01  9.979e-01  9.982e-01  9.984e-01  9.986e-01  9.988e-01  9.989e-01  9.990e-01  9.991e-01  9.992e-01  9.993e-01  9.994e-01  9.994e-01  9.995e-01  9.995e-01  9.996e-01  9.996e-01  9.996e-01  9.997e-01  9.997e-01 	
 6.323e-03  2.360e-02  4.884e-02  7.005e-02  9.642e-02  1.419e-01  2.198e-01  3.341e-01  4.712e-01  6.065e-01  7.199e-01  8.050e-01  8.648e-01  9.055e-01  9.330e-01  9.517e-01  9.645e-01  9.735e-01  9.798e-01  9.844e-01  9.877e-01  9.902e-01  9.921e-01  9.936e-01  9.947e-01  9.956e-01  9.963e-01  9.968e-01  9.973e-01  9.977e-01  9.980e-01  9.982e-01  9.984e-01  9.986e-01  9.988e-01  9.989e-01  9.990e-01  9.991e-01  9.992e-01  9.993e-01  9.993e-01  9.994e-01  9.994e-01  9.995e-01  9.995e-01  9.996e-01  9.996e-01  9.996e-01  9.997e-01  9.997e-01 	
 1.096e-02  3.893e-02  7.965e-02  1.140e-01  1.561e-01  2.248e-01  3.310e-01  4.663e-01  6.048e-01  7.222e-01  8.096e-01  8.699e-01  9.102e-01  9.369e-01  9.548e-01  9.669e-01  9.753e-01  9.812e-01  9.854e-01  9.885e-01  9.908e-01  9.925e-01  9.939e-01  9.949e-01  9.957e-01  9.964e-01  9.969e-01  9.973e-01  9.977e-01  9.980e-01  9.982e-01  9.984e-01  9.986e-01  9.987e-01  9.989e-01  9.990e-01  9.991e-01  9.992e-01  9.992e-01  9.993e-01  9.994e-01  9.994e-01  9.994e-01  9.995e-01  9.995e-01  9.996e-01  9.996e-01  9.996e-01  9.996e-01  9.997e-01 	
 1.885e-02  6.190e-02  1.243e-01  1.771e-01  2.403e-01  3.348e-01  4.623e-01  6.005e-01  7.211e-01  8.112e-01  8.727e-01  9.131e-01  9.394e-01  9.568e-01  9.684e-01  9.764e-01  9.820e-01  9.860e-01  9.889e-01  9.911e-01  9.928e-01  9.940e-01  9.950e-01  9.958e-01  9.964e-01  9.969e-01  9.973e-01  9.976e-01  9.979e-01  9.982e-01  9.984e-01  9.985e-01  9.987e-01  9.988e-01  9.989e-01  9.990e-01  9.991e-01  9.992e-01  9.992e-01  9.993e-01  9.993e-01  9.994e-01  9.994e-01  9.995e-01  9.995e-01  9.995e-01  9.996e-01  9.996e-01  9.996e-01  9.996e-01 	
 3.210e-02  9.391e-02  1.830e-01  2.586e-01  3.456e-01  4.615e-01  5.948e-01  7.170e-01  8.100e-01  8.733e-01  9.144e-01  9.408e-01  9.580e-01  9.694e-01  9.772e-01  9.825e-01  9.864e-01  9.892e-01  9.913e-01  9.928e-01  9.940e-01  9.950e-01  9.957e-01  9.963e-01  9.968e-01  9.972e-01  9.976e-01  9.978e-01  9.981e-01  9.983e-01  9.984e-01  9.986e-01  9.987e-01  9.988e-01  9.989e-01  9.990e-01  9.991e-01  9.991e-01  9.992e-01  9.993e-01  9.993e-01  9.994e-01  9.994e-01  9.994e-01  9.995e-01  9.995e-01  9.995e-01  9.996e-01  9.996e-01  9.996e-01 	
 5.397e-02  1.353e-01  2.515e-01  3.508e-01  4.591e-01  5.851e-01  7.075e-01  8.042e-01  8.707e-01  9.135e-01  9.407e-01  9.581e-01  9.696e-01  9.773e-01  9.826e-01  9.864e-01  9.892e-01  9.912e-01  9.927e-01  9.939e-01  9.949e-01  9.956e-01  9.962e-01  9.967e-01  9.971e-01  9.974e-01  9.977e-01  9.979e-01  9.981e-01  9.983e-01  9.985e-01  9.986e-01  9.987e-01  9.988e-01  9.989e-01  9.990e-01  9.991e-01  9.991e-01  9.992e-01  9.992e-01  9.993e-01  9.993e-01  9.994e-01  9.994e-01  9.994e-01  9.995e-01  9.995e-01  9.995e-01  9.995e-01  9.996e-01 	
 8.923e-02  1.862e-01  3.232e-01  4.414e-01  5.631e-01  6.861e-01  7.887e-01  8.612e-01  9.080e-01  9.375e-01  9.561e-01  9.682e-01  9.763e-01  9.819e-01  9.858e-01  9.886e-01  9.907e-01  9.923e-01  9.935e-01  9.945e-01  9.952e-01  9.959e-01  9.964e-01  9.968e-01  9.971e-01  9.974e-01  9.977e-01  9.979e-01  9.981e-01  9.983e-01  9.984e-01  9.985e-01  9.986e-01  9.987e-01  9.988e-01  9.989e-01  9.990e-01  9.991e-01  9.991e-01  9.992e-01  9.992e-01  9.993e-01  9.993e-01  9.994e-01  9.994e-01  9.994e-01  9.995e-01  9.995e-01  9.995e-01  9.995e-01 	
 1.439e-01  2.489e-01  3.950e-01  5.233e-01  6.480e-01  7.588e-01  8.412e-01  8.954e-01  9.295e-01  9.509e-01  9.646e-01  9.736e-01  9.798e-01  9.841e-01  9.872e-01  9.895e-01  9.913e-01  9.926e-01  9.937e-01  9.945e-01  9.952e-01  9.958e-01  9.963e-01  9.967e-01  9.970e-01  9.973e-01  9.976e-01  9.978e-01  9.980e-01  9.981e-01  9.983e-01  9.984e-01  9.985e-01  9.986e-01  9.987e-01  9.988e-01  9.989e-01  9.990e-01  9.990e-01  9.991e-01  9.991e-01  9.992e-01  9.992e-01  9.993e-01  9.993e-01  9.994e-01  9.994e-01  9.994e-01  9.995e-01  9.995e-01 	
 2.231e-01  3.273e-01  4.695e-01  5.971e-01  7.144e-01  8.089e-01  8.741e-01  9.156e-01  9.416e-01  9.581e-01  9.688e-01  9.761e-01  9.812e-01  9.848e-01  9.875e-01  9.896e-01  9.912e-01  9.924e-01  9.934e-01  9.942e-01  9.949e-01  9.955e-01  9.960e-01  9.964e-01  9.967e-01  9.970e-01  9.973e-01  9.975e-01  9.977e-01  9.979e-01  9.981e-01  9.982e-01  9.983e-01  9.985e-01  9.986e-01  9.987e-01  9.988e-01  9.988e-01  9.989e-01  9.990e-01  9.990e-01  9.991e-01  9.991e-01  9.992e-01  9.992e-01  9.993e-01  9.993e-01  9.993e-01  9.994e-01  9.994e-01 	
 3.257e-01  4.221e-01  5.503e-01  6.673e-01  7.695e-01  8.462e-01  8.970e-01  9.290e-01  9.493e-01  9.624e-01  9.712e-01  9.773e-01  9.817e-01  9.849e-01  9.874e-01  9.893e-01  9.908e-01  9.920e-01  9.930e-01  9.938e-01  9.945e-01  9.951e-01  9.956e-01  9.960e-01  9.964e-01  9.967e-01  9.970e-01  9.973e-01  9.975e-01  9.977e-01  9.979e-01  9.980e-01  9.982e-01  9.983e-01  9.984e-01  9.985e-01  9.986e-01  9.987e-01  9.988e-01  9.989e-01  9.989e-01  9.990e-01  9.990e-01  9.991e-01  9.991e-01  9.992e-01  9.992e-01  9.993e-01  9.993e-01  9.993e-01 	
 4.382e-01  5.230e-01  6.318e-01  7.320e-01  8.156e-01  8.754e-01  9.143e-01  9.390e-01  9.550e-01  9.656e-01  9.729e-01  9.781e-01  9.820e-01  9.850e-01  9.872e-01  9.890e-01  9.905e-01  9.917e-01  9.927e-01  9.935e-01  9.942e-01  9.948e-01  9.953e-01  9.958e-01  9.962e-01  9.965e-01  9.968e-01  9.971e-01  9.973e-01  9.975e-01  9.977e-01  9.979e-01  9.980e-01  9.982e-01  9.983e-01  9.984e-01  9.985e-01  9.986e-01  9.987e-01  9.988e-01  9.988e-01  9.989e-01  9.990e-01  9.990e-01  9.991e-01  9.991e-01  9.992e-01  9.992e-01  9.993e-01  9.993e-01 	
 5.392e-01  6.085e-01  6.964e-01  7.793e-01  8.467e-01  8.939e-01  9.246e-01  9.445e-01  9.577e-01  9.668e-01  9.733e-01  9.781e-01  9.817e-01  9.845e-01  9.868e-01  9.886e-01  9.901e-01  9.913e-01  9.923e-01  9.932e-01  9.939e-01  9.945e-01  9.951e-01  9.955e-01  9.959e-01  9.963e-01  9.966e-01  9.969e-01  9.971e-01  9.974e-01  9.976e-01  9.977e-01  9.979e-01  9.981e-01  9.982e-01  9.983e-01  9.984e-01  9.985e-01  9.986e-01  9.987e-01  9.988e-01  9.988e-01  9.989e-01  9.990e-01  9.990e-01  9.991e-01  9.991e-01  9.992e-01  9.992e-01  9.992e-01 	
 6.167e-01  6.678e-01  7.375e-01  8.068e-01  8.628e-01  9.019e-01  9.279e-01  9.453e-01  9.572e-01  9.658e-01  9.720e-01  9.768e-01  9.805e-01  9.834e-01  9.857e-01  9.876e-01  9.892e-01  9.905e-01  9.916e-01  9.925e-01  9.933e-01  9.940e-01  9.946e-01  9.951e-01  9.956e-01  9.959e-01  9.963e-01  9.966e-01  9.969e-01  9.971e-01  9.973e-01  9.975e-01  9.977e-01  9.979e-01  9.980e-01  9.981e-01  9.983e-01  9.984e-01  9.985e-01  9.986e-01  9.986e-01  9.987e-01  9.988e-01  9.989e-01  9.989e-01  9.990e-01  9.990e-01  9.991e-01  9.991e-01  9.992e-01 	
 6.712e-01  7.061e-01  7.644e-01  8.242e-01  8.720e-01  9.058e-01  9.288e-01  9.447e-01  9.561e-01  9.644e-01  9.707e-01  9.755e-01  9.793e-01  9.824e-01  9.848e-01  9.868e-01  9.885e-01  9.899e-01  9.910e-01  9.920e-01  9.928e-01  9.936e-01  9.942e-01  9.948e-01  9.952e-01  9.956e-01  9.960e-01  9.963e-01  9.966e-01  9.969e-01  9.971e-01  9.973e-01  9.975e-01  9.977e-01  9.979e-01  9.980e-01  9.981e-01  9.982e-01  9.984e-01  9.985e-01  9.985e-01  9.986e-01  9.987e-01  9.988e-01  9.988e-01  9.989e-01  9.990e-01  9.990e-01  9.991e-01  9.991e-01 	
 7.087e-01  7.278e-01  7.767e-01  8.296e-01  8.725e-01  9.035e-01  9.255e-01  9.413e-01  9.529e-01  9.616e-01  9.682e-01  9.734e-01  9.774e-01  9.807e-01  9.834e-01  9.856e-01  9.874e-01  9.889e-01  9.901e-01  9.912e-01  9.921e-01  9.929e-01  9.936e-01  9.942e-01  9.948e-01  9.952e-01  9.956e-01  9.960e-01  9.963e-01  9.966e-01  9.968e-01  9.971e-01  9.973e-01  9.975e-01  9.976e-01  9.978e-01  9.979e-01  9.981e-01  9.982e-01  9.983e-01  9.984e-01  9.985e-01  9.986e-01  9.986e-01  9.987e-01  9.988e-01  9.988e-01  9.989e-01  9.990e-01  9.990e-01 	
 7.462e-01  7.471e-01  7.870e-01  8.334e-01  8.722e-01  9.014e-01  9.228e-01  9.386e-01  9.504e-01  9.594e-01  9.663e-01  9.717e-01  9.760e-01  9.794e-01  9.822e-01  9.845e-01  9.865e-01  9.881e-01  9.894e-01  9.906e-01  9.916e-01  9.924e-01  9.931e-01  9.938e-01  9.943e-01  9.948e-01  9.953e-01  9.957e-01  9.960e-01  9.963e-01  9.966e-01  9.968e-01  9.970e-01  9.973e-01  9.974e-01  9.976e-01  9.978e-01  9.979e-01  9.980e-01  9.981e-01  9.982e-01  9.983e-01  9.984e-01  9.985e-01  9.986e-01  9.987e-01  9.987e-01  9.988e-01  9.989e-01  9.989e-01 	
 7.949e-01  7.683e-01  7.952e-01  8.347e-01  8.702e-01  8.983e-01  9.195e-01  9.355e-01  9.476e-01  9.569e-01  9.641e-01  9.698e-01  9.743e-01  9.780e-01  9.809e-01  9.834e-01  9.854e-01  9.871e-01  9.886e-01  9.898e-01  9.909e-01  9.918e-01  9.926e-01  9.933e-01  9.939e-01  9.944e-01  9.949e-01  9.953e-01  9.956e-01  9.960e-01  9.963e-01  9.965e-01  9.968e-01  9.970e-01  9.972e-01  9.974e-01  9.975e-01  9.977e-01  9.978e-01  9.980e-01  9.981e-01  9.982e-01  9.983e-01  9.984e-01  9.985e-01  9.985e-01  9.986e-01  9.987e-01  9.987e-01  9.988e-01 	
 8.122e-01  7.731e-01  7.939e-01  8.304e-01  8.650e-01  8.932e-01  9.150e-01  9.315e-01  9.442e-01  9.539e-01  9.616e-01  9.676e-01  9.724e-01  9.763e-01  9.794e-01  9.821e-01  9.842e-01  9.861e-01  9.876e-01  9.890e-01  9.901e-01  9.911e-01  9.919e-01  9.927e-01  9.933e-01  9.939e-01  9.944e-01  9.948e-01  9.952e-01  9.956e-01  9.959e-01  9.962e-01  9.965e-01  9.967e-01  9.969e-01  9.971e-01  9.973e-01  9.975e-01  9.976e-01  9.978e-01  9.979e-01  9.980e-01  9.981e-01  9.982e-01  9.983e-01  9.984e-01  9.985e-01  9.985e-01  9.986e-01  9.987e-01 	
 8.262e-01  7.762e-01  7.916e-01  8.258e-01  8.600e-01  8.883e-01  9.106e-01  9.277e-01  9.408e-01  9.510e-01  9.590e-01  9.654e-01  9.704e-01  9.746e-01  9.779e-01  9.807e-01  9.831e-01  9.850e-01  9.867e-01  9.881e-01  9.893e-01  9.904e-01  9.913e-01  9.921e-01  9.928e-01  9.934e-01  9.939e-01  9.944e-01  9.948e-01  9.952e-01  9.956e-01  9.959e-01  9.962e-01  9.964e-01  9.967e-01  9.969e-01  9.971e-01  9.972e-01  9.974e-01  9.976e-01  9.977e-01  9.978e-01  9.979e-01  9.980e-01  9.981e-01  9.982e-01  9.983e-01  9.984e-01  9.985e-01  9.986e-01 	
 8.389e-01  7.787e-01  7.893e-01  8.215e-01  8.551e-01  8.837e-01  9.063e-01  9.239e-01  9.375e-01  9.481e-01  9.565e-01  9.631e-01  9.685e-01  9.728e-01  9.764e-01  9.794e-01  9.818e-01  9.839e-01  9.857e-01  9.872e-01  9.885e-01  9.896e-01  9.906e-01  9.914e-01  9.922e-01  9.929e-01  9.934e-01  9.940e-01  9.944e-01  9.948e-01  9.952e-01  9.955e-01  9.958e-01  9.961e-01  9.964e-01  9.966e-01  9.968e-01  9.970e-01  9.972e-01  9.973e-01  9.975e-01  9.976e-01  9.978e-01  9.979e-01  9.980e-01  9.981e-01  9.982e-01  9.983e-01  9.983e-01  9.984e-01 	
 8.388e-01  7.752e-01  7.837e-01  8.152e-01  8.489e-01  8.779e-01  9.012e-01  9.194e-01  9.336e-01  9.447e-01  9.535e-01  9.605e-01  9.662e-01  9.708e-01  9.746e-01  9.778e-01  9.804e-01  9.826e-01  9.845e-01  9.861e-01  9.875e-01  9.887e-01  9.898e-01  9.907e-01  9.915e-01  9.922e-01  9.928e-01  9.934e-01  9.939e-01  9.944e-01  9.948e-01  9.951e-01  9.955e-01  9.958e-01  9.960e-01  9.963e-01  9.965e-01  9.967e-01  9.969e-01  9.971e-01  9.972e-01  9.974e-01  9.975e-01  9.977e-01  9.978e-01  9.979e-01  9.980e-01  9.981e-01  9.982e-01  9.983e-01 	
 8.371e-01  7.711e-01  7.776e-01  8.084e-01  8.421e-01  8.717e-01  8.956e-01  9.145e-01  9.293e-01  9.410e-01  9.502e-01  9.577e-01  9.637e-01  9.686e-01  9.726e-01  9.760e-01  9.788e-01  9.812e-01  9.832e-01  9.850e-01  9.865e-01  9.878e-01  9.889e-01  9.899e-01  9.907e-01  9.915e-01  9.922e-01  9.928e-01  9.933e-01  9.938e-01  9.943e-01  9.947e-01  9.950e-01  9.953e-01  9.956e-01  9.959e-01  9.962e-01  9.964e-01  9.966e-01  9.968e-01  9.970e-01  9.971e-01  9.973e-01  9.974e-01  9.975e-01  9.977e-01  9.978e-01  9.979e-01  9.980e-01  9.981e-01 	
 8.362e-01  7.678e-01  7.719e-01  8.015e-01  8.352e-01  8.652e-01  8.897e-01  9.093e-01  9.247e-01  9.370e-01  9.467e-01  9.546e-01  9.609e-01  9.661e-01  9.704e-01  9.740e-01  9.770e-01  9.796e-01  9.818e-01  9.836e-01  9.852e-01  9.866e-01  9.879e-01  9.889e-01  9.899e-01  9.907e-01  9.914e-01  9.921e-01  9.927e-01  9.932e-01  9.937e-01  9.941e-01  9.945e-01  9.949e-01  9.952e-01  9.955e-01  9.957e-01  9.960e-01  9.962e-01  9.964e-01  9.966e-01  9.968e-01  9.970e-01  9.971e-01  9.973e-01  9.974e-01  9.975e-01  9.976e-01  9.977e-01  9.978e-01 	
 8.347e-01  7.644e-01  7.660e-01  7.944e-01  8.280e-01  8.583e-01  8.835e-01  9.037e-01  9.198e-01  9.326e-01  9.429e-01  9.512e-01  9.579e-01  9.634e-01  9.680e-01  9.718e-01  9.751e-01  9.778e-01  9.801e-01  9.821e-01  9.839e-01  9.854e-01  9.867e-01  9.879e-01  9.889e-01  9.898e-01  9.906e-01  9.913e-01  9.919e-01  9.925e-01  9.930e-01  9.935e-01  9.939e-01  9.943e-01  9.947e-01  9.950e-01  9.953e-01  9.956e-01  9.958e-01  9.960e-01  9.962e-01  9.964e-01  9.966e-01  9.968e-01  9.969e-01  9.971e-01  9.972e-01  9.974e-01  9.975e-01  9.976e-01 	
 8.310e-01  7.601e-01  7.595e-01  7.867e-01  8.201e-01  8.509e-01  8.767e-01  8.976e-01  9.144e-01  9.278e-01  9.386e-01  9.474e-01  9.545e-01  9.604e-01  9.653e-01  9.694e-01  9.729e-01  9.758e-01  9.783e-01  9.805e-01  9.823e-01  9.840e-01  9.854e-01  9.866e-01  9.878e-01  9.887e-01  9.896e-01  9.904e-01  9.911e-01  9.917e-01  9.923e-01  9.928e-01  9.933e-01  9.937e-01  9.941e-01  9.944e-01  9.947e-01  9.950e-01  9.953e-01  9.956e-01  9.958e-01  9.960e-01  9.962e-01  9.964e-01  9.966e-01  9.967e-01  9.969e-01  9.970e-01  9.972e-01  9.973e-01 	
 8.263e-01  7.555e-01  7.527e-01  7.787e-01  8.118e-01  8.429e-01  8.694e-01  8.910e-01  9.085e-01  9.225e-01  9.339e-01  9.432e-01  9.508e-01  9.570e-01  9.623e-01  9.667e-01  9.704e-01  9.735e-01  9.762e-01  9.786e-01  9.806e-01  9.824e-01  9.839e-01  9.853e-01  9.865e-01  9.875e-01  9.885e-01  9.894e-01  9.901e-01  9.908e-01  9.914e-01  9.920e-01  9.925e-01  9.930e-01  9.934e-01  9.938e-01  9.941e-01  9.945e-01  9.948e-01  9.951e-01  9.953e-01  9.955e-01  9.958e-01  9.960e-01  9.962e-01  9.963e-01  9.965e-01  9.967e-01  9.968e-01  9.970e-01 	
 8.221e-01  7.512e-01  7.459e-01  7.703e-01  8.030e-01  8.344e-01  8.614e-01  8.838e-01  9.020e-01  9.167e-01  9.287e-01  9.385e-01  9.466e-01  9.533e-01  9.589e-01  9.636e-01  9.676e-01  9.710e-01  9.739e-01  9.764e-01  9.786e-01  9.805e-01  9.822e-01  9.837e-01  9.850e-01  9.862e-01  9.872e-01  9.882e-01  9.890e-01  9.898e-01  9.904e-01  9.911e-01  9.916e-01  9.921e-01  9.926e-01  9.930e-01  9.934e-01  9.938e-01  9.941e-01  9.944e-01  9.947e-01  9.950e-01  9.952e-01  9.955e-01  9.957e-01  9.959e-01  9.961e-01  9.962e-01  9.964e-01  9.966e-01 	
 8.175e-01  7.469e-01  7.391e-01  7.617e-01  7.937e-01  8.253e-01  8.529e-01  8.760e-01  8.949e-01  9.103e-01  9.229e-01  9.333e-01  9.419e-01  9.490e-01  9.550e-01  9.601e-01  9.644e-01  9.681e-01  9.712e-01  9.740e-01  9.763e-01  9.784e-01  9.803e-01  9.819e-01  9.833e-01  9.846e-01  9.857e-01  9.868e-01  9.877e-01  9.885e-01  9.893e-01  9.900e-01  9.906e-01  9.912e-01  9.917e-01  9.922e-01  9.926e-01  9.930e-01  9.934e-01  9.937e-01  9.940e-01  9.943e-01  9.946e-01  9.949e-01  9.951e-01  9.953e-01  9.955e-01  9.957e-01  9.959e-01  9.961e-01 	
 8.127e-01  7.427e-01  7.324e-01  7.530e-01  7.843e-01  8.158e-01  8.439e-01  8.676e-01  8.872e-01  9.034e-01  9.166e-01  9.276e-01  9.367e-01  9.443e-01  9.508e-01  9.562e-01  9.608e-01  9.648e-01  9.682e-01  9.712e-01  9.738e-01  9.761e-01  9.781e-01  9.798e-01  9.814e-01  9.828e-01  9.841e-01  9.852e-01  9.862e-01  9.871e-01  9.880e-01  9.887e-01  9.894e-01  9.900e-01  9.906e-01  9.912e-01  9.916e-01  9.921e-01  9.925e-01  9.929e-01  9.932e-01  9.936e-01  9.939e-01  9.942e-01  9.944e-01  9.947e-01  9.949e-01  9.951e-01  9.953e-01  9.955e-01 	
 8.076e-01  7.387e-01  7.260e-01  7.445e-01  7.746e-01  8.060e-01  8.344e-01  8.587e-01  8.790e-01  8.958e-01  9.098e-01  9.214e-01  9.310e-01  9.392e-01  9.460e-01  9.518e-01  9.568e-01  9.611e-01  9.648e-01  9.681e-01  9.709e-01  9.734e-01  9.756e-01  9.775e-01  9.792e-01  9.808e-01  9.821e-01  9.834e-01  9.845e-01  9.855e-01  9.864e-01  9.873e-01  9.881e-01  9.888e-01  9.894e-01  9.900e-01  9.905e-01  9.910e-01  9.915e-01  9.919e-01  9.923e-01  9.927e-01  9.930e-01  9.934e-01  9.937e-01  9.939e-01  9.942e-01  9.944e-01  9.947e-01  9.949e-01 	
 8.022e-01  7.349e-01  7.201e-01  7.362e-01  7.649e-01  7.958e-01  8.244e-01  8.492e-01  8.701e-01  8.876e-01  9.023e-01  9.145e-01  9.247e-01  9.334e-01  9.407e-01  9.470e-01  9.523e-01  9.570e-01  9.610e-01  9.645e-01  9.676e-01  9.703e-01  9.727e-01  9.748e-01  9.767e-01  9.784e-01  9.799e-01  9.813e-01  9.825e-01  9.837e-01  9.847e-01  9.856e-01  9.865e-01  9.873e-01  9.880e-01  9.886e-01  9.892e-01  9.898e-01  9.903e-01  9.908e-01  9.913e-01  9.917e-01  9.921e-01  9.924e-01  9.928e-01  9.931e-01  9.934e-01  9.936e-01  9.939e-01  9.941e-01 	
 7.964e-01  7.314e-01  7.146e-01  7.281e-01  7.552e-01  7.854e-01  8.139e-01  8.391e-01  8.606e-01  8.788e-01  8.941e-01  9.069e-01  9.178e-01  9.270e-01  9.348e-01  9.415e-01  9.473e-01  9.523e-01  9.567e-01  9.605e-01  9.638e-01  9.668e-01  9.694e-01  9.718e-01  9.738e-01  9.757e-01  9.774e-01  9.789e-01  9.803e-01  9.815e-01  9.827e-01  9.837e-01  9.847e-01  9.855e-01  9.863e-01  9.871e-01  9.877e-01  9.884e-01  9.890e-01  9.895e-01  9.900e-01  9.905e-01  9.909e-01  9.913e-01  9.917e-01  9.920e-01  9.924e-01  9.927e-01  9.930e-01  9.933e-01 	
