 5.275e-04  3.897e-04  2.879e-04  2.127e-04  1.572e-04  1.162e-04  8.585e-05  6.346e-05  4.691e-05  3.469e-05  2.567e-05  1.900e-05  1.408e-05  1.045e-05  7.774e-06  5.806e-06  4.363e-06  3.309e-06  2.546e-06  1.999e-06  1.615e-06  1.355e-06  1.192e-06  1.105e-06  1.080e-06  1.109e-06  1.187e-06  1.313e-06  1.487e-06  1.716e-06  2.006e-06  2.372e-06  2.831e-06  3.410e-06  4.148e-06  5.102e-06  6.362e-06  8.071e-06  1.047e-05  1.403e-05  1.964e-05  2.944e-05  4.937e-05  1.024e-04  3.558e-04  3.833e-02  4.620e-03  1.409e-04  1.631e-04  1.072e-04 	
 1.122e-03  8.287e-04  6.120e-04  4.520e-04  3.339e-04  2.467e-04  1.823e-04  1.347e-04  9.954e-05  7.358e-05  5.440e-05  4.023e-05  2.977e-05  2.205e-05  1.636e-05  1.216e-05  9.069e-06  6.802e-06  5.145e-06  3.942e-06  3.077e-06  2.468e-06  2.052e-06  1.785e-06  1.636e-06  1.584e-06  1.613e-06  1.716e-06  1.892e-06  2.142e-06  2.473e-06  2.901e-06  3.444e-06  4.136e-06  5.021e-06  6.168e-06  7.685e-06  9.745e-06  1.264e-05  1.693e-05  2.370e-05  3.552e-05  5.958e-05  1.236e-04  4.294e-04  4.625e-02  5.575e-03  1.701e-04  1.968e-04  1.294e-04 	
 2.391e-03  1.764e-03  1.302e-03  9.615e-04  7.100e-04  5.243e-04  3.873e-04  2.861e-04  2.114e-04  1.562e-04  1.154e-04  8.531e-05  6.308e-05  4.666e-05  3.454e-05  2.560e-05  1.902e-05  1.417e-05  1.061e-05  8.002e-06  6.108e-06  4.744e-06  3.778e-06  3.113e-06  2.681e-06  2.430e-06  2.328e-06  2.352e-06  2.489e-06  2.735e-06  3.095e-06  3.581e-06  4.215e-06  5.034e-06  6.090e-06  7.466e-06  9.291e-06  1.177e-05  1.527e-05  2.043e-05  2.861e-05  4.287e-05  7.190e-05  1.491e-04  5.182e-04  5.580e-02  6.729e-03  2.053e-04  2.376e-04  1.562e-04 	
 5.103e-03  3.763e-03  2.775e-03  2.048e-03  1.511e-03  1.116e-03  8.236e-04  6.081e-04  4.491e-04  3.317e-04  2.450e-04  1.810e-04  1.338e-04  9.889e-05  7.312e-05  5.411e-05  4.008e-05  2.975e-05  2.213e-05  1.654e-05  1.245e-05  9.470e-06  7.320e-06  5.791e-06  4.733e-06  4.035e-06  3.620e-06  3.433e-06  3.440e-06  3.620e-06  3.969e-06  4.492e-06  5.211e-06  6.165e-06  7.414e-06  9.057e-06  1.125e-05  1.423e-05  1.844e-05  2.467e-05  3.453e-05  5.174e-05  8.678e-05  1.800e-04  6.253e-04  6.733e-02  8.122e-03  2.477e-04  2.867e-04  1.884e-04 	
 1.091e-02  8.040e-03  5.925e-03  4.368e-03  3.221e-03  2.376e-03  1.753e-03  1.294e-03  9.552e-04  7.052e-04  5.207e-04  3.845e-04  2.840e-04  2.098e-04  1.550e-04  1.146e-04  8.476e-05  6.275e-05  4.653e-05  3.458e-05  2.581e-05  1.938e-05  1.469e-05  1.130e-05  8.888e-06  7.206e-06  6.086e-06  5.404e-06  5.076e-06  5.047e-06  5.285e-06  5.783e-06  6.552e-06  7.630e-06  9.085e-06  1.103e-05  1.364e-05  1.722e-05  2.229e-05  2.980e-05  4.169e-05  6.246e-05  1.047e-04  2.172e-04  7.547e-04  8.122e-02  9.803e-03  2.990e-04  3.460e-04  2.274e-04 	
 2.339e-02  1.722e-02  1.268e-02  9.338e-03  6.880e-03  5.071e-03  3.739e-03  2.758e-03  2.034e-03  1.501e-03  1.108e-03  8.176e-04  6.036e-04  4.457e-04  3.291e-04  2.431e-04  1.796e-04  1.328e-04  9.823e-05  7.278e-05  5.403e-05  4.026e-05  3.016e-05  2.280e-05  1.747e-05  1.365e-05  1.099e-05  9.198e-06  8.088e-06  7.527e-06  7.428e-06  7.745e-06  8.465e-06  9.613e-06  1.126e-05  1.352e-05  1.661e-05  2.089e-05  2.698e-05  3.601e-05  5.034e-05  7.539e-05  1.264e-04  2.621e-04  9.107e-04  9.796e-02  1.183e-02  3.609e-04  4.176e-04  2.745e-04 	
 5.018e-02  3.694e-02  2.718e-02  2.001e-02  1.473e-02  1.085e-02  7.989e-03  5.887e-03  4.339e-03  3.199e-03  2.360e-03  1.741e-03  1.284e-03  9.476e-04  6.994e-04  5.163e-04  3.812e-04  2.815e-04  2.080e-04  1.538e-04  1.138e-04  8.441e-05  6.280e-05  4.695e-05  3.539e-05  2.700e-05  2.099e-05  1.678e-05  1.392e-05  1.213e-05  1.119e-05  1.097e-05  1.140e-05  1.246e-05  1.420e-05  1.676e-05  2.037e-05  2.544e-05  3.271e-05  4.357e-05  6.083e-05  9.103e-05  1.526e-04  3.163e-04  1.099e-03  1.181e-01  1.429e-02  4.356e-04  5.040e-04  3.312e-04 	
 1.073e-01  7.915e-02  5.831e-02  4.292e-02  3.159e-02  2.324e-02  1.711e-02  1.259e-02  9.275e-03  6.833e-03  5.035e-03  3.711e-03  2.736e-03  2.018e-03  1.488e-03  1.098e-03  8.100e-04  5.977e-04  4.412e-04  3.258e-04  2.407e-04  1.780e-04  1.319e-04  9.795e-05  7.308e-05  5.492e-05  4.175e-05  3.229e-05  2.563e-05  2.111e-05  1.823e-05  1.668e-05  1.626e-05  1.685e-05  1.845e-05  2.117e-05  2.525e-05  3.117e-05  3.981e-05  5.281e-05  7.356e-05  1.100e-04  1.842e-04  3.818e-04  1.326e-03  1.424e-01  1.726e-02  5.258e-04  6.083e-04  3.998e-04 	
 2.254e-01  1.679e-01  1.244e-01  9.189e-02  6.773e-02  4.987e-02  3.670e-02  2.700e-02  1.987e-02  1.462e-02  1.077e-02  7.929e-03  5.841e-03  4.304e-03  3.172e-03  2.338e-03  1.724e-03  1.271e-03  9.375e-04  6.915e-04  5.103e-04  3.767e-04  2.783e-04  2.059e-04  1.527e-04  1.137e-04  8.523e-05  6.455e-05  4.968e-05  3.919e-05  3.202e-05  2.744e-05  2.493e-05  2.418e-05  2.504e-05  2.754e-05  3.189e-05  3.862e-05  4.874e-05  6.420e-05  8.909e-05  1.329e-04  2.224e-04  4.608e-04  1.600e-03  1.716e-01  2.084e-02  6.349e-04  7.343e-04  4.825e-04 	
 4.508e-01  3.442e-01  2.597e-01  1.941e-01  1.442e-01  1.066e-01  7.865e-02  5.793e-02  4.263e-02  3.136e-02  2.307e-02  1.698e-02  1.250e-02  9.198e-03  6.773e-03  4.988e-03  3.675e-03  2.707e-03  1.995e-03  1.470e-03  1.084e-03  7.992e-04  5.895e-04  4.351e-04  3.215e-04  2.381e-04  1.769e-04  1.322e-04  9.976e-05  7.642e-05  5.992e-05  4.862e-05  4.136e-05  3.734e-05  3.611e-05  3.745e-05  4.149e-05  4.872e-05  6.029e-05  7.848e-05  1.082e-04  1.608e-04  2.686e-04  5.561e-04  1.931e-03  2.066e-01  2.519e-02  7.668e-04  8.865e-04  5.824e-04 	
 8.295e-01  6.555e-01  5.117e-01  3.935e-01  2.985e-01  2.240e-01  1.668e-01  1.236e-01  9.127e-02  6.726e-02  4.951e-02  3.642e-02  2.679e-02  1.970e-02  1.450e-02  1.067e-02  7.850e-03  5.778e-03  4.254e-03  3.132e-03  2.307e-03  1.699e-03  1.252e-03  9.222e-04  6.799e-04  5.017e-04  3.709e-04  2.750e-04  2.049e-04  1.541e-04  1.175e-04  9.158e-05  7.382e-05  6.238e-05  5.605e-05  5.414e-05  5.643e-05  6.328e-05  7.586e-05  9.683e-05  1.319e-04  1.949e-04  3.246e-04  6.713e-04  2.330e-03  2.485e-01  3.047e-02  9.266e-04  1.070e-03  7.032e-04 	
 1.561e+00  1.186e+00  9.298e-01  7.363e-01  5.787e-01  4.483e-01  3.422e-01  2.580e-01  1.928e-01  1.431e-01  1.058e-01  7.804e-02  5.746e-02  4.227e-02  3.108e-02  2.285e-02  1.681e-02  1.236e-02  9.090e-03  6.687e-03  4.920e-03  3.620e-03  2.663e-03  1.960e-03  1.443e-03  1.062e-03  7.826e-04  5.774e-04  4.271e-04  3.174e-04  2.377e-04  1.804e-04  1.398e-04  1.120e-04  9.411e-05  8.429e-05  8.158e-05  8.584e-05  9.812e-05  1.213e-04  1.621e-04  2.370e-04  3.928e-04  8.105e-04  2.812e-03  2.986e-01  3.688e-02  1.121e-03  1.293e-03  8.491e-04 	
 2.702e+00  2.339e+00  1.801e+00  1.351e+00  1.044e+00  8.253e-01  6.519e-01  5.087e-01  3.910e-01  2.965e-01  2.224e-01  1.655e-01  1.226e-01  9.048e-02  6.664e-02  4.903e-02  3.604e-02  2.649e-02  1.947e-02  1.431e-02  1.052e-02  7.729e-03  5.681e-03  4.175e-03  3.069e-03  2.256e-03  1.658e-03  1.220e-03  8.981e-04  6.627e-04  4.909e-04  3.662e-04  2.766e-04  2.132e-04  1.697e-04  1.419e-04  1.270e-04  1.237e-04  1.323e-04  1.558e-04  2.018e-04  2.898e-04  4.760e-04  9.789e-04  3.393e-03  3.580e-01  4.472e-02  1.357e-03  1.563e-03  1.026e-03 	
 3.193e+00  2.882e+00  2.779e+00  2.553e+00  2.067e+00  1.551e+00  1.179e+00  9.246e-01  7.320e-01  5.751e-01  4.452e-01  3.396e-01  2.560e-01  1.911e-01  1.418e-01  1.048e-01  7.722e-02  5.681e-02  4.175e-02  3.067e-02  2.253e-02  1.654e-02  1.214e-02  8.916e-03  6.545e-03  4.804e-03  3.526e-03  2.588e-03  1.900e-03  1.395e-03  1.027e-03  7.579e-04  5.630e-04  4.230e-04  3.242e-04  2.567e-04  2.139e-04  1.918e-04  1.891e-04  2.079e-04  2.565e-04  3.576e-04  5.786e-04  1.183e-03  4.093e-03  4.281e-01  5.433e-02  1.647e-03  1.891e-03  1.240e-03 	
 4.239e+00  4.269e+00  3.519e+00  2.986e+00  2.825e+00  2.696e+00  2.327e+00  1.788e+00  1.341e+00  1.038e+00  8.200e-01  6.475e-01  5.049e-01  3.878e-01  2.938e-01  2.202e-01  1.638e-01  1.212e-01  8.936e-02  6.574e-02  4.830e-02  3.546e-02  2.602e-02  1.908e-02  1.399e-02  1.026e-02  7.519e-03  5.509e-03  4.035e-03  2.955e-03  2.165e-03  1.588e-03  1.167e-03  8.631e-04  6.448e-04  4.911e-04  3.868e-04  3.217e-04  2.905e-04  2.929e-04  3.368e-04  4.481e-04  7.069e-04  1.430e-03  4.938e-03  5.101e-01  6.622e-02  2.006e-03  2.292e-03  1.500e-03 	
 4.812e+00  4.190e+00  4.091e+00  4.347e+00  3.932e+00  3.181e+00  2.877e+00  2.775e+00  2.542e+00  2.051e+00  1.538e+00  1.170e+00  9.178e-01  7.264e-01  5.702e-01  4.410e-01  3.361e-01  2.530e-01  1.887e-01  1.399e-01  1.032e-01  7.594e-02  5.577e-02  4.091e-02  2.998e-02  2.196e-02  1.607e-02  1.176e-02  8.600e-03  6.284e-03  4.590e-03  3.352e-03  2.449e-03  1.792e-03  1.318e-03  9.782e-04  7.400e-04  5.798e-04  4.828e-04  4.425e-04  4.641e-04  5.755e-04  8.710e-04  1.731e-03  5.957e-03  6.050e-01  8.108e-02  2.459e-03  2.786e-03  1.819e-03 	
 4.199e+00  3.830e+00  4.543e+00  4.608e+00  4.027e+00  4.243e+00  4.257e+00  3.501e+00  2.978e+00  2.820e+00  2.687e+00  2.311e+00  1.771e+00  1.329e+00  1.029e+00  8.125e-01  6.410e-01  4.993e-01  3.830e-01  2.897e-01  2.169e-01  1.610e-01  1.189e-01  8.750e-02  6.422e-02  4.705e-02  3.443e-02  2.517e-02  1.838e-02  1.341e-02  9.773e-03  7.116e-03  5.177e-03  3.765e-03  2.740e-03  2.001e-03  1.474e-03  1.107e-03  8.630e-04  7.226e-04  6.819e-04  7.676e-04  1.088e-03  2.101e-03  7.186e-03  7.133e-01  9.995e-02  3.044e-03  3.402e-03  2.211e-03 	
 2.763e+00  2.821e+00  3.797e+00  3.881e+00  4.156e+00  4.814e+00  4.177e+00  4.095e+00  4.345e+00  3.909e+00  3.167e+00  2.870e+00  2.767e+00  2.526e+00  2.030e+00  1.520e+00  1.157e+00  9.076e-01  7.176e-01  5.625e-01  4.344e-01  3.304e-01  2.482e-01  1.847e-01  1.366e-01  1.005e-01  7.367e-02  5.389e-02  3.934e-02  2.868e-02  2.087e-02  1.517e-02  1.100e-02  7.968e-03  5.762e-03  4.165e-03  3.017e-03  2.201e-03  1.637e-03  1.272e-03  1.080e-03  1.080e-03  1.391e-03  2.558e-03  8.670e-03  8.352e-01  1.244e-01  3.833e-03  4.185e-03  2.701e-03 	
 1.814e+00  2.255e+00  2.397e+00  3.012e+00  3.293e+00  4.203e+00  3.839e+00  4.559e+00  4.588e+00  4.025e+00  4.247e+00  4.241e+00  3.477e+00  2.966e+00  2.811e+00  2.672e+00  2.285e+00  1.746e+00  1.310e+00  1.014e+00  8.004e-01  6.304e-01  4.899e-01  3.748e-01  2.827e-01  2.109e-01  1.561e-01  1.148e-01  8.404e-02  6.133e-02  4.463e-02  3.240e-02  2.346e-02  1.694e-02  1.220e-02  8.764e-03  6.280e-03  4.499e-03  3.242e-03  2.383e-03  1.849e-03  1.628e-03  1.842e-03  3.132e-03  1.046e-02  9.711e-01  1.570e-01  4.955e-03  5.215e-03  3.326e-03 	
 2.303e+00  2.167e+00  1.780e+00  1.893e+00  1.927e+00  2.785e+00  2.836e+00  3.821e+00  3.869e+00  4.174e+00  4.815e+00  4.162e+00  4.099e+00  4.340e+00  3.878e+00  3.146e+00  2.859e+00  2.752e+00  2.498e+00  1.995e+00  1.492e+00  1.136e+00  8.900e-01  7.024e-01  5.490e-01  4.224e-01  3.200e-01  2.393e-01  1.772e-01  1.302e-01  9.510e-02  6.915e-02  5.008e-02  3.613e-02  2.595e-02  1.856e-02  1.321e-02  9.357e-03  6.605e-03  4.676e-03  3.386e-03  2.650e-03  2.563e-03  3.872e-03  1.264e-02  1.123e+00  2.019e-01  6.667e-03  6.630e-03  4.150e-03 	
 2.984e+00  3.281e+00  2.650e+00  2.216e+00  1.774e+00  1.831e+00  2.247e+00  2.416e+00  2.993e+00  3.319e+00  4.207e+00  3.853e+00  4.577e+00  4.561e+00  4.023e+00  4.249e+00  4.213e+00  3.441e+00  2.946e+00  2.794e+00  2.642e+00  2.240e+00  1.703e+00  1.277e+00  9.879e-01  7.780e-01  6.105e-01  4.722e-01  3.592e-01  2.692e-01  1.993e-01  1.461e-01  1.063e-01  7.687e-02  5.523e-02  3.943e-02  2.796e-02  1.966e-02  1.370e-02  9.467e-03  6.530e-03  4.641e-03  3.805e-03  4.861e-03  1.529e-02  1.296e+00  2.664e-01  9.490e-03  8.697e-03  5.291e-03 	
 1.950e+00  2.362e+00  2.779e+00  2.980e+00  2.857e+00  2.274e+00  2.177e+00  1.734e+00  1.892e+00  1.947e+00  2.814e+00  2.857e+00  3.852e+00  3.858e+00  4.197e+00  4.813e+00  4.142e+00  4.103e+00  4.325e+00  3.827e+00  3.111e+00  2.836e+00  2.721e+00  2.444e+00  1.932e+00  1.440e+00  1.095e+00  8.566e-01  6.728e-01  5.223e-01  3.986e-01  2.991e-01  2.211e-01  1.615e-01  1.167e-01  8.352e-02  5.919e-02  4.149e-02  2.870e-02  1.953e-02  1.305e-02  8.636e-03  6.077e-03  6.247e-03  1.857e-02  1.501e+00  3.633e-01  1.452e-02  1.195e-02  6.971e-03 	
 2.509e+00  2.174e+00  2.053e+00  2.260e+00  2.680e+00  2.969e+00  3.225e+00  2.670e+00  2.144e+00  1.767e+00  1.849e+00  2.229e+00  2.441e+00  2.971e+00  3.355e+00  4.209e+00  3.874e+00  4.601e+00  4.522e+00  4.018e+00  4.246e+00  4.162e+00  3.381e+00  2.910e+00  2.759e+00  2.582e+00  2.153e+00  1.621e+00  1.213e+00  9.366e-01  7.332e-01  5.700e-01  4.356e-01  3.265e-01  2.403e-01  1.740e-01  1.242e-01  8.721e-02  6.019e-02  4.061e-02  2.660e-02  1.678e-02  1.042e-02  8.308e-03  2.269e-02  1.754e+00  5.157e-01  2.409e-02  1.747e-02  9.635e-03 	
 2.099e+00  2.570e+00  2.743e+00  2.230e+00  1.845e+00  1.951e+00  2.383e+00  2.793e+00  2.935e+00  2.937e+00  2.242e+00  2.183e+00  1.689e+00  1.895e+00  1.977e+00  2.857e+00  2.892e+00  3.897e+00  3.849e+00  4.232e+00  4.802e+00  4.113e+00  4.103e+00  4.290e+00  3.735e+00  3.048e+00  2.788e+00  2.653e+00  2.332e+00  1.808e+00  1.338e+00  1.015e+00  7.877e-01  6.105e-01  4.653e-01  3.468e-01  2.526e-01  1.798e-01  1.248e-01  8.422e-02  5.462e-02  3.342e-02  1.891e-02  1.157e-02  2.802e-02  2.054e+00  7.655e-01  4.333e-02  2.756e-02  1.419e-02 	
 2.782e+00  2.266e+00  1.935e+00  2.406e+00  2.594e+00  2.519e+00  2.194e+00  2.044e+00  2.257e+00  2.680e+00  2.954e+00  3.151e+00  2.692e+00  2.072e+00  1.765e+00  1.870e+00  2.195e+00  2.477e+00  2.949e+00  3.411e+00  4.208e+00  3.911e+00  4.634e+00  4.457e+00  4.010e+00  4.229e+00  4.054e+00  3.269e+00  2.837e+00  2.677e+00  2.446e+00  1.972e+00  1.458e+00  1.084e+00  8.286e-01  6.361e-01  4.800e-01  3.523e-01  2.501e-01  1.708e-01  1.110e-01  6.694e-02  3.559e-02  1.699e-02  3.518e-02  2.376e+00  1.185e+00  8.371e-02  4.710e-02  2.250e-02 	
 2.318e+00  2.254e+00  2.572e+00  2.647e+00  1.994e+00  2.151e+00  2.598e+00  2.752e+00  2.196e+00  1.855e+00  1.964e+00  2.413e+00  2.815e+00  2.904e+00  3.052e+00  2.205e+00  2.180e+00  1.645e+00  1.908e+00  2.027e+00  2.930e+00  2.956e+00  3.971e+00  3.847e+00  4.290e+00  4.767e+00  4.066e+00  4.094e+00  4.198e+00  3.552e+00  2.923e+00  2.679e+00  2.488e+00  2.082e+00  1.550e+00  1.129e+00  8.426e-01  6.333e-01  4.656e-01  3.280e-01  2.175e-01  1.317e-01  6.768e-02  2.627e-02  4.519e-02  2.673e+00  1.866e+00  1.713e-01  8.664e-02  3.849e-02 	
 2.137e+00  2.240e+00  2.469e+00  2.097e+00  2.326e+00  2.702e+00  2.295e+00  1.923e+00  2.416e+00  2.587e+00  2.936e+00  2.262e+00  2.033e+00  2.254e+00  2.680e+00  2.938e+00  3.055e+00  2.716e+00  1.998e+00  1.776e+00  1.897e+00  2.137e+00  2.541e+00  2.931e+00  3.511e+00  4.192e+00  3.981e+00  4.677e+00  4.335e+00  3.988e+00  4.164e+00  3.809e+00  3.046e+00  2.673e+00  2.468e+00  2.109e+00  1.577e+00  1.119e+00  8.046e-01  5.776e-01  3.958e-01  2.458e-01  1.260e-01  4.211e-02  5.965e-02  2.937e+00  2.758e+00  3.645e-01  1.687e-01  7.027e-02 	
 2.283e+00  2.042e+00  2.287e+00  2.044e+00  2.346e+00  2.300e+00  2.218e+00  2.523e+00  2.663e+00  2.007e+00  2.223e+00  2.630e+00  2.787e+00  2.159e+00  1.919e+00  1.991e+00  2.464e+00  2.855e+00  2.886e+00  3.122e+00  2.159e+00  2.152e+00  1.609e+00  1.953e+00  2.123e+00  3.061e+00  3.083e+00  4.102e+00  3.871e+00  4.389e+00  4.649e+00  3.982e+00  4.043e+00  3.932e+00  3.172e+00  2.650e+00  2.385e+00  2.025e+00  1.485e+00  1.004e+00  6.697e-01  4.227e-01  2.211e-01  6.796e-02  8.081e-02  3.197e+00  3.354e+00  7.866e-01  3.386e-01  1.340e-01 	
 2.163e+00  2.062e+00  2.300e+00  2.088e+00  2.376e+00  2.143e+00  2.187e+00  2.495e+00  2.115e+00  2.294e+00  2.622e+00  2.335e+00  1.916e+00  2.390e+00  2.589e+00  2.506e+00  2.604e+00  2.012e+00  2.253e+00  2.686e+00  2.917e+00  2.925e+00  2.733e+00  1.924e+00  1.834e+00  1.933e+00  2.059e+00  2.670e+00  2.953e+00  3.707e+00  4.133e+00  4.119e+00  4.691e+00  4.105e+00  3.913e+00  3.892e+00  3.218e+00  2.571e+00  2.211e+00  1.778e+00  1.196e+00  7.069e-01  3.620e-01  1.069e-01  1.115e-01  3.361e+00  3.288e+00  1.739e+00  6.710e-01  2.583e-01 	
 2.200e+00  2.208e+00  2.000e+00  2.209e+00  2.236e+00  2.207e+00  2.067e+00  2.307e+00  1.995e+00  2.375e+00  2.271e+00  2.127e+00  2.491e+00  2.581e+00  2.030e+00  2.255e+00  2.667e+00  2.842e+00  2.117e+00  1.976e+00  2.048e+00  2.570e+00  2.939e+00  2.881e+00  2.805e+00  2.119e+00  2.058e+00  1.614e+00  2.109e+00  2.322e+00  3.263e+00  3.353e+00  4.295e+00  3.979e+00  4.523e+00  4.272e+00  3.800e+00  3.715e+00  3.072e+00  2.338e+00  1.843e+00  1.236e+00  5.995e-01  1.628e-01  1.551e-01  3.386e+00  3.046e+00  4.734e+00  1.273e+00  4.806e-01 	
 2.139e+00  2.278e+00  2.243e+00  2.072e+00  2.208e+00  2.179e+00  2.013e+00  2.327e+00  2.057e+00  2.503e+00  2.162e+00  2.135e+00  2.488e+00  2.311e+00  2.266e+00  2.556e+00  2.372e+00  1.938e+00  2.407e+00  2.606e+00  2.476e+00  2.179e+00  1.971e+00  2.267e+00  2.713e+00  2.887e+00  2.743e+00  2.667e+00  1.864e+00  2.027e+00  1.989e+00  2.091e+00  2.992e+00  3.171e+00  4.104e+00  4.047e+00  4.335e+00  4.301e+00  3.652e+00  3.367e+00  2.577e+00  1.751e+00  9.929e-01  2.521e-01  2.154e-01  3.377e+00  3.082e+00  4.070e+00  2.665e+00  8.356e-01 	
 2.162e+00  2.148e+00  2.128e+00  2.041e+00  2.048e+00  2.190e+00  2.197e+00  2.005e+00  2.206e+00  2.172e+00  2.181e+00  2.117e+00  2.393e+00  1.972e+00  2.419e+00  2.236e+00  2.085e+00  2.451e+00  2.442e+00  2.075e+00  2.202e+00  2.704e+00  2.681e+00  2.064e+00  1.876e+00  2.196e+00  2.897e+00  3.182e+00  2.917e+00  2.412e+00  2.272e+00  1.841e+00  1.760e+00  2.465e+00  2.777e+00  3.368e+00  3.938e+00  4.222e+00  4.191e+00  4.059e+00  3.276e+00  2.560e+00  1.424e+00  3.962e-01  2.980e-01  3.278e+00  3.048e+00  5.745e+00  3.488e+00  1.508e+00 	
 2.179e+00  2.185e+00  2.074e+00  2.063e+00  2.089e+00  2.167e+00  2.191e+00  2.179e+00  2.168e+00  2.141e+00  2.210e+00  1.998e+00  2.374e+00  2.049e+00  2.429e+00  2.225e+00  2.157e+00  2.454e+00  2.089e+00  2.232e+00  2.475e+00  2.278e+00  2.004e+00  2.520e+00  2.639e+00  2.419e+00  2.039e+00  1.931e+00  2.389e+00  3.001e+00  2.985e+00  2.510e+00  2.212e+00  1.859e+00  1.772e+00  2.317e+00  2.669e+00  3.681e+00  3.934e+00  4.256e+00  3.960e+00  3.257e+00  2.055e+00  5.841e-01  4.103e-01  3.159e+00  2.933e+00  3.459e+00  4.353e+00  2.383e+00 	
 2.035e+00  2.161e+00  2.079e+00  2.104e+00  2.135e+00  2.204e+00  2.169e+00  2.172e+00  2.104e+00  2.085e+00  2.191e+00  2.248e+00  2.028e+00  2.260e+00  2.109e+00  2.172e+00  2.160e+00  2.274e+00  2.025e+00  2.484e+00  2.385e+00  2.024e+00  2.420e+00  2.277e+00  2.141e+00  2.187e+00  2.717e+00  2.439e+00  2.063e+00  1.989e+00  2.769e+00  2.977e+00  3.178e+00  2.980e+00  2.213e+00  1.702e+00  2.069e+00  2.338e+00  2.849e+00  3.928e+00  4.076e+00  3.832e+00  2.751e+00  8.552e-01  5.636e-01  3.032e+00  2.881e+00  2.535e+00  4.090e+00  3.044e+00 	
 2.080e+00  2.113e+00  2.097e+00  2.144e+00  2.042e+00  2.147e+00  2.121e+00  2.079e+00  2.046e+00  2.087e+00  2.164e+00  2.186e+00  2.174e+00  2.049e+00  2.126e+00  2.277e+00  2.092e+00  2.416e+00  2.091e+00  2.330e+00  2.177e+00  2.234e+00  2.367e+00  1.956e+00  2.265e+00  2.403e+00  2.022e+00  2.178e+00  2.574e+00  2.647e+00  2.372e+00  1.814e+00  2.579e+00  2.664e+00  2.890e+00  2.576e+00  2.071e+00  2.029e+00  2.085e+00  2.621e+00  3.400e+00  4.074e+00  3.424e+00  1.212e+00  7.711e-01  2.910e+00  2.809e+00  2.318e+00  3.858e+00  3.808e+00 	
 2.073e+00  2.064e+00  2.053e+00  2.088e+00  2.139e+00  2.084e+00  2.172e+00  2.098e+00  2.030e+00  2.122e+00  2.138e+00  2.190e+00  2.206e+00  2.109e+00  2.088e+00  2.155e+00  2.237e+00  2.194e+00  2.261e+00  2.161e+00  2.170e+00  2.222e+00  2.250e+00  2.035e+00  2.486e+00  2.060e+00  2.093e+00  2.665e+00  2.265e+00  1.994e+00  2.459e+00  2.931e+00  2.216e+00  2.005e+00  2.185e+00  2.610e+00  3.022e+00  2.822e+00  2.192e+00  2.009e+00  2.613e+00  3.606e+00  3.845e+00  1.671e+00  1.036e+00  2.799e+00  2.734e+00  3.228e+00  2.667e+00  4.393e+00 	
 2.083e+00  2.061e+00  2.109e+00  2.079e+00  2.071e+00  2.067e+00  2.134e+00  2.063e+00  2.070e+00  2.076e+00  2.160e+00  2.129e+00  2.074e+00  2.052e+00  2.132e+00  2.112e+00  2.184e+00  2.216e+00  2.035e+00  2.121e+00  2.307e+00  2.012e+00  2.294e+00  1.981e+00  2.315e+00  1.974e+00  2.423e+00  2.266e+00  1.993e+00  2.427e+00  2.261e+00  1.993e+00  2.360e+00  2.646e+00  2.660e+00  1.837e+00  2.245e+00  3.036e+00  2.760e+00  2.314e+00  1.923e+00  2.513e+00  3.726e+00  2.215e+00  1.354e+00  2.701e+00  2.671e+00  2.688e+00  2.099e+00  4.081e+00 	
 2.047e+00  2.075e+00  2.075e+00  2.050e+00  2.090e+00  2.075e+00  2.039e+00  2.050e+00  2.103e+00  2.123e+00  2.029e+00  2.131e+00  2.040e+00  2.104e+00  2.215e+00  2.226e+00  2.212e+00  2.167e+00  2.143e+00  2.032e+00  2.211e+00  2.253e+00  2.126e+00  2.164e+00  2.213e+00  2.124e+00  2.481e+00  2.313e+00  2.189e+00  2.472e+00  2.002e+00  2.381e+00  2.496e+00  2.015e+00  2.217e+00  2.771e+00  2.266e+00  1.918e+00  2.581e+00  3.045e+00  2.374e+00  1.776e+00  3.036e+00  2.792e+00  1.708e+00  2.615e+00  2.613e+00  2.169e+00  2.724e+00  2.940e+00 	
 2.063e+00  2.040e+00  2.079e+00  2.037e+00  2.055e+00  2.080e+00  2.063e+00  2.096e+00  2.051e+00  2.046e+00  2.074e+00  2.109e+00  2.099e+00  2.071e+00  2.097e+00  2.140e+00  2.083e+00  2.077e+00  2.069e+00  2.020e+00  2.079e+00  2.148e+00  2.273e+00  2.122e+00  2.073e+00  2.433e+00  2.150e+00  2.205e+00  2.139e+00  2.296e+00  2.023e+00  2.524e+00  2.080e+00  2.474e+00  2.394e+00  1.959e+00  2.378e+00  2.615e+00  1.963e+00  2.318e+00  2.871e+00  2.327e+00  2.032e+00  3.280e+00  2.043e+00  2.539e+00  2.557e+00  2.809e+00  2.918e+00  1.886e+00 	
 2.059e+00  2.033e+00  2.058e+00  2.051e+00  2.041e+00  2.067e+00  2.082e+00  2.078e+00  2.043e+00  2.106e+00  2.061e+00  2.051e+00  2.042e+00  2.077e+00  2.118e+00  2.073e+00  2.129e+00  2.036e+00  2.096e+00  2.148e+00  2.175e+00  2.161e+00  2.188e+00  2.161e+00  2.076e+00  2.038e+00  2.232e+00  2.171e+00  1.993e+00  2.389e+00  1.987e+00  2.353e+00  1.984e+00  2.479e+00  2.078e+00  2.215e+00  2.358e+00  1.980e+00  2.504e+00  2.278e+00  1.928e+00  2.835e+00  1.911e+00  3.488e+00  2.272e+00  2.473e+00  2.507e+00  2.226e+00  2.118e+00  2.224e+00 	
 2.049e+00  2.026e+00  2.046e+00  2.041e+00  2.061e+00  2.065e+00  2.047e+00  2.071e+00  2.035e+00  2.035e+00  2.074e+00  2.081e+00  2.067e+00  2.043e+00  2.037e+00  2.062e+00  2.107e+00  2.134e+00  2.064e+00  2.113e+00  2.139e+00  2.083e+00  2.030e+00  2.044e+00  2.047e+00  2.052e+00  2.041e+00  2.151e+00  2.256e+00  2.038e+00  2.204e+00  2.230e+00  2.074e+00  2.320e+00  1.990e+00  2.355e+00  2.203e+00  2.385e+00  2.161e+00  2.164e+00  2.451e+00  1.989e+00  2.596e+00  3.220e+00  2.295e+00  2.416e+00  2.461e+00  2.349e+00  2.670e+00  2.907e+00 	
 2.023e+00  2.050e+00  2.041e+00  2.051e+00  2.037e+00  2.053e+00  2.038e+00  2.069e+00  2.068e+00  2.036e+00  2.074e+00  2.088e+00  2.092e+00  2.042e+00  2.103e+00  2.030e+00  2.038e+00  2.030e+00  2.070e+00  2.121e+00  2.109e+00  2.112e+00  2.083e+00  2.129e+00  2.170e+00  2.132e+00  2.136e+00  2.153e+00  2.219e+00  2.284e+00  2.108e+00  2.153e+00  2.357e+00  2.175e+00  2.077e+00  2.306e+00  2.016e+00  2.394e+00  2.045e+00  2.463e+00  2.146e+00  2.403e+00  2.639e+00  2.502e+00  2.080e+00  2.365e+00  2.418e+00  2.423e+00  2.222e+00  2.289e+00 	
 2.020e+00  2.022e+00  2.042e+00  2.041e+00  2.042e+00  2.041e+00  2.038e+00  2.048e+00  2.032e+00  2.064e+00  2.063e+00  2.063e+00  2.052e+00  2.029e+00  2.044e+00  2.042e+00  2.110e+00  2.056e+00  2.045e+00  2.050e+00  2.066e+00  2.039e+00  2.127e+00  2.054e+00  2.150e+00  2.059e+00  2.052e+00  2.166e+00  2.194e+00  2.163e+00  2.235e+00  2.124e+00  2.012e+00  2.084e+00  2.256e+00  2.227e+00  2.040e+00  2.308e+00  2.192e+00  2.040e+00  2.417e+00  2.187e+00  1.910e+00  1.869e+00  1.784e+00  2.321e+00  2.379e+00  2.390e+00  2.482e+00  2.229e+00 	
 2.024e+00  2.023e+00  2.024e+00  2.029e+00  2.023e+00  2.028e+00  2.037e+00  2.026e+00  2.045e+00  2.028e+00  2.037e+00  2.064e+00  2.063e+00  2.062e+00  2.044e+00  2.069e+00  2.067e+00  2.087e+00  2.072e+00  2.056e+00  2.058e+00  2.079e+00  2.109e+00  2.050e+00  2.053e+00  2.145e+00  2.052e+00  2.164e+00  2.099e+00  2.062e+00  2.095e+00  2.105e+00  2.082e+00  2.057e+00  2.051e+00  2.086e+00  2.214e+00  2.303e+00  2.163e+00  2.081e+00  2.207e+00  2.440e+00  2.466e+00  2.012e+00  1.725e+00  2.282e+00  2.343e+00  2.234e+00  2.366e+00  2.386e+00 	
 2.023e+00  2.033e+00  2.025e+00  2.032e+00  2.035e+00  2.035e+00  2.034e+00  2.035e+00  2.042e+00  2.024e+00  2.038e+00  2.047e+00  2.055e+00  2.045e+00  2.056e+00  2.055e+00  2.079e+00  2.033e+00  2.067e+00  2.069e+00  2.047e+00  2.061e+00  2.049e+00  2.101e+00  2.102e+00  2.132e+00  2.072e+00  2.027e+00  2.128e+00  2.059e+00  2.135e+00  2.144e+00  2.041e+00  2.020e+00  2.076e+00  2.061e+00  2.073e+00  2.019e+00  2.045e+00  2.051e+00  2.188e+00  2.144e+00  1.999e+00  2.501e+00  1.986e+00  2.248e+00  2.310e+00  2.242e+00  2.289e+00  2.314e+00 	
 2.024e+00  2.025e+00  2.024e+00  2.020e+00  2.020e+00  2.033e+00  2.021e+00  2.035e+00  2.037e+00  2.026e+00  2.038e+00  2.034e+00  2.028e+00  2.028e+00  2.030e+00  2.030e+00  2.064e+00  2.035e+00  2.038e+00  2.077e+00  2.048e+00  2.030e+00  2.034e+00  2.073e+00  2.053e+00  2.100e+00  2.101e+00  2.065e+00  2.102e+00  2.146e+00  2.077e+00  2.116e+00  2.061e+00  2.178e+00  2.107e+00  2.045e+00  2.070e+00  2.169e+00  2.229e+00  2.250e+00  2.232e+00  2.072e+00  2.221e+00  2.170e+00  2.110e+00  2.218e+00  2.279e+00  2.176e+00  2.287e+00  2.130e+00 	
 2.025e+00  2.024e+00  2.019e+00  2.017e+00  2.027e+00  2.016e+00  2.028e+00  2.032e+00  2.033e+00  2.024e+00  2.038e+00  2.041e+00  2.020e+00  2.027e+00  2.034e+00  2.030e+00  2.044e+00  2.037e+00  2.061e+00  2.027e+00  2.027e+00  2.042e+00  2.075e+00  2.081e+00  2.057e+00  2.093e+00  2.057e+00  2.097e+00  2.032e+00  2.047e+00  2.057e+00  2.064e+00  2.089e+00  2.139e+00  2.036e+00  2.156e+00  2.051e+00  2.107e+00  2.196e+00  2.058e+00  2.152e+00  2.110e+00  2.288e+00  2.072e+00  1.994e+00  2.192e+00  2.251e+00  2.176e+00  2.178e+00  2.142e+00 	
 2.014e+00  2.019e+00  2.020e+00  2.027e+00  2.023e+00  2.015e+00  2.019e+00  2.015e+00  2.022e+00  2.029e+00  2.023e+00  2.036e+00  2.036e+00  2.031e+00  2.051e+00  2.041e+00  2.044e+00  2.056e+00  2.033e+00  2.060e+00  2.053e+00  2.030e+00  2.061e+00  2.058e+00  2.032e+00  2.074e+00  2.071e+00  2.075e+00  2.071e+00  2.037e+00  2.088e+00  2.089e+00  2.076e+00  2.093e+00  2.130e+00  2.133e+00  2.062e+00  2.098e+00  2.167e+00  2.026e+00  2.191e+00  2.215e+00  2.243e+00  2.208e+00  2.051e+00  2.168e+00  2.226e+00  2.167e+00  2.199e+00  2.119e+00 	
 2.015e+00  2.018e+00  2.022e+00  2.014e+00  2.019e+00  2.016e+00  2.015e+00  2.022e+00  2.025e+00  2.018e+00  2.029e+00  2.018e+00  2.017e+00  2.020e+00  2.033e+00  2.027e+00  2.025e+00  2.040e+00  2.040e+00  2.035e+00  2.044e+00  2.036e+00  2.056e+00  2.037e+00  2.061e+00  2.051e+00  2.077e+00  2.051e+00  2.080e+00  2.080e+00  2.098e+00  2.083e+00  2.043e+00  2.074e+00  2.112e+00  2.097e+00  2.079e+00  2.082e+00  2.106e+00  2.125e+00  2.174e+00  2.072e+00  2.148e+00  2.147e+00  1.997e+00  2.148e+00  2.202e+00  2.143e+00  2.171e+00  2.172e+00 	
 2.015e+00  2.015e+00  2.012e+00  2.015e+00  2.020e+00  2.018e+00  2.014e+00  2.015e+00  2.015e+00  2.021e+00  2.023e+00  2.025e+00  2.028e+00  2.027e+00  2.023e+00  2.028e+00  2.021e+00  2.021e+00  2.036e+00  2.021e+00  2.034e+00  2.024e+00  2.032e+00  2.023e+00  2.057e+00  2.050e+00  2.025e+00  2.056e+00  2.066e+00  2.025e+00  2.068e+00  2.044e+00  2.038e+00  2.042e+00  2.085e+00  2.070e+00  2.070e+00  2.067e+00  2.127e+00  2.070e+00  2.080e+00  2.073e+00  2.070e+00  2.037e+00  2.042e+00  2.130e+00  2.180e+00  2.134e+00  2.130e+00  2.136e+00 	
