 9.097e-04  1.530e-04  3.072e-04  5.996e-04  1.022e-03  1.563e-03  2.215e-03  2.972e-03  3.832e-03  4.791e-03  5.848e-03  7.003e-03  8.254e-03  9.602e-03  1.104e-02  1.258e-02  1.422e-02  1.595e-02  1.778e-02  1.971e-02  2.173e-02  2.386e-02  2.609e-02  2.842e-02  3.086e-02  3.340e-02  3.605e-02  3.880e-02  4.167e-02  4.465e-02  4.774e-02  5.093e-02  5.424e-02  5.765e-02  6.117e-02  6.480e-02  6.853e-02  7.235e-02  7.627e-02  8.029e-02  8.440e-02  8.860e-02  9.290e-02  9.729e-02  1.018e-01  1.064e-01  1.112e-01  1.162e-01  1.215e-01  1.272e-01 	
 3.279e-04  1.067e-04  4.700e-04  9.217e-04  1.510e-03  2.235e-03  3.095e-03  4.086e-03  5.206e-03  6.454e-03  7.827e-03  9.326e-03  1.095e-02  1.270e-02  1.458e-02  1.658e-02  1.871e-02  2.097e-02  2.336e-02  2.588e-02  2.854e-02  3.134e-02  3.427e-02  3.735e-02  4.057e-02  4.394e-02  4.745e-02  5.111e-02  5.491e-02  5.886e-02  6.294e-02  6.717e-02  7.153e-02  7.603e-02  8.065e-02  8.539e-02  9.024e-02  9.520e-02  1.003e-01  1.054e-01  1.107e-01  1.160e-01  1.214e-01  1.268e-01  1.323e-01  1.379e-01  1.435e-01  1.491e-01  1.547e-01  1.602e-01 	
 1.748e-04  1.971e-04  7.010e-04  1.300e-03  2.074e-03  3.030e-03  4.163e-03  5.471e-03  6.951e-03  8.600e-03  1.042e-02  1.240e-02  1.456e-02  1.688e-02  1.937e-02  2.204e-02  2.488e-02  2.791e-02  3.111e-02  3.450e-02  3.808e-02  4.185e-02  4.581e-02  4.997e-02  5.432e-02  5.886e-02  6.360e-02  6.851e-02  7.361e-02  7.888e-02  8.431e-02  8.990e-02  9.564e-02  1.015e-01  1.075e-01  1.136e-01  1.199e-01  1.262e-01  1.326e-01  1.391e-01  1.456e-01  1.522e-01  1.587e-01  1.653e-01  1.719e-01  1.784e-01  1.848e-01  1.911e-01  1.971e-01  2.029e-01 	
 1.773e-04  3.553e-04  9.926e-04  1.772e-03  2.788e-03  4.048e-03  5.546e-03  7.276e-03  9.233e-03  1.142e-02  1.382e-02  1.646e-02  1.932e-02  2.241e-02  2.573e-02  2.930e-02  3.311e-02  3.717e-02  4.148e-02  4.605e-02  5.087e-02  5.595e-02  6.128e-02  6.686e-02  7.268e-02  7.873e-02  8.500e-02  9.148e-02  9.815e-02  1.050e-01  1.120e-01  1.192e-01  1.264e-01  1.338e-01  1.413e-01  1.489e-01  1.565e-01  1.641e-01  1.718e-01  1.795e-01  1.872e-01  1.949e-01  2.026e-01  2.101e-01  2.176e-01  2.249e-01  2.320e-01  2.388e-01  2.452e-01  2.510e-01 	
 2.454e-04  5.661e-04  1.365e-03  2.384e-03  3.725e-03  5.389e-03  7.370e-03  9.658e-03  1.225e-02  1.514e-02  1.834e-02  2.184e-02  2.565e-02  2.978e-02  3.424e-02  3.903e-02  4.416e-02  4.963e-02  5.543e-02  6.158e-02  6.805e-02  7.483e-02  8.192e-02  8.928e-02  9.691e-02  1.048e-01  1.128e-01  1.211e-01  1.295e-01  1.381e-01  1.468e-01  1.555e-01  1.643e-01  1.732e-01  1.820e-01  1.909e-01  1.998e-01  2.086e-01  2.174e-01  2.261e-01  2.347e-01  2.432e-01  2.516e-01  2.598e-01  2.679e-01  2.757e-01  2.831e-01  2.902e-01  2.966e-01  3.024e-01 	
 3.551e-04  8.369e-04  1.851e-03  3.193e-03  4.964e-03  7.165e-03  9.784e-03  1.281e-02  1.625e-02  2.009e-02  2.435e-02  2.902e-02  3.413e-02  3.969e-02  4.569e-02  5.215e-02  5.905e-02  6.639e-02  7.415e-02  8.231e-02  9.084e-02  9.970e-02  1.089e-01  1.183e-01  1.280e-01  1.378e-01  1.478e-01  1.579e-01  1.680e-01  1.782e-01  1.884e-01  1.986e-01  2.087e-01  2.188e-01  2.288e-01  2.387e-01  2.484e-01  2.580e-01  2.675e-01  2.768e-01  2.859e-01  2.949e-01  3.036e-01  3.121e-01  3.203e-01  3.282e-01  3.356e-01  3.425e-01  3.488e-01  3.542e-01 	
 5.070e-04  1.187e-03  2.492e-03  4.263e-03  6.605e-03  9.517e-03  1.298e-02  1.700e-02  2.157e-02  2.670e-02  3.240e-02  3.868e-02  4.557e-02  5.305e-02  6.113e-02  6.977e-02  7.896e-02  8.866e-02  9.881e-02  1.094e-01  1.203e-01  1.314e-01  1.428e-01  1.544e-01  1.661e-01  1.778e-01  1.896e-01  2.013e-01  2.129e-01  2.244e-01  2.358e-01  2.471e-01  2.581e-01  2.690e-01  2.796e-01  2.900e-01  3.002e-01  3.101e-01  3.198e-01  3.292e-01  3.383e-01  3.472e-01  3.558e-01  3.641e-01  3.720e-01  3.795e-01  3.866e-01  3.930e-01  3.988e-01  4.036e-01 	
 7.125e-04  1.646e-03  3.342e-03  5.683e-03  8.781e-03  1.264e-02  1.724e-02  2.259e-02  2.869e-02  3.558e-02  4.325e-02  5.172e-02  6.098e-02  7.100e-02  8.173e-02  9.310e-02  1.051e-01  1.175e-01  1.303e-01  1.434e-01  1.568e-01  1.702e-01  1.837e-01  1.972e-01  2.107e-01  2.240e-01  2.371e-01  2.499e-01  2.626e-01  2.749e-01  2.870e-01  2.987e-01  3.101e-01  3.212e-01  3.319e-01  3.423e-01  3.523e-01  3.620e-01  3.714e-01  3.804e-01  3.890e-01  3.973e-01  4.053e-01  4.129e-01  4.200e-01  4.268e-01  4.330e-01  4.386e-01  4.436e-01  4.476e-01 	
 9.900e-04  2.253e-03  4.470e-03  7.567e-03  1.167e-02  1.679e-02  2.292e-02  3.008e-02  3.829e-02  4.756e-02  5.789e-02  6.924e-02  8.155e-02  9.471e-02  1.086e-01  1.231e-01  1.381e-01  1.533e-01  1.688e-01  1.844e-01  1.999e-01  2.153e-01  2.305e-01  2.455e-01  2.601e-01  2.744e-01  2.882e-01  3.017e-01  3.147e-01  3.272e-01  3.393e-01  3.509e-01  3.620e-01  3.727e-01  3.829e-01  3.927e-01  4.020e-01  4.109e-01  4.194e-01  4.275e-01  4.351e-01  4.423e-01  4.492e-01  4.556e-01  4.616e-01  4.672e-01  4.722e-01  4.768e-01  4.807e-01  4.838e-01 	
 1.364e-03  3.057e-03  5.969e-03  1.007e-02  1.551e-02  2.233e-02  3.055e-02  4.018e-02  5.124e-02  6.370e-02  7.747e-02  9.241e-02  1.084e-01  1.251e-01  1.424e-01  1.601e-01  1.780e-01  1.959e-01  2.137e-01  2.312e-01  2.483e-01  2.650e-01  2.813e-01  2.970e-01  3.121e-01  3.266e-01  3.405e-01  3.537e-01  3.664e-01  3.784e-01  3.898e-01  4.007e-01  4.109e-01  4.206e-01  4.298e-01  4.384e-01  4.464e-01  4.540e-01  4.612e-01  4.678e-01  4.740e-01  4.798e-01  4.852e-01  4.902e-01  4.947e-01  4.989e-01  5.026e-01  5.060e-01  5.088e-01  5.111e-01 	
 1.868e-03  4.126e-03  7.964e-03  1.340e-02  2.066e-02  2.979e-02  4.085e-02  5.383e-02  6.865e-02  8.515e-02  1.031e-01  1.222e-01  1.420e-01  1.624e-01  1.830e-01  2.036e-01  2.239e-01  2.438e-01  2.632e-01  2.819e-01  2.998e-01  3.170e-01  3.334e-01  3.490e-01  3.638e-01  3.778e-01  3.909e-01  4.033e-01  4.149e-01  4.257e-01  4.358e-01  4.453e-01  4.540e-01  4.622e-01  4.697e-01  4.767e-01  4.831e-01  4.890e-01  4.945e-01  4.995e-01  5.040e-01  5.082e-01  5.119e-01  5.153e-01  5.184e-01  5.212e-01  5.237e-01  5.258e-01  5.277e-01  5.294e-01 	
 2.545e-03  5.551e-03  1.062e-02  1.787e-02  2.758e-02  3.987e-02  5.476e-02  7.211e-02  9.163e-02  1.129e-01  1.355e-01  1.588e-01  1.825e-01  2.062e-01  2.295e-01  2.522e-01  2.741e-01  2.950e-01  3.150e-01  3.339e-01  3.518e-01  3.686e-01  3.842e-01  3.989e-01  4.125e-01  4.251e-01  4.367e-01  4.475e-01  4.573e-01  4.664e-01  4.747e-01  4.822e-01  4.891e-01  4.953e-01  5.009e-01  5.060e-01  5.106e-01  5.147e-01  5.183e-01  5.216e-01  5.245e-01  5.271e-01  5.294e-01  5.314e-01  5.332e-01  5.348e-01  5.363e-01  5.376e-01  5.389e-01  5.401e-01 	
 3.453e-03  7.452e-03  1.419e-02  2.388e-02  3.694e-02  5.350e-02  7.338e-02  9.613e-02  1.211e-01  1.475e-01  1.746e-01  2.019e-01  2.287e-01  2.548e-01  2.798e-01  3.036e-01  3.260e-01  3.470e-01  3.665e-01  3.846e-01  4.014e-01  4.167e-01  4.308e-01  4.436e-01  4.553e-01  4.659e-01  4.754e-01  4.840e-01  4.916e-01  4.985e-01  5.046e-01  5.100e-01  5.148e-01  5.190e-01  5.227e-01  5.259e-01  5.287e-01  5.312e-01  5.333e-01  5.351e-01  5.367e-01  5.381e-01  5.393e-01  5.404e-01  5.413e-01  5.422e-01  5.431e-01  5.439e-01  5.449e-01  5.460e-01 	
 4.667e-03  9.987e-03  1.896e-02  3.199e-02  4.961e-02  7.174e-02  9.776e-02  1.267e-01  1.573e-01  1.886e-01  2.198e-01  2.500e-01  2.789e-01  3.062e-01  3.317e-01  3.553e-01  3.770e-01  3.968e-01  4.148e-01  4.311e-01  4.458e-01  4.589e-01  4.706e-01  4.809e-01  4.901e-01  4.981e-01  5.052e-01  5.113e-01  5.166e-01  5.212e-01  5.252e-01  5.285e-01  5.314e-01  5.339e-01  5.360e-01  5.377e-01  5.392e-01  5.405e-01  5.416e-01  5.426e-01  5.434e-01  5.441e-01  5.448e-01  5.455e-01  5.461e-01  5.468e-01  5.475e-01  5.484e-01  5.494e-01  5.506e-01 	
 6.285e-03  1.337e-02  2.538e-02  4.296e-02  6.657e-02  9.561e-02  1.286e-01  1.639e-01  1.999e-01  2.352e-01  2.691e-01  3.010e-01  3.306e-01  3.577e-01  3.823e-01  4.044e-01  4.242e-01  4.417e-01  4.572e-01  4.708e-01  4.827e-01  4.929e-01  5.017e-01  5.093e-01  5.157e-01  5.211e-01  5.257e-01  5.295e-01  5.327e-01  5.354e-01  5.376e-01  5.394e-01  5.410e-01  5.423e-01  5.434e-01  5.443e-01  5.452e-01  5.460e-01  5.467e-01  5.474e-01  5.480e-01  5.487e-01  5.494e-01  5.502e-01  5.510e-01  5.519e-01  5.529e-01  5.539e-01  5.552e-01  5.566e-01 	
 8.434e-03  1.785e-02  3.396e-02  5.761e-02  8.880e-02  1.258e-01  1.660e-01  2.072e-01  2.473e-01  2.853e-01  3.205e-01  3.524e-01  3.811e-01  4.065e-01  4.289e-01  4.483e-01  4.651e-01  4.795e-01  4.917e-01  5.020e-01  5.107e-01  5.178e-01  5.237e-01  5.286e-01  5.325e-01  5.357e-01  5.383e-01  5.404e-01  5.421e-01  5.435e-01  5.447e-01  5.457e-01  5.467e-01  5.475e-01  5.483e-01  5.492e-01  5.500e-01  5.508e-01  5.517e-01  5.527e-01  5.537e-01  5.547e-01  5.558e-01  5.570e-01  5.582e-01  5.595e-01  5.609e-01  5.624e-01  5.639e-01  5.656e-01 	
 1.128e-02  2.377e-02  4.533e-02  7.681e-02  1.169e-01  1.623e-01  2.092e-01  2.549e-01  2.977e-01  3.366e-01  3.712e-01  4.015e-01  4.277e-01  4.501e-01  4.690e-01  4.848e-01  4.979e-01  5.086e-01  5.173e-01  5.242e-01  5.298e-01  5.342e-01  5.376e-01  5.403e-01  5.425e-01  5.442e-01  5.456e-01  5.468e-01  5.479e-01  5.489e-01  5.498e-01  5.508e-01  5.518e-01  5.528e-01  5.539e-01  5.551e-01  5.564e-01  5.577e-01  5.591e-01  5.606e-01  5.621e-01  5.637e-01  5.653e-01  5.670e-01  5.688e-01  5.705e-01  5.723e-01  5.741e-01  5.760e-01  5.778e-01 	
 1.504e-02  3.161e-02  6.035e-02  1.014e-01  1.512e-01  2.045e-01  2.567e-01  3.052e-01  3.486e-01  3.864e-01  4.186e-01  4.457e-01  4.681e-01  4.863e-01  5.010e-01  5.127e-01  5.218e-01  5.289e-01  5.343e-01  5.385e-01  5.417e-01  5.441e-01  5.460e-01  5.475e-01  5.489e-01  5.500e-01  5.511e-01  5.523e-01  5.534e-01  5.547e-01  5.560e-01  5.574e-01  5.589e-01  5.605e-01  5.622e-01  5.640e-01  5.658e-01  5.677e-01  5.697e-01  5.718e-01  5.738e-01  5.759e-01  5.780e-01  5.802e-01  5.823e-01  5.844e-01  5.865e-01  5.886e-01  5.906e-01  5.925e-01 	
 1.998e-02  4.201e-02  7.991e-02  1.319e-01  1.913e-01  2.511e-01  3.067e-01  3.557e-01  3.975e-01  4.322e-01  4.605e-01  4.830e-01  5.006e-01  5.142e-01  5.245e-01  5.321e-01  5.378e-01  5.420e-01  5.451e-01  5.474e-01  5.493e-01  5.508e-01  5.521e-01  5.535e-01  5.548e-01  5.562e-01  5.577e-01  5.593e-01  5.611e-01  5.629e-01  5.649e-01  5.670e-01  5.691e-01  5.714e-01  5.737e-01  5.761e-01  5.785e-01  5.809e-01  5.833e-01  5.858e-01  5.882e-01  5.907e-01  5.931e-01  5.955e-01  5.979e-01  6.002e-01  6.024e-01  6.046e-01  6.067e-01  6.086e-01 	
 2.640e-02  5.564e-02  1.048e-01  1.683e-01  2.362e-01  3.004e-01  3.568e-01  4.040e-01  4.421e-01  4.721e-01  4.950e-01  5.122e-01  5.248e-01  5.339e-01  5.404e-01  5.450e-01  5.482e-01  5.507e-01  5.526e-01  5.542e-01  5.558e-01  5.573e-01  5.590e-01  5.608e-01  5.627e-01  5.648e-01  5.670e-01  5.694e-01  5.718e-01  5.744e-01  5.770e-01  5.797e-01  5.824e-01  5.852e-01  5.880e-01  5.907e-01  5.935e-01  5.962e-01  5.990e-01  6.017e-01  6.043e-01  6.069e-01  6.095e-01  6.120e-01  6.144e-01  6.168e-01  6.190e-01  6.212e-01  6.232e-01  6.250e-01 	
 3.468e-02  7.337e-02  1.356e-01  2.104e-01  2.848e-01  3.508e-01  4.053e-01  4.483e-01  4.809e-01  5.048e-01  5.219e-01  5.339e-01  5.420e-01  5.476e-01  5.514e-01  5.541e-01  5.562e-01  5.581e-01  5.599e-01  5.618e-01  5.638e-01  5.660e-01  5.684e-01  5.710e-01  5.737e-01  5.765e-01  5.794e-01  5.825e-01  5.855e-01  5.886e-01  5.917e-01  5.948e-01  5.979e-01  6.009e-01  6.039e-01  6.069e-01  6.098e-01  6.127e-01  6.155e-01  6.182e-01  6.209e-01  6.235e-01  6.260e-01  6.285e-01  6.308e-01  6.331e-01  6.353e-01  6.374e-01  6.393e-01  6.410e-01 	
 4.518e-02  9.602e-02  1.728e-01  2.577e-01  3.359e-01  4.007e-01  4.507e-01  4.874e-01  5.132e-01  5.308e-01  5.424e-01  5.499e-01  5.548e-01  5.581e-01  5.606e-01  5.627e-01  5.648e-01  5.670e-01  5.694e-01  5.720e-01  5.748e-01  5.778e-01  5.810e-01  5.843e-01  5.876e-01  5.911e-01  5.945e-01  5.979e-01  6.014e-01  6.047e-01  6.081e-01  6.113e-01  6.145e-01  6.177e-01  6.207e-01  6.237e-01  6.266e-01  6.294e-01  6.321e-01  6.347e-01  6.373e-01  6.398e-01  6.422e-01  6.445e-01  6.468e-01  6.489e-01  6.509e-01  6.529e-01  6.546e-01  6.562e-01 	
 5.829e-02  1.237e-01  2.152e-01  3.079e-01  3.869e-01  4.476e-01  4.909e-01  5.202e-01  5.391e-01  5.509e-01  5.581e-01  5.626e-01  5.657e-01  5.682e-01  5.706e-01  5.730e-01  5.757e-01  5.787e-01  5.819e-01  5.853e-01  5.888e-01  5.925e-01  5.962e-01  6.000e-01  6.037e-01  6.074e-01  6.111e-01  6.147e-01  6.182e-01  6.216e-01  6.249e-01  6.282e-01  6.313e-01  6.343e-01  6.372e-01  6.401e-01  6.428e-01  6.455e-01  6.480e-01  6.505e-01  6.529e-01  6.552e-01  6.574e-01  6.596e-01  6.616e-01  6.636e-01  6.654e-01  6.672e-01  6.688e-01  6.703e-01 	
 7.433e-02  1.557e-01  2.601e-01  3.573e-01  4.339e-01  4.881e-01  5.237e-01  5.457e-01  5.587e-01  5.663e-01  5.709e-01  5.741e-01  5.768e-01  5.795e-01  5.824e-01  5.857e-01  5.892e-01  5.929e-01  5.967e-01  6.007e-01  6.048e-01  6.088e-01  6.128e-01  6.167e-01  6.206e-01  6.243e-01  6.279e-01  6.315e-01  6.349e-01  6.381e-01  6.413e-01  6.444e-01  6.473e-01  6.501e-01  6.528e-01  6.555e-01  6.580e-01  6.604e-01  6.628e-01  6.650e-01  6.672e-01  6.693e-01  6.713e-01  6.732e-01  6.751e-01  6.768e-01  6.785e-01  6.801e-01  6.816e-01  6.829e-01 	
 9.355e-02  1.912e-01  3.047e-01  4.024e-01  4.738e-01  5.204e-01  5.485e-01  5.645e-01  5.735e-01  5.788e-01  5.825e-01  5.858e-01  5.890e-01  5.925e-01  5.963e-01  6.003e-01  6.044e-01  6.087e-01  6.130e-01  6.173e-01  6.215e-01  6.256e-01  6.296e-01  6.335e-01  6.373e-01  6.409e-01  6.443e-01  6.476e-01  6.508e-01  6.539e-01  6.568e-01  6.596e-01  6.623e-01  6.649e-01  6.674e-01  6.698e-01  6.720e-01  6.742e-01  6.763e-01  6.784e-01  6.803e-01  6.822e-01  6.840e-01  6.857e-01  6.874e-01  6.890e-01  6.905e-01  6.919e-01  6.932e-01  6.944e-01 	
 1.160e-01  2.298e-01  3.492e-01  4.439e-01  5.079e-01  5.465e-01  5.682e-01  5.800e-01  5.868e-01  5.915e-01  5.954e-01  5.993e-01  6.033e-01  6.076e-01  6.120e-01  6.165e-01  6.210e-01  6.255e-01  6.299e-01  6.342e-01  6.383e-01  6.423e-01  6.461e-01  6.497e-01  6.532e-01  6.566e-01  6.598e-01  6.628e-01  6.657e-01  6.685e-01  6.712e-01  6.737e-01  6.761e-01  6.784e-01  6.807e-01  6.828e-01  6.848e-01  6.868e-01  6.887e-01  6.905e-01  6.922e-01  6.939e-01  6.955e-01  6.970e-01  6.985e-01  6.999e-01  7.013e-01  7.025e-01  7.037e-01  7.048e-01 	
 1.416e-01  2.711e-01  3.934e-01  4.824e-01  5.379e-01  5.692e-01  5.860e-01  5.954e-01  6.014e-01  6.061e-01  6.106e-01  6.151e-01  6.196e-01  6.243e-01  6.290e-01  6.336e-01  6.381e-01  6.425e-01  6.467e-01  6.507e-01  6.545e-01  6.582e-01  6.617e-01  6.650e-01  6.682e-01  6.712e-01  6.741e-01  6.768e-01  6.794e-01  6.819e-01  6.842e-01  6.865e-01  6.886e-01  6.907e-01  6.927e-01  6.946e-01  6.964e-01  6.981e-01  6.998e-01  7.014e-01  7.029e-01  7.044e-01  7.058e-01  7.072e-01  7.085e-01  7.097e-01  7.109e-01  7.120e-01  7.131e-01  7.140e-01 	
 1.703e-01  3.137e-01  4.352e-01  5.163e-01  5.636e-01  5.891e-01  6.028e-01  6.111e-01  6.170e-01  6.222e-01  6.271e-01  6.319e-01  6.367e-01  6.414e-01  6.459e-01  6.503e-01  6.546e-01  6.586e-01  6.625e-01  6.661e-01  6.696e-01  6.729e-01  6.760e-01  6.790e-01  6.818e-01  6.844e-01  6.869e-01  6.893e-01  6.916e-01  6.938e-01  6.959e-01  6.979e-01  6.998e-01  7.016e-01  7.033e-01  7.050e-01  7.065e-01  7.081e-01  7.095e-01  7.109e-01  7.123e-01  7.136e-01  7.148e-01  7.160e-01  7.172e-01  7.183e-01  7.193e-01  7.203e-01  7.213e-01  7.221e-01 	
 2.022e-01  3.570e-01  4.743e-01  5.466e-01  5.867e-01  6.080e-01  6.200e-01  6.278e-01  6.339e-01  6.393e-01  6.443e-01  6.491e-01  6.537e-01  6.581e-01  6.623e-01  6.664e-01  6.702e-01  6.738e-01  6.772e-01  6.804e-01  6.835e-01  6.864e-01  6.891e-01  6.917e-01  6.941e-01  6.965e-01  6.987e-01  7.008e-01  7.028e-01  7.047e-01  7.065e-01  7.082e-01  7.099e-01  7.115e-01  7.130e-01  7.144e-01  7.158e-01  7.172e-01  7.184e-01  7.197e-01  7.209e-01  7.220e-01  7.231e-01  7.241e-01  7.251e-01  7.261e-01  7.270e-01  7.279e-01  7.288e-01  7.296e-01 	
 2.371e-01  3.998e-01  5.105e-01  5.741e-01  6.084e-01  6.269e-01  6.379e-01  6.454e-01  6.514e-01  6.566e-01  6.614e-01  6.658e-01  6.700e-01  6.739e-01  6.777e-01  6.812e-01  6.845e-01  6.876e-01  6.906e-01  6.934e-01  6.960e-01  6.985e-01  7.008e-01  7.031e-01  7.052e-01  7.072e-01  7.091e-01  7.109e-01  7.126e-01  7.143e-01  7.159e-01  7.174e-01  7.188e-01  7.202e-01  7.215e-01  7.228e-01  7.240e-01  7.251e-01  7.262e-01  7.273e-01  7.283e-01  7.293e-01  7.303e-01  7.312e-01  7.321e-01  7.330e-01  7.338e-01  7.346e-01  7.353e-01  7.360e-01 	
 2.715e-01  4.385e-01  5.422e-01  5.988e-01  6.290e-01  6.457e-01  6.559e-01  6.630e-01  6.686e-01  6.734e-01  6.777e-01  6.816e-01  6.852e-01  6.886e-01  6.918e-01  6.947e-01  6.976e-01  7.002e-01  7.027e-01  7.051e-01  7.073e-01  7.094e-01  7.114e-01  7.133e-01  7.152e-01  7.169e-01  7.185e-01  7.201e-01  7.216e-01  7.230e-01  7.243e-01  7.256e-01  7.269e-01  7.281e-01  7.292e-01  7.303e-01  7.314e-01  7.324e-01  7.333e-01  7.343e-01  7.352e-01  7.360e-01  7.369e-01  7.377e-01  7.384e-01  7.392e-01  7.399e-01  7.406e-01  7.413e-01  7.419e-01 	
 3.026e-01  4.712e-01  5.690e-01  6.205e-01  6.479e-01  6.634e-01  6.730e-01  6.797e-01  6.847e-01  6.889e-01  6.926e-01  6.959e-01  6.989e-01  7.017e-01  7.044e-01  7.069e-01  7.092e-01  7.114e-01  7.135e-01  7.155e-01  7.174e-01  7.192e-01  7.209e-01  7.225e-01  7.240e-01  7.255e-01  7.269e-01  7.282e-01  7.295e-01  7.307e-01  7.319e-01  7.330e-01  7.340e-01  7.351e-01  7.361e-01  7.370e-01  7.379e-01  7.388e-01  7.396e-01  7.404e-01  7.412e-01  7.420e-01  7.427e-01  7.434e-01  7.441e-01  7.447e-01  7.453e-01  7.460e-01  7.466e-01  7.471e-01 	
 3.292e-01  4.995e-01  5.928e-01  6.407e-01  6.662e-01  6.807e-01  6.895e-01  6.954e-01  6.998e-01  7.033e-01  7.063e-01  7.090e-01  7.114e-01  7.137e-01  7.158e-01  7.178e-01  7.197e-01  7.215e-01  7.232e-01  7.249e-01  7.264e-01  7.279e-01  7.293e-01  7.307e-01  7.320e-01  7.332e-01  7.344e-01  7.355e-01  7.366e-01  7.376e-01  7.386e-01  7.395e-01  7.405e-01  7.413e-01  7.422e-01  7.430e-01  7.438e-01  7.445e-01  7.452e-01  7.459e-01  7.466e-01  7.472e-01  7.479e-01  7.485e-01  7.491e-01  7.496e-01  7.502e-01  7.507e-01  7.512e-01  7.518e-01 	
 3.533e-01  5.251e-01  6.144e-01  6.594e-01  6.833e-01  6.967e-01  7.046e-01  7.098e-01  7.134e-01  7.162e-01  7.186e-01  7.206e-01  7.225e-01  7.243e-01  7.259e-01  7.275e-01  7.290e-01  7.304e-01  7.318e-01  7.331e-01  7.344e-01  7.356e-01  7.368e-01  7.379e-01  7.389e-01  7.400e-01  7.409e-01  7.419e-01  7.428e-01  7.437e-01  7.445e-01  7.453e-01  7.461e-01  7.468e-01  7.475e-01  7.482e-01  7.489e-01  7.495e-01  7.501e-01  7.507e-01  7.513e-01  7.519e-01  7.524e-01  7.529e-01  7.534e-01  7.539e-01  7.544e-01  7.549e-01  7.554e-01  7.559e-01 	
 3.758e-01  5.481e-01  6.342e-01  6.768e-01  6.991e-01  7.114e-01  7.185e-01  7.228e-01  7.257e-01  7.279e-01  7.296e-01  7.311e-01  7.325e-01  7.338e-01  7.350e-01  7.362e-01  7.374e-01  7.385e-01  7.395e-01  7.406e-01  7.416e-01  7.426e-01  7.435e-01  7.444e-01  7.453e-01  7.461e-01  7.469e-01  7.477e-01  7.485e-01  7.492e-01  7.499e-01  7.506e-01  7.512e-01  7.519e-01  7.525e-01  7.530e-01  7.536e-01  7.542e-01  7.547e-01  7.552e-01  7.557e-01  7.562e-01  7.566e-01  7.571e-01  7.575e-01  7.579e-01  7.584e-01  7.588e-01  7.592e-01  7.596e-01 	
 3.969e-01  5.694e-01  6.526e-01  6.929e-01  7.138e-01  7.249e-01  7.311e-01  7.346e-01  7.368e-01  7.383e-01  7.395e-01  7.405e-01  7.414e-01  7.423e-01  7.432e-01  7.440e-01  7.448e-01  7.456e-01  7.464e-01  7.472e-01  7.480e-01  7.487e-01  7.495e-01  7.502e-01  7.509e-01  7.516e-01  7.522e-01  7.529e-01  7.535e-01  7.541e-01  7.547e-01  7.552e-01  7.558e-01  7.563e-01  7.568e-01  7.573e-01  7.578e-01  7.582e-01  7.587e-01  7.591e-01  7.595e-01  7.599e-01  7.603e-01  7.607e-01  7.611e-01  7.614e-01  7.618e-01  7.622e-01  7.625e-01  7.629e-01 	
 4.180e-01  5.891e-01  6.694e-01  7.076e-01  7.270e-01  7.371e-01  7.424e-01  7.452e-01  7.468e-01  7.478e-01  7.484e-01  7.490e-01  7.495e-01  7.500e-01  7.505e-01  7.510e-01  7.515e-01  7.521e-01  7.526e-01  7.532e-01  7.537e-01  7.543e-01  7.549e-01  7.554e-01  7.559e-01  7.565e-01  7.570e-01  7.575e-01  7.580e-01  7.585e-01  7.589e-01  7.594e-01  7.598e-01  7.603e-01  7.607e-01  7.611e-01  7.615e-01  7.619e-01  7.622e-01  7.626e-01  7.629e-01  7.633e-01  7.636e-01  7.639e-01  7.643e-01  7.646e-01  7.649e-01  7.652e-01  7.655e-01  7.659e-01 	
 4.397e-01  6.076e-01  6.846e-01  7.208e-01  7.389e-01  7.481e-01  7.526e-01  7.547e-01  7.557e-01  7.562e-01  7.564e-01  7.565e-01  7.567e-01  7.568e-01  7.570e-01  7.573e-01  7.575e-01  7.579e-01  7.582e-01  7.586e-01  7.589e-01  7.593e-01  7.597e-01  7.601e-01  7.605e-01  7.609e-01  7.613e-01  7.617e-01  7.621e-01  7.624e-01  7.628e-01  7.632e-01  7.635e-01  7.639e-01  7.642e-01  7.645e-01  7.648e-01  7.652e-01  7.655e-01  7.657e-01  7.660e-01  7.663e-01  7.666e-01  7.669e-01  7.671e-01  7.674e-01  7.676e-01  7.679e-01  7.682e-01  7.685e-01 	
 4.609e-01  6.244e-01  6.983e-01  7.327e-01  7.496e-01  7.579e-01  7.617e-01  7.633e-01  7.638e-01  7.638e-01  7.636e-01  7.634e-01  7.632e-01  7.630e-01  7.629e-01  7.629e-01  7.630e-01  7.631e-01  7.632e-01  7.634e-01  7.636e-01  7.638e-01  7.641e-01  7.643e-01  7.646e-01  7.649e-01  7.652e-01  7.654e-01  7.657e-01  7.660e-01  7.663e-01  7.666e-01  7.668e-01  7.671e-01  7.674e-01  7.676e-01  7.679e-01  7.681e-01  7.684e-01  7.686e-01  7.688e-01  7.691e-01  7.693e-01  7.695e-01  7.697e-01  7.699e-01  7.702e-01  7.704e-01  7.707e-01  7.709e-01 	
 4.817e-01  6.397e-01  7.105e-01  7.432e-01  7.591e-01  7.666e-01  7.699e-01  7.710e-01  7.710e-01  7.706e-01  7.701e-01  7.695e-01  7.690e-01  7.686e-01  7.682e-01  7.680e-01  7.678e-01  7.677e-01  7.677e-01  7.677e-01  7.678e-01  7.678e-01  7.680e-01  7.681e-01  7.682e-01  7.684e-01  7.686e-01  7.688e-01  7.690e-01  7.691e-01  7.693e-01  7.695e-01  7.697e-01  7.699e-01  7.701e-01  7.703e-01  7.705e-01  7.707e-01  7.709e-01  7.711e-01  7.713e-01  7.714e-01  7.716e-01  7.718e-01  7.720e-01  7.722e-01  7.723e-01  7.726e-01  7.728e-01  7.731e-01 	
 5.021e-01  6.536e-01  7.213e-01  7.525e-01  7.676e-01  7.745e-01  7.772e-01  7.779e-01  7.776e-01  7.768e-01  7.759e-01  7.751e-01  7.743e-01  7.736e-01  7.731e-01  7.726e-01  7.723e-01  7.720e-01  7.718e-01  7.717e-01  7.716e-01  7.715e-01  7.715e-01  7.715e-01  7.716e-01  7.716e-01  7.717e-01  7.718e-01  7.719e-01  7.720e-01  7.721e-01  7.723e-01  7.724e-01  7.725e-01  7.727e-01  7.728e-01  7.729e-01  7.731e-01  7.732e-01  7.733e-01  7.735e-01  7.736e-01  7.737e-01  7.739e-01  7.740e-01  7.741e-01  7.743e-01  7.745e-01  7.747e-01  7.749e-01 	
 5.220e-01  6.663e-01  7.309e-01  7.608e-01  7.750e-01  7.814e-01  7.838e-01  7.841e-01  7.834e-01  7.824e-01  7.812e-01  7.801e-01  7.791e-01  7.782e-01  7.775e-01  7.768e-01  7.763e-01  7.759e-01  7.755e-01  7.752e-01  7.750e-01  7.748e-01  7.747e-01  7.746e-01  7.746e-01  7.745e-01  7.745e-01  7.745e-01  7.746e-01  7.746e-01  7.747e-01  7.747e-01  7.748e-01  7.749e-01  7.750e-01  7.750e-01  7.751e-01  7.752e-01  7.753e-01  7.754e-01  7.755e-01  7.756e-01  7.757e-01  7.758e-01  7.759e-01  7.760e-01  7.761e-01  7.763e-01  7.764e-01  7.767e-01 	
 5.409e-01  6.777e-01  7.393e-01  7.678e-01  7.815e-01  7.875e-01  7.895e-01  7.896e-01  7.886e-01  7.873e-01  7.860e-01  7.846e-01  7.834e-01  7.823e-01  7.814e-01  7.806e-01  7.799e-01  7.793e-01  7.788e-01  7.784e-01  7.781e-01  7.778e-01  7.776e-01  7.774e-01  7.773e-01  7.772e-01  7.771e-01  7.770e-01  7.770e-01  7.769e-01  7.769e-01  7.769e-01  7.770e-01  7.770e-01  7.770e-01  7.770e-01  7.771e-01  7.771e-01  7.772e-01  7.772e-01  7.773e-01  7.773e-01  7.774e-01  7.774e-01  7.775e-01  7.776e-01  7.777e-01  7.778e-01  7.780e-01  7.782e-01 	
 5.585e-01  6.877e-01  7.465e-01  7.739e-01  7.870e-01  7.927e-01  7.946e-01  7.944e-01  7.933e-01  7.918e-01  7.902e-01  7.887e-01  7.873e-01  7.860e-01  7.849e-01  7.840e-01  7.831e-01  7.824e-01  7.818e-01  7.813e-01  7.809e-01  7.805e-01  7.802e-01  7.799e-01  7.797e-01  7.795e-01  7.793e-01  7.792e-01  7.791e-01  7.790e-01  7.790e-01  7.789e-01  7.789e-01  7.788e-01  7.788e-01  7.788e-01  7.788e-01  7.788e-01  7.788e-01  7.788e-01  7.788e-01  7.789e-01  7.789e-01  7.789e-01  7.790e-01  7.790e-01  7.791e-01  7.792e-01  7.793e-01  7.796e-01 	
 5.751e-01  6.968e-01  7.528e-01  7.793e-01  7.920e-01  7.975e-01  7.992e-01  7.988e-01  7.975e-01  7.959e-01  7.941e-01  7.924e-01  7.909e-01  7.895e-01  7.882e-01  7.871e-01  7.862e-01  7.854e-01  7.846e-01  7.840e-01  7.835e-01  7.830e-01  7.826e-01  7.823e-01  7.820e-01  7.817e-01  7.815e-01  7.813e-01  7.811e-01  7.810e-01  7.809e-01  7.808e-01  7.807e-01  7.806e-01  7.805e-01  7.805e-01  7.804e-01  7.804e-01  7.804e-01  7.804e-01  7.803e-01  7.803e-01  7.803e-01  7.803e-01  7.803e-01  7.804e-01  7.804e-01  7.805e-01  7.807e-01  7.809e-01 	
 5.905e-01  7.047e-01  7.583e-01  7.840e-01  7.965e-01  8.018e-01  8.034e-01  8.029e-01  8.015e-01  7.997e-01  7.978e-01  7.959e-01  7.942e-01  7.927e-01  7.913e-01  7.901e-01  7.890e-01  7.880e-01  7.872e-01  7.865e-01  7.859e-01  7.853e-01  7.848e-01  7.844e-01  7.840e-01  7.837e-01  7.834e-01  7.832e-01  7.829e-01  7.827e-01  7.826e-01  7.824e-01  7.823e-01  7.822e-01  7.821e-01  7.820e-01  7.819e-01  7.818e-01  7.818e-01  7.817e-01  7.817e-01  7.816e-01  7.816e-01  7.816e-01  7.816e-01  7.816e-01  7.816e-01  7.817e-01  7.818e-01  7.820e-01 	
 6.048e-01  7.118e-01  7.631e-01  7.882e-01  8.004e-01  8.057e-01  8.072e-01  8.067e-01  8.051e-01  8.032e-01  8.011e-01  7.991e-01  7.973e-01  7.956e-01  7.941e-01  7.927e-01  7.915e-01  7.905e-01  7.896e-01  7.887e-01  7.880e-01  7.874e-01  7.868e-01  7.863e-01  7.859e-01  7.855e-01  7.851e-01  7.848e-01  7.846e-01  7.843e-01  7.841e-01  7.839e-01  7.837e-01  7.836e-01  7.834e-01  7.833e-01  7.832e-01  7.831e-01  7.830e-01  7.829e-01  7.828e-01  7.828e-01  7.827e-01  7.827e-01  7.826e-01  7.826e-01  7.826e-01  7.827e-01  7.828e-01  7.830e-01 	
 6.180e-01  7.180e-01  7.672e-01  7.918e-01  8.040e-01  8.093e-01  8.108e-01  8.102e-01  8.086e-01  8.065e-01  8.043e-01  8.022e-01  8.002e-01  7.984e-01  7.967e-01  7.952e-01  7.939e-01  7.928e-01  7.918e-01  7.908e-01  7.900e-01  7.893e-01  7.887e-01  7.881e-01  7.876e-01  7.872e-01  7.868e-01  7.864e-01  7.861e-01  7.858e-01  7.855e-01  7.853e-01  7.851e-01  7.849e-01  7.847e-01  7.845e-01  7.844e-01  7.842e-01  7.841e-01  7.840e-01  7.839e-01  7.838e-01  7.837e-01  7.836e-01  7.836e-01  7.835e-01  7.836e-01  7.836e-01  7.838e-01  7.840e-01 	
 6.304e-01  7.235e-01  7.707e-01  7.948e-01  8.071e-01  8.125e-01  8.141e-01  8.135e-01  8.118e-01  8.096e-01  8.073e-01  8.051e-01  8.030e-01  8.010e-01  7.993e-01  7.977e-01  7.963e-01  7.950e-01  7.939e-01  7.929e-01  7.920e-01  7.912e-01  7.904e-01  7.898e-01  7.892e-01  7.887e-01  7.882e-01  7.878e-01  7.874e-01  7.871e-01  7.868e-01  7.865e-01  7.863e-01  7.860e-01  7.858e-01  7.856e-01  7.854e-01  7.853e-01  7.851e-01  7.849e-01  7.848e-01  7.847e-01  7.846e-01  7.845e-01  7.844e-01  7.844e-01  7.844e-01  7.845e-01  7.847e-01  7.851e-01 	
 6.428e-01  7.286e-01  7.734e-01  7.970e-01  8.092e-01  8.149e-01  8.167e-01  8.162e-01  8.147e-01  8.126e-01  8.103e-01  8.080e-01  8.059e-01  8.039e-01  8.020e-01  8.004e-01  7.989e-01  7.975e-01  7.963e-01  7.952e-01  7.943e-01  7.934e-01  7.926e-01  7.919e-01  7.913e-01  7.907e-01  7.902e-01  7.897e-01  7.893e-01  7.889e-01  7.885e-01  7.882e-01  7.879e-01  7.876e-01  7.874e-01  7.871e-01  7.869e-01  7.867e-01  7.865e-01  7.864e-01  7.862e-01  7.861e-01  7.860e-01  7.859e-01  7.859e-01  7.859e-01  7.860e-01  7.862e-01  7.866e-01  7.872e-01 	
