 9.900e-01  9.900e-01  9.900e-01  9.999e-01  9.998e-01  9.997e-01  9.995e-01  9.992e-01  9.987e-01  9.980e-01  9.968e-01  9.949e-01  9.921e-01  9.876e-01  9.805e-01  9.696e-01  9.529e-01  9.276e-01  8.902e-01  8.367e-01  7.639e-01  6.712e-01  5.625e-01  4.471e-01  3.367e-01  2.412e-01  1.656e-01  1.100e-01  7.117e-02  4.516e-02  2.821e-02  1.739e-02  1.058e-02  6.359e-03  3.765e-03  2.190e-03  1.246e-03  6.885e-04  3.655e-04  1.831e-04  8.397e-05  3.310e-05  9.619e-06  1.106e-06  2.572e-07  2.556e-06  8.124e-07  6.026e-06  2.433e-06  1.533e-06 	
 9.900e-01  9.900e-01  9.900e-01  9.900e-01  9.999e-01  9.998e-01  9.997e-01  9.995e-01  9.993e-01  9.988e-01  9.982e-01  9.971e-01  9.955e-01  9.929e-01  9.888e-01  9.825e-01  9.726e-01  9.574e-01  9.344e-01  9.000e-01  8.504e-01  7.820e-01  6.932e-01  5.869e-01  4.714e-01  3.584e-01  2.586e-01  1.784e-01  1.187e-01  7.673e-02  4.853e-02  3.016e-02  1.845e-02  1.112e-02  6.598e-03  3.843e-03  2.188e-03  1.209e-03  6.422e-04  3.218e-04  1.476e-04  5.818e-05  1.691e-05  1.944e-06  4.520e-07  4.493e-06  1.428e-06  1.059e-05  4.277e-06  2.694e-06 	
 9.900e-01  9.900e-01  9.900e-01  9.900e-01  9.900e-01  9.999e-01  9.998e-01  9.997e-01  9.996e-01  9.993e-01  9.990e-01  9.984e-01  9.974e-01  9.959e-01  9.936e-01  9.899e-01  9.842e-01  9.753e-01  9.615e-01  9.405e-01  9.090e-01  8.630e-01  7.987e-01  7.140e-01  6.104e-01  4.953e-01  3.800e-01  2.762e-01  1.913e-01  1.274e-01  8.226e-02  5.181e-02  3.198e-02  1.938e-02  1.154e-02  6.734e-03  3.839e-03  2.124e-03  1.128e-03  5.655e-04  2.593e-04  1.022e-04  2.971e-05  3.417e-06  7.944e-07  7.896e-06  2.509e-06  1.861e-05  7.516e-06  4.734e-06 	
 9.900e-01  9.900e-01  9.900e-01  9.900e-01  9.900e-01  9.900e-01  9.900e-01  9.998e-01  9.998e-01  9.996e-01  9.994e-01  9.991e-01  9.985e-01  9.977e-01  9.963e-01  9.942e-01  9.909e-01  9.858e-01  9.777e-01  9.652e-01  9.460e-01  9.171e-01  8.745e-01  8.143e-01  7.335e-01  6.329e-01  5.185e-01  4.013e-01  2.936e-01  2.042e-01  1.361e-01  8.760e-02  5.486e-02  3.356e-02  2.010e-02  1.177e-02  6.726e-03  3.726e-03  1.981e-03  9.933e-04  4.557e-04  1.797e-04  5.221e-05  6.005e-06  1.396e-06  1.388e-05  4.409e-06  3.271e-05  1.321e-05  8.320e-06 	
 9.900e-01  9.900e-01  9.900e-01  9.900e-01  9.900e-01  9.900e-01  9.900e-01  9.900e-01  9.999e-01  9.998e-01  9.997e-01  9.995e-01  9.992e-01  9.987e-01  9.979e-01  9.967e-01  9.948e-01  9.918e-01  9.872e-01  9.799e-01  9.685e-01  9.510e-01  9.245e-01  8.850e-01  8.286e-01  7.517e-01  6.541e-01  5.408e-01  4.221e-01  3.107e-01  2.167e-01  1.444e-01  9.256e-02  5.752e-02  3.479e-02  2.051e-02  1.176e-02  6.529e-03  3.476e-03  1.744e-03  8.005e-04  3.157e-04  9.176e-05  1.055e-05  2.454e-06  2.439e-05  7.748e-06  5.749e-05  2.322e-05  1.462e-05 	
 9.900e-01  9.900e-01  9.900e-01  9.900e-01  9.900e-01  9.900e-01  9.900e-01  9.900e-01  9.900e-01  9.999e-01  9.998e-01  9.997e-01  9.995e-01  9.992e-01  9.988e-01  9.981e-01  9.970e-01  9.953e-01  9.926e-01  9.884e-01  9.818e-01  9.715e-01  9.555e-01  9.311e-01  8.946e-01  8.417e-01  7.686e-01  6.741e-01  5.619e-01  4.419e-01  3.271e-01  2.286e-01  1.520e-01  9.684e-02  5.956e-02  3.548e-02  2.048e-02  1.142e-02  6.092e-03  3.061e-03  1.406e-03  5.547e-04  1.612e-04  1.855e-05  4.312e-06  4.285e-05  1.361e-05  1.010e-04  4.080e-05  2.570e-05 	
 9.900e-01  9.900e-01  9.900e-01  9.900e-01  9.900e-01  9.900e-01  9.900e-01  9.900e-01  9.900e-01  9.900e-01  9.999e-01  9.998e-01  9.997e-01  9.996e-01  9.993e-01  9.989e-01  9.983e-01  9.973e-01  9.958e-01  9.934e-01  9.895e-01  9.835e-01  9.741e-01  9.595e-01  9.371e-01  9.032e-01  8.536e-01  7.841e-01  6.925e-01  5.817e-01  4.606e-01  3.424e-01  2.394e-01  1.585e-01  1.001e-01  6.071e-02  3.544e-02  1.989e-02  1.066e-02  5.367e-03  2.468e-03  9.744e-04  2.833e-04  3.259e-05  7.578e-06  7.530e-05  2.392e-05  1.775e-04  7.170e-05  4.516e-05 	
 9.900e-01  9.900e-01  9.900e-01  9.900e-01  9.900e-01  9.900e-01  9.900e-01  9.900e-01  9.900e-01  9.900e-01  9.900e-01  9.999e-01  9.998e-01  9.997e-01  9.996e-01  9.994e-01  9.990e-01  9.985e-01  9.976e-01  9.962e-01  9.940e-01  9.905e-01  9.851e-01  9.765e-01  9.631e-01  9.424e-01  9.109e-01  8.643e-01  7.981e-01  7.094e-01  5.999e-01  4.776e-01  3.560e-01  2.486e-01  1.635e-01  1.020e-01  6.064e-02  3.443e-02  1.857e-02  9.392e-03  4.329e-03  1.711e-03  4.978e-04  5.727e-05  1.332e-05  1.323e-04  4.202e-05  3.119e-04  1.260e-04  7.936e-05 	
 9.900e-01  9.900e-01  9.900e-01  9.900e-01  9.900e-01  9.900e-01  9.900e-01  9.900e-01  9.900e-01  9.900e-01  9.900e-01  9.900e-01  9.900e-01  9.999e-01  9.998e-01  9.996e-01  9.994e-01  9.991e-01  9.986e-01  9.978e-01  9.966e-01  9.946e-01  9.914e-01  9.864e-01  9.786e-01  9.663e-01  9.472e-01  9.179e-01  8.740e-01  8.108e-01  7.246e-01  6.161e-01  4.926e-01  3.675e-01  2.555e-01  1.663e-01  1.018e-01  5.894e-02  3.218e-02  1.639e-02  7.581e-03  3.002e-03  8.744e-04  1.006e-04  2.340e-05  2.324e-04  7.379e-05  5.480e-04  2.214e-04  1.395e-04 	
 9.900e-01  9.900e-01  9.900e-01  9.900e-01  9.900e-01  9.900e-01  9.900e-01  9.900e-01  9.900e-01  9.900e-01  9.900e-01  9.900e-01  9.900e-01  9.900e-01  9.999e-01  9.998e-01  9.997e-01  9.995e-01  9.992e-01  9.987e-01  9.980e-01  9.969e-01  9.951e-01  9.922e-01  9.877e-01  9.805e-01  9.691e-01  9.514e-01  9.240e-01  8.825e-01  8.219e-01  7.379e-01  6.301e-01  5.049e-01  3.760e-01  2.594e-01  1.661e-01  9.911e-02  5.517e-02  2.843e-02  1.324e-02  5.263e-03  1.535e-03  1.768e-04  4.112e-05  4.083e-04  1.296e-04  9.625e-04  3.890e-04  2.451e-04 	
 9.900e-01  9.900e-01  9.900e-01  9.900e-01  9.900e-01  9.900e-01  9.900e-01  9.900e-01  9.900e-01  9.900e-01  9.900e-01  9.900e-01  9.900e-01  9.900e-01  9.900e-01  9.999e-01  9.998e-01  9.997e-01  9.995e-01  9.993e-01  9.989e-01  9.982e-01  9.972e-01  9.955e-01  9.929e-01  9.887e-01  9.821e-01  9.716e-01  9.551e-01  9.294e-01  8.900e-01  8.316e-01  7.492e-01  6.415e-01  5.140e-01  3.807e-01  2.590e-01  1.619e-01  9.301e-02  4.888e-02  2.303e-02  9.209e-03  2.694e-03  3.106e-04  7.225e-05  7.168e-04  2.273e-04  1.690e-03  6.833e-04  4.305e-04 	
 9.900e-01  9.900e-01  9.900e-01  9.900e-01  9.900e-01  9.900e-01  9.900e-01  9.900e-01  9.900e-01  9.900e-01  9.900e-01  9.900e-01  9.900e-01  9.900e-01  9.900e-01  9.900e-01  9.999e-01  9.998e-01  9.997e-01  9.996e-01  9.993e-01  9.990e-01  9.984e-01  9.974e-01  9.959e-01  9.935e-01  9.897e-01  9.836e-01  9.738e-01  9.584e-01  9.340e-01  8.963e-01  8.396e-01  7.582e-01  6.497e-01  5.188e-01  3.802e-01  2.532e-01  1.526e-01  8.277e-02  3.975e-02  1.606e-02  4.722e-03  5.455e-04  1.269e-04  1.258e-03  3.986e-04  2.965e-03  1.200e-03  7.562e-04 	
 9.900e-01  9.900e-01  9.900e-01  9.900e-01  9.900e-01  9.900e-01  9.900e-01  9.900e-01  9.900e-01  9.900e-01  9.900e-01  9.900e-01  9.900e-01  9.900e-01  9.900e-01  9.900e-01  9.900e-01  9.999e-01  9.998e-01  9.998e-01  9.996e-01  9.994e-01  9.990e-01  9.985e-01  9.976e-01  9.962e-01  9.940e-01  9.905e-01  9.848e-01  9.757e-01  9.611e-01  9.379e-01  9.016e-01  8.459e-01  7.646e-01  6.539e-01  5.182e-01  3.729e-01  2.400e-01  1.367e-01  6.773e-02  2.786e-02  8.263e-03  9.577e-04  2.229e-04  2.206e-03  6.982e-04  5.195e-03  2.106e-03  1.328e-03 	
 9.900e-01  9.900e-01  9.900e-01  9.900e-01  9.900e-01  9.900e-01  9.900e-01  9.900e-01  9.900e-01  9.900e-01  9.900e-01  9.900e-01  9.900e-01  9.900e-01  9.900e-01  9.900e-01  9.900e-01  9.900e-01  9.900e-01  9.999e-01  9.998e-01  9.996e-01  9.994e-01  9.991e-01  9.986e-01  9.978e-01  9.965e-01  9.945e-01  9.912e-01  9.859e-01  9.773e-01  9.635e-01  9.412e-01  9.056e-01  8.503e-01  7.678e-01  6.532e-01  5.103e-01  3.564e-01  2.174e-01  1.131e-01  4.788e-02  1.441e-02  1.680e-03  3.914e-04  3.862e-03  1.221e-03  9.084e-03  3.693e-03  2.330e-03 	
 9.900e-01  9.900e-01  9.900e-01  9.900e-01  9.900e-01  9.900e-01  9.900e-01  9.900e-01  9.900e-01  9.900e-01  9.900e-01  9.900e-01  9.900e-01  9.900e-01  9.900e-01  9.900e-01  9.900e-01  9.900e-01  9.900e-01  9.900e-01  9.999e-01  9.998e-01  9.997e-01  9.995e-01  9.992e-01  9.987e-01  9.980e-01  9.968e-01  9.949e-01  9.918e-01  9.868e-01  9.786e-01  9.653e-01  9.436e-01  9.084e-01  8.525e-01  7.671e-01  6.458e-01  4.923e-01  3.273e-01  1.826e-01  8.105e-02  2.502e-02  2.945e-03  6.869e-04  6.747e-03  2.130e-03  1.583e-02  6.465e-03  4.085e-03 	
 9.900e-01  9.900e-01  9.900e-01  9.900e-01  9.900e-01  9.900e-01  9.900e-01  9.900e-01  9.900e-01  9.900e-01  9.900e-01  9.900e-01  9.900e-01  9.900e-01  9.900e-01  9.900e-01  9.900e-01  9.900e-01  9.900e-01  9.900e-01  9.900e-01  9.999e-01  9.998e-01  9.997e-01  9.995e-01  9.992e-01  9.988e-01  9.981e-01  9.970e-01  9.952e-01  9.923e-01  9.875e-01  9.797e-01  9.667e-01  9.452e-01  9.097e-01  8.518e-01  7.610e-01  6.289e-01  4.599e-01  2.812e-01  1.338e-01  4.304e-02  5.154e-03  1.205e-03  1.174e-02  3.704e-03  2.744e-02  1.129e-02  7.150e-03 	
 9.900e-01  9.900e-01  9.900e-01  9.900e-01  9.900e-01  9.900e-01  9.900e-01  9.900e-01  9.900e-01  9.900e-01  9.900e-01  9.900e-01  9.900e-01  9.900e-01  9.900e-01  9.900e-01  9.900e-01  9.900e-01  9.900e-01  9.900e-01  9.900e-01  9.900e-01  9.999e-01  9.998e-01  9.997e-01  9.995e-01  9.993e-01  9.989e-01  9.982e-01  9.972e-01  9.955e-01  9.927e-01  9.881e-01  9.805e-01  9.676e-01  9.459e-01  9.090e-01  8.473e-01  7.472e-01  5.978e-01  4.061e-01  2.128e-01  7.300e-02  8.995e-03  2.110e-03  2.032e-02  6.409e-03  4.709e-02  1.964e-02  1.248e-02 	
 9.900e-01  9.900e-01  9.900e-01  9.900e-01  9.900e-01  9.900e-01  9.900e-01  9.900e-01  9.900e-01  9.900e-01  9.900e-01  9.900e-01  9.900e-01  9.900e-01  9.900e-01  9.900e-01  9.900e-01  9.900e-01  9.900e-01  9.900e-01  9.900e-01  9.900e-01  9.900e-01  9.999e-01  9.998e-01  9.997e-01  9.996e-01  9.993e-01  9.989e-01  9.983e-01  9.973e-01  9.957e-01  9.930e-01  9.885e-01  9.809e-01  9.679e-01  9.454e-01  9.059e-01  8.371e-01  7.213e-01  5.438e-01  3.206e-01  1.210e-01  1.563e-02  3.689e-03  3.480e-02  1.101e-02  7.956e-02  3.390e-02  2.168e-02 	
 9.900e-01  9.900e-01  9.900e-01  9.900e-01  9.900e-01  9.900e-01  9.900e-01  9.900e-01  9.900e-01  9.900e-01  9.900e-01  9.900e-01  9.900e-01  9.900e-01  9.900e-01  9.900e-01  9.900e-01  9.900e-01  9.900e-01  9.900e-01  9.900e-01  9.900e-01  9.900e-01  9.900e-01  9.999e-01  9.998e-01  9.997e-01  9.996e-01  9.994e-01  9.990e-01  9.984e-01  9.974e-01  9.959e-01  9.932e-01  9.887e-01  9.810e-01  9.675e-01  9.432e-01  8.989e-01  8.178e-01  6.744e-01  4.510e-01  1.935e-01  2.698e-02  6.433e-03  5.865e-02  1.872e-02  1.311e-01  5.785e-02  3.737e-02 	
 9.900e-01  9.900e-01  9.900e-01  9.900e-01  9.900e-01  9.900e-01  9.900e-01  9.900e-01  9.900e-01  9.900e-01  9.900e-01  9.900e-01  9.900e-01  9.900e-01  9.900e-01  9.900e-01  9.900e-01  9.900e-01  9.900e-01  9.900e-01  9.900e-01  9.900e-01  9.900e-01  9.900e-01  9.900e-01  9.999e-01  9.998e-01  9.997e-01  9.996e-01  9.994e-01  9.990e-01  9.984e-01  9.975e-01  9.959e-01  9.933e-01  9.887e-01  9.807e-01  9.660e-01  9.385e-01  8.855e-01  7.817e-01  5.874e-01  2.942e-01  4.605e-02  1.117e-02  9.631e-02  3.138e-02  2.080e-01  9.683e-02  6.360e-02 	
 9.900e-01  9.900e-01  9.900e-01  9.900e-01  9.900e-01  9.900e-01  9.900e-01  9.900e-01  9.900e-01  9.900e-01  9.900e-01  9.900e-01  9.900e-01  9.900e-01  9.900e-01  9.900e-01  9.900e-01  9.900e-01  9.900e-01  9.900e-01  9.900e-01  9.900e-01  9.900e-01  9.900e-01  9.900e-01  9.900e-01  9.999e-01  9.998e-01  9.997e-01  9.996e-01  9.994e-01  9.990e-01  9.985e-01  9.975e-01  9.959e-01  9.932e-01  9.884e-01  9.796e-01  9.629e-01  9.297e-01  8.601e-01  7.104e-01  4.188e-01  7.721e-02  1.925e-02  1.520e-01  5.163e-02  3.126e-01  1.573e-01  1.060e-01 	
 9.900e-01  9.900e-01  9.900e-01  9.900e-01  9.900e-01  9.900e-01  9.900e-01  9.900e-01  9.900e-01  9.900e-01  9.900e-01  9.900e-01  9.900e-01  9.900e-01  9.900e-01  9.900e-01  9.900e-01  9.900e-01  9.900e-01  9.900e-01  9.900e-01  9.900e-01  9.900e-01  9.900e-01  9.900e-01  9.900e-01  9.999e-01  9.999e-01  9.998e-01  9.997e-01  9.996e-01  9.994e-01  9.990e-01  9.984e-01  9.975e-01  9.958e-01  9.929e-01  9.877e-01  9.776e-01  9.571e-01  9.126e-01  8.073e-01  5.528e-01  1.260e-01  3.284e-02  2.271e-01  8.297e-02  4.392e-01  2.445e-01  1.710e-01 	
 9.900e-01  9.900e-01  9.900e-01  9.900e-01  9.900e-01  9.900e-01  9.900e-01  9.900e-01  9.900e-01  9.900e-01  9.900e-01  9.900e-01  9.900e-01  9.900e-01  9.900e-01  9.900e-01  9.900e-01  9.900e-01  9.900e-01  9.900e-01  9.900e-01  9.900e-01  9.900e-01  9.900e-01  9.900e-01  9.900e-01  9.900e-01  9.999e-01  9.998e-01  9.998e-01  9.997e-01  9.995e-01  9.993e-01  9.990e-01  9.984e-01  9.974e-01  9.956e-01  9.924e-01  9.862e-01  9.737e-01  9.459e-01  8.760e-01  6.773e-01  1.976e-01  5.507e-02  3.166e-01  1.296e-01  5.719e-01  3.581e-01  2.634e-01 	
 9.900e-01  9.900e-01  9.900e-01  9.900e-01  9.900e-01  9.900e-01  9.900e-01  9.900e-01  9.900e-01  9.900e-01  9.900e-01  9.900e-01  9.900e-01  9.900e-01  9.900e-01  9.900e-01  9.900e-01  9.900e-01  9.900e-01  9.900e-01  9.900e-01  9.900e-01  9.900e-01  9.900e-01  9.900e-01  9.900e-01  9.900e-01  9.900e-01  9.999e-01  9.998e-01  9.997e-01  9.996e-01  9.995e-01  9.992e-01  9.989e-01  9.982e-01  9.971e-01  9.951e-01  9.913e-01  9.836e-01  9.663e-01  9.213e-01  7.783e-01  2.934e-01  9.008e-02  4.115e-01  1.960e-01  6.923e-01  4.882e-01  3.811e-01 	
 9.900e-01  9.900e-01  9.900e-01  9.900e-01  9.900e-01  9.900e-01  9.900e-01  9.900e-01  9.900e-01  9.900e-01  9.900e-01  9.900e-01  9.900e-01  9.900e-01  9.900e-01  9.900e-01  9.900e-01  9.900e-01  9.900e-01  9.900e-01  9.900e-01  9.900e-01  9.900e-01  9.900e-01  9.900e-01  9.900e-01  9.900e-01  9.999e-01  9.999e-01  9.999e-01  9.998e-01  9.997e-01  9.995e-01  9.994e-01  9.991e-01  9.987e-01  9.980e-01  9.967e-01  9.943e-01  9.894e-01  9.786e-01  9.498e-01  8.519e-01  4.076e-01  1.420e-01  5.053e-01  2.850e-01  7.881e-01  6.170e-01  5.125e-01 	
 9.900e-01  9.900e-01  9.900e-01  9.900e-01  9.900e-01  9.900e-01  9.900e-01  9.900e-01  9.900e-01  9.900e-01  9.900e-01  9.900e-01  9.900e-01  9.900e-01  9.900e-01  9.900e-01  9.900e-01  9.900e-01  9.900e-01  9.900e-01  9.900e-01  9.900e-01  9.900e-01  9.900e-01  9.900e-01  9.900e-01  9.900e-01  9.900e-01  9.999e-01  9.998e-01  9.998e-01  9.998e-01  9.997e-01  9.995e-01  9.992e-01  9.989e-01  9.983e-01  9.975e-01  9.959e-01  9.928e-01  9.857e-01  9.672e-01  9.014e-01  5.265e-01  2.131e-01  5.960e-01  3.923e-01  8.566e-01  7.279e-01  6.393e-01 	
 9.900e-01  9.900e-01  9.900e-01  9.900e-01  9.900e-01  9.900e-01  9.900e-01  9.900e-01  9.900e-01  9.900e-01  9.999e-01  9.900e-01  9.900e-01  9.900e-01  9.900e-01  9.900e-01  9.900e-01  9.900e-01  9.900e-01  9.900e-01  9.900e-01  9.999e-01  9.900e-01  9.999e-01  9.900e-01  9.999e-01  9.999e-01  9.999e-01  9.999e-01  9.998e-01  9.998e-01  9.997e-01  9.997e-01  9.996e-01  9.994e-01  9.991e-01  9.986e-01  9.979e-01  9.967e-01  9.945e-01  9.897e-01  9.773e-01  9.328e-01  6.342e-01  3.004e-01  6.748e-01  4.996e-01  9.012e-01  8.124e-01  7.460e-01 	
 9.900e-01  9.900e-01  9.900e-01  9.900e-01  9.900e-01  9.900e-01  9.900e-01  9.900e-01  9.900e-01  9.900e-01  9.900e-01  9.900e-01  9.900e-01  9.900e-01  9.900e-01  9.900e-01  9.900e-01  9.900e-01  9.900e-01  9.999e-01  9.900e-01  9.999e-01  9.998e-01  9.998e-01  9.998e-01  9.998e-01  9.998e-01  9.998e-01  9.998e-01  9.998e-01  9.998e-01  9.997e-01  9.997e-01  9.995e-01  9.994e-01  9.992e-01  9.990e-01  9.984e-01  9.973e-01  9.954e-01  9.917e-01  9.828e-01  9.515e-01  7.198e-01  3.953e-01  7.269e-01  5.817e-01  9.260e-01  8.705e-01  8.258e-01 	
 9.900e-01  9.900e-01  9.900e-01  9.900e-01  9.900e-01  9.900e-01  9.900e-01  9.900e-01  9.900e-01  9.900e-01  9.900e-01  9.900e-01  9.900e-01  9.900e-01  9.900e-01  9.900e-01  9.998e-01  9.900e-01  9.900e-01  9.900e-01  9.900e-01  9.900e-01  9.999e-01  9.998e-01  9.997e-01  9.997e-01  9.996e-01  9.997e-01  9.997e-01  9.997e-01  9.996e-01  9.997e-01  9.996e-01  9.995e-01  9.994e-01  9.992e-01  9.989e-01  9.985e-01  9.979e-01  9.965e-01  9.933e-01  9.859e-01  9.619e-01  7.805e-01  4.867e-01  7.702e-01  6.249e-01  9.307e-01  9.056e-01  8.801e-01 	
 9.900e-01  9.900e-01  9.900e-01  9.900e-01  9.900e-01  9.900e-01  9.900e-01  9.900e-01  9.900e-01  9.900e-01  9.900e-01  9.900e-01  9.900e-01  9.900e-01  9.900e-01  9.900e-01  9.900e-01  9.999e-01  9.900e-01  9.997e-01  9.999e-01  9.999e-01  9.999e-01  9.999e-01  9.997e-01  9.997e-01  9.996e-01  9.995e-01  9.994e-01  9.995e-01  9.994e-01  9.995e-01  9.994e-01  9.994e-01  9.993e-01  9.991e-01  9.990e-01  9.986e-01  9.978e-01  9.969e-01  9.949e-01  9.892e-01  9.693e-01  8.213e-01  5.665e-01  8.145e-01  6.310e-01  9.336e-01  9.202e-01  9.134e-01 	
 9.900e-01  9.900e-01  9.900e-01  9.900e-01  9.900e-01  9.900e-01  9.900e-01  9.900e-01  9.900e-01  9.900e-01  9.900e-01  9.900e-01  9.900e-01  9.999e-01  9.900e-01  9.900e-01  9.900e-01  9.900e-01  9.900e-01  9.900e-01  9.999e-01  9.998e-01  9.998e-01  9.998e-01  9.998e-01  9.997e-01  9.997e-01  9.996e-01  9.993e-01  9.989e-01  9.991e-01  9.989e-01  9.991e-01  9.991e-01  9.991e-01  9.989e-01  9.988e-01  9.984e-01  9.980e-01  9.971e-01  9.950e-01  9.910e-01  9.766e-01  8.548e-01  6.329e-01  8.399e-01  6.328e-01  9.552e-01  9.265e-01  9.301e-01 	
 9.900e-01  9.900e-01  9.900e-01  9.900e-01  9.900e-01  9.900e-01  9.900e-01  9.900e-01  9.900e-01  9.900e-01  9.900e-01  9.900e-01  9.900e-01  9.900e-01  9.900e-01  9.900e-01  9.900e-01  9.900e-01  9.999e-01  9.999e-01  9.995e-01  9.998e-01  9.998e-01  9.997e-01  9.996e-01  9.996e-01  9.995e-01  9.995e-01  9.995e-01  9.992e-01  9.986e-01  9.986e-01  9.984e-01  9.980e-01  9.985e-01  9.982e-01  9.985e-01  9.979e-01  9.978e-01  9.968e-01  9.954e-01  9.918e-01  9.799e-01  8.858e-01  6.882e-01  8.672e-01  6.549e-01  9.053e-01  9.466e-01  9.399e-01 	
 9.900e-01  9.900e-01  9.900e-01  9.900e-01  9.900e-01  9.900e-01  9.900e-01  9.900e-01  9.900e-01  9.900e-01  9.900e-01  9.900e-01  9.900e-01  9.900e-01  9.900e-01  9.900e-01  9.900e-01  9.999e-01  9.998e-01  9.998e-01  9.998e-01  9.997e-01  9.997e-01  9.997e-01  9.997e-01  9.996e-01  9.994e-01  9.993e-01  9.992e-01  9.988e-01  9.989e-01  9.988e-01  9.983e-01  9.977e-01  9.966e-01  9.969e-01  9.974e-01  9.969e-01  9.972e-01  9.962e-01  9.953e-01  9.920e-01  9.826e-01  9.056e-01  7.355e-01  8.872e-01  6.605e-01  9.032e-01  9.281e-01  9.544e-01 	
 9.900e-01  9.900e-01  9.900e-01  9.900e-01  9.900e-01  9.900e-01  9.900e-01  9.900e-01  9.900e-01  9.900e-01  9.900e-01  9.900e-01  9.900e-01  9.900e-01  9.900e-01  9.900e-01  9.999e-01  9.999e-01  9.998e-01  9.998e-01  9.994e-01  9.997e-01  9.997e-01  9.996e-01  9.995e-01  9.995e-01  9.995e-01  9.993e-01  9.983e-01  9.989e-01  9.981e-01  9.986e-01  9.984e-01  9.980e-01  9.973e-01  9.953e-01  9.942e-01  9.951e-01  9.952e-01  9.947e-01  9.945e-01  9.916e-01  9.839e-01  9.209e-01  7.773e-01  9.039e-01  6.727e-01  8.170e-01  9.315e-01  9.533e-01 	
 9.900e-01  9.900e-01  9.900e-01  9.900e-01  9.900e-01  9.900e-01  9.900e-01  9.900e-01  9.900e-01  9.900e-01  9.900e-01  9.900e-01  9.900e-01  9.900e-01  9.900e-01  9.999e-01  9.998e-01  9.998e-01  9.997e-01  9.998e-01  9.997e-01  9.997e-01  9.996e-01  9.995e-01  9.995e-01  9.994e-01  9.992e-01  9.992e-01  9.989e-01  9.989e-01  9.976e-01  9.980e-01  9.933e-01  9.979e-01  9.977e-01  9.967e-01  9.940e-01  9.907e-01  9.908e-01  9.918e-01  9.919e-01  9.900e-01  9.840e-01  9.323e-01  8.118e-01  9.176e-01  6.786e-01  7.313e-01  9.011e-01  9.567e-01 	
 9.900e-01  9.900e-01  9.900e-01  9.900e-01  9.900e-01  9.900e-01  9.900e-01  9.900e-01  9.900e-01  9.900e-01  9.900e-01  9.900e-01  9.900e-01  9.999e-01  9.999e-01  9.999e-01  9.998e-01  9.992e-01  9.975e-01  9.997e-01  9.997e-01  9.996e-01  9.996e-01  9.993e-01  9.994e-01  9.992e-01  9.992e-01  9.983e-01  9.981e-01  9.983e-01  9.986e-01  9.943e-01  9.978e-01  9.965e-01  9.961e-01  9.962e-01  9.940e-01  9.910e-01  9.870e-01  9.840e-01  9.854e-01  9.867e-01  9.829e-01  9.404e-01  8.368e-01  9.284e-01  6.863e-01  8.066e-01  8.338e-01  9.502e-01 	
 9.900e-01  9.900e-01  9.900e-01  9.900e-01  9.900e-01  9.900e-01  9.900e-01  9.900e-01  9.900e-01  9.900e-01  9.900e-01  9.999e-01  9.999e-01  9.999e-01  9.998e-01  9.998e-01  9.998e-01  9.998e-01  9.997e-01  9.997e-01  9.996e-01  9.996e-01  9.995e-01  9.994e-01  9.994e-01  9.991e-01  9.991e-01  9.987e-01  9.985e-01  9.986e-01  9.982e-01  9.968e-01  9.969e-01  9.974e-01  9.892e-01  9.941e-01  9.937e-01  9.920e-01  9.911e-01  9.834e-01  9.740e-01  9.759e-01  9.785e-01  9.458e-01  8.563e-01  9.366e-01  6.932e-01  8.277e-01  7.512e-01  9.336e-01 	
 9.900e-01  9.900e-01  9.900e-01  9.900e-01  9.900e-01  9.900e-01  9.900e-01  9.900e-01  9.900e-01  9.900e-01  9.900e-01  9.999e-01  9.999e-01  9.998e-01  9.997e-01  9.996e-01  9.998e-01  9.997e-01  9.997e-01  9.996e-01  9.994e-01  9.995e-01  9.993e-01  9.993e-01  9.992e-01  9.989e-01  9.982e-01  9.983e-01  9.984e-01  9.970e-01  9.971e-01  9.975e-01  9.968e-01  9.957e-01  9.953e-01  9.942e-01  9.899e-01  9.877e-01  9.822e-01  9.866e-01  9.776e-01  9.596e-01  9.688e-01  9.483e-01  8.684e-01  9.428e-01  6.993e-01  7.550e-01  7.439e-01  8.992e-01 	
 9.900e-01  9.900e-01  9.900e-01  9.900e-01  9.900e-01  9.900e-01  9.900e-01  9.900e-01  9.900e-01  9.999e-01  9.999e-01  9.999e-01  9.999e-01  9.998e-01  9.998e-01  9.998e-01  9.997e-01  9.996e-01  9.996e-01  9.995e-01  9.994e-01  9.994e-01  9.993e-01  9.992e-01  9.989e-01  9.983e-01  9.985e-01  9.985e-01  9.980e-01  9.978e-01  9.973e-01  9.951e-01  9.935e-01  9.939e-01  9.944e-01  9.915e-01  9.910e-01  9.908e-01  9.853e-01  9.746e-01  9.772e-01  9.635e-01  9.440e-01  9.474e-01  8.736e-01  9.474e-01  7.050e-01  7.599e-01  7.848e-01  8.092e-01 	
 9.900e-01  9.900e-01  9.900e-01  9.900e-01  9.900e-01  9.900e-01  9.900e-01  9.999e-01  9.999e-01  9.999e-01  9.999e-01  9.998e-01  9.998e-01  9.997e-01  9.998e-01  9.997e-01  9.997e-01  9.996e-01  9.995e-01  9.995e-01  9.994e-01  9.993e-01  9.992e-01  9.990e-01  9.988e-01  9.984e-01  9.983e-01  9.981e-01  9.976e-01  9.972e-01  9.967e-01  9.961e-01  9.935e-01  9.910e-01  9.927e-01  9.921e-01  9.900e-01  9.852e-01  9.861e-01  9.804e-01  9.674e-01  9.654e-01  9.241e-01  9.409e-01  8.702e-01  9.508e-01  7.099e-01  7.233e-01  6.901e-01  8.174e-01 	
 9.900e-01  9.900e-01  9.900e-01  9.900e-01  9.900e-01  9.900e-01  9.900e-01  9.999e-01  9.999e-01  9.999e-01  9.998e-01  9.998e-01  9.998e-01  9.997e-01  9.997e-01  9.996e-01  9.996e-01  9.995e-01  9.992e-01  9.994e-01  9.993e-01  9.991e-01  9.989e-01  9.987e-01  9.986e-01  9.981e-01  9.980e-01  9.977e-01  9.972e-01  9.967e-01  9.829e-01  9.956e-01  9.937e-01  9.939e-01  9.901e-01  9.911e-01  9.784e-01  9.861e-01  9.795e-01  9.745e-01  9.703e-01  9.464e-01  9.346e-01  9.242e-01  8.542e-01  9.534e-01  7.145e-01  6.916e-01  7.483e-01  8.443e-01 	
 9.900e-01  9.900e-01  9.900e-01  9.900e-01  9.900e-01  9.900e-01  9.999e-01  9.999e-01  9.999e-01  9.998e-01  9.998e-01  9.998e-01  9.997e-01  9.997e-01  9.996e-01  9.996e-01  9.995e-01  9.994e-01  9.990e-01  9.992e-01  9.989e-01  9.989e-01  9.987e-01  9.986e-01  9.983e-01  9.979e-01  9.976e-01  9.972e-01  9.969e-01  9.955e-01  9.951e-01  9.850e-01  9.918e-01  9.920e-01  9.897e-01  9.893e-01  9.845e-01  9.831e-01  9.727e-01  9.698e-01  9.551e-01  9.455e-01  9.195e-01  8.849e-01  8.189e-01  9.553e-01  7.188e-01  6.969e-01  6.662e-01  7.885e-01 	
 9.900e-01  9.900e-01  9.900e-01  9.900e-01  9.999e-01  9.999e-01  9.999e-01  9.999e-01  9.998e-01  9.998e-01  9.998e-01  9.997e-01  9.997e-01  9.996e-01  9.995e-01  9.995e-01  9.993e-01  9.978e-01  9.992e-01  9.991e-01  9.988e-01  9.987e-01  9.985e-01  9.972e-01  9.980e-01  9.972e-01  9.972e-01  9.964e-01  9.961e-01  9.955e-01  9.925e-01  9.934e-01  9.919e-01  9.902e-01  9.889e-01  9.859e-01  9.810e-01  9.795e-01  9.705e-01  9.635e-01  9.581e-01  9.332e-01  8.879e-01  8.192e-01  7.642e-01  9.568e-01  7.228e-01  6.772e-01  6.886e-01  7.566e-01 	
 9.900e-01  9.900e-01  9.900e-01  9.900e-01  9.999e-01  9.999e-01  9.998e-01  9.998e-01  9.998e-01  9.998e-01  9.997e-01  9.997e-01  9.996e-01  9.996e-01  9.995e-01  9.994e-01  9.993e-01  9.992e-01  9.990e-01  9.989e-01  9.986e-01  9.985e-01  9.981e-01  9.979e-01  9.973e-01  9.971e-01  9.966e-01  9.961e-01  9.952e-01  9.943e-01  9.919e-01  9.917e-01  9.879e-01  9.881e-01  9.833e-01  9.834e-01  9.795e-01  9.743e-01  9.610e-01  9.478e-01  9.451e-01  9.301e-01  8.982e-01  8.028e-01  7.306e-01  9.579e-01  7.265e-01  6.304e-01  6.572e-01  7.593e-01 	
 9.900e-01  9.900e-01  9.900e-01  9.999e-01  9.999e-01  9.998e-01  9.998e-01  9.998e-01  9.998e-01  9.997e-01  9.996e-01  9.996e-01  9.995e-01  9.995e-01  9.994e-01  9.993e-01  9.988e-01  9.989e-01  9.988e-01  9.985e-01  9.983e-01  9.982e-01  9.979e-01  9.975e-01  9.972e-01  9.965e-01  9.960e-01  9.953e-01  9.947e-01  9.919e-01  9.925e-01  9.909e-01  9.887e-01  9.856e-01  9.814e-01  9.773e-01  9.731e-01  9.689e-01  9.609e-01  9.498e-01  9.325e-01  9.038e-01  8.533e-01  8.193e-01  7.443e-01  9.588e-01  7.300e-01  6.207e-01  6.256e-01  7.192e-01 	
 9.900e-01  9.999e-01  9.999e-01  9.999e-01  9.998e-01  9.998e-01  9.998e-01  9.996e-01  9.997e-01  9.997e-01  9.996e-01  9.995e-01  9.995e-01  9.994e-01  9.992e-01  9.991e-01  9.990e-01  9.988e-01  9.986e-01  9.984e-01  9.958e-01  9.978e-01  9.974e-01  9.970e-01  9.963e-01  9.960e-01  9.947e-01  9.943e-01  9.934e-01  9.918e-01  9.867e-01  9.890e-01  9.855e-01  9.842e-01  9.797e-01  9.737e-01  9.706e-01  9.649e-01  9.547e-01  9.411e-01  9.265e-01  8.863e-01  8.533e-01  7.630e-01  7.402e-01  9.595e-01  7.333e-01  6.024e-01  6.156e-01  6.654e-01 	
 9.999e-01  9.999e-01  9.999e-01  9.998e-01  9.998e-01  9.998e-01  9.997e-01  9.997e-01  9.996e-01  9.996e-01  9.995e-01  9.994e-01  9.993e-01  9.992e-01  9.991e-01  9.989e-01  9.988e-01  9.985e-01  9.983e-01  9.980e-01  9.971e-01  9.973e-01  9.969e-01  9.961e-01  9.957e-01  9.948e-01  9.941e-01  9.923e-01  9.917e-01  9.903e-01  9.874e-01  9.843e-01  9.832e-01  9.810e-01  9.761e-01  9.733e-01  9.646e-01  9.567e-01  9.475e-01  9.250e-01  9.071e-01  8.757e-01  8.322e-01  7.220e-01  7.067e-01  9.600e-01  7.364e-01  5.956e-01  5.845e-01  6.464e-01 	
 9.999e-01  9.998e-01  9.994e-01  9.998e-01  9.997e-01  9.997e-01  9.997e-01  9.996e-01  9.996e-01  9.995e-01  9.994e-01  9.993e-01  9.992e-01  9.991e-01  9.988e-01  9.987e-01  9.985e-01  9.983e-01  9.980e-01  9.977e-01  9.973e-01  9.968e-01  9.962e-01  9.956e-01  9.948e-01  9.940e-01  9.931e-01  9.920e-01  9.903e-01  9.884e-01  9.862e-01  9.840e-01  9.808e-01  9.760e-01  9.732e-01  9.667e-01  9.584e-01  9.467e-01  9.351e-01  9.169e-01  8.969e-01  8.596e-01  8.107e-01  7.117e-01  6.995e-01  9.604e-01  7.393e-01  5.911e-01  5.825e-01  6.238e-01 	
 9.998e-01  9.998e-01  9.998e-01  9.998e-01  9.997e-01  9.997e-01  9.996e-01  9.996e-01  9.995e-01  9.994e-01  9.993e-01  9.992e-01  9.990e-01  9.989e-01  9.987e-01  9.982e-01  9.982e-01  9.979e-01  9.976e-01  9.972e-01  9.967e-01  9.962e-01  9.952e-01  9.939e-01  9.939e-01  9.926e-01  9.911e-01  9.899e-01  9.883e-01  9.861e-01  9.833e-01  9.798e-01  9.771e-01  9.719e-01  9.671e-01  9.577e-01  9.517e-01  9.381e-01  9.243e-01  9.058e-01  8.781e-01  8.313e-01  7.755e-01  6.746e-01  6.784e-01  9.607e-01  7.421e-01  5.866e-01  5.729e-01  6.124e-01 	
 9.998e-01  9.998e-01  9.997e-01  9.997e-01  9.997e-01  9.996e-01  9.995e-01  9.995e-01  9.994e-01  9.993e-01  9.992e-01  9.990e-01  9.989e-01  9.987e-01  9.984e-01  9.982e-01  9.978e-01  9.974e-01  9.971e-01  9.966e-01  9.958e-01  9.953e-01  9.946e-01  9.938e-01  9.922e-01  9.912e-01  9.898e-01  9.881e-01  9.855e-01  9.834e-01  9.808e-01  9.763e-01  9.725e-01  9.671e-01  9.598e-01  9.520e-01  9.426e-01  9.274e-01  9.143e-01  8.868e-01  8.558e-01  8.055e-01  7.362e-01  6.269e-01  6.753e-01  9.609e-01  7.447e-01  5.871e-01  5.647e-01  5.895e-01 	
