 4.533e-04  3.403e-04  4.494e-04  6.314e-04  8.877e-04  1.221e-03  1.634e-03  2.125e-03  2.687e-03  3.307e-03  3.982e-03  4.723e-03  5.541e-03  6.437e-03  7.408e-03  8.450e-03  9.560e-03  1.074e-02  1.199e-02  1.330e-02  1.469e-02  1.615e-02  1.767e-02  1.927e-02  2.094e-02  2.268e-02  2.448e-02  2.636e-02  2.830e-02  3.030e-02  3.237e-02  3.451e-02  3.670e-02  3.895e-02  4.125e-02  4.361e-02  4.602e-02  4.847e-02  5.096e-02  5.348e-02  5.602e-02  5.857e-02  6.110e-02  6.358e-02  6.597e-02  6.821e-02  7.023e-02  7.194e-02  7.322e-02  7.391e-02 	
 1.721e-04  1.424e-04  2.933e-04  5.226e-04  8.438e-04  1.264e-03  1.787e-03  2.397e-03  3.043e-03  3.642e-03  4.145e-03  4.644e-03  5.288e-03  6.117e-03  7.095e-03  8.186e-03  9.373e-03  1.065e-02  1.201e-02  1.346e-02  1.499e-02  1.662e-02  1.833e-02  2.013e-02  2.202e-02  2.400e-02  2.606e-02  2.821e-02  3.043e-02  3.274e-02  3.512e-02  3.757e-02  4.009e-02  4.267e-02  4.531e-02  4.801e-02  5.075e-02  5.354e-02  5.636e-02  5.921e-02  6.207e-02  6.492e-02  6.772e-02  7.044e-02  7.299e-02  7.526e-02  7.708e-02  7.817e-02  7.816e-02  7.648e-02 	
 9.846e-05  1.340e-04  3.563e-04  6.808e-04  1.131e-03  1.716e-03  2.423e-03  3.175e-03  3.791e-03  3.988e-03  3.400e-03  2.126e-03  1.440e-03  1.261e-03  1.305e-03  1.432e-03  1.587e-03  1.752e-03  1.922e-03  2.095e-03  2.271e-03  2.450e-03  2.632e-03  2.817e-03  3.005e-03  3.195e-03  3.387e-03  3.581e-03  3.776e-03  3.972e-03  4.168e-03  4.364e-03  4.559e-03  4.753e-03  4.946e-03  5.136e-03  5.325e-03  5.511e-03  5.695e-03  5.879e-03  6.067e-03  6.262e-03  6.478e-03  6.733e-03  7.061e-03  7.521e-03  8.207e-03  9.271e-03  1.095e-02  1.358e-02 	
 1.011e-04  1.998e-04  5.078e-04  9.561e-04  1.575e-03  2.360e-03  3.229e-03  3.954e-03  4.133e-03  3.190e-03  1.522e-03  5.654e-04  1.177e-04 -6.872e-05 -1.422e-04 -1.764e-04 -2.012e-04 -2.263e-04 -2.543e-04 -2.852e-04 -3.185e-04 -3.537e-04 -3.905e-04 -4.287e-04 -4.680e-04 -5.084e-04 -5.498e-04 -5.919e-04 -6.349e-04 -6.786e-04 -7.230e-04 -7.684e-04 -8.148e-04 -8.626e-04 -9.120e-04 -9.632e-04 -1.017e-03 -1.072e-03 -1.128e-03 -1.182e-03 -1.230e-03 -1.264e-03 -1.274e-03 -1.242e-03 -1.146e-03 -9.553e-04 -6.322e-04 -1.280e-04  6.203e-04  1.699e-03 	
 1.352e-04  3.021e-04  7.157e-04  1.326e-03  2.155e-03  3.125e-03  3.976e-03  4.231e-03  3.174e-03  1.406e-03  4.770e-04  6.972e-05 -8.081e-05 -1.255e-04 -1.347e-04 -1.355e-04 -1.364e-04 -1.392e-04 -1.435e-04 -1.487e-04 -1.543e-04 -1.600e-04 -1.655e-04 -1.708e-04 -1.757e-04 -1.804e-04 -1.847e-04 -1.887e-04 -1.925e-04 -1.961e-04 -1.997e-04 -2.034e-04 -2.076e-04 -2.125e-04 -2.187e-04 -2.267e-04 -2.371e-04 -2.502e-04 -2.664e-04 -2.853e-04 -3.059e-04 -3.257e-04 -3.407e-04 -3.441e-04 -3.262e-04 -2.731e-04 -1.660e-04  2.043e-05  3.204e-04  7.813e-04 	
 1.874e-04  4.363e-04  9.898e-04  1.811e-03  2.861e-03  3.863e-03  4.240e-03  3.071e-03  1.278e-03  4.153e-04  6.138e-05 -5.094e-05 -7.131e-05 -6.499e-05 -5.499e-05 -4.744e-05 -4.285e-05 -4.037e-05 -3.916e-05 -3.863e-05 -3.845e-05 -3.842e-05 -3.846e-05 -3.853e-05 -3.861e-05 -3.870e-05 -3.880e-05 -3.894e-05 -3.913e-05 -3.943e-05 -3.991e-05 -4.067e-05 -4.187e-05 -4.371e-05 -4.646e-05 -5.043e-05 -5.593e-05 -6.328e-05 -7.262e-05 -8.388e-05 -9.649e-05 -1.092e-04 -1.196e-04 -1.240e-04 -1.166e-04 -8.901e-05 -2.979e-05  7.698e-05  2.531e-04  5.291e-04 	
 2.573e-04  6.123e-04  1.354e-03  2.424e-03  3.598e-03  4.226e-03  3.158e-03  1.218e-03  3.602e-04  3.799e-05 -4.900e-05 -5.615e-05 -4.427e-05 -3.235e-05 -2.429e-05 -1.965e-05 -1.722e-05 -1.607e-05 -1.560e-05 -1.548e-05 -1.555e-05 -1.573e-05 -1.596e-05 -1.624e-05 -1.656e-05 -1.692e-05 -1.731e-05 -1.775e-05 -1.825e-05 -1.883e-05 -1.955e-05 -2.045e-05 -2.165e-05 -2.326e-05 -2.544e-05 -2.840e-05 -3.234e-05 -3.744e-05 -4.381e-05 -5.137e-05 -5.974e-05 -6.805e-05 -7.472e-05 -7.714e-05 -7.139e-05 -5.174e-05 -1.018e-05  6.437e-05  1.872e-04  3.799e-04 	
 3.498e-04  8.464e-04  1.828e-03  3.116e-03  4.105e-03  3.484e-03  1.272e-03  3.488e-04  2.475e-05 -5.084e-05 -5.091e-05 -3.662e-05 -2.460e-05 -1.714e-05 -1.311e-05 -1.113e-05 -1.024e-05 -9.901e-06 -9.833e-06 -9.898e-06 -1.003e-05 -1.020e-05 -1.041e-05 -1.063e-05 -1.088e-05 -1.115e-05 -1.145e-05 -1.178e-05 -1.215e-05 -1.259e-05 -1.312e-05 -1.380e-05 -1.469e-05 -1.588e-05 -1.749e-05 -1.967e-05 -2.256e-05 -2.630e-05 -3.095e-05 -3.646e-05 -4.254e-05 -4.854e-05 -5.328e-05 -5.483e-05 -5.024e-05 -3.525e-05 -3.836e-06  5.232e-05  1.448e-04  2.897e-04 	
 4.728e-04  1.156e-03  2.404e-03  3.721e-03  3.861e-03  1.440e-03  3.851e-04  2.534e-05 -5.074e-05 -4.759e-05 -3.208e-05 -2.023e-05 -1.335e-05 -9.831e-06 -8.158e-06 -7.413e-06 -7.108e-06 -7.007e-06 -7.001e-06 -7.046e-06 -7.120e-06 -7.218e-06 -7.336e-06 -7.473e-06 -7.629e-06 -7.807e-06 -8.009e-06 -8.240e-06 -8.509e-06 -8.832e-06 -9.233e-06 -9.749e-06 -1.043e-05 -1.136e-05 -1.262e-05 -1.432e-05 -1.657e-05 -1.948e-05 -2.311e-05 -2.739e-05 -3.212e-05 -3.676e-05 -4.040e-05 -4.152e-05 -3.778e-05 -2.584e-05 -9.485e-07  4.348e-05  1.166e-04  2.312e-04 	
 6.357e-04  1.554e-03  3.025e-03  3.956e-03  1.841e-03  4.805e-04  4.025e-05 -4.921e-05 -4.564e-05 -2.923e-05 -1.740e-05 -1.091e-05 -7.749e-06 -6.300e-06 -5.658e-06 -5.377e-06 -5.256e-06 -5.210e-06 -5.204e-06 -5.224e-06 -5.265e-06 -5.326e-06 -5.404e-06 -5.501e-06 -5.615e-06 -5.749e-06 -5.905e-06 -6.085e-06 -6.299e-06 -6.558e-06 -6.882e-06 -7.301e-06 -7.858e-06 -8.612e-06 -9.636e-06 -1.102e-05 -1.285e-05 -1.522e-05 -1.816e-05 -2.164e-05 -2.546e-05 -2.922e-05 -3.214e-05 -3.299e-05 -2.987e-05 -2.004e-05  3.920e-07  3.680e-05  9.668e-05  1.906e-04 	
 8.486e-04  2.037e-03  3.573e-03  3.062e-03  7.232e-04  8.717e-05 -4.501e-05 -4.527e-05 -2.795e-05 -1.575e-05 -9.361e-06 -6.397e-06 -5.093e-06 -4.521e-06 -4.260e-06 -4.131e-06 -4.064e-06 -4.031e-06 -4.022e-06 -4.033e-06 -4.061e-06 -4.107e-06 -4.168e-06 -4.245e-06 -4.339e-06 -4.449e-06 -4.577e-06 -4.727e-06 -4.906e-06 -5.122e-06 -5.394e-06 -5.745e-06 -6.213e-06 -6.844e-06 -7.702e-06 -8.860e-06 -1.039e-05 -1.237e-05 -1.483e-05 -1.773e-05 -2.092e-05 -2.405e-05 -2.647e-05 -2.714e-05 -2.448e-05 -1.618e-05  1.028e-06  3.167e-05  8.203e-05  1.610e-04 	
 1.119e-03  2.576e-03  3.808e-03  1.233e-03  2.213e-04 -3.039e-05 -4.614e-05 -2.836e-05 -1.515e-05 -8.482e-06 -5.536e-06 -4.295e-06 -3.763e-06 -3.513e-06 -3.379e-06 -3.298e-06 -3.249e-06 -3.222e-06 -3.214e-06 -3.223e-06 -3.247e-06 -3.286e-06 -3.338e-06 -3.404e-06 -3.484e-06 -3.578e-06 -3.687e-06 -3.816e-06 -3.969e-06 -4.154e-06 -4.387e-06 -4.688e-06 -5.088e-06 -5.629e-06 -6.364e-06 -7.354e-06 -8.665e-06 -1.036e-05 -1.246e-05 -1.493e-05 -1.765e-05 -2.031e-05 -2.237e-05 -2.292e-05 -2.062e-05 -1.346e-05  1.326e-06  2.764e-05  7.088e-05  1.386e-04 	
 1.450e-03  3.129e-03  2.879e-03  4.914e-04  1.291e-05 -4.648e-05 -3.072e-05 -1.572e-05 -8.207e-06 -5.039e-06 -3.770e-06 -3.244e-06 -2.995e-06 -2.855e-06 -2.764e-06 -2.704e-06 -2.665e-06 -2.644e-06 -2.640e-06 -2.649e-06 -2.672e-06 -2.706e-06 -2.753e-06 -2.811e-06 -2.881e-06 -2.963e-06 -3.059e-06 -3.171e-06 -3.305e-06 -3.467e-06 -3.670e-06 -3.932e-06 -4.281e-06 -4.752e-06 -5.391e-06 -6.252e-06 -7.393e-06 -8.863e-06 -1.069e-05 -1.284e-05 -1.520e-05 -1.751e-05 -1.929e-05 -1.976e-05 -1.772e-05 -1.147e-05  1.453e-06  2.442e-05  6.216e-05  1.213e-04 	
 1.834e-03  3.592e-03  1.130e-03  1.539e-04 -4.052e-05 -3.531e-05 -1.778e-05 -8.600e-06 -4.862e-06 -3.446e-06 -2.886e-06 -2.627e-06 -2.479e-06 -2.380e-06 -2.310e-06 -2.262e-06 -2.232e-06 -2.218e-06 -2.217e-06 -2.228e-06 -2.249e-06 -2.282e-06 -2.324e-06 -2.376e-06 -2.439e-06 -2.512e-06 -2.597e-06 -2.697e-06 -2.815e-06 -2.958e-06 -3.138e-06 -3.370e-06 -3.678e-06 -4.094e-06 -4.658e-06 -5.418e-06 -6.424e-06 -7.721e-06 -9.329e-06 -1.123e-05 -1.331e-05 -1.534e-05 -1.690e-05 -1.730e-05 -1.549e-05 -9.947e-06  1.489e-06  2.181e-05  5.519e-05  1.075e-04 	
 2.247e-03  3.559e-03  4.645e-04  3.514e-06 -4.065e-05 -2.197e-05 -9.903e-06 -5.037e-06 -3.292e-06 -2.648e-06 -2.365e-06 -2.205e-06 -2.096e-06 -2.019e-06 -1.963e-06 -1.926e-06 -1.904e-06 -1.895e-06 -1.897e-06 -1.909e-06 -1.930e-06 -1.961e-06 -1.999e-06 -2.047e-06 -2.103e-06 -2.169e-06 -2.246e-06 -2.336e-06 -2.441e-06 -2.570e-06 -2.730e-06 -2.938e-06 -3.213e-06 -3.585e-06 -4.088e-06 -4.767e-06 -5.665e-06 -6.822e-06 -8.258e-06 -9.950e-06 -1.181e-05 -1.362e-05 -1.500e-05 -1.535e-05 -1.373e-05 -8.759e-06  1.478e-06  1.966e-05  4.952e-05  9.629e-05 	
 2.627e-03  1.883e-03  1.941e-04 -3.802e-05 -2.898e-05 -1.268e-05 -5.714e-06 -3.325e-06 -2.511e-06 -2.182e-06 -2.005e-06 -1.886e-06 -1.800e-06 -1.738e-06 -1.694e-06 -1.666e-06 -1.650e-06 -1.645e-06 -1.649e-06 -1.662e-06 -1.683e-06 -1.712e-06 -1.748e-06 -1.791e-06 -1.843e-06 -1.903e-06 -1.973e-06 -2.054e-06 -2.150e-06 -2.266e-06 -2.411e-06 -2.598e-06 -2.846e-06 -3.182e-06 -3.636e-06 -4.248e-06 -5.058e-06 -6.101e-06 -7.394e-06 -8.919e-06 -1.059e-05 -1.222e-05 -1.347e-05 -1.378e-05 -1.230e-05 -7.808e-06  1.441e-06  1.786e-05  4.483e-05  8.707e-05 	
 2.803e-03  6.588e-04  5.437e-05 -3.687e-05 -1.806e-05 -7.292e-06 -3.626e-06 -2.479e-06 -2.066e-06 -1.863e-06 -1.731e-06 -1.636e-06 -1.566e-06 -1.516e-06 -1.482e-06 -1.461e-06 -1.450e-06 -1.448e-06 -1.454e-06 -1.467e-06 -1.487e-06 -1.514e-06 -1.548e-06 -1.588e-06 -1.636e-06 -1.691e-06 -1.755e-06 -1.829e-06 -1.916e-06 -2.022e-06 -2.154e-06 -2.325e-06 -2.551e-06 -2.856e-06 -3.269e-06 -3.826e-06 -4.562e-06 -5.510e-06 -6.686e-06 -8.072e-06 -9.591e-06 -1.107e-05 -1.220e-05 -1.248e-05 -1.113e-05 -7.035e-06  1.392e-06  1.635e-05  4.090e-05  7.937e-05 	
 2.366e-03  2.208e-04 -1.046e-05 -2.632e-05 -1.065e-05 -4.435e-06 -2.593e-06 -2.016e-06 -1.769e-06 -1.620e-06 -1.514e-06 -1.436e-06 -1.380e-06 -1.340e-06 -1.313e-06 -1.297e-06 -1.289e-06 -1.290e-06 -1.297e-06 -1.310e-06 -1.330e-06 -1.355e-06 -1.387e-06 -1.424e-06 -1.468e-06 -1.519e-06 -1.578e-06 -1.646e-06 -1.727e-06 -1.824e-06 -1.945e-06 -2.101e-06 -2.309e-06 -2.588e-06 -2.967e-06 -3.477e-06 -4.151e-06 -5.020e-06 -6.097e-06 -7.366e-06 -8.757e-06 -1.011e-05 -1.115e-05 -1.140e-05 -1.016e-05 -6.395e-06  1.338e-06  1.506e-05  3.758e-05  7.286e-05 	
 7.941e-04  6.598e-05 -2.820e-05 -1.674e-05 -6.285e-06 -2.978e-06 -2.051e-06 -1.723e-06 -1.548e-06 -1.428e-06 -1.340e-06 -1.275e-06 -1.229e-06 -1.197e-06 -1.176e-06 -1.164e-06 -1.159e-06 -1.161e-06 -1.169e-06 -1.182e-06 -1.201e-06 -1.225e-06 -1.255e-06 -1.290e-06 -1.331e-06 -1.378e-06 -1.433e-06 -1.496e-06 -1.570e-06 -1.660e-06 -1.772e-06 -1.916e-06 -2.107e-06 -2.365e-06 -2.714e-06 -3.185e-06 -3.807e-06 -4.608e-06 -5.601e-06 -6.771e-06 -8.053e-06 -9.301e-06 -1.025e-05 -1.048e-05 -9.333e-06 -5.858e-06  1.282e-06  1.395e-05  3.474e-05  6.731e-05 	
 2.538e-04  7.170e-06 -2.528e-05 -1.009e-05 -3.918e-06 -2.228e-06 -1.731e-06 -1.511e-06 -1.372e-06 -1.271e-06 -1.198e-06 -1.145e-06 -1.107e-06 -1.080e-06 -1.064e-06 -1.054e-06 -1.052e-06 -1.055e-06 -1.063e-06 -1.076e-06 -1.094e-06 -1.117e-06 -1.145e-06 -1.178e-06 -1.216e-06 -1.260e-06 -1.311e-06 -1.370e-06 -1.439e-06 -1.522e-06 -1.626e-06 -1.760e-06 -1.938e-06 -2.177e-06 -2.501e-06 -2.937e-06 -3.514e-06 -4.257e-06 -5.178e-06 -6.264e-06 -7.452e-06 -8.610e-06 -9.492e-06 -9.701e-06 -8.632e-06 -5.404e-06  1.227e-06  1.299e-05  3.230e-05  6.253e-05 	
 7.361e-05 -1.494e-05 -1.757e-05 -6.045e-06 -2.687e-06 -1.819e-06 -1.515e-06 -1.346e-06 -1.229e-06 -1.144e-06 -1.082e-06 -1.037e-06 -1.006e-06 -9.841e-07 -9.705e-07 -9.634e-07 -9.621e-07 -9.658e-07 -9.743e-07 -9.872e-07 -1.005e-06 -1.026e-06 -1.053e-06 -1.084e-06 -1.120e-06 -1.161e-06 -1.209e-06 -1.264e-06 -1.328e-06 -1.406e-06 -1.503e-06 -1.628e-06 -1.794e-06 -2.017e-06 -2.319e-06 -2.726e-06 -3.264e-06 -3.957e-06 -4.815e-06 -5.827e-06 -6.935e-06 -8.014e-06 -8.836e-06 -9.029e-06 -8.030e-06 -5.015e-06  1.176e-06  1.216e-05  3.017e-05  5.839e-05 	
 1.745e-05 -2.074e-05 -1.103e-05 -3.804e-06 -2.054e-06 -1.571e-06 -1.353e-06 -1.213e-06 -1.112e-06 -1.039e-06 -9.865e-07 -9.487e-07 -9.219e-07 -9.038e-07 -8.926e-07 -8.872e-07 -8.869e-07 -8.911e-07 -8.996e-07 -9.122e-07 -9.289e-07 -9.497e-07 -9.746e-07 -1.004e-06 -1.038e-06 -1.077e-06 -1.121e-06 -1.173e-06 -1.233e-06 -1.306e-06 -1.397e-06 -1.515e-06 -1.670e-06 -1.879e-06 -2.162e-06 -2.543e-06 -3.047e-06 -3.696e-06 -4.501e-06 -5.449e-06 -6.487e-06 -7.497e-06 -8.266e-06 -8.446e-06 -7.507e-06 -4.679e-06  1.127e-06  1.142e-05  2.832e-05  5.478e-05 	
 2.538e-06 -1.961e-05 -6.751e-06 -2.636e-06 -1.714e-06 -1.402e-06 -1.225e-06 -1.103e-06 -1.016e-06 -9.528e-07 -9.074e-07 -8.747e-07 -8.517e-07 -8.363e-07 -8.269e-07 -8.228e-07 -8.231e-07 -8.277e-07 -8.361e-07 -8.483e-07 -8.643e-07 -8.841e-07 -9.077e-07 -9.355e-07 -9.675e-07 -1.004e-06 -1.046e-06 -1.095e-06 -1.152e-06 -1.221e-06 -1.306e-06 -1.416e-06 -1.562e-06 -1.759e-06 -2.026e-06 -2.384e-06 -2.859e-06 -3.470e-06 -4.227e-06 -5.119e-06 -6.096e-06 -7.046e-06 -7.769e-06 -7.937e-06 -7.051e-06 -4.386e-06  1.082e-06  1.078e-05  2.669e-05  5.161e-05 	
 2.684e-07 -1.639e-05 -4.273e-06 -2.040e-06 -1.512e-06 -1.274e-06 -1.120e-06 -1.013e-06 -9.360e-07 -8.810e-07 -8.412e-07 -8.126e-07 -7.925e-07 -7.791e-07 -7.711e-07 -7.678e-07 -7.687e-07 -7.734e-07 -7.817e-07 -7.935e-07 -8.088e-07 -8.276e-07 -8.501e-07 -8.764e-07 -9.067e-07 -9.414e-07 -9.811e-07 -1.027e-06 -1.081e-06 -1.146e-06 -1.227e-06 -1.331e-06 -1.469e-06 -1.654e-06 -1.906e-06 -2.245e-06 -2.693e-06 -3.270e-06 -3.986e-06 -4.829e-06 -5.751e-06 -6.649e-06 -7.332e-06 -7.489e-06 -6.651e-06 -4.130e-06  1.042e-06  1.021e-05  2.526e-05  4.882e-05 	
 1.168e-06 -1.325e-05 -2.936e-06 -1.724e-06 -1.375e-06 -1.172e-06 -1.034e-06 -9.380e-07 -8.699e-07 -8.210e-07 -7.856e-07 -7.601e-07 -7.421e-07 -7.302e-07 -7.232e-07 -7.206e-07 -7.218e-07 -7.265e-07 -7.345e-07 -7.458e-07 -7.604e-07 -7.784e-07 -7.997e-07 -8.246e-07 -8.533e-07 -8.862e-07 -9.238e-07 -9.672e-07 -1.018e-06 -1.080e-06 -1.156e-06 -1.255e-06 -1.385e-06 -1.561e-06 -1.800e-06 -2.121e-06 -2.546e-06 -3.093e-06 -3.772e-06 -4.571e-06 -5.446e-06 -6.297e-06 -6.943e-06 -7.092e-06 -6.295e-06 -3.900e-06  1.010e-06  9.715e-06  2.399e-05  4.636e-05 	
 2.388e-06 -1.086e-05 -2.244e-06 -1.542e-06 -1.271e-06 -1.089e-06 -9.631e-07 -8.762e-07 -8.148e-07 -7.705e-07 -7.384e-07 -7.151e-07 -6.987e-07 -6.879e-07 -6.815e-07 -6.792e-07 -6.804e-07 -6.848e-07 -6.924e-07 -7.030e-07 -7.167e-07 -7.335e-07 -7.535e-07 -7.769e-07 -8.038e-07 -8.346e-07 -8.699e-07 -9.107e-07 -9.586e-07 -1.016e-06 -1.089e-06 -1.182e-06 -1.305e-06 -1.472e-06 -1.698e-06 -2.003e-06 -2.407e-06 -2.927e-06 -3.571e-06 -4.331e-06 -5.163e-06 -5.971e-06 -6.585e-06 -6.725e-06 -5.964e-06 -3.682e-06  9.969e-07  9.290e-06  2.289e-05  4.419e-05 	
 3.269e-06 -9.229e-06 -1.890e-06 -1.423e-06 -1.188e-06 -1.020e-06 -9.044e-07 -8.249e-07 -7.685e-07 -7.278e-07 -6.981e-07 -6.765e-07 -6.611e-07 -6.508e-07 -6.448e-07 -6.423e-07 -6.431e-07 -6.470e-07 -6.537e-07 -6.632e-07 -6.756e-07 -6.908e-07 -7.089e-07 -7.302e-07 -7.547e-07 -7.829e-07 -8.152e-07 -8.526e-07 -8.967e-07 -9.502e-07 -1.017e-06 -1.104e-06 -1.220e-06 -1.377e-06 -1.590e-06 -1.879e-06 -2.262e-06 -2.755e-06 -3.368e-06 -4.090e-06 -4.881e-06 -5.650e-06 -6.233e-06 -6.362e-06 -5.630e-06 -3.445e-06  1.029e-06  8.956e-06  2.196e-05  4.231e-05 	
 3.795e-06 -8.178e-06 -1.704e-06 -1.337e-06 -1.121e-06 -9.635e-07 -8.564e-07 -7.826e-07 -7.304e-07 -6.925e-07 -6.649e-07 -6.448e-07 -6.306e-07 -6.212e-07 -6.157e-07 -6.137e-07 -6.149e-07 -6.189e-07 -6.257e-07 -6.353e-07 -6.475e-07 -6.626e-07 -6.805e-07 -7.014e-07 -7.255e-07 -7.532e-07 -7.848e-07 -8.214e-07 -8.645e-07 -9.166e-07 -9.818e-07 -1.066e-06 -1.178e-06 -1.330e-06 -1.536e-06 -1.814e-06 -2.182e-06 -2.657e-06 -3.245e-06 -3.939e-06 -4.699e-06 -5.438e-06 -5.998e-06 -6.123e-06 -5.423e-06 -3.329e-06  9.597e-07  8.560e-06  2.102e-05  4.054e-05 	
 4.083e-06 -7.513e-06 -1.598e-06 -1.271e-06 -1.067e-06 -9.177e-07 -8.170e-07 -7.478e-07 -6.987e-07 -6.630e-07 -6.370e-07 -6.181e-07 -6.048e-07 -5.960e-07 -5.910e-07 -5.894e-07 -5.908e-07 -5.950e-07 -6.018e-07 -6.113e-07 -6.234e-07 -6.383e-07 -6.559e-07 -6.764e-07 -7.001e-07 -7.271e-07 -7.581e-07 -7.938e-07 -8.359e-07 -8.866e-07 -9.499e-07 -1.032e-06 -1.140e-06 -1.287e-06 -1.486e-06 -1.754e-06 -2.109e-06 -2.566e-06 -3.134e-06 -3.802e-06 -4.534e-06 -5.245e-06 -5.785e-06 -5.907e-06 -5.234e-06 -3.221e-06  9.039e-07  8.214e-06  2.020e-05  3.898e-05 	
 4.242e-06 -7.095e-06 -1.530e-06 -1.219e-06 -1.023e-06 -8.807e-07 -7.850e-07 -7.191e-07 -6.723e-07 -6.382e-07 -6.133e-07 -5.953e-07 -5.825e-07 -5.742e-07 -5.694e-07 -5.679e-07 -5.693e-07 -5.733e-07 -5.799e-07 -5.891e-07 -6.008e-07 -6.151e-07 -6.320e-07 -6.518e-07 -6.746e-07 -7.007e-07 -7.305e-07 -7.650e-07 -8.055e-07 -8.544e-07 -9.155e-07 -9.943e-07 -1.099e-06 -1.240e-06 -1.432e-06 -1.691e-06 -2.033e-06 -2.475e-06 -3.022e-06 -3.667e-06 -4.372e-06 -5.058e-06 -5.579e-06 -5.696e-06 -5.047e-06 -3.104e-06  8.755e-07  7.928e-06  1.950e-05  3.761e-05 	
 4.342e-06 -6.834e-06 -1.483e-06 -1.179e-06 -9.880e-07 -8.513e-07 -7.592e-07 -6.957e-07 -6.506e-07 -6.177e-07 -5.936e-07 -5.760e-07 -5.636e-07 -5.554e-07 -5.507e-07 -5.491e-07 -5.503e-07 -5.540e-07 -5.602e-07 -5.689e-07 -5.800e-07 -5.936e-07 -6.097e-07 -6.286e-07 -6.503e-07 -6.752e-07 -7.037e-07 -7.366e-07 -7.754e-07 -8.222e-07 -8.808e-07 -9.565e-07 -1.057e-06 -1.193e-06 -1.378e-06 -1.628e-06 -1.959e-06 -2.385e-06 -2.913e-06 -3.536e-06 -4.218e-06 -4.881e-06 -5.384e-06 -5.496e-06 -4.866e-06 -2.985e-06  8.683e-07  7.695e-06  1.889e-05  3.642e-05 	
 4.423e-06 -6.677e-06 -1.449e-06 -1.148e-06 -9.614e-07 -8.284e-07 -7.388e-07 -6.770e-07 -6.328e-07 -6.006e-07 -5.769e-07 -5.596e-07 -5.472e-07 -5.389e-07 -5.340e-07 -5.321e-07 -5.328e-07 -5.360e-07 -5.416e-07 -5.496e-07 -5.598e-07 -5.724e-07 -5.875e-07 -6.052e-07 -6.256e-07 -6.491e-07 -6.760e-07 -7.071e-07 -7.439e-07 -7.884e-07 -8.443e-07 -9.167e-07 -1.013e-06 -1.144e-06 -1.323e-06 -1.564e-06 -1.883e-06 -2.295e-06 -2.807e-06 -3.410e-06 -4.070e-06 -4.711e-06 -5.196e-06 -5.302e-06 -4.688e-06 -2.857e-06  8.875e-07  7.520e-06  1.840e-05  3.542e-05 	
 4.507e-06 -6.593e-06 -1.425e-06 -1.125e-06 -9.420e-07 -8.112e-07 -7.229e-07 -6.616e-07 -6.176e-07 -5.852e-07 -5.610e-07 -5.428e-07 -5.294e-07 -5.198e-07 -5.133e-07 -5.095e-07 -5.082e-07 -5.090e-07 -5.120e-07 -5.169e-07 -5.239e-07 -5.330e-07 -5.442e-07 -5.576e-07 -5.734e-07 -5.918e-07 -6.133e-07 -6.385e-07 -6.689e-07 -7.066e-07 -7.549e-07 -8.189e-07 -9.061e-07 -1.026e-06 -1.192e-06 -1.419e-06 -1.721e-06 -2.113e-06 -2.602e-06 -3.179e-06 -3.810e-06 -4.424e-06 -4.884e-06 -4.975e-06 -4.365e-06 -2.570e-06  1.090e-06  7.562e-06  1.817e-05  3.476e-05 	
 4.602e-06 -6.569e-06 -1.410e-06 -1.111e-06 -9.291e-07 -7.990e-07 -7.106e-07 -6.487e-07 -6.036e-07 -5.695e-07 -5.431e-07 -5.223e-07 -5.057e-07 -4.922e-07 -4.812e-07 -4.723e-07 -4.650e-07 -4.592e-07 -4.546e-07 -4.512e-07 -4.489e-07 -4.477e-07 -4.475e-07 -4.485e-07 -4.508e-07 -4.545e-07 -4.601e-07 -4.681e-07 -4.798e-07 -4.973e-07 -5.239e-07 -5.644e-07 -6.260e-07 -7.184e-07 -8.537e-07 -1.046e-06 -1.312e-06 -1.663e-06 -2.106e-06 -2.634e-06 -3.214e-06 -3.774e-06 -4.184e-06 -4.232e-06 -3.595e-06 -1.803e-06  1.805e-06  8.153e-06  1.852e-05  3.472e-05 	
 4.714e-06 -6.595e-06 -1.404e-06 -1.105e-06 -9.231e-07 -7.925e-07 -7.034e-07 -6.405e-07 -5.941e-07 -5.584e-07 -5.301e-07 -5.070e-07 -4.877e-07 -4.712e-07 -4.567e-07 -4.438e-07 -4.320e-07 -4.212e-07 -4.111e-07 -4.015e-07 -3.924e-07 -3.838e-07 -3.755e-07 -3.678e-07 -3.605e-07 -3.539e-07 -3.483e-07 -3.443e-07 -3.432e-07 -3.468e-07 -3.584e-07 -3.828e-07 -4.268e-07 -4.999e-07 -6.141e-07 -7.834e-07 -1.023e-06 -1.345e-06 -1.756e-06 -2.249e-06 -2.792e-06 -3.313e-06 -3.687e-06 -3.705e-06 -3.052e-06 -1.267e-06  2.299e-06  8.549e-06  1.874e-05  3.464e-05 	
 4.842e-06 -6.671e-06 -1.409e-06 -1.108e-06 -9.239e-07 -7.916e-07 -7.008e-07 -6.362e-07 -5.878e-07 -5.499e-07 -5.191e-07 -4.931e-07 -4.704e-07 -4.501e-07 -4.313e-07 -4.135e-07 -3.963e-07 -3.793e-07 -3.624e-07 -3.453e-07 -3.279e-07 -3.102e-07 -2.920e-07 -2.735e-07 -2.544e-07 -2.351e-07 -2.158e-07 -1.971e-07 -1.800e-07 -1.665e-07 -1.597e-07 -1.642e-07 -1.868e-07 -2.367e-07 -3.255e-07 -4.671e-07 -6.760e-07 -9.648e-07 -1.340e-06 -1.793e-06 -2.293e-06 -2.772e-06 -3.103e-06 -3.083e-06 -2.402e-06 -6.076e-07  2.937e-06  9.120e-06  1.917e-05  3.484e-05 	
 4.989e-06 -6.796e-06 -1.423e-06 -1.119e-06 -9.319e-07 -7.963e-07 -7.025e-07 -6.349e-07 -5.833e-07 -5.420e-07 -5.071e-07 -4.766e-07 -4.488e-07 -4.226e-07 -3.972e-07 -3.719e-07 -3.463e-07 -3.200e-07 -2.927e-07 -2.642e-07 -2.343e-07 -2.028e-07 -1.696e-07 -1.347e-07 -9.796e-08 -5.948e-08 -1.949e-08  2.150e-08  6.246e-08  1.016e-07  1.359e-07  1.609e-07  1.699e-07  1.540e-07  1.017e-07 -4.009e-10 -1.667e-07 -4.094e-07 -7.345e-07 -1.135e-06 -1.579e-06 -1.999e-06 -2.272e-06 -2.196e-06 -1.467e-06  3.602e-07  3.913e-06  1.006e-05  2.003e-05  3.552e-05 	
 5.151e-06 -6.977e-06 -1.449e-06 -1.140e-06 -9.480e-07 -8.074e-07 -7.090e-07 -6.370e-07 -5.807e-07 -5.341e-07 -4.933e-07 -4.559e-07 -4.203e-07 -3.853e-07 -3.498e-07 -3.132e-07 -2.748e-07 -2.343e-07 -1.912e-07 -1.452e-07 -9.609e-08 -4.353e-08  1.264e-08  7.259e-08  1.364e-07  2.042e-07  2.758e-07  3.508e-07  4.282e-07  5.064e-07  5.825e-07  6.521e-07  7.087e-07  7.437e-07  7.458e-07  7.017e-07  5.975e-07  4.209e-07  1.663e-07 -1.592e-07 -5.252e-07 -8.644e-07 -1.056e-06 -9.013e-07 -9.991e-08  1.787e-06  5.377e-06  1.153e-05  2.145e-05  3.682e-05 	
 5.324e-06 -7.226e-06 -1.490e-06 -1.173e-06 -9.743e-07 -8.273e-07 -7.234e-07 -6.460e-07 -5.843e-07 -5.317e-07 -4.843e-07 -4.394e-07 -3.951e-07 -3.501e-07 -3.032e-07 -2.536e-07 -2.007e-07 -1.437e-07 -8.210e-08 -1.553e-08  5.646e-08  1.342e-07  2.182e-07  3.085e-07  4.055e-07  5.094e-07  6.202e-07  7.375e-07  8.605e-07  9.878e-07  1.117e-06  1.243e-06  1.360e-06  1.460e-06  1.531e-06  1.560e-06  1.534e-06  1.441e-06  1.275e-06  1.043e-06  7.751e-07  5.379e-07  4.513e-07  7.104e-07  1.612e-06  3.588e-06  7.246e-06  1.343e-05  2.332e-05  3.857e-05 	
 5.496e-06 -7.565e-06 -1.549e-06 -1.222e-06 -1.015e-06 -8.615e-07 -7.527e-07 -6.720e-07 -6.080e-07 -5.539e-07 -5.057e-07 -4.607e-07 -4.168e-07 -3.728e-07 -3.276e-07 -2.804e-07 -2.303e-07 -1.770e-07 -1.198e-07 -5.839e-08  7.600e-09  7.851e-08  1.546e-07  2.362e-07  3.234e-07  4.164e-07  5.151e-07  6.191e-07  7.277e-07  8.392e-07  9.509e-07  1.058e-06  1.156e-06  1.234e-06  1.281e-06  1.286e-06  1.233e-06  1.112e-06  9.156e-07  6.520e-07  3.514e-07  8.078e-08 -3.900e-08  1.891e-07  1.065e-06  3.025e-06  6.686e-06  1.290e-05  2.288e-05  3.829e-05 	
 5.645e-06 -8.031e-06 -1.636e-06 -1.289e-06 -1.071e-06 -9.075e-07 -7.913e-07 -7.043e-07 -6.348e-07 -5.755e-07 -5.222e-07 -4.720e-07 -4.226e-07 -3.728e-07 -3.212e-07 -2.669e-07 -2.091e-07 -1.473e-07 -8.080e-08 -9.145e-09  6.809e-08  1.513e-07  2.408e-07  3.370e-07  4.401e-07  5.503e-07  6.675e-07  7.916e-07  9.217e-07  1.056e-06  1.192e-06  1.326e-06  1.451e-06  1.559e-06  1.638e-06  1.675e-06  1.657e-06  1.571e-06  1.413e-06  1.189e-06  9.298e-07  7.037e-07  6.325e-07  9.144e-07  1.852e-06  3.883e-06  7.628e-06  1.395e-05  2.404e-05  3.961e-05 	
 5.731e-06 -8.691e-06 -1.776e-06 -1.383e-06 -1.146e-06 -9.688e-07 -8.412e-07 -7.440e-07 -6.644e-07 -5.949e-07 -5.307e-07 -4.685e-07 -4.060e-07 -3.414e-07 -2.734e-07 -2.007e-07 -1.226e-07 -3.809e-08  5.350e-08  1.528e-07  2.605e-07  3.770e-07  5.030e-07  6.387e-07  7.847e-07  9.413e-07  1.109e-06  1.287e-06  1.474e-06  1.671e-06  1.873e-06  2.077e-06  2.277e-06  2.463e-06  2.626e-06  2.751e-06  2.825e-06  2.836e-06  2.778e-06  2.660e-06  2.512e-06  2.402e-06  2.454e-06  2.868e-06  3.947e-06  6.135e-06  1.006e-05  1.658e-05  2.691e-05  4.275e-05 	
 5.696e-06 -9.658e-06 -2.026e-06 -1.530e-06 -1.254e-06 -1.054e-06 -9.089e-07 -7.965e-07 -7.021e-07 -6.171e-07 -5.361e-07 -4.554e-07 -3.722e-07 -2.845e-07 -1.906e-07 -8.903e-08  2.139e-08  1.417e-07  2.730e-07  4.161e-07  5.718e-07  7.409e-07  9.241e-07  1.122e-06  1.336e-06  1.565e-06  1.811e-06  2.074e-06  2.353e-06  2.646e-06  2.952e-06  3.266e-06  3.582e-06  3.892e-06  4.185e-06  4.448e-06  4.666e-06  4.829e-06  4.929e-06  4.977e-06  5.003e-06  5.076e-06  5.323e-06  5.945e-06  7.252e-06  9.692e-06  1.390e-05  2.075e-05  3.148e-05  4.780e-05 	
 5.482e-06 -1.110e-05 -2.518e-06 -1.801e-06 -1.434e-06 -1.186e-06 -1.009e-06 -8.714e-07 -7.537e-07 -6.451e-07 -5.388e-07 -4.301e-07 -3.158e-07 -1.930e-07 -5.976e-08  8.589e-08  2.456e-07  4.207e-07  6.127e-07  8.228e-07  1.052e-06  1.302e-06  1.573e-06  1.867e-06  2.185e-06  2.527e-06  2.894e-06  3.286e-06  3.705e-06  4.147e-06  4.612e-06  5.096e-06  5.592e-06  6.093e-06  6.587e-06  7.062e-06  7.503e-06  7.899e-06  8.245e-06  8.549e-06  8.844e-06  9.201e-06  9.748e-06  1.069e-05  1.235e-05  1.518e-05  1.983e-05  2.719e-05  3.852e-05  5.557e-05 	
 5.121e-06 -1.321e-05 -3.499e-06 -2.372e-06 -1.808e-06 -1.448e-06 -1.198e-06 -1.007e-06 -8.445e-07 -6.942e-07 -5.459e-07 -3.927e-07 -2.298e-07 -5.328e-08  1.399e-07  3.525e-07  5.867e-07  8.448e-07  1.129e-06  1.440e-06  1.781e-06  2.153e-06  2.557e-06  2.996e-06  3.470e-06  3.982e-06  4.532e-06  5.122e-06  5.751e-06  6.419e-06  7.125e-06  7.865e-06  8.634e-06  9.423e-06  1.022e-05  1.102e-05  1.180e-05  1.255e-05  1.326e-05  1.396e-05  1.466e-05  1.545e-05  1.645e-05  1.789e-05  2.008e-05  2.349e-05  2.880e-05  3.692e-05  4.914e-05  6.727e-05 	
 5.030e-06 -1.603e-05 -5.327e-06 -3.596e-06 -2.676e-06 -2.084e-06 -1.672e-06 -1.358e-06 -1.095e-06 -8.563e-07 -6.247e-07 -3.887e-07 -1.399e-07  1.279e-07  4.198e-07  7.402e-07  1.093e-06  1.481e-06  1.908e-06  2.377e-06  2.889e-06  3.449e-06  4.059e-06  4.720e-06  5.435e-06  6.207e-06  7.038e-06  7.929e-06  8.881e-06  9.896e-06  1.097e-05  1.210e-05  1.329e-05  1.452e-05  1.579e-05  1.707e-05  1.837e-05  1.967e-05  2.095e-05  2.224e-05  2.358e-05  2.502e-05  2.673e-05  2.891e-05  3.191e-05  3.621e-05  4.251e-05  5.176e-05  6.529e-05  8.496e-05 	
 6.845e-06 -1.883e-05 -8.098e-06 -5.862e-06 -4.525e-06 -3.601e-06 -2.919e-06 -2.378e-06 -1.918e-06 -1.501e-06 -1.101e-06 -7.004e-07 -2.865e-07  1.513e-07  6.216e-07  1.131e-06  1.687e-06  2.294e-06  2.958e-06  3.683e-06  4.474e-06  5.334e-06  6.269e-06  7.282e-06  8.376e-06  9.556e-06  1.083e-05  1.219e-05  1.364e-05  1.519e-05  1.684e-05  1.858e-05  2.041e-05  2.233e-05  2.431e-05  2.636e-05  2.846e-05  3.059e-05  3.276e-05  3.497e-05  3.727e-05  3.974e-05  4.252e-05  4.585e-05  5.008e-05  5.573e-05  6.352e-05  7.444e-05  8.990e-05  1.118e-04 	
 1.570e-05 -1.849e-05 -1.012e-05 -8.360e-06 -7.119e-06 -6.131e-06 -5.314e-06 -4.602e-06 -3.950e-06 -3.328e-06 -2.710e-06 -2.078e-06 -1.418e-06 -7.169e-07  3.598e-08  8.502e-07  1.734e-06  2.696e-06  3.744e-06  4.884e-06  6.123e-06  7.468e-06  8.924e-06  1.050e-05  1.220e-05  1.402e-05  1.599e-05  1.809e-05  2.034e-05  2.273e-05  2.527e-05  2.797e-05  3.080e-05  3.378e-05  3.689e-05  4.012e-05  4.345e-05  4.688e-05  5.041e-05  5.405e-05  5.784e-05  6.188e-05  6.633e-05  7.144e-05  7.758e-05  8.532e-05  9.541e-05  1.089e-04  1.273e-04  1.527e-04 	
 4.643e-05 -5.571e-06 -3.639e-06 -4.625e-06 -5.084e-06 -5.218e-06 -5.162e-06 -4.973e-06 -4.676e-06 -4.280e-06 -3.787e-06 -3.196e-06 -2.501e-06 -1.697e-06 -7.773e-07  2.656e-07  1.439e-06  2.752e-06  4.210e-06  5.824e-06  7.600e-06  9.546e-06  1.167e-05  1.398e-05  1.649e-05  1.920e-05  2.211e-05  2.525e-05  2.861e-05  3.219e-05  3.601e-05  4.005e-05  4.433e-05  4.884e-05  5.356e-05  5.849e-05  6.363e-05  6.896e-05  7.449e-05  8.024e-05  8.628e-05  9.273e-05  9.977e-05  1.077e-04  1.170e-04  1.282e-04  1.423e-04  1.603e-04  1.840e-04  2.155e-04 	
 1.411e-04  4.515e-05  3.446e-05  2.785e-05  2.385e-05  2.125e-05  1.950e-05  1.833e-05  1.759e-05  1.720e-05  1.712e-05  1.730e-05  1.775e-05  1.844e-05  1.937e-05  2.055e-05  2.197e-05  2.365e-05  2.559e-05  2.779e-05  3.027e-05  3.303e-05  3.608e-05  3.944e-05  4.311e-05  4.711e-05  5.144e-05  5.612e-05  6.115e-05  6.655e-05  7.233e-05  7.849e-05  8.503e-05  9.198e-05  9.932e-05  1.071e-04  1.152e-04  1.238e-04  1.329e-04  1.424e-04  1.526e-04  1.635e-04  1.753e-04  1.884e-04  2.032e-04  2.206e-04  2.416e-04  2.676e-04  3.010e-04  3.449e-04 	
