 1.088e+00  1.172e+00  1.265e+00  1.368e+00  1.482e+00  1.611e+00  1.757e+00  1.923e+00  2.116e+00  2.341e+00  2.601e+00  2.661e+00  2.564e+00  2.999e+00  4.006e+00  4.612e+00  3.904e+00  2.111e+00  1.075e+00  5.813e-01  3.352e-01  2.005e-01  1.226e-01  7.611e-02  4.768e-02  3.005e-02  1.903e-02  1.213e-02  7.763e-03  4.979e-03  3.196e-03  2.059e-03  1.328e-03  8.565e-04  5.520e-04  3.574e-04  2.313e-04  1.495e-04  9.654e-05  6.264e-05  4.059e-05  2.624e-05  1.693e-05  1.096e-05  7.089e-06  4.610e-06  3.160e-06  2.730e-06  4.175e-06  1.181e-05 	
 1.232e+00  1.329e+00  1.434e+00  1.551e+00  1.680e+00  1.824e+00  1.985e+00  2.166e+00  2.367e+00  2.584e+00  2.785e+00  2.855e+00  2.722e+00  2.739e+00  3.941e+00  4.808e+00  5.097e+00  4.128e+00  2.277e+00  1.165e+00  6.348e-01  3.664e-01  2.201e-01  1.351e-01  8.380e-02  5.250e-02  3.313e-02  2.101e-02  1.338e-02  8.556e-03  5.487e-03  3.522e-03  2.264e-03  1.457e-03  9.392e-04  6.054e-04  3.904e-04  2.519e-04  1.626e-04  1.048e-04  6.751e-05  4.343e-05  2.785e-05  1.773e-05  1.121e-05  7.033e-06  4.548e-06  3.591e-06  5.195e-06  1.520e-05 	
 1.368e+00  1.473e+00  1.587e+00  1.711e+00  1.846e+00  1.993e+00  2.151e+00  2.320e+00  2.493e+00  2.657e+00  2.785e+00  2.860e+00  2.790e+00  2.638e+00  2.891e+00  4.132e+00  4.677e+00  5.051e+00  4.603e+00  2.648e+00  1.369e+00  7.411e-01  4.251e-01  2.542e-01  1.554e-01  9.638e-02  6.037e-02  3.805e-02  2.411e-02  1.535e-02  9.810e-03  6.279e-03  4.027e-03  2.587e-03  1.665e-03  1.072e-03  6.905e-04  4.451e-04  2.870e-04  1.848e-04  1.189e-04  7.639e-05  4.888e-05  3.105e-05  1.953e-05  1.213e-05  7.647e-06  5.663e-06  7.248e-06  1.910e-05 	
 1.491e+00  1.601e+00  1.718e+00  1.843e+00  1.975e+00  2.114e+00  2.258e+00  2.402e+00  2.537e+00  2.653e+00  2.736e+00  2.786e+00  2.813e+00  2.635e+00  2.654e+00  2.968e+00  3.594e+00  4.566e+00  5.097e+00  4.843e+00  3.096e+00  1.623e+00  8.703e-01  4.956e-01  2.944e-01  1.795e-01  1.112e-01  6.952e-02  4.377e-02  2.772e-02  1.763e-02  1.125e-02  7.191e-03  4.609e-03  2.959e-03  1.903e-03  1.224e-03  7.881e-04  5.075e-04  3.266e-04  2.100e-04  1.348e-04  8.612e-05  5.466e-05  3.432e-05  2.122e-05  1.317e-05  9.246e-06  1.043e-05  2.397e-05 	
 1.599e+00  1.709e+00  1.825e+00  1.945e+00  2.070e+00  2.196e+00  2.320e+00  2.437e+00  2.540e+00  2.623e+00  2.679e+00  2.719e+00  2.763e+00  2.744e+00  2.488e+00  1.908e+00  2.675e+00  3.780e+00  4.625e+00  4.988e+00  4.957e+00  3.556e+00  1.916e+00  1.027e+00  5.791e-01  3.414e-01  2.074e-01  1.281e-01  7.998e-02  5.032e-02  3.182e-02  2.020e-02  1.286e-02  8.218e-03  5.262e-03  3.376e-03  2.169e-03  1.394e-03  8.965e-04  5.764e-04  3.703e-04  2.373e-04  1.515e-04  9.606e-05  6.027e-05  3.717e-05  2.282e-05  1.533e-05  1.535e-05  3.036e-05 	
 1.691e+00  1.798e+00  1.909e+00  2.022e+00  2.135e+00  2.246e+00  2.350e+00  2.445e+00  2.524e+00  2.585e+00  2.629e+00  2.673e+00  2.722e+00  2.775e+00  2.699e+00  2.115e+00  1.744e+00  2.576e+00  3.433e+00  4.368e+00  4.969e+00  5.109e+00  4.119e+00  2.289e+00  1.220e+00  6.788e-01  3.965e-01  2.398e-01  1.477e-01  9.209e-02  5.781e-02  3.648e-02  2.312e-02  1.471e-02  9.383e-03  6.004e-03  3.848e-03  2.469e-03  1.585e-03  1.018e-03  6.531e-04  4.181e-04  2.666e-04  1.689e-04  1.059e-04  6.527e-05  3.977e-05  2.577e-05  2.314e-05  3.907e-05 	
 1.767e+00  1.870e+00  1.974e+00  2.077e+00  2.178e+00  2.274e+00  2.361e+00  2.437e+00  2.499e+00  2.545e+00  2.579e+00  2.618e+00  2.693e+00  2.743e+00  2.871e+00  2.750e+00  2.054e+00  1.997e+00  2.619e+00  3.295e+00  4.534e+00  4.849e+00  5.112e+00  4.569e+00  2.723e+00  1.452e+00  7.970e-01  4.623e-01  2.779e-01  1.706e-01  1.060e-01  6.640e-02  4.181e-02  2.646e-02  1.681e-02  1.071e-02  6.846e-03  4.381e-03  2.807e-03  1.800e-03  1.153e-03  7.373e-04  4.696e-04  2.974e-04  1.865e-04  1.149e-04  6.965e-05  4.382e-05  3.570e-05  5.124e-05 	
 1.829e+00  1.926e+00  2.022e+00  2.115e+00  2.205e+00  2.287e+00  2.360e+00  2.421e+00  2.469e+00  2.505e+00  2.531e+00  2.560e+00  2.630e+00  2.752e+00  2.817e+00  3.169e+00  2.658e+00  2.306e+00  1.722e+00  2.350e+00  3.167e+00  4.053e+00  4.706e+00  5.060e+00  4.775e+00  3.202e+00  1.723e+00  9.434e-01  5.414e-01  3.228e-01  1.972e-01  1.221e-01  7.627e-02  4.793e-02  3.028e-02  1.921e-02  1.223e-02  7.801e-03  4.985e-03  3.189e-03  2.040e-03  1.302e-03  8.285e-04  5.242e-04  3.287e-04  2.025e-04  1.224e-04  7.522e-05  5.621e-05  6.865e-05 	
 1.877e+00  1.968e+00  2.056e+00  2.140e+00  2.219e+00  2.290e+00  2.351e+00  2.401e+00  2.440e+00  2.468e+00  2.490e+00  2.516e+00  2.553e+00  2.622e+00  2.669e+00  2.895e+00  2.857e+00  2.655e+00  2.204e+00  1.903e+00  2.218e+00  2.981e+00  4.119e+00  4.607e+00  5.033e+00  5.031e+00  3.771e+00  2.073e+00  1.126e+00  6.364e-01  3.753e-01  2.280e-01  1.406e-01  8.761e-02  5.495e-02  3.466e-02  2.195e-02  1.395e-02  8.883e-03  5.667e-03  3.617e-03  2.305e-03  1.464e-03  9.254e-04  5.801e-04  3.575e-04  2.157e-04  1.300e-04  9.011e-05  9.415e-05 	
 1.915e+00  1.999e+00  2.080e+00  2.155e+00  2.224e+00  2.285e+00  2.337e+00  2.379e+00  2.411e+00  2.434e+00  2.452e+00  2.477e+00  2.539e+00  2.577e+00  2.491e+00  2.260e+00  2.365e+00  2.726e+00  2.743e+00  2.175e+00  1.945e+00  2.103e+00  2.945e+00  3.628e+00  4.641e+00  4.926e+00  5.100e+00  4.314e+00  2.496e+00  1.346e+00  7.480e-01  4.375e-01  2.638e-01  1.621e-01  1.007e-01  6.303e-02  3.967e-02  2.507e-02  1.590e-02  1.011e-02  6.432e-03  4.089e-03  2.592e-03  1.636e-03  1.025e-03  6.320e-04  3.807e-04  2.261e-04  1.468e-04  1.324e-04 	
 1.944e+00  2.022e+00  2.095e+00  2.163e+00  2.224e+00  2.277e+00  2.321e+00  2.356e+00  2.382e+00  2.401e+00  2.416e+00  2.435e+00  2.475e+00  2.588e+00  2.509e+00  2.607e+00  2.474e+00  2.620e+00  2.922e+00  2.717e+00  2.331e+00  2.006e+00  1.867e+00  2.663e+00  3.549e+00  4.334e+00  4.810e+00  5.102e+00  4.620e+00  2.974e+00  1.601e+00  8.860e-01  5.114e-01  3.056e-01  1.868e-01  1.157e-01  7.227e-02  4.538e-02  2.862e-02  1.811e-02  1.148e-02  7.276e-03  4.601e-03  2.899e-03  1.814e-03  1.118e-03  6.732e-04  3.948e-04  2.424e-04  1.915e-04 	
 1.965e+00  2.037e+00  2.104e+00  2.165e+00  2.219e+00  2.265e+00  2.303e+00  2.333e+00  2.355e+00  2.371e+00  2.384e+00  2.402e+00  2.441e+00  2.494e+00  2.572e+00  2.352e+00  2.598e+00  2.621e+00  2.485e+00  2.664e+00  2.770e+00  2.304e+00  2.008e+00  1.888e+00  2.882e+00  3.326e+00  4.514e+00  4.729e+00  5.046e+00  4.952e+00  3.539e+00  1.932e+00  1.054e+00  5.985e-01  3.542e-01  2.156e-01  1.331e-01  8.285e-02  5.188e-02  3.264e-02  2.060e-02  1.300e-02  8.193e-03  5.150e-03  3.218e-03  1.982e-03  1.192e-03  6.919e-04  4.055e-04  2.852e-04 	
 1.981e+00  2.046e+00  2.107e+00  2.162e+00  2.211e+00  2.252e+00  2.285e+00  2.311e+00  2.329e+00  2.343e+00  2.355e+00  2.372e+00  2.410e+00  2.442e+00  2.290e+00  2.389e+00  2.503e+00  2.465e+00  2.358e+00  2.452e+00  2.765e+00  2.790e+00  2.678e+00  2.191e+00  2.128e+00  2.226e+00  3.038e+00  3.811e+00  4.602e+00  4.962e+00  5.091e+00  4.100e+00  2.321e+00  1.252e+00  7.001e-01  4.118e-01  2.489e-01  1.530e-01  9.492e-02  5.928e-02  3.718e-02  2.334e-02  1.465e-02  9.179e-03  5.722e-03  3.520e-03  2.113e-03  1.217e-03  6.864e-04  4.376e-04 	
 1.991e+00  2.052e+00  2.107e+00  2.157e+00  2.201e+00  2.237e+00  2.266e+00  2.289e+00  2.305e+00  2.317e+00  2.327e+00  2.341e+00  2.375e+00  2.423e+00  2.501e+00  2.396e+00  2.468e+00  2.519e+00  2.667e+00  2.590e+00  2.458e+00  2.610e+00  3.016e+00  2.722e+00  2.326e+00  2.013e+00  2.111e+00  2.862e+00  3.692e+00  4.462e+00  4.856e+00  5.102e+00  4.450e+00  2.757e+00  1.481e+00  8.261e-01  4.796e-01  2.875e-01  1.757e-01  1.087e-01  6.764e-02  4.220e-02  2.634e-02  1.643e-02  1.021e-02  6.266e-03  3.754e-03  2.146e-03  1.174e-03  6.912e-04 	
 1.997e+00  2.053e+00  2.105e+00  2.150e+00  2.189e+00  2.222e+00  2.248e+00  2.268e+00  2.282e+00  2.292e+00  2.301e+00  2.313e+00  2.343e+00  2.402e+00  2.443e+00  2.282e+00  2.264e+00  2.417e+00  2.420e+00  2.415e+00  2.445e+00  2.507e+00  2.842e+00  2.894e+00  2.908e+00  2.423e+00  2.178e+00  1.851e+00  2.780e+00  3.388e+00  4.601e+00  4.780e+00  5.054e+00  4.842e+00  3.278e+00  1.780e+00  9.774e-01  5.587e-01  3.318e-01  2.019e-01  1.243e-01  7.691e-02  4.768e-02  2.957e-02  1.829e-02  1.119e-02  6.686e-03  3.798e-03  2.028e-03  1.121e-03 	
 2.000e+00  2.052e+00  2.100e+00  2.142e+00  2.177e+00  2.207e+00  2.230e+00  2.248e+00  2.260e+00  2.269e+00  2.277e+00  2.286e+00  2.306e+00  2.331e+00  2.314e+00  2.322e+00  2.390e+00  2.321e+00  2.452e+00  2.283e+00  2.543e+00  2.738e+00  2.391e+00  2.433e+00  2.964e+00  2.967e+00  2.485e+00  2.054e+00  1.968e+00  2.288e+00  3.141e+00  3.981e+00  4.635e+00  5.007e+00  5.054e+00  3.826e+00  2.128e+00  1.154e+00  6.496e-01  3.834e-01  2.317e-01  1.416e-01  8.703e-02  5.360e-02  3.296e-02  2.007e-02  1.195e-02  6.743e-03  3.532e-03  1.858e-03 	
 2.000e+00  2.049e+00  2.093e+00  2.132e+00  2.165e+00  2.192e+00  2.213e+00  2.229e+00  2.240e+00  2.248e+00  2.254e+00  2.261e+00  2.275e+00  2.300e+00  2.357e+00  2.541e+00  2.517e+00  2.583e+00  2.517e+00  2.479e+00  2.516e+00  2.637e+00  2.671e+00  2.558e+00  2.538e+00  2.714e+00  2.791e+00  2.518e+00  2.040e+00  1.831e+00  2.377e+00  3.034e+00  3.846e+00  4.574e+00  4.874e+00  5.060e+00  4.219e+00  2.517e+00  1.354e+00  7.602e-01  4.428e-01  2.648e-01  1.606e-01  9.798e-02  5.981e-02  3.620e-02  2.143e-02  1.202e-02  6.196e-03  3.138e-03 	
 1.998e+00  2.044e+00  2.086e+00  2.122e+00  2.152e+00  2.177e+00  2.197e+00  2.211e+00  2.221e+00  2.228e+00  2.234e+00  2.239e+00  2.254e+00  2.298e+00  2.408e+00  2.545e+00  2.573e+00  2.565e+00  2.607e+00  2.490e+00  2.385e+00  2.388e+00  2.252e+00  2.400e+00  2.319e+00  2.315e+00  2.655e+00  2.907e+00  2.777e+00  2.330e+00  2.298e+00  1.908e+00  2.724e+00  3.466e+00  4.546e+00  4.808e+00  5.053e+00  4.663e+00  2.972e+00  1.609e+00  8.885e-01  5.093e-01  3.011e-01  1.811e-01  1.095e-01  6.574e-02  3.866e-02  2.152e-02  1.094e-02  5.376e-03 	
 1.995e+00  2.038e+00  2.077e+00  2.111e+00  2.140e+00  2.163e+00  2.181e+00  2.194e+00  2.204e+00  2.210e+00  2.215e+00  2.220e+00  2.233e+00  2.273e+00  2.423e+00  2.477e+00  2.584e+00  2.401e+00  2.524e+00  2.552e+00  2.514e+00  2.454e+00  2.386e+00  2.465e+00  2.745e+00  2.651e+00  2.586e+00  2.583e+00  2.931e+00  2.894e+00  2.430e+00  2.196e+00  1.989e+00  2.468e+00  3.321e+00  4.255e+00  4.721e+00  5.048e+00  4.961e+00  3.464e+00  1.897e+00  1.030e+00  5.814e-01  3.406e-01  2.026e-01  1.204e-01  7.020e-02  3.875e-02  1.943e-02  9.319e-03 	
 1.990e+00  2.032e+00  2.068e+00  2.100e+00  2.127e+00  2.149e+00  2.166e+00  2.179e+00  2.187e+00  2.194e+00  2.198e+00  2.202e+00  2.215e+00  2.257e+00  2.362e+00  2.444e+00  2.374e+00  2.217e+00  2.261e+00  2.459e+00  2.548e+00  2.517e+00  2.331e+00  2.429e+00  2.379e+00  2.368e+00  2.419e+00  2.451e+00  2.696e+00  2.890e+00  2.801e+00  2.540e+00  2.055e+00  1.858e+00  2.834e+00  3.285e+00  4.077e+00  4.699e+00  4.898e+00  4.967e+00  3.863e+00  2.197e+00  1.180e+00  6.613e-01  3.817e-01  2.228e-01  1.285e-01  7.018e-02  3.473e-02  1.630e-02 	
 1.984e+00  2.024e+00  2.059e+00  2.090e+00  2.115e+00  2.136e+00  2.152e+00  2.164e+00  2.173e+00  2.178e+00  2.183e+00  2.187e+00  2.198e+00  2.228e+00  2.280e+00  2.300e+00  2.217e+00  2.224e+00  2.357e+00  2.501e+00  2.353e+00  2.449e+00  2.348e+00  2.182e+00  2.382e+00  2.322e+00  2.664e+00  2.819e+00  2.524e+00  2.379e+00  2.663e+00  2.939e+00  2.644e+00  2.241e+00  2.289e+00  2.016e+00  2.824e+00  3.655e+00  4.486e+00  4.854e+00  5.014e+00  4.266e+00  2.512e+00  1.349e+00  7.426e-01  4.196e-01  2.374e-01  1.280e-01  6.241e-02  2.873e-02 	
 1.978e+00  2.016e+00  2.050e+00  2.079e+00  2.103e+00  2.123e+00  2.139e+00  2.151e+00  2.159e+00  2.165e+00  2.169e+00  2.172e+00  2.181e+00  2.195e+00  2.223e+00  2.246e+00  2.275e+00  2.433e+00  2.405e+00  2.456e+00  2.337e+00  2.308e+00  2.184e+00  2.170e+00  2.286e+00  2.437e+00  2.546e+00  2.669e+00  2.721e+00  2.625e+00  2.525e+00  2.618e+00  2.858e+00  2.937e+00  2.291e+00  2.060e+00  2.057e+00  2.699e+00  3.427e+00  4.505e+00  4.772e+00  5.005e+00  4.611e+00  2.824e+00  1.510e+00  8.132e-01  4.451e-01  2.352e-01  1.128e-01  5.090e-02 	
 1.971e+00  2.007e+00  2.040e+00  2.068e+00  2.092e+00  2.111e+00  2.127e+00  2.138e+00  2.146e+00  2.152e+00  2.156e+00  2.159e+00  2.165e+00  2.174e+00  2.179e+00  2.141e+00  2.251e+00  2.378e+00  2.467e+00  2.457e+00  2.419e+00  2.346e+00  2.213e+00  2.140e+00  2.180e+00  2.469e+00  2.412e+00  2.482e+00  2.285e+00  2.335e+00  2.331e+00  2.292e+00  2.601e+00  2.925e+00  2.880e+00  2.733e+00  2.168e+00  1.865e+00  2.535e+00  3.304e+00  4.166e+00  4.730e+00  4.908e+00  4.592e+00  3.065e+00  1.630e+00  8.529e-01  4.370e-01  2.047e-01  9.053e-02 	
 1.963e+00  1.999e+00  2.030e+00  2.058e+00  2.081e+00  2.100e+00  2.115e+00  2.126e+00  2.134e+00  2.140e+00  2.143e+00  2.146e+00  2.150e+00  2.146e+00  2.116e+00  2.134e+00  2.215e+00  2.354e+00  2.391e+00  2.399e+00  2.346e+00  2.225e+00  2.171e+00  2.292e+00  2.261e+00  2.390e+00  2.550e+00  2.377e+00  2.421e+00  2.345e+00  2.571e+00  2.683e+00  2.527e+00  2.439e+00  2.753e+00  3.077e+00  2.556e+00  2.133e+00  2.040e+00  2.181e+00  3.096e+00  4.160e+00  4.596e+00  4.873e+00  4.669e+00  3.192e+00  1.669e+00  8.227e-01  3.730e-01  1.611e-01 	
 1.955e+00  1.989e+00  2.020e+00  2.047e+00  2.070e+00  2.089e+00  2.104e+00  2.115e+00  2.123e+00  2.128e+00  2.132e+00  2.134e+00  2.135e+00  2.126e+00  2.101e+00  2.137e+00  2.305e+00  2.325e+00  2.173e+00  2.190e+00  2.332e+00  2.190e+00  2.176e+00  2.216e+00  2.293e+00  2.513e+00  2.557e+00  2.557e+00  2.399e+00  2.427e+00  2.549e+00  2.409e+00  2.433e+00  2.449e+00  2.431e+00  2.736e+00  2.750e+00  2.612e+00  2.025e+00  1.952e+00  2.352e+00  3.246e+00  3.830e+00  4.743e+00  4.840e+00  4.637e+00  3.178e+00  1.557e+00  6.804e-01  2.858e-01 	
 1.946e+00  1.980e+00  2.010e+00  2.037e+00  2.059e+00  2.078e+00  2.093e+00  2.104e+00  2.112e+00  2.118e+00  2.121e+00  2.123e+00  2.124e+00  2.118e+00  2.102e+00  2.214e+00  2.320e+00  2.323e+00  2.235e+00  2.352e+00  2.262e+00  2.121e+00  2.120e+00  2.317e+00  2.344e+00  2.339e+00  2.357e+00  2.455e+00  2.375e+00  2.241e+00  2.422e+00  2.376e+00  2.232e+00  2.440e+00  2.427e+00  2.292e+00  2.533e+00  2.889e+00  2.705e+00  2.428e+00  2.204e+00  2.101e+00  2.784e+00  3.846e+00  4.588e+00  4.691e+00  4.410e+00  2.798e+00  1.223e+00  5.009e-01 	
 1.937e+00  1.970e+00  2.000e+00  2.027e+00  2.049e+00  2.067e+00  2.082e+00  2.094e+00  2.102e+00  2.108e+00  2.111e+00  2.113e+00  2.116e+00  2.117e+00  2.113e+00  2.196e+00  2.217e+00  2.102e+00  2.113e+00  2.289e+00  2.295e+00  2.246e+00  2.182e+00  2.256e+00  2.344e+00  2.395e+00  2.348e+00  2.262e+00  2.190e+00  2.165e+00  2.259e+00  2.361e+00  2.414e+00  2.548e+00  2.929e+00  2.785e+00  2.617e+00  2.617e+00  2.758e+00  2.910e+00  2.430e+00  2.086e+00  2.027e+00  3.136e+00  3.741e+00  4.501e+00  4.572e+00  3.872e+00  2.068e+00  8.521e-01 	
 1.927e+00  1.961e+00  1.990e+00  2.016e+00  2.039e+00  2.057e+00  2.072e+00  2.084e+00  2.092e+00  2.098e+00  2.102e+00  2.104e+00  2.108e+00  2.114e+00  2.129e+00  2.097e+00  2.090e+00  2.061e+00  2.052e+00  2.210e+00  2.269e+00  2.185e+00  2.148e+00  2.303e+00  2.332e+00  2.314e+00  2.212e+00  2.258e+00  2.298e+00  2.224e+00  2.234e+00  2.443e+00  2.389e+00  2.510e+00  2.396e+00  2.309e+00  2.366e+00  2.340e+00  2.456e+00  2.892e+00  2.855e+00  2.854e+00  2.164e+00  2.323e+00  2.572e+00  3.633e+00  4.811e+00  4.290e+00  2.948e+00  1.371e+00 	
 1.917e+00  1.950e+00  1.980e+00  2.006e+00  2.029e+00  2.047e+00  2.063e+00  2.074e+00  2.083e+00  2.089e+00  2.093e+00  2.096e+00  2.099e+00  2.099e+00  2.076e+00  2.035e+00  2.011e+00  2.018e+00  2.118e+00  2.088e+00  2.081e+00  2.070e+00  2.074e+00  2.036e+00  2.106e+00  2.132e+00  2.223e+00  2.163e+00  2.179e+00  2.234e+00  2.477e+00  2.563e+00  2.478e+00  2.270e+00  2.407e+00  2.309e+00  2.384e+00  2.667e+00  2.756e+00  2.463e+00  2.626e+00  3.004e+00  2.612e+00  2.098e+00  2.072e+00  2.864e+00  3.945e+00  4.506e+00  3.571e+00  2.024e+00 	
 1.907e+00  1.940e+00  1.970e+00  1.996e+00  2.019e+00  2.038e+00  2.053e+00  2.065e+00  2.075e+00  2.081e+00  2.085e+00  2.088e+00  2.091e+00  2.093e+00  2.085e+00  2.057e+00  2.079e+00  2.075e+00  2.088e+00  2.105e+00  2.101e+00  2.034e+00  2.146e+00  2.133e+00  2.086e+00  2.208e+00  2.308e+00  2.298e+00  2.088e+00  2.132e+00  2.356e+00  2.295e+00  2.391e+00  2.332e+00  2.227e+00  2.430e+00  2.483e+00  2.514e+00  2.530e+00  2.498e+00  2.444e+00  2.756e+00  2.849e+00  2.719e+00  2.420e+00  2.427e+00  3.103e+00  3.921e+00  3.907e+00  2.735e+00 	
 1.897e+00  1.930e+00  1.959e+00  1.986e+00  2.009e+00  2.028e+00  2.044e+00  2.057e+00  2.066e+00  2.073e+00  2.078e+00  2.081e+00  2.084e+00  2.086e+00  2.083e+00  2.060e+00  2.072e+00  2.085e+00  2.088e+00  2.167e+00  2.082e+00  2.066e+00  2.060e+00  2.093e+00  2.081e+00  2.083e+00  2.059e+00  2.091e+00  2.096e+00  2.161e+00  2.176e+00  2.177e+00  2.264e+00  2.187e+00  2.128e+00  2.282e+00  2.387e+00  2.440e+00  2.203e+00  2.365e+00  2.485e+00  2.359e+00  2.447e+00  2.852e+00  2.930e+00  2.181e+00  2.375e+00  3.013e+00  3.819e+00  3.258e+00 	
 1.886e+00  1.919e+00  1.949e+00  1.976e+00  1.999e+00  2.019e+00  2.035e+00  2.049e+00  2.059e+00  2.066e+00  2.071e+00  2.074e+00  2.077e+00  2.077e+00  2.064e+00  2.043e+00  2.080e+00  2.093e+00  2.139e+00  2.138e+00  2.157e+00  2.126e+00  2.171e+00  2.197e+00  2.182e+00  2.208e+00  2.061e+00  2.104e+00  2.225e+00  2.213e+00  2.101e+00  2.243e+00  2.266e+00  2.247e+00  2.196e+00  2.163e+00  2.349e+00  2.460e+00  2.509e+00  2.452e+00  2.720e+00  2.765e+00  2.478e+00  2.617e+00  2.928e+00  2.530e+00  2.242e+00  2.607e+00  3.396e+00  3.501e+00 	
 1.874e+00  1.908e+00  1.938e+00  1.965e+00  1.989e+00  2.010e+00  2.027e+00  2.041e+00  2.051e+00  2.059e+00  2.064e+00  2.067e+00  2.071e+00  2.076e+00  2.086e+00  2.082e+00  2.086e+00  2.171e+00  2.190e+00  2.171e+00  2.141e+00  2.225e+00  2.262e+00  2.187e+00  2.152e+00  2.230e+00  2.102e+00  2.148e+00  2.141e+00  2.154e+00  2.169e+00  2.243e+00  2.399e+00  2.404e+00  2.301e+00  2.379e+00  2.421e+00  2.499e+00  2.418e+00  2.401e+00  2.431e+00  2.318e+00  2.443e+00  2.410e+00  2.473e+00  2.582e+00  2.545e+00  2.771e+00  3.313e+00  3.733e+00 	
 1.863e+00  1.897e+00  1.927e+00  1.955e+00  1.980e+00  2.001e+00  2.019e+00  2.033e+00  2.045e+00  2.053e+00  2.059e+00  2.062e+00  2.065e+00  2.070e+00  2.080e+00  2.093e+00  2.107e+00  2.116e+00  2.147e+00  2.065e+00  2.080e+00  2.130e+00  2.162e+00  2.182e+00  2.160e+00  2.108e+00  2.166e+00  2.049e+00  2.123e+00  2.175e+00  2.244e+00  2.253e+00  2.354e+00  2.426e+00  2.442e+00  2.361e+00  2.368e+00  2.491e+00  2.477e+00  2.379e+00  2.304e+00  2.329e+00  2.458e+00  2.665e+00  2.438e+00  2.400e+00  2.754e+00  2.862e+00  2.848e+00  3.426e+00 	
 1.850e+00  1.885e+00  1.916e+00  1.945e+00  1.970e+00  1.992e+00  2.011e+00  2.026e+00  2.038e+00  2.047e+00  2.053e+00  2.056e+00  2.059e+00  2.062e+00  2.062e+00  2.047e+00  2.053e+00  2.086e+00  2.024e+00  2.011e+00  2.091e+00  2.135e+00  2.188e+00  2.202e+00  2.149e+00  2.096e+00  2.165e+00  2.083e+00  2.155e+00  2.238e+00  2.300e+00  2.335e+00  2.339e+00  2.318e+00  2.288e+00  2.197e+00  2.302e+00  2.257e+00  2.413e+00  2.398e+00  2.294e+00  2.351e+00  2.421e+00  2.312e+00  2.497e+00  2.663e+00  2.810e+00  3.029e+00  2.829e+00  3.236e+00 	
 1.837e+00  1.873e+00  1.905e+00  1.934e+00  1.960e+00  1.983e+00  2.003e+00  2.019e+00  2.032e+00  2.042e+00  2.048e+00  2.051e+00  2.054e+00  2.057e+00  2.060e+00  2.061e+00  2.059e+00  2.033e+00  1.994e+00  2.007e+00  2.077e+00  2.149e+00  2.089e+00  2.103e+00  2.146e+00  2.133e+00  2.228e+00  2.236e+00  2.232e+00  2.288e+00  2.307e+00  2.328e+00  2.323e+00  2.222e+00  2.177e+00  2.250e+00  2.133e+00  2.084e+00  2.286e+00  2.180e+00  2.209e+00  2.216e+00  2.120e+00  2.342e+00  2.457e+00  2.597e+00  2.509e+00  2.794e+00  2.861e+00  3.140e+00 	
 1.824e+00  1.860e+00  1.893e+00  1.923e+00  1.950e+00  1.974e+00  1.995e+00  2.012e+00  2.026e+00  2.036e+00  2.044e+00  2.047e+00  2.049e+00  2.052e+00  2.054e+00  2.058e+00  2.059e+00  2.063e+00  2.073e+00  2.084e+00  2.078e+00  2.079e+00  2.038e+00  2.030e+00  2.076e+00  2.140e+00  2.213e+00  2.156e+00  2.149e+00  2.175e+00  2.211e+00  2.162e+00  2.206e+00  2.243e+00  2.184e+00  2.250e+00  2.133e+00  2.107e+00  2.210e+00  2.172e+00  2.199e+00  2.112e+00  2.221e+00  2.222e+00  2.452e+00  2.360e+00  2.546e+00  2.519e+00  2.805e+00  2.875e+00 	
 1.810e+00  1.846e+00  1.880e+00  1.912e+00  1.940e+00  1.965e+00  1.987e+00  2.005e+00  2.020e+00  2.032e+00  2.039e+00  2.043e+00  2.045e+00  2.048e+00  2.052e+00  2.063e+00  2.085e+00  2.103e+00  2.123e+00  2.073e+00  2.064e+00  2.052e+00  2.067e+00  2.024e+00  2.047e+00  2.075e+00  2.054e+00  2.098e+00  2.143e+00  2.099e+00  2.154e+00  2.113e+00  2.128e+00  2.157e+00  2.307e+00  2.252e+00  2.149e+00  2.209e+00  2.316e+00  2.342e+00  2.312e+00  2.219e+00  2.180e+00  2.292e+00  2.342e+00  2.383e+00  2.479e+00  2.467e+00  2.476e+00  2.441e+00 	
 1.794e+00  1.832e+00  1.867e+00  1.900e+00  1.929e+00  1.956e+00  1.979e+00  1.999e+00  2.015e+00  2.027e+00  2.035e+00  2.039e+00  2.041e+00  2.043e+00  2.047e+00  2.050e+00  2.049e+00  2.084e+00  2.105e+00  2.065e+00  2.061e+00  2.042e+00  2.089e+00  2.080e+00  2.052e+00  2.038e+00  2.057e+00  2.144e+00  2.093e+00  2.076e+00  2.156e+00  2.195e+00  2.249e+00  2.269e+00  2.307e+00  2.194e+00  2.158e+00  2.260e+00  2.303e+00  2.298e+00  2.335e+00  2.323e+00  2.347e+00  2.277e+00  2.394e+00  2.456e+00  2.576e+00  2.471e+00  2.437e+00  2.220e+00 	
 1.778e+00  1.817e+00  1.853e+00  1.887e+00  1.918e+00  1.946e+00  1.971e+00  1.992e+00  2.009e+00  2.022e+00  2.032e+00  2.036e+00  2.038e+00  2.039e+00  2.041e+00  2.038e+00  2.041e+00  2.079e+00  2.095e+00  2.065e+00  2.069e+00  2.100e+00  2.105e+00  2.073e+00  2.073e+00  2.096e+00  2.141e+00  2.084e+00  2.081e+00  2.053e+00  2.046e+00  2.096e+00  2.200e+00  2.268e+00  2.234e+00  2.125e+00  2.134e+00  2.247e+00  2.224e+00  2.248e+00  2.211e+00  2.179e+00  2.276e+00  2.243e+00  2.270e+00  2.355e+00  2.288e+00  2.414e+00  2.330e+00  2.446e+00 	
 1.760e+00  1.800e+00  1.838e+00  1.873e+00  1.906e+00  1.936e+00  1.962e+00  1.985e+00  2.003e+00  2.018e+00  2.028e+00  2.033e+00  2.034e+00  2.036e+00  2.039e+00  2.047e+00  2.068e+00  2.086e+00  2.095e+00  2.096e+00  2.117e+00  2.116e+00  2.091e+00  2.053e+00  2.083e+00  2.090e+00  2.121e+00  2.130e+00  2.166e+00  2.117e+00  2.107e+00  2.089e+00  2.179e+00  2.266e+00  2.217e+00  2.074e+00  2.101e+00  2.154e+00  2.244e+00  2.183e+00  2.089e+00  2.102e+00  2.252e+00  2.238e+00  2.185e+00  2.254e+00  2.329e+00  2.324e+00  2.427e+00  2.539e+00 	
 1.741e+00  1.782e+00  1.822e+00  1.859e+00  1.893e+00  1.925e+00  1.953e+00  1.977e+00  1.998e+00  2.014e+00  2.025e+00  2.030e+00  2.032e+00  2.033e+00  2.036e+00  2.044e+00  2.059e+00  2.058e+00  2.040e+00  2.045e+00  2.081e+00  2.091e+00  2.092e+00  2.055e+00  2.083e+00  2.094e+00  2.078e+00  2.131e+00  2.161e+00  2.139e+00  2.104e+00  2.059e+00  2.143e+00  2.191e+00  2.110e+00  2.162e+00  2.169e+00  2.226e+00  2.248e+00  2.268e+00  2.285e+00  2.230e+00  2.180e+00  2.233e+00  2.222e+00  2.126e+00  2.246e+00  2.396e+00  2.353e+00  2.299e+00 	
 1.720e+00  1.763e+00  1.803e+00  1.842e+00  1.879e+00  1.912e+00  1.943e+00  1.969e+00  1.992e+00  2.010e+00  2.022e+00  2.027e+00  2.029e+00  2.031e+00  2.033e+00  2.036e+00  2.040e+00  2.040e+00  2.034e+00  2.029e+00  2.040e+00  2.055e+00  2.082e+00  2.037e+00  2.054e+00  2.070e+00  2.080e+00  2.088e+00  2.060e+00  2.064e+00  2.105e+00  2.081e+00  2.085e+00  2.148e+00  2.219e+00  2.219e+00  2.173e+00  2.203e+00  2.248e+00  2.190e+00  2.221e+00  2.191e+00  2.203e+00  2.111e+00  2.121e+00  2.155e+00  2.163e+00  2.332e+00  2.348e+00  2.201e+00 	
 1.697e+00  1.741e+00  1.783e+00  1.824e+00  1.862e+00  1.898e+00  1.931e+00  1.960e+00  1.985e+00  2.005e+00  2.019e+00  2.025e+00  2.027e+00  2.028e+00  2.029e+00  2.030e+00  2.024e+00  2.015e+00  2.038e+00  2.028e+00  2.043e+00  2.056e+00  2.047e+00  2.037e+00  2.053e+00  2.036e+00  2.041e+00  2.035e+00  2.040e+00  2.081e+00  2.113e+00  2.137e+00  2.135e+00  2.100e+00  2.135e+00  2.101e+00  2.121e+00  2.097e+00  2.166e+00  2.271e+00  2.226e+00  2.169e+00  2.223e+00  2.216e+00  2.199e+00  2.203e+00  2.212e+00  2.252e+00  2.294e+00  2.358e+00 	
 1.671e+00  1.716e+00  1.761e+00  1.803e+00  1.844e+00  1.882e+00  1.918e+00  1.950e+00  1.978e+00  2.001e+00  2.017e+00  2.023e+00  2.025e+00  2.026e+00  2.027e+00  2.026e+00  2.019e+00  2.017e+00  2.040e+00  2.068e+00  2.064e+00  2.065e+00  2.049e+00  2.064e+00  2.056e+00  2.051e+00  2.067e+00  2.042e+00  2.081e+00  2.091e+00  2.092e+00  2.082e+00  2.117e+00  2.127e+00  2.076e+00  2.036e+00  2.063e+00  2.159e+00  2.204e+00  2.303e+00  2.285e+00  2.234e+00  2.183e+00  2.171e+00  2.206e+00  2.238e+00  2.228e+00  2.212e+00  2.316e+00  2.291e+00 	
 1.643e+00  1.689e+00  1.735e+00  1.779e+00  1.822e+00  1.864e+00  1.902e+00  1.938e+00  1.970e+00  1.995e+00  2.014e+00  2.021e+00  2.023e+00  2.024e+00  2.025e+00  2.026e+00  2.025e+00  2.031e+00  2.051e+00  2.063e+00  2.068e+00  2.080e+00  2.085e+00  2.072e+00  2.056e+00  2.051e+00  2.069e+00  2.049e+00  2.065e+00  2.091e+00  2.069e+00  2.068e+00  2.115e+00  2.131e+00  2.060e+00  2.039e+00  2.061e+00  2.161e+00  2.220e+00  2.264e+00  2.225e+00  2.170e+00  2.102e+00  2.102e+00  2.134e+00  2.208e+00  2.233e+00  2.201e+00  2.210e+00  2.235e+00 	
 1.611e+00  1.659e+00  1.705e+00  1.752e+00  1.797e+00  1.841e+00  1.883e+00  1.923e+00  1.959e+00  1.989e+00  2.011e+00  2.020e+00  2.022e+00  2.022e+00  2.023e+00  2.025e+00  2.027e+00  2.025e+00  2.015e+00  2.023e+00  2.059e+00  2.074e+00  2.076e+00  2.083e+00  2.078e+00  2.073e+00  2.044e+00  2.046e+00  2.081e+00  2.097e+00  2.111e+00  2.079e+00  2.068e+00  2.102e+00  2.108e+00  2.047e+00  2.062e+00  2.119e+00  2.121e+00  2.159e+00  2.189e+00  2.217e+00  2.126e+00  2.128e+00  2.115e+00  2.165e+00  2.173e+00  2.185e+00  2.164e+00  2.180e+00 	
 1.576e+00  1.624e+00  1.672e+00  1.719e+00  1.766e+00  1.813e+00  1.858e+00  1.902e+00  1.943e+00  1.980e+00  2.008e+00  2.019e+00  2.021e+00  2.021e+00  2.022e+00  2.022e+00  2.021e+00  2.025e+00  2.019e+00  2.042e+00  2.049e+00  2.047e+00  2.062e+00  2.057e+00  2.080e+00  2.067e+00  2.065e+00  2.069e+00  2.096e+00  2.079e+00  2.094e+00  2.077e+00  2.024e+00  2.029e+00  2.037e+00  2.070e+00  2.105e+00  2.103e+00  2.128e+00  2.116e+00  2.096e+00  2.134e+00  2.106e+00  2.101e+00  2.137e+00  2.209e+00  2.216e+00  2.152e+00  2.150e+00  2.204e+00 	
 1.538e+00  1.586e+00  1.634e+00  1.682e+00  1.730e+00  1.778e+00  1.826e+00  1.873e+00  1.920e+00  1.964e+00  2.001e+00  2.017e+00  2.020e+00  2.021e+00  2.021e+00  2.021e+00  2.020e+00  2.021e+00  2.021e+00  2.039e+00  2.040e+00  2.058e+00  2.067e+00  2.069e+00  2.065e+00  2.063e+00  2.051e+00  2.072e+00  2.108e+00  2.097e+00  2.085e+00  2.048e+00  2.050e+00  2.079e+00  2.114e+00  2.095e+00  2.107e+00  2.133e+00  2.097e+00  2.105e+00  2.089e+00  2.081e+00  2.095e+00  2.119e+00  2.122e+00  2.208e+00  2.228e+00  2.191e+00  2.144e+00  2.096e+00 	
 1.496e+00  1.543e+00  1.591e+00  1.639e+00  1.688e+00  1.736e+00  1.785e+00  1.834e+00  1.882e+00  1.931e+00  1.978e+00  2.002e+00  2.008e+00  2.010e+00  2.012e+00  2.013e+00  2.015e+00  2.020e+00  2.024e+00  2.013e+00  2.017e+00  2.035e+00  2.027e+00  2.042e+00  2.030e+00  2.034e+00  2.033e+00  2.064e+00  2.090e+00  2.067e+00  2.073e+00  2.069e+00  2.046e+00  2.072e+00  2.098e+00  2.100e+00  2.085e+00  2.069e+00  2.078e+00  2.132e+00  2.122e+00  2.084e+00  2.054e+00  2.060e+00  2.091e+00  2.112e+00  2.107e+00  2.110e+00  2.099e+00  2.035e+00 	
