 2.119e-03  5.749e-04  8.834e-04  1.412e-03  2.143e-03  3.056e-03  4.142e-03  5.399e-03  6.827e-03  8.425e-03  1.020e-02  1.215e-02  1.428e-02  1.660e-02  1.912e-02  2.184e-02  2.477e-02  2.792e-02  3.128e-02  3.487e-02  3.866e-02  4.267e-02  4.688e-02  5.127e-02  5.583e-02  6.054e-02  6.538e-02  7.032e-02  7.536e-02  8.046e-02  8.560e-02  9.077e-02  9.593e-02  1.011e-01  1.062e-01  1.113e-01  1.163e-01  1.212e-01  1.261e-01  1.308e-01  1.355e-01  1.401e-01  1.445e-01  1.489e-01  1.531e-01  1.573e-01  1.613e-01  1.652e-01  1.690e-01  1.727e-01 	
 7.651e-04  1.505e-04  8.188e-04  1.619e-03  2.630e-03  3.852e-03  5.285e-03  6.933e-03  8.797e-03  1.088e-02  1.320e-02  1.576e-02  1.856e-02  2.163e-02  2.496e-02  2.857e-02  3.247e-02  3.665e-02  4.110e-02  4.583e-02  5.080e-02  5.601e-02  6.141e-02  6.699e-02  7.271e-02  7.854e-02  8.444e-02  9.038e-02  9.632e-02  1.022e-01  1.081e-01  1.139e-01  1.196e-01  1.252e-01  1.307e-01  1.360e-01  1.412e-01  1.463e-01  1.511e-01  1.559e-01  1.604e-01  1.648e-01  1.691e-01  1.731e-01  1.771e-01  1.808e-01  1.844e-01  1.878e-01  1.910e-01  1.940e-01 	
 3.556e-04  1.659e-04  1.115e-03  2.201e-03  3.553e-03  5.182e-03  7.092e-03  9.289e-03  1.178e-02  1.459e-02  1.771e-02  2.117e-02  2.499e-02  2.917e-02  3.372e-02  3.864e-02  4.392e-02  4.955e-02  5.549e-02  6.170e-02  6.815e-02  7.478e-02  8.155e-02  8.840e-02  9.528e-02  1.021e-01  1.089e-01  1.157e-01  1.222e-01  1.287e-01  1.349e-01  1.409e-01  1.467e-01  1.523e-01  1.577e-01  1.628e-01  1.677e-01  1.724e-01  1.769e-01  1.812e-01  1.852e-01  1.891e-01  1.928e-01  1.963e-01  1.997e-01  2.029e-01  2.059e-01  2.087e-01  2.114e-01  2.138e-01 	
 2.763e-04  3.594e-04  1.583e-03  3.011e-03  4.799e-03  6.958e-03  9.498e-03  1.243e-02  1.578e-02  1.956e-02  2.379e-02  2.851e-02  3.370e-02  3.939e-02  4.555e-02  5.215e-02  5.915e-02  6.649e-02  7.409e-02  8.189e-02  8.980e-02  9.776e-02  1.057e-01  1.135e-01  1.212e-01  1.287e-01  1.359e-01  1.429e-01  1.496e-01  1.559e-01  1.620e-01  1.677e-01  1.731e-01  1.782e-01  1.830e-01  1.875e-01  1.917e-01  1.957e-01  1.994e-01  2.029e-01  2.063e-01  2.094e-01  2.124e-01  2.153e-01  2.180e-01  2.206e-01  2.230e-01  2.253e-01  2.275e-01  2.296e-01 	
 3.160e-04  6.450e-04  2.191e-03  4.065e-03  6.429e-03  9.297e-03  1.269e-02  1.663e-02  2.115e-02  2.628e-02  3.205e-02  3.846e-02  4.550e-02  5.313e-02  6.127e-02  6.983e-02  7.871e-02  8.780e-02  9.699e-02  1.062e-01  1.152e-01  1.241e-01  1.326e-01  1.409e-01  1.487e-01  1.562e-01  1.632e-01  1.697e-01  1.759e-01  1.816e-01  1.868e-01  1.917e-01  1.962e-01  2.004e-01  2.042e-01  2.078e-01  2.111e-01  2.141e-01  2.170e-01  2.196e-01  2.222e-01  2.245e-01  2.268e-01  2.290e-01  2.311e-01  2.332e-01  2.352e-01  2.371e-01  2.390e-01  2.409e-01 	
 4.075e-04  1.010e-03  2.975e-03  5.446e-03  8.584e-03  1.241e-02  1.697e-02  2.230e-02  2.845e-02  3.544e-02  4.328e-02  5.190e-02  6.122e-02  7.111e-02  8.140e-02  9.193e-02  1.025e-01  1.130e-01  1.233e-01  1.333e-01  1.428e-01  1.518e-01  1.602e-01  1.681e-01  1.753e-01  1.820e-01  1.881e-01  1.936e-01  1.987e-01  2.032e-01  2.073e-01  2.110e-01  2.144e-01  2.174e-01  2.202e-01  2.227e-01  2.251e-01  2.273e-01  2.293e-01  2.312e-01  2.331e-01  2.349e-01  2.367e-01  2.384e-01  2.402e-01  2.420e-01  2.438e-01  2.456e-01  2.475e-01  2.494e-01 	
 5.361e-04  1.474e-03  4.000e-03  7.275e-03  1.146e-02  1.661e-02  2.278e-02  3.004e-02  3.842e-02  4.788e-02  5.833e-02  6.957e-02  8.138e-02  9.352e-02  1.057e-01  1.178e-01  1.295e-01  1.406e-01  1.512e-01  1.610e-01  1.700e-01  1.783e-01  1.858e-01  1.925e-01  1.985e-01  2.038e-01  2.085e-01  2.127e-01  2.163e-01  2.196e-01  2.224e-01  2.250e-01  2.272e-01  2.293e-01  2.312e-01  2.329e-01  2.346e-01  2.362e-01  2.377e-01  2.393e-01  2.408e-01  2.424e-01  2.440e-01  2.457e-01  2.474e-01  2.493e-01  2.512e-01  2.531e-01  2.552e-01  2.574e-01 	
 7.073e-04  2.074e-03  5.357e-03  9.719e-03  1.534e-02  2.231e-02  3.072e-02  4.060e-02  5.190e-02  6.439e-02  7.778e-02  9.170e-02  1.058e-01  1.197e-01  1.330e-01  1.457e-01  1.575e-01  1.683e-01  1.780e-01  1.867e-01  1.945e-01  2.012e-01  2.071e-01  2.122e-01  2.166e-01  2.204e-01  2.236e-01  2.264e-01  2.288e-01  2.310e-01  2.329e-01  2.346e-01  2.362e-01  2.376e-01  2.391e-01  2.405e-01  2.420e-01  2.434e-01  2.450e-01  2.466e-01  2.483e-01  2.500e-01  2.519e-01  2.538e-01  2.559e-01  2.580e-01  2.603e-01  2.626e-01  2.650e-01  2.674e-01 	
 9.357e-04  2.862e-03  7.168e-03  1.301e-02  2.061e-02  3.011e-02  4.156e-02  5.483e-02  6.960e-02  8.537e-02  1.016e-01  1.176e-01  1.331e-01  1.477e-01  1.611e-01  1.731e-01  1.838e-01  1.932e-01  2.012e-01  2.081e-01  2.139e-01  2.188e-01  2.229e-01  2.263e-01  2.292e-01  2.316e-01  2.337e-01  2.356e-01  2.372e-01  2.387e-01  2.401e-01  2.416e-01  2.430e-01  2.445e-01  2.460e-01  2.476e-01  2.493e-01  2.511e-01  2.530e-01  2.550e-01  2.572e-01  2.594e-01  2.618e-01  2.643e-01  2.669e-01  2.695e-01  2.722e-01  2.750e-01  2.777e-01  2.804e-01 	
 1.242e-03  3.908e-03  9.600e-03  1.747e-02  2.782e-02  4.075e-02  5.610e-02  7.336e-02  9.173e-02  1.104e-01  1.286e-01  1.456e-01  1.612e-01  1.750e-01  1.870e-01  1.973e-01  2.059e-01  2.131e-01  2.190e-01  2.237e-01  2.276e-01  2.308e-01  2.333e-01  2.355e-01  2.374e-01  2.390e-01  2.406e-01  2.420e-01  2.435e-01  2.450e-01  2.466e-01  2.483e-01  2.500e-01  2.519e-01  2.539e-01  2.561e-01  2.583e-01  2.607e-01  2.632e-01  2.659e-01  2.686e-01  2.715e-01  2.744e-01  2.774e-01  2.805e-01  2.837e-01  2.868e-01  2.899e-01  2.930e-01  2.960e-01 	
 1.656e-03  5.307e-03  1.289e-02  2.358e-02  3.769e-02  5.504e-02  7.493e-02  9.618e-02  1.175e-01  1.379e-01  1.565e-01  1.729e-01  1.870e-01  1.988e-01  2.084e-01  2.161e-01  2.222e-01  2.270e-01  2.308e-01  2.338e-01  2.363e-01  2.383e-01  2.401e-01  2.418e-01  2.434e-01  2.450e-01  2.467e-01  2.485e-01  2.504e-01  2.525e-01  2.546e-01  2.569e-01  2.594e-01  2.620e-01  2.647e-01  2.675e-01  2.704e-01  2.735e-01  2.766e-01  2.798e-01  2.831e-01  2.865e-01  2.900e-01  2.934e-01  2.970e-01  3.005e-01  3.040e-01  3.074e-01  3.107e-01  3.139e-01 	
 2.215e-03  7.195e-03  1.739e-02  3.196e-02  5.097e-02  7.354e-02  9.796e-02  1.224e-01  1.452e-01  1.655e-01  1.827e-01  1.969e-01  2.082e-01  2.170e-01  2.238e-01  2.289e-01  2.328e-01  2.358e-01  2.383e-01  2.404e-01  2.423e-01  2.441e-01  2.460e-01  2.480e-01  2.501e-01  2.524e-01  2.548e-01  2.574e-01  2.602e-01  2.631e-01  2.661e-01  2.692e-01  2.725e-01  2.758e-01  2.793e-01  2.828e-01  2.864e-01  2.900e-01  2.937e-01  2.975e-01  3.012e-01  3.051e-01  3.089e-01  3.128e-01  3.166e-01  3.204e-01  3.241e-01  3.277e-01  3.312e-01  3.343e-01 	
 2.973e-03  9.762e-03  2.355e-02  4.332e-02  6.831e-02  9.619e-02  1.242e-01  1.500e-01  1.722e-01  1.904e-01  2.047e-01  2.155e-01  2.235e-01  2.294e-01  2.337e-01  2.370e-01  2.396e-01  2.418e-01  2.440e-01  2.462e-01  2.485e-01  2.509e-01  2.536e-01  2.565e-01  2.596e-01  2.629e-01  2.663e-01  2.699e-01  2.735e-01  2.773e-01  2.812e-01  2.851e-01  2.890e-01  2.930e-01  2.970e-01  3.011e-01  3.051e-01  3.092e-01  3.133e-01  3.174e-01  3.214e-01  3.255e-01  3.296e-01  3.336e-01  3.376e-01  3.416e-01  3.454e-01  3.491e-01  3.525e-01  3.557e-01 	
 4.002e-03  1.328e-02  3.199e-02  5.838e-02  8.980e-02  1.221e-01  1.517e-01  1.765e-01  1.960e-01  2.106e-01  2.211e-01  2.284e-01  2.336e-01  2.373e-01  2.403e-01  2.428e-01  2.453e-01  2.479e-01  2.507e-01  2.538e-01  2.571e-01  2.607e-01  2.645e-01  2.685e-01  2.727e-01  2.770e-01  2.813e-01  2.857e-01  2.902e-01  2.946e-01  2.991e-01  3.035e-01  3.080e-01  3.124e-01  3.168e-01  3.211e-01  3.254e-01  3.297e-01  3.340e-01  3.383e-01  3.425e-01  3.467e-01  3.508e-01  3.549e-01  3.590e-01  3.629e-01  3.668e-01  3.704e-01  3.739e-01  3.770e-01 	
 5.404e-03  1.810e-02  4.339e-02  7.749e-02  1.147e-01  1.493e-01  1.778e-01  1.994e-01  2.148e-01  2.252e-01  2.321e-01  2.368e-01  2.403e-01  2.433e-01  2.461e-01  2.492e-01  2.526e-01  2.564e-01  2.604e-01  2.648e-01  2.694e-01  2.743e-01  2.792e-01  2.842e-01  2.893e-01  2.944e-01  2.995e-01  3.045e-01  3.095e-01  3.144e-01  3.192e-01  3.240e-01  3.287e-01  3.333e-01  3.379e-01  3.424e-01  3.468e-01  3.512e-01  3.555e-01  3.598e-01  3.641e-01  3.683e-01  3.724e-01  3.765e-01  3.805e-01  3.844e-01  3.882e-01  3.918e-01  3.952e-01  3.982e-01 	
 7.311e-03  2.469e-02  5.833e-02  1.003e-01  1.414e-01  1.754e-01  2.003e-01  2.171e-01  2.279e-01  2.347e-01  2.393e-01  2.429e-01  2.463e-01  2.499e-01  2.539e-01  2.584e-01  2.633e-01  2.686e-01  2.741e-01  2.798e-01  2.856e-01  2.915e-01  2.973e-01  3.031e-01  3.088e-01  3.145e-01  3.200e-01  3.254e-01  3.307e-01  3.358e-01  3.408e-01  3.457e-01  3.505e-01  3.552e-01  3.598e-01  3.644e-01  3.688e-01  3.731e-01  3.774e-01  3.817e-01  3.858e-01  3.899e-01  3.940e-01  3.980e-01  4.019e-01  4.057e-01  4.094e-01  4.128e-01  4.161e-01  4.190e-01 	
 9.899e-03  3.361e-02  7.706e-02  1.257e-01  1.676e-01  1.979e-01  2.175e-01  2.293e-01  2.365e-01  2.414e-01  2.456e-01  2.498e-01  2.544e-01  2.597e-01  2.655e-01  2.717e-01  2.782e-01  2.849e-01  2.917e-01  2.984e-01  3.051e-01  3.117e-01  3.181e-01  3.243e-01  3.304e-01  3.363e-01  3.420e-01  3.475e-01  3.529e-01  3.581e-01  3.631e-01  3.680e-01  3.727e-01  3.773e-01  3.818e-01  3.862e-01  3.905e-01  3.948e-01  3.989e-01  4.030e-01  4.070e-01  4.109e-01  4.148e-01  4.187e-01  4.224e-01  4.260e-01  4.295e-01  4.328e-01  4.359e-01  4.387e-01 	
 1.339e-02  4.539e-02  9.915e-02  1.517e-01  1.908e-01  2.154e-01  2.295e-01  2.377e-01  2.432e-01  2.482e-01  2.535e-01  2.595e-01  2.662e-01  2.734e-01  2.810e-01  2.887e-01  2.965e-01  3.042e-01  3.118e-01  3.192e-01  3.264e-01  3.333e-01  3.399e-01  3.464e-01  3.525e-01  3.584e-01  3.641e-01  3.696e-01  3.748e-01  3.799e-01  3.848e-01  3.895e-01  3.941e-01  3.986e-01  4.029e-01  4.071e-01  4.112e-01  4.152e-01  4.192e-01  4.230e-01  4.269e-01  4.306e-01  4.343e-01  4.379e-01  4.414e-01  4.449e-01  4.482e-01  4.513e-01  4.543e-01  4.569e-01 	
 1.806e-02  6.040e-02  1.234e-01  1.759e-01  2.094e-01  2.278e-01  2.378e-01  2.444e-01  2.505e-01  2.571e-01  2.646e-01  2.728e-01  2.815e-01  2.904e-01  2.994e-01  3.082e-01  3.168e-01  3.251e-01  3.332e-01  3.408e-01  3.482e-01  3.552e-01  3.618e-01  3.682e-01  3.743e-01  3.801e-01  3.856e-01  3.909e-01  3.960e-01  4.009e-01  4.056e-01  4.101e-01  4.145e-01  4.187e-01  4.228e-01  4.268e-01  4.307e-01  4.345e-01  4.383e-01  4.419e-01  4.455e-01  4.490e-01  4.525e-01  4.559e-01  4.592e-01  4.625e-01  4.656e-01  4.686e-01  4.713e-01  4.738e-01 	
 2.425e-02  7.859e-02  1.478e-01  1.964e-01  2.228e-01  2.363e-01  2.445e-01  2.519e-01  2.600e-01  2.691e-01  2.789e-01  2.891e-01  2.994e-01  3.095e-01  3.194e-01  3.288e-01  3.379e-01  3.464e-01  3.546e-01  3.623e-01  3.696e-01  3.765e-01  3.831e-01  3.893e-01  3.952e-01  4.008e-01  4.061e-01  4.112e-01  4.161e-01  4.207e-01  4.252e-01  4.294e-01  4.336e-01  4.376e-01  4.414e-01  4.452e-01  4.489e-01  4.524e-01  4.559e-01  4.594e-01  4.627e-01  4.661e-01  4.693e-01  4.725e-01  4.757e-01  4.787e-01  4.817e-01  4.845e-01  4.871e-01  4.894e-01 	
 3.235e-02  9.932e-02  1.705e-01  2.123e-01  2.324e-01  2.434e-01  2.524e-01  2.622e-01  2.730e-01  2.846e-01  2.964e-01  3.082e-01  3.195e-01  3.304e-01  3.407e-01  3.504e-01  3.595e-01  3.681e-01  3.762e-01  3.837e-01  3.908e-01  3.976e-01  4.039e-01  4.098e-01  4.154e-01  4.208e-01  4.258e-01  4.306e-01  4.352e-01  4.395e-01  4.437e-01  4.477e-01  4.516e-01  4.553e-01  4.589e-01  4.624e-01  4.658e-01  4.691e-01  4.724e-01  4.756e-01  4.787e-01  4.818e-01  4.849e-01  4.879e-01  4.908e-01  4.937e-01  4.964e-01  4.991e-01  5.015e-01  5.037e-01 	
 4.278e-02  1.214e-01  1.900e-01  2.243e-01  2.405e-01  2.519e-01  2.636e-01  2.764e-01  2.899e-01  3.035e-01  3.167e-01  3.293e-01  3.412e-01  3.524e-01  3.628e-01  3.724e-01  3.814e-01  3.898e-01  3.976e-01  4.049e-01  4.117e-01  4.181e-01  4.241e-01  4.297e-01  4.350e-01  4.399e-01  4.447e-01  4.491e-01  4.534e-01  4.574e-01  4.613e-01  4.650e-01  4.685e-01  4.720e-01  4.753e-01  4.785e-01  4.817e-01  4.847e-01  4.878e-01  4.907e-01  4.937e-01  4.965e-01  4.994e-01  5.022e-01  5.049e-01  5.076e-01  5.102e-01  5.126e-01  5.149e-01  5.170e-01 	
 5.591e-02  1.435e-01  2.060e-01  2.340e-01  2.495e-01  2.634e-01  2.784e-01  2.941e-01  3.096e-01  3.245e-01  3.385e-01  3.515e-01  3.635e-01  3.746e-01  3.847e-01  3.941e-01  4.028e-01  4.108e-01  4.182e-01  4.251e-01  4.315e-01  4.374e-01  4.430e-01  4.482e-01  4.531e-01  4.577e-01  4.620e-01  4.661e-01  4.700e-01  4.737e-01  4.773e-01  4.806e-01  4.839e-01  4.871e-01  4.901e-01  4.931e-01  4.960e-01  4.988e-01  5.016e-01  5.044e-01  5.071e-01  5.097e-01  5.124e-01  5.150e-01  5.175e-01  5.200e-01  5.225e-01  5.248e-01  5.270e-01  5.289e-01 	
 7.192e-02  1.643e-01  2.191e-01  2.436e-01  2.610e-01  2.785e-01  2.965e-01  3.142e-01  3.309e-01  3.464e-01  3.606e-01  3.735e-01  3.852e-01  3.959e-01  4.057e-01  4.147e-01  4.229e-01  4.304e-01  4.374e-01  4.438e-01  4.498e-01  4.553e-01  4.604e-01  4.652e-01  4.697e-01  4.739e-01  4.779e-01  4.817e-01  4.852e-01  4.886e-01  4.919e-01  4.950e-01  4.980e-01  5.009e-01  5.037e-01  5.064e-01  5.091e-01  5.117e-01  5.143e-01  5.168e-01  5.193e-01  5.218e-01  5.243e-01  5.267e-01  5.291e-01  5.315e-01  5.338e-01  5.360e-01  5.380e-01  5.399e-01 	
 9.064e-02  1.834e-01  2.311e-01  2.553e-01  2.761e-01  2.969e-01  3.171e-01  3.359e-01  3.531e-01  3.686e-01  3.825e-01  3.950e-01  4.063e-01  4.165e-01  4.257e-01  4.341e-01  4.418e-01  4.488e-01  4.553e-01  4.612e-01  4.667e-01  4.718e-01  4.765e-01  4.809e-01  4.850e-01  4.888e-01  4.924e-01  4.959e-01  4.991e-01  5.022e-01  5.052e-01  5.080e-01  5.108e-01  5.134e-01  5.160e-01  5.185e-01  5.210e-01  5.234e-01  5.258e-01  5.282e-01  5.305e-01  5.328e-01  5.351e-01  5.374e-01  5.397e-01  5.419e-01  5.441e-01  5.461e-01  5.481e-01  5.499e-01 	
 1.115e-01  2.011e-01  2.443e-01  2.707e-01  2.949e-01  3.181e-01  3.394e-01  3.586e-01  3.756e-01  3.907e-01  4.041e-01  4.160e-01  4.266e-01  4.362e-01  4.448e-01  4.526e-01  4.596e-01  4.661e-01  4.720e-01  4.774e-01  4.824e-01  4.870e-01  4.913e-01  4.953e-01  4.990e-01  5.025e-01  5.057e-01  5.089e-01  5.118e-01  5.146e-01  5.173e-01  5.199e-01  5.224e-01  5.248e-01  5.272e-01  5.295e-01  5.318e-01  5.340e-01  5.362e-01  5.384e-01  5.406e-01  5.428e-01  5.449e-01  5.471e-01  5.492e-01  5.513e-01  5.534e-01  5.553e-01  5.572e-01  5.589e-01 	
 1.339e-01  2.193e-01  2.608e-01  2.900e-01  3.167e-01  3.410e-01  3.625e-01  3.814e-01  3.978e-01  4.121e-01  4.247e-01  4.359e-01  4.457e-01  4.545e-01  4.625e-01  4.696e-01  4.760e-01  4.819e-01  4.873e-01  4.922e-01  4.967e-01  5.008e-01  5.047e-01  5.083e-01  5.117e-01  5.148e-01  5.178e-01  5.206e-01  5.233e-01  5.258e-01  5.283e-01  5.306e-01  5.329e-01  5.352e-01  5.373e-01  5.395e-01  5.416e-01  5.437e-01  5.457e-01  5.478e-01  5.498e-01  5.519e-01  5.539e-01  5.560e-01  5.580e-01  5.600e-01  5.619e-01  5.638e-01  5.656e-01  5.672e-01 	
 1.577e-01  2.402e-01  2.818e-01  3.130e-01  3.405e-01  3.647e-01  3.856e-01  4.036e-01  4.190e-01  4.324e-01  4.441e-01  4.544e-01  4.635e-01  4.715e-01  4.787e-01  4.852e-01  4.911e-01  4.964e-01  5.012e-01  5.056e-01  5.097e-01  5.135e-01  5.170e-01  5.202e-01  5.232e-01  5.261e-01  5.288e-01  5.313e-01  5.337e-01  5.360e-01  5.382e-01  5.404e-01  5.425e-01  5.445e-01  5.465e-01  5.485e-01  5.505e-01  5.524e-01  5.543e-01  5.563e-01  5.582e-01  5.601e-01  5.621e-01  5.640e-01  5.659e-01  5.678e-01  5.697e-01  5.715e-01  5.732e-01  5.748e-01 	
 1.830e-01  2.660e-01  3.080e-01  3.391e-01  3.659e-01  3.888e-01  4.084e-01  4.251e-01  4.393e-01  4.516e-01  4.623e-01  4.716e-01  4.799e-01  4.872e-01  4.937e-01  4.995e-01  5.048e-01  5.096e-01  5.139e-01  5.179e-01  5.216e-01  5.250e-01  5.281e-01  5.310e-01  5.337e-01  5.363e-01  5.387e-01  5.410e-01  5.432e-01  5.453e-01  5.473e-01  5.493e-01  5.512e-01  5.531e-01  5.550e-01  5.568e-01  5.586e-01  5.605e-01  5.623e-01  5.641e-01  5.659e-01  5.678e-01  5.696e-01  5.715e-01  5.733e-01  5.751e-01  5.769e-01  5.787e-01  5.803e-01  5.818e-01 	
 2.112e-01  2.974e-01  3.385e-01  3.677e-01  3.923e-01  4.132e-01  4.309e-01  4.460e-01  4.588e-01  4.698e-01  4.794e-01  4.877e-01  4.951e-01  5.016e-01  5.074e-01  5.126e-01  5.174e-01  5.216e-01  5.255e-01  5.291e-01  5.323e-01  5.354e-01  5.382e-01  5.408e-01  5.432e-01  5.455e-01  5.477e-01  5.498e-01  5.518e-01  5.537e-01  5.555e-01  5.573e-01  5.591e-01  5.608e-01  5.626e-01  5.643e-01  5.660e-01  5.677e-01  5.694e-01  5.712e-01  5.729e-01  5.746e-01  5.764e-01  5.782e-01  5.800e-01  5.817e-01  5.835e-01  5.852e-01  5.868e-01  5.882e-01 	
 2.451e-01  3.343e-01  3.720e-01  3.975e-01  4.189e-01  4.372e-01  4.527e-01  4.659e-01  4.771e-01  4.868e-01  4.952e-01  5.026e-01  5.091e-01  5.148e-01  5.200e-01  5.246e-01  5.288e-01  5.326e-01  5.360e-01  5.392e-01  5.421e-01  5.448e-01  5.473e-01  5.496e-01  5.518e-01  5.538e-01  5.558e-01  5.577e-01  5.595e-01  5.612e-01  5.629e-01  5.646e-01  5.662e-01  5.678e-01  5.694e-01  5.711e-01  5.727e-01  5.743e-01  5.759e-01  5.776e-01  5.793e-01  5.810e-01  5.827e-01  5.844e-01  5.861e-01  5.878e-01  5.895e-01  5.911e-01  5.927e-01  5.942e-01 	
 2.849e-01  3.744e-01  4.063e-01  4.267e-01  4.443e-01  4.596e-01  4.728e-01  4.841e-01  4.938e-01  5.022e-01  5.096e-01  5.160e-01  5.217e-01  5.268e-01  5.313e-01  5.354e-01  5.391e-01  5.424e-01  5.455e-01  5.483e-01  5.509e-01  5.533e-01  5.556e-01  5.576e-01  5.596e-01  5.615e-01  5.632e-01  5.649e-01  5.666e-01  5.682e-01  5.697e-01  5.713e-01  5.728e-01  5.743e-01  5.758e-01  5.774e-01  5.789e-01  5.805e-01  5.820e-01  5.836e-01  5.852e-01  5.869e-01  5.885e-01  5.902e-01  5.919e-01  5.935e-01  5.952e-01  5.968e-01  5.984e-01  5.998e-01 	
 3.283e-01  4.148e-01  4.396e-01  4.545e-01  4.681e-01  4.804e-01  4.913e-01  5.008e-01  5.091e-01  5.163e-01  5.227e-01  5.283e-01  5.333e-01  5.377e-01  5.417e-01  5.453e-01  5.485e-01  5.515e-01  5.542e-01  5.567e-01  5.590e-01  5.612e-01  5.631e-01  5.650e-01  5.668e-01  5.685e-01  5.701e-01  5.716e-01  5.731e-01  5.746e-01  5.760e-01  5.774e-01  5.789e-01  5.803e-01  5.817e-01  5.832e-01  5.846e-01  5.861e-01  5.877e-01  5.892e-01  5.908e-01  5.924e-01  5.940e-01  5.956e-01  5.972e-01  5.989e-01  6.005e-01  6.021e-01  6.036e-01  6.050e-01 	
 3.724e-01  4.534e-01  4.707e-01  4.802e-01  4.899e-01  4.994e-01  5.081e-01  5.160e-01  5.229e-01  5.290e-01  5.345e-01  5.393e-01  5.436e-01  5.475e-01  5.509e-01  5.541e-01  5.570e-01  5.596e-01  5.620e-01  5.642e-01  5.662e-01  5.681e-01  5.699e-01  5.716e-01  5.731e-01  5.747e-01  5.761e-01  5.775e-01  5.789e-01  5.803e-01  5.816e-01  5.830e-01  5.843e-01  5.857e-01  5.870e-01  5.884e-01  5.899e-01  5.913e-01  5.928e-01  5.943e-01  5.958e-01  5.974e-01  5.990e-01  6.006e-01  6.022e-01  6.038e-01  6.054e-01  6.070e-01  6.085e-01  6.099e-01 	
 4.146e-01  4.881e-01  4.983e-01  5.029e-01  5.092e-01  5.162e-01  5.230e-01  5.294e-01  5.351e-01  5.403e-01  5.450e-01  5.491e-01  5.529e-01  5.562e-01  5.593e-01  5.620e-01  5.646e-01  5.669e-01  5.690e-01  5.710e-01  5.728e-01  5.745e-01  5.761e-01  5.776e-01  5.790e-01  5.804e-01  5.817e-01  5.830e-01  5.843e-01  5.856e-01  5.868e-01  5.881e-01  5.894e-01  5.907e-01  5.920e-01  5.934e-01  5.947e-01  5.961e-01  5.976e-01  5.991e-01  6.006e-01  6.021e-01  6.037e-01  6.053e-01  6.069e-01  6.085e-01  6.101e-01  6.117e-01  6.132e-01  6.146e-01 	
 4.533e-01  5.180e-01  5.218e-01  5.223e-01  5.258e-01  5.307e-01  5.360e-01  5.412e-01  5.460e-01  5.503e-01  5.543e-01  5.579e-01  5.611e-01  5.641e-01  5.668e-01  5.692e-01  5.714e-01  5.735e-01  5.753e-01  5.771e-01  5.787e-01  5.802e-01  5.816e-01  5.830e-01  5.843e-01  5.856e-01  5.868e-01  5.880e-01  5.892e-01  5.904e-01  5.915e-01  5.927e-01  5.940e-01  5.952e-01  5.965e-01  5.978e-01  5.992e-01  6.005e-01  6.020e-01  6.034e-01  6.049e-01  6.065e-01  6.080e-01  6.096e-01  6.112e-01  6.128e-01  6.144e-01  6.160e-01  6.175e-01  6.189e-01 	
 4.879e-01  5.436e-01  5.419e-01  5.390e-01  5.401e-01  5.434e-01  5.474e-01  5.515e-01  5.555e-01  5.592e-01  5.626e-01  5.657e-01  5.685e-01  5.711e-01  5.734e-01  5.756e-01  5.775e-01  5.794e-01  5.810e-01  5.826e-01  5.840e-01  5.854e-01  5.867e-01  5.879e-01  5.891e-01  5.902e-01  5.914e-01  5.925e-01  5.936e-01  5.947e-01  5.959e-01  5.970e-01  5.982e-01  5.994e-01  6.007e-01  6.020e-01  6.033e-01  6.047e-01  6.061e-01  6.075e-01  6.090e-01  6.106e-01  6.121e-01  6.137e-01  6.153e-01  6.169e-01  6.185e-01  6.201e-01  6.216e-01  6.230e-01 	
 5.189e-01  5.660e-01  5.596e-01  5.538e-01  5.530e-01  5.548e-01  5.577e-01  5.610e-01  5.642e-01  5.673e-01  5.702e-01  5.729e-01  5.753e-01  5.776e-01  5.796e-01  5.815e-01  5.832e-01  5.848e-01  5.863e-01  5.877e-01  5.889e-01  5.902e-01  5.913e-01  5.924e-01  5.935e-01  5.946e-01  5.956e-01  5.967e-01  5.977e-01  5.988e-01  5.999e-01  6.010e-01  6.022e-01  6.034e-01  6.046e-01  6.059e-01  6.072e-01  6.086e-01  6.100e-01  6.114e-01  6.129e-01  6.145e-01  6.160e-01  6.176e-01  6.192e-01  6.209e-01  6.225e-01  6.240e-01  6.255e-01  6.269e-01 	
 5.471e-01  5.864e-01  5.757e-01  5.674e-01  5.647e-01  5.652e-01  5.671e-01  5.695e-01  5.721e-01  5.746e-01  5.770e-01  5.793e-01  5.814e-01  5.833e-01  5.851e-01  5.868e-01  5.883e-01  5.897e-01  5.910e-01  5.922e-01  5.934e-01  5.944e-01  5.955e-01  5.965e-01  5.975e-01  5.985e-01  5.995e-01  6.004e-01  6.014e-01  6.025e-01  6.035e-01  6.046e-01  6.057e-01  6.069e-01  6.081e-01  6.094e-01  6.107e-01  6.121e-01  6.135e-01  6.150e-01  6.165e-01  6.180e-01  6.196e-01  6.212e-01  6.229e-01  6.245e-01  6.261e-01  6.277e-01  6.292e-01  6.306e-01 	
 5.728e-01  6.050e-01  5.906e-01  5.798e-01  5.755e-01  5.747e-01  5.756e-01  5.773e-01  5.793e-01  5.813e-01  5.833e-01  5.852e-01  5.869e-01  5.886e-01  5.901e-01  5.916e-01  5.929e-01  5.941e-01  5.952e-01  5.963e-01  5.973e-01  5.983e-01  5.993e-01  6.002e-01  6.011e-01  6.020e-01  6.029e-01  6.038e-01  6.048e-01  6.058e-01  6.068e-01  6.079e-01  6.090e-01  6.102e-01  6.114e-01  6.127e-01  6.140e-01  6.154e-01  6.168e-01  6.183e-01  6.198e-01  6.214e-01  6.230e-01  6.246e-01  6.263e-01  6.279e-01  6.296e-01  6.312e-01  6.327e-01  6.341e-01 	
 5.959e-01  6.214e-01  6.037e-01  5.909e-01  5.851e-01  5.832e-01  5.833e-01  5.843e-01  5.857e-01  5.873e-01  5.889e-01  5.905e-01  5.920e-01  5.934e-01  5.947e-01  5.959e-01  5.971e-01  5.981e-01  5.991e-01  6.001e-01  6.010e-01  6.018e-01  6.027e-01  6.035e-01  6.043e-01  6.052e-01  6.060e-01  6.069e-01  6.079e-01  6.088e-01  6.098e-01  6.109e-01  6.120e-01  6.132e-01  6.144e-01  6.157e-01  6.170e-01  6.184e-01  6.199e-01  6.214e-01  6.229e-01  6.245e-01  6.261e-01  6.278e-01  6.295e-01  6.312e-01  6.328e-01  6.344e-01  6.360e-01  6.374e-01 	
 6.165e-01  6.359e-01  6.154e-01  6.008e-01  5.938e-01  5.909e-01  5.902e-01  5.906e-01  5.916e-01  5.927e-01  5.940e-01  5.952e-01  5.965e-01  5.976e-01  5.987e-01  5.998e-01  6.007e-01  6.016e-01  6.025e-01  6.033e-01  6.041e-01  6.049e-01  6.056e-01  6.064e-01  6.072e-01  6.080e-01  6.088e-01  6.097e-01  6.106e-01  6.115e-01  6.125e-01  6.136e-01  6.147e-01  6.159e-01  6.171e-01  6.184e-01  6.198e-01  6.212e-01  6.227e-01  6.242e-01  6.258e-01  6.274e-01  6.291e-01  6.308e-01  6.325e-01  6.342e-01  6.359e-01  6.375e-01  6.391e-01  6.406e-01 	
 6.346e-01  6.487e-01  6.258e-01  6.098e-01  6.016e-01  5.979e-01  5.966e-01  5.964e-01  5.969e-01  5.977e-01  5.986e-01  5.996e-01  6.005e-01  6.015e-01  6.024e-01  6.032e-01  6.040e-01  6.048e-01  6.055e-01  6.063e-01  6.069e-01  6.076e-01  6.083e-01  6.090e-01  6.098e-01  6.105e-01  6.113e-01  6.122e-01  6.131e-01  6.140e-01  6.150e-01  6.161e-01  6.172e-01  6.184e-01  6.197e-01  6.210e-01  6.224e-01  6.238e-01  6.254e-01  6.269e-01  6.285e-01  6.302e-01  6.319e-01  6.336e-01  6.354e-01  6.371e-01  6.388e-01  6.405e-01  6.421e-01  6.436e-01 	
 6.501e-01  6.594e-01  6.348e-01  6.176e-01  6.086e-01  6.042e-01  6.023e-01  6.017e-01  6.018e-01  6.022e-01  6.029e-01  6.036e-01  6.043e-01  6.051e-01  6.058e-01  6.065e-01  6.072e-01  6.078e-01  6.085e-01  6.091e-01  6.097e-01  6.103e-01  6.109e-01  6.116e-01  6.123e-01  6.130e-01  6.138e-01  6.147e-01  6.155e-01  6.165e-01  6.175e-01  6.186e-01  6.198e-01  6.210e-01  6.223e-01  6.237e-01  6.251e-01  6.266e-01  6.281e-01  6.297e-01  6.314e-01  6.331e-01  6.348e-01  6.366e-01  6.384e-01  6.402e-01  6.419e-01  6.436e-01  6.453e-01  6.468e-01 	
 6.635e-01  6.686e-01  6.425e-01  6.244e-01  6.146e-01  6.097e-01  6.073e-01  6.063e-01  6.060e-01  6.061e-01  6.065e-01  6.070e-01  6.076e-01  6.081e-01  6.087e-01  6.093e-01  6.098e-01  6.104e-01  6.109e-01  6.115e-01  6.120e-01  6.126e-01  6.132e-01  6.138e-01  6.145e-01  6.153e-01  6.160e-01  6.169e-01  6.178e-01  6.188e-01  6.198e-01  6.210e-01  6.222e-01  6.234e-01  6.248e-01  6.262e-01  6.277e-01  6.292e-01  6.308e-01  6.325e-01  6.342e-01  6.359e-01  6.377e-01  6.395e-01  6.414e-01  6.432e-01  6.450e-01  6.467e-01  6.484e-01  6.499e-01 	
 6.751e-01  6.764e-01  6.492e-01  6.304e-01  6.201e-01  6.146e-01  6.118e-01  6.104e-01  6.098e-01  6.097e-01  6.098e-01  6.101e-01  6.105e-01  6.109e-01  6.114e-01  6.118e-01  6.123e-01  6.127e-01  6.132e-01  6.137e-01  6.142e-01  6.147e-01  6.153e-01  6.159e-01  6.166e-01  6.173e-01  6.181e-01  6.190e-01  6.199e-01  6.209e-01  6.220e-01  6.231e-01  6.244e-01  6.257e-01  6.271e-01  6.285e-01  6.300e-01  6.316e-01  6.333e-01  6.350e-01  6.367e-01  6.385e-01  6.404e-01  6.422e-01  6.441e-01  6.459e-01  6.478e-01  6.496e-01  6.513e-01  6.528e-01 	
 6.852e-01  6.832e-01  6.551e-01  6.357e-01  6.249e-01  6.189e-01  6.157e-01  6.140e-01  6.132e-01  6.128e-01  6.128e-01  6.129e-01  6.131e-01  6.134e-01  6.138e-01  6.141e-01  6.145e-01  6.149e-01  6.153e-01  6.157e-01  6.162e-01  6.167e-01  6.173e-01  6.179e-01  6.186e-01  6.193e-01  6.201e-01  6.210e-01  6.220e-01  6.230e-01  6.241e-01  6.254e-01  6.266e-01  6.280e-01  6.294e-01  6.310e-01  6.325e-01  6.342e-01  6.359e-01  6.377e-01  6.395e-01  6.413e-01  6.432e-01  6.451e-01  6.470e-01  6.489e-01  6.508e-01  6.526e-01  6.544e-01  6.560e-01 	
 6.938e-01  6.890e-01  6.603e-01  6.404e-01  6.290e-01  6.227e-01  6.191e-01  6.171e-01  6.160e-01  6.155e-01  6.152e-01  6.152e-01  6.153e-01  6.155e-01  6.157e-01  6.160e-01  6.163e-01  6.166e-01  6.170e-01  6.174e-01  6.179e-01  6.184e-01  6.189e-01  6.196e-01  6.202e-01  6.210e-01  6.219e-01  6.228e-01  6.238e-01  6.249e-01  6.261e-01  6.273e-01  6.287e-01  6.301e-01  6.316e-01  6.332e-01  6.349e-01  6.366e-01  6.384e-01  6.402e-01  6.421e-01  6.440e-01  6.459e-01  6.479e-01  6.498e-01  6.518e-01  6.537e-01  6.556e-01  6.573e-01  6.590e-01 	
 7.013e-01  6.940e-01  6.650e-01  6.448e-01  6.330e-01  6.263e-01  6.223e-01  6.200e-01  6.187e-01  6.179e-01  6.175e-01  6.173e-01  6.173e-01  6.174e-01  6.175e-01  6.177e-01  6.179e-01  6.182e-01  6.186e-01  6.189e-01  6.194e-01  6.199e-01  6.204e-01  6.211e-01  6.218e-01  6.225e-01  6.234e-01  6.244e-01  6.254e-01  6.266e-01  6.278e-01  6.291e-01  6.306e-01  6.320e-01  6.336e-01  6.353e-01  6.370e-01  6.388e-01  6.406e-01  6.425e-01  6.444e-01  6.464e-01  6.484e-01  6.504e-01  6.524e-01  6.544e-01  6.564e-01  6.583e-01  6.601e-01  6.618e-01 	
 7.075e-01  6.980e-01  6.699e-01  6.499e-01  6.379e-01  6.308e-01  6.265e-01  6.238e-01  6.222e-01  6.212e-01  6.205e-01  6.202e-01  6.200e-01  6.200e-01  6.200e-01  6.201e-01  6.203e-01  6.205e-01  6.208e-01  6.212e-01  6.216e-01  6.221e-01  6.226e-01  6.233e-01  6.240e-01  6.248e-01  6.257e-01  6.267e-01  6.278e-01  6.290e-01  6.303e-01  6.316e-01  6.331e-01  6.346e-01  6.363e-01  6.380e-01  6.397e-01  6.415e-01  6.434e-01  6.453e-01  6.473e-01  6.493e-01  6.513e-01  6.533e-01  6.554e-01  6.574e-01  6.594e-01  6.614e-01  6.632e-01  6.650e-01 	
