 9.577e-01  9.078e-01  8.601e-01  8.158e-01  7.753e-01  7.362e-01  6.995e-01  6.656e-01  6.323e-01  6.002e-01  5.675e-01  5.566e-01  6.431e-01  9.120e-01  9.900e-01  9.900e-01  9.900e-01  9.900e-01  9.900e-01  9.900e-01  9.900e-01  8.888e-01  7.479e-01  6.520e-01  5.591e-01  4.715e-01  3.812e-01  1.953e-01  1.000e-08  1.000e-08  1.000e-08  1.000e-08  1.000e-08  1.000e-08  1.000e-08  1.000e-08  1.000e-08  1.000e-08  1.000e-08  1.000e-08  1.000e-08  1.000e-08  1.000e-08  1.000e-08  1.000e-08  1.000e-08  1.000e-08  1.000e-08  1.000e-08  1.000e-08 	
 8.458e-01  7.991e-01  7.573e-01  7.176e-01  6.810e-01  6.469e-01  6.151e-01  5.868e-01  5.619e-01  5.422e-01  5.336e-01  5.412e-01  6.007e-01  8.189e-01  9.900e-01  9.900e-01  9.900e-01  9.900e-01  9.900e-01  9.900e-01  9.900e-01  9.900e-01  8.664e-01  7.750e-01  7.273e-01  7.206e-01  7.389e-01  7.354e-01  7.151e-01  6.967e-01  6.880e-01  6.442e-01  5.994e-01  5.792e-01  5.984e-01  6.018e-01  6.747e-01  8.622e-01  9.900e-01  9.900e-01  9.900e-01  9.900e-01  9.900e-01  9.900e-01  9.900e-01  9.900e-01  9.900e-01  9.900e-01  9.900e-01  1.000e-08 	
 7.610e-01  7.203e-01  6.830e-01  6.487e-01  6.176e-01  5.896e-01  5.653e-01  5.453e-01  5.315e-01  5.265e-01  5.354e-01  5.573e-01  6.262e-01  7.612e-01  9.789e-01  9.900e-01  9.900e-01  9.900e-01  9.900e-01  9.900e-01  9.900e-01  9.900e-01  9.900e-01  9.221e-01  8.134e-01  7.640e-01  7.638e-01  7.616e-01  7.528e-01  7.459e-01  7.414e-01  7.011e-01  6.496e-01  6.065e-01  5.826e-01  5.081e-01  4.469e-01  4.260e-01  4.700e-01  5.163e-01  7.312e-01  9.900e-01  9.900e-01  9.900e-01  9.900e-01  9.900e-01  9.900e-01  9.900e-01  9.900e-01  1.000e-08 	
 6.982e-01  6.627e-01  6.304e-01  6.012e-01  5.762e-01  5.544e-01  5.372e-01  5.250e-01  5.207e-01  5.251e-01  5.417e-01  5.639e-01  6.470e-01  7.841e-01  9.405e-01  9.900e-01  9.900e-01  9.900e-01  9.900e-01  9.900e-01  9.900e-01  9.900e-01  9.900e-01  9.900e-01  9.609e-01  8.418e-01  7.899e-01  7.647e-01  7.507e-01  7.489e-01  7.521e-01  7.165e-01  6.644e-01  6.103e-01  5.644e-01  4.473e-01  3.142e-01  1.835e-01  7.194e-02  1.000e-08  1.000e-08  1.000e-08  1.000e-08  1.000e-08  1.000e-08  9.900e-01  9.900e-01  9.900e-01  9.900e-01  1.000e-08 	
 6.523e-01  6.214e-01  5.934e-01  5.697e-01  5.493e-01  5.332e-01  5.224e-01  5.170e-01  5.185e-01  5.292e-01  5.495e-01  5.697e-01  6.500e-01  8.087e-01  9.787e-01  9.900e-01  9.900e-01  9.900e-01  9.900e-01  9.950e-01  9.900e-01  9.900e-01  9.900e-01  9.900e-01  9.900e-01  9.900e-01  8.785e-01  8.025e-01  7.619e-01  7.542e-01  7.646e-01  7.450e-01  7.111e-01  6.729e-01  6.382e-01  5.412e-01  4.272e-01  3.114e-01  2.058e-01  1.000e-08  1.000e-08  1.000e-08  1.000e-08  1.000e-08  1.000e-08  1.000e-08  9.900e-01  9.900e-01  9.900e-01  1.000e-08 	
 6.180e-01  5.918e-01  5.689e-01  5.490e-01  5.335e-01  5.223e-01  5.162e-01  5.153e-01  5.218e-01  5.358e-01  5.576e-01  5.761e-01  6.436e-01  8.065e-01  9.763e-01  9.900e-01  9.900e-01  9.900e-01  9.900e-01  9.900e-01  9.946e-01  9.900e-01  9.900e-01  9.900e-01  9.900e-01  9.900e-01  9.900e-01  9.083e-01  8.138e-01  7.725e-01  7.724e-01  7.593e-01  7.413e-01  7.226e-01  7.052e-01  6.349e-01  5.502e-01  4.633e-01  3.845e-01  1.876e-01  1.000e-08  1.000e-08  1.000e-08  1.000e-08  1.000e-08  1.000e-08  9.900e-01  9.900e-01  9.900e-01  1.000e-08 	
 5.937e-01  5.711e-01  5.517e-01  5.364e-01  5.248e-01  5.176e-01  5.150e-01  5.183e-01  5.274e-01  5.434e-01  5.657e-01  5.810e-01  6.380e-01  7.838e-01  9.540e-01  9.900e-01  9.900e-01  9.900e-01  9.900e-01  9.900e-01  9.900e-01  9.944e-01  9.900e-01  9.900e-01  9.900e-01  9.900e-01  9.900e-01  9.900e-01  9.417e-01  8.388e-01  7.968e-01  7.687e-01  7.539e-01  7.487e-01  7.478e-01  7.020e-01  6.430e-01  5.816e-01  5.255e-01  3.789e-01  2.177e-01  5.238e-02  1.000e-08  1.000e-08  1.000e-08  1.000e-08  9.900e-01  9.900e-01  9.900e-01  1.000e-08 	
 5.763e-01  5.571e-01  5.410e-01  5.291e-01  5.206e-01  5.168e-01  5.174e-01  5.233e-01  5.350e-01  5.521e-01  5.737e-01  5.848e-01  6.357e-01  7.740e-01  9.354e-01  9.900e-01  9.900e-01  9.900e-01  9.900e-01  9.900e-01  9.900e-01  9.900e-01  9.951e-01  9.933e-01  9.900e-01  9.900e-01  9.900e-01  9.900e-01  9.900e-01  9.845e-01  8.732e-01  8.020e-01  7.658e-01  7.588e-01  7.678e-01  7.413e-01  7.051e-01  6.658e-01  6.289e-01  5.209e-01  4.021e-01  2.817e-01  1.549e-01  1.000e-08  1.000e-08  1.000e-08  9.900e-01  9.900e-01  9.900e-01  1.000e-08 	
 5.647e-01  5.483e-01  5.355e-01  5.262e-01  5.205e-01  5.188e-01  5.219e-01  5.298e-01  5.430e-01  5.608e-01  5.815e-01  5.902e-01  6.283e-01  7.590e-01  9.164e-01  9.900e-01  9.900e-01  9.900e-01  9.900e-01  9.900e-01  9.900e-01  9.900e-01  9.900e-01  9.900e-01  9.903e-01  9.900e-01  9.900e-01  9.900e-01  9.900e-01  9.900e-01  9.900e-01  8.978e-01  8.122e-01  7.753e-01  7.763e-01  7.585e-01  7.399e-01  7.204e-01  7.015e-01  6.238e-01  5.375e-01  4.499e-01  3.579e-01  1.585e-01  1.000e-08  1.000e-08  7.339e-01  9.900e-01  9.900e-01  1.000e-08 	
 5.572e-01  5.433e-01  5.327e-01  5.258e-01  5.225e-01  5.234e-01  5.280e-01  5.372e-01  5.512e-01  5.694e-01  5.893e-01  5.955e-01  6.282e-01  7.412e-01  9.065e-01  9.900e-01  9.900e-01  9.900e-01  9.900e-01  9.900e-01  9.900e-01  9.900e-01  9.900e-01  9.900e-01  9.900e-01  9.884e-01  9.900e-01  9.900e-01  9.900e-01  9.900e-01  9.900e-01  9.900e-01  9.299e-01  8.341e-01  7.975e-01  7.679e-01  7.542e-01  7.491e-01  7.465e-01  6.943e-01  6.346e-01  5.725e-01  5.066e-01  3.578e-01  2.194e-01  2.009e-01  6.312e-01  9.900e-01  6.873e-01  1.000e-08 	
 5.525e-01  5.410e-01  5.327e-01  5.275e-01  5.261e-01  5.283e-01  5.347e-01  5.450e-01  5.596e-01  5.777e-01  5.964e-01  6.008e-01  6.275e-01  7.450e-01  9.000e-01  9.973e-01  9.900e-01  9.900e-01  9.900e-01  9.900e-01  9.900e-01  9.900e-01  9.900e-01  9.900e-01  9.900e-01  9.900e-01  9.938e-01  9.986e-01  9.900e-01  9.900e-01  9.900e-01  9.900e-01  9.900e-01  9.709e-01  8.672e-01  7.985e-01  7.663e-01  7.611e-01  7.694e-01  7.372e-01  7.002e-01  6.600e-01  6.149e-01  5.036e-01  3.981e-01  3.688e-01  6.151e-01  9.900e-01  4.451e-01  1.000e-08 	
 5.506e-01  5.410e-01  5.342e-01  5.307e-01  5.309e-01  5.347e-01  5.419e-01  5.529e-01  5.677e-01  5.850e-01  6.032e-01  6.062e-01  6.288e-01  7.289e-01  8.935e-01  9.902e-01  9.900e-01  9.900e-01  9.900e-01  9.900e-01  9.900e-01  9.900e-01  9.900e-01  9.900e-01  9.900e-01  9.900e-01  9.900e-01  9.900e-01  9.903e-01  9.900e-01  9.900e-01  9.900e-01  9.900e-01  9.900e-01  9.900e-01  8.868e-01  8.077e-01  7.766e-01  7.795e-01  7.574e-01  7.379e-01  7.175e-01  6.912e-01  6.099e-01  5.301e-01  4.991e-01  6.384e-01  9.900e-01  3.674e-01  1.000e-08 	
 5.507e-01  5.425e-01  5.373e-01  5.356e-01  5.364e-01  5.409e-01  5.492e-01  5.604e-01  5.754e-01  5.924e-01  6.093e-01  6.117e-01  6.320e-01  7.289e-01  8.830e-01  9.782e-01  9.900e-01  9.900e-01  9.900e-01  9.900e-01  9.900e-01  9.900e-01  9.900e-01  9.900e-01  9.900e-01  9.900e-01  9.900e-01  9.900e-01  9.993e-01  9.869e-01  9.900e-01  9.900e-01  9.900e-01  9.900e-01  9.900e-01  9.900e-01  9.168e-01  8.301e-01  7.991e-01  7.684e-01  7.550e-01  7.494e-01  7.399e-01  6.838e-01  6.264e-01  5.991e-01  6.772e-01  9.959e-01  3.789e-01  1.000e-08 	
 5.520e-01  5.453e-01  5.415e-01  5.406e-01  5.425e-01  5.476e-01  5.565e-01  5.679e-01  5.822e-01  5.986e-01  6.150e-01  6.164e-01  6.333e-01  7.276e-01  8.904e-01  9.762e-01  9.900e-01  9.900e-01  9.900e-01  9.900e-01  9.900e-01  9.900e-01  9.900e-01  9.900e-01  9.900e-01  9.900e-01  9.900e-01  9.900e-01  9.900e-01  9.900e-01  9.924e-01  9.900e-01  9.900e-01  9.900e-01  9.900e-01  9.900e-01  9.900e-01  9.551e-01  8.617e-01  7.961e-01  7.677e-01  7.635e-01  7.661e-01  7.298e-01  6.923e-01  6.732e-01  7.179e-01  9.031e-01  4.348e-01  1.000e-08 	
 5.548e-01  5.490e-01  5.458e-01  5.460e-01  5.487e-01  5.545e-01  5.632e-01  5.750e-01  5.890e-01  6.051e-01  6.197e-01  6.200e-01  6.325e-01  7.173e-01  8.727e-01  9.623e-01  9.900e-01  9.900e-01  9.900e-01  9.900e-01  9.900e-01  9.900e-01  9.900e-01  9.900e-01  9.900e-01  9.900e-01  9.900e-01  9.900e-01  9.900e-01  9.900e-01  9.900e-01  9.964e-01  9.915e-01  9.900e-01  9.900e-01  9.900e-01  9.900e-01  9.900e-01  9.934e-01  8.767e-01  8.053e-01  7.791e-01  7.783e-01  7.535e-01  7.321e-01  7.237e-01  7.531e-01  8.610e-01  5.074e-01  1.000e-08 	
 5.580e-01  5.536e-01  5.510e-01  5.518e-01  5.549e-01  5.609e-01  5.700e-01  5.814e-01  5.956e-01  6.108e-01  6.245e-01  6.238e-01  6.318e-01  7.053e-01  8.505e-01  9.582e-01  9.967e-01  9.900e-01  9.900e-01  9.900e-01  9.900e-01  9.900e-01  9.900e-01  9.900e-01  9.900e-01  9.900e-01  9.900e-01  9.900e-01  9.900e-01  9.900e-01  9.900e-01  9.900e-01  9.963e-01  9.890e-01  9.900e-01  9.900e-01  9.900e-01  9.900e-01  9.900e-01  9.900e-01  9.042e-01  8.277e-01  7.977e-01  7.664e-01  7.518e-01  7.529e-01  7.772e-01  8.437e-01  5.796e-01  1.000e-08 	
 5.625e-01  5.583e-01  5.566e-01  5.577e-01  5.612e-01  5.675e-01  5.766e-01  5.882e-01  6.013e-01  6.161e-01  6.291e-01  6.272e-01  6.325e-01  7.026e-01  8.545e-01  9.614e-01  9.952e-01  9.900e-01  9.900e-01  9.900e-01  9.900e-01  9.900e-01  9.900e-01  9.900e-01  9.900e-01  9.900e-01  9.900e-01  9.900e-01  9.900e-01  9.900e-01  9.900e-01  9.900e-01  9.900e-01  9.900e-01  9.904e-01  9.900e-01  9.900e-01  9.900e-01  9.900e-01  9.900e-01  9.900e-01  9.403e-01  8.543e-01  7.931e-01  7.663e-01  7.669e-01  7.895e-01  8.336e-01  6.403e-01  1.000e-08 	
 5.676e-01  5.636e-01  5.623e-01  5.636e-01  5.678e-01  5.742e-01  5.826e-01  5.938e-01  6.069e-01  6.207e-01  6.329e-01  6.306e-01  6.349e-01  7.041e-01  8.596e-01  9.607e-01  9.965e-01  9.900e-01  9.900e-01  9.900e-01  9.900e-01  9.900e-01  9.900e-01  9.900e-01  9.900e-01  9.900e-01  9.900e-01  9.900e-01  9.900e-01  9.900e-01  9.900e-01  9.900e-01  9.900e-01  9.900e-01  9.900e-01  9.898e-01  9.939e-01  9.900e-01  9.900e-01  9.900e-01  9.900e-01  9.900e-01  9.744e-01  8.658e-01  8.013e-01  7.820e-01  7.949e-01  8.239e-01  6.832e-01  1.000e-08 	
 5.724e-01  5.692e-01  5.686e-01  5.703e-01  5.738e-01  5.802e-01  5.892e-01  5.998e-01  6.121e-01  6.253e-01  6.366e-01  6.338e-01  6.359e-01  7.000e-01  8.589e-01  9.568e-01  9.965e-01  9.900e-01  9.900e-01  9.900e-01  9.900e-01  9.900e-01  9.900e-01  9.900e-01  9.900e-01  9.900e-01  9.900e-01  9.900e-01  9.900e-01  9.900e-01  9.900e-01  9.900e-01  9.900e-01  9.900e-01  9.900e-01  9.900e-01  9.943e-01  9.919e-01  9.900e-01  9.900e-01  9.900e-01  9.900e-01  9.900e-01  9.900e-01  8.889e-01  8.244e-01  8.090e-01  8.175e-01  7.102e-01  1.000e-08 	
 5.779e-01  5.748e-01  5.745e-01  5.762e-01  5.802e-01  5.868e-01  5.951e-01  6.053e-01  6.173e-01  6.294e-01  6.401e-01  6.367e-01  6.375e-01  6.952e-01  8.467e-01  9.509e-01  9.848e-01  9.991e-01  9.900e-01  9.900e-01  9.900e-01  9.900e-01  9.900e-01  9.900e-01  9.900e-01  9.900e-01  9.900e-01  9.900e-01  9.900e-01  9.900e-01  9.900e-01  9.900e-01  9.900e-01  9.900e-01  9.900e-01  9.900e-01  9.900e-01  9.900e-01  9.892e-01  9.900e-01  9.900e-01  9.900e-01  9.900e-01  9.900e-01  9.900e-01  9.206e-01  8.560e-01  8.317e-01  7.348e-01  1.000e-08 	
 5.837e-01  5.810e-01  5.809e-01  5.823e-01  5.863e-01  5.927e-01  6.008e-01  6.109e-01  6.217e-01  6.341e-01  6.436e-01  6.397e-01  6.388e-01  6.899e-01  8.373e-01  9.426e-01  9.797e-01  9.973e-01  9.900e-01  9.900e-01  9.900e-01  9.900e-01  9.900e-01  9.900e-01  9.900e-01  9.900e-01  9.900e-01  9.900e-01  9.900e-01  9.900e-01  9.900e-01  9.900e-01  9.900e-01  9.900e-01  9.900e-01  9.900e-01  9.900e-01  9.900e-01  9.900e-01  9.878e-01  9.900e-01  9.900e-01  9.900e-01  9.900e-01  9.900e-01  9.900e-01  9.562e-01  8.898e-01  7.819e-01  1.000e-08 	
 5.895e-01  5.873e-01  5.868e-01  5.887e-01  5.925e-01  5.987e-01  6.064e-01  6.155e-01  6.267e-01  6.374e-01  6.464e-01  6.423e-01  6.396e-01  6.843e-01  8.259e-01  9.341e-01  9.837e-01  9.900e-01  9.900e-01  9.900e-01  9.900e-01  9.900e-01  9.900e-01  9.900e-01  9.900e-01  9.900e-01  9.900e-01  9.900e-01  9.900e-01  9.900e-01  9.900e-01  9.900e-01  9.900e-01  9.900e-01  9.900e-01  9.900e-01  9.900e-01  9.900e-01  9.900e-01  9.900e-01  9.899e-01  9.934e-01  9.900e-01  9.900e-01  9.900e-01  9.900e-01  9.900e-01  9.900e-01  8.789e-01  6.990e-02 	
 5.956e-01  5.934e-01  5.931e-01  5.948e-01  5.985e-01  6.045e-01  6.117e-01  6.207e-01  6.309e-01  6.413e-01  6.494e-01  6.447e-01  6.406e-01  6.799e-01  8.146e-01  9.290e-01  9.818e-01  9.983e-01  9.992e-01  9.992e-01  9.900e-01  9.900e-01  9.900e-01  9.900e-01  9.900e-01  9.900e-01  9.900e-01  9.900e-01  9.900e-01  9.900e-01  9.900e-01  9.900e-01  9.900e-01  9.900e-01  9.900e-01  9.900e-01  9.900e-01  9.900e-01  9.900e-01  9.900e-01  9.900e-01  9.943e-01  9.886e-01  9.900e-01  9.900e-01  9.900e-01  9.900e-01  9.900e-01  9.900e-01  4.167e-01 	
 6.021e-01  5.993e-01  5.995e-01  6.006e-01  6.040e-01  6.095e-01  6.165e-01  6.251e-01  6.350e-01  6.444e-01  6.524e-01  6.468e-01  6.414e-01  6.752e-01  8.034e-01  9.217e-01  9.752e-01  9.941e-01  9.996e-01  9.900e-01  9.900e-01  9.900e-01  9.900e-01  9.900e-01  9.900e-01  9.900e-01  9.900e-01  9.900e-01  9.900e-01  9.900e-01  9.900e-01  9.900e-01  9.900e-01  9.900e-01  9.900e-01  9.900e-01  9.900e-01  9.900e-01  9.900e-01  9.900e-01  9.900e-01  9.900e-01  9.926e-01  9.852e-01  9.900e-01  9.900e-01  9.900e-01  9.900e-01  9.900e-01  7.753e-01 	
 6.082e-01  6.063e-01  6.054e-01  6.067e-01  6.101e-01  6.146e-01  6.217e-01  6.298e-01  6.387e-01  6.476e-01  6.543e-01  6.485e-01  6.422e-01  6.722e-01  7.963e-01  9.116e-01  9.718e-01  9.935e-01  9.900e-01  9.900e-01  9.900e-01  9.900e-01  9.900e-01  9.900e-01  9.900e-01  9.900e-01  9.900e-01  9.900e-01  9.900e-01  9.900e-01  9.900e-01  9.900e-01  9.900e-01  9.900e-01  9.900e-01  9.900e-01  9.900e-01  9.900e-01  9.900e-01  9.900e-01  9.900e-01  9.900e-01  9.900e-01  9.900e-01  9.835e-01  9.900e-01  9.900e-01  9.900e-01  9.900e-01  9.900e-01 	
 6.146e-01  6.121e-01  6.114e-01  6.127e-01  6.158e-01  6.198e-01  6.264e-01  6.336e-01  6.420e-01  6.501e-01  6.568e-01  6.505e-01  6.431e-01  6.700e-01  7.892e-01  9.097e-01  9.672e-01  9.927e-01  9.900e-01  9.900e-01  9.900e-01  9.900e-01  9.900e-01  9.900e-01  9.900e-01  9.900e-01  9.900e-01  9.900e-01  9.900e-01  9.900e-01  9.900e-01  9.900e-01  9.900e-01  9.900e-01  9.900e-01  9.900e-01  9.900e-01  9.900e-01  9.900e-01  9.900e-01  9.900e-01  9.900e-01  9.900e-01  9.900e-01  9.954e-01  9.785e-01  9.900e-01  9.900e-01  9.900e-01  9.900e-01 	
 6.216e-01  6.188e-01  6.175e-01  6.182e-01  6.208e-01  6.251e-01  6.306e-01  6.375e-01  6.456e-01  6.528e-01  6.585e-01  6.526e-01  6.446e-01  6.689e-01  7.799e-01  9.003e-01  9.617e-01  9.895e-01  9.900e-01  9.900e-01  9.900e-01  9.900e-01  9.900e-01  9.900e-01  9.900e-01  9.900e-01  9.900e-01  9.900e-01  9.900e-01  9.900e-01  9.900e-01  9.900e-01  9.900e-01  9.900e-01  9.900e-01  9.900e-01  9.900e-01  9.900e-01  9.900e-01  9.900e-01  9.900e-01  9.900e-01  9.900e-01  9.900e-01  9.900e-01  9.989e-01  9.873e-01  9.900e-01  9.900e-01  9.900e-01 	
 6.279e-01  6.247e-01  6.236e-01  6.240e-01  6.263e-01  6.300e-01  6.351e-01  6.416e-01  6.487e-01  6.554e-01  6.603e-01  6.540e-01  6.461e-01  6.679e-01  7.745e-01  8.894e-01  9.569e-01  9.864e-01  9.971e-01  9.900e-01  9.900e-01  9.900e-01  9.900e-01  9.900e-01  9.900e-01  9.900e-01  9.900e-01  9.900e-01  9.900e-01  9.900e-01  9.900e-01  9.900e-01  9.900e-01  9.900e-01  9.900e-01  9.900e-01  9.900e-01  9.900e-01  9.900e-01  9.900e-01  9.900e-01  9.900e-01  9.900e-01  9.900e-01  9.900e-01  9.900e-01  9.900e-01  9.900e-01  9.900e-01  9.900e-01 	
 6.348e-01  6.313e-01  6.298e-01  6.296e-01  6.313e-01  6.346e-01  6.394e-01  6.451e-01  6.515e-01  6.582e-01  6.622e-01  6.555e-01  6.470e-01  6.656e-01  7.616e-01  8.762e-01  9.473e-01  9.817e-01  9.948e-01  9.976e-01  9.900e-01  9.900e-01  9.900e-01  9.900e-01  9.900e-01  9.900e-01  9.900e-01  9.900e-01  9.900e-01  9.900e-01  9.900e-01  9.900e-01  9.900e-01  9.900e-01  9.900e-01  9.900e-01  9.900e-01  9.900e-01  9.900e-01  9.900e-01  9.900e-01  9.900e-01  9.900e-01  9.900e-01  9.900e-01  9.900e-01  9.900e-01  9.900e-01  9.900e-01  9.900e-01 	
 6.413e-01  6.376e-01  6.355e-01  6.353e-01  6.365e-01  6.394e-01  6.434e-01  6.489e-01  6.545e-01  6.603e-01  6.638e-01  6.566e-01  6.475e-01  6.636e-01  7.544e-01  8.678e-01  9.418e-01  9.773e-01  9.919e-01  9.971e-01  9.900e-01  9.900e-01  9.900e-01  9.900e-01  9.900e-01  9.900e-01  9.900e-01  9.900e-01  9.900e-01  9.900e-01  9.900e-01  9.900e-01  9.900e-01  9.900e-01  9.900e-01  9.900e-01  9.900e-01  9.900e-01  9.900e-01  9.900e-01  9.900e-01  9.900e-01  9.900e-01  9.900e-01  9.900e-01  9.900e-01  9.900e-01  9.900e-01  9.900e-01  9.900e-01 	
 6.484e-01  6.440e-01  6.422e-01  6.410e-01  6.416e-01  6.440e-01  6.473e-01  6.519e-01  6.573e-01  6.623e-01  6.651e-01  6.579e-01  6.483e-01  6.625e-01  7.465e-01  8.563e-01  9.344e-01  9.746e-01  9.914e-01  9.986e-01  9.900e-01  9.900e-01  9.900e-01  9.900e-01  9.900e-01  9.900e-01  9.900e-01  9.900e-01  9.900e-01  9.900e-01  9.900e-01  9.900e-01  9.900e-01  9.900e-01  9.900e-01  9.900e-01  9.900e-01  9.900e-01  9.900e-01  9.900e-01  9.900e-01  9.900e-01  9.900e-01  9.900e-01  9.900e-01  9.900e-01  9.900e-01  9.900e-01  9.900e-01  9.900e-01 	
 6.554e-01  6.509e-01  6.480e-01  6.463e-01  6.468e-01  6.483e-01  6.516e-01  6.550e-01  6.595e-01  6.641e-01  6.663e-01  6.591e-01  6.490e-01  6.601e-01  7.345e-01  8.434e-01  9.264e-01  9.704e-01  9.897e-01  9.958e-01  9.995e-01  9.900e-01  9.900e-01  9.900e-01  9.900e-01  9.900e-01  9.900e-01  9.900e-01  9.900e-01  9.900e-01  9.900e-01  9.900e-01  9.900e-01  9.900e-01  9.900e-01  9.900e-01  9.900e-01  9.900e-01  9.900e-01  9.900e-01  9.900e-01  9.900e-01  9.900e-01  9.900e-01  9.900e-01  9.900e-01  9.900e-01  9.900e-01  9.900e-01  9.900e-01 	
 6.628e-01  6.572e-01  6.543e-01  6.524e-01  6.521e-01  6.527e-01  6.552e-01  6.585e-01  6.626e-01  6.663e-01  6.681e-01  6.604e-01  6.494e-01  6.585e-01  7.287e-01  8.348e-01  9.195e-01  9.664e-01  9.854e-01  9.954e-01  9.995e-01  9.900e-01  9.900e-01  9.900e-01  9.900e-01  9.900e-01  9.900e-01  9.900e-01  9.900e-01  9.900e-01  9.900e-01  9.900e-01  9.900e-01  9.900e-01  9.900e-01  9.900e-01  9.900e-01  9.900e-01  9.900e-01  9.900e-01  9.900e-01  9.900e-01  9.900e-01  9.900e-01  9.900e-01  9.900e-01  9.900e-01  9.900e-01  9.900e-01  9.900e-01 	
 6.699e-01  6.642e-01  6.606e-01  6.578e-01  6.566e-01  6.572e-01  6.587e-01  6.616e-01  6.645e-01  6.678e-01  6.688e-01  6.610e-01  6.499e-01  6.565e-01  7.188e-01  8.232e-01  9.108e-01  9.594e-01  9.837e-01  9.937e-01  9.981e-01  9.900e-01  9.900e-01  9.900e-01  9.900e-01  9.900e-01  9.900e-01  9.900e-01  9.900e-01  9.900e-01  9.900e-01  9.900e-01  9.900e-01  9.900e-01  9.900e-01  9.900e-01  9.900e-01  9.900e-01  9.900e-01  9.900e-01  9.900e-01  9.900e-01  9.900e-01  9.900e-01  9.900e-01  9.900e-01  9.900e-01  9.900e-01  9.900e-01  9.900e-01 	
 6.778e-01  6.711e-01  6.670e-01  6.632e-01  6.619e-01  6.616e-01  6.624e-01  6.644e-01  6.673e-01  6.698e-01  6.702e-01  6.620e-01  6.503e-01  6.537e-01  7.071e-01  8.065e-01  8.992e-01  9.549e-01  9.802e-01  9.915e-01  9.976e-01  9.995e-01  9.900e-01  9.900e-01  9.900e-01  9.900e-01  9.900e-01  9.900e-01  9.900e-01  9.900e-01  9.900e-01  9.900e-01  9.900e-01  9.900e-01  9.900e-01  9.900e-01  9.900e-01  9.900e-01  9.900e-01  9.900e-01  9.900e-01  9.900e-01  9.900e-01  9.900e-01  9.900e-01  9.900e-01  9.900e-01  9.900e-01  9.900e-01  9.900e-01 	
 6.854e-01  6.781e-01  6.730e-01  6.696e-01  6.673e-01  6.662e-01  6.660e-01  6.677e-01  6.693e-01  6.709e-01  6.714e-01  6.626e-01  6.504e-01  6.519e-01  6.981e-01  7.952e-01  8.888e-01  9.479e-01  9.774e-01  9.900e-01  9.961e-01  9.986e-01  9.995e-01  9.900e-01  9.900e-01  9.900e-01  9.900e-01  9.900e-01  9.900e-01  9.900e-01  9.900e-01  9.900e-01  9.900e-01  9.900e-01  9.900e-01  9.900e-01  9.900e-01  9.900e-01  9.900e-01  9.900e-01  9.900e-01  9.900e-01  9.900e-01  9.900e-01  9.900e-01  9.900e-01  9.900e-01  9.900e-01  9.900e-01  9.900e-01 	
 6.935e-01  6.860e-01  6.799e-01  6.755e-01  6.723e-01  6.707e-01  6.702e-01  6.705e-01  6.718e-01  6.729e-01  6.722e-01  6.634e-01  6.510e-01  6.496e-01  6.894e-01  7.823e-01  8.786e-01  9.423e-01  9.749e-01  9.885e-01  9.942e-01  9.971e-01  9.985e-01  9.990e-01  9.995e-01  9.900e-01  9.900e-01  9.900e-01  9.900e-01  9.900e-01  9.900e-01  9.900e-01  9.900e-01  9.900e-01  9.900e-01  9.900e-01  9.900e-01  9.900e-01  9.900e-01  9.900e-01  9.900e-01  9.900e-01  9.900e-01  9.900e-01  9.900e-01  9.900e-01  9.900e-01  9.900e-01  9.900e-01  9.900e-01 	
 7.017e-01  6.939e-01  6.867e-01  6.815e-01  6.773e-01  6.753e-01  6.739e-01  6.738e-01  6.738e-01  6.742e-01  6.734e-01  6.642e-01  6.513e-01  6.479e-01  6.813e-01  7.693e-01  8.681e-01  9.349e-01  9.703e-01  9.860e-01  9.932e-01  9.966e-01  9.981e-01  9.985e-01  9.980e-01  9.990e-01  9.900e-01  9.900e-01  9.900e-01  9.900e-01  9.900e-01  9.900e-01  9.900e-01  9.900e-01  9.900e-01  9.900e-01  9.900e-01  9.900e-01  9.900e-01  9.900e-01  9.900e-01  9.900e-01  9.900e-01  9.900e-01  9.900e-01  9.900e-01  9.900e-01  9.900e-01  9.900e-01  9.900e-01 	
 7.113e-01  7.020e-01  6.942e-01  6.879e-01  6.833e-01  6.794e-01  6.776e-01  6.763e-01  6.759e-01  6.759e-01  6.742e-01  6.645e-01  6.516e-01  6.466e-01  6.737e-01  7.551e-01  8.536e-01  9.256e-01  9.653e-01  9.835e-01  9.918e-01  9.951e-01  9.971e-01  9.976e-01  9.971e-01  9.990e-01  9.900e-01  9.900e-01  9.900e-01  9.900e-01  9.900e-01  9.900e-01  9.900e-01  9.900e-01  9.900e-01  9.900e-01  9.900e-01  9.900e-01  9.900e-01  9.900e-01  9.900e-01  9.900e-01  9.900e-01  9.900e-01  9.900e-01  9.900e-01  9.900e-01  9.900e-01  9.900e-01  9.900e-01 	
 7.205e-01  7.100e-01  7.016e-01  6.942e-01  6.887e-01  6.845e-01  6.814e-01  6.792e-01  6.784e-01  6.775e-01  6.747e-01  6.650e-01  6.521e-01  6.454e-01  6.668e-01  7.404e-01  8.398e-01  9.173e-01  9.609e-01  9.811e-01  9.908e-01  9.948e-01  9.967e-01  9.976e-01  9.981e-01  9.990e-01  9.900e-01  9.900e-01  9.900e-01  9.995e-01  9.900e-01  9.900e-01  9.900e-01  9.900e-01  9.900e-01  9.900e-01  9.900e-01  9.900e-01  9.900e-01  9.900e-01  9.900e-01  9.900e-01  9.900e-01  9.900e-01  9.900e-01  9.900e-01  9.900e-01  9.900e-01  9.900e-01  9.900e-01 	
 7.307e-01  7.194e-01  7.095e-01  7.015e-01  6.946e-01  6.890e-01  6.855e-01  6.826e-01  6.805e-01  6.784e-01  6.755e-01  6.655e-01  6.524e-01  6.444e-01  6.606e-01  7.294e-01  8.283e-01  9.080e-01  9.551e-01  9.781e-01  9.891e-01  9.934e-01  9.957e-01  9.971e-01  9.976e-01  9.981e-01  9.986e-01  9.991e-01  9.995e-01  9.900e-01  9.900e-01  9.900e-01  9.900e-01  9.900e-01  9.900e-01  9.900e-01  9.900e-01  9.900e-01  9.900e-01  9.900e-01  9.900e-01  9.900e-01  9.900e-01  9.900e-01  9.900e-01  9.900e-01  9.900e-01  9.900e-01  9.900e-01  9.900e-01 	
 7.421e-01  7.295e-01  7.184e-01  7.090e-01  7.010e-01  6.945e-01  6.897e-01  6.859e-01  6.827e-01  6.797e-01  6.760e-01  6.660e-01  6.526e-01  6.434e-01  6.557e-01  7.167e-01  8.140e-01  8.965e-01  9.480e-01  9.746e-01  9.870e-01  9.919e-01  9.952e-01  9.966e-01  9.976e-01  9.981e-01  9.986e-01  9.986e-01  9.991e-01  9.995e-01  9.990e-01  9.900e-01  9.900e-01  9.900e-01  9.900e-01  9.900e-01  9.900e-01  9.900e-01  9.900e-01  9.900e-01  9.900e-01  9.900e-01  9.900e-01  9.900e-01  9.900e-01  9.900e-01  9.900e-01  9.996e-01  9.996e-01  9.900e-01 	
 7.541e-01  7.402e-01  7.282e-01  7.172e-01  7.078e-01  7.003e-01  6.938e-01  6.892e-01  6.847e-01  6.811e-01  6.766e-01  6.665e-01  6.530e-01  6.430e-01  6.513e-01  7.043e-01  7.980e-01  8.848e-01  9.410e-01  9.704e-01  9.843e-01  9.912e-01  9.942e-01  9.961e-01  9.971e-01  9.976e-01  9.981e-01  9.981e-01  9.990e-01  9.985e-01  9.986e-01  9.990e-01  9.995e-01  9.900e-01  9.900e-01  9.900e-01  9.900e-01  9.900e-01  9.900e-01  9.900e-01  9.900e-01  9.900e-01  9.900e-01  9.900e-01  9.900e-01  9.900e-01  9.900e-01  9.991e-01  9.974e-01  9.900e-01 	
 7.672e-01  7.519e-01  7.386e-01  7.264e-01  7.159e-01  7.071e-01  6.991e-01  6.929e-01  6.877e-01  6.828e-01  6.776e-01  6.672e-01  6.532e-01  6.425e-01  6.476e-01  6.926e-01  7.821e-01  8.715e-01  9.338e-01  9.665e-01  9.819e-01  9.893e-01  9.932e-01  9.951e-01  9.961e-01  9.971e-01  9.971e-01  9.975e-01  9.980e-01  9.981e-01  9.981e-01  9.986e-01  9.991e-01  9.900e-01  9.900e-01  9.900e-01  9.900e-01  9.900e-01  9.900e-01  9.900e-01  9.900e-01  9.900e-01  9.900e-01  9.900e-01  9.900e-01  9.995e-01  9.986e-01  9.973e-01  9.965e-01  9.900e-01 	
 7.822e-01  7.657e-01  7.501e-01  7.366e-01  7.245e-01  7.141e-01  7.044e-01  6.969e-01  6.901e-01  6.842e-01  6.777e-01  6.673e-01  6.538e-01  6.422e-01  6.443e-01  6.826e-01  7.667e-01  8.587e-01  9.255e-01  9.618e-01  9.792e-01  9.874e-01  9.917e-01  9.942e-01  9.956e-01  9.966e-01  9.976e-01  9.976e-01  9.976e-01  9.976e-01  9.976e-01  9.981e-01  9.986e-01  9.991e-01  9.995e-01  9.995e-01  9.900e-01  9.900e-01  9.900e-01  9.900e-01  9.900e-01  9.900e-01  9.900e-01  9.995e-01  9.968e-01  9.969e-01  9.978e-01  9.973e-01  9.974e-01  9.900e-01 	
 7.991e-01  7.809e-01  7.637e-01  7.487e-01  7.349e-01  7.221e-01  7.114e-01  7.012e-01  6.929e-01  6.857e-01  6.783e-01  6.675e-01  6.540e-01  6.423e-01  6.420e-01  6.737e-01  7.536e-01  8.464e-01  9.166e-01  9.564e-01  9.763e-01  9.856e-01  9.904e-01  9.932e-01  9.951e-01  9.961e-01  9.966e-01  9.966e-01  9.966e-01  9.971e-01  9.976e-01  9.981e-01  9.981e-01  9.986e-01  9.990e-01  9.990e-01  9.990e-01  9.900e-01  9.995e-01  9.900e-01  9.900e-01  9.900e-01  9.900e-01  9.995e-01  9.986e-01  9.986e-01  9.982e-01  9.959e-01  9.941e-01  9.978e-01 	
 8.187e-01  7.981e-01  7.801e-01  7.626e-01  7.468e-01  7.322e-01  7.191e-01  7.072e-01  6.968e-01  6.878e-01  6.788e-01  6.673e-01  6.538e-01  6.419e-01  6.396e-01  6.657e-01  7.395e-01  8.316e-01  9.047e-01  9.491e-01  9.723e-01  9.831e-01  9.889e-01  9.918e-01  9.942e-01  9.952e-01  9.956e-01  9.961e-01  9.966e-01  9.967e-01  9.972e-01  9.976e-01  9.981e-01  9.986e-01  9.986e-01  9.985e-01  9.985e-01  9.991e-01  9.995e-01  9.995e-01  9.900e-01  9.900e-01  9.900e-01  9.900e-01  9.991e-01  9.991e-01  9.982e-01  9.954e-01  9.912e-01  9.936e-01 	
 8.407e-01  8.190e-01  7.984e-01  7.795e-01  7.616e-01  7.452e-01  7.298e-01  7.156e-01  7.025e-01  6.904e-01  6.798e-01  6.672e-01  6.536e-01  6.413e-01  6.375e-01  6.583e-01  7.249e-01  8.163e-01  8.930e-01  9.422e-01  9.678e-01  9.809e-01  9.874e-01  9.908e-01  9.928e-01  9.937e-01  9.942e-01  9.952e-01  9.957e-01  9.962e-01  9.967e-01  9.966e-01  9.970e-01  9.975e-01  9.980e-01  9.981e-01  9.976e-01  9.981e-01  9.986e-01  9.986e-01  9.990e-01  9.995e-01  9.986e-01  9.990e-01  9.986e-01  9.986e-01  9.977e-01  9.944e-01  9.898e-01  9.927e-01 	
 8.661e-01  8.424e-01  8.207e-01  7.996e-01  7.803e-01  7.615e-01  7.437e-01  7.272e-01  7.109e-01  6.955e-01  6.812e-01  6.673e-01  6.535e-01  6.408e-01  6.358e-01  6.522e-01  7.119e-01  8.011e-01  8.808e-01  9.338e-01  9.623e-01  9.776e-01  9.855e-01  9.894e-01  9.913e-01  9.932e-01  9.937e-01  9.942e-01  9.943e-01  9.948e-01  9.957e-01  9.961e-01  9.961e-01  9.966e-01  9.972e-01  9.971e-01  9.976e-01  9.981e-01  9.976e-01  9.976e-01  9.976e-01  9.981e-01  9.976e-01  9.986e-01  9.981e-01  9.977e-01  9.964e-01  9.936e-01  9.893e-01  9.948e-01 	
 8.957e-01  8.704e-01  8.466e-01  8.243e-01  8.027e-01  7.828e-01  7.630e-01  7.443e-01  7.264e-01  7.074e-01  6.891e-01  6.728e-01  6.599e-01  6.493e-01  6.451e-01  6.587e-01  7.112e-01  7.931e-01  8.696e-01  9.220e-01  9.539e-01  9.720e-01  9.817e-01  9.878e-01  9.911e-01  9.931e-01  9.941e-01  9.952e-01  9.962e-01  9.966e-01  9.971e-01  9.976e-01  9.985e-01  9.990e-01  9.986e-01  9.990e-01  9.900e-01  9.900e-01  9.900e-01  9.900e-01  9.900e-01  9.900e-01  9.900e-01  9.900e-01  9.900e-01  9.900e-01  9.900e-01  9.900e-01  9.900e-01  9.900e-01 	
