 1.011e-02  8.948e-03  5.586e-03  3.456e-03  2.311e-03  1.736e-03  1.507e-03  1.522e-03  1.744e-03  2.178e-03  2.851e-03  3.805e-03  5.099e-03  6.802e-03  9.005e-03  1.181e-02  1.536e-02  1.979e-02  2.529e-02  3.203e-02  4.022e-02  5.007e-02  6.178e-02  7.555e-02  9.155e-02  1.099e-01  1.308e-01  1.543e-01  1.804e-01  2.091e-01  2.405e-01  2.744e-01  3.108e-01  3.496e-01  3.906e-01  4.336e-01  4.785e-01  5.251e-01  5.732e-01  6.226e-01  6.730e-01  7.242e-01  7.759e-01  8.276e-01  8.788e-01  9.287e-01  9.764e-01  1.020e+00  1.059e+00  1.088e+00 	
 1.163e-02  1.054e-02  6.513e-03  3.994e-03  2.678e-03  2.063e-03  1.885e-03  2.036e-03  2.495e-03  3.297e-03  4.507e-03  6.217e-03  8.543e-03  1.163e-02  1.567e-02  2.087e-02  2.749e-02  3.581e-02  4.612e-02  5.875e-02  7.399e-02  9.211e-02  1.134e-01  1.379e-01  1.660e-01  1.975e-01  2.326e-01  2.711e-01  3.130e-01  3.582e-01  4.063e-01  4.573e-01  5.107e-01  5.664e-01  6.240e-01  6.833e-01  7.440e-01  8.058e-01  8.685e-01  9.317e-01  9.952e-01  1.059e+00  1.122e+00  1.184e+00  1.245e+00  1.303e+00  1.359e+00  1.410e+00  1.454e+00  1.490e+00 	
 1.340e-02  1.223e-02  7.544e-03  4.654e-03  3.209e-03  2.622e-03  2.606e-03  3.070e-03  4.040e-03  5.617e-03  7.951e-03  1.124e-02  1.574e-02  2.175e-02  2.966e-02  3.986e-02  5.282e-02  6.898e-02  8.876e-02  1.125e-01  1.406e-01  1.732e-01  2.103e-01  2.521e-01  2.984e-01  3.489e-01  4.035e-01  4.618e-01  5.233e-01  5.878e-01  6.547e-01  7.237e-01  7.942e-01  8.660e-01  9.385e-01  1.011e+00  1.084e+00  1.157e+00  1.229e+00  1.301e+00  1.371e+00  1.440e+00  1.508e+00  1.573e+00  1.636e+00  1.697e+00  1.753e+00  1.804e+00  1.849e+00  1.885e+00 	
 1.543e-02  1.412e-02  8.720e-03  5.458e-03  3.931e-03  3.474e-03  3.800e-03  4.879e-03  6.840e-03  9.921e-03  1.445e-02  2.085e-02  2.964e-02  4.142e-02  5.685e-02  7.658e-02  1.012e-01  1.313e-01  1.671e-01  2.089e-01  2.567e-01  3.104e-01  3.696e-01  4.340e-01  5.031e-01  5.762e-01  6.526e-01  7.319e-01  8.133e-01  8.961e-01  9.798e-01  1.064e+00  1.148e+00  1.231e+00  1.313e+00  1.394e+00  1.474e+00  1.551e+00  1.626e+00  1.699e+00  1.770e+00  1.838e+00  1.903e+00  1.966e+00  2.025e+00  2.080e+00  2.132e+00  2.178e+00  2.218e+00  2.251e+00 	
 1.777e-02  1.626e-02  1.008e-02  6.458e-03  4.935e-03  4.793e-03  5.800e-03  8.069e-03  1.195e-02  1.798e-02  2.683e-02  3.937e-02  5.652e-02  7.927e-02  1.085e-01  1.449e-01  1.890e-01  2.410e-01  3.008e-01  3.680e-01  4.419e-01  5.220e-01  6.072e-01  6.966e-01  7.892e-01  8.841e-01  9.804e-01  1.077e+00  1.174e+00  1.270e+00  1.364e+00  1.456e+00  1.546e+00  1.633e+00  1.717e+00  1.798e+00  1.875e+00  1.949e+00  2.020e+00  2.087e+00  2.150e+00  2.211e+00  2.267e+00  2.321e+00  2.370e+00  2.416e+00  2.458e+00  2.495e+00  2.528e+00  2.554e+00 	
 2.046e-02  1.873e-02  1.170e-02  7.746e-03  6.399e-03  6.927e-03  9.271e-03  1.387e-02  2.155e-02  3.340e-02  5.076e-02  7.505e-02  1.077e-01  1.497e-01  2.018e-01  2.643e-01  3.368e-01  4.187e-01  5.089e-01  6.062e-01  7.091e-01  8.162e-01  9.260e-01  1.037e+00  1.149e+00  1.259e+00  1.368e+00  1.474e+00  1.577e+00  1.677e+00  1.772e+00  1.863e+00  1.949e+00  2.031e+00  2.108e+00  2.180e+00  2.248e+00  2.312e+00  2.371e+00  2.426e+00  2.477e+00  2.525e+00  2.569e+00  2.609e+00  2.646e+00  2.680e+00  2.710e+00  2.737e+00  2.760e+00  2.779e+00 	
 2.357e-02  2.158e-02  1.363e-02  9.475e-03  8.639e-03  1.053e-02  1.552e-02  2.476e-02  3.995e-02  6.315e-02  9.648e-02  1.417e-01  2.002e-01  2.722e-01  3.573e-01  4.546e-01  5.621e-01  6.780e-01  8.001e-01  9.261e-01  1.054e+00  1.182e+00  1.309e+00  1.433e+00  1.553e+00  1.669e+00  1.779e+00  1.883e+00  1.981e+00  2.074e+00  2.160e+00  2.240e+00  2.314e+00  2.383e+00  2.446e+00  2.504e+00  2.557e+00  2.605e+00  2.649e+00  2.689e+00  2.725e+00  2.758e+00  2.787e+00  2.814e+00  2.838e+00  2.859e+00  2.878e+00  2.894e+00  2.908e+00  2.921e+00 	
 2.715e-02  2.489e-02  1.602e-02  1.191e-02  1.224e-02  1.686e-02  2.714e-02  4.558e-02  7.530e-02  1.194e-01  1.801e-01  2.587e-01  3.548e-01  4.668e-01  5.922e-01  7.280e-01  8.707e-01  1.017e+00  1.165e+00  1.311e+00  1.453e+00  1.590e+00  1.721e+00  1.845e+00  1.961e+00  2.068e+00  2.168e+00  2.260e+00  2.344e+00  2.420e+00  2.489e+00  2.552e+00  2.609e+00  2.659e+00  2.705e+00  2.745e+00  2.781e+00  2.812e+00  2.840e+00  2.865e+00  2.886e+00  2.905e+00  2.921e+00  2.935e+00  2.947e+00  2.958e+00  2.967e+00  2.975e+00  2.982e+00  2.989e+00 	
 3.130e-02  2.876e-02  1.904e-02  1.551e-02  1.829e-02  2.841e-02  4.922e-02  8.537e-02  1.414e-01  2.202e-01  3.226e-01  4.468e-01  5.894e-01  7.458e-01  9.111e-01  1.080e+00  1.250e+00  1.415e+00  1.575e+00  1.726e+00  1.868e+00  1.999e+00  2.120e+00  2.230e+00  2.330e+00  2.420e+00  2.500e+00  2.571e+00  2.635e+00  2.690e+00  2.739e+00  2.782e+00  2.819e+00  2.852e+00  2.879e+00  2.903e+00  2.923e+00  2.940e+00  2.954e+00  2.965e+00  2.974e+00  2.982e+00  2.987e+00  2.992e+00  2.995e+00  2.997e+00  2.999e+00  3.001e+00  3.003e+00  3.005e+00 	
 3.609e-02  3.332e-02  2.304e-02  2.112e-02  2.892e-02  5.007e-02  9.116e-02  1.590e-01  2.575e-01  3.868e-01  5.429e-01  7.192e-01  9.085e-01  1.103e+00  1.298e+00  1.486e+00  1.666e+00  1.833e+00  1.987e+00  2.127e+00  2.252e+00  2.364e+00  2.463e+00  2.550e+00  2.626e+00  2.692e+00  2.748e+00  2.796e+00  2.837e+00  2.872e+00  2.901e+00  2.925e+00  2.945e+00  2.961e+00  2.974e+00  2.983e+00  2.991e+00  2.996e+00  2.999e+00  3.001e+00  3.001e+00  3.000e+00  2.998e+00  2.996e+00  2.993e+00  2.990e+00  2.987e+00  2.984e+00  2.983e+00  2.983e+00 	
 4.166e-02  3.878e-02  2.858e-02  3.032e-02  4.830e-02  9.081e-02  1.682e-01  2.865e-01  4.449e-01  6.359e-01  8.488e-01  1.072e+00  1.296e+00  1.513e+00  1.717e+00  1.905e+00  2.074e+00  2.225e+00  2.357e+00  2.472e+00  2.571e+00  2.655e+00  2.726e+00  2.786e+00  2.835e+00  2.876e+00  2.910e+00  2.936e+00  2.957e+00  2.974e+00  2.986e+00  2.995e+00  3.001e+00  3.005e+00  3.006e+00  3.006e+00  3.004e+00  3.001e+00  2.997e+00  2.992e+00  2.986e+00  2.980e+00  2.973e+00  2.967e+00  2.960e+00  2.953e+00  2.947e+00  2.942e+00  2.939e+00  2.938e+00 	
 4.814e-02  4.548e-02  3.664e-02  4.614e-02  8.410e-02  1.652e-01  3.003e-01  4.881e-01  7.163e-01  9.682e-01  1.227e+00  1.479e+00  1.716e+00  1.930e+00  2.121e+00  2.287e+00  2.429e+00  2.549e+00  2.650e+00  2.732e+00  2.800e+00  2.854e+00  2.898e+00  2.932e+00  2.958e+00  2.978e+00  2.992e+00  3.002e+00  3.008e+00  3.011e+00  3.011e+00  3.010e+00  3.006e+00  3.002e+00  2.996e+00  2.990e+00  2.982e+00  2.974e+00  2.966e+00  2.957e+00  2.949e+00  2.940e+00  2.931e+00  2.922e+00  2.913e+00  2.905e+00  2.898e+00  2.891e+00  2.886e+00  2.884e+00 	
 5.575e-02  5.394e-02  4.905e-02  7.421e-02  1.491e-01  2.928e-01  5.069e-01  7.737e-01  1.067e+00  1.362e+00  1.642e+00  1.896e+00  2.118e+00  2.308e+00  2.466e+00  2.596e+00  2.701e+00  2.785e+00  2.851e+00  2.901e+00  2.939e+00  2.968e+00  2.988e+00  3.001e+00  3.009e+00  3.013e+00  3.014e+00  3.012e+00  3.008e+00  3.002e+00  2.995e+00  2.986e+00  2.977e+00  2.968e+00  2.958e+00  2.948e+00  2.938e+00  2.927e+00  2.917e+00  2.906e+00  2.895e+00  2.885e+00  2.875e+00  2.865e+00  2.856e+00  2.847e+00  2.839e+00  2.832e+00  2.826e+00  2.823e+00 	
 6.474e-02  6.504e-02  6.913e-02  1.243e-01  2.614e-01  4.930e-01  7.972e-01  1.135e+00  1.470e+00  1.779e+00  2.049e+00  2.276e+00  2.461e+00  2.609e+00  2.725e+00  2.813e+00  2.880e+00  2.928e+00  2.963e+00  2.986e+00  3.001e+00  3.009e+00  3.012e+00  3.011e+00  3.007e+00  3.001e+00  2.992e+00  2.983e+00  2.973e+00  2.962e+00  2.950e+00  2.938e+00  2.927e+00  2.915e+00  2.903e+00  2.891e+00  2.879e+00  2.867e+00  2.856e+00  2.845e+00  2.834e+00  2.823e+00  2.812e+00  2.802e+00  2.793e+00  2.784e+00  2.776e+00  2.769e+00  2.763e+00  2.760e+00 	
 7.553e-02  8.022e-02  1.029e-01  2.115e-01  4.409e-01  7.762e-01  1.162e+00  1.543e+00  1.884e+00  2.172e+00  2.404e+00  2.584e+00  2.720e+00  2.820e+00  2.892e+00  2.942e+00  2.975e+00  2.995e+00  3.006e+00  3.010e+00  3.008e+00  3.003e+00  2.995e+00  2.984e+00  2.973e+00  2.960e+00  2.947e+00  2.934e+00  2.920e+00  2.907e+00  2.893e+00  2.880e+00  2.867e+00  2.854e+00  2.841e+00  2.829e+00  2.817e+00  2.805e+00  2.793e+00  2.782e+00  2.771e+00  2.760e+00  2.750e+00  2.740e+00  2.731e+00  2.722e+00  2.715e+00  2.708e+00  2.703e+00  2.699e+00 	
 8.866e-02  1.020e-01  1.603e-01  3.545e-01  7.011e-01  1.135e+00  1.570e+00  1.953e+00  2.264e+00  2.502e+00  2.678e+00  2.802e+00  2.888e+00  2.944e+00  2.979e+00  2.999e+00  3.007e+00  3.007e+00  3.002e+00  2.993e+00  2.981e+00  2.968e+00  2.953e+00  2.938e+00  2.923e+00  2.907e+00  2.892e+00  2.877e+00  2.862e+00  2.847e+00  2.833e+00  2.820e+00  2.806e+00  2.793e+00  2.781e+00  2.768e+00  2.756e+00  2.745e+00  2.734e+00  2.723e+00  2.712e+00  2.702e+00  2.693e+00  2.683e+00  2.674e+00  2.666e+00  2.659e+00  2.652e+00  2.647e+00  2.644e+00 	
 1.050e-01  1.346e-01  2.560e-01  5.702e-01  1.039e+00  1.539e+00  1.977e+00  2.321e+00  2.572e+00  2.746e+00  2.861e+00  2.934e+00  2.977e+00  2.998e+00  3.006e+00  3.004e+00  2.996e+00  2.984e+00  2.969e+00  2.952e+00  2.935e+00  2.918e+00  2.900e+00  2.883e+00  2.866e+00  2.849e+00  2.833e+00  2.817e+00  2.802e+00  2.787e+00  2.773e+00  2.759e+00  2.746e+00  2.734e+00  2.721e+00  2.709e+00  2.698e+00  2.687e+00  2.676e+00  2.666e+00  2.656e+00  2.646e+00  2.637e+00  2.628e+00  2.620e+00  2.612e+00  2.605e+00  2.599e+00  2.594e+00  2.591e+00 	
 1.257e-01  1.854e-01  4.070e-01  8.647e-01  1.431e+00  1.945e+00  2.339e+00  2.613e+00  2.791e+00  2.901e+00  2.963e+00  2.994e+00  3.005e+00  3.002e+00  2.992e+00  2.977e+00  2.959e+00  2.940e+00  2.920e+00  2.900e+00  2.880e+00  2.860e+00  2.841e+00  2.823e+00  2.805e+00  2.789e+00  2.772e+00  2.757e+00  2.742e+00  2.727e+00  2.714e+00  2.701e+00  2.688e+00  2.676e+00  2.664e+00  2.653e+00  2.642e+00  2.632e+00  2.622e+00  2.612e+00  2.603e+00  2.593e+00  2.585e+00  2.577e+00  2.569e+00  2.562e+00  2.555e+00  2.549e+00  2.545e+00  2.542e+00 	
 1.528e-01  2.653e-01  6.272e-01  1.226e+00  1.836e+00  2.308e+00  2.623e+00  2.816e+00  2.924e+00  2.979e+00  3.000e+00  3.002e+00  2.991e+00  2.974e+00  2.953e+00  2.931e+00  2.908e+00  2.885e+00  2.863e+00  2.841e+00  2.820e+00  2.800e+00  2.781e+00  2.763e+00  2.745e+00  2.729e+00  2.713e+00  2.698e+00  2.684e+00  2.670e+00  2.657e+00  2.645e+00  2.633e+00  2.621e+00  2.610e+00  2.600e+00  2.589e+00  2.580e+00  2.570e+00  2.561e+00  2.553e+00  2.544e+00  2.536e+00  2.528e+00  2.521e+00  2.515e+00  2.508e+00  2.503e+00  2.499e+00  2.496e+00 	
 1.890e-01  3.885e-01  9.194e-01  1.620e+00  2.208e+00  2.595e+00  2.818e+00  2.933e+00  2.984e+00  2.998e+00  2.991e+00  2.974e+00  2.951e+00  2.926e+00  2.900e+00  2.874e+00  2.848e+00  2.824e+00  2.801e+00  2.779e+00  2.759e+00  2.739e+00  2.721e+00  2.703e+00  2.686e+00  2.671e+00  2.656e+00  2.642e+00  2.628e+00  2.615e+00  2.603e+00  2.591e+00  2.580e+00  2.570e+00  2.560e+00  2.550e+00  2.540e+00  2.531e+00  2.523e+00  2.514e+00  2.506e+00  2.499e+00  2.491e+00  2.484e+00  2.478e+00  2.471e+00  2.466e+00  2.461e+00  2.457e+00  2.454e+00 	
 2.390e-01  5.682e-01  1.268e+00  2.002e+00  2.509e+00  2.791e+00  2.926e+00  2.979e+00  2.989e+00  2.976e+00  2.952e+00  2.924e+00  2.895e+00  2.866e+00  2.837e+00  2.810e+00  2.785e+00  2.761e+00  2.738e+00  2.717e+00  2.697e+00  2.679e+00  2.661e+00  2.645e+00  2.629e+00  2.614e+00  2.601e+00  2.587e+00  2.575e+00  2.563e+00  2.552e+00  2.541e+00  2.531e+00  2.521e+00  2.512e+00  2.503e+00  2.494e+00  2.486e+00  2.478e+00  2.471e+00  2.463e+00  2.456e+00  2.449e+00  2.443e+00  2.437e+00  2.431e+00  2.426e+00  2.422e+00  2.418e+00  2.416e+00 	
 3.096e-01  8.103e-01  1.640e+00  2.332e+00  2.724e+00  2.903e+00  2.968e+00  2.977e+00  2.960e+00  2.932e+00  2.900e+00  2.867e+00  2.835e+00  2.804e+00  2.776e+00  2.749e+00  2.724e+00  2.701e+00  2.680e+00  2.660e+00  2.641e+00  2.623e+00  2.607e+00  2.591e+00  2.577e+00  2.563e+00  2.550e+00  2.538e+00  2.527e+00  2.516e+00  2.505e+00  2.495e+00  2.486e+00  2.477e+00  2.468e+00  2.460e+00  2.452e+00  2.445e+00  2.437e+00  2.430e+00  2.424e+00  2.417e+00  2.411e+00  2.405e+00  2.399e+00  2.394e+00  2.390e+00  2.385e+00  2.382e+00  2.380e+00 	
 4.100e-01  1.108e+00  1.997e+00  2.583e+00  2.853e+00  2.948e+00  2.963e+00  2.944e+00  2.912e+00  2.876e+00  2.840e+00  2.806e+00  2.774e+00  2.744e+00  2.716e+00  2.690e+00  2.667e+00  2.645e+00  2.624e+00  2.606e+00  2.588e+00  2.572e+00  2.557e+00  2.542e+00  2.529e+00  2.516e+00  2.504e+00  2.493e+00  2.482e+00  2.472e+00  2.463e+00  2.454e+00  2.445e+00  2.437e+00  2.429e+00  2.421e+00  2.414e+00  2.407e+00  2.400e+00  2.394e+00  2.388e+00  2.382e+00  2.376e+00  2.371e+00  2.366e+00  2.361e+00  2.357e+00  2.353e+00  2.350e+00  2.348e+00 	
 5.511e-01  1.440e+00  2.303e+00  2.751e+00  2.913e+00  2.947e+00  2.930e+00  2.895e+00  2.856e+00  2.817e+00  2.780e+00  2.746e+00  2.714e+00  2.685e+00  2.659e+00  2.635e+00  2.613e+00  2.592e+00  2.573e+00  2.556e+00  2.540e+00  2.524e+00  2.510e+00  2.497e+00  2.485e+00  2.473e+00  2.462e+00  2.452e+00  2.442e+00  2.433e+00  2.424e+00  2.416e+00  2.408e+00  2.400e+00  2.393e+00  2.386e+00  2.379e+00  2.373e+00  2.367e+00  2.361e+00  2.355e+00  2.350e+00  2.345e+00  2.340e+00  2.335e+00  2.331e+00  2.327e+00  2.323e+00  2.321e+00  2.319e+00 	
 7.418e-01  1.775e+00  2.536e+00  2.845e+00  2.924e+00  2.917e+00  2.882e+00  2.839e+00  2.797e+00  2.757e+00  2.721e+00  2.688e+00  2.658e+00  2.630e+00  2.606e+00  2.583e+00  2.562e+00  2.543e+00  2.526e+00  2.510e+00  2.495e+00  2.481e+00  2.468e+00  2.456e+00  2.444e+00  2.433e+00  2.423e+00  2.414e+00  2.405e+00  2.396e+00  2.388e+00  2.381e+00  2.373e+00  2.366e+00  2.360e+00  2.353e+00  2.347e+00  2.342e+00  2.336e+00  2.331e+00  2.325e+00  2.320e+00  2.316e+00  2.311e+00  2.307e+00  2.303e+00  2.299e+00  2.296e+00  2.294e+00  2.292e+00 	
 9.844e-01  2.081e+00  2.693e+00  2.882e+00  2.903e+00  2.872e+00  2.827e+00  2.781e+00  2.738e+00  2.699e+00  2.664e+00  2.632e+00  2.604e+00  2.578e+00  2.555e+00  2.534e+00  2.515e+00  2.497e+00  2.481e+00  2.466e+00  2.453e+00  2.440e+00  2.428e+00  2.417e+00  2.406e+00  2.396e+00  2.387e+00  2.379e+00  2.370e+00  2.363e+00  2.355e+00  2.348e+00  2.342e+00  2.335e+00  2.329e+00  2.323e+00  2.318e+00  2.313e+00  2.307e+00  2.303e+00  2.298e+00  2.293e+00  2.289e+00  2.285e+00  2.281e+00  2.277e+00  2.274e+00  2.271e+00  2.269e+00  2.267e+00 	
 1.271e+00  2.336e+00  2.784e+00  2.880e+00  2.864e+00  2.819e+00  2.770e+00  2.724e+00  2.681e+00  2.644e+00  2.611e+00  2.581e+00  2.555e+00  2.531e+00  2.509e+00  2.490e+00  2.472e+00  2.456e+00  2.441e+00  2.427e+00  2.415e+00  2.403e+00  2.392e+00  2.382e+00  2.372e+00  2.363e+00  2.355e+00  2.347e+00  2.339e+00  2.332e+00  2.325e+00  2.319e+00  2.313e+00  2.307e+00  2.301e+00  2.296e+00  2.291e+00  2.286e+00  2.282e+00  2.277e+00  2.273e+00  2.269e+00  2.265e+00  2.261e+00  2.257e+00  2.254e+00  2.251e+00  2.248e+00  2.246e+00  2.244e+00 	
 1.584e+00  2.530e+00  2.824e+00  2.854e+00  2.815e+00  2.763e+00  2.713e+00  2.667e+00  2.627e+00  2.591e+00  2.560e+00  2.533e+00  2.508e+00  2.486e+00  2.466e+00  2.448e+00  2.432e+00  2.417e+00  2.404e+00  2.391e+00  2.379e+00  2.369e+00  2.359e+00  2.349e+00  2.340e+00  2.332e+00  2.325e+00  2.317e+00  2.310e+00  2.304e+00  2.298e+00  2.292e+00  2.286e+00  2.281e+00  2.276e+00  2.271e+00  2.267e+00  2.262e+00  2.258e+00  2.254e+00  2.250e+00  2.246e+00  2.242e+00  2.239e+00  2.236e+00  2.233e+00  2.230e+00  2.227e+00  2.225e+00  2.224e+00 	
 1.896e+00  2.668e+00  2.832e+00  2.817e+00  2.764e+00  2.709e+00  2.658e+00  2.614e+00  2.576e+00  2.543e+00  2.514e+00  2.488e+00  2.465e+00  2.445e+00  2.427e+00  2.410e+00  2.395e+00  2.382e+00  2.369e+00  2.358e+00  2.347e+00  2.337e+00  2.328e+00  2.320e+00  2.311e+00  2.304e+00  2.297e+00  2.290e+00  2.284e+00  2.278e+00  2.272e+00  2.267e+00  2.262e+00  2.257e+00  2.252e+00  2.248e+00  2.244e+00  2.240e+00  2.236e+00  2.232e+00  2.228e+00  2.225e+00  2.222e+00  2.218e+00  2.216e+00  2.213e+00  2.210e+00  2.208e+00  2.206e+00  2.205e+00 	
 2.182e+00  2.758e+00  2.822e+00  2.776e+00  2.715e+00  2.658e+00  2.609e+00  2.566e+00  2.530e+00  2.499e+00  2.472e+00  2.448e+00  2.427e+00  2.408e+00  2.391e+00  2.376e+00  2.363e+00  2.350e+00  2.339e+00  2.328e+00  2.318e+00  2.309e+00  2.301e+00  2.293e+00  2.286e+00  2.279e+00  2.272e+00  2.266e+00  2.260e+00  2.255e+00  2.250e+00  2.245e+00  2.240e+00  2.236e+00  2.231e+00  2.227e+00  2.223e+00  2.220e+00  2.216e+00  2.213e+00  2.209e+00  2.206e+00  2.203e+00  2.200e+00  2.198e+00  2.195e+00  2.193e+00  2.191e+00  2.189e+00  2.188e+00 	
 2.419e+00  2.807e+00  2.798e+00  2.732e+00  2.666e+00  2.610e+00  2.562e+00  2.522e+00  2.488e+00  2.459e+00  2.433e+00  2.411e+00  2.392e+00  2.374e+00  2.359e+00  2.345e+00  2.332e+00  2.321e+00  2.310e+00  2.301e+00  2.292e+00  2.284e+00  2.276e+00  2.269e+00  2.262e+00  2.256e+00  2.250e+00  2.244e+00  2.239e+00  2.234e+00  2.229e+00  2.225e+00  2.220e+00  2.216e+00  2.212e+00  2.209e+00  2.205e+00  2.202e+00  2.198e+00  2.195e+00  2.192e+00  2.189e+00  2.186e+00  2.184e+00  2.181e+00  2.179e+00  2.177e+00  2.175e+00  2.173e+00  2.172e+00 	
 2.599e+00  2.828e+00  2.769e+00  2.690e+00  2.621e+00  2.565e+00  2.519e+00  2.480e+00  2.448e+00  2.421e+00  2.398e+00  2.377e+00  2.359e+00  2.343e+00  2.329e+00  2.316e+00  2.305e+00  2.294e+00  2.284e+00  2.275e+00  2.267e+00  2.260e+00  2.252e+00  2.246e+00  2.240e+00  2.234e+00  2.228e+00  2.223e+00  2.218e+00  2.214e+00  2.210e+00  2.205e+00  2.202e+00  2.198e+00  2.194e+00  2.191e+00  2.188e+00  2.184e+00  2.181e+00  2.179e+00  2.176e+00  2.173e+00  2.171e+00  2.168e+00  2.166e+00  2.164e+00  2.162e+00  2.160e+00  2.158e+00  2.157e+00 	
 2.722e+00  2.830e+00  2.736e+00  2.649e+00  2.579e+00  2.524e+00  2.479e+00  2.443e+00  2.412e+00  2.387e+00  2.365e+00  2.346e+00  2.329e+00  2.314e+00  2.301e+00  2.289e+00  2.279e+00  2.269e+00  2.260e+00  2.252e+00  2.244e+00  2.237e+00  2.231e+00  2.225e+00  2.219e+00  2.214e+00  2.209e+00  2.204e+00  2.200e+00  2.195e+00  2.192e+00  2.188e+00  2.184e+00  2.181e+00  2.178e+00  2.174e+00  2.171e+00  2.169e+00  2.166e+00  2.163e+00  2.161e+00  2.158e+00  2.156e+00  2.154e+00  2.152e+00  2.150e+00  2.148e+00  2.146e+00  2.145e+00  2.144e+00 	
 2.795e+00  2.817e+00  2.702e+00  2.610e+00  2.540e+00  2.486e+00  2.443e+00  2.408e+00  2.380e+00  2.356e+00  2.335e+00  2.318e+00  2.302e+00  2.289e+00  2.276e+00  2.265e+00  2.256e+00  2.247e+00  2.238e+00  2.231e+00  2.224e+00  2.218e+00  2.212e+00  2.206e+00  2.201e+00  2.196e+00  2.191e+00  2.187e+00  2.183e+00  2.179e+00  2.176e+00  2.172e+00  2.169e+00  2.166e+00  2.163e+00  2.160e+00  2.157e+00  2.154e+00  2.152e+00  2.149e+00  2.147e+00  2.145e+00  2.143e+00  2.141e+00  2.139e+00  2.137e+00  2.135e+00  2.134e+00  2.133e+00  2.132e+00 	
 2.826e+00  2.788e+00  2.662e+00  2.570e+00  2.501e+00  2.449e+00  2.409e+00  2.376e+00  2.349e+00  2.327e+00  2.308e+00  2.292e+00  2.277e+00  2.265e+00  2.254e+00  2.243e+00  2.234e+00  2.226e+00  2.219e+00  2.212e+00  2.205e+00  2.199e+00  2.194e+00  2.189e+00  2.184e+00  2.179e+00  2.175e+00  2.171e+00  2.168e+00  2.164e+00  2.161e+00  2.157e+00  2.154e+00  2.152e+00  2.149e+00  2.146e+00  2.144e+00  2.141e+00  2.139e+00  2.137e+00  2.135e+00  2.133e+00  2.131e+00  2.129e+00  2.127e+00  2.125e+00  2.124e+00  2.122e+00  2.121e+00  2.120e+00 	
 2.825e+00  2.746e+00  2.616e+00  2.527e+00  2.462e+00  2.413e+00  2.375e+00  2.345e+00  2.320e+00  2.300e+00  2.282e+00  2.267e+00  2.254e+00  2.242e+00  2.232e+00  2.223e+00  2.215e+00  2.207e+00  2.200e+00  2.194e+00  2.188e+00  2.182e+00  2.177e+00  2.173e+00  2.168e+00  2.164e+00  2.160e+00  2.157e+00  2.153e+00  2.150e+00  2.147e+00  2.144e+00  2.141e+00  2.139e+00  2.136e+00  2.134e+00  2.132e+00  2.129e+00  2.127e+00  2.125e+00  2.123e+00  2.121e+00  2.120e+00  2.118e+00  2.116e+00  2.115e+00  2.113e+00  2.112e+00  2.111e+00  2.110e+00 	
 2.802e+00  2.695e+00  2.568e+00  2.484e+00  2.423e+00  2.378e+00  2.343e+00  2.316e+00  2.293e+00  2.274e+00  2.258e+00  2.245e+00  2.233e+00  2.222e+00  2.213e+00  2.204e+00  2.197e+00  2.190e+00  2.183e+00  2.177e+00  2.172e+00  2.167e+00  2.163e+00  2.158e+00  2.154e+00  2.150e+00  2.147e+00  2.144e+00  2.141e+00  2.138e+00  2.135e+00  2.132e+00  2.130e+00  2.127e+00  2.125e+00  2.123e+00  2.120e+00  2.118e+00  2.117e+00  2.115e+00  2.113e+00  2.111e+00  2.110e+00  2.108e+00  2.106e+00  2.105e+00  2.104e+00  2.103e+00  2.102e+00  2.101e+00 	
 2.765e+00  2.640e+00  2.518e+00  2.441e+00  2.385e+00  2.345e+00  2.313e+00  2.288e+00  2.267e+00  2.250e+00  2.236e+00  2.223e+00  2.212e+00  2.203e+00  2.194e+00  2.186e+00  2.179e+00  2.173e+00  2.167e+00  2.162e+00  2.157e+00  2.153e+00  2.149e+00  2.145e+00  2.141e+00  2.138e+00  2.134e+00  2.131e+00  2.128e+00  2.126e+00  2.123e+00  2.121e+00  2.118e+00  2.116e+00  2.114e+00  2.112e+00  2.110e+00  2.108e+00  2.107e+00  2.105e+00  2.103e+00  2.102e+00  2.100e+00  2.099e+00  2.097e+00  2.096e+00  2.095e+00  2.094e+00  2.093e+00  2.092e+00 	
 2.722e+00  2.589e+00  2.474e+00  2.402e+00  2.352e+00  2.315e+00  2.286e+00  2.263e+00  2.245e+00  2.229e+00  2.216e+00  2.204e+00  2.194e+00  2.186e+00  2.178e+00  2.171e+00  2.164e+00  2.159e+00  2.153e+00  2.148e+00  2.144e+00  2.140e+00  2.136e+00  2.132e+00  2.129e+00  2.126e+00  2.123e+00  2.120e+00  2.117e+00  2.115e+00  2.113e+00  2.110e+00  2.108e+00  2.106e+00  2.104e+00  2.102e+00  2.101e+00  2.099e+00  2.097e+00  2.096e+00  2.094e+00  2.093e+00  2.092e+00  2.090e+00  2.089e+00  2.088e+00  2.087e+00  2.086e+00  2.085e+00  2.084e+00 	
 2.677e+00  2.542e+00  2.434e+00  2.368e+00  2.322e+00  2.288e+00  2.262e+00  2.241e+00  2.224e+00  2.210e+00  2.198e+00  2.187e+00  2.178e+00  2.170e+00  2.163e+00  2.156e+00  2.151e+00  2.145e+00  2.140e+00  2.136e+00  2.132e+00  2.128e+00  2.124e+00  2.121e+00  2.118e+00  2.115e+00  2.113e+00  2.110e+00  2.108e+00  2.105e+00  2.103e+00  2.101e+00  2.099e+00  2.097e+00  2.095e+00  2.094e+00  2.092e+00  2.091e+00  2.089e+00  2.088e+00  2.086e+00  2.085e+00  2.084e+00  2.083e+00  2.081e+00  2.080e+00  2.079e+00  2.078e+00  2.078e+00  2.077e+00 	
 2.632e+00  2.499e+00  2.398e+00  2.337e+00  2.295e+00  2.264e+00  2.240e+00  2.221e+00  2.205e+00  2.192e+00  2.181e+00  2.171e+00  2.163e+00  2.155e+00  2.149e+00  2.143e+00  2.138e+00  2.133e+00  2.128e+00  2.124e+00  2.120e+00  2.117e+00  2.114e+00  2.111e+00  2.108e+00  2.105e+00  2.103e+00  2.101e+00  2.098e+00  2.096e+00  2.094e+00  2.092e+00  2.091e+00  2.089e+00  2.087e+00  2.086e+00  2.084e+00  2.083e+00  2.082e+00  2.080e+00  2.079e+00  2.078e+00  2.077e+00  2.076e+00  2.075e+00  2.074e+00  2.073e+00  2.072e+00  2.071e+00  2.070e+00 	
 2.589e+00  2.461e+00  2.366e+00  2.310e+00  2.271e+00  2.242e+00  2.220e+00  2.202e+00  2.188e+00  2.176e+00  2.166e+00  2.157e+00  2.149e+00  2.143e+00  2.137e+00  2.131e+00  2.126e+00  2.122e+00  2.118e+00  2.114e+00  2.110e+00  2.107e+00  2.104e+00  2.102e+00  2.099e+00  2.096e+00  2.094e+00  2.092e+00  2.090e+00  2.088e+00  2.086e+00  2.085e+00  2.083e+00  2.081e+00  2.080e+00  2.078e+00  2.077e+00  2.076e+00  2.075e+00  2.073e+00  2.072e+00  2.071e+00  2.070e+00  2.069e+00  2.068e+00  2.067e+00  2.066e+00  2.065e+00  2.065e+00  2.064e+00 	
 2.548e+00  2.427e+00  2.338e+00  2.285e+00  2.249e+00  2.222e+00  2.202e+00  2.186e+00  2.172e+00  2.161e+00  2.152e+00  2.144e+00  2.137e+00  2.131e+00  2.125e+00  2.120e+00  2.116e+00  2.112e+00  2.108e+00  2.104e+00  2.101e+00  2.098e+00  2.096e+00  2.093e+00  2.091e+00  2.088e+00  2.086e+00  2.084e+00  2.082e+00  2.081e+00  2.079e+00  2.077e+00  2.076e+00  2.074e+00  2.073e+00  2.072e+00  2.071e+00  2.069e+00  2.068e+00  2.067e+00  2.066e+00  2.065e+00  2.064e+00  2.063e+00  2.062e+00  2.061e+00  2.060e+00  2.060e+00  2.059e+00  2.058e+00 	
 2.507e+00  2.393e+00  2.310e+00  2.261e+00  2.228e+00  2.203e+00  2.184e+00  2.170e+00  2.157e+00  2.147e+00  2.139e+00  2.131e+00  2.125e+00  2.119e+00  2.114e+00  2.109e+00  2.105e+00  2.102e+00  2.098e+00  2.095e+00  2.092e+00  2.089e+00  2.087e+00  2.085e+00  2.083e+00  2.080e+00  2.079e+00  2.077e+00  2.075e+00  2.073e+00  2.072e+00  2.070e+00  2.069e+00  2.068e+00  2.067e+00  2.065e+00  2.064e+00  2.063e+00  2.062e+00  2.061e+00  2.060e+00  2.059e+00  2.058e+00  2.058e+00  2.057e+00  2.056e+00  2.055e+00  2.054e+00  2.054e+00  2.053e+00 	
 2.468e+00  2.362e+00  2.284e+00  2.239e+00  2.209e+00  2.186e+00  2.169e+00  2.155e+00  2.144e+00  2.135e+00  2.127e+00  2.120e+00  2.114e+00  2.109e+00  2.105e+00  2.100e+00  2.097e+00  2.093e+00  2.090e+00  2.087e+00  2.085e+00  2.082e+00  2.080e+00  2.078e+00  2.076e+00  2.074e+00  2.072e+00  2.071e+00  2.069e+00  2.068e+00  2.066e+00  2.065e+00  2.064e+00  2.062e+00  2.061e+00  2.060e+00  2.059e+00  2.058e+00  2.057e+00  2.057e+00  2.056e+00  2.055e+00  2.054e+00  2.053e+00  2.053e+00  2.052e+00  2.051e+00  2.050e+00  2.050e+00  2.049e+00 	
 2.432e+00  2.333e+00  2.261e+00  2.219e+00  2.191e+00  2.171e+00  2.155e+00  2.142e+00  2.132e+00  2.124e+00  2.116e+00  2.110e+00  2.105e+00  2.100e+00  2.096e+00  2.092e+00  2.089e+00  2.085e+00  2.083e+00  2.080e+00  2.077e+00  2.075e+00  2.073e+00  2.071e+00  2.069e+00  2.068e+00  2.066e+00  2.064e+00  2.063e+00  2.062e+00  2.060e+00  2.059e+00  2.058e+00  2.057e+00  2.056e+00  2.055e+00  2.054e+00  2.053e+00  2.052e+00  2.051e+00  2.050e+00  2.050e+00  2.049e+00  2.048e+00  2.047e+00  2.047e+00  2.046e+00  2.045e+00  2.045e+00  2.044e+00 	
 2.398e+00  2.307e+00  2.240e+00  2.202e+00  2.175e+00  2.156e+00  2.142e+00  2.130e+00  2.121e+00  2.113e+00  2.106e+00  2.101e+00  2.096e+00  2.091e+00  2.087e+00  2.084e+00  2.081e+00  2.078e+00  2.075e+00  2.073e+00  2.071e+00  2.069e+00  2.067e+00  2.065e+00  2.063e+00  2.062e+00  2.060e+00  2.059e+00  2.058e+00  2.056e+00  2.055e+00  2.054e+00  2.053e+00  2.052e+00  2.051e+00  2.050e+00  2.050e+00  2.049e+00  2.048e+00  2.047e+00  2.046e+00  2.046e+00  2.045e+00  2.045e+00  2.044e+00  2.043e+00  2.043e+00  2.042e+00  2.041e+00  2.040e+00 	
 2.364e+00  2.282e+00  2.221e+00  2.185e+00  2.161e+00  2.143e+00  2.130e+00  2.119e+00  2.111e+00  2.104e+00  2.098e+00  2.092e+00  2.088e+00  2.084e+00  2.080e+00  2.077e+00  2.074e+00  2.071e+00  2.069e+00  2.067e+00  2.065e+00  2.063e+00  2.061e+00  2.060e+00  2.058e+00  2.057e+00  2.056e+00  2.054e+00  2.053e+00  2.052e+00  2.051e+00  2.050e+00  2.049e+00  2.048e+00  2.047e+00  2.047e+00  2.046e+00  2.045e+00  2.044e+00  2.044e+00  2.043e+00  2.043e+00  2.042e+00  2.041e+00  2.041e+00  2.040e+00  2.040e+00  2.039e+00  2.038e+00  2.037e+00 	
 2.327e+00  2.258e+00  2.202e+00  2.169e+00  2.147e+00  2.131e+00  2.119e+00  2.109e+00  2.101e+00  2.095e+00  2.089e+00  2.084e+00  2.080e+00  2.076e+00  2.073e+00  2.070e+00  2.068e+00  2.065e+00  2.063e+00  2.061e+00  2.059e+00  2.057e+00  2.056e+00  2.054e+00  2.053e+00  2.052e+00  2.050e+00  2.049e+00  2.048e+00  2.047e+00  2.046e+00  2.045e+00  2.045e+00  2.044e+00  2.043e+00  2.042e+00  2.042e+00  2.041e+00  2.040e+00  2.040e+00  2.039e+00  2.039e+00  2.038e+00  2.037e+00  2.037e+00  2.036e+00  2.036e+00  2.035e+00  2.034e+00  2.033e+00 	
 2.275e+00  2.230e+00  2.182e+00  2.153e+00  2.133e+00  2.118e+00  2.107e+00  2.098e+00  2.091e+00  2.085e+00  2.080e+00  2.076e+00  2.072e+00  2.069e+00  2.066e+00  2.063e+00  2.060e+00  2.058e+00  2.056e+00  2.054e+00  2.053e+00  2.051e+00  2.049e+00  2.048e+00  2.047e+00  2.045e+00  2.044e+00  2.043e+00  2.042e+00  2.041e+00  2.040e+00  2.039e+00  2.039e+00  2.038e+00  2.037e+00  2.036e+00  2.036e+00  2.035e+00  2.035e+00  2.034e+00  2.033e+00  2.033e+00  2.032e+00  2.032e+00  2.031e+00  2.030e+00  2.030e+00  2.028e+00  2.027e+00  2.025e+00 	
