 9.900e-01  9.900e-01  9.900e-01  9.900e-01  9.900e-01  9.900e-01  9.900e-01  9.900e-01  7.410e-01  5.234e-01  3.926e-01  3.098e-01  2.552e-01  2.174e-01  1.901e-01  1.698e-01  1.541e-01  1.417e-01  1.316e-01  1.233e-01  1.162e-01  1.102e-01  1.049e-01  1.004e-01  9.633e-02  9.272e-02  8.948e-02  8.652e-02  8.379e-02  8.109e-02  7.844e-02  7.569e-02  7.269e-02  6.937e-02  6.556e-02  6.123e-02  5.646e-02  5.145e-02  4.668e-02  4.306e-02  4.194e-02  4.546e-02  5.675e-02  8.015e-02  1.217e-01  1.897e-01  2.954e-01  4.543e-01  6.884e-01  9.900e-01 	
 9.900e-01  1.000e-08  1.000e-08  1.000e-08  1.000e-08  1.000e-08  1.000e-08  1.000e-08  1.000e-08  1.000e-08  1.000e-08  1.000e-08  1.000e-08  1.000e-08  1.000e-08  1.000e-08  1.000e-08  1.000e-08  1.000e-08  1.000e-08  1.000e-08  1.000e-08  1.000e-08  1.000e-08  1.000e-08  1.000e-08  1.000e-08  1.000e-08  1.000e-08  1.000e-08  1.000e-08  1.000e-08  1.000e-08  1.000e-08  1.000e-08  1.000e-08  1.000e-08  1.000e-08  1.000e-08  1.000e-08  1.000e-08  1.000e-08  1.000e-08  1.000e-08  1.000e-08  1.000e-08  1.480e-02  8.948e-02  2.001e-01  3.600e-01 	
 9.900e-01  1.000e-08  1.000e-08  1.000e-08  1.000e-08  1.000e-08  1.000e-08  1.000e-08  1.000e-08  1.000e-08  1.000e-08  1.000e-08  1.000e-08  1.000e-08  1.000e-08  1.000e-08  1.000e-08  1.000e-08  1.000e-08  1.000e-08  1.000e-08  1.000e-08  1.000e-08  1.000e-08  1.000e-08  1.000e-08  1.000e-08  1.000e-08  1.000e-08  1.000e-08  1.000e-08  1.000e-08  1.000e-08  1.000e-08  1.000e-08  1.000e-08  1.000e-08  1.000e-08  1.000e-08  1.000e-08  1.000e-08  1.000e-08  1.000e-08  1.000e-08  1.000e-08  1.682e-03  2.651e-02  6.579e-02  1.250e-01  2.118e-01 	
 1.000e-08  1.000e-08  1.000e-08  1.000e-08  1.000e-08  1.000e-08  1.000e-08  1.000e-08  1.000e-08  1.000e-08  1.000e-08  1.000e-08  1.000e-08  1.000e-08  1.000e-08  1.000e-08  1.000e-08  1.000e-08  1.000e-08  1.000e-08  1.000e-08  1.000e-08  1.017e-05  2.516e-03  4.640e-03  6.445e-03  7.982e-03  9.290e-03  1.039e-02  1.128e-02  1.198e-02  1.244e-02  1.266e-02  1.258e-02  1.216e-02  1.136e-02  1.015e-02  8.535e-03  6.560e-03  4.378e-03  2.239e-03  5.395e-04  1.000e-08  1.067e-03  5.213e-03  1.374e-02  2.849e-02  5.187e-02  8.723e-02  1.393e-01 	
 1.000e-08  1.000e-08  1.000e-08  1.000e-08  1.000e-08  1.000e-08  1.000e-08  1.000e-08  1.000e-08  1.000e-08  1.000e-08  1.000e-08  1.000e-08  1.000e-08  1.000e-08  1.000e-08  1.000e-08  1.000e-08  6.503e-04  3.821e-03  6.442e-03  8.634e-03  1.048e-02  1.204e-02  1.337e-02  1.452e-02  1.548e-02  1.632e-02  1.703e-02  1.761e-02  1.808e-02  1.840e-02  1.856e-02  1.854e-02  1.831e-02  1.785e-02  1.712e-02  1.616e-02  1.497e-02  1.365e-02  1.236e-02  1.135e-02  1.098e-02  1.177e-02  1.440e-02  1.976e-02  2.900e-02  4.369e-02  6.585e-02  9.856e-02 	
 1.000e-08  1.000e-08  1.000e-08  1.000e-08  1.000e-08  1.000e-08  1.000e-08  1.000e-08  1.000e-08  1.000e-08  1.000e-08  1.000e-08  1.000e-08  1.000e-08  1.000e-08  1.838e-04  4.085e-03  7.233e-03  9.801e-03  1.192e-02  1.368e-02  1.516e-02  1.643e-02  1.750e-02  1.842e-02  1.922e-02  1.991e-02  2.049e-02  2.100e-02  2.143e-02  2.176e-02  2.201e-02  2.217e-02  2.220e-02  2.209e-02  2.184e-02  2.143e-02  2.085e-02  2.014e-02  1.934e-02  1.856e-02  1.796e-02  1.777e-02  1.833e-02  2.007e-02  2.357e-02  2.960e-02  3.914e-02  5.356e-02  7.485e-02 	
 1.000e-08  1.000e-08  1.000e-08  1.000e-08  1.000e-08  1.000e-08  1.000e-08  1.000e-08  1.000e-08  1.000e-08  1.000e-08  1.000e-08  1.000e-08  1.223e-03  5.480e-03  8.838e-03  1.153e-02  1.371e-02  1.551e-02  1.702e-02  1.826e-02  1.932e-02  2.023e-02  2.101e-02  2.169e-02  2.227e-02  2.279e-02  2.324e-02  2.364e-02  2.397e-02  2.425e-02  2.447e-02  2.463e-02  2.471e-02  2.468e-02  2.457e-02  2.435e-02  2.403e-02  2.362e-02  2.316e-02  2.270e-02  2.237e-02  2.231e-02  2.274e-02  2.396e-02  2.637e-02  3.045e-02  3.688e-02  4.662e-02  6.100e-02 	
 1.000e-08  1.000e-08  1.000e-08  1.000e-08  1.000e-08  1.000e-08  1.000e-08  1.000e-08  1.000e-08  1.000e-08  1.000e-08  2.070e-04  5.222e-03  9.068e-03  1.208e-02  1.447e-02  1.641e-02  1.800e-02  1.930e-02  2.041e-02  2.134e-02  2.215e-02  2.284e-02  2.344e-02  2.397e-02  2.443e-02  2.485e-02  2.523e-02  2.556e-02  2.584e-02  2.611e-02  2.631e-02  2.650e-02  2.662e-02  2.668e-02  2.668e-02  2.661e-02  2.648e-02  2.628e-02  2.604e-02  2.582e-02  2.569e-02  2.574e-02  2.613e-02  2.707e-02  2.883e-02  3.175e-02  3.632e-02  4.319e-02  5.338e-02 	
 1.000e-08  1.000e-08  1.000e-08  1.000e-08  1.000e-08  1.000e-08  1.000e-08  1.000e-08  1.000e-08  1.000e-08  3.175e-03  7.936e-03  1.154e-02  1.433e-02  1.655e-02  1.832e-02  1.977e-02  2.097e-02  2.197e-02  2.283e-02  2.357e-02  2.420e-02  2.477e-02  2.526e-02  2.571e-02  2.611e-02  2.649e-02  2.682e-02  2.715e-02  2.743e-02  2.769e-02  2.795e-02  2.817e-02  2.836e-02  2.851e-02  2.861e-02  2.868e-02  2.871e-02  2.870e-02  2.867e-02  2.864e-02  2.868e-02  2.887e-02  2.930e-02  3.012e-02  3.154e-02  3.382e-02  3.728e-02  4.247e-02  5.006e-02 	
 1.000e-08  1.000e-08  1.000e-08  1.000e-08  1.000e-08  1.000e-08  1.000e-08  1.000e-08  1.000e-08  5.043e-03  9.732e-03  1.324e-02  1.592e-02  1.803e-02  1.970e-02  2.107e-02  2.221e-02  2.316e-02  2.399e-02  2.467e-02  2.530e-02  2.585e-02  2.634e-02  2.681e-02  2.722e-02  2.762e-02  2.801e-02  2.836e-02  2.873e-02  2.905e-02  2.939e-02  2.971e-02  3.001e-02  3.030e-02  3.058e-02  3.084e-02  3.107e-02  3.128e-02  3.146e-02  3.165e-02  3.185e-02  3.212e-02  3.248e-02  3.302e-02  3.390e-02  3.521e-02  3.719e-02  4.009e-02  4.432e-02  5.046e-02 	
 1.000e-08  1.000e-08  1.000e-08  1.000e-08  1.000e-08  1.000e-08  1.000e-08  1.000e-08  6.026e-03  1.082e-02  1.434e-02  1.701e-02  1.909e-02  2.073e-02  2.207e-02  2.319e-02  2.411e-02  2.492e-02  2.562e-02  2.626e-02  2.685e-02  2.737e-02  2.787e-02  2.836e-02  2.883e-02  2.928e-02  2.973e-02  3.019e-02  3.064e-02  3.110e-02  3.156e-02  3.202e-02  3.250e-02  3.295e-02  3.343e-02  3.393e-02  3.438e-02  3.485e-02  3.532e-02  3.580e-02  3.630e-02  3.687e-02  3.752e-02  3.835e-02  3.943e-02  4.088e-02  4.287e-02  4.563e-02  4.949e-02  5.494e-02 	
 1.000e-08  1.000e-08  1.000e-08  1.000e-08  1.000e-08  1.000e-08  1.000e-08  6.203e-03  1.131e-02  1.498e-02  1.772e-02  1.983e-02  2.150e-02  2.285e-02  2.398e-02  2.494e-02  2.578e-02  2.653e-02  2.723e-02  2.787e-02  2.848e-02  2.909e-02  2.968e-02  3.028e-02  3.088e-02  3.147e-02  3.208e-02  3.273e-02  3.340e-02  3.409e-02  3.479e-02  3.553e-02  3.628e-02  3.706e-02  3.787e-02  3.870e-02  3.956e-02  4.042e-02  4.132e-02  4.225e-02  4.323e-02  4.428e-02  4.542e-02  4.673e-02  4.827e-02  5.012e-02  5.245e-02  5.550e-02  5.947e-02  6.482e-02 	
 1.000e-08  1.000e-08  1.000e-08  1.000e-08  1.000e-08  1.000e-08  5.556e-03  1.121e-02  1.520e-02  1.811e-02  2.033e-02  2.207e-02  2.349e-02  2.469e-02  2.572e-02  2.664e-02  2.749e-02  2.831e-02  2.908e-02  2.985e-02  3.064e-02  3.141e-02  3.224e-02  3.305e-02  3.393e-02  3.483e-02  3.577e-02  3.678e-02  3.780e-02  3.890e-02  4.004e-02  4.125e-02  4.250e-02  4.382e-02  4.520e-02  4.662e-02  4.811e-02  4.964e-02  5.124e-02  5.292e-02  5.469e-02  5.652e-02  5.850e-02  6.062e-02  6.298e-02  6.564e-02  6.878e-02  7.249e-02  7.705e-02  8.280e-02 	
 1.000e-08  1.000e-08  1.000e-08  1.000e-08  1.000e-08  3.919e-03  1.050e-02  1.499e-02  1.821e-02  2.064e-02  2.252e-02  2.408e-02  2.539e-02  2.656e-02  2.764e-02  2.866e-02  2.967e-02  3.067e-02  3.170e-02  3.276e-02  3.387e-02  3.502e-02  3.624e-02  3.753e-02  3.889e-02  4.033e-02  4.185e-02  4.347e-02  4.518e-02  4.698e-02  4.890e-02  5.088e-02  5.301e-02  5.523e-02  5.756e-02  6.002e-02  6.256e-02  6.523e-02  6.798e-02  7.088e-02  7.389e-02  7.709e-02  8.037e-02  8.389e-02  8.755e-02  9.164e-02  9.609e-02  1.010e-01  1.067e-01  1.133e-01 	
 1.000e-08  1.000e-08  1.000e-08  1.000e-08  9.301e-04  9.008e-03  1.432e-02  1.803e-02  2.076e-02  2.291e-02  2.465e-02  2.618e-02  2.756e-02  2.889e-02  3.020e-02  3.152e-02  3.289e-02  3.433e-02  3.583e-02  3.744e-02  3.916e-02  4.098e-02  4.294e-02  4.502e-02  4.725e-02  4.962e-02  5.215e-02  5.485e-02  5.772e-02  6.070e-02  6.394e-02  6.729e-02  7.085e-02  7.455e-02  7.848e-02  8.258e-02  8.687e-02  9.134e-02  9.606e-02  1.008e-01  1.058e-01  1.111e-01  1.164e-01  1.220e-01  1.279e-01  1.338e-01  1.402e-01  1.469e-01  1.541e-01  1.620e-01 	
 1.000e-08  1.000e-08  1.000e-08  1.000e-08  6.412e-03  1.306e-02  1.753e-02  2.077e-02  2.324e-02  2.531e-02  2.714e-02  2.887e-02  3.057e-02  3.231e-02  3.412e-02  3.605e-02  3.811e-02  4.033e-02  4.271e-02  4.528e-02  4.806e-02  5.105e-02  5.427e-02  5.774e-02  6.145e-02  6.540e-02  6.965e-02  7.410e-02  7.885e-02  8.389e-02  8.919e-02  9.475e-02  1.006e-01  1.068e-01  1.132e-01  1.199e-01  1.268e-01  1.340e-01  1.414e-01  1.490e-01  1.570e-01  1.650e-01  1.733e-01  1.817e-01  1.903e-01  1.990e-01  2.078e-01  2.166e-01  2.256e-01  2.345e-01 	
 1.000e-08  1.000e-08  1.000e-08  2.001e-03  1.091e-02  1.661e-02  2.057e-02  2.361e-02  2.613e-02  2.840e-02  3.061e-02  3.288e-02  3.526e-02  3.780e-02  4.057e-02  4.358e-02  4.686e-02  5.044e-02  5.434e-02  5.860e-02  6.318e-02  6.818e-02  7.352e-02  7.922e-02  8.541e-02  9.192e-02  9.885e-02  1.063e-01  1.140e-01  1.221e-01  1.307e-01  1.397e-01  1.489e-01  1.585e-01  1.685e-01  1.788e-01  1.894e-01  2.001e-01  2.113e-01  2.226e-01  2.340e-01  2.455e-01  2.572e-01  2.688e-01  2.804e-01  2.918e-01  3.030e-01  3.137e-01  3.240e-01  3.333e-01 	
 1.000e-08  1.000e-08  1.000e-08  7.196e-03  1.503e-02  2.020e-02  2.401e-02  2.718e-02  3.009e-02  3.300e-02  3.605e-02  3.936e-02  4.299e-02  4.698e-02  5.139e-02  5.631e-02  6.169e-02  6.756e-02  7.404e-02  8.101e-02  8.867e-02  9.684e-02  1.056e-01  1.149e-01  1.249e-01  1.353e-01  1.464e-01  1.579e-01  1.700e-01  1.825e-01  1.956e-01  2.089e-01  2.226e-01  2.367e-01  2.510e-01  2.655e-01  2.802e-01  2.950e-01  3.098e-01  3.246e-01  3.395e-01  3.542e-01  3.686e-01  3.827e-01  3.966e-01  4.097e-01  4.221e-01  4.337e-01  4.440e-01  4.526e-01 	
 1.000e-08  1.000e-08  1.209e-04  1.216e-02  1.942e-02  2.448e-02  2.856e-02  3.236e-02  3.623e-02  4.040e-02  4.501e-02  5.018e-02  5.601e-02  6.247e-02  6.973e-02  7.775e-02  8.661e-02  9.625e-02  1.068e-01  1.182e-01  1.303e-01  1.434e-01  1.571e-01  1.716e-01  1.869e-01  2.027e-01  2.192e-01  2.361e-01  2.535e-01  2.711e-01  2.892e-01  3.073e-01  3.256e-01  3.439e-01  3.621e-01  3.803e-01  3.983e-01  4.158e-01  4.333e-01  4.504e-01  4.670e-01  4.826e-01  4.980e-01  5.130e-01  5.265e-01  5.395e-01  5.511e-01  5.620e-01  5.708e-01  5.769e-01 	
 1.000e-08  1.000e-08  6.126e-03  1.766e-02  2.486e-02  3.035e-02  3.536e-02  4.053e-02  4.622e-02  5.266e-02  5.999e-02  6.835e-02  7.782e-02  8.840e-02  1.002e-01  1.132e-01  1.275e-01  1.428e-01  1.593e-01  1.769e-01  1.954e-01  2.150e-01  2.352e-01  2.560e-01  2.774e-01  2.993e-01  3.214e-01  3.436e-01  3.659e-01  3.881e-01  4.100e-01  4.317e-01  4.528e-01  4.734e-01  4.938e-01  5.134e-01  5.323e-01  5.498e-01  5.670e-01  5.834e-01  5.992e-01  6.134e-01  6.274e-01  6.397e-01  6.515e-01  6.618e-01  6.710e-01  6.788e-01  6.852e-01  6.890e-01 	
 1.000e-08  1.000e-08  1.300e-02  2.467e-02  3.247e-02  3.919e-02  4.610e-02  5.381e-02  6.271e-02  7.301e-02  8.494e-02  9.840e-02  1.137e-01  1.306e-01  1.493e-01  1.695e-01  1.913e-01  2.143e-01  2.385e-01  2.636e-01  2.895e-01  3.159e-01  3.426e-01  3.695e-01  3.962e-01  4.227e-01  4.487e-01  4.742e-01  4.991e-01  5.228e-01  5.463e-01  5.679e-01  5.891e-01  6.090e-01  6.280e-01  6.455e-01  6.621e-01  6.775e-01  6.918e-01  7.048e-01  7.169e-01  7.278e-01  7.377e-01  7.468e-01  7.546e-01  7.614e-01  7.670e-01  7.718e-01  7.747e-01  7.768e-01 	
 1.000e-08  1.000e-08  2.190e-02  3.448e-02  4.388e-02  5.307e-02  6.338e-02  7.543e-02  8.961e-02  1.061e-01  1.251e-01  1.465e-01  1.702e-01  1.960e-01  2.237e-01  2.530e-01  2.834e-01  3.149e-01  3.468e-01  3.789e-01  4.109e-01  4.424e-01  4.732e-01  5.033e-01  5.321e-01  5.598e-01  5.864e-01  6.113e-01  6.349e-01  6.567e-01  6.770e-01  6.966e-01  7.141e-01  7.302e-01  7.450e-01  7.588e-01  7.710e-01  7.817e-01  7.913e-01  8.004e-01  8.081e-01  8.145e-01  8.202e-01  8.253e-01  8.291e-01  8.325e-01  8.347e-01  8.363e-01  8.375e-01  8.370e-01 	
 1.000e-08  3.448e-03  3.442e-02  4.896e-02  6.141e-02  7.495e-02  9.093e-02  1.100e-01  1.324e-01  1.583e-01  1.872e-01  2.191e-01  2.534e-01  2.896e-01  3.270e-01  3.651e-01  4.033e-01  4.411e-01  4.779e-01  5.138e-01  5.477e-01  5.804e-01  6.107e-01  6.398e-01  6.661e-01  6.908e-01  7.135e-01  7.346e-01  7.537e-01  7.707e-01  7.864e-01  8.003e-01  8.133e-01  8.241e-01  8.341e-01  8.427e-01  8.501e-01  8.566e-01  8.621e-01  8.664e-01  8.703e-01  8.728e-01  8.758e-01  8.770e-01  8.778e-01  8.786e-01  8.785e-01  8.775e-01  8.765e-01  8.755e-01 	
 1.000e-08  1.915e-02  5.259e-02  7.066e-02  8.832e-02  1.090e-01  1.337e-01  1.633e-01  1.973e-01  2.353e-01  2.766e-01  3.201e-01  3.650e-01  4.101e-01  4.548e-01  4.980e-01  5.399e-01  5.787e-01  6.155e-01  6.495e-01  6.806e-01  7.094e-01  7.351e-01  7.588e-01  7.794e-01  7.986e-01  8.152e-01  8.304e-01  8.434e-01  8.552e-01  8.656e-01  8.743e-01  8.825e-01  8.886e-01  8.942e-01  8.989e-01  9.024e-01  9.054e-01  9.071e-01  9.087e-01  9.091e-01  9.094e-01  9.093e-01  9.084e-01  9.069e-01  9.055e-01  9.036e-01  9.017e-01  8.999e-01  8.980e-01 	
 1.000e-08  4.229e-02  7.909e-02  1.028e-01  1.287e-01  1.599e-01  1.974e-01  2.405e-01  2.885e-01  3.399e-01  3.927e-01  4.457e-01  4.975e-01  5.463e-01  5.924e-01  6.348e-01  6.736e-01  7.081e-01  7.391e-01  7.670e-01  7.917e-01  8.133e-01  8.325e-01  8.487e-01  8.636e-01  8.766e-01  8.871e-01  8.966e-01  9.049e-01  9.119e-01  9.180e-01  9.227e-01  9.266e-01  9.292e-01  9.318e-01  9.331e-01  9.343e-01  9.347e-01  9.342e-01  9.336e-01  9.322e-01  9.308e-01  9.285e-01  9.262e-01  9.238e-01  9.210e-01  9.182e-01  9.155e-01  9.123e-01  9.099e-01 	
 1.000e-08  7.566e-02  1.168e-01  1.490e-01  1.867e-01  2.323e-01  2.855e-01  3.438e-01  4.053e-01  4.667e-01  5.263e-01  5.821e-01  6.332e-01  6.793e-01  7.197e-01  7.556e-01  7.862e-01  8.133e-01  8.363e-01  8.556e-01  8.727e-01  8.876e-01  8.994e-01  9.103e-01  9.195e-01  9.269e-01  9.330e-01  9.387e-01  9.430e-01  9.465e-01  9.496e-01  9.513e-01  9.526e-01  9.534e-01  9.538e-01  9.533e-01  9.523e-01  9.509e-01  9.495e-01  9.472e-01  9.448e-01  9.416e-01  9.388e-01  9.356e-01  9.324e-01  9.287e-01  9.254e-01  9.217e-01  9.189e-01  9.161e-01 	
 2.451e-02  1.219e-01  1.685e-01  2.124e-01  2.655e-01  3.283e-01  3.972e-01  4.684e-01  5.376e-01  6.019e-01  6.598e-01  7.105e-01  7.538e-01  7.909e-01  8.220e-01  8.483e-01  8.699e-01  8.876e-01  9.029e-01  9.156e-01  9.257e-01  9.349e-01  9.419e-01  9.484e-01  9.537e-01  9.572e-01  9.607e-01  9.638e-01  9.651e-01  9.668e-01  9.676e-01  9.676e-01  9.675e-01  9.670e-01  9.656e-01  9.642e-01  9.619e-01  9.596e-01  9.573e-01  9.541e-01  9.513e-01  9.476e-01  9.439e-01  9.402e-01  9.360e-01  9.323e-01  9.281e-01  9.248e-01  9.216e-01  9.187e-01 	
 9.127e-02  1.821e-01  2.358e-01  2.947e-01  3.656e-01  4.446e-01  5.246e-01  6.005e-01  6.682e-01  7.264e-01  7.751e-01  8.146e-01  8.472e-01  8.732e-01  8.944e-01  9.108e-01  9.248e-01  9.358e-01  9.446e-01  9.520e-01  9.582e-01  9.630e-01  9.670e-01  9.705e-01  9.727e-01  9.749e-01  9.762e-01  9.775e-01  9.774e-01  9.779e-01  9.769e-01  9.760e-01  9.755e-01  9.736e-01  9.718e-01  9.690e-01  9.667e-01  9.639e-01  9.607e-01  9.574e-01  9.537e-01  9.495e-01  9.458e-01  9.416e-01  9.374e-01  9.332e-01  9.290e-01  9.253e-01  9.215e-01  9.182e-01 	
 1.743e-01  2.561e-01  3.186e-01  3.947e-01  4.820e-01  5.711e-01  6.528e-01  7.229e-01  7.802e-01  8.260e-01  8.618e-01  8.893e-01  9.107e-01  9.270e-01  9.398e-01  9.499e-01  9.583e-01  9.644e-01  9.693e-01  9.732e-01  9.767e-01  9.789e-01  9.816e-01  9.829e-01  9.838e-01  9.842e-01  9.846e-01  9.846e-01  9.846e-01  9.832e-01  9.822e-01  9.808e-01  9.790e-01  9.771e-01  9.743e-01  9.716e-01  9.688e-01  9.655e-01  9.622e-01  9.581e-01  9.543e-01  9.501e-01  9.455e-01  9.413e-01  9.370e-01  9.328e-01  9.286e-01  9.239e-01  9.206e-01  9.177e-01 	
 2.701e-01  3.412e-01  4.145e-01  5.064e-01  6.034e-01  6.920e-01  7.650e-01  8.220e-01  8.650e-01  8.965e-01  9.198e-01  9.367e-01  9.500e-01  9.592e-01  9.667e-01  9.724e-01  9.768e-01  9.803e-01  9.830e-01  9.852e-01  9.869e-01  9.878e-01  9.887e-01  9.891e-01  9.896e-01  9.895e-01  9.891e-01  9.881e-01  9.877e-01  9.863e-01  9.844e-01  9.830e-01  9.802e-01  9.779e-01  9.751e-01  9.723e-01  9.690e-01  9.653e-01  9.620e-01  9.578e-01  9.536e-01  9.494e-01  9.447e-01  9.404e-01  9.353e-01  9.310e-01  9.268e-01  9.221e-01  9.187e-01  9.158e-01 	
 3.722e-01  4.328e-01  5.175e-01  6.200e-01  7.164e-01  7.940e-01  8.518e-01  8.924e-01  9.210e-01  9.411e-01  9.548e-01  9.654e-01  9.725e-01  9.777e-01  9.821e-01  9.848e-01  9.870e-01  9.887e-01  9.901e-01  9.914e-01  9.923e-01  9.927e-01  9.927e-01  9.927e-01  9.927e-01  9.922e-01  9.908e-01  9.899e-01  9.885e-01  9.876e-01  9.852e-01  9.834e-01  9.806e-01  9.778e-01  9.750e-01  9.717e-01  9.679e-01  9.646e-01  9.604e-01  9.562e-01  9.519e-01  9.477e-01  9.425e-01  9.383e-01  9.335e-01  9.288e-01  9.245e-01  9.202e-01  9.160e-01  9.131e-01 	
 4.731e-01  5.252e-01  6.198e-01  7.233e-01  8.087e-01  8.697e-01  9.108e-01  9.375e-01  9.553e-01  9.672e-01  9.751e-01  9.809e-01  9.848e-01  9.875e-01  9.897e-01  9.910e-01  9.928e-01  9.937e-01  9.941e-01  9.945e-01  9.945e-01  9.950e-01  9.950e-01  9.945e-01  9.940e-01  9.931e-01  9.917e-01  9.908e-01  9.894e-01  9.875e-01  9.851e-01  9.833e-01  9.800e-01  9.776e-01  9.739e-01  9.706e-01  9.673e-01  9.630e-01  9.593e-01  9.545e-01  9.498e-01  9.455e-01  9.408e-01  9.356e-01  9.313e-01  9.261e-01  9.218e-01  9.170e-01  9.136e-01  9.103e-01 	
 5.646e-01  6.107e-01  7.104e-01  8.072e-01  8.760e-01  9.202e-01  9.473e-01  9.642e-01  9.747e-01  9.813e-01  9.857e-01  9.888e-01  9.910e-01  9.928e-01  9.937e-01  9.946e-01  9.950e-01  9.959e-01  9.963e-01  9.963e-01  9.963e-01  9.959e-01  9.954e-01  9.949e-01  9.940e-01  9.935e-01  9.921e-01  9.902e-01  9.888e-01  9.869e-01  9.846e-01  9.818e-01  9.794e-01  9.761e-01  9.723e-01  9.695e-01  9.652e-01  9.610e-01  9.567e-01  9.524e-01  9.477e-01  9.429e-01  9.381e-01  9.329e-01  9.281e-01  9.234e-01  9.190e-01  9.143e-01  9.104e-01  9.070e-01 	
 6.397e-01  6.825e-01  7.824e-01  8.665e-01  9.193e-01  9.501e-01  9.682e-01  9.783e-01  9.844e-01  9.884e-01  9.915e-01  9.932e-01  9.941e-01  9.955e-01  9.959e-01  9.963e-01  9.968e-01  9.972e-01  9.968e-01  9.968e-01  9.963e-01  9.963e-01  9.958e-01  9.954e-01  9.940e-01  9.930e-01  9.916e-01  9.902e-01  9.878e-01  9.859e-01  9.836e-01  9.807e-01  9.774e-01  9.746e-01  9.713e-01  9.675e-01  9.632e-01  9.589e-01  9.546e-01  9.498e-01  9.451e-01  9.403e-01  9.350e-01  9.302e-01  9.250e-01  9.202e-01  9.154e-01  9.110e-01  9.071e-01  9.033e-01 	
 6.934e-01  7.376e-01  8.339e-01  9.050e-01  9.454e-01  9.670e-01  9.788e-01  9.853e-01  9.897e-01  9.924e-01  9.937e-01  9.955e-01  9.959e-01  9.963e-01  9.968e-01  9.968e-01  9.972e-01  9.972e-01  9.972e-01  9.972e-01  9.967e-01  9.963e-01  9.958e-01  9.949e-01  9.939e-01  9.925e-01  9.911e-01  9.892e-01  9.873e-01  9.849e-01  9.826e-01  9.792e-01  9.764e-01  9.726e-01  9.692e-01  9.649e-01  9.611e-01  9.564e-01  9.520e-01  9.468e-01  9.420e-01  9.372e-01  9.324e-01  9.271e-01  9.218e-01  9.165e-01  9.122e-01  9.074e-01  9.034e-01  9.000e-01 	
 7.249e-01  7.739e-01  8.678e-01  9.289e-01  9.596e-01  9.762e-01  9.845e-01  9.893e-01  9.919e-01  9.941e-01  9.950e-01  9.964e-01  9.968e-01  9.972e-01  9.972e-01  9.972e-01  9.977e-01  9.972e-01  9.972e-01  9.967e-01  9.967e-01  9.963e-01  9.953e-01  9.944e-01  9.934e-01  9.920e-01  9.901e-01  9.882e-01  9.858e-01  9.839e-01  9.811e-01  9.777e-01  9.744e-01  9.710e-01  9.672e-01  9.629e-01  9.586e-01  9.538e-01  9.490e-01  9.442e-01  9.394e-01  9.341e-01  9.283e-01  9.230e-01  9.177e-01  9.134e-01  9.080e-01  9.032e-01  8.998e-01  8.963e-01 	
 7.363e-01  7.961e-01  8.882e-01  9.420e-01  9.675e-01  9.801e-01  9.871e-01  9.910e-01  9.932e-01  9.945e-01  9.954e-01  9.963e-01  9.968e-01  9.972e-01  9.977e-01  9.972e-01  9.977e-01  9.972e-01  9.972e-01  9.967e-01  9.967e-01  9.958e-01  9.948e-01  9.939e-01  9.924e-01  9.910e-01  9.891e-01  9.872e-01  9.848e-01  9.824e-01  9.791e-01  9.762e-01  9.729e-01  9.690e-01  9.647e-01  9.604e-01  9.556e-01  9.512e-01  9.460e-01  9.407e-01  9.358e-01  9.305e-01  9.252e-01  9.194e-01  9.141e-01  9.088e-01  9.039e-01  8.995e-01  8.951e-01  8.917e-01 	
 7.336e-01  8.081e-01  9.008e-01  9.490e-01  9.713e-01  9.822e-01  9.883e-01  9.919e-01  9.936e-01  9.954e-01  9.959e-01  9.968e-01  9.968e-01  9.972e-01  9.977e-01  9.977e-01  9.977e-01  9.972e-01  9.967e-01  9.967e-01  9.958e-01  9.957e-01  9.948e-01  9.934e-01  9.919e-01  9.900e-01  9.886e-01  9.862e-01  9.838e-01  9.809e-01  9.776e-01  9.737e-01  9.704e-01  9.665e-01  9.622e-01  9.579e-01  9.530e-01  9.477e-01  9.429e-01  9.376e-01  9.323e-01  9.265e-01  9.212e-01  9.158e-01  9.100e-01  9.047e-01  8.998e-01  8.954e-01  8.910e-01  8.875e-01 	
 7.242e-01  8.140e-01  9.076e-01  9.527e-01  9.729e-01  9.834e-01  9.887e-01  9.918e-01  9.940e-01  9.954e-01  9.958e-01  9.968e-01  9.972e-01  9.972e-01  9.977e-01  9.977e-01  9.972e-01  9.972e-01  9.967e-01  9.962e-01  9.953e-01  9.948e-01  9.938e-01  9.929e-01  9.910e-01  9.890e-01  9.876e-01  9.852e-01  9.823e-01  9.790e-01  9.756e-01  9.722e-01  9.679e-01  9.640e-01  9.592e-01  9.548e-01  9.500e-01  9.447e-01  9.394e-01  9.340e-01  9.282e-01  9.229e-01  9.171e-01  9.112e-01  9.059e-01  9.005e-01  8.952e-01  8.907e-01  8.863e-01  8.833e-01 	
 7.133e-01  8.169e-01  9.109e-01  9.542e-01  9.741e-01  9.837e-01  9.891e-01  9.917e-01  9.940e-01  9.954e-01  9.958e-01  9.963e-01  9.967e-01  9.972e-01  9.972e-01  9.972e-01  9.967e-01  9.967e-01  9.967e-01  9.957e-01  9.952e-01  9.943e-01  9.933e-01  9.919e-01  9.904e-01  9.880e-01  9.861e-01  9.832e-01  9.808e-01  9.770e-01  9.736e-01  9.697e-01  9.658e-01  9.610e-01  9.566e-01  9.518e-01  9.465e-01  9.411e-01  9.358e-01  9.300e-01  9.246e-01  9.188e-01  9.130e-01  9.071e-01  9.017e-01  8.964e-01  8.910e-01  8.861e-01  8.821e-01  8.786e-01 	
 7.041e-01  8.185e-01  9.125e-01  9.543e-01  9.739e-01  9.841e-01  9.890e-01  9.922e-01  9.940e-01  9.953e-01  9.958e-01  9.962e-01  9.967e-01  9.972e-01  9.967e-01  9.967e-01  9.967e-01  9.967e-01  9.962e-01  9.952e-01  9.947e-01  9.933e-01  9.923e-01  9.909e-01  9.890e-01  9.870e-01  9.846e-01  9.817e-01  9.784e-01  9.754e-01  9.711e-01  9.677e-01  9.629e-01  9.580e-01  9.536e-01  9.483e-01  9.429e-01  9.376e-01  9.318e-01  9.264e-01  9.205e-01  9.147e-01  9.088e-01  9.025e-01  8.971e-01  8.913e-01  8.864e-01  8.814e-01  8.774e-01  8.739e-01 	
 6.987e-01  8.191e-01  9.132e-01  9.548e-01  9.737e-01  9.835e-01  9.889e-01  9.921e-01  9.935e-01  9.949e-01  9.953e-01  9.962e-01  9.962e-01  9.967e-01  9.967e-01  9.967e-01  9.962e-01  9.962e-01  9.957e-01  9.952e-01  9.938e-01  9.928e-01  9.914e-01  9.899e-01  9.880e-01  9.856e-01  9.831e-01  9.797e-01  9.768e-01  9.734e-01  9.691e-01  9.647e-01  9.603e-01  9.554e-01  9.501e-01  9.447e-01  9.394e-01  9.340e-01  9.282e-01  9.223e-01  9.164e-01  9.101e-01  9.042e-01  8.983e-01  8.925e-01  8.866e-01  8.812e-01  8.767e-01  8.723e-01  8.691e-01 	
 6.966e-01  8.212e-01  9.147e-01  9.550e-01  9.740e-01  9.834e-01  9.889e-01  9.916e-01  9.934e-01  9.948e-01  9.958e-01  9.962e-01  9.962e-01  9.967e-01  9.967e-01  9.967e-01  9.962e-01  9.957e-01  9.952e-01  9.942e-01  9.933e-01  9.918e-01  9.908e-01  9.889e-01  9.870e-01  9.841e-01  9.812e-01  9.782e-01  9.743e-01  9.705e-01  9.666e-01  9.617e-01  9.568e-01  9.519e-01  9.466e-01  9.412e-01  9.353e-01  9.295e-01  9.236e-01  9.177e-01  9.118e-01  9.055e-01  8.991e-01  8.932e-01  8.874e-01  8.815e-01  8.765e-01  8.716e-01  8.671e-01  8.640e-01 	
 6.975e-01  8.236e-01  9.158e-01  9.560e-01  9.743e-01  9.838e-01  9.888e-01  9.920e-01  9.939e-01  9.948e-01  9.957e-01  9.957e-01  9.962e-01  9.962e-01  9.962e-01  9.962e-01  9.957e-01  9.952e-01  9.942e-01  9.937e-01  9.923e-01  9.908e-01  9.894e-01  9.874e-01  9.850e-01  9.821e-01  9.796e-01  9.758e-01  9.723e-01  9.679e-01  9.636e-01  9.587e-01  9.538e-01  9.484e-01  9.430e-01  9.372e-01  9.313e-01  9.254e-01  9.191e-01  9.132e-01  9.068e-01  9.004e-01  8.945e-01  8.886e-01  8.823e-01  8.768e-01  8.714e-01  8.664e-01  8.624e-01  8.592e-01 	
 6.992e-01  8.259e-01  9.169e-01  9.566e-01  9.746e-01  9.837e-01  9.887e-01  9.915e-01  9.934e-01  9.948e-01  9.952e-01  9.957e-01  9.957e-01  9.962e-01  9.957e-01  9.952e-01  9.947e-01  9.947e-01  9.942e-01  9.928e-01  9.918e-01  9.903e-01  9.884e-01  9.859e-01  9.835e-01  9.806e-01  9.776e-01  9.737e-01  9.698e-01  9.655e-01  9.606e-01  9.557e-01  9.503e-01  9.449e-01  9.390e-01  9.336e-01  9.268e-01  9.209e-01  9.150e-01  9.082e-01  9.022e-01  8.954e-01  8.895e-01  8.836e-01  8.772e-01  8.713e-01  8.663e-01  8.613e-01  8.573e-01  8.541e-01 	
 7.015e-01  8.274e-01  9.172e-01  9.563e-01  9.744e-01  9.836e-01  9.887e-01  9.915e-01  9.929e-01  9.943e-01  9.947e-01  9.952e-01  9.957e-01  9.952e-01  9.952e-01  9.952e-01  9.947e-01  9.937e-01  9.927e-01  9.918e-01  9.903e-01  9.888e-01  9.869e-01  9.845e-01  9.815e-01  9.786e-01  9.752e-01  9.712e-01  9.668e-01  9.624e-01  9.575e-01  9.521e-01  9.468e-01  9.409e-01  9.350e-01  9.286e-01  9.227e-01  9.163e-01  9.094e-01  9.035e-01  8.967e-01  8.902e-01  8.843e-01  8.779e-01  8.720e-01  8.656e-01  8.606e-01  8.561e-01  8.520e-01  8.488e-01 	
 7.048e-01  8.286e-01  9.176e-01  9.565e-01  9.743e-01  9.835e-01  9.882e-01  9.910e-01  9.924e-01  9.938e-01  9.942e-01  9.952e-01  9.952e-01  9.947e-01  9.947e-01  9.942e-01  9.942e-01  9.932e-01  9.922e-01  9.908e-01  9.893e-01  9.874e-01  9.854e-01  9.825e-01  9.795e-01  9.766e-01  9.727e-01  9.683e-01  9.638e-01  9.589e-01  9.540e-01  9.486e-01  9.423e-01  9.369e-01  9.305e-01  9.241e-01  9.177e-01  9.113e-01  9.044e-01  8.985e-01  8.916e-01  8.852e-01  8.783e-01  8.719e-01  8.660e-01  8.605e-01  8.550e-01  8.500e-01  8.464e-01  8.437e-01 	
 7.101e-01  8.310e-01  9.175e-01  9.559e-01  9.737e-01  9.830e-01  9.877e-01  9.905e-01  9.919e-01  9.928e-01  9.938e-01  9.942e-01  9.942e-01  9.942e-01  9.937e-01  9.937e-01  9.927e-01  9.917e-01  9.908e-01  9.898e-01  9.878e-01  9.859e-01  9.834e-01  9.805e-01  9.775e-01  9.736e-01  9.697e-01  9.653e-01  9.604e-01  9.555e-01  9.500e-01  9.442e-01  9.383e-01  9.324e-01  9.255e-01  9.191e-01  9.127e-01  9.058e-01  8.994e-01  8.925e-01  8.856e-01  8.792e-01  8.728e-01  8.659e-01  8.600e-01  8.545e-01  8.490e-01  8.449e-01  8.412e-01  8.389e-01 	
 7.226e-01  8.358e-01  9.188e-01  9.565e-01  9.741e-01  9.824e-01  9.871e-01  9.900e-01  9.918e-01  9.928e-01  9.928e-01  9.932e-01  9.937e-01  9.932e-01  9.927e-01  9.927e-01  9.917e-01  9.907e-01  9.898e-01  9.878e-01  9.863e-01  9.839e-01  9.809e-01  9.780e-01  9.750e-01  9.711e-01  9.667e-01  9.613e-01  9.564e-01  9.510e-01  9.456e-01  9.392e-01  9.333e-01  9.269e-01  9.200e-01  9.136e-01  9.067e-01  9.002e-01  8.929e-01  8.860e-01  8.795e-01  8.727e-01  8.658e-01  8.598e-01  8.534e-01  8.479e-01  8.429e-01  8.388e-01  8.360e-01  8.346e-01 	
 7.558e-01  8.482e-01  9.252e-01  9.608e-01  9.776e-01  9.861e-01  9.904e-01  9.933e-01  9.942e-01  9.952e-01  9.956e-01  9.956e-01  9.951e-01  9.951e-01  9.946e-01  9.937e-01  9.927e-01  9.917e-01  9.897e-01  9.882e-01  9.863e-01  9.833e-01  9.804e-01  9.774e-01  9.735e-01  9.695e-01  9.646e-01  9.597e-01  9.542e-01  9.488e-01  9.429e-01  9.369e-01  9.305e-01  9.236e-01  9.172e-01  9.103e-01  9.038e-01  8.969e-01  8.904e-01  8.830e-01  8.770e-01  8.701e-01  8.641e-01  8.581e-01  8.526e-01  8.475e-01  8.429e-01  8.401e-01  8.386e-01  8.399e-01 	
