 7.704e-01  7.556e-01  7.398e-01  7.229e-01  7.044e-01  6.841e-01  6.613e-01  6.354e-01  6.051e-01  5.684e-01  5.210e-01  4.424e-01  3.105e-01  2.214e-01  1.719e-01  1.996e-01  3.278e-01  3.805e-01  3.372e-01  2.646e-01  1.998e-01  1.495e-01  1.133e-01  8.778e-02  6.913e-02  5.489e-02  4.378e-02  3.510e-02  2.819e-02  2.264e-02  1.816e-02  1.461e-02  1.175e-02  9.448e-03  7.592e-03  6.128e-03  4.951e-03  4.002e-03  3.235e-03  2.643e-03  2.167e-03  1.780e-03  1.468e-03  1.246e-03  1.068e-03  9.196e-04  8.136e-04  8.300e-04  1.173e-03  2.665e-03 	
 7.858e-01  7.724e-01  7.582e-01  7.431e-01  7.267e-01  7.088e-01  6.890e-01  6.665e-01  6.404e-01  6.088e-01  5.674e-01  5.086e-01  3.544e-01  1.908e-01  1.558e-01  1.757e-01  2.325e-01  3.461e-01  3.966e-01  3.460e-01  2.700e-01  2.020e-01  1.508e-01  1.148e-01  8.917e-02  7.030e-02  5.600e-02  4.479e-02  3.590e-02  2.882e-02  2.316e-02  1.857e-02  1.488e-02  1.192e-02  9.560e-03  7.635e-03  6.093e-03  4.861e-03  3.878e-03  3.061e-03  2.409e-03  1.889e-03  1.469e-03  1.104e-03  8.056e-04  5.534e-04  3.138e-04  6.074e-05  3.358e-05  9.937e-04 	
 8.006e-01  7.885e-01  7.759e-01  7.624e-01  7.480e-01  7.324e-01  7.151e-01  6.955e-01  6.727e-01  6.450e-01  6.090e-01  5.604e-01  4.643e-01  2.413e-01  1.423e-01  1.984e-01  2.023e-01  2.373e-01  3.389e-01  4.049e-01  3.629e-01  2.886e-01  2.171e-01  1.627e-01  1.238e-01  9.587e-02  7.549e-02  6.005e-02  4.803e-02  3.854e-02  3.096e-02  2.485e-02  1.993e-02  1.598e-02  1.283e-02  1.027e-02  8.217e-03  6.574e-03  5.258e-03  4.180e-03  3.316e-03  2.624e-03  2.065e-03  1.594e-03  1.212e-03  8.912e-04  5.968e-04  2.933e-04  1.506e-04  7.608e-04 	
 8.143e-01  8.035e-01  7.921e-01  7.802e-01  7.674e-01  7.535e-01  7.382e-01  7.207e-01  7.000e-01  6.745e-01  6.409e-01  5.952e-01  5.155e-01  3.962e-01  2.112e-01  1.548e-01  1.960e-01  2.016e-01  2.306e-01  3.165e-01  3.999e-01  3.792e-01  3.083e-01  2.349e-01  1.766e-01  1.337e-01  1.031e-01  8.102e-02  6.436e-02  5.148e-02  4.131e-02  3.315e-02  2.660e-02  2.134e-02  1.713e-02  1.373e-02  1.101e-02  8.817e-03  7.062e-03  5.636e-03  4.492e-03  3.572e-03  2.830e-03  2.217e-03  1.721e-03  1.311e-03  9.496e-04  6.004e-04  3.868e-04  7.947e-04 	
 8.267e-01  8.168e-01  8.065e-01  7.957e-01  7.842e-01  7.716e-01  7.576e-01  7.415e-01  7.222e-01  6.981e-01  6.661e-01  6.235e-01  5.340e-01  4.552e-01  3.190e-01  1.445e-01  1.263e-01  1.749e-01  2.102e-01  2.317e-01  3.030e-01  3.926e-01  3.957e-01  3.299e-01  2.547e-01  1.913e-01  1.441e-01  1.110e-01  8.691e-02  6.893e-02  5.507e-02  4.412e-02  3.538e-02  2.839e-02  2.279e-02  1.828e-02  1.465e-02  1.175e-02  9.411e-03  7.522e-03  6.005e-03  4.783e-03  3.797e-03  2.989e-03  2.337e-03  1.802e-03  1.343e-03  9.189e-04  6.285e-04  8.939e-04 	
 8.375e-01  8.283e-01  8.188e-01  8.088e-01  7.981e-01  7.864e-01  7.732e-01  7.580e-01  7.398e-01  7.171e-01  6.877e-01  6.524e-01  5.628e-01  4.488e-01  4.066e-01  2.349e-01  1.310e-01  1.170e-01  1.975e-01  2.133e-01  2.330e-01  2.866e-01  3.849e-01  4.086e-01  3.509e-01  2.748e-01  2.066e-01  1.560e-01  1.197e-01  9.334e-02  7.380e-02  5.883e-02  4.707e-02  3.774e-02  3.028e-02  2.429e-02  1.948e-02  1.562e-02  1.251e-02  1.001e-02  7.994e-03  6.372e-03  5.062e-03  3.994e-03  3.133e-03  2.429e-03  1.834e-03  1.302e-03  9.127e-04  1.048e-03 	
 8.465e-01  8.378e-01  8.288e-01  8.193e-01  8.091e-01  7.979e-01  7.853e-01  7.707e-01  7.532e-01  7.318e-01  7.047e-01  6.740e-01  5.969e-01  4.467e-01  3.917e-01  4.119e-01  2.837e-01  1.860e-01  1.315e-01  1.684e-01  2.171e-01  2.316e-01  2.660e-01  3.571e-01  4.097e-01  3.699e-01  2.951e-01  2.245e-01  1.695e-01  1.293e-01  1.003e-01  7.901e-02  6.283e-02  5.022e-02  4.025e-02  3.228e-02  2.588e-02  2.075e-02  1.663e-02  1.330e-02  1.063e-02  8.476e-03  6.736e-03  5.322e-03  4.181e-03  3.252e-03  2.475e-03  1.794e-03  1.275e-03  1.270e-03 	
 8.537e-01  8.454e-01  8.367e-01  8.274e-01  8.174e-01  8.065e-01  7.941e-01  7.798e-01  7.630e-01  7.427e-01  7.180e-01  6.931e-01  6.261e-01  4.800e-01  3.392e-01  4.026e-01  4.037e-01  2.801e-01  1.496e-01  9.424e-02  1.635e-01  2.118e-01  2.293e-01  2.569e-01  3.353e-01  4.071e-01  3.890e-01  3.180e-01  2.445e-01  1.842e-01  1.395e-01  1.078e-01  8.462e-02  6.711e-02  5.359e-02  4.291e-02  3.439e-02  2.757e-02  2.209e-02  1.767e-02  1.413e-02  1.127e-02  8.956e-03  7.081e-03  5.570e-03  4.341e-03  3.322e-03  2.440e-03  1.748e-03  1.581e-03 	
 8.593e-01  8.511e-01  8.424e-01  8.333e-01  8.233e-01  8.124e-01  8.001e-01  7.861e-01  7.698e-01  7.506e-01  7.285e-01  7.099e-01  6.485e-01  5.201e-01  3.649e-01  3.378e-01  4.314e-01  4.307e-01  3.124e-01  2.065e-01  1.401e-01  1.454e-01  2.172e-01  2.320e-01  2.508e-01  3.126e-01  4.039e-01  4.048e-01  3.411e-01  2.652e-01  1.994e-01  1.511e-01  1.162e-01  9.069e-02  7.171e-02  5.716e-02  4.572e-02  3.663e-02  2.934e-02  2.348e-02  1.877e-02  1.497e-02  1.190e-02  9.415e-03  7.412e-03  5.785e-03  4.441e-03  3.291e-03  2.371e-03  2.007e-03 	
 8.633e-01  8.551e-01  8.464e-01  8.372e-01  8.271e-01  8.162e-01  8.039e-01  7.900e-01  7.741e-01  7.561e-01  7.363e-01  7.240e-01  6.884e-01  5.665e-01  4.539e-01  3.738e-01  3.537e-01  4.031e-01  4.310e-01  3.388e-01  1.874e-01  1.029e-01  1.262e-01  1.994e-01  2.252e-01  2.454e-01  2.867e-01  3.786e-01  4.111e-01  3.621e-01  2.858e-01  2.172e-01  1.641e-01  1.252e-01  9.719e-02  7.666e-02  6.097e-02  4.871e-02  3.898e-02  3.118e-02  2.493e-02  1.988e-02  1.581e-02  1.251e-02  9.854e-03  7.698e-03  5.924e-03  4.417e-03  3.196e-03  2.583e-03 	
 8.659e-01  8.576e-01  8.488e-01  8.394e-01  8.293e-01  8.182e-01  8.058e-01  7.921e-01  7.767e-01  7.596e-01  7.418e-01  7.327e-01  7.012e-01  6.177e-01  4.895e-01  4.683e-01  3.882e-01  3.354e-01  4.339e-01  4.524e-01  3.858e-01  2.396e-01  1.495e-01  1.259e-01  1.888e-01  2.316e-01  2.410e-01  2.724e-01  3.535e-01  4.125e-01  3.827e-01  3.093e-01  2.365e-01  1.778e-01  1.347e-01  1.044e-01  8.198e-02  6.502e-02  5.186e-02  4.143e-02  3.310e-02  2.640e-02  2.099e-02  1.662e-02  1.309e-02  1.024e-02  7.890e-03  5.908e-03  4.287e-03  3.358e-03 	
 8.673e-01  8.588e-01  8.498e-01  8.403e-01  8.300e-01  8.188e-01  8.065e-01  7.929e-01  7.780e-01  7.620e-01  7.461e-01  7.399e-01  7.153e-01  6.203e-01  4.988e-01  4.312e-01  4.429e-01  3.693e-01  3.568e-01  4.044e-01  4.450e-01  3.985e-01  2.415e-01  1.595e-01  1.392e-01  1.701e-01  2.263e-01  2.407e-01  2.619e-01  3.283e-01  4.129e-01  3.997e-01  3.320e-01  2.561e-01  1.920e-01  1.458e-01  1.122e-01  8.767e-02  6.931e-02  5.515e-02  4.399e-02  3.506e-02  2.787e-02  2.207e-02  1.739e-02  1.360e-02  1.050e-02  7.883e-03  5.735e-03  4.396e-03 	
 8.676e-01  8.590e-01  8.498e-01  8.401e-01  8.297e-01  8.185e-01  8.062e-01  7.929e-01  7.786e-01  7.637e-01  7.495e-01  7.463e-01  7.294e-01  6.465e-01  5.121e-01  4.411e-01  3.978e-01  4.135e-01  3.814e-01  3.291e-01  3.939e-01  4.623e-01  4.441e-01  2.998e-01  1.729e-01  1.092e-01  1.464e-01  2.210e-01  2.336e-01  2.526e-01  2.986e-01  3.892e-01  4.087e-01  3.531e-01  2.757e-01  2.091e-01  1.579e-01  1.206e-01  9.369e-02  7.384e-02  5.859e-02  4.659e-02  3.701e-02  2.929e-02  2.309e-02  1.806e-02  1.395e-02  1.050e-02  7.653e-03  5.783e-03 	
 8.671e-01  8.583e-01  8.490e-01  8.391e-01  8.286e-01  8.174e-01  8.053e-01  7.923e-01  7.786e-01  7.647e-01  7.521e-01  7.512e-01  7.408e-01  6.765e-01  5.756e-01  4.647e-01  4.614e-01  4.224e-01  4.640e-01  4.086e-01  3.604e-01  3.923e-01  4.586e-01  4.459e-01  3.143e-01  1.799e-01  1.492e-01  1.376e-01  1.951e-01  2.358e-01  2.450e-01  2.820e-01  3.660e-01  4.140e-01  3.740e-01  2.987e-01  2.273e-01  1.706e-01  1.294e-01  1.002e-01  7.862e-02  6.211e-02  4.919e-02  3.889e-02  3.065e-02  2.398e-02  1.853e-02  1.397e-02  1.020e-02  7.633e-03 	
 8.659e-01  8.569e-01  8.474e-01  8.375e-01  8.269e-01  8.157e-01  8.038e-01  7.913e-01  7.782e-01  7.652e-01  7.540e-01  7.544e-01  7.461e-01  6.805e-01  5.753e-01  4.810e-01  4.485e-01  4.449e-01  4.048e-01  4.243e-01  4.117e-01  3.489e-01  3.702e-01  4.537e-01  4.191e-01  3.382e-01  2.060e-01  1.224e-01  1.103e-01  1.784e-01  2.275e-01  2.445e-01  2.708e-01  3.435e-01  4.199e-01  3.925e-01  3.212e-01  2.457e-01  1.836e-01  1.394e-01  1.072e-01  8.352e-02  6.562e-02  5.169e-02  4.068e-02  3.181e-02  2.459e-02  1.856e-02  1.357e-02  1.010e-02 	
 8.641e-01  8.550e-01  8.454e-01  8.354e-01  8.248e-01  8.137e-01  8.020e-01  7.898e-01  7.774e-01  7.653e-01  7.553e-01  7.566e-01  7.490e-01  6.818e-01  5.562e-01  5.045e-01  4.971e-01  4.863e-01  4.913e-01  4.374e-01  4.516e-01  4.220e-01  3.562e-01  3.514e-01  4.040e-01  4.519e-01  4.346e-01  2.724e-01  1.682e-01  1.236e-01  1.606e-01  2.319e-01  2.400e-01  2.601e-01  3.137e-01  4.011e-01  4.046e-01  3.420e-01  2.638e-01  1.992e-01  1.501e-01  1.143e-01  8.840e-02  6.903e-02  5.407e-02  4.221e-02  3.261e-02  2.463e-02  1.802e-02  1.337e-02 	
 8.619e-01  8.526e-01  8.430e-01  8.329e-01  8.224e-01  8.114e-01  7.999e-01  7.882e-01  7.763e-01  7.651e-01  7.561e-01  7.586e-01  7.535e-01  6.938e-01  5.789e-01  5.459e-01  5.313e-01  5.138e-01  4.671e-01  4.541e-01  4.473e-01  4.426e-01  4.499e-01  3.919e-01  3.504e-01  4.220e-01  4.615e-01  4.356e-01  3.011e-01  1.785e-01  1.523e-01  1.487e-01  2.045e-01  2.408e-01  2.512e-01  2.963e-01  3.811e-01  4.138e-01  3.626e-01  2.854e-01  2.153e-01  1.608e-01  1.214e-01  9.327e-02  7.228e-02  5.611e-02  4.325e-02  3.266e-02  2.392e-02  1.771e-02 	
 8.594e-01  8.500e-01  8.403e-01  8.302e-01  8.197e-01  8.089e-01  7.977e-01  7.863e-01  7.750e-01  7.646e-01  7.567e-01  7.605e-01  7.598e-01  7.148e-01  6.252e-01  5.779e-01  5.537e-01  5.307e-01  5.288e-01  5.051e-01  5.048e-01  4.831e-01  4.640e-01  4.739e-01  4.011e-01  3.431e-01  3.735e-01  4.764e-01  4.434e-01  3.445e-01  2.036e-01  1.221e-01  1.177e-01  1.943e-01  2.316e-01  2.512e-01  2.841e-01  3.626e-01  4.242e-01  3.818e-01  3.061e-01  2.309e-01  1.712e-01  1.288e-01  9.792e-02  7.506e-02  5.749e-02  4.329e-02  3.169e-02  2.347e-02 	
 8.566e-01  8.471e-01  8.374e-01  8.273e-01  8.169e-01  8.062e-01  7.953e-01  7.843e-01  7.736e-01  7.639e-01  7.569e-01  7.619e-01  7.646e-01  7.293e-01  6.527e-01  5.827e-01  5.676e-01  5.275e-01  5.392e-01  5.314e-01  5.174e-01  4.840e-01  4.531e-01  4.533e-01  4.680e-01  4.371e-01  3.609e-01  3.919e-01  4.428e-01  4.700e-01  4.207e-01  2.482e-01  1.660e-01  1.342e-01  1.713e-01  2.408e-01  2.486e-01  2.715e-01  3.352e-01  4.126e-01  3.961e-01  3.246e-01  2.454e-01  1.826e-01  1.357e-01  1.018e-01  7.691e-02  5.752e-02  4.198e-02  3.107e-02 	
 8.537e-01  8.441e-01  8.343e-01  8.243e-01  8.140e-01  8.035e-01  7.929e-01  7.823e-01  7.721e-01  7.631e-01  7.571e-01  7.630e-01  7.677e-01  7.361e-01  6.418e-01  5.902e-01  5.404e-01  5.178e-01  5.243e-01  5.484e-01  5.252e-01  4.857e-01  4.581e-01  4.980e-01  4.559e-01  4.450e-01  4.287e-01  3.608e-01  3.536e-01  4.381e-01  4.664e-01  4.214e-01  2.835e-01  1.625e-01  1.254e-01  1.573e-01  2.165e-01  2.479e-01  2.629e-01  3.188e-01  3.992e-01  4.080e-01  3.417e-01  2.615e-01  1.930e-01  1.414e-01  1.044e-01  7.697e-02  5.573e-02  4.117e-02 	
 8.506e-01  8.410e-01  8.312e-01  8.213e-01  8.111e-01  8.008e-01  7.905e-01  7.803e-01  7.707e-01  7.623e-01  7.571e-01  7.637e-01  7.699e-01  7.417e-01  6.526e-01  5.782e-01  5.304e-01  5.259e-01  5.331e-01  5.342e-01  5.169e-01  5.070e-01  5.032e-01  4.990e-01  4.975e-01  4.431e-01  4.413e-01  4.470e-01  3.861e-01  3.491e-01  3.857e-01  4.771e-01  4.519e-01  3.320e-01  1.901e-01  1.262e-01  1.361e-01  2.161e-01  2.440e-01  2.642e-01  3.074e-01  3.906e-01  4.209e-01  3.580e-01  2.751e-01  2.009e-01  1.450e-01  1.046e-01  7.455e-02  5.474e-02 	
 8.475e-01  8.379e-01  8.281e-01  8.182e-01  8.082e-01  7.982e-01  7.881e-01  7.784e-01  7.692e-01  7.615e-01  7.570e-01  7.643e-01  7.713e-01  7.440e-01  6.510e-01  5.776e-01  5.616e-01  5.542e-01  5.318e-01  5.228e-01  5.162e-01  5.210e-01  5.141e-01  5.119e-01  4.875e-01  4.696e-01  4.604e-01  4.407e-01  4.498e-01  4.152e-01  3.216e-01  3.961e-01  4.431e-01  4.321e-01  3.625e-01  1.868e-01  1.521e-01  1.450e-01  1.874e-01  2.493e-01  2.632e-01  2.962e-01  3.750e-01  4.207e-01  3.701e-01  2.846e-01  2.054e-01  1.453e-01  1.013e-01  7.350e-02 	
 8.444e-01  8.348e-01  8.250e-01  8.152e-01  8.054e-01  7.955e-01  7.858e-01  7.764e-01  7.678e-01  7.607e-01  7.568e-01  7.646e-01  7.728e-01  7.489e-01  6.573e-01  5.914e-01  5.770e-01  5.619e-01  5.671e-01  5.415e-01  5.395e-01  5.597e-01  5.237e-01  5.041e-01  4.845e-01  4.770e-01  5.122e-01  5.101e-01  4.653e-01  4.704e-01  4.356e-01  3.501e-01  3.508e-01  4.404e-01  4.459e-01  3.618e-01  2.498e-01  1.464e-01  9.667e-02  1.720e-01  2.348e-01  2.633e-01  2.927e-01  3.659e-01  4.203e-01  3.786e-01  2.894e-01  2.055e-01  1.405e-01  1.003e-01 	
 8.413e-01  8.317e-01  8.220e-01  8.123e-01  8.026e-01  7.929e-01  7.835e-01  7.745e-01  7.663e-01  7.598e-01  7.565e-01  7.648e-01  7.739e-01  7.523e-01  6.603e-01  5.983e-01  5.729e-01  5.781e-01  5.628e-01  5.701e-01  5.622e-01  5.377e-01  5.198e-01  5.191e-01  5.080e-01  4.939e-01  5.146e-01  5.053e-01  4.741e-01  4.532e-01  4.944e-01  4.681e-01  3.757e-01  3.704e-01  4.070e-01  4.712e-01  4.450e-01  3.133e-01  1.836e-01  1.472e-01  1.615e-01  2.423e-01  2.715e-01  3.002e-01  3.662e-01  4.262e-01  3.838e-01  2.877e-01  1.977e-01  1.395e-01 	
 8.382e-01  8.286e-01  8.190e-01  8.094e-01  7.998e-01  7.904e-01  7.813e-01  7.726e-01  7.649e-01  7.588e-01  7.561e-01  7.648e-01  7.747e-01  7.555e-01  6.662e-01  5.943e-01  5.931e-01  5.890e-01  5.591e-01  5.585e-01  5.758e-01  5.368e-01  5.075e-01  5.250e-01  5.277e-01  5.242e-01  5.213e-01  5.200e-01  4.747e-01  4.784e-01  4.551e-01  4.285e-01  4.404e-01  4.073e-01  3.379e-01  4.216e-01  4.683e-01  4.548e-01  3.463e-01  1.849e-01  1.339e-01  1.588e-01  2.336e-01  2.742e-01  3.103e-01  3.708e-01  4.331e-01  3.777e-01  2.748e-01  1.959e-01 	
 8.352e-01  8.256e-01  8.160e-01  8.065e-01  7.971e-01  7.879e-01  7.791e-01  7.708e-01  7.634e-01  7.578e-01  7.557e-01  7.648e-01  7.757e-01  7.605e-01  6.808e-01  6.230e-01  6.011e-01  5.918e-01  5.701e-01  5.780e-01  5.693e-01  5.380e-01  5.368e-01  5.714e-01  5.654e-01  5.436e-01  5.467e-01  5.479e-01  5.106e-01  4.937e-01  5.198e-01  4.889e-01  4.673e-01  4.973e-01  4.399e-01  3.535e-01  3.737e-01  4.680e-01  4.713e-01  3.855e-01  2.314e-01  1.564e-01  1.434e-01  2.256e-01  2.936e-01  3.237e-01  3.813e-01  4.278e-01  3.613e-01  2.713e-01 	
 8.322e-01  8.227e-01  8.132e-01  8.038e-01  7.945e-01  7.855e-01  7.769e-01  7.689e-01  7.620e-01  7.568e-01  7.551e-01  7.647e-01  7.767e-01  7.654e-01  6.918e-01  6.346e-01  6.050e-01  5.687e-01  5.601e-01  5.807e-01  5.744e-01  5.560e-01  5.478e-01  5.580e-01  5.699e-01  5.785e-01  5.688e-01  5.234e-01  5.154e-01  5.025e-01  5.114e-01  4.959e-01  4.693e-01  4.626e-01  4.593e-01  4.479e-01  3.822e-01  3.911e-01  4.410e-01  4.639e-01  3.938e-01  2.223e-01  1.348e-01  1.664e-01  2.384e-01  3.013e-01  3.451e-01  4.076e-01  4.266e-01  3.600e-01 	
 8.294e-01  8.199e-01  8.104e-01  8.011e-01  7.920e-01  7.832e-01  7.748e-01  7.672e-01  7.605e-01  7.558e-01  7.546e-01  7.645e-01  7.774e-01  7.697e-01  7.063e-01  6.340e-01  5.973e-01  5.723e-01  5.602e-01  5.782e-01  5.786e-01  5.539e-01  5.451e-01  5.674e-01  5.881e-01  5.748e-01  5.398e-01  5.397e-01  5.275e-01  5.132e-01  4.824e-01  5.140e-01  5.050e-01  5.089e-01  4.706e-01  4.549e-01  4.491e-01  3.806e-01  3.373e-01  4.196e-01  4.669e-01  3.851e-01  2.646e-01  1.760e-01  1.709e-01  2.362e-01  3.335e-01  3.874e-01  4.495e-01  4.458e-01 	
 8.267e-01  8.171e-01  8.078e-01  7.985e-01  7.896e-01  7.809e-01  7.728e-01  7.654e-01  7.592e-01  7.548e-01  7.541e-01  7.642e-01  7.776e-01  7.710e-01  7.059e-01  6.322e-01  5.878e-01  5.686e-01  5.737e-01  5.610e-01  5.646e-01  5.610e-01  5.553e-01  5.458e-01  5.542e-01  5.437e-01  5.323e-01  5.164e-01  5.147e-01  5.178e-01  5.089e-01  5.218e-01  5.434e-01  5.262e-01  5.214e-01  4.663e-01  4.780e-01  4.893e-01  3.977e-01  3.697e-01  4.141e-01  4.694e-01  4.467e-01  2.987e-01  1.496e-01  1.507e-01  2.703e-01  3.871e-01  4.517e-01  5.078e-01 	
 8.241e-01  8.146e-01  8.052e-01  7.961e-01  7.872e-01  7.788e-01  7.709e-01  7.638e-01  7.578e-01  7.538e-01  7.535e-01  7.639e-01  7.777e-01  7.729e-01  7.132e-01  6.393e-01  6.042e-01  5.852e-01  5.799e-01  5.829e-01  5.773e-01  5.625e-01  5.843e-01  5.781e-01  5.569e-01  5.689e-01  5.553e-01  5.407e-01  5.150e-01  5.074e-01  5.061e-01  5.234e-01  5.551e-01  5.481e-01  4.968e-01  4.745e-01  4.764e-01  4.473e-01  4.491e-01  4.258e-01  3.743e-01  4.155e-01  4.951e-01  4.191e-01  2.797e-01  1.799e-01  2.410e-01  3.474e-01  4.588e-01  5.364e-01 	
 8.216e-01  8.121e-01  8.028e-01  7.938e-01  7.850e-01  7.767e-01  7.690e-01  7.621e-01  7.565e-01  7.529e-01  7.529e-01  7.636e-01  7.778e-01  7.752e-01  7.214e-01  6.490e-01  6.101e-01  5.947e-01  5.872e-01  5.990e-01  5.823e-01  5.762e-01  5.716e-01  5.731e-01  5.683e-01  5.610e-01  5.498e-01  5.435e-01  5.384e-01  5.420e-01  5.489e-01  5.311e-01  5.412e-01  5.300e-01  5.098e-01  4.801e-01  4.975e-01  5.135e-01  4.612e-01  5.002e-01  4.702e-01  3.891e-01  4.075e-01  4.422e-01  4.195e-01  3.031e-01  2.039e-01  2.971e-01  4.386e-01  5.436e-01 	
 8.194e-01  8.099e-01  8.006e-01  7.916e-01  7.829e-01  7.748e-01  7.672e-01  7.606e-01  7.552e-01  7.520e-01  7.524e-01  7.632e-01  7.779e-01  7.775e-01  7.285e-01  6.578e-01  6.189e-01  6.028e-01  6.063e-01  5.990e-01  5.984e-01  5.881e-01  5.921e-01  5.926e-01  5.922e-01  5.975e-01  5.593e-01  5.566e-01  5.690e-01  5.647e-01  5.502e-01  5.665e-01  5.668e-01  5.557e-01  5.200e-01  4.863e-01  4.931e-01  5.007e-01  4.824e-01  4.710e-01  4.684e-01  4.528e-01  4.028e-01  3.844e-01  4.787e-01  4.535e-01  3.057e-01  2.367e-01  3.964e-01  5.490e-01 	
 8.173e-01  8.077e-01  7.985e-01  7.895e-01  7.810e-01  7.729e-01  7.656e-01  7.591e-01  7.540e-01  7.510e-01  7.518e-01  7.628e-01  7.781e-01  7.805e-01  7.413e-01  6.750e-01  6.287e-01  6.198e-01  6.135e-01  6.052e-01  5.986e-01  6.098e-01  6.129e-01  5.988e-01  5.906e-01  5.977e-01  5.681e-01  5.655e-01  5.646e-01  5.641e-01  5.659e-01  5.672e-01  5.789e-01  5.644e-01  5.406e-01  5.100e-01  5.083e-01  5.256e-01  5.145e-01  5.044e-01  4.938e-01  4.849e-01  4.986e-01  4.309e-01  4.405e-01  4.802e-01  4.172e-01  2.802e-01  3.434e-01  5.387e-01 	
 8.154e-01  8.058e-01  7.966e-01  7.876e-01  7.791e-01  7.712e-01  7.640e-01  7.577e-01  7.529e-01  7.502e-01  7.512e-01  7.624e-01  7.781e-01  7.823e-01  7.480e-01  6.879e-01  6.411e-01  6.144e-01  6.072e-01  5.856e-01  5.928e-01  6.050e-01  6.047e-01  6.021e-01  5.918e-01  5.779e-01  5.901e-01  5.668e-01  5.708e-01  5.685e-01  5.828e-01  5.785e-01  5.667e-01  5.671e-01  5.653e-01  5.416e-01  5.438e-01  5.616e-01  5.507e-01  5.434e-01  5.210e-01  4.831e-01  4.827e-01  4.731e-01  4.250e-01  4.022e-01  4.239e-01  3.631e-01  3.394e-01  4.940e-01 	
 8.137e-01  8.041e-01  7.948e-01  7.859e-01  7.775e-01  7.696e-01  7.625e-01  7.564e-01  7.518e-01  7.493e-01  7.507e-01  7.620e-01  7.779e-01  7.837e-01  7.533e-01  6.895e-01  6.408e-01  6.197e-01  5.950e-01  5.872e-01  6.002e-01  6.071e-01  6.132e-01  6.114e-01  5.998e-01  5.849e-01  5.979e-01  5.792e-01  5.779e-01  5.879e-01  6.012e-01  6.029e-01  5.799e-01  5.737e-01  5.694e-01  5.488e-01  5.555e-01  5.341e-01  5.573e-01  5.368e-01  5.274e-01  4.831e-01  5.073e-01  4.876e-01  5.058e-01  4.176e-01  3.802e-01  4.142e-01  3.824e-01  4.964e-01 	
 8.122e-01  8.026e-01  7.933e-01  7.844e-01  7.760e-01  7.682e-01  7.612e-01  7.552e-01  7.508e-01  7.485e-01  7.502e-01  7.616e-01  7.779e-01  7.855e-01  7.610e-01  7.042e-01  6.513e-01  6.165e-01  5.944e-01  5.889e-01  5.986e-01  6.135e-01  6.053e-01  6.045e-01  6.060e-01  6.006e-01  6.154e-01  6.111e-01  5.982e-01  6.010e-01  5.968e-01  6.050e-01  5.907e-01  5.759e-01  5.588e-01  5.716e-01  5.424e-01  5.314e-01  5.665e-01  5.367e-01  5.426e-01  5.253e-01  5.047e-01  5.102e-01  4.846e-01  4.638e-01  4.242e-01  4.588e-01  4.338e-01  4.834e-01 	
 8.111e-01  8.014e-01  7.921e-01  7.831e-01  7.747e-01  7.669e-01  7.600e-01  7.541e-01  7.498e-01  7.478e-01  7.497e-01  7.612e-01  7.778e-01  7.871e-01  7.676e-01  7.145e-01  6.605e-01  6.272e-01  6.131e-01  6.099e-01  6.086e-01  6.087e-01  6.010e-01  5.945e-01  5.947e-01  6.055e-01  6.179e-01  6.042e-01  5.910e-01  5.809e-01  5.837e-01  5.736e-01  5.712e-01  5.863e-01  5.878e-01  5.898e-01  5.492e-01  5.402e-01  5.700e-01  5.614e-01  5.527e-01  5.307e-01  5.409e-01  5.040e-01  5.007e-01  5.066e-01  5.155e-01  4.711e-01  4.747e-01  4.620e-01 	
 8.102e-01  8.005e-01  7.911e-01  7.821e-01  7.736e-01  7.658e-01  7.589e-01  7.532e-01  7.490e-01  7.471e-01  7.492e-01  7.608e-01  7.777e-01  7.884e-01  7.738e-01  7.250e-01  6.735e-01  6.401e-01  6.250e-01  6.091e-01  6.098e-01  6.069e-01  6.061e-01  5.941e-01  5.983e-01  5.994e-01  5.902e-01  5.918e-01  5.974e-01  5.862e-01  5.930e-01  5.761e-01  5.768e-01  5.870e-01  6.119e-01  5.926e-01  5.532e-01  5.582e-01  5.892e-01  5.803e-01  5.612e-01  5.360e-01  5.331e-01  5.507e-01  5.534e-01  5.252e-01  5.073e-01  5.360e-01  5.057e-01  4.567e-01 	
 8.097e-01  7.998e-01  7.903e-01  7.813e-01  7.728e-01  7.650e-01  7.580e-01  7.523e-01  7.482e-01  7.465e-01  7.487e-01  7.605e-01  7.775e-01  7.895e-01  7.786e-01  7.322e-01  6.765e-01  6.424e-01  6.260e-01  6.138e-01  6.110e-01  6.042e-01  6.107e-01  6.033e-01  5.981e-01  5.966e-01  5.980e-01  6.054e-01  5.965e-01  5.944e-01  6.033e-01  6.072e-01  6.046e-01  6.066e-01  6.105e-01  5.873e-01  5.735e-01  5.723e-01  5.774e-01  5.673e-01  5.444e-01  5.190e-01  5.324e-01  5.510e-01  5.714e-01  5.599e-01  5.661e-01  5.721e-01  5.629e-01  5.120e-01 	
 8.095e-01  7.996e-01  7.900e-01  7.808e-01  7.722e-01  7.643e-01  7.574e-01  7.517e-01  7.476e-01  7.460e-01  7.483e-01  7.601e-01  7.773e-01  7.904e-01  7.831e-01  7.398e-01  6.842e-01  6.499e-01  6.304e-01  6.178e-01  6.158e-01  6.188e-01  6.164e-01  6.083e-01  6.065e-01  6.076e-01  6.122e-01  6.025e-01  6.012e-01  5.922e-01  5.921e-01  5.996e-01  6.077e-01  6.063e-01  5.874e-01  5.677e-01  5.755e-01  5.948e-01  5.805e-01  5.890e-01  5.609e-01  5.372e-01  5.303e-01  5.523e-01  5.549e-01  5.506e-01  5.373e-01  5.797e-01  5.523e-01  5.720e-01 	
 8.098e-01  7.997e-01  7.900e-01  7.807e-01  7.720e-01  7.640e-01  7.569e-01  7.512e-01  7.471e-01  7.455e-01  7.480e-01  7.598e-01  7.771e-01  7.911e-01  7.874e-01  7.504e-01  6.987e-01  6.595e-01  6.373e-01  6.265e-01  6.255e-01  6.239e-01  6.185e-01  6.089e-01  6.096e-01  6.082e-01  6.116e-01  6.130e-01  6.151e-01  6.070e-01  6.066e-01  6.020e-01  6.083e-01  6.123e-01  5.973e-01  5.646e-01  5.688e-01  5.841e-01  6.060e-01  5.853e-01  5.523e-01  5.325e-01  5.660e-01  5.532e-01  5.433e-01  5.635e-01  5.768e-01  5.756e-01  6.072e-01  6.597e-01 	
 8.105e-01  8.003e-01  7.904e-01  7.810e-01  7.721e-01  7.640e-01  7.568e-01  7.509e-01  7.468e-01  7.452e-01  7.476e-01  7.594e-01  7.768e-01  7.917e-01  7.910e-01  7.587e-01  7.064e-01  6.612e-01  6.317e-01  6.203e-01  6.217e-01  6.204e-01  6.206e-01  6.107e-01  6.144e-01  6.141e-01  6.060e-01  6.136e-01  6.185e-01  6.133e-01  6.076e-01  5.942e-01  5.997e-01  6.087e-01  5.941e-01  5.957e-01  5.884e-01  5.995e-01  6.046e-01  5.975e-01  5.900e-01  5.634e-01  5.574e-01  5.682e-01  5.532e-01  5.312e-01  5.371e-01  5.634e-01  5.954e-01  6.521e-01 	
 8.118e-01  8.014e-01  7.913e-01  7.817e-01  7.727e-01  7.643e-01  7.570e-01  7.509e-01  7.466e-01  7.449e-01  7.474e-01  7.591e-01  7.766e-01  7.921e-01  7.938e-01  7.653e-01  7.126e-01  6.653e-01  6.347e-01  6.194e-01  6.162e-01  6.174e-01  6.218e-01  6.109e-01  6.133e-01  6.142e-01  6.129e-01  6.104e-01  6.043e-01  6.017e-01  6.102e-01  5.993e-01  5.926e-01  6.075e-01  6.188e-01  6.141e-01  5.941e-01  5.982e-01  5.978e-01  5.908e-01  5.867e-01  5.659e-01  5.669e-01  5.554e-01  5.442e-01  5.532e-01  5.556e-01  6.018e-01  6.254e-01  6.468e-01 	
 8.136e-01  8.031e-01  7.929e-01  7.830e-01  7.738e-01  7.652e-01  7.575e-01  7.512e-01  7.467e-01  7.448e-01  7.471e-01  7.589e-01  7.763e-01  7.923e-01  7.961e-01  7.717e-01  7.187e-01  6.682e-01  6.413e-01  6.236e-01  6.195e-01  6.191e-01  6.166e-01  6.148e-01  6.157e-01  6.091e-01  6.089e-01  6.080e-01  6.062e-01  6.116e-01  6.144e-01  6.148e-01  6.123e-01  6.021e-01  6.077e-01  5.958e-01  5.879e-01  5.749e-01  5.832e-01  6.001e-01  5.902e-01  5.854e-01  5.966e-01  5.905e-01  5.754e-01  5.793e-01  5.865e-01  6.071e-01  6.298e-01  6.626e-01 	
 8.161e-01  8.054e-01  7.951e-01  7.850e-01  7.755e-01  7.666e-01  7.586e-01  7.519e-01  7.471e-01  7.449e-01  7.470e-01  7.586e-01  7.760e-01  7.925e-01  7.981e-01  7.779e-01  7.273e-01  6.768e-01  6.474e-01  6.349e-01  6.270e-01  6.233e-01  6.194e-01  6.200e-01  6.163e-01  6.146e-01  6.175e-01  6.113e-01  6.150e-01  6.157e-01  6.113e-01  6.123e-01  6.171e-01  6.133e-01  5.994e-01  5.875e-01  5.821e-01  5.935e-01  6.055e-01  6.222e-01  6.119e-01  6.066e-01  5.916e-01  5.904e-01  5.901e-01  5.856e-01  5.869e-01  5.851e-01  6.355e-01  6.790e-01 	
 8.193e-01  8.086e-01  7.980e-01  7.878e-01  7.780e-01  7.688e-01  7.604e-01  7.533e-01  7.479e-01  7.452e-01  7.469e-01  7.583e-01  7.757e-01  7.925e-01  7.997e-01  7.841e-01  7.378e-01  6.877e-01  6.551e-01  6.385e-01  6.310e-01  6.283e-01  6.274e-01  6.239e-01  6.194e-01  6.165e-01  6.165e-01  6.128e-01  6.141e-01  6.183e-01  6.124e-01  6.122e-01  6.168e-01  6.165e-01  6.024e-01  5.967e-01  5.962e-01  6.086e-01  6.207e-01  6.252e-01  6.155e-01  5.989e-01  5.818e-01  5.818e-01  5.812e-01  5.865e-01  5.824e-01  5.761e-01  6.278e-01  6.924e-01 	
 8.233e-01  8.125e-01  8.018e-01  7.915e-01  7.814e-01  7.719e-01  7.631e-01  7.554e-01  7.493e-01  7.459e-01  7.469e-01  7.581e-01  7.753e-01  7.924e-01  8.011e-01  7.893e-01  7.471e-01  6.949e-01  6.544e-01  6.341e-01  6.309e-01  6.290e-01  6.270e-01  6.277e-01  6.255e-01  6.221e-01  6.148e-01  6.149e-01  6.219e-01  6.238e-01  6.227e-01  6.129e-01  6.105e-01  6.150e-01  6.093e-01  5.975e-01  6.006e-01  6.093e-01  6.105e-01  6.168e-01  6.121e-01  6.123e-01  5.937e-01  5.896e-01  5.884e-01  5.911e-01  5.814e-01  5.971e-01  6.272e-01  6.788e-01 	
 8.282e-01  8.173e-01  8.066e-01  7.962e-01  7.860e-01  7.763e-01  7.671e-01  7.588e-01  7.519e-01  7.473e-01  7.472e-01  7.578e-01  7.750e-01  7.923e-01  8.021e-01  7.936e-01  7.549e-01  7.039e-01  6.616e-01  6.423e-01  6.321e-01  6.266e-01  6.267e-01  6.240e-01  6.274e-01  6.234e-01  6.214e-01  6.217e-01  6.255e-01  6.206e-01  6.218e-01  6.132e-01  6.036e-01  6.055e-01  6.047e-01  6.065e-01  6.135e-01  6.119e-01  6.171e-01  6.129e-01  6.035e-01  6.051e-01  5.928e-01  5.899e-01  5.997e-01  6.134e-01  6.199e-01  6.135e-01  6.434e-01  6.963e-01 	
 8.339e-01  8.231e-01  8.124e-01  8.020e-01  7.918e-01  7.820e-01  7.727e-01  7.640e-01  7.563e-01  7.505e-01  7.485e-01  7.580e-01  7.748e-01  7.920e-01  8.025e-01  7.970e-01  7.626e-01  7.122e-01  6.690e-01  6.465e-01  6.340e-01  6.310e-01  6.294e-01  6.281e-01  6.250e-01  6.238e-01  6.203e-01  6.252e-01  6.296e-01  6.264e-01  6.217e-01  6.108e-01  6.127e-01  6.160e-01  6.203e-01  6.141e-01  6.153e-01  6.166e-01  6.096e-01  6.078e-01  6.055e-01  6.026e-01  5.965e-01  5.994e-01  5.973e-01  6.154e-01  6.303e-01  6.295e-01  6.557e-01  7.037e-01 	
 8.404e-01  8.297e-01  8.192e-01  8.090e-01  7.990e-01  7.893e-01  7.801e-01  7.715e-01  7.637e-01  7.573e-01  7.531e-01  7.604e-01  7.751e-01  7.901e-01  7.993e-01  7.954e-01  7.665e-01  7.214e-01  6.803e-01  6.511e-01  6.371e-01  6.328e-01  6.270e-01  6.273e-01  6.235e-01  6.224e-01  6.210e-01  6.274e-01  6.310e-01  6.231e-01  6.221e-01  6.211e-01  6.178e-01  6.211e-01  6.211e-01  6.176e-01  6.135e-01  6.089e-01  6.108e-01  6.239e-01  6.211e-01  6.110e-01  5.997e-01  5.934e-01  6.043e-01  6.107e-01  6.234e-01  6.298e-01  6.431e-01  6.846e-01 	
