 1.000e-08  1.000e-08  1.000e-08  1.000e-08  1.000e-08  1.000e-08  1.000e-08  1.000e-08  1.000e-08  1.000e-08  1.000e-08  1.000e-08  1.152e-01  3.231e-01  4.804e-01  6.016e-01  6.960e-01  7.706e-01  8.296e-01  8.767e-01  9.145e-01  9.441e-01  9.671e-01  9.848e-01  9.980e-01  9.900e-01  9.900e-01  9.900e-01  9.900e-01  9.900e-01  9.900e-01  9.900e-01  9.900e-01  9.900e-01  9.900e-01  9.900e-01  9.900e-01  9.900e-01  9.900e-01  9.900e-01  9.900e-01  9.972e-01  9.945e-01  9.920e-01  9.904e-01  9.899e-01  9.909e-01  9.951e-01  9.900e-01  9.900e-01 	
 1.000e-08  1.000e-08  1.000e-08  1.000e-08  1.000e-08  1.000e-08  1.000e-08  1.698e-01  3.754e-01  5.417e-01  6.619e-01  7.463e-01  8.073e-01  8.541e-01  8.909e-01  9.214e-01  9.469e-01  9.679e-01  9.848e-01  9.978e-01  9.900e-01  9.900e-01  9.900e-01  9.900e-01  9.900e-01  9.900e-01  9.900e-01  9.900e-01  9.900e-01  9.900e-01  9.900e-01  9.900e-01  9.900e-01  9.900e-01  9.900e-01  9.900e-01  9.978e-01  9.952e-01  9.925e-01  9.898e-01  9.871e-01  9.839e-01  9.813e-01  9.797e-01  9.775e-01  9.762e-01  9.742e-01  9.745e-01  9.759e-01  9.785e-01 	
 1.000e-08  1.000e-08  1.000e-08  1.000e-08  1.000e-08  1.470e-02  1.637e-01  3.521e-01  5.230e-01  6.530e-01  7.467e-01  8.154e-01  8.679e-01  9.094e-01  9.423e-01  9.689e-01  9.888e-01  9.900e-01  9.900e-01  9.900e-01  9.900e-01  9.900e-01  9.900e-01  9.900e-01  9.900e-01  9.900e-01  9.900e-01  9.900e-01  9.900e-01  9.900e-01  9.900e-01  9.900e-01  9.900e-01  9.900e-01  9.900e-01  9.900e-01  9.982e-01  9.965e-01  9.943e-01  9.923e-01  9.905e-01  9.889e-01  9.867e-01  9.847e-01  9.829e-01  9.806e-01  9.789e-01  9.773e-01  9.762e-01  9.756e-01 	
 1.000e-08  1.000e-08  1.000e-08  1.000e-08  1.000e-08  2.808e-02  2.146e-01  4.212e-01  5.923e-01  7.175e-01  8.076e-01  8.739e-01  9.231e-01  9.599e-01  9.865e-01  9.900e-01  9.900e-01  9.900e-01  9.900e-01  9.900e-01  9.900e-01  9.900e-01  9.900e-01  9.900e-01  9.900e-01  9.900e-01  9.900e-01  9.900e-01  9.900e-01  9.900e-01  9.900e-01  9.900e-01  9.900e-01  9.900e-01  9.900e-01  9.986e-01  9.966e-01  9.955e-01  9.945e-01  9.929e-01  9.915e-01  9.902e-01  9.890e-01  9.868e-01  9.852e-01  9.837e-01  9.817e-01  9.798e-01  9.779e-01  9.760e-01 	
 1.000e-08  1.000e-08  1.000e-08  1.000e-08  1.000e-08  9.376e-02  3.197e-01  5.330e-01  6.946e-01  8.081e-01  8.878e-01  9.431e-01  9.811e-01  9.900e-01  9.900e-01  9.900e-01  9.900e-01  9.900e-01  9.900e-01  9.900e-01  9.900e-01  9.900e-01  9.900e-01  9.900e-01  9.900e-01  9.900e-01  9.900e-01  9.900e-01  9.900e-01  9.900e-01  9.900e-01  9.900e-01  9.900e-01  9.988e-01  9.977e-01  9.967e-01  9.963e-01  9.954e-01  9.941e-01  9.928e-01  9.921e-01  9.905e-01  9.899e-01  9.879e-01  9.869e-01  9.855e-01  9.837e-01  9.820e-01  9.794e-01  9.769e-01 	
 1.000e-08  1.000e-08  1.000e-08  1.000e-08  1.000e-08  2.014e-01  4.530e-01  6.606e-01  8.056e-01  9.015e-01  9.630e-01  9.900e-01  9.900e-01  9.900e-01  9.900e-01  9.900e-01  9.900e-01  9.900e-01  9.900e-01  9.900e-01  9.900e-01  9.900e-01  9.900e-01  9.900e-01  9.900e-01  9.900e-01  9.900e-01  9.900e-01  9.900e-01  9.900e-01  9.994e-01  9.989e-01  9.985e-01  9.975e-01  9.967e-01  9.963e-01  9.956e-01  9.944e-01  9.941e-01  9.930e-01  9.923e-01  9.913e-01  9.903e-01  9.893e-01  9.879e-01  9.862e-01  9.849e-01  9.828e-01  9.808e-01  9.780e-01 	
 1.000e-08  1.000e-08  1.000e-08  1.000e-08  7.200e-02  3.368e-01  5.999e-01  7.904e-01  9.101e-01  9.799e-01  9.900e-01  9.900e-01  9.900e-01  9.900e-01  9.900e-01  9.900e-01  9.900e-01  9.900e-01  9.900e-01  9.900e-01  9.900e-01  9.900e-01  9.900e-01  9.900e-01  9.900e-01  9.900e-01  9.900e-01  9.900e-01  9.995e-01  9.986e-01  9.981e-01  9.978e-01  9.974e-01  9.966e-01  9.963e-01  9.956e-01  9.953e-01  9.946e-01  9.940e-01  9.933e-01  9.927e-01  9.917e-01  9.910e-01  9.897e-01  9.887e-01  9.874e-01  9.858e-01  9.841e-01  9.821e-01  9.791e-01 	
 1.000e-08  1.000e-08  1.000e-08  1.000e-08  1.839e-01  4.958e-01  7.513e-01  9.087e-01  9.922e-01  9.900e-01  9.900e-01  9.900e-01  9.900e-01  9.900e-01  9.900e-01  9.900e-01  9.900e-01  9.900e-01  9.900e-01  9.900e-01  9.900e-01  9.900e-01  9.900e-01  9.900e-01  9.900e-01  9.995e-01  9.991e-01  9.982e-01  9.979e-01  9.979e-01  9.976e-01  9.973e-01  9.969e-01  9.970e-01  9.963e-01  9.960e-01  9.957e-01  9.954e-01  9.947e-01  9.941e-01  9.934e-01  9.924e-01  9.918e-01  9.905e-01  9.895e-01  9.878e-01  9.865e-01  9.849e-01  9.829e-01  9.803e-01 	
 1.000e-08  1.000e-08  1.000e-08  2.965e-02  3.341e-01  6.698e-01  8.895e-01  9.980e-01  9.900e-01  9.900e-01  9.900e-01  9.900e-01  9.900e-01  9.900e-01  9.900e-01  9.900e-01  9.900e-01  9.900e-01  9.900e-01  9.900e-01  9.900e-01  9.900e-01  9.995e-01  9.987e-01  9.983e-01  9.979e-01  9.980e-01  9.981e-01  9.977e-01  9.978e-01  9.978e-01  9.975e-01  9.972e-01  9.968e-01  9.969e-01  9.962e-01  9.959e-01  9.952e-01  9.949e-01  9.943e-01  9.936e-01  9.926e-01  9.920e-01  9.906e-01  9.896e-01  9.887e-01  9.870e-01  9.853e-01  9.833e-01  9.814e-01 	
 1.000e-08  1.000e-08  1.000e-08  1.322e-01  5.183e-01  8.350e-01  9.923e-01  9.900e-01  9.900e-01  9.900e-01  9.900e-01  9.900e-01  9.900e-01  9.900e-01  9.900e-01  9.900e-01  9.900e-01  9.900e-01  9.900e-01  9.991e-01  9.987e-01  9.983e-01  9.980e-01  9.980e-01  9.977e-01  9.978e-01  9.978e-01  9.979e-01  9.979e-01  9.979e-01  9.979e-01  9.976e-01  9.976e-01  9.973e-01  9.970e-01  9.966e-01  9.960e-01  9.957e-01  9.953e-01  9.943e-01  9.937e-01  9.930e-01  9.923e-01  9.910e-01  9.900e-01  9.886e-01  9.873e-01  9.856e-01  9.836e-01  9.816e-01 	
 1.000e-08  1.000e-08  1.000e-08  2.850e-01  7.126e-01  9.629e-01  9.900e-01  9.900e-01  9.900e-01  9.900e-01  9.900e-01  9.900e-01  9.900e-01  9.900e-01  9.900e-01  9.900e-01  9.995e-01  9.987e-01  9.979e-01  9.976e-01  9.977e-01  9.977e-01  9.978e-01  9.978e-01  9.979e-01  9.983e-01  9.979e-01  9.983e-01  9.983e-01  9.980e-01  9.983e-01  9.980e-01  9.980e-01  9.973e-01  9.973e-01  9.967e-01  9.963e-01  9.960e-01  9.953e-01  9.947e-01  9.940e-01  9.930e-01  9.923e-01  9.909e-01  9.899e-01  9.888e-01  9.871e-01  9.857e-01  9.837e-01  9.816e-01 	
 1.000e-08  1.000e-08  4.468e-02  4.798e-01  8.798e-01  9.900e-01  9.900e-01  9.900e-01  9.900e-01  9.900e-01  9.900e-01  9.900e-01  9.900e-01  9.900e-01  9.991e-01  9.983e-01  9.975e-01  9.976e-01  9.970e-01  9.974e-01  9.975e-01  9.979e-01  9.979e-01  9.980e-01  9.983e-01  9.983e-01  9.987e-01  9.983e-01  9.983e-01  9.983e-01  9.983e-01  9.980e-01  9.980e-01  9.977e-01  9.973e-01  9.967e-01  9.966e-01  9.960e-01  9.953e-01  9.946e-01  9.936e-01  9.929e-01  9.918e-01  9.908e-01  9.897e-01  9.883e-01  9.869e-01  9.855e-01  9.837e-01  9.816e-01 	
 1.000e-08  1.000e-08  1.649e-01  6.844e-01  9.920e-01  9.900e-01  9.900e-01  9.900e-01  9.900e-01  9.900e-01  9.900e-01  9.900e-01  9.991e-01  9.974e-01  9.972e-01  9.969e-01  9.970e-01  9.971e-01  9.972e-01  9.979e-01  9.980e-01  9.980e-01  9.983e-01  9.987e-01  9.987e-01  9.990e-01  9.987e-01  9.987e-01  9.987e-01  9.987e-01  9.983e-01  9.983e-01  9.983e-01  9.976e-01  9.976e-01  9.969e-01  9.963e-01  9.959e-01  9.952e-01  9.945e-01  9.938e-01  9.927e-01  9.917e-01  9.906e-01  9.891e-01  9.877e-01  9.863e-01  9.848e-01  9.834e-01  9.816e-01 	
 1.000e-08  1.000e-08  3.355e-01  8.560e-01  9.900e-01  9.900e-01  9.900e-01  9.900e-01  9.900e-01  9.900e-01  9.995e-01  9.974e-01  9.967e-01  9.966e-01  9.963e-01  9.968e-01  9.969e-01  9.976e-01  9.980e-01  9.983e-01  9.987e-01  9.987e-01  9.990e-01  9.990e-01  9.990e-01  9.990e-01  9.993e-01  9.990e-01  9.987e-01  9.986e-01  9.986e-01  9.986e-01  9.980e-01  9.976e-01  9.972e-01  9.969e-01  9.965e-01  9.958e-01  9.951e-01  9.940e-01  9.933e-01  9.926e-01  9.915e-01  9.904e-01  9.889e-01  9.874e-01  9.863e-01  9.845e-01  9.834e-01  9.815e-01 	
 1.000e-08  1.672e-02  5.326e-01  9.669e-01  9.900e-01  9.900e-01  9.900e-01  9.900e-01  9.900e-01  9.977e-01  9.958e-01  9.957e-01  9.960e-01  9.965e-01  9.969e-01  9.973e-01  9.980e-01  9.983e-01  9.987e-01  9.987e-01  9.990e-01  9.990e-01  9.990e-01  9.993e-01  9.993e-01  9.993e-01  9.993e-01  9.990e-01  9.990e-01  9.986e-01  9.986e-01  9.983e-01  9.979e-01  9.975e-01  9.972e-01  9.965e-01  9.961e-01  9.954e-01  9.950e-01  9.939e-01  9.931e-01  9.924e-01  9.909e-01  9.898e-01  9.886e-01  9.871e-01  9.856e-01  9.841e-01  9.826e-01  9.811e-01 	
 1.000e-08  1.092e-01  7.155e-01  9.900e-01  9.900e-01  9.900e-01  9.900e-01  9.900e-01  9.960e-01  9.948e-01  9.948e-01  9.957e-01  9.962e-01  9.969e-01  9.977e-01  9.980e-01  9.983e-01  9.987e-01  9.987e-01  9.990e-01  9.993e-01  9.990e-01  9.993e-01  9.993e-01  9.993e-01  9.993e-01  9.993e-01  9.990e-01  9.990e-01  9.989e-01  9.986e-01  9.982e-01  9.979e-01  9.975e-01  9.971e-01  9.967e-01  9.960e-01  9.953e-01  9.945e-01  9.938e-01  9.930e-01  9.919e-01  9.903e-01  9.896e-01  9.884e-01  9.869e-01  9.850e-01  9.838e-01  9.822e-01  9.803e-01 	
 1.000e-08  2.421e-01  8.496e-01  9.900e-01  9.900e-01  9.900e-01  9.985e-01  9.944e-01  9.938e-01  9.942e-01  9.951e-01  9.959e-01  9.966e-01  9.977e-01  9.980e-01  9.987e-01  9.987e-01  9.990e-01  9.990e-01  9.993e-01  9.993e-01  9.993e-01  9.993e-01  9.993e-01  9.993e-01  9.993e-01  9.989e-01  9.989e-01  9.989e-01  9.989e-01  9.986e-01  9.982e-01  9.978e-01  9.971e-01  9.971e-01  9.967e-01  9.959e-01  9.952e-01  9.944e-01  9.932e-01  9.925e-01  9.917e-01  9.901e-01  9.890e-01  9.878e-01  9.862e-01  9.846e-01  9.831e-01  9.819e-01  9.799e-01 	
 1.000e-08  3.995e-01  9.283e-01  9.900e-01  9.900e-01  9.969e-01  9.923e-01  9.920e-01  9.932e-01  9.945e-01  9.960e-01  9.967e-01  9.973e-01  9.983e-01  9.987e-01  9.990e-01  9.990e-01  9.990e-01  9.993e-01  9.993e-01  9.993e-01  9.993e-01  9.996e-01  9.993e-01  9.996e-01  9.989e-01  9.993e-01  9.989e-01  9.989e-01  9.989e-01  9.982e-01  9.978e-01  9.978e-01  9.974e-01  9.970e-01  9.962e-01  9.955e-01  9.947e-01  9.939e-01  9.931e-01  9.919e-01  9.911e-01  9.896e-01  9.884e-01  9.872e-01  9.856e-01  9.843e-01  9.827e-01  9.807e-01  9.792e-01 	
 2.810e-03  5.533e-01  9.621e-01  9.900e-01  9.956e-01  9.900e-01  9.901e-01  9.915e-01  9.938e-01  9.953e-01  9.967e-01  9.973e-01  9.980e-01  9.983e-01  9.990e-01  9.990e-01  9.990e-01  9.993e-01  9.993e-01  9.993e-01  9.993e-01  9.993e-01  9.993e-01  9.993e-01  9.993e-01  9.993e-01  9.993e-01  9.989e-01  9.985e-01  9.985e-01  9.981e-01  9.977e-01  9.973e-01  9.973e-01  9.966e-01  9.958e-01  9.954e-01  9.946e-01  9.938e-01  9.930e-01  9.914e-01  9.906e-01  9.894e-01  9.881e-01  9.865e-01  9.849e-01  9.837e-01  9.820e-01  9.804e-01  9.788e-01 	
 6.212e-02  6.762e-01  9.679e-01  9.895e-01  9.855e-01  9.861e-01  9.890e-01  9.918e-01  9.943e-01  9.957e-01  9.970e-01  9.976e-01  9.983e-01  9.983e-01  9.986e-01  9.986e-01  9.993e-01  9.993e-01  9.993e-01  9.993e-01  9.993e-01  9.993e-01  9.993e-01  9.993e-01  9.993e-01  9.989e-01  9.989e-01  9.989e-01  9.989e-01  9.985e-01  9.981e-01  9.981e-01  9.977e-01  9.969e-01  9.961e-01  9.957e-01  9.953e-01  9.945e-01  9.933e-01  9.924e-01  9.916e-01  9.900e-01  9.888e-01  9.875e-01  9.859e-01  9.846e-01  9.830e-01  9.813e-01  9.796e-01  9.784e-01 	
 1.370e-01  7.568e-01  9.598e-01  9.760e-01  9.797e-01  9.842e-01  9.891e-01  9.923e-01  9.943e-01  9.960e-01  9.973e-01  9.979e-01  9.983e-01  9.983e-01  9.989e-01  9.989e-01  9.989e-01  9.989e-01  9.993e-01  9.993e-01  9.993e-01  9.993e-01  9.992e-01  9.992e-01  9.992e-01  9.992e-01  9.988e-01  9.988e-01  9.984e-01  9.984e-01  9.980e-01  9.976e-01  9.972e-01  9.968e-01  9.960e-01  9.956e-01  9.948e-01  9.940e-01  9.931e-01  9.919e-01  9.911e-01  9.898e-01  9.886e-01  9.869e-01  9.852e-01  9.840e-01  9.823e-01  9.806e-01  9.789e-01  9.772e-01 	
 2.221e-01  8.006e-01  9.470e-01  9.657e-01  9.758e-01  9.835e-01  9.889e-01  9.923e-01  9.946e-01  9.959e-01  9.966e-01  9.972e-01  9.979e-01  9.982e-01  9.986e-01  9.985e-01  9.989e-01  9.989e-01  9.989e-01  9.989e-01  9.992e-01  9.992e-01  9.992e-01  9.992e-01  9.988e-01  9.992e-01  9.988e-01  9.988e-01  9.984e-01  9.980e-01  9.980e-01  9.976e-01  9.968e-01  9.964e-01  9.959e-01  9.951e-01  9.943e-01  9.935e-01  9.926e-01  9.918e-01  9.901e-01  9.892e-01  9.876e-01  9.863e-01  9.850e-01  9.833e-01  9.812e-01  9.799e-01  9.782e-01  9.765e-01 	
 3.090e-01  8.185e-01  9.329e-01  9.590e-01  9.734e-01  9.827e-01  9.885e-01  9.922e-01  9.942e-01  9.958e-01  9.965e-01  9.971e-01  9.975e-01  9.978e-01  9.982e-01  9.985e-01  9.985e-01  9.989e-01  9.992e-01  9.988e-01  9.992e-01  9.988e-01  9.988e-01  9.992e-01  9.988e-01  9.988e-01  9.988e-01  9.984e-01  9.984e-01  9.980e-01  9.976e-01  9.971e-01  9.967e-01  9.959e-01  9.955e-01  9.950e-01  9.942e-01  9.934e-01  9.921e-01  9.908e-01  9.895e-01  9.882e-01  9.874e-01  9.857e-01  9.839e-01  9.822e-01  9.805e-01  9.792e-01  9.774e-01  9.757e-01 	
 3.880e-01  8.208e-01  9.205e-01  9.535e-01  9.712e-01  9.813e-01  9.874e-01  9.914e-01  9.933e-01  9.950e-01  9.960e-01  9.967e-01  9.974e-01  9.978e-01  9.981e-01  9.981e-01  9.985e-01  9.988e-01  9.988e-01  9.988e-01  9.988e-01  9.992e-01  9.988e-01  9.988e-01  9.988e-01  9.988e-01  9.984e-01  9.984e-01  9.980e-01  9.975e-01  9.975e-01  9.967e-01  9.963e-01  9.958e-01  9.950e-01  9.946e-01  9.937e-01  9.924e-01  9.916e-01  9.903e-01  9.894e-01  9.877e-01  9.864e-01  9.846e-01  9.833e-01  9.816e-01  9.798e-01  9.780e-01  9.763e-01  9.746e-01 	
 4.527e-01  8.135e-01  9.093e-01  9.480e-01  9.682e-01  9.794e-01  9.858e-01  9.898e-01  9.921e-01  9.942e-01  9.952e-01  9.959e-01  9.966e-01  9.973e-01  9.973e-01  9.981e-01  9.984e-01  9.984e-01  9.984e-01  9.984e-01  9.984e-01  9.984e-01  9.988e-01  9.984e-01  9.988e-01  9.988e-01  9.983e-01  9.979e-01  9.979e-01  9.979e-01  9.975e-01  9.966e-01  9.962e-01  9.958e-01  9.949e-01  9.941e-01  9.932e-01  9.919e-01  9.910e-01  9.897e-01  9.888e-01  9.875e-01  9.853e-01  9.840e-01  9.822e-01  9.805e-01  9.791e-01  9.774e-01  9.752e-01  9.738e-01 	
 5.018e-01  8.035e-01  8.994e-01  9.427e-01  9.649e-01  9.770e-01  9.837e-01  9.881e-01  9.912e-01  9.930e-01  9.944e-01  9.954e-01  9.962e-01  9.969e-01  9.973e-01  9.976e-01  9.980e-01  9.984e-01  9.984e-01  9.984e-01  9.984e-01  9.984e-01  9.984e-01  9.983e-01  9.988e-01  9.983e-01  9.983e-01  9.979e-01  9.979e-01  9.970e-01  9.970e-01  9.966e-01  9.957e-01  9.953e-01  9.944e-01  9.935e-01  9.927e-01  9.914e-01  9.905e-01  9.891e-01  9.878e-01  9.865e-01  9.847e-01  9.829e-01  9.811e-01  9.798e-01  9.780e-01  9.762e-01  9.740e-01  9.727e-01 	
 5.382e-01  7.924e-01  8.904e-01  9.375e-01  9.612e-01  9.745e-01  9.819e-01  9.864e-01  9.903e-01  9.921e-01  9.935e-01  9.950e-01  9.957e-01  9.964e-01  9.972e-01  9.972e-01  9.976e-01  9.980e-01  9.980e-01  9.984e-01  9.983e-01  9.983e-01  9.983e-01  9.983e-01  9.983e-01  9.983e-01  9.979e-01  9.974e-01  9.974e-01  9.970e-01  9.966e-01  9.961e-01  9.952e-01  9.948e-01  9.944e-01  9.930e-01  9.921e-01  9.913e-01  9.895e-01  9.886e-01  9.868e-01  9.855e-01  9.837e-01  9.819e-01  9.805e-01  9.783e-01  9.765e-01  9.751e-01  9.728e-01  9.715e-01 	
 5.650e-01  7.838e-01  8.839e-01  9.331e-01  9.581e-01  9.721e-01  9.801e-01  9.858e-01  9.890e-01  9.915e-01  9.934e-01  9.945e-01  9.956e-01  9.964e-01  9.968e-01  9.971e-01  9.975e-01  9.979e-01  9.979e-01  9.979e-01  9.983e-01  9.979e-01  9.979e-01  9.983e-01  9.983e-01  9.983e-01  9.974e-01  9.978e-01  9.974e-01  9.970e-01  9.961e-01  9.956e-01  9.952e-01  9.943e-01  9.934e-01  9.925e-01  9.912e-01  9.903e-01  9.889e-01  9.876e-01  9.862e-01  9.844e-01  9.831e-01  9.812e-01  9.790e-01  9.772e-01  9.753e-01  9.735e-01  9.717e-01  9.699e-01 	
 5.860e-01  7.774e-01  8.792e-01  9.297e-01  9.559e-01  9.701e-01  9.793e-01  9.847e-01  9.884e-01  9.910e-01  9.928e-01  9.940e-01  9.951e-01  9.959e-01  9.963e-01  9.971e-01  9.975e-01  9.975e-01  9.979e-01  9.979e-01  9.983e-01  9.983e-01  9.983e-01  9.978e-01  9.983e-01  9.978e-01  9.974e-01  9.974e-01  9.969e-01  9.965e-01  9.960e-01  9.956e-01  9.947e-01  9.938e-01  9.933e-01  9.920e-01  9.906e-01  9.893e-01  9.884e-01  9.870e-01  9.856e-01  9.834e-01  9.815e-01  9.802e-01  9.779e-01  9.761e-01  9.742e-01  9.719e-01  9.705e-01  9.687e-01 	
 6.022e-01  7.741e-01  8.760e-01  9.272e-01  9.540e-01  9.691e-01  9.782e-01  9.840e-01  9.881e-01  9.908e-01  9.923e-01  9.939e-01  9.951e-01  9.958e-01  9.967e-01  9.971e-01  9.970e-01  9.974e-01  9.974e-01  9.979e-01  9.978e-01  9.978e-01  9.978e-01  9.978e-01  9.974e-01  9.974e-01  9.974e-01  9.969e-01  9.969e-01  9.960e-01  9.956e-01  9.947e-01  9.942e-01  9.933e-01  9.924e-01  9.915e-01  9.901e-01  9.887e-01  9.874e-01  9.855e-01  9.846e-01  9.828e-01  9.809e-01  9.786e-01  9.763e-01  9.745e-01  9.726e-01  9.703e-01  9.685e-01  9.671e-01 	
 6.155e-01  7.724e-01  8.738e-01  9.257e-01  9.531e-01  9.682e-01  9.778e-01  9.837e-01  9.875e-01  9.902e-01  9.926e-01  9.938e-01  9.946e-01  9.958e-01  9.962e-01  9.966e-01  9.974e-01  9.974e-01  9.978e-01  9.978e-01  9.978e-01  9.978e-01  9.978e-01  9.978e-01  9.978e-01  9.973e-01  9.969e-01  9.969e-01  9.964e-01  9.955e-01  9.951e-01  9.942e-01  9.937e-01  9.928e-01  9.919e-01  9.905e-01  9.896e-01  9.877e-01  9.868e-01  9.850e-01  9.831e-01  9.813e-01  9.794e-01  9.771e-01  9.752e-01  9.729e-01  9.711e-01  9.687e-01  9.673e-01  9.655e-01 	
 6.283e-01  7.730e-01  8.729e-01  9.245e-01  9.523e-01  9.680e-01  9.774e-01  9.835e-01  9.877e-01  9.901e-01  9.921e-01  9.937e-01  9.949e-01  9.957e-01  9.961e-01  9.965e-01  9.970e-01  9.974e-01  9.978e-01  9.978e-01  9.978e-01  9.973e-01  9.978e-01  9.973e-01  9.973e-01  9.973e-01  9.973e-01  9.969e-01  9.964e-01  9.955e-01  9.946e-01  9.941e-01  9.927e-01  9.923e-01  9.913e-01  9.900e-01  9.881e-01  9.872e-01  9.858e-01  9.835e-01  9.821e-01  9.802e-01  9.779e-01  9.760e-01  9.737e-01  9.713e-01  9.695e-01  9.671e-01  9.657e-01  9.638e-01 	
 6.411e-01  7.760e-01  8.739e-01  9.249e-01  9.523e-01  9.675e-01  9.774e-01  9.832e-01  9.876e-01  9.899e-01  9.920e-01  9.936e-01  9.948e-01  9.957e-01  9.961e-01  9.969e-01  9.969e-01  9.974e-01  9.973e-01  9.973e-01  9.978e-01  9.978e-01  9.973e-01  9.973e-01  9.973e-01  9.968e-01  9.964e-01  9.964e-01  9.955e-01  9.954e-01  9.941e-01  9.936e-01  9.927e-01  9.913e-01  9.899e-01  9.894e-01  9.880e-01  9.857e-01  9.843e-01  9.829e-01  9.806e-01  9.787e-01  9.763e-01  9.745e-01  9.721e-01  9.698e-01  9.674e-01  9.655e-01  9.632e-01  9.613e-01 	
 6.522e-01  7.796e-01  8.753e-01  9.257e-01  9.524e-01  9.678e-01  9.775e-01  9.834e-01  9.874e-01  9.902e-01  9.923e-01  9.935e-01  9.948e-01  9.952e-01  9.965e-01  9.969e-01  9.969e-01  9.969e-01  9.978e-01  9.973e-01  9.978e-01  9.973e-01  9.973e-01  9.973e-01  9.968e-01  9.968e-01  9.963e-01  9.959e-01  9.954e-01  9.950e-01  9.936e-01  9.931e-01  9.917e-01  9.908e-01  9.894e-01  9.880e-01  9.866e-01  9.851e-01  9.833e-01  9.814e-01  9.795e-01  9.772e-01  9.748e-01  9.724e-01  9.705e-01  9.682e-01  9.658e-01  9.634e-01  9.611e-01  9.592e-01 	
 6.617e-01  7.834e-01  8.768e-01  9.261e-01  9.532e-01  9.686e-01  9.776e-01  9.836e-01  9.877e-01  9.901e-01  9.922e-01  9.935e-01  9.947e-01  9.956e-01  9.960e-01  9.969e-01  9.969e-01  9.973e-01  9.973e-01  9.973e-01  9.977e-01  9.977e-01  9.973e-01  9.968e-01  9.968e-01  9.968e-01  9.963e-01  9.959e-01  9.945e-01  9.940e-01  9.931e-01  9.926e-01  9.916e-01  9.898e-01  9.884e-01  9.874e-01  9.855e-01  9.841e-01  9.818e-01  9.799e-01  9.775e-01  9.756e-01  9.733e-01  9.709e-01  9.685e-01  9.661e-01  9.637e-01  9.614e-01  9.595e-01  9.575e-01 	
 6.694e-01  7.866e-01  8.781e-01  9.268e-01  9.533e-01  9.685e-01  9.777e-01  9.838e-01  9.879e-01  9.904e-01  9.926e-01  9.938e-01  9.947e-01  9.955e-01  9.960e-01  9.964e-01  9.964e-01  9.968e-01  9.973e-01  9.973e-01  9.973e-01  9.973e-01  9.972e-01  9.968e-01  9.968e-01  9.963e-01  9.958e-01  9.949e-01  9.944e-01  9.935e-01  9.925e-01  9.916e-01  9.907e-01  9.892e-01  9.878e-01  9.859e-01  9.841e-01  9.826e-01  9.807e-01  9.788e-01  9.764e-01  9.741e-01  9.712e-01  9.688e-01  9.664e-01  9.641e-01  9.617e-01  9.593e-01  9.569e-01  9.550e-01 	
 6.745e-01  7.889e-01  8.789e-01  9.271e-01  9.538e-01  9.689e-01  9.782e-01  9.840e-01  9.878e-01  9.908e-01  9.925e-01  9.938e-01  9.946e-01  9.955e-01  9.959e-01  9.964e-01  9.964e-01  9.968e-01  9.973e-01  9.972e-01  9.972e-01  9.972e-01  9.968e-01  9.968e-01  9.963e-01  9.963e-01  9.953e-01  9.944e-01  9.935e-01  9.930e-01  9.920e-01  9.911e-01  9.892e-01  9.882e-01  9.864e-01  9.849e-01  9.835e-01  9.816e-01  9.787e-01  9.768e-01  9.744e-01  9.721e-01  9.697e-01  9.673e-01  9.644e-01  9.620e-01  9.591e-01  9.563e-01  9.543e-01  9.524e-01 	
 6.788e-01  7.909e-01  8.801e-01  9.279e-01  9.543e-01  9.689e-01  9.784e-01  9.838e-01  9.881e-01  9.907e-01  9.924e-01  9.937e-01  9.950e-01  9.955e-01  9.959e-01  9.968e-01  9.968e-01  9.968e-01  9.972e-01  9.972e-01  9.972e-01  9.967e-01  9.963e-01  9.963e-01  9.958e-01  9.953e-01  9.948e-01  9.944e-01  9.934e-01  9.920e-01  9.915e-01  9.901e-01  9.887e-01  9.872e-01  9.853e-01  9.839e-01  9.820e-01  9.801e-01  9.772e-01  9.753e-01  9.729e-01  9.700e-01  9.676e-01  9.647e-01  9.623e-01  9.594e-01  9.566e-01  9.542e-01  9.517e-01  9.498e-01 	
 6.822e-01  7.926e-01  8.808e-01  9.288e-01  9.545e-01  9.693e-01  9.786e-01  9.845e-01  9.880e-01  9.906e-01  9.923e-01  9.941e-01  9.950e-01  9.954e-01  9.959e-01  9.963e-01  9.968e-01  9.963e-01  9.967e-01  9.972e-01  9.967e-01  9.963e-01  9.963e-01  9.962e-01  9.953e-01  9.948e-01  9.943e-01  9.934e-01  9.929e-01  9.915e-01  9.901e-01  9.891e-01  9.877e-01  9.862e-01  9.843e-01  9.824e-01  9.800e-01  9.781e-01  9.762e-01  9.733e-01  9.709e-01  9.680e-01  9.651e-01  9.627e-01  9.598e-01  9.569e-01  9.540e-01  9.511e-01  9.487e-01  9.467e-01 	
 6.851e-01  7.946e-01  8.821e-01  9.295e-01  9.552e-01  9.698e-01  9.788e-01  9.844e-01  9.883e-01  9.905e-01  9.923e-01  9.936e-01  9.945e-01  9.954e-01  9.958e-01  9.963e-01  9.963e-01  9.967e-01  9.967e-01  9.967e-01  9.962e-01  9.962e-01  9.962e-01  9.958e-01  9.953e-01  9.948e-01  9.934e-01  9.929e-01  9.915e-01  9.910e-01  9.895e-01  9.881e-01  9.867e-01  9.847e-01  9.833e-01  9.809e-01  9.790e-01  9.761e-01  9.742e-01  9.713e-01  9.688e-01  9.659e-01  9.631e-01  9.597e-01  9.572e-01  9.543e-01  9.514e-01  9.485e-01  9.456e-01  9.437e-01 	
 6.873e-01  7.963e-01  8.832e-01  9.303e-01  9.556e-01  9.700e-01  9.790e-01  9.842e-01  9.882e-01  9.904e-01  9.922e-01  9.936e-01  9.945e-01  9.954e-01  9.958e-01  9.958e-01  9.963e-01  9.962e-01  9.967e-01  9.967e-01  9.962e-01  9.957e-01  9.957e-01  9.953e-01  9.948e-01  9.943e-01  9.929e-01  9.919e-01  9.914e-01  9.900e-01  9.885e-01  9.871e-01  9.852e-01  9.832e-01  9.818e-01  9.794e-01  9.770e-01  9.746e-01  9.717e-01  9.692e-01  9.663e-01  9.634e-01  9.605e-01  9.571e-01  9.542e-01  9.513e-01  9.479e-01  9.455e-01  9.430e-01  9.406e-01 	
 6.898e-01  7.989e-01  8.846e-01  9.307e-01  9.560e-01  9.706e-01  9.793e-01  9.846e-01  9.881e-01  9.908e-01  9.922e-01  9.935e-01  9.944e-01  9.949e-01  9.953e-01  9.958e-01  9.962e-01  9.962e-01  9.958e-01  9.962e-01  9.962e-01  9.957e-01  9.952e-01  9.943e-01  9.938e-01  9.933e-01  9.924e-01  9.914e-01  9.900e-01  9.890e-01  9.875e-01  9.856e-01  9.837e-01  9.822e-01  9.798e-01  9.779e-01  9.750e-01  9.725e-01  9.696e-01  9.672e-01  9.643e-01  9.609e-01  9.580e-01  9.546e-01  9.516e-01  9.482e-01  9.453e-01  9.424e-01  9.395e-01  9.375e-01 	
 6.919e-01  8.006e-01  8.858e-01  9.322e-01  9.564e-01  9.707e-01  9.791e-01  9.844e-01  9.885e-01  9.907e-01  9.926e-01  9.935e-01  9.944e-01  9.948e-01  9.953e-01  9.958e-01  9.957e-01  9.957e-01  9.957e-01  9.957e-01  9.957e-01  9.952e-01  9.943e-01  9.943e-01  9.933e-01  9.928e-01  9.919e-01  9.904e-01  9.894e-01  9.875e-01  9.861e-01  9.846e-01  9.822e-01  9.807e-01  9.783e-01  9.754e-01  9.730e-01  9.705e-01  9.676e-01  9.647e-01  9.618e-01  9.584e-01  9.549e-01  9.520e-01  9.486e-01  9.452e-01  9.422e-01  9.388e-01  9.364e-01  9.339e-01 	
 6.941e-01  8.028e-01  8.874e-01  9.328e-01  9.574e-01  9.714e-01  9.799e-01  9.848e-01  9.884e-01  9.907e-01  9.921e-01  9.934e-01  9.944e-01  9.948e-01  9.953e-01  9.957e-01  9.957e-01  9.952e-01  9.957e-01  9.952e-01  9.952e-01  9.947e-01  9.943e-01  9.933e-01  9.923e-01  9.918e-01  9.904e-01  9.894e-01  9.880e-01  9.865e-01  9.846e-01  9.831e-01  9.807e-01  9.782e-01  9.758e-01  9.738e-01  9.709e-01  9.680e-01  9.651e-01  9.622e-01  9.587e-01  9.558e-01  9.524e-01  9.485e-01  9.451e-01  9.416e-01  9.387e-01  9.357e-01  9.328e-01  9.303e-01 	
 6.961e-01  8.044e-01  8.888e-01  9.339e-01  9.574e-01  9.716e-01  9.797e-01  9.852e-01  9.883e-01  9.906e-01  9.920e-01  9.934e-01  9.943e-01  9.948e-01  9.948e-01  9.952e-01  9.952e-01  9.952e-01  9.952e-01  9.952e-01  9.942e-01  9.942e-01  9.933e-01  9.928e-01  9.918e-01  9.908e-01  9.899e-01  9.879e-01  9.870e-01  9.850e-01  9.831e-01  9.811e-01  9.787e-01  9.767e-01  9.743e-01  9.714e-01  9.689e-01  9.660e-01  9.626e-01  9.592e-01  9.557e-01  9.523e-01  9.489e-01  9.454e-01  9.415e-01  9.381e-01  9.352e-01  9.322e-01  9.288e-01  9.268e-01 	
 6.982e-01  8.063e-01  8.899e-01  9.347e-01  9.585e-01  9.714e-01  9.796e-01  9.851e-01  9.883e-01  9.906e-01  9.924e-01  9.934e-01  9.938e-01  9.943e-01  9.948e-01  9.947e-01  9.947e-01  9.952e-01  9.942e-01  9.942e-01  9.942e-01  9.937e-01  9.928e-01  9.918e-01  9.913e-01  9.898e-01  9.884e-01  9.874e-01  9.855e-01  9.835e-01  9.816e-01  9.796e-01  9.772e-01  9.742e-01  9.718e-01  9.689e-01  9.659e-01  9.630e-01  9.596e-01  9.566e-01  9.532e-01  9.493e-01  9.453e-01  9.419e-01  9.384e-01  9.345e-01  9.311e-01  9.281e-01  9.252e-01  9.227e-01 	
 7.002e-01  8.080e-01  8.906e-01  9.346e-01  9.586e-01  9.722e-01  9.799e-01  9.850e-01  9.882e-01  9.905e-01  9.919e-01  9.929e-01  9.933e-01  9.943e-01  9.947e-01  9.942e-01  9.942e-01  9.942e-01  9.942e-01  9.937e-01  9.932e-01  9.923e-01  9.918e-01  9.908e-01  9.898e-01  9.884e-01  9.874e-01  9.854e-01  9.835e-01  9.820e-01  9.800e-01  9.776e-01  9.752e-01  9.722e-01  9.698e-01  9.668e-01  9.629e-01  9.600e-01  9.565e-01  9.531e-01  9.497e-01  9.457e-01  9.423e-01  9.379e-01  9.344e-01  9.310e-01  9.271e-01  9.241e-01  9.211e-01  9.191e-01 	
 7.026e-01  8.098e-01  8.910e-01  9.355e-01  9.588e-01  9.720e-01  9.798e-01  9.849e-01  9.882e-01  9.900e-01  9.914e-01  9.928e-01  9.933e-01  9.938e-01  9.942e-01  9.942e-01  9.942e-01  9.942e-01  9.937e-01  9.932e-01  9.927e-01  9.918e-01  9.913e-01  9.898e-01  9.888e-01  9.874e-01  9.854e-01  9.844e-01  9.825e-01  9.800e-01  9.776e-01  9.751e-01  9.727e-01  9.697e-01  9.673e-01  9.634e-01  9.604e-01  9.570e-01  9.535e-01  9.496e-01  9.462e-01  9.418e-01  9.383e-01  9.343e-01  9.304e-01  9.265e-01  9.230e-01  9.196e-01  9.171e-01  9.151e-01 	
 7.082e-01  8.122e-01  8.924e-01  9.359e-01  9.590e-01  9.723e-01  9.797e-01  9.848e-01  9.881e-01  9.900e-01  9.914e-01  9.923e-01  9.928e-01  9.933e-01  9.937e-01  9.937e-01  9.932e-01  9.932e-01  9.927e-01  9.922e-01  9.917e-01  9.912e-01  9.898e-01  9.888e-01  9.873e-01  9.859e-01  9.844e-01  9.824e-01  9.805e-01  9.780e-01  9.756e-01  9.731e-01  9.697e-01  9.667e-01  9.638e-01  9.608e-01  9.569e-01  9.535e-01  9.500e-01  9.456e-01  9.421e-01  9.377e-01  9.338e-01  9.298e-01  9.259e-01  9.219e-01  9.185e-01  9.150e-01  9.125e-01  9.110e-01 	
 7.218e-01  8.179e-01  8.941e-01  9.359e-01  9.587e-01  9.721e-01  9.801e-01  9.852e-01  9.880e-01  9.904e-01  9.913e-01  9.923e-01  9.928e-01  9.932e-01  9.932e-01  9.932e-01  9.932e-01  9.932e-01  9.927e-01  9.917e-01  9.907e-01  9.902e-01  9.893e-01  9.878e-01  9.863e-01  9.848e-01  9.829e-01  9.809e-01  9.785e-01  9.760e-01  9.735e-01  9.711e-01  9.676e-01  9.647e-01  9.612e-01  9.583e-01  9.543e-01  9.509e-01  9.464e-01  9.430e-01  9.390e-01  9.351e-01  9.311e-01  9.272e-01  9.232e-01  9.197e-01  9.163e-01  9.137e-01  9.117e-01  9.111e-01 	
