 1.507e-05  7.325e-06  8.326e-06  1.154e-05  1.641e-05  2.303e-05  3.158e-05  4.228e-05  5.536e-05  7.106e-05  8.961e-05  1.113e-04  1.362e-04  1.648e-04  1.972e-04  2.336e-04  2.743e-04  3.196e-04  3.697e-04  4.248e-04  4.852e-04  5.511e-04  6.227e-04  7.004e-04  7.843e-04  8.748e-04  9.719e-04  1.076e-03  1.187e-03  1.306e-03  1.433e-03  1.567e-03  1.710e-03  1.861e-03  2.021e-03  2.190e-03  2.368e-03  2.556e-03  2.753e-03  2.959e-03  3.176e-03  3.403e-03  3.639e-03  3.885e-03  4.139e-03  4.401e-03  4.668e-03  4.937e-03  5.203e-03  5.459e-03 	
 2.189e-05  1.052e-05  1.234e-05  1.754e-05  2.541e-05  3.612e-05  5.002e-05  6.747e-05  8.889e-05  1.147e-04  1.452e-04  1.809e-04  2.222e-04  2.695e-04  3.232e-04  3.837e-04  4.515e-04  5.269e-04  6.103e-04  7.023e-04  8.031e-04  9.133e-04  1.033e-03  1.163e-03  1.304e-03  1.455e-03  1.618e-03  1.793e-03  1.980e-03  2.180e-03  2.393e-03  2.619e-03  2.859e-03  3.114e-03  3.384e-03  3.668e-03  3.969e-03  4.286e-03  4.619e-03  4.969e-03  5.337e-03  5.722e-03  6.124e-03  6.542e-03  6.975e-03  7.421e-03  7.874e-03  8.329e-03  8.777e-03  9.203e-03 	
 3.266e-05  1.630e-05  1.965e-05  2.846e-05  4.170e-05  5.974e-05  8.316e-05  1.126e-04  1.488e-04  1.924e-04  2.441e-04  3.046e-04  3.746e-04  4.547e-04  5.458e-04  6.485e-04  7.635e-04  8.915e-04  1.033e-03  1.189e-03  1.361e-03  1.548e-03  1.752e-03  1.973e-03  2.212e-03  2.469e-03  2.746e-03  3.044e-03  3.362e-03  3.702e-03  4.064e-03  4.449e-03  4.857e-03  5.291e-03  5.749e-03  6.234e-03  6.745e-03  7.283e-03  7.850e-03  8.446e-03  9.072e-03  9.726e-03  1.041e-02  1.112e-02  1.186e-02  1.261e-02  1.338e-02  1.415e-02  1.490e-02  1.562e-02 	
 4.946e-05  2.604e-05  3.214e-05  4.717e-05  6.960e-05  1.001e-04  1.398e-04  1.898e-04  2.512e-04  3.252e-04  4.130e-04  5.158e-04  6.348e-04  7.711e-04  9.261e-04  1.101e-03  1.297e-03  1.515e-03  1.756e-03  2.022e-03  2.314e-03  2.633e-03  2.981e-03  3.358e-03  3.765e-03  4.205e-03  4.678e-03  5.185e-03  5.728e-03  6.308e-03  6.926e-03  7.583e-03  8.281e-03  9.020e-03  9.803e-03  1.063e-02  1.150e-02  1.242e-02  1.339e-02  1.441e-02  1.547e-02  1.659e-02  1.776e-02  1.897e-02  2.022e-02  2.151e-02  2.281e-02  2.412e-02  2.538e-02  2.657e-02 	
 7.544e-05  4.213e-05  5.308e-05  7.867e-05  1.167e-04  1.686e-04  2.360e-04  3.209e-04  4.253e-04  5.513e-04  7.008e-04  8.760e-04  1.079e-03  1.312e-03  1.576e-03  1.875e-03  2.209e-03  2.582e-03  2.994e-03  3.449e-03  3.949e-03  4.495e-03  5.089e-03  5.734e-03  6.432e-03  7.185e-03  7.995e-03  8.864e-03  9.793e-03  1.079e-02  1.184e-02  1.297e-02  1.416e-02  1.543e-02  1.677e-02  1.818e-02  1.968e-02  2.125e-02  2.290e-02  2.464e-02  2.647e-02  2.837e-02  3.036e-02  3.243e-02  3.456e-02  3.675e-02  3.896e-02  4.115e-02  4.328e-02  4.525e-02 	
 1.153e-04  6.855e-05  8.804e-05  1.316e-04  1.963e-04  2.844e-04  3.992e-04  5.439e-04  7.220e-04  9.370e-04  1.193e-03  1.492e-03  1.839e-03  2.237e-03  2.690e-03  3.201e-03  3.775e-03  4.413e-03  5.121e-03  5.902e-03  6.759e-03  7.696e-03  8.716e-03  9.824e-03  1.102e-02  1.231e-02  1.370e-02  1.520e-02  1.679e-02  1.849e-02  2.031e-02  2.224e-02  2.428e-02  2.645e-02  2.875e-02  3.117e-02  3.372e-02  3.640e-02  3.923e-02  4.219e-02  4.530e-02  4.854e-02  5.193e-02  5.543e-02  5.905e-02  6.274e-02  6.646e-02  7.014e-02  7.366e-02  7.689e-02 	
 1.759e-04  1.119e-04  1.464e-04  2.207e-04  3.308e-04  4.811e-04  6.769e-04  9.241e-04  1.229e-03  1.597e-03  2.034e-03  2.548e-03  3.143e-03  3.826e-03  4.604e-03  5.482e-03  6.467e-03  7.565e-03  8.782e-03  1.012e-02  1.160e-02  1.321e-02  1.496e-02  1.687e-02  1.893e-02  2.115e-02  2.354e-02  2.610e-02  2.883e-02  3.175e-02  3.486e-02  3.816e-02  4.166e-02  4.536e-02  4.927e-02  5.340e-02  5.774e-02  6.230e-02  6.709e-02  7.211e-02  7.736e-02  8.284e-02  8.853e-02  9.442e-02  1.005e-01  1.066e-01  1.128e-01  1.189e-01  1.246e-01  1.298e-01 	
 2.668e-04  1.828e-04  2.439e-04  3.708e-04  5.587e-04  8.153e-04  1.150e-03  1.573e-03  2.095e-03  2.726e-03  3.478e-03  4.359e-03  5.383e-03  6.558e-03  7.896e-03  9.407e-03  1.110e-02  1.299e-02  1.509e-02  1.740e-02  1.994e-02  2.271e-02  2.573e-02  2.900e-02  3.254e-02  3.635e-02  4.044e-02  4.482e-02  4.950e-02  5.449e-02  5.978e-02  6.540e-02  7.133e-02  7.760e-02  8.421e-02  9.116e-02  9.846e-02  1.061e-01  1.141e-01  1.225e-01  1.312e-01  1.403e-01  1.497e-01  1.594e-01  1.693e-01  1.793e-01  1.893e-01  1.990e-01  2.081e-01  2.160e-01 	
 4.006e-04  2.986e-04  4.068e-04  6.237e-04  9.447e-04  1.384e-03  1.957e-03  2.683e-03  3.579e-03  4.663e-03  5.955e-03  7.472e-03  9.234e-03  1.126e-02  1.356e-02  1.617e-02  1.909e-02  2.235e-02  2.596e-02  2.994e-02  3.430e-02  3.906e-02  4.424e-02  4.985e-02  5.589e-02  6.240e-02  6.936e-02  7.680e-02  8.472e-02  9.314e-02  1.021e-01  1.115e-01  1.214e-01  1.318e-01  1.428e-01  1.543e-01  1.663e-01  1.788e-01  1.919e-01  2.055e-01  2.196e-01  2.342e-01  2.492e-01  2.646e-01  2.803e-01  2.959e-01  3.114e-01  3.262e-01  3.398e-01  3.514e-01 	
 5.933e-04  4.869e-04  6.786e-04  1.050e-03  1.599e-03  2.350e-03  3.334e-03  4.579e-03  6.119e-03  7.985e-03  1.021e-02  1.282e-02  1.586e-02  1.935e-02  2.333e-02  2.782e-02  3.285e-02  3.845e-02  4.465e-02  5.147e-02  5.894e-02  6.707e-02  7.588e-02  8.539e-02  9.562e-02  1.066e-01  1.182e-01  1.307e-01  1.438e-01  1.578e-01  1.724e-01  1.878e-01  2.040e-01  2.209e-01  2.385e-01  2.568e-01  2.759e-01  2.956e-01  3.161e-01  3.371e-01  3.589e-01  3.811e-01  4.039e-01  4.270e-01  4.502e-01  4.732e-01  4.956e-01  5.168e-01  5.357e-01  5.513e-01 	
 8.636e-04  7.913e-04  1.131e-03  1.767e-03  2.707e-03  3.995e-03  5.682e-03  7.823e-03  1.047e-02  1.369e-02  1.752e-02  2.203e-02  2.726e-02  3.328e-02  4.012e-02  4.783e-02  5.646e-02  6.604e-02  7.661e-02  8.820e-02  1.008e-01  1.145e-01  1.293e-01  1.451e-01  1.620e-01  1.800e-01  1.991e-01  2.192e-01  2.404e-01  2.626e-01  2.858e-01  3.100e-01  3.351e-01  3.611e-01  3.880e-01  4.156e-01  4.441e-01  4.732e-01  5.031e-01  5.335e-01  5.645e-01  5.959e-01  6.276e-01  6.594e-01  6.909e-01  7.217e-01  7.511e-01  7.783e-01  8.020e-01  8.205e-01 	
 1.231e-03  1.279e-03  1.882e-03  2.971e-03  4.580e-03  6.788e-03  9.686e-03  1.337e-02  1.793e-02  2.347e-02  3.007e-02  3.783e-02  4.683e-02  5.715e-02  6.885e-02  8.200e-02  9.664e-02  1.128e-01  1.305e-01  1.498e-01  1.707e-01  1.931e-01  2.171e-01  2.426e-01  2.696e-01  2.981e-01  3.279e-01  3.590e-01  3.913e-01  4.248e-01  4.593e-01  4.948e-01  5.311e-01  5.683e-01  6.061e-01  6.445e-01  6.833e-01  7.226e-01  7.621e-01  8.018e-01  8.416e-01  8.813e-01  9.207e-01  9.595e-01  9.973e-01  1.034e+00  1.068e+00  1.098e+00  1.124e+00  1.143e+00 	
 1.714e-03  2.050e-03  3.120e-03  4.986e-03  7.740e-03  1.152e-02  1.650e-02  2.283e-02  3.068e-02  4.020e-02  5.154e-02  6.484e-02  8.019e-02  9.771e-02  1.174e-01  1.395e-01  1.638e-01  1.903e-01  2.192e-01  2.503e-01  2.834e-01  3.187e-01  3.558e-01  3.948e-01  4.353e-01  4.774e-01  5.208e-01  5.653e-01  6.108e-01  6.571e-01  7.040e-01  7.513e-01  7.988e-01  8.464e-01  8.939e-01  9.413e-01  9.882e-01  1.035e+00  1.081e+00  1.126e+00  1.170e+00  1.214e+00  1.256e+00  1.297e+00  1.336e+00  1.373e+00  1.406e+00  1.436e+00  1.460e+00  1.477e+00 	
 2.327e-03  3.248e-03  5.144e-03  8.337e-03  1.304e-02  1.953e-02  2.806e-02  3.892e-02  5.238e-02  6.866e-02  8.796e-02  1.104e-01  1.362e-01  1.653e-01  1.977e-01  2.334e-01  2.722e-01  3.141e-01  3.587e-01  4.060e-01  4.556e-01  5.072e-01  5.605e-01  6.153e-01  6.711e-01  7.278e-01  7.849e-01  8.421e-01  8.993e-01  9.561e-01  1.012e+00  1.068e+00  1.122e+00  1.175e+00  1.227e+00  1.277e+00  1.326e+00  1.373e+00  1.419e+00  1.463e+00  1.505e+00  1.545e+00  1.584e+00  1.620e+00  1.655e+00  1.686e+00  1.714e+00  1.739e+00  1.758e+00  1.771e+00 	
 3.084e-03  5.071e-03  8.405e-03  1.386e-02  2.189e-02  3.296e-02  4.754e-02  6.606e-02  8.890e-02  1.163e-01  1.486e-01  1.856e-01  2.275e-01  2.740e-01  3.248e-01  3.797e-01  4.381e-01  4.996e-01  5.637e-01  6.298e-01  6.974e-01  7.659e-01  8.348e-01  9.036e-01  9.718e-01  1.039e+00  1.105e+00  1.169e+00  1.231e+00  1.292e+00  1.349e+00  1.405e+00  1.458e+00  1.509e+00  1.557e+00  1.602e+00  1.645e+00  1.686e+00  1.724e+00  1.761e+00  1.795e+00  1.827e+00  1.857e+00  1.885e+00  1.910e+00  1.934e+00  1.954e+00  1.972e+00  1.985e+00  1.993e+00 	
 3.993e-03  7.767e-03  1.357e-02  2.283e-02  3.645e-02  5.523e-02  7.990e-02  1.110e-01  1.491e-01  1.941e-01  2.460e-01  3.045e-01  3.690e-01  4.389e-01  5.132e-01  5.911e-01  6.715e-01  7.536e-01  8.364e-01  9.191e-01  1.001e+00  1.081e+00  1.159e+00  1.234e+00  1.306e+00  1.375e+00  1.440e+00  1.502e+00  1.560e+00  1.614e+00  1.665e+00  1.713e+00  1.757e+00  1.798e+00  1.836e+00  1.871e+00  1.904e+00  1.934e+00  1.962e+00  1.988e+00  2.012e+00  2.034e+00  2.054e+00  2.073e+00  2.089e+00  2.104e+00  2.117e+00  2.128e+00  2.136e+00  2.141e+00 	
 5.066e-03  1.162e-02  2.153e-02  3.712e-02  5.998e-02  9.141e-02  1.324e-01  1.833e-01  2.443e-01  3.149e-01  3.940e-01  4.803e-01  5.724e-01  6.685e-01  7.671e-01  8.664e-01  9.652e-01  1.062e+00  1.156e+00  1.246e+00  1.332e+00  1.412e+00  1.488e+00  1.559e+00  1.624e+00  1.684e+00  1.740e+00  1.790e+00  1.837e+00  1.879e+00  1.917e+00  1.952e+00  1.984e+00  2.013e+00  2.039e+00  2.063e+00  2.084e+00  2.104e+00  2.121e+00  2.137e+00  2.152e+00  2.165e+00  2.177e+00  2.188e+00  2.197e+00  2.206e+00  2.213e+00  2.219e+00  2.223e+00  2.225e+00 	
 6.319e-03  1.693e-02  3.343e-02  5.921e-02  9.690e-02  1.482e-01  2.139e-01  2.937e-01  3.862e-01  4.894e-01  6.005e-01  7.168e-01  8.354e-01  9.538e-01  1.070e+00  1.181e+00  1.287e+00  1.387e+00  1.479e+00  1.564e+00  1.641e+00  1.711e+00  1.775e+00  1.832e+00  1.883e+00  1.929e+00  1.969e+00  2.006e+00  2.038e+00  2.067e+00  2.092e+00  2.115e+00  2.135e+00  2.152e+00  2.168e+00  2.182e+00  2.194e+00  2.205e+00  2.215e+00  2.224e+00  2.231e+00  2.238e+00  2.244e+00  2.250e+00  2.254e+00  2.258e+00  2.262e+00  2.264e+00  2.266e+00  2.267e+00 	
 7.786e-03  2.398e-02  5.055e-02  9.210e-02  1.523e-01  2.328e-01  3.329e-01  4.499e-01  5.796e-01  7.175e-01  8.587e-01  9.988e-01  1.134e+00  1.263e+00  1.382e+00  1.492e+00  1.591e+00  1.680e+00  1.759e+00  1.828e+00  1.890e+00  1.943e+00  1.990e+00  2.031e+00  2.066e+00  2.097e+00  2.123e+00  2.146e+00  2.166e+00  2.184e+00  2.198e+00  2.211e+00  2.222e+00  2.232e+00  2.240e+00  2.247e+00  2.253e+00  2.259e+00  2.263e+00  2.267e+00  2.270e+00  2.273e+00  2.275e+00  2.277e+00  2.279e+00  2.280e+00  2.281e+00  2.281e+00  2.281e+00  2.281e+00 	
 9.518e-03  3.303e-02  7.414e-02  1.387e-01  2.309e-01  3.502e-01  4.923e-01  6.501e-01  8.157e-01  9.816e-01  1.142e+00  1.292e+00  1.429e+00  1.552e+00  1.661e+00  1.756e+00  1.838e+00  1.909e+00  1.969e+00  2.020e+00  2.064e+00  2.100e+00  2.131e+00  2.158e+00  2.180e+00  2.198e+00  2.214e+00  2.227e+00  2.238e+00  2.247e+00  2.255e+00  2.261e+00  2.266e+00  2.271e+00  2.274e+00  2.277e+00  2.279e+00  2.281e+00  2.282e+00  2.283e+00  2.283e+00  2.284e+00  2.284e+00  2.284e+00  2.284e+00  2.283e+00  2.283e+00  2.282e+00  2.281e+00  2.280e+00 	
 1.160e-02  4.438e-02  1.053e-01  2.012e-01  3.345e-01  4.996e-01  6.855e-01  8.797e-01  1.071e+00  1.251e+00  1.414e+00  1.559e+00  1.683e+00  1.790e+00  1.879e+00  1.954e+00  2.015e+00  2.067e+00  2.109e+00  2.143e+00  2.172e+00  2.195e+00  2.214e+00  2.229e+00  2.242e+00  2.252e+00  2.260e+00  2.267e+00  2.272e+00  2.276e+00  2.279e+00  2.282e+00  2.283e+00  2.284e+00  2.285e+00  2.285e+00  2.285e+00  2.285e+00  2.284e+00  2.283e+00  2.282e+00  2.281e+00  2.280e+00  2.279e+00  2.278e+00  2.276e+00  2.275e+00  2.274e+00  2.273e+00  2.271e+00 	
 1.417e-02  5.851e-02  1.452e-01  2.805e-01  4.615e-01  6.736e-01  8.977e-01  1.117e+00  1.319e+00  1.497e+00  1.649e+00  1.776e+00  1.880e+00  1.965e+00  2.033e+00  2.088e+00  2.132e+00  2.166e+00  2.194e+00  2.216e+00  2.233e+00  2.247e+00  2.257e+00  2.265e+00  2.272e+00  2.276e+00  2.280e+00  2.282e+00  2.284e+00  2.284e+00  2.285e+00  2.284e+00  2.284e+00  2.283e+00  2.282e+00  2.280e+00  2.279e+00  2.277e+00  2.276e+00  2.274e+00  2.272e+00  2.270e+00  2.269e+00  2.267e+00  2.265e+00  2.263e+00  2.262e+00  2.260e+00  2.258e+00  2.257e+00 	
 1.743e-02  7.621e-02  1.949e-01  3.766e-01  6.077e-01  8.619e-01  1.113e+00  1.342e+00  1.539e+00  1.703e+00  1.835e+00  1.940e+00  2.022e+00  2.085e+00  2.135e+00  2.173e+00  2.202e+00  2.224e+00  2.241e+00  2.254e+00  2.264e+00  2.271e+00  2.276e+00  2.279e+00  2.282e+00  2.283e+00  2.283e+00  2.283e+00  2.282e+00  2.281e+00  2.280e+00  2.278e+00  2.276e+00  2.274e+00  2.272e+00  2.270e+00  2.268e+00  2.266e+00  2.263e+00  2.261e+00  2.259e+00  2.257e+00  2.254e+00  2.252e+00  2.250e+00  2.248e+00  2.246e+00  2.245e+00  2.243e+00  2.241e+00 	
 2.167e-02  9.875e-02  2.565e-01  4.895e-01  7.689e-01  1.055e+00  1.319e+00  1.543e+00  1.724e+00  1.866e+00  1.974e+00  2.056e+00  2.118e+00  2.164e+00  2.198e+00  2.223e+00  2.241e+00  2.255e+00  2.265e+00  2.271e+00  2.276e+00  2.278e+00  2.280e+00  2.280e+00  2.280e+00  2.279e+00  2.278e+00  2.276e+00  2.274e+00  2.272e+00  2.269e+00  2.267e+00  2.264e+00  2.262e+00  2.259e+00  2.256e+00  2.254e+00  2.251e+00  2.249e+00  2.246e+00  2.244e+00  2.241e+00  2.239e+00  2.237e+00  2.235e+00  2.233e+00  2.231e+00  2.229e+00  2.227e+00  2.225e+00 	
 2.736e-02  1.281e-01  3.328e-01  6.207e-01  9.427e-01  1.249e+00  1.510e+00  1.718e+00  1.875e+00  1.991e+00  2.076e+00  2.137e+00  2.181e+00  2.213e+00  2.235e+00  2.251e+00  2.261e+00  2.268e+00  2.273e+00  2.275e+00  2.276e+00  2.276e+00  2.275e+00  2.274e+00  2.272e+00  2.269e+00  2.267e+00  2.264e+00  2.261e+00  2.258e+00  2.255e+00  2.252e+00  2.249e+00  2.247e+00  2.244e+00  2.241e+00  2.238e+00  2.235e+00  2.233e+00  2.230e+00  2.228e+00  2.225e+00  2.223e+00  2.221e+00  2.218e+00  2.216e+00  2.214e+00  2.212e+00  2.211e+00  2.209e+00 	
 3.518e-02  1.672e-01  4.282e-01  7.725e-01  1.128e+00  1.439e+00  1.684e+00  1.866e+00  1.995e+00  2.086e+00  2.149e+00  2.192e+00  2.222e+00  2.242e+00  2.255e+00  2.263e+00  2.269e+00  2.271e+00  2.272e+00  2.272e+00  2.270e+00  2.268e+00  2.266e+00  2.263e+00  2.260e+00  2.257e+00  2.254e+00  2.250e+00  2.247e+00  2.244e+00  2.240e+00  2.237e+00  2.234e+00  2.231e+00  2.228e+00  2.225e+00  2.222e+00  2.220e+00  2.217e+00  2.214e+00  2.212e+00  2.210e+00  2.207e+00  2.205e+00  2.203e+00  2.201e+00  2.199e+00  2.197e+00  2.195e+00  2.193e+00 	
 4.614e-02  2.198e-01  5.476e-01  9.465e-01  1.322e+00  1.621e+00  1.839e+00  1.988e+00  2.089e+00  2.155e+00  2.199e+00  2.228e+00  2.246e+00  2.257e+00  2.264e+00  2.267e+00  2.268e+00  2.268e+00  2.266e+00  2.263e+00  2.261e+00  2.257e+00  2.254e+00  2.250e+00  2.246e+00  2.243e+00  2.239e+00  2.235e+00  2.232e+00  2.228e+00  2.225e+00  2.222e+00  2.218e+00  2.215e+00  2.212e+00  2.209e+00  2.207e+00  2.204e+00  2.201e+00  2.199e+00  2.196e+00  2.194e+00  2.192e+00  2.190e+00  2.188e+00  2.186e+00  2.184e+00  2.182e+00  2.180e+00  2.178e+00 	
 6.174e-02  2.913e-01  6.959e-01  1.141e+00  1.517e+00  1.788e+00  1.969e+00  2.085e+00  2.158e+00  2.204e+00  2.232e+00  2.249e+00  2.258e+00  2.263e+00  2.264e+00  2.264e+00  2.262e+00  2.259e+00  2.256e+00  2.252e+00  2.248e+00  2.244e+00  2.240e+00  2.236e+00  2.232e+00  2.228e+00  2.224e+00  2.220e+00  2.217e+00  2.213e+00  2.210e+00  2.207e+00  2.203e+00  2.200e+00  2.197e+00  2.195e+00  2.192e+00  2.189e+00  2.187e+00  2.184e+00  2.182e+00  2.180e+00  2.178e+00  2.176e+00  2.174e+00  2.172e+00  2.170e+00  2.168e+00  2.166e+00  2.165e+00 	
 8.423e-02  3.880e-01  8.756e-01  1.349e+00  1.703e+00  1.933e+00  2.074e+00  2.158e+00  2.207e+00  2.235e+00  2.250e+00  2.258e+00  2.261e+00  2.261e+00  2.259e+00  2.256e+00  2.252e+00  2.248e+00  2.244e+00  2.239e+00  2.234e+00  2.230e+00  2.225e+00  2.221e+00  2.217e+00  2.213e+00  2.209e+00  2.205e+00  2.201e+00  2.198e+00  2.195e+00  2.191e+00  2.188e+00  2.185e+00  2.183e+00  2.180e+00  2.177e+00  2.175e+00  2.172e+00  2.170e+00  2.168e+00  2.166e+00  2.164e+00  2.162e+00  2.160e+00  2.158e+00  2.156e+00  2.155e+00  2.153e+00  2.151e+00 	
 1.169e-01  5.170e-01  1.084e+00  1.560e+00  1.871e+00  2.052e+00  2.153e+00  2.208e+00  2.237e+00  2.252e+00  2.258e+00  2.260e+00  2.258e+00  2.255e+00  2.251e+00  2.246e+00  2.241e+00  2.235e+00  2.230e+00  2.225e+00  2.220e+00  2.216e+00  2.211e+00  2.207e+00  2.202e+00  2.198e+00  2.194e+00  2.191e+00  2.187e+00  2.184e+00  2.181e+00  2.177e+00  2.175e+00  2.172e+00  2.169e+00  2.166e+00  2.164e+00  2.162e+00  2.159e+00  2.157e+00  2.155e+00  2.153e+00  2.151e+00  2.149e+00  2.148e+00  2.146e+00  2.144e+00  2.143e+00  2.141e+00  2.139e+00 	
 1.646e-01  6.839e-01  1.313e+00  1.758e+00  2.010e+00  2.141e+00  2.207e+00  2.240e+00  2.254e+00  2.259e+00  2.259e+00  2.255e+00  2.251e+00  2.245e+00  2.239e+00  2.234e+00  2.228e+00  2.222e+00  2.217e+00  2.211e+00  2.206e+00  2.201e+00  2.197e+00  2.192e+00  2.188e+00  2.184e+00  2.181e+00  2.177e+00  2.174e+00  2.170e+00  2.167e+00  2.164e+00  2.162e+00  2.159e+00  2.156e+00  2.154e+00  2.152e+00  2.149e+00  2.147e+00  2.145e+00  2.143e+00  2.141e+00  2.140e+00  2.138e+00  2.136e+00  2.135e+00  2.133e+00  2.131e+00  2.130e+00  2.128e+00 	
 2.342e-01  8.912e-01  1.546e+00  1.930e+00  2.117e+00  2.203e+00  2.241e+00  2.256e+00  2.259e+00  2.257e+00  2.252e+00  2.246e+00  2.239e+00  2.233e+00  2.226e+00  2.220e+00  2.213e+00  2.207e+00  2.202e+00  2.197e+00  2.192e+00  2.187e+00  2.182e+00  2.178e+00  2.174e+00  2.170e+00  2.167e+00  2.163e+00  2.160e+00  2.157e+00  2.154e+00  2.151e+00  2.149e+00  2.146e+00  2.144e+00  2.142e+00  2.139e+00  2.137e+00  2.135e+00  2.134e+00  2.132e+00  2.130e+00  2.128e+00  2.127e+00  2.125e+00  2.124e+00  2.122e+00  2.121e+00  2.119e+00  2.117e+00 	
 3.349e-01  1.136e+00  1.768e+00  2.069e+00  2.194e+00  2.242e+00  2.258e+00  2.260e+00  2.256e+00  2.250e+00  2.242e+00  2.234e+00  2.226e+00  2.219e+00  2.212e+00  2.205e+00  2.199e+00  2.193e+00  2.187e+00  2.182e+00  2.177e+00  2.173e+00  2.169e+00  2.165e+00  2.161e+00  2.157e+00  2.154e+00  2.151e+00  2.148e+00  2.145e+00  2.142e+00  2.140e+00  2.137e+00  2.135e+00  2.133e+00  2.130e+00  2.128e+00  2.127e+00  2.125e+00  2.123e+00  2.121e+00  2.120e+00  2.118e+00  2.117e+00  2.115e+00  2.114e+00  2.112e+00  2.111e+00  2.109e+00  2.108e+00 	
 4.782e-01  1.404e+00  1.962e+00  2.173e+00  2.244e+00  2.264e+00  2.264e+00  2.258e+00  2.249e+00  2.240e+00  2.230e+00  2.221e+00  2.213e+00  2.205e+00  2.198e+00  2.191e+00  2.185e+00  2.179e+00  2.174e+00  2.169e+00  2.165e+00  2.160e+00  2.156e+00  2.152e+00  2.149e+00  2.146e+00  2.142e+00  2.139e+00  2.137e+00  2.134e+00  2.131e+00  2.129e+00  2.127e+00  2.124e+00  2.122e+00  2.120e+00  2.118e+00  2.117e+00  2.115e+00  2.113e+00  2.112e+00  2.110e+00  2.109e+00  2.107e+00  2.106e+00  2.105e+00  2.103e+00  2.102e+00  2.100e+00  2.099e+00 	
 6.746e-01  1.669e+00  2.113e+00  2.241e+00  2.271e+00  2.271e+00  2.262e+00  2.250e+00  2.238e+00  2.227e+00  2.217e+00  2.207e+00  2.199e+00  2.191e+00  2.184e+00  2.178e+00  2.172e+00  2.166e+00  2.161e+00  2.156e+00  2.152e+00  2.148e+00  2.144e+00  2.141e+00  2.137e+00  2.134e+00  2.131e+00  2.129e+00  2.126e+00  2.123e+00  2.121e+00  2.119e+00  2.117e+00  2.115e+00  2.113e+00  2.111e+00  2.109e+00  2.108e+00  2.106e+00  2.105e+00  2.103e+00  2.102e+00  2.100e+00  2.099e+00  2.098e+00  2.097e+00  2.095e+00  2.094e+00  2.092e+00  2.091e+00 	
 9.277e-01  1.906e+00  2.217e+00  2.278e+00  2.280e+00  2.267e+00  2.252e+00  2.238e+00  2.225e+00  2.213e+00  2.203e+00  2.193e+00  2.185e+00  2.177e+00  2.171e+00  2.165e+00  2.159e+00  2.154e+00  2.149e+00  2.145e+00  2.141e+00  2.137e+00  2.134e+00  2.130e+00  2.127e+00  2.124e+00  2.122e+00  2.119e+00  2.117e+00  2.114e+00  2.112e+00  2.110e+00  2.108e+00  2.106e+00  2.104e+00  2.103e+00  2.101e+00  2.100e+00  2.098e+00  2.097e+00  2.095e+00  2.094e+00  2.093e+00  2.092e+00  2.091e+00  2.089e+00  2.088e+00  2.087e+00  2.085e+00  2.083e+00 	
 1.226e+00  2.094e+00  2.280e+00  2.293e+00  2.277e+00  2.258e+00  2.240e+00  2.224e+00  2.211e+00  2.199e+00  2.189e+00  2.180e+00  2.172e+00  2.165e+00  2.158e+00  2.153e+00  2.147e+00  2.143e+00  2.138e+00  2.134e+00  2.130e+00  2.127e+00  2.124e+00  2.121e+00  2.118e+00  2.115e+00  2.113e+00  2.110e+00  2.108e+00  2.106e+00  2.104e+00  2.102e+00  2.100e+00  2.098e+00  2.097e+00  2.095e+00  2.094e+00  2.092e+00  2.091e+00  2.090e+00  2.088e+00  2.087e+00  2.086e+00  2.085e+00  2.084e+00  2.083e+00  2.082e+00  2.080e+00  2.079e+00  2.077e+00 	
 1.539e+00  2.225e+00  2.309e+00  2.292e+00  2.267e+00  2.244e+00  2.225e+00  2.209e+00  2.196e+00  2.184e+00  2.175e+00  2.166e+00  2.159e+00  2.152e+00  2.146e+00  2.141e+00  2.136e+00  2.132e+00  2.128e+00  2.124e+00  2.121e+00  2.117e+00  2.114e+00  2.112e+00  2.109e+00  2.107e+00  2.104e+00  2.102e+00  2.100e+00  2.098e+00  2.096e+00  2.095e+00  2.093e+00  2.091e+00  2.090e+00  2.088e+00  2.087e+00  2.086e+00  2.084e+00  2.083e+00  2.082e+00  2.081e+00  2.080e+00  2.079e+00  2.078e+00  2.077e+00  2.076e+00  2.074e+00  2.073e+00  2.071e+00 	
 1.824e+00  2.307e+00  2.317e+00  2.283e+00  2.253e+00  2.229e+00  2.210e+00  2.195e+00  2.182e+00  2.171e+00  2.162e+00  2.154e+00  2.147e+00  2.141e+00  2.135e+00  2.130e+00  2.126e+00  2.122e+00  2.118e+00  2.115e+00  2.112e+00  2.109e+00  2.106e+00  2.103e+00  2.101e+00  2.099e+00  2.096e+00  2.094e+00  2.092e+00  2.091e+00  2.089e+00  2.087e+00  2.086e+00  2.084e+00  2.083e+00  2.081e+00  2.080e+00  2.079e+00  2.078e+00  2.077e+00  2.076e+00  2.075e+00  2.074e+00  2.073e+00  2.072e+00  2.071e+00  2.070e+00  2.068e+00  2.067e+00  2.065e+00 	
 2.051e+00  2.349e+00  2.312e+00  2.269e+00  2.237e+00  2.214e+00  2.195e+00  2.181e+00  2.169e+00  2.158e+00  2.150e+00  2.143e+00  2.136e+00  2.130e+00  2.125e+00  2.121e+00  2.117e+00  2.113e+00  2.109e+00  2.106e+00  2.103e+00  2.100e+00  2.098e+00  2.095e+00  2.093e+00  2.091e+00  2.089e+00  2.087e+00  2.085e+00  2.084e+00  2.082e+00  2.081e+00  2.079e+00  2.078e+00  2.076e+00  2.075e+00  2.074e+00  2.073e+00  2.072e+00  2.071e+00  2.070e+00  2.069e+00  2.068e+00  2.067e+00  2.066e+00  2.065e+00  2.064e+00  2.063e+00  2.061e+00  2.059e+00 	
 2.207e+00  2.363e+00  2.298e+00  2.253e+00  2.221e+00  2.198e+00  2.181e+00  2.167e+00  2.156e+00  2.146e+00  2.139e+00  2.132e+00  2.126e+00  2.120e+00  2.116e+00  2.112e+00  2.108e+00  2.104e+00  2.101e+00  2.098e+00  2.095e+00  2.093e+00  2.090e+00  2.088e+00  2.086e+00  2.084e+00  2.082e+00  2.080e+00  2.079e+00  2.077e+00  2.076e+00  2.074e+00  2.073e+00  2.072e+00  2.070e+00  2.069e+00  2.068e+00  2.067e+00  2.066e+00  2.065e+00  2.064e+00  2.063e+00  2.062e+00  2.062e+00  2.061e+00  2.060e+00  2.059e+00  2.058e+00  2.056e+00  2.054e+00 	
 2.300e+00  2.361e+00  2.281e+00  2.236e+00  2.206e+00  2.184e+00  2.168e+00  2.155e+00  2.145e+00  2.136e+00  2.129e+00  2.122e+00  2.117e+00  2.112e+00  2.107e+00  2.103e+00  2.100e+00  2.096e+00  2.093e+00  2.090e+00  2.088e+00  2.085e+00  2.083e+00  2.081e+00  2.079e+00  2.077e+00  2.075e+00  2.074e+00  2.072e+00  2.070e+00  2.069e+00  2.068e+00  2.066e+00  2.065e+00  2.064e+00  2.063e+00  2.062e+00  2.061e+00  2.060e+00  2.059e+00  2.058e+00  2.058e+00  2.057e+00  2.056e+00  2.055e+00  2.055e+00  2.054e+00  2.052e+00  2.051e+00  2.048e+00 	
 2.347e+00  2.349e+00  2.263e+00  2.220e+00  2.191e+00  2.171e+00  2.155e+00  2.144e+00  2.134e+00  2.126e+00  2.119e+00  2.113e+00  2.108e+00  2.103e+00  2.099e+00  2.095e+00  2.092e+00  2.089e+00  2.086e+00  2.083e+00  2.081e+00  2.079e+00  2.076e+00  2.074e+00  2.072e+00  2.071e+00  2.069e+00  2.067e+00  2.066e+00  2.065e+00  2.063e+00  2.062e+00  2.061e+00  2.060e+00  2.059e+00  2.058e+00  2.057e+00  2.056e+00  2.055e+00  2.054e+00  2.053e+00  2.053e+00  2.052e+00  2.051e+00  2.051e+00  2.050e+00  2.049e+00  2.048e+00  2.046e+00  2.044e+00 	
 2.360e+00  2.330e+00  2.245e+00  2.203e+00  2.177e+00  2.158e+00  2.144e+00  2.132e+00  2.123e+00  2.116e+00  2.109e+00  2.104e+00  2.099e+00  2.095e+00  2.091e+00  2.087e+00  2.084e+00  2.081e+00  2.079e+00  2.076e+00  2.074e+00  2.072e+00  2.070e+00  2.068e+00  2.066e+00  2.065e+00  2.063e+00  2.062e+00  2.060e+00  2.059e+00  2.058e+00  2.057e+00  2.056e+00  2.055e+00  2.054e+00  2.053e+00  2.052e+00  2.051e+00  2.051e+00  2.050e+00  2.049e+00  2.049e+00  2.048e+00  2.047e+00  2.047e+00  2.046e+00  2.045e+00  2.044e+00  2.042e+00  2.039e+00 	
 2.354e+00  2.309e+00  2.227e+00  2.188e+00  2.164e+00  2.146e+00  2.133e+00  2.123e+00  2.114e+00  2.107e+00  2.101e+00  2.096e+00  2.092e+00  2.087e+00  2.084e+00  2.081e+00  2.078e+00  2.075e+00  2.072e+00  2.070e+00  2.068e+00  2.066e+00  2.064e+00  2.063e+00  2.061e+00  2.060e+00  2.058e+00  2.057e+00  2.056e+00  2.055e+00  2.054e+00  2.053e+00  2.052e+00  2.051e+00  2.050e+00  2.049e+00  2.049e+00  2.048e+00  2.047e+00  2.047e+00  2.046e+00  2.046e+00  2.045e+00  2.044e+00  2.044e+00  2.043e+00  2.042e+00  2.041e+00  2.039e+00  2.036e+00 	
 2.338e+00  2.289e+00  2.211e+00  2.175e+00  2.152e+00  2.136e+00  2.123e+00  2.114e+00  2.106e+00  2.099e+00  2.094e+00  2.089e+00  2.084e+00  2.081e+00  2.077e+00  2.074e+00  2.071e+00  2.069e+00  2.067e+00  2.065e+00  2.063e+00  2.061e+00  2.059e+00  2.058e+00  2.056e+00  2.055e+00  2.053e+00  2.052e+00  2.051e+00  2.050e+00  2.049e+00  2.048e+00  2.047e+00  2.046e+00  2.045e+00  2.045e+00  2.044e+00  2.043e+00  2.043e+00  2.042e+00  2.042e+00  2.041e+00  2.040e+00  2.040e+00  2.039e+00  2.039e+00  2.038e+00  2.036e+00  2.034e+00  2.031e+00 	
 2.317e+00  2.270e+00  2.197e+00  2.163e+00  2.141e+00  2.126e+00  2.114e+00  2.105e+00  2.098e+00  2.091e+00  2.086e+00  2.081e+00  2.077e+00  2.074e+00  2.071e+00  2.068e+00  2.065e+00  2.063e+00  2.061e+00  2.059e+00  2.057e+00  2.056e+00  2.054e+00  2.053e+00  2.052e+00  2.050e+00  2.049e+00  2.048e+00  2.047e+00  2.046e+00  2.045e+00  2.044e+00  2.044e+00  2.043e+00  2.042e+00  2.042e+00  2.041e+00  2.040e+00  2.040e+00  2.039e+00  2.039e+00  2.038e+00  2.038e+00  2.038e+00  2.037e+00  2.036e+00  2.035e+00  2.034e+00  2.031e+00  2.028e+00 	
 2.287e+00  2.249e+00  2.183e+00  2.152e+00  2.132e+00  2.117e+00  2.106e+00  2.098e+00  2.091e+00  2.085e+00  2.080e+00  2.075e+00  2.072e+00  2.068e+00  2.066e+00  2.063e+00  2.061e+00  2.059e+00  2.057e+00  2.055e+00  2.053e+00  2.052e+00  2.050e+00  2.049e+00  2.048e+00  2.047e+00  2.046e+00  2.045e+00  2.044e+00  2.043e+00  2.042e+00  2.042e+00  2.041e+00  2.040e+00  2.040e+00  2.039e+00  2.038e+00  2.038e+00  2.037e+00  2.037e+00  2.037e+00  2.036e+00  2.036e+00  2.036e+00  2.035e+00  2.034e+00  2.033e+00  2.031e+00  2.028e+00  2.024e+00 	
 2.239e+00  2.223e+00  2.167e+00  2.139e+00  2.121e+00  2.108e+00  2.098e+00  2.090e+00  2.083e+00  2.078e+00  2.074e+00  2.070e+00  2.066e+00  2.063e+00  2.061e+00  2.058e+00  2.056e+00  2.054e+00  2.052e+00  2.051e+00  2.049e+00  2.048e+00  2.047e+00  2.046e+00  2.044e+00  2.043e+00  2.042e+00  2.042e+00  2.041e+00  2.040e+00  2.039e+00  2.039e+00  2.038e+00  2.037e+00  2.037e+00  2.036e+00  2.036e+00  2.035e+00  2.035e+00  2.035e+00  2.034e+00  2.034e+00  2.034e+00  2.033e+00  2.033e+00  2.032e+00  2.030e+00  2.028e+00  2.024e+00  2.019e+00 	
 2.142e+00  2.180e+00  2.138e+00  2.116e+00  2.101e+00  2.090e+00  2.082e+00  2.075e+00  2.070e+00  2.065e+00  2.061e+00  2.058e+00  2.055e+00  2.052e+00  2.050e+00  2.048e+00  2.046e+00  2.044e+00  2.043e+00  2.041e+00  2.040e+00  2.039e+00  2.038e+00  2.036e+00  2.035e+00  2.034e+00  2.034e+00  2.033e+00  2.032e+00  2.031e+00  2.031e+00  2.030e+00  2.029e+00  2.029e+00  2.028e+00  2.028e+00  2.027e+00  2.027e+00  2.026e+00  2.026e+00  2.025e+00  2.025e+00  2.024e+00  2.023e+00  2.022e+00  2.020e+00  2.018e+00  2.014e+00  2.008e+00  1.999e+00 	
