 9.900e-01  9.900e-01  9.900e-01  9.435e-01  5.066e-01  3.140e-01  2.136e-01  1.552e-01  1.180e-01  9.300e-02  7.536e-02  6.248e-02  5.274e-02  4.519e-02  3.924e-02  3.448e-02  3.056e-02  2.735e-02  2.466e-02  2.238e-02  2.045e-02  1.881e-02  1.738e-02  1.613e-02  1.505e-02  1.411e-02  1.326e-02  1.252e-02  1.185e-02  1.124e-02  1.068e-02  1.015e-02  9.636e-03  9.118e-03  8.582e-03  8.020e-03  7.439e-03  6.842e-03  6.279e-03  5.823e-03  5.618e-03  5.875e-03  6.912e-03  9.200e-03  1.339e-02  2.039e-02  3.147e-02  4.840e-02  7.370e-02  1.109e-01 	
 9.900e-01  1.000e-08  1.000e-08  1.000e-08  1.000e-08  1.000e-08  1.000e-08  1.000e-08  1.000e-08  1.000e-08  1.000e-08  1.000e-08  1.000e-08  1.000e-08  1.000e-08  1.000e-08  1.000e-08  1.000e-08  1.000e-08  1.000e-08  1.000e-08  1.000e-08  1.000e-08  1.000e-08  1.000e-08  1.000e-08  1.000e-08  1.000e-08  1.000e-08  1.000e-08  1.000e-08  1.000e-08  1.000e-08  1.000e-08  1.000e-08  1.000e-08  1.000e-08  1.000e-08  1.000e-08  1.000e-08  1.000e-08  1.000e-08  1.000e-08  1.000e-08  1.000e-08  1.000e-08  1.000e-08  8.557e-03  2.244e-02  4.274e-02 	
 9.900e-01  1.000e-08  1.000e-08  1.000e-08  1.000e-08  1.000e-08  1.000e-08  1.000e-08  1.000e-08  1.000e-08  1.000e-08  1.000e-08  1.000e-08  1.000e-08  1.000e-08  1.000e-08  1.000e-08  1.000e-08  1.000e-08  1.000e-08  1.000e-08  1.000e-08  1.000e-08  1.000e-08  1.000e-08  1.000e-08  1.000e-08  1.000e-08  1.000e-08  1.000e-08  1.000e-08  1.000e-08  1.000e-08  1.000e-08  1.000e-08  1.000e-08  1.000e-08  1.000e-08  1.000e-08  1.000e-08  1.000e-08  1.000e-08  1.000e-08  1.000e-08  1.000e-08  1.000e-08  1.339e-03  7.070e-03  1.582e-02  2.877e-02 	
 9.900e-01  1.000e-08  1.000e-08  1.000e-08  1.000e-08  1.000e-08  1.000e-08  1.000e-08  1.000e-08  1.000e-08  1.000e-08  1.000e-08  1.000e-08  1.000e-08  1.000e-08  1.000e-08  1.000e-08  1.000e-08  1.000e-08  1.000e-08  1.000e-08  1.000e-08  1.000e-08  1.000e-08  1.000e-08  1.000e-08  1.000e-08  1.000e-08  1.000e-08  1.000e-08  1.000e-08  1.000e-08  1.000e-08  1.000e-08  1.000e-08  1.000e-08  1.000e-08  1.000e-08  1.000e-08  1.000e-08  1.000e-08  1.000e-08  1.000e-08  1.000e-08  1.000e-08  1.000e-08  2.022e-03  6.072e-03  1.226e-02  2.145e-02 	
 9.900e-01  1.000e-08  1.000e-08  1.000e-08  1.000e-08  1.000e-08  1.000e-08  1.000e-08  1.000e-08  1.000e-08  1.000e-08  1.000e-08  1.000e-08  1.000e-08  1.000e-08  1.000e-08  1.000e-08  1.000e-08  1.000e-08  1.000e-08  1.000e-08  1.000e-08  1.000e-08  1.000e-08  1.000e-08  1.000e-08  2.356e-05  1.455e-04  2.512e-04  3.401e-04  4.104e-04  4.594e-04  4.822e-04  4.733e-04  4.264e-04  3.349e-04  1.943e-04  3.361e-06  1.000e-08  1.000e-08  1.000e-08  1.000e-08  1.000e-08  1.000e-08  1.000e-08  6.304e-04  2.503e-03  5.509e-03  1.009e-02  1.689e-02 	
 9.900e-01  1.000e-08  1.000e-08  1.000e-08  1.000e-08  1.000e-08  1.000e-08  1.000e-08  1.000e-08  1.000e-08  1.000e-08  1.000e-08  1.000e-08  1.000e-08  1.000e-08  1.000e-08  1.000e-08  1.000e-08  1.000e-08  1.000e-08  1.000e-08  9.589e-05  2.993e-04  4.787e-04  6.378e-04  7.792e-04  9.051e-04  1.017e-03  1.115e-03  1.200e-03  1.269e-03  1.321e-03  1.353e-03  1.360e-03  1.337e-03  1.280e-03  1.185e-03  1.052e-03  8.847e-04  6.949e-04  5.055e-04  3.538e-04  2.962e-04  4.131e-04  8.124e-04  1.638e-03  3.078e-03  5.381e-03  8.889e-03  1.409e-02 	
 9.900e-01  1.000e-08  1.000e-08  1.000e-08  1.000e-08  1.000e-08  1.000e-08  1.000e-08  1.000e-08  1.000e-08  1.000e-08  1.000e-08  1.000e-08  1.000e-08  1.000e-08  1.000e-08  1.000e-08  1.000e-08  3.016e-04  5.811e-04  8.243e-04  1.038e-03  1.226e-03  1.393e-03  1.542e-03  1.676e-03  1.795e-03  1.903e-03  1.999e-03  2.084e-03  2.155e-03  2.213e-03  2.254e-03  2.273e-03  2.273e-03  2.242e-03  2.183e-03  2.094e-03  1.978e-03  1.844e-03  1.711e-03  1.607e-03  1.578e-03  1.686e-03  2.013e-03  2.675e-03  3.817e-03  5.636e-03  8.399e-03  1.250e-02 	
 9.900e-01  1.000e-08  1.000e-08  1.000e-08  1.000e-08  1.000e-08  1.000e-08  1.000e-08  1.000e-08  1.000e-08  1.000e-08  1.000e-08  1.000e-08  1.000e-08  1.000e-08  2.723e-04  6.883e-04  1.042e-03  1.345e-03  1.608e-03  1.838e-03  2.040e-03  2.221e-03  2.382e-03  2.527e-03  2.658e-03  2.778e-03  2.886e-03  2.982e-03  3.070e-03  3.147e-03  3.213e-03  3.263e-03  3.297e-03  3.313e-03  3.307e-03  3.278e-03  3.225e-03  3.149e-03  3.061e-03  2.974e-03  2.911e-03  2.907e-03  3.013e-03  3.298e-03  3.851e-03  4.791e-03  6.281e-03  8.535e-03  1.188e-02 	
 9.900e-01  1.000e-08  1.000e-08  1.000e-08  1.000e-08  1.000e-08  1.000e-08  1.000e-08  1.000e-08  1.000e-08  1.000e-08  1.000e-08  1.000e-08  4.497e-04  1.015e-03  1.484e-03  1.879e-03  2.217e-03  2.509e-03  2.764e-03  2.986e-03  3.185e-03  3.364e-03  3.524e-03  3.671e-03  3.804e-03  3.926e-03  4.037e-03  4.141e-03  4.236e-03  4.322e-03  4.397e-03  4.462e-03  4.511e-03  4.550e-03  4.565e-03  4.566e-03  4.549e-03  4.513e-03  4.465e-03  4.422e-03  4.397e-03  4.425e-03  4.542e-03  4.810e-03  5.302e-03  6.119e-03  7.395e-03  9.319e-03  1.216e-02 	
 9.900e-01  1.000e-08  1.000e-08  1.000e-08  1.000e-08  1.000e-08  1.000e-08  1.000e-08  1.000e-08  1.000e-08  1.000e-08  3.952e-04  1.219e-03  1.881e-03  2.424e-03  2.877e-03  3.262e-03  3.592e-03  3.880e-03  4.132e-03  4.356e-03  4.557e-03  4.738e-03  4.903e-03  5.054e-03  5.197e-03  5.329e-03  5.450e-03  5.568e-03  5.673e-03  5.774e-03  5.867e-03  5.952e-03  6.028e-03  6.091e-03  6.144e-03  6.178e-03  6.201e-03  6.211e-03  6.214e-03  6.219e-03  6.244e-03  6.317e-03  6.469e-03  6.749e-03  7.226e-03  7.990e-03  9.158e-03  1.089e-02  1.344e-02 	
 9.900e-01  1.000e-08  1.000e-08  1.000e-08  1.000e-08  1.000e-08  1.000e-08  1.000e-08  1.000e-08  1.000e-08  1.127e-03  2.139e-03  2.936e-03  3.581e-03  4.111e-03  4.559e-03  4.940e-03  5.270e-03  5.562e-03  5.819e-03  6.048e-03  6.261e-03  6.453e-03  6.625e-03  6.796e-03  6.955e-03  7.106e-03  7.248e-03  7.387e-03  7.521e-03  7.650e-03  7.775e-03  7.897e-03  8.012e-03  8.121e-03  8.222e-03  8.314e-03  8.399e-03  8.473e-03  8.548e-03  8.627e-03  8.729e-03  8.875e-03  9.096e-03  9.436e-03  9.961e-03  1.075e-02  1.190e-02  1.359e-02  1.602e-02 	
 8.005e-01  1.000e-08  1.000e-08  1.000e-08  1.000e-08  1.000e-08  1.000e-08  1.000e-08  2.573e-04  1.984e-03  3.267e-03  4.255e-03  5.039e-03  5.678e-03  6.210e-03  6.660e-03  7.047e-03  7.384e-03  7.691e-03  7.964e-03  8.208e-03  8.443e-03  8.655e-03  8.856e-03  9.054e-03  9.246e-03  9.431e-03  9.617e-03  9.802e-03  9.987e-03  1.017e-02  1.036e-02  1.055e-02  1.074e-02  1.093e-02  1.112e-02  1.130e-02  1.149e-02  1.168e-02  1.187e-02  1.207e-02  1.230e-02  1.257e-02  1.293e-02  1.341e-02  1.405e-02  1.496e-02  1.622e-02  1.800e-02  2.049e-02 	
 5.261e-01  1.000e-08  1.000e-08  1.000e-08  1.000e-08  1.000e-08  1.000e-08  6.247e-04  2.987e-03  4.677e-03  5.941e-03  6.921e-03  7.706e-03  8.351e-03  8.893e-03  9.359e-03  9.763e-03  1.012e-02  1.045e-02  1.076e-02  1.104e-02  1.131e-02  1.157e-02  1.183e-02  1.208e-02  1.234e-02  1.260e-02  1.286e-02  1.314e-02  1.342e-02  1.371e-02  1.402e-02  1.433e-02  1.466e-02  1.500e-02  1.534e-02  1.570e-02  1.607e-02  1.645e-02  1.684e-02  1.726e-02  1.772e-02  1.823e-02  1.883e-02  1.955e-02  2.044e-02  2.160e-02  2.311e-02  2.512e-02  2.787e-02 	
 2.992e-01  1.000e-08  1.000e-08  1.000e-08  1.000e-08  1.000e-08  7.033e-04  4.117e-03  6.438e-03  8.113e-03  9.378e-03  1.037e-02  1.117e-02  1.183e-02  1.241e-02  1.290e-02  1.334e-02  1.375e-02  1.413e-02  1.449e-02  1.485e-02  1.519e-02  1.555e-02  1.591e-02  1.627e-02  1.666e-02  1.706e-02  1.748e-02  1.792e-02  1.839e-02  1.889e-02  1.939e-02  1.994e-02  2.051e-02  2.112e-02  2.174e-02  2.239e-02  2.309e-02  2.381e-02  2.457e-02  2.536e-02  2.620e-02  2.711e-02  2.813e-02  2.927e-02  3.063e-02  3.223e-02  3.421e-02  3.669e-02  3.986e-02 	
 1.153e-01  1.000e-08  1.000e-08  1.000e-08  1.000e-08  1.000e-08  5.243e-03  8.603e-03  1.091e-02  1.259e-02  1.387e-02  1.488e-02  1.573e-02  1.643e-02  1.705e-02  1.761e-02  1.813e-02  1.863e-02  1.911e-02  1.960e-02  2.009e-02  2.059e-02  2.112e-02  2.168e-02  2.228e-02  2.289e-02  2.355e-02  2.426e-02  2.502e-02  2.581e-02  2.666e-02  2.757e-02  2.852e-02  2.952e-02  3.059e-02  3.171e-02  3.291e-02  3.413e-02  3.542e-02  3.680e-02  3.822e-02  3.972e-02  4.134e-02  4.306e-02  4.493e-02  4.703e-02  4.937e-02  5.209e-02  5.526e-02  5.907e-02 	
 1.000e-08  1.000e-08  1.000e-08  1.000e-08  1.000e-08  5.952e-03  1.113e-02  1.445e-02  1.677e-02  1.848e-02  1.979e-02  2.087e-02  2.177e-02  2.257e-02  2.330e-02  2.398e-02  2.465e-02  2.532e-02  2.601e-02  2.673e-02  2.747e-02  2.828e-02  2.914e-02  3.004e-02  3.104e-02  3.209e-02  3.323e-02  3.444e-02  3.574e-02  3.713e-02  3.861e-02  4.019e-02  4.184e-02  4.360e-02  4.547e-02  4.741e-02  4.946e-02  5.163e-02  5.388e-02  5.628e-02  5.873e-02  6.135e-02  6.404e-02  6.692e-02  6.995e-02  7.322e-02  7.667e-02  8.043e-02  8.464e-02  8.936e-02 	
 1.000e-08  1.000e-08  1.000e-08  1.000e-08  5.066e-03  1.369e-02  1.878e-02  2.210e-02  2.445e-02  2.621e-02  2.763e-02  2.879e-02  2.984e-02  3.080e-02  3.173e-02  3.265e-02  3.360e-02  3.463e-02  3.569e-02  3.684e-02  3.806e-02  3.940e-02  4.084e-02  4.241e-02  4.409e-02  4.591e-02  4.788e-02  4.994e-02  5.217e-02  5.456e-02  5.710e-02  5.980e-02  6.262e-02  6.559e-02  6.871e-02  7.206e-02  7.555e-02  7.913e-02  8.295e-02  8.692e-02  9.099e-02  9.528e-02  9.967e-02  1.042e-01  1.090e-01  1.139e-01  1.189e-01  1.242e-01  1.296e-01  1.352e-01 	
 1.000e-08  1.000e-08  1.000e-08  1.000e-08  1.532e-02  2.370e-02  2.872e-02  3.205e-02  3.446e-02  3.635e-02  3.790e-02  3.929e-02  4.059e-02  4.186e-02  4.318e-02  4.457e-02  4.606e-02  4.768e-02  4.944e-02  5.134e-02  5.342e-02  5.570e-02  5.816e-02  6.082e-02  6.368e-02  6.676e-02  7.007e-02  7.362e-02  7.740e-02  8.137e-02  8.554e-02  9.001e-02  9.466e-02  9.956e-02  1.047e-01  1.101e-01  1.156e-01  1.214e-01  1.274e-01  1.337e-01  1.400e-01  1.465e-01  1.532e-01  1.601e-01  1.669e-01  1.739e-01  1.808e-01  1.877e-01  1.943e-01  2.006e-01 	
 1.000e-08  1.000e-08  1.000e-08  1.312e-02  2.835e-02  3.647e-02  4.142e-02  4.481e-02  4.739e-02  4.946e-02  5.134e-02  5.314e-02  5.492e-02  5.680e-02  5.883e-02  6.103e-02  6.349e-02  6.615e-02  6.909e-02  7.231e-02  7.582e-02  7.967e-02  8.375e-02  8.821e-02  9.305e-02  9.809e-02  1.035e-01  1.093e-01  1.153e-01  1.218e-01  1.284e-01  1.354e-01  1.427e-01  1.503e-01  1.581e-01  1.662e-01  1.745e-01  1.831e-01  1.917e-01  2.007e-01  2.097e-01  2.188e-01  2.280e-01  2.373e-01  2.463e-01  2.552e-01  2.638e-01  2.719e-01  2.791e-01  2.854e-01 	
 1.000e-08  1.000e-08  1.000e-08  3.029e-02  4.467e-02  5.250e-02  5.745e-02  6.102e-02  6.384e-02  6.636e-02  6.884e-02  7.134e-02  7.406e-02  7.701e-02  8.029e-02  8.393e-02  8.795e-02  9.237e-02  9.726e-02  1.026e-01  1.083e-01  1.146e-01  1.212e-01  1.284e-01  1.361e-01  1.441e-01  1.526e-01  1.614e-01  1.706e-01  1.802e-01  1.901e-01  2.002e-01  2.108e-01  2.215e-01  2.324e-01  2.433e-01  2.545e-01  2.658e-01  2.771e-01  2.884e-01  2.996e-01  3.108e-01  3.218e-01  3.325e-01  3.428e-01  3.527e-01  3.619e-01  3.702e-01  3.769e-01  3.822e-01 	
 1.000e-08  1.000e-08  2.145e-02  5.131e-02  6.475e-02  7.232e-02  7.741e-02  8.133e-02  8.467e-02  8.803e-02  9.155e-02  9.539e-02  9.966e-02  1.044e-01  1.097e-01  1.157e-01  1.222e-01  1.294e-01  1.372e-01  1.456e-01  1.547e-01  1.644e-01  1.747e-01  1.854e-01  1.968e-01  2.084e-01  2.207e-01  2.332e-01  2.459e-01  2.589e-01  2.721e-01  2.853e-01  2.986e-01  3.120e-01  3.252e-01  3.382e-01  3.514e-01  3.640e-01  3.766e-01  3.889e-01  4.006e-01  4.121e-01  4.233e-01  4.338e-01  4.437e-01  4.528e-01  4.610e-01  4.677e-01  4.728e-01  4.763e-01 	
 1.000e-08  1.000e-08  4.988e-02  7.658e-02  8.903e-02  9.646e-02  1.018e-01  1.065e-01  1.109e-01  1.157e-01  1.211e-01  1.271e-01  1.339e-01  1.415e-01  1.499e-01  1.593e-01  1.695e-01  1.805e-01  1.924e-01  2.051e-01  2.183e-01  2.323e-01  2.467e-01  2.615e-01  2.768e-01  2.922e-01  3.076e-01  3.233e-01  3.387e-01  3.541e-01  3.693e-01  3.842e-01  3.986e-01  4.129e-01  4.263e-01  4.395e-01  4.522e-01  4.642e-01  4.759e-01  4.866e-01  4.970e-01  5.066e-01  5.155e-01  5.241e-01  5.315e-01  5.383e-01  5.441e-01  5.487e-01  5.520e-01  5.527e-01 	
 1.000e-08  1.000e-08  8.310e-02  1.064e-01  1.179e-01  1.254e-01  1.315e-01  1.375e-01  1.438e-01  1.511e-01  1.593e-01  1.686e-01  1.791e-01  1.908e-01  2.036e-01  2.175e-01  2.325e-01  2.484e-01  2.650e-01  2.820e-01  2.998e-01  3.176e-01  3.356e-01  3.537e-01  3.716e-01  3.891e-01  4.062e-01  4.229e-01  4.388e-01  4.542e-01  4.689e-01  4.825e-01  4.958e-01  5.079e-01  5.195e-01  5.302e-01  5.404e-01  5.494e-01  5.581e-01  5.657e-01  5.730e-01  5.794e-01  5.854e-01  5.907e-01  5.953e-01  5.990e-01  6.021e-01  6.044e-01  6.051e-01  6.045e-01 	
 1.000e-08  2.399e-02  1.211e-01  1.408e-01  1.514e-01  1.594e-01  1.670e-01  1.751e-01  1.845e-01  1.953e-01  2.078e-01  2.217e-01  2.373e-01  2.541e-01  2.722e-01  2.914e-01  3.114e-01  3.318e-01  3.523e-01  3.730e-01  3.935e-01  4.134e-01  4.329e-01  4.516e-01  4.692e-01  4.864e-01  5.019e-01  5.166e-01  5.304e-01  5.427e-01  5.545e-01  5.648e-01  5.746e-01  5.833e-01  5.910e-01  5.977e-01  6.041e-01  6.098e-01  6.146e-01  6.187e-01  6.224e-01  6.254e-01  6.283e-01  6.307e-01  6.324e-01  6.339e-01  6.345e-01  6.348e-01  6.342e-01  6.329e-01 	
 3.110e-02  8.961e-02  1.634e-01  1.792e-01  1.893e-01  1.985e-01  2.084e-01  2.201e-01  2.338e-01  2.496e-01  2.677e-01  2.872e-01  3.086e-01  3.307e-01  3.539e-01  3.776e-01  4.009e-01  4.239e-01  4.462e-01  4.676e-01  4.877e-01  5.069e-01  5.238e-01  5.402e-01  5.545e-01  5.683e-01  5.801e-01  5.907e-01  5.998e-01  6.081e-01  6.154e-01  6.212e-01  6.268e-01  6.315e-01  6.353e-01  6.385e-01  6.416e-01  6.437e-01  6.449e-01  6.467e-01  6.478e-01  6.482e-01  6.487e-01  6.491e-01  6.491e-01  6.487e-01  6.478e-01  6.470e-01  6.454e-01  6.435e-01 	
 1.397e-01  1.565e-01  2.081e-01  2.201e-01  2.303e-01  2.416e-01  2.554e-01  2.720e-01  2.915e-01  3.133e-01  3.374e-01  3.631e-01  3.893e-01  4.158e-01  4.420e-01  4.671e-01  4.909e-01  5.132e-01  5.338e-01  5.521e-01  5.686e-01  5.831e-01  5.963e-01  6.075e-01  6.167e-01  6.252e-01  6.320e-01  6.379e-01  6.429e-01  6.469e-01  6.498e-01  6.525e-01  6.539e-01  6.559e-01  6.562e-01  6.571e-01  6.575e-01  6.571e-01  6.566e-01  6.565e-01  6.556e-01  6.545e-01  6.539e-01  6.524e-01  6.513e-01  6.503e-01  6.488e-01  6.474e-01  6.453e-01  6.437e-01 	
 2.509e-01  2.209e-01  2.519e-01  2.612e-01  2.724e-01  2.874e-01  3.067e-01  3.296e-01  3.558e-01  3.841e-01  4.137e-01  4.433e-01  4.721e-01  4.998e-01  5.252e-01  5.483e-01  5.688e-01  5.867e-01  6.022e-01  6.153e-01  6.265e-01  6.357e-01  6.429e-01  6.490e-01  6.535e-01  6.572e-01  6.597e-01  6.620e-01  6.629e-01  6.637e-01  6.638e-01  6.638e-01  6.634e-01  6.625e-01  6.614e-01  6.604e-01  6.593e-01  6.578e-01  6.561e-01  6.546e-01  6.530e-01  6.514e-01  6.498e-01  6.481e-01  6.461e-01  6.449e-01  6.429e-01  6.411e-01  6.393e-01  6.372e-01 	
 3.554e-01  2.778e-01  2.912e-01  2.989e-01  3.134e-01  3.341e-01  3.603e-01  3.907e-01  4.232e-01  4.566e-01  4.890e-01  5.196e-01  5.478e-01  5.719e-01  5.931e-01  6.108e-01  6.258e-01  6.375e-01  6.472e-01  6.542e-01  6.600e-01  6.636e-01  6.664e-01  6.683e-01  6.692e-01  6.695e-01  6.692e-01  6.685e-01  6.671e-01  6.661e-01  6.646e-01  6.626e-01  6.610e-01  6.590e-01  6.569e-01  6.552e-01  6.531e-01  6.510e-01  6.488e-01  6.467e-01  6.450e-01  6.429e-01  6.407e-01  6.391e-01  6.374e-01  6.357e-01  6.337e-01  6.321e-01  6.303e-01  6.282e-01 	
 4.433e-01  3.218e-01  3.219e-01  3.310e-01  3.513e-01  3.800e-01  4.144e-01  4.515e-01  4.889e-01  5.243e-01  5.563e-01  5.837e-01  6.066e-01  6.254e-01  6.404e-01  6.514e-01  6.600e-01  6.661e-01  6.698e-01  6.722e-01  6.737e-01  6.742e-01  6.736e-01  6.727e-01  6.709e-01  6.694e-01  6.670e-01  6.649e-01  6.625e-01  6.599e-01  6.576e-01  6.551e-01  6.525e-01  6.502e-01  6.476e-01  6.455e-01  6.432e-01  6.406e-01  6.387e-01  6.366e-01  6.344e-01  6.325e-01  6.304e-01  6.287e-01  6.269e-01  6.252e-01  6.232e-01  6.217e-01  6.198e-01  6.185e-01 	
 5.070e-01  3.497e-01  3.424e-01  3.569e-01  3.861e-01  4.242e-01  4.668e-01  5.086e-01  5.472e-01  5.811e-01  6.089e-01  6.302e-01  6.471e-01  6.585e-01  6.670e-01  6.721e-01  6.755e-01  6.769e-01  6.769e-01  6.761e-01  6.748e-01  6.725e-01  6.700e-01  6.674e-01  6.644e-01  6.614e-01  6.587e-01  6.560e-01  6.525e-01  6.498e-01  6.470e-01  6.443e-01  6.415e-01  6.389e-01  6.366e-01  6.342e-01  6.316e-01  6.293e-01  6.271e-01  6.252e-01  6.230e-01  6.216e-01  6.194e-01  6.177e-01  6.160e-01  6.147e-01  6.131e-01  6.115e-01  6.104e-01  6.091e-01 	
 5.427e-01  3.611e-01  3.540e-01  3.781e-01  4.189e-01  4.669e-01  5.154e-01  5.590e-01  5.951e-01  6.236e-01  6.443e-01  6.592e-01  6.692e-01  6.745e-01  6.775e-01  6.785e-01  6.779e-01  6.765e-01  6.737e-01  6.712e-01  6.677e-01  6.646e-01  6.610e-01  6.573e-01  6.540e-01  6.504e-01  6.472e-01  6.443e-01  6.410e-01  6.378e-01  6.350e-01  6.323e-01  6.295e-01  6.271e-01  6.248e-01  6.224e-01  6.205e-01  6.183e-01  6.164e-01  6.142e-01  6.125e-01  6.110e-01  6.093e-01  6.080e-01  6.062e-01  6.049e-01  6.038e-01  6.022e-01  6.011e-01  6.002e-01 	
 5.511e-01  3.606e-01  3.606e-01  3.983e-01  4.518e-01  5.079e-01  5.583e-01  5.997e-01  6.301e-01  6.514e-01  6.655e-01  6.733e-01  6.776e-01  6.786e-01  6.779e-01  6.755e-01  6.725e-01  6.689e-01  6.653e-01  6.611e-01  6.573e-01  6.531e-01  6.493e-01  6.455e-01  6.421e-01  6.387e-01  6.350e-01  6.321e-01  6.288e-01  6.260e-01  6.235e-01  6.207e-01  6.183e-01  6.160e-01  6.138e-01  6.118e-01  6.099e-01  6.077e-01  6.062e-01  6.045e-01  6.027e-01  6.014e-01  6.004e-01  5.991e-01  5.975e-01  5.962e-01  5.950e-01  5.942e-01  5.933e-01  5.923e-01 	
 5.386e-01  3.541e-01  3.686e-01  4.223e-01  4.869e-01  5.467e-01  5.955e-01  6.303e-01  6.535e-01  6.673e-01  6.747e-01  6.773e-01  6.770e-01  6.749e-01  6.713e-01  6.676e-01  6.632e-01  6.585e-01  6.542e-01  6.498e-01  6.450e-01  6.410e-01  6.372e-01  6.333e-01  6.295e-01  6.265e-01  6.230e-01  6.202e-01  6.172e-01  6.149e-01  6.120e-01  6.096e-01  6.077e-01  6.058e-01  6.038e-01  6.020e-01  6.001e-01  5.988e-01  5.970e-01  5.960e-01  5.947e-01  5.934e-01  5.920e-01  5.912e-01  5.901e-01  5.892e-01  5.881e-01  5.874e-01  5.867e-01  5.858e-01 	
 5.134e-01  3.499e-01  3.836e-01  4.528e-01  5.247e-01  5.839e-01  6.256e-01  6.523e-01  6.670e-01  6.740e-01  6.759e-01  6.747e-01  6.714e-01  6.671e-01  6.619e-01  6.569e-01  6.516e-01  6.466e-01  6.417e-01  6.372e-01  6.332e-01  6.288e-01  6.252e-01  6.213e-01  6.183e-01  6.149e-01  6.120e-01  6.094e-01  6.070e-01  6.046e-01  6.022e-01  6.003e-01  5.983e-01  5.968e-01  5.950e-01  5.935e-01  5.922e-01  5.909e-01  5.896e-01  5.883e-01  5.874e-01  5.865e-01  5.852e-01  5.848e-01  5.837e-01  5.833e-01  5.826e-01  5.820e-01  5.813e-01  5.808e-01 	
 4.847e-01  3.532e-01  4.087e-01  4.907e-01  5.638e-01  6.165e-01  6.488e-01  6.659e-01  6.734e-01  6.746e-01  6.722e-01  6.674e-01  6.623e-01  6.564e-01  6.505e-01  6.453e-01  6.398e-01  6.344e-01  6.297e-01  6.252e-01  6.211e-01  6.172e-01  6.140e-01  6.105e-01  6.077e-01  6.046e-01  6.025e-01  6.001e-01  5.977e-01  5.957e-01  5.937e-01  5.920e-01  5.904e-01  5.891e-01  5.876e-01  5.863e-01  5.854e-01  5.841e-01  5.832e-01  5.824e-01  5.815e-01  5.811e-01  5.802e-01  5.795e-01  5.791e-01  5.785e-01  5.778e-01  5.776e-01  5.769e-01  5.764e-01 	
 4.578e-01  3.662e-01  4.432e-01  5.323e-01  6.009e-01  6.424e-01  6.640e-01  6.722e-01  6.731e-01  6.697e-01  6.644e-01  6.579e-01  6.514e-01  6.452e-01  6.387e-01  6.335e-01  6.279e-01  6.232e-01  6.186e-01  6.145e-01  6.105e-01  6.073e-01  6.038e-01  6.012e-01  5.983e-01  5.962e-01  5.937e-01  5.918e-01  5.898e-01  5.883e-01  5.865e-01  5.854e-01  5.841e-01  5.830e-01  5.817e-01  5.808e-01  5.799e-01  5.791e-01  5.782e-01  5.775e-01  5.771e-01  5.767e-01  5.760e-01  5.756e-01  5.750e-01  5.748e-01  5.741e-01  5.739e-01  5.737e-01  5.732e-01 	
 4.374e-01  3.885e-01  4.835e-01  5.724e-01  6.301e-01  6.597e-01  6.711e-01  6.723e-01  6.682e-01  6.616e-01  6.548e-01  6.471e-01  6.399e-01  6.333e-01  6.275e-01  6.219e-01  6.167e-01  6.121e-01  6.080e-01  6.043e-01  6.010e-01  5.979e-01  5.953e-01  5.929e-01  5.907e-01  5.887e-01  5.867e-01  5.852e-01  5.834e-01  5.824e-01  5.810e-01  5.799e-01  5.791e-01  5.777e-01  5.769e-01  5.764e-01  5.756e-01  5.749e-01  5.745e-01  5.741e-01  5.734e-01  5.730e-01  5.728e-01  5.724e-01  5.722e-01  5.720e-01  5.718e-01  5.716e-01  5.714e-01  5.714e-01 	
 4.259e-01  4.184e-01  5.247e-01  6.068e-01  6.509e-01  6.682e-01  6.711e-01  6.668e-01  6.596e-01  6.512e-01  6.434e-01  6.353e-01  6.284e-01  6.222e-01  6.163e-01  6.111e-01  6.068e-01  6.026e-01  5.991e-01  5.958e-01  5.927e-01  5.905e-01  5.881e-01  5.859e-01  5.839e-01  5.824e-01  5.808e-01  5.795e-01  5.784e-01  5.771e-01  5.762e-01  5.753e-01  5.744e-01  5.740e-01  5.731e-01  5.727e-01  5.723e-01  5.716e-01  5.717e-01  5.710e-01  5.711e-01  5.704e-01  5.702e-01  5.703e-01  5.701e-01  5.699e-01  5.701e-01  5.699e-01  5.694e-01  5.697e-01 	
 4.267e-01  4.547e-01  5.640e-01  6.327e-01  6.629e-01  6.700e-01  6.661e-01  6.581e-01  6.488e-01  6.399e-01  6.315e-01  6.240e-01  6.173e-01  6.114e-01  6.061e-01  6.018e-01  5.976e-01  5.943e-01  5.910e-01  5.883e-01  5.859e-01  5.837e-01  5.817e-01  5.801e-01  5.786e-01  5.775e-01  5.764e-01  5.751e-01  5.742e-01  5.733e-01  5.727e-01  5.720e-01  5.716e-01  5.712e-01  5.708e-01  5.701e-01  5.702e-01  5.695e-01  5.696e-01  5.694e-01  5.690e-01  5.687e-01  5.690e-01  5.688e-01  5.686e-01  5.684e-01  5.687e-01  5.685e-01  5.687e-01  5.687e-01 	
 4.395e-01  4.945e-01  5.985e-01  6.512e-01  6.677e-01  6.662e-01  6.578e-01  6.482e-01  6.382e-01  6.287e-01  6.204e-01  6.134e-01  6.073e-01  6.021e-01  5.977e-01  5.934e-01  5.901e-01  5.873e-01  5.846e-01  5.824e-01  5.804e-01  5.784e-01  5.769e-01  5.758e-01  5.747e-01  5.733e-01  5.727e-01  5.718e-01  5.714e-01  5.705e-01  5.701e-01  5.697e-01  5.693e-01  5.691e-01  5.687e-01  5.685e-01  5.685e-01  5.683e-01  5.681e-01  5.679e-01  5.680e-01  5.678e-01  5.676e-01  5.678e-01  5.676e-01  5.679e-01  5.677e-01  5.677e-01  5.680e-01  5.682e-01 	
 4.627e-01  5.339e-01  6.256e-01  6.616e-01  6.668e-01  6.593e-01  6.478e-01  6.367e-01  6.266e-01  6.177e-01  6.105e-01  6.036e-01  5.986e-01  5.937e-01  5.898e-01  5.864e-01  5.838e-01  5.811e-01  5.793e-01  5.776e-01  5.760e-01  5.745e-01  5.734e-01  5.720e-01  5.714e-01  5.705e-01  5.701e-01  5.692e-01  5.688e-01  5.684e-01  5.685e-01  5.678e-01  5.679e-01  5.672e-01  5.672e-01  5.670e-01  5.671e-01  5.669e-01  5.671e-01  5.669e-01  5.667e-01  5.670e-01  5.668e-01  5.671e-01  5.669e-01  5.671e-01  5.674e-01  5.674e-01  5.677e-01  5.680e-01 	
 4.935e-01  5.701e-01  6.449e-01  6.652e-01  6.611e-01  6.498e-01  6.373e-01  6.261e-01  6.163e-01  6.082e-01  6.011e-01  5.956e-01  5.907e-01  5.872e-01  5.838e-01  5.807e-01  5.785e-01  5.767e-01  5.750e-01  5.734e-01  5.723e-01  5.712e-01  5.703e-01  5.697e-01  5.693e-01  5.684e-01  5.680e-01  5.676e-01  5.676e-01  5.670e-01  5.670e-01  5.668e-01  5.669e-01  5.667e-01  5.665e-01  5.665e-01  5.663e-01  5.666e-01  5.664e-01  5.662e-01  5.664e-01  5.667e-01  5.665e-01  5.668e-01  5.671e-01  5.666e-01  5.668e-01  5.671e-01  5.674e-01  5.674e-01 	
 5.280e-01  6.006e-01  6.566e-01  6.633e-01  6.531e-01  6.394e-01  6.262e-01  6.155e-01  6.062e-01  5.990e-01  5.930e-01  5.883e-01  5.843e-01  5.810e-01  5.785e-01  5.763e-01  5.746e-01  5.730e-01  5.714e-01  5.703e-01  5.697e-01  5.691e-01  5.682e-01  5.678e-01  5.674e-01  5.670e-01  5.665e-01  5.666e-01  5.664e-01  5.660e-01  5.658e-01  5.658e-01  5.661e-01  5.659e-01  5.657e-01  5.662e-01  5.660e-01  5.658e-01  5.661e-01  5.664e-01  5.659e-01  5.661e-01  5.664e-01  5.667e-01  5.665e-01  5.665e-01  5.668e-01  5.670e-01  5.673e-01  5.673e-01 	
 5.619e-01  6.239e-01  6.614e-01  6.576e-01  6.433e-01  6.285e-01  6.161e-01  6.057e-01  5.979e-01  5.913e-01  5.861e-01  5.821e-01  5.790e-01  5.766e-01  5.744e-01  5.726e-01  5.715e-01  5.702e-01  5.693e-01  5.682e-01  5.681e-01  5.672e-01  5.667e-01  5.663e-01  5.664e-01  5.660e-01  5.660e-01  5.658e-01  5.659e-01  5.657e-01  5.655e-01  5.655e-01  5.653e-01  5.656e-01  5.654e-01  5.657e-01  5.655e-01  5.657e-01  5.660e-01  5.658e-01  5.658e-01  5.661e-01  5.663e-01  5.666e-01  5.666e-01  5.669e-01  5.672e-01  5.672e-01  5.674e-01  5.677e-01 	
 5.934e-01  6.398e-01  6.608e-01  6.497e-01  6.328e-01  6.179e-01  6.064e-01  5.974e-01  5.902e-01  5.849e-01  5.808e-01  5.777e-01  5.748e-01  5.731e-01  5.713e-01  5.700e-01  5.689e-01  5.683e-01  5.676e-01  5.667e-01  5.666e-01  5.662e-01  5.658e-01  5.658e-01  5.656e-01  5.652e-01  5.650e-01  5.650e-01  5.653e-01  5.651e-01  5.652e-01  5.655e-01  5.652e-01  5.655e-01  5.653e-01  5.656e-01  5.659e-01  5.656e-01  5.656e-01  5.659e-01  5.662e-01  5.660e-01  5.660e-01  5.663e-01  5.665e-01  5.665e-01  5.668e-01  5.671e-01  5.674e-01  5.681e-01 	
 6.192e-01  6.488e-01  6.559e-01  6.392e-01  6.224e-01  6.083e-01  5.981e-01  5.898e-01  5.843e-01  5.796e-01  5.765e-01  5.740e-01  5.718e-01  5.700e-01  5.692e-01  5.681e-01  5.674e-01  5.668e-01  5.662e-01  5.658e-01  5.658e-01  5.654e-01  5.655e-01  5.648e-01  5.648e-01  5.646e-01  5.652e-01  5.650e-01  5.648e-01  5.653e-01  5.651e-01  5.654e-01  5.652e-01  5.654e-01  5.649e-01  5.652e-01  5.655e-01  5.658e-01  5.660e-01  5.656e-01  5.658e-01  5.661e-01  5.661e-01  5.664e-01  5.664e-01  5.667e-01  5.669e-01  5.669e-01  5.677e-01  5.683e-01 	
 6.403e-01  6.520e-01  6.476e-01  6.286e-01  6.121e-01  5.992e-01  5.901e-01  5.836e-01  5.787e-01  5.751e-01  5.729e-01  5.709e-01  5.692e-01  5.683e-01  5.672e-01  5.666e-01  5.660e-01  5.656e-01  5.654e-01  5.655e-01  5.650e-01  5.648e-01  5.649e-01  5.650e-01  5.648e-01  5.645e-01  5.646e-01  5.649e-01  5.647e-01  5.649e-01  5.647e-01  5.650e-01  5.653e-01  5.651e-01  5.653e-01  5.653e-01  5.656e-01  5.659e-01  5.654e-01  5.657e-01  5.660e-01  5.660e-01  5.662e-01  5.662e-01  5.665e-01  5.665e-01  5.668e-01  5.676e-01  5.678e-01  5.684e-01 	
 6.575e-01  6.509e-01  6.381e-01  6.183e-01  6.026e-01  5.912e-01  5.836e-01  5.785e-01  5.747e-01  5.716e-01  5.696e-01  5.685e-01  5.672e-01  5.666e-01  5.660e-01  5.653e-01  5.652e-01  5.648e-01  5.648e-01  5.649e-01  5.645e-01  5.643e-01  5.643e-01  5.646e-01  5.647e-01  5.645e-01  5.647e-01  5.645e-01  5.648e-01  5.646e-01  5.649e-01  5.651e-01  5.649e-01  5.652e-01  5.652e-01  5.655e-01  5.658e-01  5.658e-01  5.660e-01  5.655e-01  5.658e-01  5.658e-01  5.661e-01  5.661e-01  5.664e-01  5.669e-01  5.671e-01  5.674e-01  5.680e-01  5.690e-01 	
 6.750e-01  6.492e-01  6.299e-01  6.092e-01  5.949e-01  5.850e-01  5.785e-01  5.740e-01  5.712e-01  5.692e-01  5.676e-01  5.663e-01  5.660e-01  5.653e-01  5.652e-01  5.648e-01  5.646e-01  5.642e-01  5.643e-01  5.641e-01  5.641e-01  5.639e-01  5.640e-01  5.642e-01  5.640e-01  5.643e-01  5.641e-01  5.644e-01  5.642e-01  5.644e-01  5.647e-01  5.650e-01  5.648e-01  5.648e-01  5.650e-01  5.653e-01  5.653e-01  5.656e-01  5.656e-01  5.659e-01  5.659e-01  5.659e-01  5.662e-01  5.662e-01  5.664e-01  5.667e-01  5.670e-01  5.673e-01  5.683e-01  5.697e-01 	
 7.048e-01  6.519e-01  6.270e-01  6.061e-01  5.923e-01  5.835e-01  5.776e-01  5.738e-01  5.713e-01  5.693e-01  5.680e-01  5.671e-01  5.665e-01  5.664e-01  5.659e-01  5.658e-01  5.659e-01  5.654e-01  5.652e-01  5.653e-01  5.651e-01  5.656e-01  5.654e-01  5.652e-01  5.655e-01  5.653e-01  5.655e-01  5.658e-01  5.656e-01  5.656e-01  5.659e-01  5.662e-01  5.659e-01  5.659e-01  5.662e-01  5.662e-01  5.665e-01  5.668e-01  5.668e-01  5.671e-01  5.671e-01  5.673e-01  5.673e-01  5.676e-01  5.679e-01  5.687e-01  5.692e-01  5.703e-01  5.711e-01  5.738e-01 	
