 1.508e-03  2.958e-04  4.624e-04  7.849e-04  1.243e-03  1.819e-03  2.505e-03  3.299e-03  4.196e-03  5.197e-03  6.300e-03  7.505e-03  8.811e-03  1.022e-02  1.173e-02  1.334e-02  1.505e-02  1.687e-02  1.880e-02  2.083e-02  2.297e-02  2.523e-02  2.760e-02  3.009e-02  3.269e-02  3.542e-02  3.827e-02  4.124e-02  4.434e-02  4.756e-02  5.091e-02  5.438e-02  5.798e-02  6.169e-02  6.552e-02  6.946e-02  7.351e-02  7.766e-02  8.192e-02  8.627e-02  9.071e-02  9.523e-02  9.985e-02  1.046e-01  1.094e-01  1.143e-01  1.194e-01  1.246e-01  1.301e-01  1.360e-01 	
 4.714e-04  3.165e-05  4.860e-04  1.011e-03  1.666e-03  2.451e-03  3.366e-03  4.410e-03  5.585e-03  6.891e-03  8.326e-03  9.893e-03  1.159e-02  1.342e-02  1.538e-02  1.748e-02  1.972e-02  2.210e-02  2.462e-02  2.729e-02  3.011e-02  3.308e-02  3.621e-02  3.950e-02  4.295e-02  4.656e-02  5.033e-02  5.426e-02  5.836e-02  6.260e-02  6.700e-02  7.155e-02  7.624e-02  8.106e-02  8.600e-02  9.107e-02  9.624e-02  1.015e-01  1.069e-01  1.123e-01  1.178e-01  1.234e-01  1.290e-01  1.347e-01  1.404e-01  1.461e-01  1.518e-01  1.576e-01  1.633e-01  1.689e-01 	
 1.496e-04  5.716e-05  7.053e-04  1.414e-03  2.283e-03  3.321e-03  4.531e-03  5.912e-03  7.466e-03  9.194e-03  1.110e-02  1.317e-02  1.543e-02  1.786e-02  2.048e-02  2.328e-02  2.628e-02  2.947e-02  3.286e-02  3.646e-02  4.026e-02  4.428e-02  4.851e-02  5.295e-02  5.760e-02  6.246e-02  6.751e-02  7.276e-02  7.819e-02  8.380e-02  8.956e-02  9.548e-02  1.015e-01  1.077e-01  1.140e-01  1.204e-01  1.268e-01  1.334e-01  1.399e-01  1.466e-01  1.532e-01  1.599e-01  1.665e-01  1.731e-01  1.797e-01  1.862e-01  1.925e-01  1.987e-01  2.047e-01  2.103e-01 	
 7.451e-05  1.989e-04  1.022e-03  1.945e-03  3.086e-03  4.454e-03  6.050e-03  7.876e-03  9.932e-03  1.222e-02  1.474e-02  1.750e-02  2.049e-02  2.374e-02  2.724e-02  3.100e-02  3.502e-02  3.932e-02  4.390e-02  4.875e-02  5.389e-02  5.929e-02  6.497e-02  7.090e-02  7.708e-02  8.349e-02  9.012e-02  9.694e-02  1.039e-01  1.111e-01  1.184e-01  1.258e-01  1.333e-01  1.409e-01  1.485e-01  1.562e-01  1.639e-01  1.716e-01  1.793e-01  1.869e-01  1.945e-01  2.021e-01  2.095e-01  2.169e-01  2.241e-01  2.311e-01  2.379e-01  2.444e-01  2.505e-01  2.561e-01 	
 8.547e-05  4.013e-04  1.428e-03  2.632e-03  4.133e-03  5.938e-03  8.047e-03  1.046e-02  1.318e-02  1.621e-02  1.956e-02  2.324e-02  2.724e-02  3.160e-02  3.630e-02  4.137e-02  4.680e-02  5.260e-02  5.876e-02  6.528e-02  7.213e-02  7.931e-02  8.679e-02  9.454e-02  1.025e-01  1.108e-01  1.192e-01  1.277e-01  1.364e-01  1.451e-01  1.540e-01  1.628e-01  1.717e-01  1.805e-01  1.894e-01  1.981e-01  2.068e-01  2.154e-01  2.239e-01  2.322e-01  2.405e-01  2.486e-01  2.565e-01  2.642e-01  2.717e-01  2.789e-01  2.858e-01  2.923e-01  2.983e-01  3.036e-01 	
 1.311e-04  6.572e-04  1.950e-03  3.531e-03  5.512e-03  7.897e-03  1.069e-02  1.388e-02  1.749e-02  2.153e-02  2.600e-02  3.092e-02  3.631e-02  4.218e-02  4.853e-02  5.536e-02  6.267e-02  7.044e-02  7.863e-02  8.723e-02  9.619e-02  1.055e-01  1.150e-01  1.248e-01  1.348e-01  1.448e-01  1.550e-01  1.652e-01  1.755e-01  1.857e-01  1.958e-01  2.059e-01  2.158e-01  2.256e-01  2.352e-01  2.447e-01  2.539e-01  2.630e-01  2.719e-01  2.805e-01  2.889e-01  2.971e-01  3.050e-01  3.127e-01  3.201e-01  3.271e-01  3.337e-01  3.399e-01  3.455e-01  3.504e-01 	
 1.997e-04  9.809e-04  2.633e-03  4.716e-03  7.334e-03  1.049e-02  1.418e-02  1.843e-02  2.324e-02  2.864e-02  3.465e-02  4.129e-02  4.856e-02  5.648e-02  6.501e-02  7.415e-02  8.383e-02  9.401e-02  1.046e-01  1.156e-01  1.269e-01  1.384e-01  1.501e-01  1.619e-01  1.737e-01  1.855e-01  1.972e-01  2.088e-01  2.202e-01  2.315e-01  2.425e-01  2.533e-01  2.638e-01  2.740e-01  2.840e-01  2.936e-01  3.029e-01  3.120e-01  3.207e-01  3.291e-01  3.373e-01  3.451e-01  3.526e-01  3.597e-01  3.666e-01  3.730e-01  3.790e-01  3.846e-01  3.896e-01  3.939e-01 	
 2.939e-04  1.398e-03  3.534e-03  6.286e-03  9.748e-03  1.393e-02  1.884e-02  2.450e-02  3.095e-02  3.823e-02  4.634e-02  5.530e-02  6.508e-02  7.565e-02  8.694e-02  9.886e-02  1.113e-01  1.242e-01  1.374e-01  1.509e-01  1.645e-01  1.781e-01  1.917e-01  2.051e-01  2.184e-01  2.314e-01  2.442e-01  2.566e-01  2.687e-01  2.804e-01  2.917e-01  3.026e-01  3.131e-01  3.232e-01  3.329e-01  3.422e-01  3.511e-01  3.596e-01  3.677e-01  3.754e-01  3.828e-01  3.898e-01  3.964e-01  4.027e-01  4.087e-01  4.143e-01  4.194e-01  4.242e-01  4.284e-01  4.321e-01 	
 4.228e-04  1.944e-03  4.727e-03  8.365e-03  1.295e-02  1.850e-02  2.506e-02  3.267e-02  4.137e-02  5.119e-02  6.212e-02  7.411e-02  8.705e-02  1.008e-01  1.153e-01  1.303e-01  1.457e-01  1.613e-01  1.770e-01  1.926e-01  2.081e-01  2.234e-01  2.383e-01  2.528e-01  2.669e-01  2.806e-01  2.937e-01  3.063e-01  3.183e-01  3.298e-01  3.408e-01  3.512e-01  3.611e-01  3.705e-01  3.794e-01  3.878e-01  3.957e-01  4.032e-01  4.102e-01  4.169e-01  4.232e-01  4.291e-01  4.346e-01  4.398e-01  4.447e-01  4.492e-01  4.534e-01  4.573e-01  4.607e-01  4.637e-01 	
 5.998e-04  2.665e-03  6.310e-03  1.113e-02  1.722e-02  2.463e-02  3.344e-02  4.371e-02  5.546e-02  6.865e-02  8.317e-02  9.885e-02  1.155e-01  1.328e-01  1.506e-01  1.686e-01  1.867e-01  2.046e-01  2.222e-01  2.395e-01  2.562e-01  2.723e-01  2.878e-01  3.027e-01  3.168e-01  3.303e-01  3.430e-01  3.550e-01  3.663e-01  3.770e-01  3.869e-01  3.963e-01  4.050e-01  4.132e-01  4.208e-01  4.279e-01  4.345e-01  4.407e-01  4.464e-01  4.518e-01  4.568e-01  4.614e-01  4.658e-01  4.698e-01  4.736e-01  4.771e-01  4.804e-01  4.834e-01  4.862e-01  4.886e-01 	
 8.420e-04  3.619e-03  8.410e-03  1.480e-02  2.293e-02  3.289e-02  4.479e-02  5.865e-02  7.437e-02  9.177e-02  1.105e-01  1.303e-01  1.508e-01  1.715e-01  1.923e-01  2.128e-01  2.329e-01  2.524e-01  2.712e-01  2.891e-01  3.062e-01  3.223e-01  3.375e-01  3.518e-01  3.652e-01  3.776e-01  3.892e-01  4.000e-01  4.100e-01  4.192e-01  4.277e-01  4.355e-01  4.427e-01  4.493e-01  4.554e-01  4.610e-01  4.661e-01  4.709e-01  4.752e-01  4.793e-01  4.830e-01  4.865e-01  4.897e-01  4.928e-01  4.956e-01  4.983e-01  5.008e-01  5.032e-01  5.055e-01  5.077e-01 	
 1.172e-03  4.885e-03  1.121e-02  1.972e-02  3.063e-02  4.408e-02  6.013e-02  7.862e-02  9.922e-02  1.214e-01  1.447e-01  1.686e-01  1.925e-01  2.161e-01  2.391e-01  2.613e-01  2.824e-01  3.024e-01  3.213e-01  3.389e-01  3.553e-01  3.705e-01  3.845e-01  3.974e-01  4.092e-01  4.201e-01  4.299e-01  4.389e-01  4.470e-01  4.544e-01  4.611e-01  4.672e-01  4.727e-01  4.777e-01  4.823e-01  4.864e-01  4.902e-01  4.936e-01  4.968e-01  4.998e-01  5.025e-01  5.051e-01  5.075e-01  5.099e-01  5.121e-01  5.143e-01  5.164e-01  5.185e-01  5.205e-01  5.227e-01 	
 1.621e-03  6.570e-03  1.494e-02  2.634e-02  4.106e-02  5.921e-02  8.061e-02  1.047e-01  1.308e-01  1.579e-01  1.855e-01  2.128e-01  2.393e-01  2.647e-01  2.888e-01  3.114e-01  3.324e-01  3.518e-01  3.696e-01  3.859e-01  4.006e-01  4.140e-01  4.261e-01  4.370e-01  4.467e-01  4.554e-01  4.632e-01  4.701e-01  4.763e-01  4.818e-01  4.868e-01  4.912e-01  4.951e-01  4.987e-01  5.020e-01  5.050e-01  5.078e-01  5.103e-01  5.127e-01  5.150e-01  5.172e-01  5.193e-01  5.214e-01  5.235e-01  5.255e-01  5.275e-01  5.296e-01  5.317e-01  5.339e-01  5.361e-01 	
 2.230e-03  8.821e-03  1.996e-02  3.531e-02  5.519e-02  7.942e-02  1.072e-01  1.375e-01  1.690e-01  2.007e-01  2.316e-01  2.611e-01  2.890e-01  3.148e-01  3.386e-01  3.603e-01  3.799e-01  3.976e-01  4.134e-01  4.274e-01  4.398e-01  4.508e-01  4.604e-01  4.688e-01  4.763e-01  4.828e-01  4.884e-01  4.935e-01  4.979e-01  5.018e-01  5.053e-01  5.085e-01  5.114e-01  5.141e-01  5.166e-01  5.190e-01  5.213e-01  5.235e-01  5.256e-01  5.278e-01  5.299e-01  5.320e-01  5.342e-01  5.364e-01  5.386e-01  5.409e-01  5.432e-01  5.455e-01  5.479e-01  5.504e-01 	
 3.055e-03  1.184e-02  2.675e-02  4.748e-02  7.411e-02  1.057e-01  1.406e-01  1.770e-01  2.132e-01  2.481e-01  2.809e-01  3.112e-01  3.388e-01  3.636e-01  3.857e-01  4.052e-01  4.224e-01  4.373e-01  4.503e-01  4.615e-01  4.711e-01  4.794e-01  4.865e-01  4.927e-01  4.980e-01  5.026e-01  5.066e-01  5.102e-01  5.134e-01  5.164e-01  5.191e-01  5.216e-01  5.241e-01  5.265e-01  5.289e-01  5.312e-01  5.335e-01  5.359e-01  5.383e-01  5.407e-01  5.432e-01  5.457e-01  5.483e-01  5.509e-01  5.535e-01  5.562e-01  5.589e-01  5.617e-01  5.644e-01  5.672e-01 	
 4.173e-03  1.591e-02  3.597e-02  6.388e-02  9.889e-02  1.387e-01  1.805e-01  2.219e-01  2.614e-01  2.978e-01  3.307e-01  3.600e-01  3.857e-01  4.081e-01  4.273e-01  4.437e-01  4.575e-01  4.693e-01  4.791e-01  4.874e-01  4.944e-01  5.003e-01  5.053e-01  5.096e-01  5.134e-01  5.168e-01  5.200e-01  5.229e-01  5.256e-01  5.283e-01  5.309e-01  5.336e-01  5.362e-01  5.389e-01  5.416e-01  5.443e-01  5.472e-01  5.500e-01  5.530e-01  5.560e-01  5.590e-01  5.621e-01  5.652e-01  5.683e-01  5.715e-01  5.746e-01  5.778e-01  5.809e-01  5.839e-01  5.869e-01 	
 5.694e-03  2.144e-02  4.848e-02  8.560e-02  1.302e-01  1.781e-01  2.257e-01  2.706e-01  3.112e-01  3.471e-01  3.783e-01  4.049e-01  4.273e-01  4.459e-01  4.614e-01  4.741e-01  4.845e-01  4.930e-01  5.000e-01  5.059e-01  5.108e-01  5.151e-01  5.188e-01  5.223e-01  5.255e-01  5.285e-01  5.316e-01  5.345e-01  5.376e-01  5.406e-01  5.437e-01  5.469e-01  5.501e-01  5.535e-01  5.568e-01  5.603e-01  5.637e-01  5.673e-01  5.708e-01  5.744e-01  5.780e-01  5.816e-01  5.852e-01  5.888e-01  5.924e-01  5.959e-01  5.994e-01  6.028e-01  6.060e-01  6.091e-01 	
 7.764e-03  2.896e-02  6.530e-02  1.135e-01  1.680e-01  2.230e-01  2.744e-01  3.202e-01  3.598e-01  3.931e-01  4.207e-01  4.432e-01  4.613e-01  4.757e-01  4.872e-01  4.964e-01  5.038e-01  5.098e-01  5.148e-01  5.192e-01  5.231e-01  5.268e-01  5.303e-01  5.337e-01  5.372e-01  5.407e-01  5.442e-01  5.479e-01  5.516e-01  5.554e-01  5.593e-01  5.633e-01  5.673e-01  5.713e-01  5.754e-01  5.795e-01  5.836e-01  5.877e-01  5.917e-01  5.958e-01  5.999e-01  6.039e-01  6.078e-01  6.118e-01  6.156e-01  6.194e-01  6.230e-01  6.265e-01  6.298e-01  6.329e-01 	
 1.059e-02  3.919e-02  8.744e-02  1.479e-01  2.115e-01  2.713e-01  3.239e-01  3.682e-01  4.044e-01  4.333e-01  4.560e-01  4.735e-01  4.871e-01  4.975e-01  5.056e-01  5.121e-01  5.175e-01  5.222e-01  5.264e-01  5.305e-01  5.344e-01  5.384e-01  5.425e-01  5.467e-01  5.509e-01  5.553e-01  5.598e-01  5.644e-01  5.690e-01  5.736e-01  5.783e-01  5.830e-01  5.877e-01  5.923e-01  5.969e-01  6.015e-01  6.061e-01  6.106e-01  6.150e-01  6.193e-01  6.236e-01  6.279e-01  6.320e-01  6.361e-01  6.400e-01  6.438e-01  6.475e-01  6.510e-01  6.543e-01  6.573e-01 	
 1.444e-02  5.301e-02  1.157e-01  1.884e-01  2.589e-01  3.206e-01  3.714e-01  4.116e-01  4.425e-01  4.657e-01  4.830e-01  4.958e-01  5.054e-01  5.128e-01  5.189e-01  5.241e-01  5.288e-01  5.334e-01  5.380e-01  5.427e-01  5.475e-01  5.525e-01  5.576e-01  5.628e-01  5.681e-01  5.735e-01  5.789e-01  5.843e-01  5.896e-01  5.950e-01  6.003e-01  6.055e-01  6.106e-01  6.157e-01  6.206e-01  6.255e-01  6.302e-01  6.349e-01  6.395e-01  6.439e-01  6.483e-01  6.526e-01  6.567e-01  6.607e-01  6.647e-01  6.684e-01  6.721e-01  6.755e-01  6.787e-01  6.816e-01 	
 1.968e-02  7.139e-02  1.502e-01  2.336e-01  3.079e-01  3.680e-01  4.142e-01  4.482e-01  4.727e-01  4.901e-01  5.025e-01  5.116e-01  5.187e-01  5.246e-01  5.301e-01  5.354e-01  5.407e-01  5.463e-01  5.520e-01  5.578e-01  5.639e-01  5.700e-01  5.762e-01  5.825e-01  5.887e-01  5.948e-01  6.009e-01  6.069e-01  6.128e-01  6.186e-01  6.242e-01  6.297e-01  6.350e-01  6.402e-01  6.453e-01  6.502e-01  6.550e-01  6.597e-01  6.642e-01  6.687e-01  6.729e-01  6.771e-01  6.812e-01  6.851e-01  6.889e-01  6.925e-01  6.960e-01  6.993e-01  7.023e-01  7.051e-01 	
 2.680e-02  9.518e-02  1.905e-01  2.816e-01  3.557e-01  4.110e-01  4.501e-01  4.769e-01  4.950e-01  5.074e-01  5.164e-01  5.236e-01  5.300e-01  5.361e-01  5.423e-01  5.487e-01  5.554e-01  5.623e-01  5.694e-01  5.765e-01  5.837e-01  5.909e-01  5.980e-01  6.049e-01  6.118e-01  6.184e-01  6.249e-01  6.312e-01  6.373e-01  6.432e-01  6.490e-01  6.545e-01  6.599e-01  6.650e-01  6.700e-01  6.749e-01  6.796e-01  6.841e-01  6.885e-01  6.928e-01  6.969e-01  7.009e-01  7.048e-01  7.085e-01  7.121e-01  7.156e-01  7.189e-01  7.220e-01  7.249e-01  7.275e-01 	
 3.640e-02  1.249e-01  2.353e-01  3.298e-01  3.997e-01  4.473e-01  4.782e-01  4.980e-01  5.110e-01  5.203e-01  5.280e-01  5.351e-01  5.423e-01  5.497e-01  5.575e-01  5.655e-01  5.737e-01  5.819e-01  5.902e-01  5.983e-01  6.064e-01  6.142e-01  6.218e-01  6.291e-01  6.362e-01  6.431e-01  6.497e-01  6.560e-01  6.621e-01  6.680e-01  6.736e-01  6.791e-01  6.843e-01  6.893e-01  6.941e-01  6.988e-01  7.033e-01  7.076e-01  7.118e-01  7.159e-01  7.198e-01  7.236e-01  7.272e-01  7.308e-01  7.342e-01  7.374e-01  7.405e-01  7.434e-01  7.461e-01  7.486e-01 	
 4.925e-02  1.605e-01  2.824e-01  3.757e-01  4.377e-01  4.760e-01  4.989e-01  5.133e-01  5.234e-01  5.319e-01  5.401e-01  5.486e-01  5.575e-01  5.667e-01  5.761e-01  5.856e-01  5.951e-01  6.044e-01  6.134e-01  6.222e-01  6.306e-01  6.387e-01  6.465e-01  6.539e-01  6.610e-01  6.678e-01  6.743e-01  6.806e-01  6.865e-01  6.922e-01  6.976e-01  7.028e-01  7.078e-01  7.126e-01  7.172e-01  7.217e-01  7.259e-01  7.300e-01  7.340e-01  7.378e-01  7.415e-01  7.450e-01  7.484e-01  7.517e-01  7.549e-01  7.579e-01  7.608e-01  7.635e-01  7.661e-01  7.683e-01 	
 6.620e-02  2.011e-01  3.297e-01  4.168e-01  4.684e-01  4.973e-01  5.142e-01  5.256e-01  5.353e-01  5.449e-01  5.549e-01  5.654e-01  5.762e-01  5.871e-01  5.979e-01  6.085e-01  6.187e-01  6.285e-01  6.379e-01  6.469e-01  6.554e-01  6.635e-01  6.712e-01  6.785e-01  6.854e-01  6.920e-01  6.983e-01  7.042e-01  7.099e-01  7.153e-01  7.205e-01  7.255e-01  7.302e-01  7.347e-01  7.391e-01  7.432e-01  7.472e-01  7.511e-01  7.548e-01  7.584e-01  7.618e-01  7.651e-01  7.683e-01  7.714e-01  7.743e-01  7.771e-01  7.798e-01  7.823e-01  7.846e-01  7.868e-01 	
 8.808e-02  2.454e-01  3.747e-01  4.514e-01  4.919e-01  5.133e-01  5.268e-01  5.380e-01  5.492e-01  5.610e-01  5.732e-01  5.856e-01  5.980e-01  6.100e-01  6.217e-01  6.328e-01  6.433e-01  6.532e-01  6.626e-01  6.715e-01  6.799e-01  6.877e-01  6.952e-01  7.022e-01  7.089e-01  7.151e-01  7.211e-01  7.268e-01  7.322e-01  7.373e-01  7.422e-01  7.468e-01  7.513e-01  7.555e-01  7.596e-01  7.635e-01  7.672e-01  7.708e-01  7.743e-01  7.776e-01  7.808e-01  7.839e-01  7.868e-01  7.897e-01  7.924e-01  7.950e-01  7.974e-01  7.998e-01  8.019e-01  8.039e-01 	
 1.155e-01  2.916e-01  4.154e-01  4.792e-01  5.097e-01  5.267e-01  5.398e-01  5.527e-01  5.663e-01  5.804e-01  5.946e-01  6.084e-01  6.217e-01  6.344e-01  6.463e-01  6.575e-01  6.679e-01  6.777e-01  6.869e-01  6.955e-01  7.035e-01  7.110e-01  7.181e-01  7.248e-01  7.311e-01  7.371e-01  7.427e-01  7.480e-01  7.531e-01  7.579e-01  7.625e-01  7.668e-01  7.710e-01  7.750e-01  7.788e-01  7.824e-01  7.859e-01  7.892e-01  7.924e-01  7.955e-01  7.985e-01  8.013e-01  8.040e-01  8.066e-01  8.091e-01  8.115e-01  8.138e-01  8.159e-01  8.178e-01  8.196e-01 	
 1.486e-01  3.375e-01  4.503e-01  5.008e-01  5.244e-01  5.402e-01  5.551e-01  5.707e-01  5.867e-01  6.027e-01  6.181e-01  6.327e-01  6.464e-01  6.591e-01  6.709e-01  6.818e-01  6.920e-01  7.014e-01  7.102e-01  7.183e-01  7.260e-01  7.331e-01  7.398e-01  7.461e-01  7.521e-01  7.577e-01  7.630e-01  7.680e-01  7.727e-01  7.772e-01  7.815e-01  7.855e-01  7.894e-01  7.931e-01  7.966e-01  8.000e-01  8.032e-01  8.063e-01  8.092e-01  8.121e-01  8.148e-01  8.174e-01  8.199e-01  8.223e-01  8.245e-01  8.267e-01  8.287e-01  8.307e-01  8.325e-01  8.341e-01 	
 1.870e-01  3.816e-01  4.793e-01  5.184e-01  5.387e-01  5.559e-01  5.736e-01  5.917e-01  6.096e-01  6.267e-01  6.426e-01  6.573e-01  6.709e-01  6.833e-01  6.948e-01  7.053e-01  7.150e-01  7.239e-01  7.323e-01  7.400e-01  7.472e-01  7.539e-01  7.602e-01  7.661e-01  7.717e-01  7.769e-01  7.819e-01  7.866e-01  7.910e-01  7.952e-01  7.991e-01  8.029e-01  8.065e-01  8.099e-01  8.132e-01  8.163e-01  8.192e-01  8.220e-01  8.247e-01  8.273e-01  8.298e-01  8.322e-01  8.344e-01  8.366e-01  8.386e-01  8.406e-01  8.424e-01  8.442e-01  8.458e-01  8.473e-01 	
 2.302e-01  4.224e-01  5.035e-01  5.347e-01  5.549e-01  5.747e-01  5.951e-01  6.150e-01  6.339e-01  6.513e-01  6.671e-01  6.816e-01  6.947e-01  7.066e-01  7.176e-01  7.275e-01  7.367e-01  7.452e-01  7.530e-01  7.603e-01  7.671e-01  7.734e-01  7.793e-01  7.848e-01  7.900e-01  7.949e-01  7.995e-01  8.038e-01  8.079e-01  8.118e-01  8.155e-01  8.189e-01  8.222e-01  8.254e-01  8.284e-01  8.312e-01  8.339e-01  8.365e-01  8.389e-01  8.413e-01  8.435e-01  8.456e-01  8.476e-01  8.496e-01  8.514e-01  8.532e-01  8.548e-01  8.563e-01  8.578e-01  8.591e-01 	
 2.772e-01  4.594e-01  5.248e-01  5.519e-01  5.741e-01  5.966e-01  6.187e-01  6.395e-01  6.585e-01  6.757e-01  6.911e-01  7.050e-01  7.175e-01  7.288e-01  7.391e-01  7.486e-01  7.572e-01  7.652e-01  7.725e-01  7.793e-01  7.856e-01  7.915e-01  7.970e-01  8.022e-01  8.070e-01  8.115e-01  8.158e-01  8.198e-01  8.235e-01  8.271e-01  8.305e-01  8.337e-01  8.367e-01  8.395e-01  8.422e-01  8.448e-01  8.472e-01  8.496e-01  8.518e-01  8.539e-01  8.558e-01  8.577e-01  8.595e-01  8.612e-01  8.629e-01  8.644e-01  8.659e-01  8.672e-01  8.685e-01  8.697e-01 	
 3.272e-01  4.931e-01  5.456e-01  5.717e-01  5.962e-01  6.205e-01  6.435e-01  6.643e-01  6.829e-01  6.994e-01  7.141e-01  7.272e-01  7.391e-01  7.498e-01  7.595e-01  7.683e-01  7.764e-01  7.838e-01  7.907e-01  7.970e-01  8.029e-01  8.084e-01  8.135e-01  8.182e-01  8.227e-01  8.268e-01  8.307e-01  8.344e-01  8.379e-01  8.411e-01  8.442e-01  8.471e-01  8.498e-01  8.524e-01  8.548e-01  8.571e-01  8.593e-01  8.613e-01  8.633e-01  8.651e-01  8.669e-01  8.685e-01  8.701e-01  8.716e-01  8.730e-01  8.744e-01  8.756e-01  8.768e-01  8.779e-01  8.789e-01 	
 3.781e-01  5.237e-01  5.673e-01  5.941e-01  6.203e-01  6.455e-01  6.683e-01  6.885e-01  7.063e-01  7.220e-01  7.359e-01  7.482e-01  7.593e-01  7.694e-01  7.784e-01  7.867e-01  7.943e-01  8.012e-01  8.075e-01  8.134e-01  8.189e-01  8.239e-01  8.286e-01  8.330e-01  8.370e-01  8.408e-01  8.444e-01  8.477e-01  8.508e-01  8.538e-01  8.565e-01  8.591e-01  8.615e-01  8.638e-01  8.660e-01  8.680e-01  8.700e-01  8.718e-01  8.735e-01  8.751e-01  8.766e-01  8.780e-01  8.794e-01  8.807e-01  8.819e-01  8.830e-01  8.841e-01  8.851e-01  8.861e-01  8.870e-01 	
 4.269e-01  5.518e-01  5.904e-01  6.183e-01  6.454e-01  6.703e-01  6.924e-01  7.116e-01  7.285e-01  7.432e-01  7.563e-01  7.679e-01  7.783e-01  7.877e-01  7.961e-01  8.038e-01  8.108e-01  8.172e-01  8.231e-01  8.285e-01  8.335e-01  8.381e-01  8.424e-01  8.464e-01  8.501e-01  8.535e-01  8.567e-01  8.597e-01  8.625e-01  8.651e-01  8.676e-01  8.699e-01  8.720e-01  8.740e-01  8.759e-01  8.777e-01  8.793e-01  8.809e-01  8.824e-01  8.838e-01  8.851e-01  8.863e-01  8.874e-01  8.885e-01  8.895e-01  8.905e-01  8.914e-01  8.922e-01  8.930e-01  8.938e-01 	
 4.705e-01  5.779e-01  6.145e-01  6.431e-01  6.701e-01  6.943e-01  7.153e-01  7.334e-01  7.493e-01  7.631e-01  7.753e-01  7.862e-01  7.959e-01  8.046e-01  8.125e-01  8.196e-01  8.261e-01  8.320e-01  8.374e-01  8.423e-01  8.469e-01  8.511e-01  8.549e-01  8.585e-01  8.618e-01  8.649e-01  8.677e-01  8.704e-01  8.729e-01  8.752e-01  8.773e-01  8.793e-01  8.812e-01  8.829e-01  8.845e-01  8.861e-01  8.875e-01  8.888e-01  8.900e-01  8.912e-01  8.923e-01  8.933e-01  8.942e-01  8.951e-01  8.960e-01  8.967e-01  8.975e-01  8.982e-01  8.989e-01  8.995e-01 	
 5.068e-01  6.022e-01  6.385e-01  6.676e-01  6.939e-01  7.169e-01  7.367e-01  7.538e-01  7.687e-01  7.817e-01  7.931e-01  8.032e-01  8.122e-01  8.203e-01  8.275e-01  8.341e-01  8.400e-01  8.454e-01  8.503e-01  8.548e-01  8.589e-01  8.627e-01  8.661e-01  8.693e-01  8.722e-01  8.750e-01  8.775e-01  8.798e-01  8.819e-01  8.839e-01  8.858e-01  8.875e-01  8.891e-01  8.906e-01  8.919e-01  8.932e-01  8.944e-01  8.955e-01  8.965e-01  8.975e-01  8.984e-01  8.992e-01  9.000e-01  9.007e-01  9.013e-01  9.020e-01  9.025e-01  9.031e-01  9.037e-01  9.042e-01 	
 5.354e-01  6.250e-01  6.620e-01  6.909e-01  7.163e-01  7.381e-01  7.568e-01  7.728e-01  7.867e-01  7.988e-01  8.095e-01  8.189e-01  8.272e-01  8.346e-01  8.413e-01  8.473e-01  8.527e-01  8.575e-01  8.620e-01  8.660e-01  8.696e-01  8.730e-01  8.760e-01  8.788e-01  8.814e-01  8.837e-01  8.859e-01  8.879e-01  8.898e-01  8.915e-01  8.930e-01  8.945e-01  8.958e-01  8.970e-01  8.982e-01  8.992e-01  9.002e-01  9.011e-01  9.019e-01  9.027e-01  9.034e-01  9.041e-01  9.047e-01  9.052e-01  9.057e-01  9.062e-01  9.067e-01  9.071e-01  9.076e-01  9.081e-01 	
 5.590e-01  6.468e-01  6.845e-01  7.129e-01  7.372e-01  7.578e-01  7.754e-01  7.905e-01  8.035e-01  8.148e-01  8.246e-01  8.333e-01  8.410e-01  8.477e-01  8.538e-01  8.592e-01  8.640e-01  8.684e-01  8.723e-01  8.759e-01  8.791e-01  8.820e-01  8.847e-01  8.871e-01  8.893e-01  8.913e-01  8.932e-01  8.949e-01  8.964e-01  8.978e-01  8.991e-01  9.003e-01  9.014e-01  9.025e-01  9.034e-01  9.042e-01  9.050e-01  9.057e-01  9.064e-01  9.070e-01  9.075e-01  9.080e-01  9.085e-01  9.089e-01  9.093e-01  9.096e-01  9.100e-01  9.103e-01  9.107e-01  9.111e-01 	
 5.804e-01  6.681e-01  7.060e-01  7.336e-01  7.567e-01  7.762e-01  7.927e-01  8.068e-01  8.190e-01  8.294e-01  8.385e-01  8.465e-01  8.534e-01  8.596e-01  8.650e-01  8.698e-01  8.741e-01  8.780e-01  8.814e-01  8.845e-01  8.873e-01  8.898e-01  8.921e-01  8.942e-01  8.961e-01  8.978e-01  8.993e-01  9.007e-01  9.020e-01  9.032e-01  9.042e-01  9.052e-01  9.061e-01  9.069e-01  9.076e-01  9.083e-01  9.089e-01  9.095e-01  9.100e-01  9.104e-01  9.108e-01  9.112e-01  9.115e-01  9.118e-01  9.121e-01  9.123e-01  9.126e-01  9.128e-01  9.131e-01  9.135e-01 	
 6.007e-01  6.885e-01  7.262e-01  7.529e-01  7.749e-01  7.933e-01  8.088e-01  8.220e-01  8.332e-01  8.428e-01  8.512e-01  8.584e-01  8.647e-01  8.702e-01  8.750e-01  8.792e-01  8.830e-01  8.864e-01  8.893e-01  8.920e-01  8.944e-01  8.965e-01  8.984e-01  9.002e-01  9.017e-01  9.031e-01  9.044e-01  9.055e-01  9.066e-01  9.075e-01  9.084e-01  9.091e-01  9.098e-01  9.105e-01  9.110e-01  9.116e-01  9.120e-01  9.124e-01  9.128e-01  9.131e-01  9.134e-01  9.137e-01  9.139e-01  9.141e-01  9.143e-01  9.144e-01  9.146e-01  9.148e-01  9.150e-01  9.153e-01 	
 6.200e-01  7.076e-01  7.451e-01  7.709e-01  7.918e-01  8.091e-01  8.237e-01  8.359e-01  8.462e-01  8.550e-01  8.626e-01  8.690e-01  8.746e-01  8.795e-01  8.837e-01  8.874e-01  8.907e-01  8.936e-01  8.961e-01  8.983e-01  9.003e-01  9.021e-01  9.037e-01  9.051e-01  9.064e-01  9.075e-01  9.086e-01  9.095e-01  9.103e-01  9.111e-01  9.117e-01  9.123e-01  9.129e-01  9.133e-01  9.138e-01  9.141e-01  9.145e-01  9.148e-01  9.150e-01  9.152e-01  9.154e-01  9.156e-01  9.157e-01  9.158e-01  9.159e-01  9.160e-01  9.161e-01  9.163e-01  9.165e-01  9.167e-01 	
 6.386e-01  7.256e-01  7.626e-01  7.876e-01  8.075e-01  8.238e-01  8.374e-01  8.486e-01  8.581e-01  8.660e-01  8.727e-01  8.785e-01  8.834e-01  8.876e-01  8.913e-01  8.945e-01  8.972e-01  8.996e-01  9.018e-01  9.036e-01  9.053e-01  9.067e-01  9.080e-01  9.092e-01  9.102e-01  9.111e-01  9.119e-01  9.126e-01  9.133e-01  9.139e-01  9.144e-01  9.148e-01  9.152e-01  9.156e-01  9.159e-01  9.161e-01  9.164e-01  9.166e-01  9.167e-01  9.169e-01  9.170e-01  9.170e-01  9.171e-01  9.172e-01  9.172e-01  9.172e-01  9.173e-01  9.174e-01  9.175e-01  9.178e-01 	
 6.563e-01  7.423e-01  7.789e-01  8.031e-01  8.220e-01  8.374e-01  8.499e-01  8.602e-01  8.687e-01  8.758e-01  8.817e-01  8.868e-01  8.910e-01  8.946e-01  8.977e-01  9.004e-01  9.027e-01  9.047e-01  9.065e-01  9.080e-01  9.093e-01  9.105e-01  9.116e-01  9.125e-01  9.133e-01  9.140e-01  9.146e-01  9.151e-01  9.156e-01  9.161e-01  9.164e-01  9.168e-01  9.170e-01  9.173e-01  9.175e-01  9.177e-01  9.178e-01  9.179e-01  9.180e-01  9.181e-01  9.181e-01  9.181e-01  9.182e-01  9.182e-01  9.181e-01  9.181e-01  9.182e-01  9.182e-01  9.183e-01  9.186e-01 	
 6.727e-01  7.576e-01  7.941e-01  8.175e-01  8.355e-01  8.498e-01  8.612e-01  8.705e-01  8.781e-01  8.844e-01  8.896e-01  8.939e-01  8.975e-01  9.006e-01  9.032e-01  9.054e-01  9.073e-01  9.089e-01  9.103e-01  9.116e-01  9.126e-01  9.135e-01  9.144e-01  9.151e-01  9.157e-01  9.162e-01  9.167e-01  9.171e-01  9.174e-01  9.178e-01  9.180e-01  9.182e-01  9.184e-01  9.186e-01  9.187e-01  9.188e-01  9.189e-01  9.190e-01  9.190e-01  9.190e-01  9.190e-01  9.190e-01  9.189e-01  9.189e-01  9.188e-01  9.188e-01  9.188e-01  9.188e-01  9.189e-01  9.191e-01 	
 6.875e-01  7.717e-01  8.080e-01  8.308e-01  8.478e-01  8.610e-01  8.714e-01  8.798e-01  8.864e-01  8.919e-01  8.963e-01  9.000e-01  9.030e-01  9.055e-01  9.077e-01  9.095e-01  9.110e-01  9.123e-01  9.134e-01  9.144e-01  9.152e-01  9.159e-01  9.166e-01  9.171e-01  9.175e-01  9.179e-01  9.183e-01  9.186e-01  9.188e-01  9.190e-01  9.192e-01  9.194e-01  9.195e-01  9.196e-01  9.196e-01  9.197e-01  9.197e-01  9.197e-01  9.197e-01  9.197e-01  9.196e-01  9.196e-01  9.195e-01  9.194e-01  9.193e-01  9.193e-01  9.192e-01  9.193e-01  9.194e-01  9.196e-01 	
 7.008e-01  7.847e-01  8.210e-01  8.430e-01  8.590e-01  8.711e-01  8.805e-01  8.878e-01  8.936e-01  8.982e-01  9.020e-01  9.050e-01  9.075e-01  9.096e-01  9.113e-01  9.128e-01  9.140e-01  9.150e-01  9.159e-01  9.166e-01  9.173e-01  9.178e-01  9.183e-01  9.186e-01  9.190e-01  9.193e-01  9.195e-01  9.197e-01  9.199e-01  9.200e-01  9.201e-01  9.202e-01  9.203e-01  9.203e-01  9.203e-01  9.203e-01  9.203e-01  9.203e-01  9.202e-01  9.202e-01  9.201e-01  9.200e-01  9.199e-01  9.198e-01  9.197e-01  9.196e-01  9.196e-01  9.196e-01  9.197e-01  9.199e-01 	
 7.131e-01  7.966e-01  8.329e-01  8.542e-01  8.692e-01  8.801e-01  8.884e-01  8.948e-01  8.997e-01  9.036e-01  9.067e-01  9.092e-01  9.112e-01  9.129e-01  9.143e-01  9.154e-01  9.163e-01  9.171e-01  9.178e-01  9.183e-01  9.188e-01  9.192e-01  9.196e-01  9.198e-01  9.201e-01  9.203e-01  9.204e-01  9.206e-01  9.207e-01  9.207e-01  9.208e-01  9.208e-01  9.208e-01  9.208e-01  9.208e-01  9.208e-01  9.207e-01  9.207e-01  9.206e-01  9.205e-01  9.204e-01  9.203e-01  9.201e-01  9.200e-01  9.199e-01  9.198e-01  9.198e-01  9.198e-01  9.199e-01  9.201e-01 	
 7.245e-01  8.076e-01  8.438e-01  8.644e-01  8.782e-01  8.880e-01  8.953e-01  9.007e-01  9.049e-01  9.081e-01  9.106e-01  9.126e-01  9.142e-01  9.155e-01  9.166e-01  9.174e-01  9.181e-01  9.187e-01  9.192e-01  9.196e-01  9.200e-01  9.203e-01  9.205e-01  9.207e-01  9.208e-01  9.210e-01  9.211e-01  9.211e-01  9.212e-01  9.212e-01  9.212e-01  9.212e-01  9.212e-01  9.212e-01  9.211e-01  9.211e-01  9.210e-01  9.209e-01  9.208e-01  9.207e-01  9.206e-01  9.204e-01  9.203e-01  9.202e-01  9.200e-01  9.199e-01  9.199e-01  9.199e-01  9.201e-01  9.204e-01 	
 7.355e-01  8.176e-01  8.536e-01  8.734e-01  8.861e-01  8.949e-01  9.011e-01  9.057e-01  9.091e-01  9.117e-01  9.137e-01  9.153e-01  9.165e-01  9.175e-01  9.183e-01  9.190e-01  9.195e-01  9.199e-01  9.203e-01  9.206e-01  9.208e-01  9.210e-01  9.211e-01  9.213e-01  9.213e-01  9.214e-01  9.215e-01  9.215e-01  9.215e-01  9.215e-01  9.215e-01  9.214e-01  9.214e-01  9.213e-01  9.213e-01  9.212e-01  9.211e-01  9.210e-01  9.208e-01  9.207e-01  9.206e-01  9.204e-01  9.203e-01  9.201e-01  9.200e-01  9.199e-01  9.199e-01  9.200e-01  9.202e-01  9.207e-01 	
 7.474e-01  8.266e-01  8.620e-01  8.811e-01  8.929e-01  9.008e-01  9.062e-01  9.101e-01  9.130e-01  9.151e-01  9.167e-01  9.179e-01  9.189e-01  9.196e-01  9.202e-01  9.207e-01  9.211e-01  9.214e-01  9.216e-01  9.218e-01  9.219e-01  9.221e-01  9.221e-01  9.222e-01  9.222e-01  9.223e-01  9.223e-01  9.223e-01  9.222e-01  9.222e-01  9.222e-01  9.221e-01  9.220e-01  9.220e-01  9.219e-01  9.218e-01  9.217e-01  9.216e-01  9.214e-01  9.213e-01  9.212e-01  9.211e-01  9.210e-01  9.209e-01  9.208e-01  9.208e-01  9.209e-01  9.211e-01  9.216e-01  9.224e-01 	
