 8.386e-01  8.212e-01  8.026e-01  7.825e-01  7.607e-01  7.372e-01  7.118e-01  6.844e-01  6.552e-01  6.243e-01  5.911e-01  5.311e-01  5.082e-01  5.037e-01  4.515e-01  3.650e-01  2.821e-01  2.145e-01  1.638e-01  1.274e-01  1.008e-01  8.038e-02  6.441e-02  5.180e-02  4.171e-02  3.357e-02  2.700e-02  2.173e-02  1.747e-02  1.405e-02  1.129e-02  9.074e-03  7.291e-03  5.862e-03  4.717e-03  3.794e-03  3.057e-03  2.468e-03  1.999e-03  1.626e-03  1.331e-03  1.098e-03  9.125e-04  7.790e-04  6.765e-04  5.955e-04  5.425e-04  5.729e-04  8.313e-04  1.881e-03 	
 8.589e-01  8.428e-01  8.253e-01  8.064e-01  7.857e-01  7.629e-01  7.378e-01  7.102e-01  6.800e-01  6.478e-01  6.143e-01  5.765e-01  5.237e-01  5.184e-01  5.158e-01  4.608e-01  3.715e-01  2.860e-01  2.173e-01  1.669e-01  1.304e-01  1.033e-01  8.266e-02  6.645e-02  5.350e-02  4.314e-02  3.482e-02  2.807e-02  2.259e-02  1.820e-02  1.466e-02  1.178e-02  9.464e-03  7.604e-03  6.114e-03  4.891e-03  3.909e-03  3.124e-03  2.499e-03  1.974e-03  1.556e-03  1.223e-03  9.561e-04  7.206e-04  5.290e-04  3.677e-04  2.141e-04  5.008e-05  3.897e-05  6.859e-04 	
 8.796e-01  8.648e-01  8.489e-01  8.314e-01  8.119e-01  7.902e-01  7.654e-01  7.370e-01  7.043e-01  6.666e-01  6.236e-01  5.792e-01  5.568e-01  5.296e-01  5.282e-01  5.283e-01  4.784e-01  3.938e-01  3.061e-01  2.339e-01  1.800e-01  1.403e-01  1.109e-01  8.858e-02  7.112e-02  5.731e-02  4.626e-02  3.732e-02  3.008e-02  2.426e-02  1.956e-02  1.574e-02  1.266e-02  1.019e-02  8.200e-03  6.579e-03  5.275e-03  4.230e-03  3.393e-03  2.703e-03  2.150e-03  1.708e-03  1.353e-03  1.052e-03  8.076e-04  6.044e-04  4.182e-04  2.250e-04  1.358e-04  5.217e-04 	
 9.003e-01  8.871e-01  8.728e-01  8.570e-01  8.394e-01  8.192e-01  7.956e-01  7.674e-01  7.328e-01  6.899e-01  6.379e-01  5.806e-01  5.530e-01  5.589e-01  5.423e-01  5.365e-01  5.361e-01  4.972e-01  4.180e-01  3.291e-01  2.532e-01  1.944e-01  1.509e-01  1.190e-01  9.480e-02  7.609e-02  6.133e-02  4.948e-02  3.991e-02  3.220e-02  2.598e-02  2.093e-02  1.685e-02  1.357e-02  1.093e-02  8.784e-03  7.056e-03  5.668e-03  4.554e-03  3.644e-03  2.913e-03  2.328e-03  1.857e-03  1.467e-03  1.153e-03  8.944e-04  6.687e-04  4.517e-04  3.186e-04  5.535e-04 	
 9.205e-01  9.090e-01  8.965e-01  8.828e-01  8.674e-01  8.497e-01  8.286e-01  8.028e-01  7.696e-01  7.251e-01  6.621e-01  5.591e-01  5.289e-01  5.498e-01  5.756e-01  5.581e-01  5.466e-01  5.445e-01  5.163e-01  4.432e-01  3.540e-01  2.734e-01  2.094e-01  1.623e-01  1.276e-01  1.014e-01  8.133e-02  6.549e-02  5.281e-02  4.263e-02  3.441e-02  2.774e-02  2.236e-02  1.801e-02  1.451e-02  1.168e-02  9.387e-03  7.547e-03  6.068e-03  4.863e-03  3.896e-03  3.119e-03  2.495e-03  1.982e-03  1.569e-03  1.233e-03  9.479e-04  6.880e-04  5.091e-04  6.390e-04 	
 9.396e-01  9.297e-01  9.192e-01  9.076e-01  8.948e-01  8.801e-01  8.628e-01  8.414e-01  8.136e-01  7.746e-01  7.134e-01  5.773e-01  4.758e-01  5.118e-01  5.619e-01  5.933e-01  5.744e-01  5.551e-01  5.507e-01  5.313e-01  4.665e-01  3.792e-01  2.944e-01  2.261e-01  1.749e-01  1.369e-01  1.086e-01  8.691e-02  6.990e-02  5.638e-02  4.551e-02  3.672e-02  2.961e-02  2.387e-02  1.925e-02  1.549e-02  1.246e-02  1.003e-02  8.065e-03  6.471e-03  5.189e-03  4.159e-03  3.330e-03  2.652e-03  2.107e-03  1.665e-03  1.297e-03  9.726e-04  7.351e-04  7.724e-04 	
 9.570e-01  9.487e-01  9.398e-01  9.303e-01  9.199e-01  9.081e-01  8.944e-01  8.778e-01  8.564e-01  8.258e-01  7.744e-01  6.365e-01  4.566e-01  4.605e-01  5.275e-01  5.722e-01  6.016e-01  5.877e-01  5.615e-01  5.534e-01  5.403e-01  4.883e-01  4.048e-01  3.178e-01  2.448e-01  1.887e-01  1.470e-01  1.163e-01  9.287e-02  7.464e-02  6.018e-02  4.855e-02  3.918e-02  3.161e-02  2.549e-02  2.054e-02  1.653e-02  1.331e-02  1.071e-02  8.597e-03  6.899e-03  5.533e-03  4.433e-03  3.536e-03  2.816e-03  2.233e-03  1.752e-03  1.338e-03  1.024e-03  9.661e-04 	
 9.723e-01  9.652e-01  9.577e-01  9.497e-01  9.411e-01  9.314e-01  9.201e-01  9.063e-01  8.883e-01  8.620e-01  8.167e-01  7.080e-01  4.988e-01  4.120e-01  4.621e-01  5.421e-01  5.790e-01  6.098e-01  6.008e-01  5.707e-01  5.579e-01  5.490e-01  5.100e-01  4.315e-01  3.430e-01  2.648e-01  2.034e-01  1.582e-01  1.247e-01  9.935e-02  7.973e-02  6.422e-02  5.180e-02  4.181e-02  3.374e-02  2.720e-02  2.191e-02  1.764e-02  1.420e-02  1.141e-02  9.163e-03  7.353e-03  5.895e-03  4.708e-03  3.755e-03  2.983e-03  2.351e-03  1.817e-03  1.401e-03  1.238e-03 	
 9.851e-01  9.787e-01  9.722e-01  9.651e-01  9.575e-01  9.487e-01  9.383e-01  9.251e-01  9.072e-01  8.806e-01  8.372e-01  7.639e-01  6.129e-01  4.583e-01  4.177e-01  4.575e-01  5.454e-01  5.875e-01  6.157e-01  6.137e-01  5.826e-01  5.624e-01  5.554e-01  5.271e-01  4.566e-01  3.686e-01  2.857e-01  2.200e-01  1.706e-01  1.339e-01  1.063e-01  8.516e-02  6.853e-02  5.528e-02  4.462e-02  3.599e-02  2.901e-02  2.337e-02  1.883e-02  1.514e-02  1.216e-02  9.764e-03  7.831e-03  6.260e-03  4.998e-03  3.977e-03  3.144e-03  2.447e-03  1.898e-03  1.611e-03 	
 9.951e-01  9.893e-01  9.831e-01  9.765e-01  9.690e-01  9.604e-01  9.498e-01  9.360e-01  9.171e-01  8.899e-01  8.490e-01  7.898e-01  7.087e-01  5.861e-01  4.346e-01  3.991e-01  4.714e-01  5.467e-01  5.877e-01  6.155e-01  6.203e-01  5.930e-01  5.657e-01  5.574e-01  5.382e-01  4.801e-01  3.947e-01  3.093e-01  2.385e-01  1.841e-01  1.437e-01  1.138e-01  9.101e-02  7.317e-02  5.899e-02  4.759e-02  3.838e-02  3.094e-02  2.494e-02  2.006e-02  1.613e-02  1.295e-02  1.039e-02  8.316e-03  6.645e-03  5.294e-03  4.194e-03  3.280e-03  2.555e-03  2.117e-03 	
 9.900e-01  9.968e-01  9.907e-01  9.840e-01  9.764e-01  9.674e-01  9.562e-01  9.419e-01  9.227e-01  8.964e-01  8.599e-01  8.055e-01  7.390e-01  6.871e-01  5.522e-01  4.180e-01  4.100e-01  4.655e-01  5.451e-01  5.946e-01  6.143e-01  6.259e-01  6.040e-01  5.727e-01  5.606e-01  5.483e-01  5.036e-01  4.222e-01  3.345e-01  2.581e-01  1.984e-01  1.547e-01  1.221e-01  9.731e-02  7.813e-02  6.293e-02  5.074e-02  4.093e-02  3.300e-02  2.657e-02  2.137e-02  1.718e-02  1.379e-02  1.104e-02  8.827e-03  7.038e-03  5.584e-03  4.383e-03  3.425e-03  2.800e-03 	
 9.900e-01  9.900e-01  9.953e-01  9.883e-01  9.803e-01  9.709e-01  9.592e-01  9.446e-01  9.257e-01  9.008e-01  8.674e-01  8.210e-01  7.425e-01  7.094e-01  6.610e-01  5.499e-01  4.391e-01  4.047e-01  4.659e-01  5.327e-01  5.916e-01  6.136e-01  6.299e-01  6.160e-01  5.827e-01  5.639e-01  5.559e-01  5.219e-01  4.482e-01  3.601e-01  2.785e-01  2.147e-01  1.667e-01  1.310e-01  1.041e-01  8.341e-02  6.712e-02  5.411e-02  4.364e-02  3.516e-02  2.830e-02  2.276e-02  1.828e-02  1.464e-02  1.172e-02  9.348e-03  7.425e-03  5.843e-03  4.577e-03  3.717e-03 	
 9.900e-01  9.900e-01  9.975e-01  9.901e-01  9.816e-01  9.717e-01  9.598e-01  9.451e-01  9.268e-01  9.036e-01  8.735e-01  8.340e-01  7.646e-01  7.115e-01  7.077e-01  6.778e-01  5.712e-01  4.417e-01  4.120e-01  4.644e-01  5.245e-01  5.856e-01  6.083e-01  6.278e-01  6.231e-01  5.919e-01  5.657e-01  5.580e-01  5.347e-01  4.728e-01  3.861e-01  3.019e-01  2.327e-01  1.797e-01  1.405e-01  1.114e-01  8.908e-02  7.160e-02  5.770e-02  4.649e-02  3.744e-02  3.013e-02  2.421e-02  1.941e-02  1.554e-02  1.241e-02  9.864e-03  7.776e-03  6.106e-03  4.943e-03 	
 9.900e-01  9.900e-01  9.976e-01  9.897e-01  9.808e-01  9.705e-01  9.584e-01  9.440e-01  9.264e-01  9.049e-01  8.782e-01  8.457e-01  7.840e-01  7.176e-01  6.886e-01  7.027e-01  6.706e-01  5.751e-01  4.718e-01  4.096e-01  4.349e-01  5.064e-01  5.782e-01  6.101e-01  6.250e-01  6.290e-01  6.021e-01  5.720e-01  5.608e-01  5.462e-01  4.973e-01  4.137e-01  3.266e-01  2.517e-01  1.936e-01  1.511e-01  1.193e-01  9.517e-02  7.639e-02  6.146e-02  4.950e-02  3.985e-02  3.204e-02  2.571e-02  2.060e-02  1.646e-02  1.309e-02  1.034e-02  8.132e-03  6.580e-03 	
 9.900e-01  9.900e-01  9.960e-01  9.878e-01  9.785e-01  9.679e-01  9.558e-01  9.416e-01  9.249e-01  9.051e-01  8.815e-01  8.550e-01  8.039e-01  7.534e-01  7.150e-01  6.938e-01  7.097e-01  6.932e-01  6.165e-01  4.778e-01  4.056e-01  4.397e-01  5.033e-01  5.633e-01  6.052e-01  6.216e-01  6.336e-01  6.141e-01  5.809e-01  5.635e-01  5.550e-01  5.163e-01  4.401e-01  3.518e-01  2.715e-01  2.095e-01  1.627e-01  1.279e-01  1.017e-01  8.145e-02  6.547e-02  5.268e-02  4.238e-02  3.403e-02  2.728e-02  2.181e-02  1.736e-02  1.372e-02  1.082e-02  8.762e-03 	
 9.900e-01  9.900e-01  9.933e-01  9.846e-01  9.750e-01  9.643e-01  9.522e-01  9.384e-01  9.226e-01  9.045e-01  8.837e-01  8.620e-01  8.201e-01  7.757e-01  7.436e-01  7.051e-01  6.886e-01  7.088e-01  7.016e-01  6.272e-01  5.095e-01  4.337e-01  4.197e-01  4.852e-01  5.434e-01  5.989e-01  6.153e-01  6.315e-01  6.219e-01  5.893e-01  5.646e-01  5.573e-01  5.307e-01  4.652e-01  3.774e-01  2.945e-01  2.267e-01  1.752e-01  1.371e-01  1.087e-01  8.684e-02  6.970e-02  5.603e-02  4.499e-02  3.610e-02  2.888e-02  2.301e-02  1.821e-02  1.437e-02  1.167e-02 	
 9.900e-01  9.979e-01  9.896e-01  9.806e-01  9.708e-01  9.599e-01  9.480e-01  9.346e-01  9.198e-01  9.034e-01  8.854e-01  8.693e-01  8.349e-01  7.946e-01  7.601e-01  7.425e-01  7.145e-01  7.022e-01  7.227e-01  7.221e-01  6.575e-01  5.402e-01  4.288e-01  4.156e-01  4.627e-01  5.287e-01  5.920e-01  6.146e-01  6.284e-01  6.285e-01  5.988e-01  5.706e-01  5.603e-01  5.436e-01  4.905e-01  4.050e-01  3.185e-01  2.450e-01  1.884e-01  1.472e-01  1.162e-01  9.258e-02  7.415e-02  5.949e-02  4.773e-02  3.820e-02  3.046e-02  2.413e-02  1.908e-02  1.553e-02 	
 9.900e-01  9.939e-01  9.852e-01  9.760e-01  9.660e-01  9.552e-01  9.434e-01  9.306e-01  9.167e-01  9.018e-01  8.864e-01  8.744e-01  8.501e-01  8.129e-01  7.863e-01  7.587e-01  7.386e-01  7.141e-01  6.914e-01  7.152e-01  7.265e-01  6.748e-01  5.784e-01  4.622e-01  4.184e-01  4.592e-01  5.162e-01  5.746e-01  6.094e-01  6.244e-01  6.342e-01  6.110e-01  5.786e-01  5.630e-01  5.537e-01  5.101e-01  4.314e-01  3.428e-01  2.639e-01  2.036e-01  1.581e-01  1.242e-01  9.863e-02  7.879e-02  6.312e-02  5.051e-02  4.030e-02  3.195e-02  2.530e-02  2.065e-02 	
 9.979e-01  9.894e-01  9.805e-01  9.710e-01  9.609e-01  9.502e-01  9.387e-01  9.265e-01  9.135e-01  9.001e-01  8.869e-01  8.781e-01  8.598e-01  8.328e-01  8.020e-01  7.842e-01  7.574e-01  7.436e-01  7.264e-01  7.096e-01  7.213e-01  7.291e-01  6.933e-01  6.023e-01  4.928e-01  4.307e-01  4.214e-01  4.934e-01  5.521e-01  6.039e-01  6.179e-01  6.324e-01  6.195e-01  5.863e-01  5.636e-01  5.565e-01  5.259e-01  4.566e-01  3.677e-01  2.859e-01  2.198e-01  1.697e-01  1.327e-01  1.050e-01  8.367e-02  6.681e-02  5.328e-02  4.227e-02  3.351e-02  2.743e-02 	
 9.934e-01  9.846e-01  9.755e-01  9.659e-01  9.558e-01  9.451e-01  9.340e-01  9.224e-01  9.104e-01  8.983e-01  8.871e-01  8.809e-01  8.673e-01  8.454e-01  8.235e-01  7.974e-01  7.815e-01  7.636e-01  7.517e-01  7.372e-01  7.096e-01  7.087e-01  7.292e-01  7.133e-01  6.410e-01  5.218e-01  4.094e-01  4.205e-01  4.768e-01  5.394e-01  5.981e-01  6.159e-01  6.299e-01  6.271e-01  5.955e-01  5.696e-01  5.602e-01  5.403e-01  4.822e-01  3.947e-01  3.087e-01  2.367e-01  1.819e-01  1.419e-01  1.118e-01  8.866e-02  7.050e-02  5.589e-02  4.435e-02  3.642e-02 	
 9.887e-01  9.797e-01  9.704e-01  9.607e-01  9.507e-01  9.402e-01  9.294e-01  9.184e-01  9.073e-01  8.966e-01  8.872e-01  8.834e-01  8.745e-01  8.559e-01  8.388e-01  8.154e-01  7.951e-01  7.840e-01  7.684e-01  7.540e-01  7.419e-01  7.153e-01  7.090e-01  7.244e-01  7.192e-01  6.622e-01  5.507e-01  4.536e-01  4.228e-01  4.658e-01  5.204e-01  5.806e-01  6.115e-01  6.263e-01  6.342e-01  6.080e-01  5.770e-01  5.632e-01  5.523e-01  5.025e-01  4.204e-01  3.315e-01  2.543e-01  1.956e-01  1.516e-01  1.187e-01  9.366e-02  7.400e-02  5.868e-02  4.831e-02 	
 9.840e-01  9.748e-01  9.654e-01  9.557e-01  9.457e-01  9.355e-01  9.251e-01  9.147e-01  9.045e-01  8.950e-01  8.872e-01  8.857e-01  8.816e-01  8.675e-01  8.523e-01  8.341e-01  8.120e-01  7.974e-01  7.893e-01  7.769e-01  7.608e-01  7.469e-01  7.253e-01  7.108e-01  7.291e-01  7.342e-01  6.904e-01  5.867e-01  4.797e-01  4.246e-01  4.251e-01  4.999e-01  5.591e-01  6.069e-01  6.201e-01  6.332e-01  6.173e-01  5.843e-01  5.641e-01  5.561e-01  5.197e-01  4.451e-01  3.547e-01  2.742e-01  2.100e-01  1.616e-01  1.257e-01  9.846e-02  7.778e-02  6.411e-02 	
 9.792e-01  9.700e-01  9.605e-01  9.508e-01  9.409e-01  9.310e-01  9.210e-01  9.112e-01  9.018e-01  8.934e-01  8.870e-01  8.872e-01  8.872e-01  8.787e-01  8.660e-01  8.504e-01  8.297e-01  8.179e-01  8.058e-01  7.934e-01  7.842e-01  7.638e-01  7.521e-01  7.329e-01  7.076e-01  7.154e-01  7.337e-01  7.045e-01  6.230e-01  5.064e-01  4.033e-01  4.265e-01  4.861e-01  5.470e-01  6.027e-01  6.174e-01  6.319e-01  6.261e-01  5.931e-01  5.703e-01  5.613e-01  5.359e-01  4.699e-01  3.797e-01  2.943e-01  2.243e-01  1.715e-01  1.325e-01  1.037e-01  8.536e-02 	
 9.747e-01  9.653e-01  9.558e-01  9.462e-01  9.365e-01  9.268e-01  9.172e-01  9.080e-01  8.994e-01  8.919e-01  8.868e-01  8.883e-01  8.911e-01  8.872e-01  8.777e-01  8.628e-01  8.442e-01  8.338e-01  8.229e-01  8.150e-01  7.999e-01  7.896e-01  7.667e-01  7.581e-01  7.397e-01  7.160e-01  7.147e-01  7.255e-01  7.088e-01  6.463e-01  5.274e-01  4.470e-01  4.217e-01  4.679e-01  5.232e-01  5.867e-01  6.147e-01  6.297e-01  6.350e-01  6.063e-01  5.777e-01  5.659e-01  5.498e-01  4.907e-01  4.034e-01  3.137e-01  2.385e-01  1.816e-01  1.401e-01  1.146e-01 	
 9.703e-01  9.609e-01  9.514e-01  9.418e-01  9.323e-01  9.230e-01  9.138e-01  9.051e-01  8.972e-01  8.906e-01  8.865e-01  8.890e-01  8.939e-01  8.924e-01  8.849e-01  8.725e-01  8.569e-01  8.475e-01  8.388e-01  8.282e-01  8.187e-01  8.040e-01  7.954e-01  7.776e-01  7.613e-01  7.466e-01  7.214e-01  7.087e-01  7.278e-01  7.319e-01  6.847e-01  5.750e-01  4.635e-01  4.167e-01  4.334e-01  5.093e-01  5.685e-01  6.111e-01  6.248e-01  6.359e-01  6.168e-01  5.850e-01  5.688e-01  5.565e-01  5.090e-01  4.253e-01  3.325e-01  2.531e-01  1.928e-01  1.561e-01 	
 9.661e-01  9.567e-01  9.472e-01  9.378e-01  9.285e-01  9.194e-01  9.107e-01  9.025e-01  8.952e-01  8.894e-01  8.862e-01  8.894e-01  8.957e-01  8.970e-01  8.916e-01  8.805e-01  8.681e-01  8.605e-01  8.535e-01  8.416e-01  8.326e-01  8.213e-01  8.041e-01  7.967e-01  7.824e-01  7.629e-01  7.545e-01  7.295e-01  7.075e-01  7.215e-01  7.367e-01  6.992e-01  6.068e-01  4.929e-01  4.047e-01  4.356e-01  4.960e-01  5.567e-01  6.094e-01  6.228e-01  6.372e-01  6.273e-01  5.944e-01  5.758e-01  5.646e-01  5.265e-01  4.463e-01  3.513e-01  2.691e-01  2.162e-01 	
 9.622e-01  9.528e-01  9.434e-01  9.342e-01  9.251e-01  9.163e-01  9.079e-01  9.002e-01  8.935e-01  8.884e-01  8.859e-01  8.897e-01  8.969e-01  9.003e-01  8.976e-01  8.908e-01  8.812e-01  8.742e-01  8.666e-01  8.558e-01  8.477e-01  8.361e-01  8.243e-01  8.106e-01  7.973e-01  7.871e-01  7.667e-01  7.587e-01  7.374e-01  7.164e-01  7.192e-01  7.315e-01  7.053e-01  6.333e-01  5.131e-01  4.422e-01  4.197e-01  4.723e-01  5.311e-01  5.978e-01  6.233e-01  6.383e-01  6.387e-01  6.086e-01  5.846e-01  5.731e-01  5.420e-01  4.642e-01  3.713e-01  3.013e-01 	
 9.587e-01  9.493e-01  9.400e-01  9.308e-01  9.220e-01  9.135e-01  9.055e-01  8.982e-01  8.921e-01  8.875e-01  8.857e-01  8.898e-01  8.976e-01  9.025e-01  9.022e-01  8.977e-01  8.898e-01  8.838e-01  8.764e-01  8.687e-01  8.621e-01  8.509e-01  8.419e-01  8.273e-01  8.171e-01  8.035e-01  7.944e-01  7.744e-01  7.590e-01  7.436e-01  7.158e-01  7.054e-01  7.256e-01  7.261e-01  6.758e-01  5.636e-01  4.447e-01  4.120e-01  4.525e-01  5.273e-01  5.860e-01  6.216e-01  6.376e-01  6.442e-01  6.213e-01  5.934e-01  5.803e-01  5.521e-01  4.840e-01  4.095e-01 	
 9.554e-01  9.460e-01  9.368e-01  9.278e-01  9.192e-01  9.109e-01  9.033e-01  8.965e-01  8.908e-01  8.868e-01  8.854e-01  8.898e-01  8.981e-01  9.042e-01  9.057e-01  9.031e-01  8.976e-01  8.926e-01  8.870e-01  8.813e-01  8.744e-01  8.640e-01  8.558e-01  8.440e-01  8.338e-01  8.227e-01  8.058e-01  7.971e-01  7.796e-01  7.608e-01  7.517e-01  7.240e-01  7.077e-01  7.229e-01  7.322e-01  6.913e-01  5.907e-01  4.790e-01  4.131e-01  4.503e-01  5.137e-01  5.776e-01  6.250e-01  6.390e-01  6.508e-01  6.345e-01  6.047e-01  5.907e-01  5.680e-01  5.192e-01 	
 9.524e-01  9.431e-01  9.340e-01  9.252e-01  9.167e-01  9.087e-01  9.014e-01  8.949e-01  8.897e-01  8.861e-01  8.852e-01  8.899e-01  8.984e-01  9.051e-01  9.079e-01  9.070e-01  9.034e-01  8.998e-01  8.957e-01  8.909e-01  8.837e-01  8.752e-01  8.679e-01  8.580e-01  8.473e-01  8.356e-01  8.256e-01  8.087e-01  7.963e-01  7.836e-01  7.642e-01  7.531e-01  7.310e-01  7.123e-01  7.216e-01  7.346e-01  7.022e-01  6.174e-01  4.992e-01  4.362e-01  4.304e-01  4.953e-01  5.600e-01  6.229e-01  6.453e-01  6.592e-01  6.503e-01  6.219e-01  6.064e-01  5.908e-01 	
 9.498e-01  9.405e-01  9.315e-01  9.228e-01  9.145e-01  9.068e-01  8.997e-01  8.936e-01  8.887e-01  8.856e-01  8.850e-01  8.898e-01  8.986e-01  9.056e-01  9.094e-01  9.101e-01  9.083e-01  9.058e-01  9.031e-01  8.991e-01  8.930e-01  8.868e-01  8.800e-01  8.697e-01  8.602e-01  8.495e-01  8.388e-01  8.242e-01  8.122e-01  7.988e-01  7.904e-01  7.692e-01  7.523e-01  7.374e-01  7.086e-01  7.022e-01  7.216e-01  7.112e-01  6.523e-01  5.428e-01  4.316e-01  4.256e-01  4.932e-01  5.637e-01  6.223e-01  6.500e-01  6.677e-01  6.642e-01  6.395e-01  6.219e-01 	
 9.475e-01  9.382e-01  9.293e-01  9.207e-01  9.126e-01  9.051e-01  8.983e-01  8.924e-01  8.879e-01  8.851e-01  8.848e-01  8.898e-01  8.986e-01  9.059e-01  9.104e-01  9.120e-01  9.114e-01  9.103e-01  9.085e-01  9.052e-01  9.007e-01  8.956e-01  8.888e-01  8.805e-01  8.730e-01  8.629e-01  8.524e-01  8.416e-01  8.290e-01  8.182e-01  8.019e-01  7.929e-01  7.730e-01  7.562e-01  7.460e-01  7.168e-01  7.070e-01  7.163e-01  7.136e-01  6.668e-01  5.564e-01  4.588e-01  4.304e-01  4.762e-01  5.563e-01  6.262e-01  6.635e-01  6.801e-01  6.814e-01  6.613e-01 	
 9.455e-01  9.363e-01  9.274e-01  9.189e-01  9.110e-01  9.036e-01  8.970e-01  8.915e-01  8.872e-01  8.846e-01  8.847e-01  8.898e-01  8.986e-01  9.061e-01  9.108e-01  9.132e-01  9.137e-01  9.134e-01  9.123e-01  9.104e-01  9.072e-01  9.037e-01  8.985e-01  8.921e-01  8.845e-01  8.749e-01  8.661e-01  8.563e-01  8.441e-01  8.324e-01  8.227e-01  8.062e-01  7.945e-01  7.796e-01  7.583e-01  7.468e-01  7.250e-01  7.066e-01  7.195e-01  7.324e-01  6.926e-01  5.929e-01  4.735e-01  4.260e-01  4.834e-01  5.654e-01  6.356e-01  6.796e-01  6.993e-01  7.054e-01 	
 9.438e-01  9.346e-01  9.258e-01  9.174e-01  9.096e-01  9.024e-01  8.960e-01  8.906e-01  8.866e-01  8.843e-01  8.845e-01  8.897e-01  8.986e-01  9.061e-01  9.111e-01  9.139e-01  9.152e-01  9.156e-01  9.152e-01  9.140e-01  9.121e-01  9.093e-01  9.046e-01  8.989e-01  8.926e-01  8.857e-01  8.788e-01  8.691e-01  8.582e-01  8.470e-01  8.359e-01  8.221e-01  8.075e-01  7.944e-01  7.853e-01  7.620e-01  7.488e-01  7.331e-01  7.022e-01  7.096e-01  7.295e-01  7.062e-01  6.109e-01  5.042e-01  4.517e-01  4.857e-01  5.794e-01  6.486e-01  7.001e-01  7.186e-01 	
 9.425e-01  9.333e-01  9.245e-01  9.162e-01  9.084e-01  9.014e-01  8.951e-01  8.899e-01  8.860e-01  8.839e-01  8.843e-01  8.896e-01  8.985e-01  9.061e-01  9.112e-01  9.143e-01  9.161e-01  9.171e-01  9.172e-01  9.167e-01  9.154e-01  9.135e-01  9.102e-01  9.062e-01  9.018e-01  8.962e-01  8.889e-01  8.797e-01  8.715e-01  8.619e-01  8.495e-01  8.387e-01  8.246e-01  8.124e-01  7.951e-01  7.880e-01  7.671e-01  7.552e-01  7.424e-01  7.160e-01  7.144e-01  7.291e-01  7.104e-01  6.282e-01  5.171e-01  4.525e-01  5.093e-01  5.976e-01  6.779e-01  7.216e-01 	
 9.414e-01  9.323e-01  9.235e-01  9.152e-01  9.075e-01  9.005e-01  8.944e-01  8.893e-01  8.856e-01  8.836e-01  8.842e-01  8.896e-01  8.985e-01  9.061e-01  9.112e-01  9.144e-01  9.166e-01  9.179e-01  9.186e-01  9.185e-01  9.178e-01  9.166e-01  9.147e-01  9.117e-01  9.083e-01  9.032e-01  8.969e-01  8.904e-01  8.834e-01  8.735e-01  8.631e-01  8.537e-01  8.412e-01  8.286e-01  8.190e-01  8.027e-01  7.906e-01  7.738e-01  7.570e-01  7.439e-01  7.209e-01  7.054e-01  7.207e-01  7.090e-01  6.358e-01  5.355e-01  4.851e-01  5.304e-01  6.263e-01  6.978e-01 	
 9.408e-01  9.316e-01  9.228e-01  9.145e-01  9.069e-01  8.999e-01  8.939e-01  8.889e-01  8.853e-01  8.834e-01  8.841e-01  8.895e-01  8.984e-01  9.061e-01  9.112e-01  9.145e-01  9.168e-01  9.183e-01  9.193e-01  9.197e-01  9.196e-01  9.189e-01  9.177e-01  9.159e-01  9.130e-01  9.090e-01  9.038e-01  8.986e-01  8.918e-01  8.835e-01  8.761e-01  8.667e-01  8.554e-01  8.443e-01  8.335e-01  8.204e-01  8.047e-01  7.929e-01  7.821e-01  7.573e-01  7.477e-01  7.272e-01  7.060e-01  7.171e-01  7.040e-01  6.468e-01  5.545e-01  4.954e-01  5.636e-01  6.567e-01 	
 9.405e-01  9.312e-01  9.224e-01  9.141e-01  9.064e-01  8.995e-01  8.935e-01  8.885e-01  8.850e-01  8.832e-01  8.839e-01  8.894e-01  8.984e-01  9.060e-01  9.111e-01  9.145e-01  9.169e-01  9.185e-01  9.196e-01  9.203e-01  9.206e-01  9.204e-01  9.198e-01  9.186e-01  9.168e-01  9.139e-01  9.102e-01  9.064e-01  9.011e-01  8.945e-01  8.869e-01  8.770e-01  8.677e-01  8.583e-01  8.459e-01  8.349e-01  8.210e-01  8.061e-01  7.885e-01  7.821e-01  7.625e-01  7.520e-01  7.317e-01  7.146e-01  7.224e-01  7.227e-01  6.561e-01  5.489e-01  5.360e-01  6.051e-01 	
 9.405e-01  9.312e-01  9.223e-01  9.140e-01  9.063e-01  8.993e-01  8.933e-01  8.883e-01  8.848e-01  8.831e-01  8.838e-01  8.893e-01  8.983e-01  9.060e-01  9.111e-01  9.145e-01  9.169e-01  9.186e-01  9.198e-01  9.206e-01  9.211e-01  9.213e-01  9.211e-01  9.205e-01  9.194e-01  9.175e-01  9.148e-01  9.117e-01  9.073e-01  9.013e-01  8.943e-01  8.871e-01  8.798e-01  8.700e-01  8.581e-01  8.491e-01  8.360e-01  8.215e-01  8.113e-01  7.938e-01  7.853e-01  7.664e-01  7.514e-01  7.407e-01  7.218e-01  7.258e-01  7.166e-01  6.509e-01  5.750e-01  5.696e-01 	
 9.410e-01  9.316e-01  9.226e-01  9.142e-01  9.064e-01  8.993e-01  8.932e-01  8.883e-01  8.847e-01  8.829e-01  8.837e-01  8.892e-01  8.982e-01  9.059e-01  9.111e-01  9.145e-01  9.169e-01  9.186e-01  9.199e-01  9.208e-01  9.214e-01  9.217e-01  9.218e-01  9.216e-01  9.209e-01  9.198e-01  9.180e-01  9.156e-01  9.123e-01  9.077e-01  9.027e-01  8.968e-01  8.893e-01  8.801e-01  8.715e-01  8.617e-01  8.495e-01  8.384e-01  8.253e-01  8.137e-01  8.000e-01  7.893e-01  7.708e-01  7.555e-01  7.463e-01  7.253e-01  7.291e-01  7.283e-01  6.648e-01  5.857e-01 	
 9.419e-01  9.323e-01  9.233e-01  9.147e-01  9.068e-01  8.996e-01  8.934e-01  8.883e-01  8.847e-01  8.829e-01  8.836e-01  8.891e-01  8.982e-01  9.058e-01  9.110e-01  9.144e-01  9.169e-01  9.186e-01  9.199e-01  9.208e-01  9.215e-01  9.219e-01  9.222e-01  9.222e-01  9.219e-01  9.213e-01  9.201e-01  9.185e-01  9.163e-01  9.131e-01  9.093e-01  9.047e-01  8.985e-01  8.916e-01  8.840e-01  8.735e-01  8.622e-01  8.526e-01  8.381e-01  8.285e-01  8.164e-01  8.020e-01  7.917e-01  7.763e-01  7.618e-01  7.518e-01  7.391e-01  7.452e-01  7.361e-01  6.785e-01 	
 9.433e-01  9.336e-01  9.243e-01  9.156e-01  9.075e-01  9.002e-01  8.938e-01  8.886e-01  8.848e-01  8.829e-01  8.836e-01  8.890e-01  8.981e-01  9.058e-01  9.109e-01  9.144e-01  9.168e-01  9.186e-01  9.198e-01  9.208e-01  9.215e-01  9.220e-01  9.224e-01  9.226e-01  9.225e-01  9.222e-01  9.216e-01  9.206e-01  9.191e-01  9.171e-01  9.140e-01  9.104e-01  9.051e-01  8.986e-01  8.913e-01  8.832e-01  8.753e-01  8.656e-01  8.522e-01  8.428e-01  8.302e-01  8.188e-01  8.067e-01  7.921e-01  7.823e-01  7.679e-01  7.645e-01  7.506e-01  7.626e-01  7.546e-01 	
 9.452e-01  9.353e-01  9.259e-01  9.170e-01  9.086e-01  9.011e-01  8.945e-01  8.890e-01  8.850e-01  8.829e-01  8.835e-01  8.890e-01  8.980e-01  9.057e-01  9.109e-01  9.143e-01  9.168e-01  9.185e-01  9.198e-01  9.208e-01  9.215e-01  9.220e-01  9.224e-01  9.227e-01  9.228e-01  9.228e-01  9.225e-01  9.220e-01  9.211e-01  9.197e-01  9.176e-01  9.146e-01  9.108e-01  9.059e-01  9.008e-01  8.945e-01  8.867e-01  8.766e-01  8.656e-01  8.576e-01  8.445e-01  8.346e-01  8.197e-01  8.095e-01  7.967e-01  7.887e-01  7.733e-01  7.719e-01  7.685e-01  7.808e-01 	
 9.477e-01  9.376e-01  9.280e-01  9.189e-01  9.103e-01  9.024e-01  8.955e-01  8.897e-01  8.854e-01  8.831e-01  8.835e-01  8.889e-01  8.979e-01  9.056e-01  9.108e-01  9.142e-01  9.167e-01  9.185e-01  9.198e-01  9.207e-01  9.215e-01  9.220e-01  9.224e-01  9.227e-01  9.229e-01  9.230e-01  9.229e-01  9.227e-01  9.222e-01  9.213e-01  9.200e-01  9.179e-01  9.152e-01  9.117e-01  9.078e-01  9.021e-01  8.948e-01  8.867e-01  8.790e-01  8.697e-01  8.576e-01  8.487e-01  8.359e-01  8.241e-01  8.122e-01  7.999e-01  7.945e-01  7.808e-01  7.796e-01  7.762e-01 	
 9.508e-01  9.406e-01  9.308e-01  9.214e-01  9.125e-01  9.043e-01  8.970e-01  8.908e-01  8.861e-01  8.834e-01  8.835e-01  8.888e-01  8.978e-01  9.055e-01  9.107e-01  9.142e-01  9.166e-01  9.184e-01  9.197e-01  9.207e-01  9.214e-01  9.220e-01  9.224e-01  9.227e-01  9.230e-01  9.231e-01  9.231e-01  9.231e-01  9.228e-01  9.224e-01  9.215e-01  9.202e-01  9.183e-01  9.160e-01  9.126e-01  9.082e-01  9.022e-01  8.958e-01  8.886e-01  8.794e-01  8.700e-01  8.619e-01  8.500e-01  8.380e-01  8.266e-01  8.163e-01  8.041e-01  7.991e-01  7.891e-01  7.857e-01 	
 9.547e-01  9.444e-01  9.343e-01  9.247e-01  9.155e-01  9.069e-01  8.991e-01  8.924e-01  8.871e-01  8.839e-01  8.835e-01  8.887e-01  8.977e-01  9.054e-01  9.107e-01  9.141e-01  9.166e-01  9.184e-01  9.197e-01  9.206e-01  9.214e-01  9.219e-01  9.224e-01  9.227e-01  9.229e-01  9.231e-01  9.232e-01  9.233e-01  9.232e-01  9.229e-01  9.225e-01  9.218e-01  9.206e-01  9.189e-01  9.166e-01  9.132e-01  9.088e-01  9.039e-01  8.983e-01  8.909e-01  8.827e-01  8.736e-01  8.613e-01  8.513e-01  8.422e-01  8.311e-01  8.247e-01  8.154e-01  8.068e-01  8.028e-01 	
 9.595e-01  9.490e-01  9.388e-01  9.289e-01  9.194e-01  9.104e-01  9.021e-01  8.947e-01  8.887e-01  8.846e-01  8.837e-01  8.885e-01  8.975e-01  9.053e-01  9.106e-01  9.140e-01  9.165e-01  9.183e-01  9.196e-01  9.206e-01  9.213e-01  9.219e-01  9.223e-01  9.226e-01  9.229e-01  9.231e-01  9.232e-01  9.233e-01  9.233e-01  9.232e-01  9.231e-01  9.227e-01  9.220e-01  9.211e-01  9.195e-01  9.171e-01  9.139e-01  9.100e-01  9.052e-01  8.982e-01  8.907e-01  8.820e-01  8.727e-01  8.652e-01  8.572e-01  8.445e-01  8.380e-01  8.307e-01  8.257e-01  8.137e-01 	
 9.651e-01  9.546e-01  9.443e-01  9.342e-01  9.244e-01  9.151e-01  9.062e-01  8.982e-01  8.912e-01  8.861e-01  8.840e-01  8.884e-01  8.973e-01  9.051e-01  9.104e-01  9.139e-01  9.164e-01  9.181e-01  9.195e-01  9.204e-01  9.212e-01  9.218e-01  9.222e-01  9.225e-01  9.228e-01  9.230e-01  9.231e-01  9.232e-01  9.233e-01  9.233e-01  9.233e-01  9.231e-01  9.228e-01  9.222e-01  9.212e-01  9.197e-01  9.174e-01  9.144e-01  9.108e-01  9.056e-01  9.001e-01  8.940e-01  8.867e-01  8.788e-01  8.693e-01  8.567e-01  8.489e-01  8.454e-01  8.377e-01  8.364e-01 	
 9.717e-01  9.612e-01  9.509e-01  9.407e-01  9.308e-01  9.213e-01  9.121e-01  9.035e-01  8.956e-01  8.891e-01  8.851e-01  8.885e-01  8.971e-01  9.049e-01  9.102e-01  9.137e-01  9.162e-01  9.180e-01  9.193e-01  9.203e-01  9.211e-01  9.217e-01  9.221e-01  9.224e-01  9.227e-01  9.229e-01  9.231e-01  9.232e-01  9.232e-01  9.233e-01  9.233e-01  9.233e-01  9.232e-01  9.229e-01  9.224e-01  9.214e-01  9.199e-01  9.178e-01  9.151e-01  9.116e-01  9.071e-01  9.015e-01  8.943e-01  8.866e-01  8.777e-01  8.677e-01  8.610e-01  8.594e-01  8.553e-01  8.457e-01 	
 9.793e-01  9.689e-01  9.586e-01  9.485e-01  9.387e-01  9.292e-01  9.200e-01  9.112e-01  9.031e-01  8.957e-01  8.896e-01  8.913e-01  8.988e-01  9.058e-01  9.108e-01  9.143e-01  9.168e-01  9.186e-01  9.199e-01  9.209e-01  9.217e-01  9.223e-01  9.228e-01  9.231e-01  9.234e-01  9.236e-01  9.238e-01  9.239e-01  9.240e-01  9.241e-01  9.241e-01  9.242e-01  9.242e-01  9.241e-01  9.238e-01  9.233e-01  9.224e-01  9.210e-01  9.189e-01  9.163e-01  9.128e-01  9.082e-01  9.025e-01  8.970e-01  8.891e-01  8.810e-01  8.751e-01  8.717e-01  8.696e-01  8.640e-01 	
