 2.581e-05  1.127e-04  2.685e-04  4.712e-04  7.047e-04  9.596e-04  1.232e-03  1.519e-03  1.823e-03  2.143e-03  2.480e-03  2.836e-03  3.212e-03  3.609e-03  4.029e-03  4.472e-03  4.941e-03  5.436e-03  5.958e-03  6.509e-03  7.089e-03  7.700e-03  8.343e-03  9.019e-03  9.728e-03  1.047e-02  1.125e-02  1.207e-02  1.292e-02  1.382e-02  1.475e-02  1.573e-02  1.674e-02  1.780e-02  1.890e-02  2.005e-02  2.124e-02  2.248e-02  2.376e-02  2.509e-02  2.647e-02  2.790e-02  2.937e-02  3.088e-02  3.243e-02  3.400e-02  3.559e-02  3.717e-02  3.871e-02  4.017e-02 	
 2.816e-05  1.289e-04  3.109e-04  5.478e-04  8.212e-04  1.121e-03  1.443e-03  1.787e-03  2.153e-03  2.542e-03  2.957e-03  3.399e-03  3.870e-03  4.372e-03  4.907e-03  5.476e-03  6.082e-03  6.725e-03  7.408e-03  8.133e-03  8.900e-03  9.712e-03  1.057e-02  1.147e-02  1.243e-02  1.343e-02  1.449e-02  1.560e-02  1.676e-02  1.799e-02  1.926e-02  2.060e-02  2.200e-02  2.346e-02  2.499e-02  2.658e-02  2.824e-02  2.996e-02  3.176e-02  3.363e-02  3.556e-02  3.757e-02  3.965e-02  4.179e-02  4.399e-02  4.623e-02  4.849e-02  5.074e-02  5.294e-02  5.501e-02 	
 3.186e-05  1.482e-04  3.591e-04  6.340e-04  9.532e-04  1.307e-03  1.691e-03  2.105e-03  2.552e-03  3.034e-03  3.553e-03  4.112e-03  4.713e-03  5.360e-03  6.054e-03  6.799e-03  7.596e-03  8.449e-03  9.359e-03  1.033e-02  1.136e-02  1.246e-02  1.362e-02  1.485e-02  1.615e-02  1.753e-02  1.898e-02  2.051e-02  2.211e-02  2.380e-02  2.557e-02  2.743e-02  2.938e-02  3.142e-02  3.355e-02  3.577e-02  3.809e-02  4.051e-02  4.303e-02  4.566e-02  4.838e-02  5.121e-02  5.414e-02  5.716e-02  6.026e-02  6.343e-02  6.662e-02  6.980e-02  7.290e-02  7.583e-02 	
 3.649e-05  1.707e-04  4.146e-04  7.338e-04  1.108e-03  1.528e-03  1.990e-03  2.496e-03  3.049e-03  3.653e-03  4.311e-03  5.027e-03  5.805e-03  6.649e-03  7.562e-03  8.547e-03  9.609e-03  1.075e-02  1.197e-02  1.329e-02  1.469e-02  1.618e-02  1.777e-02  1.946e-02  2.125e-02  2.314e-02  2.515e-02  2.727e-02  2.950e-02  3.185e-02  3.432e-02  3.692e-02  3.964e-02  4.250e-02  4.549e-02  4.861e-02  5.188e-02  5.528e-02  5.884e-02  6.254e-02  6.639e-02  7.039e-02  7.454e-02  7.881e-02  8.320e-02  8.768e-02  9.220e-02  9.669e-02  1.011e-01  1.051e-01 	
 4.196e-05  1.968e-04  4.790e-04  8.510e-04  1.293e-03  1.795e-03  2.358e-03  2.983e-03  3.677e-03  4.443e-03  5.289e-03  6.218e-03  7.236e-03  8.349e-03  9.561e-03  1.088e-02  1.231e-02  1.385e-02  1.551e-02  1.730e-02  1.921e-02  2.126e-02  2.345e-02  2.578e-02  2.826e-02  3.089e-02  3.368e-02  3.664e-02  3.975e-02  4.304e-02  4.651e-02  5.015e-02  5.398e-02  5.800e-02  6.220e-02  6.661e-02  7.122e-02  7.603e-02  8.106e-02  8.629e-02  9.174e-02  9.741e-02  1.033e-01  1.093e-01  1.155e-01  1.219e-01  1.283e-01  1.346e-01  1.407e-01  1.464e-01 	
 4.833e-05  2.271e-04  5.540e-04  9.896e-04  1.515e-03  2.122e-03  2.815e-03  3.598e-03  4.477e-03  5.462e-03  6.560e-03  7.779e-03  9.126e-03  1.061e-02  1.223e-02  1.401e-02  1.595e-02  1.805e-02  2.032e-02  2.277e-02  2.541e-02  2.824e-02  3.127e-02  3.451e-02  3.796e-02  4.163e-02  4.553e-02  4.966e-02  5.403e-02  5.865e-02  6.352e-02  6.865e-02  7.404e-02  7.970e-02  8.564e-02  9.186e-02  9.836e-02  1.052e-01  1.123e-01  1.197e-01  1.274e-01  1.354e-01  1.437e-01  1.522e-01  1.610e-01  1.699e-01  1.788e-01  1.877e-01  1.962e-01  2.040e-01 	
 5.571e-05  2.621e-04  6.420e-04  1.155e-03  1.784e-03  2.527e-03  3.389e-03  4.379e-03  5.508e-03  6.788e-03  8.228e-03  9.842e-03  1.164e-02  1.363e-02  1.583e-02  1.824e-02  2.088e-02  2.376e-02  2.688e-02  3.027e-02  3.392e-02  3.784e-02  4.206e-02  4.657e-02  5.139e-02  5.653e-02  6.199e-02  6.779e-02  7.393e-02  8.042e-02  8.727e-02  9.449e-02  1.021e-01  1.101e-01  1.184e-01  1.272e-01  1.363e-01  1.459e-01  1.559e-01  1.663e-01  1.771e-01  1.884e-01  2.000e-01  2.119e-01  2.242e-01  2.366e-01  2.490e-01  2.612e-01  2.729e-01  2.836e-01 	
 6.426e-05  3.029e-04  7.457e-04  1.354e-03  2.115e-03  3.033e-03  4.117e-03  5.383e-03  6.846e-03  8.522e-03  1.043e-02  1.258e-02  1.500e-02  1.769e-02  2.068e-02  2.397e-02  2.759e-02  3.155e-02  3.587e-02  4.055e-02  4.562e-02  5.108e-02  5.696e-02  6.326e-02  7.000e-02  7.719e-02  8.484e-02  9.297e-02  1.016e-01  1.107e-01  1.203e-01  1.304e-01  1.411e-01  1.523e-01  1.640e-01  1.763e-01  1.891e-01  2.024e-01  2.164e-01  2.309e-01  2.459e-01  2.614e-01  2.775e-01  2.940e-01  3.108e-01  3.277e-01  3.446e-01  3.611e-01  3.768e-01  3.909e-01 	
 7.420e-05  3.506e-04  8.689e-04  1.595e-03  2.525e-03  3.669e-03  5.046e-03  6.678e-03  8.590e-03  1.080e-02  1.334e-02  1.623e-02  1.949e-02  2.315e-02  2.723e-02  3.174e-02  3.672e-02  4.218e-02  4.815e-02  5.464e-02  6.168e-02  6.929e-02  7.747e-02  8.626e-02  9.567e-02  1.057e-01  1.164e-01  1.278e-01  1.398e-01  1.525e-01  1.659e-01  1.800e-01  1.948e-01  2.104e-01  2.266e-01  2.436e-01  2.613e-01  2.796e-01  2.987e-01  3.185e-01  3.390e-01  3.600e-01  3.817e-01  4.038e-01  4.262e-01  4.487e-01  4.710e-01  4.926e-01  5.128e-01  5.308e-01 	
 8.580e-05  4.066e-04  1.016e-03  1.890e-03  3.035e-03  4.474e-03  6.238e-03  8.358e-03  1.087e-02  1.381e-02  1.721e-02  2.110e-02  2.552e-02  3.050e-02  3.607e-02  4.226e-02  4.911e-02  5.665e-02  6.490e-02  7.389e-02  8.365e-02  9.421e-02  1.056e-01  1.178e-01  1.309e-01  1.448e-01  1.596e-01  1.754e-01  1.920e-01  2.096e-01  2.281e-01  2.475e-01  2.678e-01  2.890e-01  3.111e-01  3.340e-01  3.579e-01  3.825e-01  4.080e-01  4.342e-01  4.612e-01  4.888e-01  5.169e-01  5.454e-01  5.742e-01  6.028e-01  6.309e-01  6.578e-01  6.828e-01  7.046e-01 	
 9.944e-05  4.729e-04  1.195e-03  2.253e-03  3.675e-03  5.500e-03  7.772e-03  1.054e-02  1.386e-02  1.777e-02  2.233e-02  2.758e-02  3.357e-02  4.035e-02  4.797e-02  5.646e-02  6.587e-02  7.624e-02  8.760e-02  1.000e-01  1.135e-01  1.280e-01  1.437e-01  1.606e-01  1.785e-01  1.977e-01  2.180e-01  2.395e-01  2.622e-01  2.860e-01  3.110e-01  3.371e-01  3.642e-01  3.924e-01  4.216e-01  4.517e-01  4.828e-01  5.146e-01  5.473e-01  5.806e-01  6.146e-01  6.490e-01  6.838e-01  7.188e-01  7.537e-01  7.880e-01  8.214e-01  8.531e-01  8.822e-01  9.072e-01 	
 1.156e-04  5.524e-04  1.412e-03  2.706e-03  4.484e-03  6.811e-03  9.753e-03  1.338e-02  1.777e-02  2.299e-02  2.911e-02  3.619e-02  4.431e-02  5.352e-02  6.390e-02  7.549e-02  8.836e-02  1.026e-01  1.181e-01  1.351e-01  1.535e-01  1.734e-01  1.948e-01  2.177e-01  2.421e-01  2.679e-01  2.953e-01  3.240e-01  3.541e-01  3.856e-01  4.183e-01  4.523e-01  4.873e-01  5.234e-01  5.604e-01  5.982e-01  6.368e-01  6.760e-01  7.157e-01  7.558e-01  7.962e-01  8.367e-01  8.772e-01  9.174e-01  9.570e-01  9.956e-01  1.033e+00  1.068e+00  1.099e+00  1.126e+00 	
 1.351e-04  6.490e-04  1.681e-03  3.273e-03  5.512e-03  8.493e-03  1.232e-02  1.708e-02  2.289e-02  2.985e-02  3.804e-02  4.758e-02  5.854e-02  7.101e-02  8.508e-02  1.008e-01  1.183e-01  1.376e-01  1.587e-01  1.816e-01  2.065e-01  2.333e-01  2.619e-01  2.924e-01  3.247e-01  3.587e-01  3.944e-01  4.317e-01  4.704e-01  5.104e-01  5.516e-01  5.939e-01  6.371e-01  6.810e-01  7.255e-01  7.705e-01  8.158e-01  8.612e-01  9.066e-01  9.519e-01  9.969e-01  1.041e+00  1.085e+00  1.128e+00  1.170e+00  1.211e+00  1.249e+00  1.285e+00  1.318e+00  1.345e+00 	
 1.590e-04  7.681e-04  2.018e-03  3.993e-03  6.827e-03  1.066e-02  1.564e-02  2.190e-02  2.959e-02  3.885e-02  4.980e-02  6.258e-02  7.731e-02  9.410e-02  1.130e-01  1.342e-01  1.577e-01  1.835e-01  2.117e-01  2.423e-01  2.752e-01  3.105e-01  3.479e-01  3.874e-01  4.289e-01  4.721e-01  5.170e-01  5.634e-01  6.110e-01  6.596e-01  7.090e-01  7.590e-01  8.093e-01  8.599e-01  9.104e-01  9.607e-01  1.011e+00  1.060e+00  1.109e+00  1.156e+00  1.203e+00  1.249e+00  1.294e+00  1.337e+00  1.379e+00  1.418e+00  1.456e+00  1.490e+00  1.521e+00  1.548e+00 	
 1.888e-04  9.182e-04  2.446e-03  4.916e-03  8.527e-03  1.348e-02  1.997e-02  2.820e-02  3.837e-02  5.067e-02  6.526e-02  8.232e-02  1.020e-01  1.244e-01  1.497e-01  1.779e-01  2.090e-01  2.431e-01  2.801e-01  3.199e-01  3.624e-01  4.074e-01  4.547e-01  5.041e-01  5.553e-01  6.081e-01  6.621e-01  7.171e-01  7.727e-01  8.287e-01  8.848e-01  9.406e-01  9.961e-01  1.051e+00  1.105e+00  1.158e+00  1.209e+00  1.260e+00  1.309e+00  1.356e+00  1.402e+00  1.447e+00  1.489e+00  1.530e+00  1.569e+00  1.605e+00  1.640e+00  1.671e+00  1.700e+00  1.725e+00 	
 2.269e-04  1.111e-03  3.002e-03  6.120e-03  1.075e-02  1.717e-02  2.566e-02  3.650e-02  4.995e-02  6.625e-02  8.563e-02  1.083e-01  1.344e-01  1.641e-01  1.974e-01  2.344e-01  2.749e-01  3.190e-01  3.663e-01  4.167e-01  4.699e-01  5.255e-01  5.831e-01  6.424e-01  7.030e-01  7.644e-01  8.263e-01  8.883e-01  9.499e-01  1.011e+00  1.071e+00  1.130e+00  1.188e+00  1.244e+00  1.298e+00  1.351e+00  1.402e+00  1.450e+00  1.497e+00  1.541e+00  1.584e+00  1.624e+00  1.663e+00  1.699e+00  1.734e+00  1.766e+00  1.796e+00  1.824e+00  1.849e+00  1.871e+00 	
 2.768e-04  1.366e-03  3.738e-03  7.717e-03  1.370e-02  2.209e-02  3.325e-02  4.755e-02  6.535e-02  8.695e-02  1.126e-01  1.426e-01  1.770e-01  2.159e-01  2.592e-01  3.069e-01  3.586e-01  4.141e-01  4.730e-01  5.348e-01  5.990e-01  6.650e-01  7.324e-01  8.005e-01  8.689e-01  9.370e-01  1.004e+00  1.071e+00  1.136e+00  1.199e+00  1.260e+00  1.319e+00  1.376e+00  1.431e+00  1.483e+00  1.532e+00  1.579e+00  1.624e+00  1.666e+00  1.705e+00  1.743e+00  1.778e+00  1.811e+00  1.842e+00  1.871e+00  1.898e+00  1.923e+00  1.946e+00  1.968e+00  1.986e+00 	
 3.436e-04  1.709e-03  4.731e-03  9.877e-03  1.770e-02  2.873e-02  4.349e-02  6.246e-02  8.609e-02  1.147e-01  1.487e-01  1.881e-01  2.330e-01  2.833e-01  3.388e-01  3.989e-01  4.633e-01  5.313e-01  6.022e-01  6.753e-01  7.499e-01  8.252e-01  9.005e-01  9.752e-01  1.049e+00  1.121e+00  1.191e+00  1.258e+00  1.323e+00  1.385e+00  1.445e+00  1.501e+00  1.554e+00  1.604e+00  1.651e+00  1.695e+00  1.737e+00  1.776e+00  1.812e+00  1.845e+00  1.877e+00  1.906e+00  1.933e+00  1.958e+00  1.982e+00  2.003e+00  2.023e+00  2.042e+00  2.059e+00  2.075e+00 	
 4.352e-04  2.180e-03  6.097e-03  1.285e-02  2.320e-02  3.787e-02  5.756e-02  8.288e-02  1.143e-01  1.524e-01  1.971e-01  2.486e-01  3.066e-01  3.706e-01  4.401e-01  5.143e-01  5.921e-01  6.727e-01  7.551e-01  8.382e-01  9.213e-01  1.003e+00  1.084e+00  1.162e+00  1.237e+00  1.310e+00  1.379e+00  1.444e+00  1.506e+00  1.563e+00  1.618e+00  1.668e+00  1.715e+00  1.759e+00  1.800e+00  1.837e+00  1.872e+00  1.904e+00  1.934e+00  1.961e+00  1.986e+00  2.009e+00  2.030e+00  2.049e+00  2.067e+00  2.084e+00  2.099e+00  2.113e+00  2.127e+00  2.140e+00 	
 5.627e-04  2.838e-03  8.010e-03  1.701e-02  3.089e-02  5.063e-02  7.713e-02  1.111e-01  1.532e-01  2.036e-01  2.622e-01  3.287e-01  4.024e-01  4.823e-01  5.672e-01  6.558e-01  7.468e-01  8.389e-01  9.307e-01  1.021e+00  1.110e+00  1.195e+00  1.277e+00  1.354e+00  1.427e+00  1.496e+00  1.560e+00  1.620e+00  1.675e+00  1.726e+00  1.773e+00  1.817e+00  1.856e+00  1.892e+00  1.925e+00  1.956e+00  1.983e+00  2.008e+00  2.031e+00  2.052e+00  2.071e+00  2.088e+00  2.103e+00  2.118e+00  2.131e+00  2.143e+00  2.154e+00  2.164e+00  2.175e+00  2.184e+00 	
 7.432e-04  3.773e-03  1.073e-02  2.292e-02  4.179e-02  6.867e-02  1.046e-01  1.505e-01  2.068e-01  2.732e-01  3.492e-01  4.337e-01  5.253e-01  6.223e-01  7.227e-01  8.248e-01  9.269e-01  1.027e+00  1.125e+00  1.219e+00  1.308e+00  1.392e+00  1.470e+00  1.543e+00  1.610e+00  1.672e+00  1.728e+00  1.779e+00  1.826e+00  1.869e+00  1.907e+00  1.942e+00  1.973e+00  2.001e+00  2.027e+00  2.050e+00  2.070e+00  2.089e+00  2.105e+00  2.120e+00  2.134e+00  2.146e+00  2.156e+00  2.166e+00  2.175e+00  2.183e+00  2.191e+00  2.198e+00  2.206e+00  2.213e+00 	
 1.003e-03  5.120e-03  1.464e-02  3.142e-02  5.745e-02  9.441e-02  1.436e-01  2.056e-01  2.804e-01  3.670e-01  4.638e-01  5.686e-01  6.790e-01  7.925e-01  9.065e-01  1.019e+00  1.128e+00  1.232e+00  1.330e+00  1.421e+00  1.506e+00  1.583e+00  1.654e+00  1.718e+00  1.775e+00  1.827e+00  1.874e+00  1.915e+00  1.953e+00  1.986e+00  2.015e+00  2.041e+00  2.065e+00  2.085e+00  2.104e+00  2.120e+00  2.134e+00  2.147e+00  2.158e+00  2.168e+00  2.177e+00  2.185e+00  2.192e+00  2.198e+00  2.203e+00  2.209e+00  2.213e+00  2.218e+00  2.223e+00  2.229e+00 	
 1.382e-03  7.089e-03  2.036e-02  4.382e-02  8.015e-02  1.314e-01  1.988e-01  2.822e-01  3.804e-01  4.910e-01  6.109e-01  7.366e-01  8.644e-01  9.910e-01  1.114e+00  1.231e+00  1.340e+00  1.441e+00  1.533e+00  1.617e+00  1.691e+00  1.758e+00  1.818e+00  1.870e+00  1.916e+00  1.957e+00  1.993e+00  2.024e+00  2.052e+00  2.076e+00  2.097e+00  2.116e+00  2.132e+00  2.146e+00  2.158e+00  2.169e+00  2.178e+00  2.186e+00  2.193e+00  2.199e+00  2.204e+00  2.209e+00  2.212e+00  2.216e+00  2.219e+00  2.222e+00  2.224e+00  2.227e+00  2.231e+00  2.235e+00 	
 1.946e-03  1.001e-02  2.884e-02  6.212e-02  1.134e-01  1.847e-01  2.766e-01  3.874e-01  5.136e-01  6.507e-01  7.936e-01  9.372e-01  1.077e+00  1.211e+00  1.335e+00  1.448e+00  1.550e+00  1.641e+00  1.722e+00  1.793e+00  1.854e+00  1.908e+00  1.954e+00  1.994e+00  2.029e+00  2.058e+00  2.084e+00  2.106e+00  2.125e+00  2.141e+00  2.155e+00  2.167e+00  2.177e+00  2.186e+00  2.193e+00  2.200e+00  2.205e+00  2.209e+00  2.213e+00  2.216e+00  2.219e+00  2.221e+00  2.222e+00  2.223e+00  2.225e+00  2.226e+00  2.227e+00  2.229e+00  2.231e+00  2.234e+00 	
 2.800e-03  1.444e-02  4.160e-02  8.943e-02  1.622e-01  2.613e-01  3.851e-01  5.288e-01  6.856e-01  8.481e-01  1.009e+00  1.164e+00  1.307e+00  1.438e+00  1.554e+00  1.655e+00  1.744e+00  1.820e+00  1.885e+00  1.940e+00  1.987e+00  2.026e+00  2.060e+00  2.088e+00  2.112e+00  2.131e+00  2.148e+00  2.162e+00  2.174e+00  2.184e+00  2.192e+00  2.199e+00  2.205e+00  2.209e+00  2.213e+00  2.216e+00  2.218e+00  2.220e+00  2.222e+00  2.222e+00  2.223e+00  2.223e+00  2.223e+00  2.223e+00  2.223e+00  2.223e+00  2.223e+00  2.224e+00  2.225e+00  2.227e+00 	
 4.121e-03  2.124e-02  6.109e-02  1.306e-01  2.339e-01  3.701e-01  5.328e-01  7.122e-01  8.974e-01  1.079e+00  1.249e+00  1.402e+00  1.538e+00  1.655e+00  1.754e+00  1.838e+00  1.908e+00  1.966e+00  2.014e+00  2.054e+00  2.086e+00  2.113e+00  2.135e+00  2.153e+00  2.168e+00  2.180e+00  2.190e+00  2.198e+00  2.204e+00  2.209e+00  2.213e+00  2.216e+00  2.219e+00  2.220e+00  2.222e+00  2.222e+00  2.222e+00  2.222e+00  2.222e+00  2.221e+00  2.221e+00  2.220e+00  2.219e+00  2.218e+00  2.217e+00  2.216e+00  2.215e+00  2.215e+00  2.216e+00  2.217e+00 	
 6.206e-03  3.190e-02  9.118e-02  1.925e-01  3.381e-01  5.205e-01  7.258e-01  9.378e-01  1.142e+00  1.329e+00  1.493e+00  1.633e+00  1.750e+00  1.845e+00  1.923e+00  1.986e+00  2.036e+00  2.076e+00  2.109e+00  2.134e+00  2.155e+00  2.171e+00  2.184e+00  2.194e+00  2.202e+00  2.208e+00  2.213e+00  2.216e+00  2.219e+00  2.221e+00  2.222e+00  2.222e+00  2.222e+00  2.222e+00  2.221e+00  2.220e+00  2.219e+00  2.218e+00  2.216e+00  2.215e+00  2.213e+00  2.212e+00  2.210e+00  2.208e+00  2.207e+00  2.205e+00  2.204e+00  2.204e+00  2.204e+00  2.205e+00 	
 9.559e-03  4.882e-02  1.379e-01  2.851e-01  4.853e-01  7.196e-01  9.634e-01  1.195e+00  1.402e+00  1.577e+00  1.721e+00  1.836e+00  1.926e+00  1.997e+00  2.052e+00  2.094e+00  2.127e+00  2.152e+00  2.171e+00  2.186e+00  2.197e+00  2.206e+00  2.212e+00  2.216e+00  2.219e+00  2.221e+00  2.222e+00  2.223e+00  2.223e+00  2.222e+00  2.221e+00  2.220e+00  2.218e+00  2.217e+00  2.215e+00  2.213e+00  2.211e+00  2.209e+00  2.207e+00  2.205e+00  2.203e+00  2.201e+00  2.199e+00  2.197e+00  2.195e+00  2.193e+00  2.192e+00  2.191e+00  2.191e+00  2.192e+00 	
 1.505e-02  7.591e-02  2.099e-01  4.196e-01  6.837e-01  9.656e-01  1.232e+00  1.463e+00  1.651e+00  1.798e+00  1.911e+00  1.996e+00  2.059e+00  2.106e+00  2.141e+00  2.166e+00  2.185e+00  2.198e+00  2.208e+00  2.215e+00  2.219e+00  2.222e+00  2.224e+00  2.224e+00  2.224e+00  2.223e+00  2.222e+00  2.220e+00  2.219e+00  2.217e+00  2.214e+00  2.212e+00  2.210e+00  2.207e+00  2.205e+00  2.203e+00  2.200e+00  2.198e+00  2.195e+00  2.193e+00  2.191e+00  2.188e+00  2.186e+00  2.184e+00  2.182e+00  2.180e+00  2.179e+00  2.178e+00  2.178e+00  2.178e+00 	
 2.414e-02  1.192e-01  3.183e-01  6.058e-01  9.318e-01  1.243e+00  1.505e+00  1.711e+00  1.864e+00  1.974e+00  2.053e+00  2.109e+00  2.148e+00  2.176e+00  2.195e+00  2.208e+00  2.216e+00  2.222e+00  2.225e+00  2.226e+00  2.226e+00  2.226e+00  2.224e+00  2.222e+00  2.220e+00  2.218e+00  2.215e+00  2.212e+00  2.210e+00  2.207e+00  2.204e+00  2.201e+00  2.198e+00  2.196e+00  2.193e+00  2.190e+00  2.188e+00  2.185e+00  2.183e+00  2.180e+00  2.178e+00  2.175e+00  2.173e+00  2.171e+00  2.169e+00  2.167e+00  2.166e+00  2.165e+00  2.164e+00  2.164e+00 	
 3.932e-02  1.876e-01  4.746e-01  8.448e-01  1.213e+00  1.521e+00  1.751e+00  1.914e+00  2.025e+00  2.099e+00  2.148e+00  2.180e+00  2.201e+00  2.215e+00  2.223e+00  2.227e+00  2.229e+00  2.229e+00  2.228e+00  2.226e+00  2.224e+00  2.221e+00  2.218e+00  2.215e+00  2.211e+00  2.208e+00  2.205e+00  2.201e+00  2.198e+00  2.195e+00  2.192e+00  2.189e+00  2.186e+00  2.183e+00  2.180e+00  2.177e+00  2.174e+00  2.172e+00  2.169e+00  2.167e+00  2.165e+00  2.162e+00  2.160e+00  2.158e+00  2.156e+00  2.154e+00  2.153e+00  2.152e+00  2.151e+00  2.151e+00 	
 6.463e-02  2.920e-01  6.849e-01  1.123e+00  1.496e+00  1.767e+00  1.947e+00  2.061e+00  2.133e+00  2.177e+00  2.203e+00  2.219e+00  2.227e+00  2.231e+00  2.232e+00  2.231e+00  2.229e+00  2.226e+00  2.223e+00  2.219e+00  2.215e+00  2.211e+00  2.207e+00  2.203e+00  2.199e+00  2.195e+00  2.192e+00  2.188e+00  2.185e+00  2.182e+00  2.178e+00  2.175e+00  2.172e+00  2.169e+00  2.167e+00  2.164e+00  2.161e+00  2.159e+00  2.156e+00  2.154e+00  2.152e+00  2.150e+00  2.147e+00  2.145e+00  2.144e+00  2.142e+00  2.141e+00  2.139e+00  2.139e+00  2.139e+00 	
 1.064e-01  4.436e-01  9.428e-01  1.409e+00  1.746e+00  1.959e+00  2.084e+00  2.156e+00  2.196e+00  2.218e+00  2.229e+00  2.234e+00  2.235e+00  2.233e+00  2.230e+00  2.226e+00  2.221e+00  2.217e+00  2.212e+00  2.207e+00  2.203e+00  2.198e+00  2.194e+00  2.190e+00  2.186e+00  2.182e+00  2.178e+00  2.175e+00  2.171e+00  2.168e+00  2.165e+00  2.162e+00  2.159e+00  2.156e+00  2.153e+00  2.151e+00  2.148e+00  2.146e+00  2.144e+00  2.141e+00  2.139e+00  2.137e+00  2.135e+00  2.133e+00  2.132e+00  2.130e+00  2.129e+00  2.128e+00  2.127e+00  2.127e+00 	
 1.738e-01  6.476e-01  1.225e+00  1.670e+00  1.942e+00  2.091e+00  2.169e+00  2.209e+00  2.228e+00  2.236e+00  2.237e+00  2.235e+00  2.231e+00  2.226e+00  2.221e+00  2.215e+00  2.210e+00  2.204e+00  2.199e+00  2.194e+00  2.189e+00  2.185e+00  2.180e+00  2.176e+00  2.172e+00  2.168e+00  2.165e+00  2.161e+00  2.158e+00  2.155e+00  2.152e+00  2.149e+00  2.146e+00  2.143e+00  2.141e+00  2.138e+00  2.136e+00  2.134e+00  2.132e+00  2.130e+00  2.128e+00  2.126e+00  2.124e+00  2.122e+00  2.121e+00  2.119e+00  2.118e+00  2.117e+00  2.116e+00  2.116e+00 	
 2.783e-01  8.973e-01  1.499e+00  1.879e+00  2.077e+00  2.172e+00  2.215e+00  2.233e+00  2.238e+00  2.237e+00  2.233e+00  2.228e+00  2.221e+00  2.215e+00  2.209e+00  2.202e+00  2.196e+00  2.191e+00  2.185e+00  2.180e+00  2.175e+00  2.171e+00  2.166e+00  2.162e+00  2.159e+00  2.155e+00  2.151e+00  2.148e+00  2.145e+00  2.142e+00  2.139e+00  2.137e+00  2.134e+00  2.132e+00  2.129e+00  2.127e+00  2.125e+00  2.123e+00  2.121e+00  2.119e+00  2.117e+00  2.115e+00  2.113e+00  2.112e+00  2.110e+00  2.109e+00  2.108e+00  2.107e+00  2.106e+00  2.106e+00 	
 4.316e-01  1.171e+00  1.735e+00  2.029e+00  2.160e+00  2.215e+00  2.235e+00  2.239e+00  2.236e+00  2.231e+00  2.223e+00  2.216e+00  2.209e+00  2.201e+00  2.195e+00  2.188e+00  2.182e+00  2.176e+00  2.171e+00  2.166e+00  2.162e+00  2.157e+00  2.153e+00  2.149e+00  2.146e+00  2.142e+00  2.139e+00  2.136e+00  2.133e+00  2.130e+00  2.128e+00  2.125e+00  2.123e+00  2.120e+00  2.118e+00  2.116e+00  2.114e+00  2.112e+00  2.110e+00  2.109e+00  2.107e+00  2.105e+00  2.104e+00  2.102e+00  2.101e+00  2.100e+00  2.099e+00  2.098e+00  2.097e+00  2.097e+00 	
 6.388e-01  1.438e+00  1.916e+00  2.126e+00  2.206e+00  2.233e+00  2.238e+00  2.234e+00  2.227e+00  2.219e+00  2.210e+00  2.202e+00  2.194e+00  2.187e+00  2.180e+00  2.174e+00  2.168e+00  2.163e+00  2.158e+00  2.153e+00  2.148e+00  2.144e+00  2.140e+00  2.137e+00  2.133e+00  2.130e+00  2.127e+00  2.124e+00  2.122e+00  2.119e+00  2.117e+00  2.114e+00  2.112e+00  2.110e+00  2.108e+00  2.106e+00  2.104e+00  2.103e+00  2.101e+00  2.099e+00  2.098e+00  2.096e+00  2.095e+00  2.093e+00  2.092e+00  2.091e+00  2.090e+00  2.089e+00  2.088e+00  2.088e+00 	
 8.926e-01  1.673e+00  2.043e+00  2.182e+00  2.226e+00  2.236e+00  2.232e+00  2.224e+00  2.215e+00  2.205e+00  2.196e+00  2.188e+00  2.180e+00  2.173e+00  2.166e+00  2.160e+00  2.154e+00  2.149e+00  2.145e+00  2.140e+00  2.136e+00  2.132e+00  2.129e+00  2.125e+00  2.122e+00  2.119e+00  2.116e+00  2.114e+00  2.111e+00  2.109e+00  2.107e+00  2.105e+00  2.103e+00  2.101e+00  2.099e+00  2.097e+00  2.095e+00  2.094e+00  2.092e+00  2.091e+00  2.089e+00  2.088e+00  2.087e+00  2.085e+00  2.084e+00  2.083e+00  2.082e+00  2.081e+00  2.081e+00  2.080e+00 	
 1.169e+00  1.860e+00  2.124e+00  2.211e+00  2.231e+00  2.230e+00  2.222e+00  2.211e+00  2.201e+00  2.191e+00  2.182e+00  2.173e+00  2.166e+00  2.159e+00  2.153e+00  2.147e+00  2.142e+00  2.137e+00  2.132e+00  2.128e+00  2.125e+00  2.121e+00  2.118e+00  2.115e+00  2.112e+00  2.109e+00  2.106e+00  2.104e+00  2.102e+00  2.100e+00  2.097e+00  2.096e+00  2.094e+00  2.092e+00  2.090e+00  2.089e+00  2.087e+00  2.086e+00  2.084e+00  2.083e+00  2.081e+00  2.080e+00  2.079e+00  2.078e+00  2.077e+00  2.076e+00  2.075e+00  2.074e+00  2.073e+00  2.073e+00 	
 1.437e+00  1.997e+00  2.172e+00  2.222e+00  2.227e+00  2.220e+00  2.209e+00  2.197e+00  2.186e+00  2.176e+00  2.168e+00  2.160e+00  2.152e+00  2.146e+00  2.140e+00  2.135e+00  2.130e+00  2.125e+00  2.121e+00  2.117e+00  2.114e+00  2.111e+00  2.108e+00  2.105e+00  2.102e+00  2.100e+00  2.097e+00  2.095e+00  2.093e+00  2.091e+00  2.089e+00  2.087e+00  2.085e+00  2.084e+00  2.082e+00  2.081e+00  2.079e+00  2.078e+00  2.077e+00  2.076e+00  2.074e+00  2.073e+00  2.072e+00  2.071e+00  2.070e+00  2.069e+00  2.068e+00  2.068e+00  2.067e+00  2.066e+00 	
 1.669e+00  2.092e+00  2.198e+00  2.222e+00  2.218e+00  2.207e+00  2.195e+00  2.183e+00  2.172e+00  2.163e+00  2.154e+00  2.147e+00  2.140e+00  2.134e+00  2.128e+00  2.123e+00  2.119e+00  2.115e+00  2.111e+00  2.107e+00  2.104e+00  2.101e+00  2.098e+00  2.096e+00  2.093e+00  2.091e+00  2.089e+00  2.087e+00  2.085e+00  2.083e+00  2.081e+00  2.080e+00  2.078e+00  2.077e+00  2.075e+00  2.074e+00  2.072e+00  2.071e+00  2.070e+00  2.069e+00  2.068e+00  2.067e+00  2.066e+00  2.065e+00  2.064e+00  2.063e+00  2.062e+00  2.062e+00  2.061e+00  2.060e+00 	
 1.851e+00  2.154e+00  2.208e+00  2.216e+00  2.207e+00  2.193e+00  2.181e+00  2.169e+00  2.158e+00  2.149e+00  2.141e+00  2.134e+00  2.128e+00  2.122e+00  2.117e+00  2.113e+00  2.109e+00  2.105e+00  2.101e+00  2.098e+00  2.095e+00  2.092e+00  2.090e+00  2.087e+00  2.085e+00  2.083e+00  2.081e+00  2.079e+00  2.077e+00  2.076e+00  2.074e+00  2.073e+00  2.071e+00  2.070e+00  2.069e+00  2.067e+00  2.066e+00  2.065e+00  2.064e+00  2.063e+00  2.062e+00  2.061e+00  2.060e+00  2.059e+00  2.058e+00  2.058e+00  2.057e+00  2.056e+00  2.055e+00  2.055e+00 	
 1.983e+00  2.191e+00  2.210e+00  2.207e+00  2.194e+00  2.180e+00  2.167e+00  2.156e+00  2.146e+00  2.137e+00  2.130e+00  2.123e+00  2.117e+00  2.112e+00  2.107e+00  2.103e+00  2.099e+00  2.096e+00  2.093e+00  2.090e+00  2.087e+00  2.084e+00  2.082e+00  2.080e+00  2.078e+00  2.076e+00  2.074e+00  2.072e+00  2.071e+00  2.069e+00  2.068e+00  2.066e+00  2.065e+00  2.064e+00  2.063e+00  2.061e+00  2.060e+00  2.059e+00  2.058e+00  2.057e+00  2.057e+00  2.056e+00  2.055e+00  2.054e+00  2.053e+00  2.053e+00  2.052e+00  2.051e+00  2.050e+00  2.050e+00 	
 2.075e+00  2.212e+00  2.206e+00  2.196e+00  2.181e+00  2.167e+00  2.154e+00  2.143e+00  2.134e+00  2.126e+00  2.119e+00  2.113e+00  2.107e+00  2.102e+00  2.098e+00  2.094e+00  2.091e+00  2.087e+00  2.085e+00  2.082e+00  2.079e+00  2.077e+00  2.075e+00  2.073e+00  2.071e+00  2.069e+00  2.067e+00  2.066e+00  2.064e+00  2.063e+00  2.062e+00  2.060e+00  2.059e+00  2.058e+00  2.057e+00  2.056e+00  2.055e+00  2.054e+00  2.053e+00  2.052e+00  2.052e+00  2.051e+00  2.050e+00  2.049e+00  2.049e+00  2.048e+00  2.047e+00  2.047e+00  2.046e+00  2.045e+00 	
 2.135e+00  2.221e+00  2.199e+00  2.184e+00  2.168e+00  2.154e+00  2.142e+00  2.131e+00  2.123e+00  2.115e+00  2.109e+00  2.103e+00  2.098e+00  2.094e+00  2.090e+00  2.086e+00  2.083e+00  2.080e+00  2.077e+00  2.075e+00  2.072e+00  2.070e+00  2.068e+00  2.066e+00  2.065e+00  2.063e+00  2.062e+00  2.060e+00  2.059e+00  2.058e+00  2.056e+00  2.055e+00  2.054e+00  2.053e+00  2.052e+00  2.051e+00  2.050e+00  2.049e+00  2.049e+00  2.048e+00  2.047e+00  2.046e+00  2.046e+00  2.045e+00  2.044e+00  2.044e+00  2.043e+00  2.042e+00  2.041e+00  2.040e+00 	
 2.172e+00  2.224e+00  2.191e+00  2.173e+00  2.156e+00  2.142e+00  2.130e+00  2.121e+00  2.112e+00  2.105e+00  2.099e+00  2.094e+00  2.090e+00  2.086e+00  2.082e+00  2.079e+00  2.076e+00  2.073e+00  2.070e+00  2.068e+00  2.066e+00  2.064e+00  2.062e+00  2.061e+00  2.059e+00  2.058e+00  2.056e+00  2.055e+00  2.054e+00  2.052e+00  2.051e+00  2.050e+00  2.049e+00  2.048e+00  2.048e+00  2.047e+00  2.046e+00  2.045e+00  2.044e+00  2.044e+00  2.043e+00  2.042e+00  2.042e+00  2.041e+00  2.041e+00  2.040e+00  2.039e+00  2.039e+00  2.038e+00  2.036e+00 	
 2.191e+00  2.221e+00  2.182e+00  2.162e+00  2.145e+00  2.131e+00  2.120e+00  2.111e+00  2.103e+00  2.097e+00  2.091e+00  2.086e+00  2.082e+00  2.078e+00  2.075e+00  2.072e+00  2.069e+00  2.067e+00  2.064e+00  2.062e+00  2.060e+00  2.059e+00  2.057e+00  2.055e+00  2.054e+00  2.053e+00  2.051e+00  2.050e+00  2.049e+00  2.048e+00  2.047e+00  2.046e+00  2.045e+00  2.044e+00  2.043e+00  2.043e+00  2.042e+00  2.041e+00  2.041e+00  2.040e+00  2.039e+00  2.039e+00  2.038e+00  2.038e+00  2.037e+00  2.037e+00  2.036e+00  2.035e+00  2.034e+00  2.032e+00 	
 2.193e+00  2.214e+00  2.172e+00  2.151e+00  2.134e+00  2.121e+00  2.111e+00  2.102e+00  2.095e+00  2.089e+00  2.084e+00  2.079e+00  2.075e+00  2.072e+00  2.069e+00  2.066e+00  2.063e+00  2.061e+00  2.059e+00  2.057e+00  2.055e+00  2.054e+00  2.052e+00  2.051e+00  2.049e+00  2.048e+00  2.047e+00  2.046e+00  2.045e+00  2.044e+00  2.043e+00  2.042e+00  2.041e+00  2.040e+00  2.040e+00  2.039e+00  2.038e+00  2.038e+00  2.037e+00  2.037e+00  2.036e+00  2.036e+00  2.035e+00  2.035e+00  2.034e+00  2.034e+00  2.033e+00  2.032e+00  2.030e+00  2.028e+00 	
 2.169e+00  2.198e+00  2.159e+00  2.139e+00  2.123e+00  2.111e+00  2.102e+00  2.094e+00  2.087e+00  2.082e+00  2.077e+00  2.073e+00  2.069e+00  2.066e+00  2.063e+00  2.061e+00  2.058e+00  2.056e+00  2.054e+00  2.053e+00  2.051e+00  2.050e+00  2.048e+00  2.047e+00  2.046e+00  2.045e+00  2.044e+00  2.043e+00  2.042e+00  2.041e+00  2.040e+00  2.039e+00  2.038e+00  2.038e+00  2.037e+00  2.036e+00  2.036e+00  2.035e+00  2.035e+00  2.034e+00  2.034e+00  2.034e+00  2.033e+00  2.033e+00  2.032e+00  2.031e+00  2.030e+00  2.029e+00  2.027e+00  2.024e+00 	
 2.087e+00  2.166e+00  2.137e+00  2.120e+00  2.107e+00  2.096e+00  2.088e+00  2.081e+00  2.076e+00  2.071e+00  2.067e+00  2.063e+00  2.060e+00  2.057e+00  2.055e+00  2.052e+00  2.050e+00  2.048e+00  2.047e+00  2.045e+00  2.044e+00  2.042e+00  2.041e+00  2.040e+00  2.039e+00  2.038e+00  2.037e+00  2.036e+00  2.035e+00  2.035e+00  2.034e+00  2.033e+00  2.032e+00  2.032e+00  2.031e+00  2.031e+00  2.030e+00  2.029e+00  2.029e+00  2.028e+00  2.028e+00  2.027e+00  2.027e+00  2.026e+00  2.025e+00  2.024e+00  2.022e+00  2.020e+00  2.017e+00  2.011e+00 	
