 4.967e-02  3.098e-02  1.211e-02  6.548e-03  4.703e-03  3.512e-03  3.073e-03  2.753e-03  2.164e-03  2.021e-03  1.883e-03  1.753e-03  1.630e-03  1.514e-03  1.405e-03  1.304e-03  1.209e-03  1.119e-03  1.037e-03  9.591e-04  8.870e-04  8.199e-04  7.576e-04  6.997e-04  6.459e-04  5.959e-04  5.496e-04  5.066e-04  4.668e-04  4.299e-04  3.958e-04  3.640e-04  3.349e-04  3.077e-04  2.828e-04  2.596e-04  2.383e-04  2.186e-04  2.005e-04  1.838e-04  1.684e-04  1.542e-04  1.412e-04  1.293e-04  1.184e-04  1.084e-04  9.931e-05  9.098e-05  8.346e-05  7.667e-05 	
 6.215e-02  3.872e-02  1.530e-02  8.316e-03  5.953e-03  4.429e-03  3.845e-03  3.421e-03  2.682e-03  2.490e-03  2.310e-03  2.143e-03  1.988e-03  1.843e-03  1.708e-03  1.582e-03  1.465e-03  1.356e-03  1.255e-03  1.160e-03  1.073e-03  9.911e-04  9.155e-04  8.453e-04  7.802e-04  7.197e-04  6.637e-04  6.117e-04  5.636e-04  5.190e-04  4.778e-04  4.394e-04  4.042e-04  3.714e-04  3.413e-04  3.134e-04  2.876e-04  2.638e-04  2.420e-04  2.218e-04  2.032e-04  1.861e-04  1.704e-04  1.560e-04  1.429e-04  1.308e-04  1.198e-04  1.098e-04  1.007e-04  9.253e-05 	
 7.930e-02  4.938e-02  1.987e-02  1.089e-02  7.758e-03  5.741e-03  4.922e-03  4.333e-03  3.381e-03  3.111e-03  2.866e-03  2.644e-03  2.442e-03  2.256e-03  2.085e-03  1.927e-03  1.781e-03  1.646e-03  1.522e-03  1.406e-03  1.299e-03  1.199e-03  1.107e-03  1.022e-03  9.429e-04  8.696e-04  8.017e-04  7.388e-04  6.806e-04  6.267e-04  5.768e-04  5.305e-04  4.879e-04  4.484e-04  4.120e-04  3.782e-04  3.472e-04  3.184e-04  2.921e-04  2.677e-04  2.452e-04  2.246e-04  2.057e-04  1.883e-04  1.724e-04  1.578e-04  1.446e-04  1.325e-04  1.215e-04  1.117e-04 	
 1.042e-01  6.491e-02  2.688e-02  1.492e-02  1.056e-02  7.755e-03  6.528e-03  5.652e-03  4.381e-03  3.973e-03  3.620e-03  3.310e-03  3.035e-03  2.788e-03  2.564e-03  2.362e-03  2.177e-03  2.007e-03  1.851e-03  1.708e-03  1.576e-03  1.454e-03  1.341e-03  1.237e-03  1.141e-03  1.052e-03  9.691e-04  8.928e-04  8.223e-04  7.570e-04  6.966e-04  6.406e-04  5.891e-04  5.413e-04  4.973e-04  4.566e-04  4.191e-04  3.843e-04  3.525e-04  3.231e-04  2.960e-04  2.711e-04  2.482e-04  2.273e-04  2.081e-04  1.905e-04  1.746e-04  1.599e-04  1.467e-04  1.348e-04 	
 1.428e-01  8.912e-02  3.848e-02  2.174e-02  1.525e-02  1.109e-02  9.110e-03  7.706e-03  5.915e-03  5.253e-03  4.704e-03  4.241e-03  3.844e-03  3.499e-03  3.194e-03  2.924e-03  2.682e-03  2.463e-03  2.265e-03  2.084e-03  1.919e-03  1.767e-03  1.628e-03  1.500e-03  1.382e-03  1.273e-03  1.173e-03  1.080e-03  9.941e-04  9.149e-04  8.417e-04  7.738e-04  7.116e-04  6.537e-04  6.005e-04  5.513e-04  5.059e-04  4.640e-04  4.255e-04  3.899e-04  3.573e-04  3.272e-04  2.996e-04  2.743e-04  2.511e-04  2.299e-04  2.107e-04  1.930e-04  1.770e-04  1.626e-04 	
 2.073e-01  1.298e-01  5.917e-02  3.417e-02  2.373e-02  1.706e-02  1.359e-02  1.116e-02  8.458e-03  7.298e-03  6.377e-03  5.631e-03  5.017e-03  4.501e-03  4.061e-03  3.682e-03  3.350e-03  3.057e-03  2.797e-03  2.562e-03  2.351e-03  2.159e-03  1.985e-03  1.825e-03  1.679e-03  1.545e-03  1.422e-03  1.308e-03  1.203e-03  1.107e-03  1.018e-03  9.354e-04  8.599e-04  7.898e-04  7.254e-04  6.658e-04  6.110e-04  5.602e-04  5.137e-04  4.708e-04  4.313e-04  3.950e-04  3.616e-04  3.311e-04  3.031e-04  2.775e-04  2.543e-04  2.329e-04  2.137e-04  1.963e-04 	
 3.223e-01  2.033e-01  9.865e-02  5.821e-02  4.002e-02  2.843e-02  2.192e-02  1.741e-02  1.300e-02  1.083e-02  9.168e-03  7.873e-03  6.845e-03  6.014e-03  5.331e-03  4.761e-03  4.279e-03  3.864e-03  3.505e-03  3.189e-03  2.909e-03  2.660e-03  2.436e-03  2.233e-03  2.049e-03  1.881e-03  1.728e-03  1.588e-03  1.459e-03  1.341e-03  1.232e-03  1.132e-03  1.040e-03  9.549e-04  8.767e-04  8.045e-04  7.381e-04  6.766e-04  6.204e-04  5.684e-04  5.207e-04  4.768e-04  4.366e-04  3.997e-04  3.658e-04  3.349e-04  3.069e-04  2.811e-04  2.579e-04  2.369e-04 	
 5.385e-01  3.439e-01  1.779e-01  1.070e-01  7.282e-02  5.116e-02  3.829e-02  2.942e-02  2.164e-02  1.736e-02  1.418e-02  1.177e-02  9.923e-03  8.478e-03  7.332e-03  6.410e-03  5.655e-03  5.027e-03  4.500e-03  4.050e-03  3.661e-03  3.321e-03  3.022e-03  2.757e-03  2.519e-03  2.305e-03  2.112e-03  1.936e-03  1.776e-03  1.630e-03  1.496e-03  1.372e-03  1.260e-03  1.156e-03  1.061e-03  9.728e-04  8.922e-04  8.177e-04  7.496e-04  6.866e-04  6.289e-04  5.758e-04  5.271e-04  4.825e-04  4.417e-04  4.043e-04  3.704e-04  3.393e-04  3.112e-04  2.859e-04 	
 9.508e-01  6.206e-01  3.413e-01  2.087e-01  1.410e-01  9.821e-02  7.171e-02  5.357e-02  3.887e-02  3.012e-02  2.374e-02  1.903e-02  1.549e-02  1.281e-02  1.074e-02  9.128e-03  7.852e-03  6.827e-03  5.993e-03  5.304e-03  4.728e-03  4.239e-03  3.819e-03  3.455e-03  3.136e-03  2.853e-03  2.602e-03  2.376e-03  2.173e-03  1.989e-03  1.822e-03  1.669e-03  1.530e-03  1.402e-03  1.285e-03  1.178e-03  1.080e-03  9.891e-04  9.063e-04  8.299e-04  7.599e-04  6.956e-04  6.367e-04  5.827e-04  5.333e-04  4.882e-04  4.472e-04  4.096e-04  3.757e-04  3.451e-04 	
 1.718e+00  1.156e+00  6.740e-01  4.201e-01  2.840e-01  1.971e-01  1.416e-01  1.036e-01  7.442e-02  5.606e-02  4.287e-02  3.327e-02  2.619e-02  2.093e-02  1.697e-02  1.396e-02  1.164e-02  9.836e-03  8.413e-03  7.274e-03  6.352e-03  5.595e-03  4.966e-03  4.435e-03  3.982e-03  3.590e-03  3.250e-03  2.949e-03  2.684e-03  2.446e-03  2.233e-03  2.039e-03  1.865e-03  1.706e-03  1.562e-03  1.430e-03  1.309e-03  1.198e-03  1.097e-03  1.004e-03  9.190e-04  8.409e-04  7.694e-04  7.041e-04  6.442e-04  5.896e-04  5.400e-04  4.946e-04  4.536e-04  4.166e-04 	
 3.061e+00  2.207e+00  1.319e+00  8.360e-01  5.731e-01  4.017e-01  2.875e-01  2.084e-01  1.490e-01  1.101e-01  8.233e-02  6.228e-02  4.767e-02  3.695e-02  2.902e-02  2.310e-02  1.864e-02  1.525e-02  1.264e-02  1.062e-02  9.024e-03  7.758e-03  6.738e-03  5.905e-03  5.216e-03  4.639e-03  4.149e-03  3.729e-03  3.365e-03  3.046e-03  2.765e-03  2.514e-03  2.290e-03  2.089e-03  1.907e-03  1.742e-03  1.592e-03  1.455e-03  1.331e-03  1.217e-03  1.113e-03  1.018e-03  9.308e-04  8.513e-04  7.787e-04  7.124e-04  6.524e-04  5.974e-04  5.478e-04  5.031e-04 	
 3.617e+00  3.744e+00  2.814e+00  1.639e+00  1.111e+00  7.943e-01  5.776e-01  4.221e-01  3.037e-01  2.230e-01  1.648e-01  1.227e-01  9.203e-02  6.969e-02  5.333e-02  4.125e-02  3.228e-02  2.558e-02  2.053e-02  1.670e-02  1.376e-02  1.148e-02  9.697e-03  8.285e-03  7.154e-03  6.236e-03  5.481e-03  4.852e-03  4.323e-03  3.871e-03  3.482e-03  3.142e-03  2.845e-03  2.581e-03  2.346e-03  2.136e-03  1.947e-03  1.775e-03  1.620e-03  1.479e-03  1.351e-03  1.234e-03  1.128e-03  1.031e-03  9.422e-04  8.616e-04  7.887e-04  7.219e-04  6.618e-04  6.076e-04 	
 3.843e+00  3.645e+00  3.905e+00  3.522e+00  2.289e+00  1.526e+00  1.102e+00  8.213e-01  6.054e-01  4.501e-01  3.341e-01  2.480e-01  1.845e-01  1.378e-01  1.036e-01  7.847e-02  5.994e-02  4.624e-02  3.605e-02  2.843e-02  2.269e-02  1.834e-02  1.501e-02  1.244e-02  1.044e-02  8.864e-03  7.607e-03  6.592e-03  5.763e-03  5.078e-03  4.504e-03  4.017e-03  3.601e-03  3.239e-03  2.925e-03  2.647e-03  2.401e-03  2.181e-03  1.984e-03  1.807e-03  1.646e-03  1.501e-03  1.370e-03  1.250e-03  1.142e-03  1.043e-03  9.546e-04  8.733e-04  8.002e-04  7.344e-04 	
 3.705e+00  4.406e+00  4.133e+00  3.606e+00  3.687e+00  3.231e+00  2.246e+00  1.561e+00  1.140e+00  8.640e-01  6.564e-01  4.957e-01  3.720e-01  2.782e-01  2.081e-01  1.559e-01  1.173e-01  8.876e-02  6.766e-02  5.203e-02  4.040e-02  3.170e-02  2.516e-02  2.020e-02  1.643e-02  1.352e-02  1.127e-02  9.503e-03  8.102e-03  6.978e-03  6.066e-03  5.316e-03  4.693e-03  4.168e-03  3.722e-03  3.337e-03  3.004e-03  2.711e-03  2.454e-03  2.224e-03  2.020e-03  1.836e-03  1.671e-03  1.523e-03  1.388e-03  1.267e-03  1.158e-03  1.058e-03  9.687e-04  8.886e-04 	
 3.177e+00  3.523e+00  4.184e+00  5.146e+00  3.845e+00  3.463e+00  3.492e+00  3.171e+00  2.331e+00  1.644e+00  1.221e+00  9.363e-01  7.204e-01  5.504e-01  4.171e-01  3.140e-01  2.358e-01  1.771e-01  1.332e-01  1.007e-01  7.664e-02  5.874e-02  4.541e-02  3.545e-02  2.797e-02  2.233e-02  1.803e-02  1.474e-02  1.219e-02  1.021e-02  8.645e-03  7.397e-03  6.392e-03  5.570e-03  4.893e-03  4.325e-03  3.846e-03  3.436e-03  3.083e-03  2.775e-03  2.505e-03  2.266e-03  2.054e-03  1.865e-03  1.696e-03  1.544e-03  1.408e-03  1.285e-03  1.175e-03  1.077e-03 	
 2.591e+00  2.775e+00  3.638e+00  3.857e+00  4.489e+00  5.047e+00  3.863e+00  3.376e+00  3.358e+00  3.173e+00  2.505e+00  1.801e+00  1.334e+00  1.025e+00  7.961e-01  6.142e-01  4.694e-01  3.557e-01  2.681e-01  2.017e-01  1.519e-01  1.147e-01  8.706e-02  6.651e-02  5.120e-02  3.977e-02  3.120e-02  2.474e-02  1.985e-02  1.611e-02  1.323e-02  1.100e-02  9.244e-03  7.856e-03  6.744e-03  5.842e-03  5.103e-03  4.489e-03  3.975e-03  3.537e-03  3.162e-03  2.838e-03  2.556e-03  2.308e-03  2.089e-03  1.895e-03  1.722e-03  1.568e-03  1.431e-03  1.309e-03 	
 2.563e+00  2.441e+00  2.422e+00  2.996e+00  4.385e+00  3.987e+00  4.382e+00  4.944e+00  4.030e+00  3.358e+00  3.264e+00  3.193e+00  2.714e+00  2.010e+00  1.480e+00  1.132e+00  8.829e-01  6.871e-01  5.292e-01  4.036e-01  3.055e-01  2.303e-01  1.735e-01  1.309e-01  9.913e-02  7.549e-02  5.788e-02  4.474e-02  3.490e-02  2.750e-02  2.191e-02  1.766e-02  1.439e-02  1.187e-02  9.906e-03  8.358e-03  7.126e-03  6.134e-03  5.327e-03  4.662e-03  4.107e-03  3.641e-03  3.244e-03  2.903e-03  2.608e-03  2.351e-03  2.126e-03  1.927e-03  1.753e-03  1.598e-03 	
 2.739e+00  2.678e+00  2.087e+00  2.118e+00  3.067e+00  3.177e+00  4.412e+00  4.171e+00  4.216e+00  4.806e+00  4.322e+00  3.445e+00  3.216e+00  3.190e+00  2.909e+00  2.267e+00  1.666e+00  1.262e+00  9.826e-01  7.690e-01  5.969e-01  4.581e-01  3.483e-01  2.633e-01  1.984e-01  1.496e-01  1.131e-01  8.588e-02  6.559e-02  5.045e-02  3.914e-02  3.066e-02  2.425e-02  1.940e-02  1.570e-02  1.285e-02  1.064e-02  8.910e-03  7.542e-03  6.449e-03  5.565e-03  4.843e-03  4.247e-03  3.749e-03  3.328e-03  2.970e-03  2.664e-03  2.398e-03  2.168e-03  1.968e-03 	
 2.575e+00  2.759e+00  2.946e+00  2.265e+00  1.900e+00  2.130e+00  3.135e+00  3.155e+00  4.237e+00  4.507e+00  4.069e+00  4.578e+00  4.611e+00  3.660e+00  3.227e+00  3.169e+00  3.046e+00  2.545e+00  1.898e+00  1.419e+00  1.098e+00  8.610e-01  6.725e-01  5.196e-01  3.970e-01  3.010e-01  2.272e-01  1.713e-01  1.293e-01  9.786e-02  7.446e-02  5.704e-02  4.400e-02  3.426e-02  2.692e-02  2.138e-02  1.717e-02  1.394e-02  1.145e-02  9.516e-03  7.995e-03  6.788e-03  5.821e-03  5.037e-03  4.395e-03  3.863e-03  3.420e-03  3.044e-03  2.726e-03  2.455e-03 	
 2.484e+00  2.435e+00  2.677e+00  2.963e+00  2.687e+00  2.044e+00  1.948e+00  2.058e+00  3.027e+00  3.225e+00  3.937e+00  4.760e+00  4.052e+00  4.328e+00  4.712e+00  4.018e+00  3.321e+00  3.155e+00  3.113e+00  2.799e+00  2.176e+00  1.613e+00  1.232e+00  9.643e-01  7.567e-01  5.884e-01  4.521e-01  3.441e-01  2.602e-01  1.961e-01  1.478e-01  1.117e-01  8.467e-02  6.458e-02  4.956e-02  3.835e-02  2.994e-02  2.361e-02  1.881e-02  1.516e-02  1.235e-02  1.018e-02  8.489e-03  7.156e-03  6.096e-03  5.244e-03  4.554e-03  3.987e-03  3.519e-03  3.130e-03 	
 2.456e+00  2.512e+00  2.267e+00  2.538e+00  3.003e+00  2.934e+00  2.347e+00  2.152e+00  2.082e+00  2.246e+00  2.857e+00  3.600e+00  3.602e+00  4.582e+00  4.286e+00  4.121e+00  4.591e+00  4.421e+00  3.536e+00  3.177e+00  3.129e+00  2.985e+00  2.475e+00  1.852e+00  1.392e+00  1.082e+00  8.502e-01  6.649e-01  5.139e-01  3.928e-01  2.978e-01  2.247e-01  1.692e-01  1.276e-01  9.639e-02  7.320e-02  5.591e-02  4.302e-02  3.336e-02  2.612e-02  2.066e-02  1.651e-02  1.334e-02  1.091e-02  9.026e-03  7.553e-03  6.392e-03  5.467e-03  4.725e-03  4.125e-03 	
 2.396e+00  2.388e+00  2.594e+00  2.331e+00  2.239e+00  2.746e+00  3.054e+00  3.018e+00  2.244e+00  1.890e+00  1.910e+00  2.418e+00  2.532e+00  3.526e+00  3.367e+00  4.191e+00  4.684e+00  4.040e+00  4.362e+00  4.644e+00  3.901e+00  3.274e+00  3.130e+00  3.083e+00  2.753e+00  2.136e+00  1.589e+00  1.217e+00  9.544e-01  7.493e-01  5.826e-01  4.478e-01  3.404e-01  2.572e-01  1.936e-01  1.457e-01  1.098e-01  8.305e-02  6.311e-02  4.828e-02  3.722e-02  2.893e-02  2.270e-02  1.800e-02  1.443e-02  1.170e-02  9.604e-03  7.978e-03  6.707e-03  5.707e-03 	
 2.348e+00  2.384e+00  2.310e+00  2.524e+00  2.508e+00  2.155e+00  2.330e+00  2.903e+00  3.215e+00  2.715e+00  2.353e+00  2.186e+00  1.754e+00  2.170e+00  2.264e+00  3.143e+00  3.541e+00  3.777e+00  4.673e+00  4.212e+00  4.143e+00  4.590e+00  4.338e+00  3.487e+00  3.158e+00  3.114e+00  2.959e+00  2.444e+00  1.829e+00  1.378e+00  1.071e+00  8.429e-01  6.585e-01  5.087e-01  3.882e-01  2.939e-01  2.213e-01  1.663e-01  1.250e-01  9.418e-02  7.126e-02  5.421e-02  4.151e-02  3.204e-02  2.495e-02  1.962e-02  1.560e-02  1.255e-02  1.022e-02  8.424e-03 	
 2.311e+00  2.332e+00  2.310e+00  2.384e+00  2.245e+00  2.691e+00  2.410e+00  2.043e+00  2.223e+00  2.709e+00  3.031e+00  2.830e+00  2.491e+00  2.035e+00  2.001e+00  2.087e+00  2.584e+00  2.746e+00  3.693e+00  3.453e+00  4.290e+00  4.629e+00  4.039e+00  4.378e+00  4.614e+00  3.850e+00  3.254e+00  3.122e+00  3.071e+00  2.731e+00  2.113e+00  1.573e+00  1.206e+00  9.455e-01  7.416e-01  5.758e-01  4.414e-01  3.351e-01  2.524e-01  1.895e-01  1.421e-01  1.067e-01  8.034e-02  6.077e-02  4.624e-02  3.544e-02  2.737e-02  2.135e-02  1.683e-02  1.342e-02 	
 2.276e+00  2.291e+00  2.331e+00  2.218e+00  2.523e+00  2.224e+00  2.287e+00  2.727e+00  2.480e+00  2.114e+00  2.221e+00  2.661e+00  2.943e+00  2.992e+00  2.661e+00  2.329e+00  1.995e+00  1.750e+00  2.267e+00  2.351e+00  3.266e+00  3.517e+00  3.852e+00  4.705e+00  4.182e+00  4.157e+00  4.593e+00  4.301e+00  3.464e+00  3.150e+00  3.109e+00  2.946e+00  2.421e+00  1.809e+00  1.363e+00  1.059e+00  8.318e-01  6.492e-01  4.998e-01  3.805e-01  2.871e-01  2.153e-01  1.611e-01  1.205e-01  9.033e-02  6.794e-02  5.131e-02  3.904e-02  2.990e-02  2.311e-02 	
 2.245e+00  2.258e+00  2.283e+00  2.230e+00  2.336e+00  2.291e+00  2.524e+00  2.116e+00  2.343e+00  2.615e+00  2.454e+00  2.169e+00  2.221e+00  2.657e+00  3.120e+00  2.952e+00  2.841e+00  2.261e+00  2.068e+00  2.083e+00  2.151e+00  2.581e+00  2.837e+00  3.747e+00  3.493e+00  4.336e+00  4.601e+00  4.041e+00  4.391e+00  4.602e+00  3.822e+00  3.244e+00  3.117e+00  3.062e+00  2.708e+00  2.086e+00  1.550e+00  1.188e+00  9.296e-01  7.276e-01  5.631e-01  4.301e-01  3.249e-01  2.436e-01  1.819e-01  1.355e-01  1.010e-01  7.549e-02  5.661e-02  4.266e-02 	
 2.217e+00  2.227e+00  2.225e+00  2.198e+00  2.238e+00  2.351e+00  2.190e+00  2.274e+00  2.454e+00  2.143e+00  2.253e+00  2.695e+00  2.578e+00  2.124e+00  2.055e+00  2.401e+00  2.848e+00  2.953e+00  2.815e+00  2.678e+00  2.158e+00  1.933e+00  1.782e+00  2.320e+00  2.397e+00  3.322e+00  3.504e+00  3.890e+00  4.723e+00  4.166e+00  4.168e+00  4.600e+00  4.273e+00  3.445e+00  3.143e+00  3.101e+00  2.921e+00  2.384e+00  1.772e+00  1.334e+00  1.036e+00  8.108e-01  6.299e-01  4.827e-01  3.653e-01  2.737e-01  2.036e-01  1.512e-01  1.120e-01  8.299e-02 	
 2.193e+00  2.202e+00  2.218e+00  2.214e+00  2.262e+00  2.290e+00  2.151e+00  2.411e+00  2.220e+00  2.318e+00  2.550e+00  2.140e+00  2.213e+00  2.515e+00  2.627e+00  2.356e+00  2.116e+00  2.272e+00  2.676e+00  3.144e+00  3.001e+00  2.722e+00  2.188e+00  2.088e+00  2.089e+00  2.177e+00  2.563e+00  2.880e+00  3.770e+00  3.514e+00  4.367e+00  4.583e+00  4.044e+00  4.405e+00  4.590e+00  3.789e+00  3.226e+00  3.107e+00  3.037e+00  2.658e+00  2.028e+00  1.503e+00  1.150e+00  8.972e-01  6.984e-01  5.368e-01  4.063e-01  3.043e-01  2.257e-01  1.664e-01 	
 2.171e+00  2.179e+00  2.186e+00  2.197e+00  2.227e+00  2.176e+00  2.202e+00  2.338e+00  2.154e+00  2.377e+00  2.197e+00  2.188e+00  2.494e+00  2.326e+00  2.081e+00  2.515e+00  2.707e+00  2.375e+00  2.064e+00  2.087e+00  2.440e+00  2.886e+00  2.981e+00  2.751e+00  2.679e+00  2.069e+00  1.906e+00  1.801e+00  2.349e+00  2.421e+00  3.356e+00  3.493e+00  3.920e+00  4.739e+00  4.151e+00  4.181e+00  4.605e+00  4.229e+00  3.408e+00  3.123e+00  3.075e+00  2.861e+00  2.295e+00  1.695e+00  1.273e+00  9.849e-01  7.652e-01  5.892e-01  4.463e-01  3.330e-01 	
 2.151e+00  2.158e+00  2.167e+00  2.185e+00  2.202e+00  2.214e+00  2.253e+00  2.204e+00  2.158e+00  2.313e+00  2.182e+00  2.311e+00  2.277e+00  2.134e+00  2.428e+00  2.367e+00  2.171e+00  2.313e+00  2.592e+00  2.597e+00  2.290e+00  2.112e+00  2.312e+00  2.699e+00  3.098e+00  3.039e+00  2.642e+00  2.161e+00  2.100e+00  2.078e+00  2.190e+00  2.544e+00  2.912e+00  3.787e+00  3.538e+00  4.402e+00  4.554e+00  4.049e+00  4.421e+00  4.552e+00  3.719e+00  3.188e+00  3.073e+00  2.969e+00  2.535e+00  1.901e+00  1.402e+00  1.069e+00  8.270e-01  6.350e-01 	
 2.134e+00  2.140e+00  2.147e+00  2.150e+00  2.172e+00  2.148e+00  2.146e+00  2.190e+00  2.261e+00  2.185e+00  2.185e+00  2.260e+00  2.237e+00  2.217e+00  2.375e+00  2.143e+00  2.343e+00  2.446e+00  2.187e+00  2.138e+00  2.566e+00  2.661e+00  2.310e+00  2.052e+00  2.104e+00  2.467e+00  2.871e+00  3.010e+00  2.723e+00  2.677e+00  2.017e+00  1.889e+00  1.817e+00  2.373e+00  2.446e+00  3.396e+00  3.485e+00  3.964e+00  4.759e+00  4.128e+00  4.201e+00  4.594e+00  4.117e+00  3.330e+00  3.072e+00  2.997e+00  2.701e+00  2.097e+00  1.529e+00  1.143e+00 	
 2.119e+00  2.124e+00  2.130e+00  2.141e+00  2.147e+00  2.153e+00  2.132e+00  2.134e+00  2.128e+00  2.185e+00  2.245e+00  2.156e+00  2.252e+00  2.191e+00  2.319e+00  2.133e+00  2.402e+00  2.223e+00  2.237e+00  2.478e+00  2.296e+00  2.175e+00  2.335e+00  2.632e+00  2.586e+00  2.260e+00  2.110e+00  2.328e+00  2.711e+00  3.068e+00  3.071e+00  2.593e+00  2.143e+00  2.109e+00  2.055e+00  2.204e+00  2.518e+00  2.962e+00  3.812e+00  3.587e+00  4.468e+00  4.494e+00  4.058e+00  4.436e+00  4.435e+00  3.565e+00  3.096e+00  2.977e+00  2.779e+00  2.242e+00 	
 2.105e+00  2.110e+00  2.115e+00  2.121e+00  2.132e+00  2.128e+00  2.153e+00  2.131e+00  2.126e+00  2.125e+00  2.156e+00  2.220e+00  2.216e+00  2.138e+00  2.300e+00  2.152e+00  2.337e+00  2.132e+00  2.318e+00  2.345e+00  2.162e+00  2.426e+00  2.418e+00  2.142e+00  2.190e+00  2.584e+00  2.626e+00  2.289e+00  2.041e+00  2.118e+00  2.488e+00  2.862e+00  3.040e+00  2.701e+00  2.669e+00  1.964e+00  1.871e+00  1.844e+00  2.431e+00  2.506e+00  3.486e+00  3.490e+00  4.062e+00  4.768e+00  4.087e+00  4.231e+00  4.518e+00  3.857e+00  3.159e+00  2.934e+00 	
 2.093e+00  2.098e+00  2.102e+00  2.107e+00  2.111e+00  2.112e+00  2.122e+00  2.137e+00  2.146e+00  2.132e+00  2.126e+00  2.142e+00  2.188e+00  2.214e+00  2.136e+00  2.204e+00  2.222e+00  2.175e+00  2.247e+00  2.238e+00  2.176e+00  2.421e+00  2.195e+00  2.283e+00  2.508e+00  2.262e+00  2.161e+00  2.335e+00  2.654e+00  2.586e+00  2.245e+00  2.106e+00  2.338e+00  2.722e+00  3.041e+00  3.106e+00  2.527e+00  2.122e+00  2.113e+00  1.993e+00  2.236e+00  2.484e+00  3.079e+00  3.831e+00  3.707e+00  4.590e+00  4.350e+00  4.076e+00  4.413e+00  4.090e+00 	
 2.083e+00  2.086e+00  2.090e+00  2.095e+00  2.100e+00  2.105e+00  2.115e+00  2.116e+00  2.112e+00  2.134e+00  2.152e+00  2.154e+00  2.158e+00  2.182e+00  2.194e+00  2.157e+00  2.154e+00  2.245e+00  2.150e+00  2.263e+00  2.152e+00  2.347e+00  2.114e+00  2.367e+00  2.317e+00  2.166e+00  2.460e+00  2.413e+00  2.127e+00  2.221e+00  2.596e+00  2.604e+00  2.277e+00  2.032e+00  2.137e+00  2.520e+00  2.860e+00  3.080e+00  2.662e+00  2.618e+00  1.889e+00  1.860e+00  1.923e+00  2.575e+00  2.664e+00  3.690e+00  3.556e+00  4.264e+00  4.666e+00  4.026e+00 	
 2.073e+00  2.076e+00  2.080e+00  2.084e+00  2.089e+00  2.093e+00  2.099e+00  2.107e+00  2.116e+00  2.111e+00  2.122e+00  2.112e+00  2.136e+00  2.153e+00  2.165e+00  2.160e+00  2.134e+00  2.140e+00  2.221e+00  2.194e+00  2.153e+00  2.268e+00  2.163e+00  2.286e+00  2.199e+00  2.212e+00  2.416e+00  2.178e+00  2.296e+00  2.529e+00  2.240e+00  2.148e+00  2.337e+00  2.674e+00  2.585e+00  2.226e+00  2.098e+00  2.354e+00  2.745e+00  3.002e+00  3.144e+00  2.436e+00  2.108e+00  2.090e+00  1.856e+00  2.326e+00  2.499e+00  3.352e+00  3.784e+00  3.987e+00 	
 2.065e+00  2.068e+00  2.071e+00  2.074e+00  2.078e+00  2.082e+00  2.087e+00  2.089e+00  2.099e+00  2.106e+00  2.107e+00  2.103e+00  2.126e+00  2.124e+00  2.113e+00  2.117e+00  2.120e+00  2.122e+00  2.144e+00  2.201e+00  2.191e+00  2.133e+00  2.251e+00  2.155e+00  2.240e+00  2.156e+00  2.335e+00  2.113e+00  2.386e+00  2.299e+00  2.163e+00  2.474e+00  2.416e+00  2.117e+00  2.254e+00  2.614e+00  2.572e+00  2.263e+00  2.025e+00  2.197e+00  2.614e+00  2.896e+00  3.030e+00  2.597e+00  2.424e+00  1.830e+00  1.956e+00  2.129e+00  2.828e+00  3.069e+00 	
 2.057e+00  2.060e+00  2.063e+00  2.066e+00  2.069e+00  2.073e+00  2.077e+00  2.081e+00  2.087e+00  2.086e+00  2.091e+00  2.095e+00  2.098e+00  2.116e+00  2.104e+00  2.123e+00  2.140e+00  2.145e+00  2.152e+00  2.168e+00  2.186e+00  2.163e+00  2.128e+00  2.197e+00  2.211e+00  2.142e+00  2.286e+00  2.157e+00  2.306e+00  2.181e+00  2.236e+00  2.410e+00  2.162e+00  2.302e+00  2.548e+00  2.216e+00  2.130e+00  2.353e+00  2.701e+00  2.557e+00  2.175e+00  2.081e+00  2.398e+00  2.794e+00  2.939e+00  3.017e+00  2.354e+00  2.171e+00  1.971e+00  1.876e+00 	
 2.051e+00  2.053e+00  2.055e+00  2.058e+00  2.061e+00  2.064e+00  2.067e+00  2.071e+00  2.076e+00  2.080e+00  2.082e+00  2.089e+00  2.092e+00  2.098e+00  2.105e+00  2.098e+00  2.120e+00  2.113e+00  2.109e+00  2.123e+00  2.132e+00  2.134e+00  2.122e+00  2.126e+00  2.190e+00  2.200e+00  2.124e+00  2.249e+00  2.160e+00  2.230e+00  2.160e+00  2.324e+00  2.117e+00  2.395e+00  2.279e+00  2.160e+00  2.483e+00  2.422e+00  2.100e+00  2.314e+00  2.647e+00  2.522e+00  2.215e+00  2.068e+00  2.418e+00  2.909e+00  3.083e+00  2.803e+00  2.612e+00  1.993e+00 	
 2.045e+00  2.047e+00  2.049e+00  2.051e+00  2.054e+00  2.057e+00  2.060e+00  2.063e+00  2.066e+00  2.069e+00  2.072e+00  2.075e+00  2.082e+00  2.082e+00  2.086e+00  2.090e+00  2.097e+00  2.109e+00  2.102e+00  2.115e+00  2.133e+00  2.132e+00  2.128e+00  2.135e+00  2.160e+00  2.186e+00  2.179e+00  2.124e+00  2.185e+00  2.216e+00  2.140e+00  2.292e+00  2.149e+00  2.323e+00  2.166e+00  2.263e+00  2.396e+00  2.139e+00  2.317e+00  2.552e+00  2.183e+00  2.124e+00  2.436e+00  2.713e+00  2.440e+00  2.030e+00  2.129e+00  2.643e+00  3.022e+00  2.862e+00 	
 2.039e+00  2.041e+00  2.043e+00  2.045e+00  2.048e+00  2.050e+00  2.053e+00  2.055e+00  2.058e+00  2.061e+00  2.064e+00  2.068e+00  2.072e+00  2.075e+00  2.077e+00  2.082e+00  2.088e+00  2.093e+00  2.092e+00  2.100e+00  2.107e+00  2.115e+00  2.105e+00  2.117e+00  2.132e+00  2.142e+00  2.142e+00  2.129e+00  2.123e+00  2.180e+00  2.206e+00  2.121e+00  2.243e+00  2.166e+00  2.222e+00  2.172e+00  2.300e+00  2.134e+00  2.401e+00  2.233e+00  2.160e+00  2.485e+00  2.419e+00  2.044e+00  2.396e+00  2.613e+00  2.455e+00  2.171e+00  2.173e+00  2.535e+00 	
 2.035e+00  2.036e+00  2.038e+00  2.040e+00  2.042e+00  2.044e+00  2.047e+00  2.049e+00  2.051e+00  2.054e+00  2.057e+00  2.060e+00  2.063e+00  2.066e+00  2.070e+00  2.074e+00  2.075e+00  2.082e+00  2.087e+00  2.092e+00  2.096e+00  2.093e+00  2.108e+00  2.101e+00  2.123e+00  2.128e+00  2.123e+00  2.122e+00  2.129e+00  2.153e+00  2.183e+00  2.186e+00  2.123e+00  2.177e+00  2.220e+00  2.140e+00  2.292e+00  2.134e+00  2.348e+00  2.141e+00  2.301e+00  2.351e+00  2.089e+00  2.352e+00  2.449e+00  2.192e+00  2.198e+00  2.659e+00  2.609e+00  2.067e+00 	
 2.031e+00  2.032e+00  2.034e+00  2.035e+00  2.037e+00  2.039e+00  2.041e+00  2.043e+00  2.046e+00  2.048e+00  2.050e+00  2.053e+00  2.056e+00  2.058e+00  2.061e+00  2.065e+00  2.068e+00  2.072e+00  2.074e+00  2.080e+00  2.084e+00  2.088e+00  2.095e+00  2.098e+00  2.095e+00  2.112e+00  2.110e+00  2.106e+00  2.123e+00  2.138e+00  2.149e+00  2.147e+00  2.136e+00  2.123e+00  2.167e+00  2.215e+00  2.124e+00  2.223e+00  2.189e+00  2.209e+00  2.219e+00  2.249e+00  2.189e+00  2.397e+00  2.121e+00  2.228e+00  2.471e+00  2.173e+00  2.207e+00  2.553e+00 	
 2.027e+00  2.028e+00  2.030e+00  2.031e+00  2.033e+00  2.035e+00  2.036e+00  2.038e+00  2.040e+00  2.042e+00  2.044e+00  2.047e+00  2.049e+00  2.052e+00  2.054e+00  2.057e+00  2.060e+00  2.063e+00  2.066e+00  2.070e+00  2.072e+00  2.078e+00  2.082e+00  2.085e+00  2.090e+00  2.098e+00  2.096e+00  2.105e+00  2.103e+00  2.125e+00  2.125e+00  2.118e+00  2.119e+00  2.125e+00  2.143e+00  2.178e+00  2.194e+00  2.130e+00  2.163e+00  2.234e+00  2.136e+00  2.278e+00  2.114e+00  2.332e+00  2.145e+00  2.350e+00  2.212e+00  2.159e+00  2.476e+00  2.208e+00 	
 2.024e+00  2.025e+00  2.026e+00  2.028e+00  2.029e+00  2.031e+00  2.032e+00  2.034e+00  2.035e+00  2.037e+00  2.039e+00  2.041e+00  2.043e+00  2.046e+00  2.048e+00  2.050e+00  2.053e+00  2.056e+00  2.058e+00  2.061e+00  2.064e+00  2.067e+00  2.071e+00  2.075e+00  2.080e+00  2.082e+00  2.086e+00  2.093e+00  2.100e+00  2.094e+00  2.114e+00  2.106e+00  2.108e+00  2.127e+00  2.144e+00  2.157e+00  2.159e+00  2.148e+00  2.125e+00  2.146e+00  2.232e+00  2.158e+00  2.166e+00  2.267e+00  2.155e+00  2.323e+00  2.175e+00  2.265e+00  2.312e+00  2.170e+00 	
 2.021e+00  2.022e+00  2.023e+00  2.024e+00  2.026e+00  2.027e+00  2.028e+00  2.030e+00  2.031e+00  2.033e+00  2.035e+00  2.036e+00  2.038e+00  2.040e+00  2.042e+00  2.044e+00  2.047e+00  2.049e+00  2.052e+00  2.054e+00  2.057e+00  2.060e+00  2.063e+00  2.066e+00  2.070e+00  2.072e+00  2.078e+00  2.080e+00  2.083e+00  2.088e+00  2.098e+00  2.098e+00  2.102e+00  2.105e+00  2.126e+00  2.121e+00  2.112e+00  2.113e+00  2.117e+00  2.125e+00  2.165e+00  2.200e+00  2.174e+00  2.132e+00  2.260e+00  2.149e+00  2.222e+00  2.242e+00  2.228e+00  2.201e+00 	
 2.019e+00  2.020e+00  2.021e+00  2.022e+00  2.023e+00  2.024e+00  2.025e+00  2.026e+00  2.028e+00  2.029e+00  2.031e+00  2.032e+00  2.034e+00  2.036e+00  2.037e+00  2.039e+00  2.041e+00  2.043e+00  2.046e+00  2.048e+00  2.050e+00  2.053e+00  2.056e+00  2.059e+00  2.061e+00  2.065e+00  2.068e+00  2.071e+00  2.076e+00  2.079e+00  2.081e+00  2.085e+00  2.092e+00  2.101e+00  2.094e+00  2.115e+00  2.101e+00  2.112e+00  2.135e+00  2.152e+00  2.160e+00  2.175e+00  2.172e+00  2.142e+00  2.124e+00  2.182e+00  2.227e+00  2.127e+00  2.250e+00  2.184e+00 	
 2.016e+00  2.017e+00  2.018e+00  2.019e+00  2.020e+00  2.021e+00  2.022e+00  2.023e+00  2.024e+00  2.026e+00  2.027e+00  2.028e+00  2.030e+00  2.031e+00  2.033e+00  2.035e+00  2.036e+00  2.038e+00  2.040e+00  2.042e+00  2.045e+00  2.047e+00  2.049e+00  2.052e+00  2.054e+00  2.057e+00  2.060e+00  2.063e+00  2.066e+00  2.070e+00  2.073e+00  2.078e+00  2.079e+00  2.082e+00  2.086e+00  2.096e+00  2.102e+00  2.098e+00  2.113e+00  2.122e+00  2.108e+00  2.108e+00  2.114e+00  2.118e+00  2.117e+00  2.112e+00  2.157e+00  2.223e+00  2.190e+00  2.124e+00 	
 2.015e+00  2.015e+00  2.016e+00  2.017e+00  2.018e+00  2.019e+00  2.020e+00  2.021e+00  2.022e+00  2.023e+00  2.024e+00  2.025e+00  2.026e+00  2.028e+00  2.029e+00  2.031e+00  2.032e+00  2.034e+00  2.036e+00  2.037e+00  2.039e+00  2.041e+00  2.043e+00  2.046e+00  2.048e+00  2.050e+00  2.053e+00  2.056e+00  2.058e+00  2.062e+00  2.065e+00  2.068e+00  2.070e+00  2.077e+00  2.078e+00  2.080e+00  2.083e+00  2.088e+00  2.101e+00  2.099e+00  2.108e+00  2.102e+00  2.131e+00  2.138e+00  2.129e+00  2.127e+00  2.134e+00  2.152e+00  2.190e+00  2.218e+00 	
 2.013e+00  2.013e+00  2.014e+00  2.015e+00  2.016e+00  2.016e+00  2.017e+00  2.018e+00  2.019e+00  2.020e+00  2.021e+00  2.022e+00  2.023e+00  2.024e+00  2.026e+00  2.027e+00  2.028e+00  2.030e+00  2.031e+00  2.033e+00  2.035e+00  2.036e+00  2.038e+00  2.040e+00  2.042e+00  2.045e+00  2.047e+00  2.049e+00  2.052e+00  2.054e+00  2.057e+00  2.060e+00  2.063e+00  2.066e+00  2.070e+00  2.074e+00  2.077e+00  2.078e+00  2.083e+00  2.085e+00  2.090e+00  2.106e+00  2.097e+00  2.118e+00  2.099e+00  2.121e+00  2.149e+00  2.157e+00  2.166e+00  2.174e+00 	
