-1.414e-03 -4.450e-04 -3.368e-04 -2.677e-04 -2.242e-04 -1.944e-04 -1.724e-04 -1.555e-04 -1.420e-04 -1.310e-04 -1.218e-04 -1.141e-04 -1.074e-04 -1.016e-04 -9.654e-05 -9.207e-05 -8.810e-05 -8.454e-05 -8.135e-05 -7.847e-05 -7.586e-05 -7.349e-05 -7.133e-05 -6.935e-05 -6.755e-05 -6.590e-05 -6.438e-05 -6.299e-05 -6.172e-05 -6.055e-05 -5.947e-05 -5.848e-05 -5.755e-05 -5.669e-05 -5.589e-05 -5.513e-05 -5.442e-05 -5.379e-05 -5.328e-05 -5.299e-05 -5.309e-05 -5.389e-05 -5.587e-05 -5.975e-05 -6.669e-05 -7.838e-05 -9.733e-05 -1.272e-04 -1.735e-04 -2.439e-04 	
-5.109e-04  2.977e-05  1.295e-05  2.532e-05  3.185e-05  3.504e-05  3.654e-05  3.711e-05  3.716e-05  3.690e-05  3.645e-05  3.590e-05  3.529e-05  3.466e-05  3.402e-05  3.339e-05  3.278e-05  3.218e-05  3.161e-05  3.107e-05  3.055e-05  3.007e-05  2.961e-05  2.918e-05  2.878e-05  2.841e-05  2.807e-05  2.776e-05  2.749e-05  2.725e-05  2.706e-05  2.692e-05  2.684e-05  2.684e-05  2.694e-05  2.714e-05  2.747e-05  2.794e-05  2.853e-05  2.922e-05  2.992e-05  3.050e-05  3.070e-05  3.020e-05  2.848e-05  2.490e-05  1.858e-05  8.439e-06 -6.981e-06 -2.963e-05 	
-2.177e-04  1.546e-04  7.537e-05  6.166e-05  5.207e-05  4.461e-05  3.876e-05  3.410e-05  3.031e-05  2.718e-05  2.456e-05  2.233e-05  2.042e-05  1.877e-05  1.733e-05  1.606e-05  1.494e-05  1.395e-05  1.306e-05  1.226e-05  1.155e-05  1.090e-05  1.031e-05  9.773e-06  9.284e-06  8.836e-06  8.426e-06  8.049e-06  7.703e-06  7.386e-06  7.096e-06  6.834e-06  6.601e-06  6.398e-06  6.228e-06  6.098e-06  6.010e-06  5.971e-06  5.983e-06  6.048e-06  6.161e-06  6.310e-06  6.472e-06  6.611e-06  6.676e-06  6.601e-06  6.302e-06  5.681e-06  4.627e-06  3.005e-06 	
-1.339e-04  1.609e-04  5.864e-05  4.058e-05  3.013e-05  2.317e-05  1.838e-05  1.496e-05  1.242e-05  1.050e-05  8.997e-06  7.805e-06  6.843e-06  6.055e-06  5.401e-06  4.852e-06  4.386e-06  3.988e-06  3.644e-06  3.344e-06  3.081e-06  2.849e-06  2.642e-06  2.456e-06  2.288e-06  2.135e-06  1.995e-06  1.865e-06  1.743e-06  1.627e-06  1.513e-06  1.400e-06  1.281e-06  1.153e-06  1.008e-06  8.407e-07  6.430e-07  4.096e-07  1.391e-07 -1.622e-07 -4.739e-07 -7.539e-07 -9.280e-07 -8.763e-07 -4.166e-07  7.167e-07  2.901e-06  6.665e-06  1.275e-05  2.222e-05 	
-1.180e-04  1.362e-04  3.372e-05  2.042e-05  1.378e-05  9.754e-06  7.234e-06  5.578e-06  4.438e-06  3.621e-06  3.015e-06  2.553e-06  2.191e-06  1.902e-06  1.665e-06  1.467e-06  1.300e-06  1.155e-06  1.029e-06  9.160e-07  8.142e-07  7.208e-07  6.341e-07  5.524e-07  4.744e-07  3.989e-07  3.246e-07  2.502e-07  1.738e-07  9.256e-08  2.688e-09 -1.015e-07 -2.278e-07 -3.867e-07 -5.914e-07 -8.571e-07 -1.200e-06 -1.634e-06 -2.164e-06 -2.783e-06 -3.453e-06 -4.095e-06 -4.568e-06 -4.639e-06 -3.955e-06 -2.004e-06  1.940e-06  8.889e-06  2.025e-05  3.803e-05 	
-1.211e-04  1.098e-04  1.656e-05  8.960e-06  5.617e-06  3.663e-06  2.506e-06  1.786e-06  1.309e-06  9.755e-07  7.303e-07  5.425e-07  3.934e-07  2.711e-07  1.679e-07  7.846e-08 -9.289e-10 -7.298e-08 -1.397e-07 -2.027e-07 -2.633e-07 -3.225e-07 -3.811e-07 -4.400e-07 -4.999e-07 -5.616e-07 -6.261e-07 -6.949e-07 -7.701e-07 -8.552e-07 -9.556e-07 -1.079e-06 -1.237e-06 -1.444e-06 -1.719e-06 -2.085e-06 -2.565e-06 -3.181e-06 -3.941e-06 -4.834e-06 -5.810e-06 -6.759e-06 -7.478e-06 -7.641e-06 -6.747e-06 -4.069e-06  1.423e-06  1.116e-05  2.714e-05  5.218e-05 	
-1.274e-04  8.892e-05  6.626e-06  3.006e-06  1.564e-06  6.543e-07  1.252e-07 -1.912e-07 -3.933e-07 -5.313e-07 -6.311e-07 -7.073e-07 -7.683e-07 -8.195e-07 -8.641e-07 -9.048e-07 -9.430e-07 -9.802e-07 -1.017e-06 -1.055e-06 -1.095e-06 -1.136e-06 -1.181e-06 -1.228e-06 -1.280e-06 -1.336e-06 -1.398e-06 -1.467e-06 -1.546e-06 -1.640e-06 -1.754e-06 -1.899e-06 -2.090e-06 -2.346e-06 -2.691e-06 -3.154e-06 -3.765e-06 -4.553e-06 -5.530e-06 -6.681e-06 -7.945e-06 -9.179e-06 -1.013e-05 -1.037e-05 -9.270e-06 -5.894e-06  1.074e-06  1.347e-05  3.384e-05  6.578e-05 	
-1.330e-04  7.334e-05  7.846e-07 -5.375e-07 -1.003e-06 -1.391e-06 -1.601e-06 -1.703e-06 -1.750e-06 -1.770e-06 -1.775e-06 -1.775e-06 -1.772e-06 -1.769e-06 -1.768e-06 -1.770e-06 -1.774e-06 -1.783e-06 -1.795e-06 -1.813e-06 -1.835e-06 -1.862e-06 -1.895e-06 -1.935e-06 -1.981e-06 -2.034e-06 -2.095e-06 -2.167e-06 -2.253e-06 -2.357e-06 -2.487e-06 -2.657e-06 -2.883e-06 -3.189e-06 -3.605e-06 -4.166e-06 -4.911e-06 -5.872e-06 -7.066e-06 -8.476e-06 -1.003e-05 -1.155e-05 -1.272e-05 -1.304e-05 -1.173e-05 -7.654e-06  7.957e-07  1.585e-05  4.063e-05  7.951e-05 	
-1.373e-04  6.132e-05 -3.231e-06 -3.269e-06 -3.171e-06 -3.218e-06 -3.196e-06 -3.127e-06 -3.042e-06 -2.955e-06 -2.875e-06 -2.802e-06 -2.739e-06 -2.685e-06 -2.640e-06 -2.605e-06 -2.578e-06 -2.560e-06 -2.549e-06 -2.548e-06 -2.554e-06 -2.569e-06 -2.593e-06 -2.626e-06 -2.668e-06 -2.720e-06 -2.783e-06 -2.859e-06 -2.953e-06 -3.069e-06 -3.218e-06 -3.414e-06 -3.678e-06 -4.038e-06 -4.529e-06 -5.194e-06 -6.078e-06 -7.219e-06 -8.640e-06 -1.032e-05 -1.217e-05 -1.398e-05 -1.540e-05 -1.580e-05 -1.427e-05 -9.458e-06  5.375e-07  1.837e-05  4.774e-05  9.385e-05 	
-1.410e-04  5.119e-05 -6.653e-06 -5.873e-06 -5.337e-06 -5.080e-06 -4.834e-06 -4.595e-06 -4.375e-06 -4.181e-06 -4.011e-06 -3.865e-06 -3.740e-06 -3.635e-06 -3.546e-06 -3.473e-06 -3.414e-06 -3.369e-06 -3.336e-06 -3.315e-06 -3.307e-06 -3.310e-06 -3.324e-06 -3.351e-06 -3.390e-06 -3.441e-06 -3.507e-06 -3.589e-06 -3.692e-06 -3.822e-06 -3.991e-06 -4.216e-06 -4.521e-06 -4.939e-06 -5.511e-06 -6.287e-06 -7.320e-06 -8.656e-06 -1.032e-05 -1.229e-05 -1.446e-05 -1.659e-05 -1.825e-05 -1.874e-05 -1.698e-05 -1.138e-05  2.653e-07  2.107e-05  5.535e-05  1.092e-04 	
-1.447e-04  4.177e-05 -1.010e-05 -8.652e-06 -7.684e-06 -7.105e-06 -6.620e-06 -6.197e-06 -5.833e-06 -5.522e-06 -5.257e-06 -5.031e-06 -4.840e-06 -4.678e-06 -4.541e-06 -4.428e-06 -4.334e-06 -4.260e-06 -4.202e-06 -4.161e-06 -4.136e-06 -4.126e-06 -4.131e-06 -4.151e-06 -4.186e-06 -4.237e-06 -4.305e-06 -4.394e-06 -4.507e-06 -4.653e-06 -4.844e-06 -5.101e-06 -5.450e-06 -5.931e-06 -6.592e-06 -7.490e-06 -8.686e-06 -1.023e-05 -1.216e-05 -1.445e-05 -1.697e-05 -1.945e-05 -2.139e-05 -2.198e-05 -1.995e-05 -1.350e-05 -4.790e-08  2.401e-05  6.366e-05  1.260e-04 	
-1.489e-04  3.219e-05 -1.392e-05 -1.180e-05 -1.035e-05 -9.410e-06 -8.656e-06 -8.027e-06 -7.500e-06 -7.057e-06 -6.684e-06 -6.369e-06 -6.101e-06 -5.875e-06 -5.684e-06 -5.523e-06 -5.390e-06 -5.282e-06 -5.196e-06 -5.131e-06 -5.086e-06 -5.060e-06 -5.054e-06 -5.065e-06 -5.096e-06 -5.146e-06 -5.217e-06 -5.311e-06 -5.435e-06 -5.598e-06 -5.813e-06 -6.105e-06 -6.504e-06 -7.056e-06 -7.815e-06 -8.848e-06 -1.023e-05 -1.201e-05 -1.424e-05 -1.687e-05 -1.978e-05 -2.265e-05 -2.490e-05 -2.560e-05 -2.329e-05 -1.589e-05 -4.293e-07  2.724e-05  7.287e-05  1.446e-04 	
-1.539e-04  2.177e-05 -1.836e-05 -1.549e-05 -1.348e-05 -1.213e-05 -1.106e-05 -1.019e-05 -9.474e-06 -8.877e-06 -8.377e-06 -7.955e-06 -7.597e-06 -7.294e-06 -7.038e-06 -6.821e-06 -6.640e-06 -6.490e-06 -6.370e-06 -6.276e-06 -6.207e-06 -6.162e-06 -6.140e-06 -6.141e-06 -6.165e-06 -6.212e-06 -6.284e-06 -6.385e-06 -6.520e-06 -6.700e-06 -6.943e-06 -7.273e-06 -7.728e-06 -8.358e-06 -9.228e-06 -1.041e-05 -1.200e-05 -1.405e-05 -1.661e-05 -1.965e-05 -2.300e-05 -2.630e-05 -2.891e-05 -2.973e-05 -2.711e-05 -1.864e-05 -9.104e-07  3.083e-05  8.321e-05  1.656e-04 	
-1.601e-04  9.864e-06 -2.368e-05 -1.994e-05 -1.728e-05 -1.542e-05 -1.398e-05 -1.283e-05 -1.188e-05 -1.109e-05 -1.044e-05 -9.886e-06 -9.418e-06 -9.021e-06 -8.683e-06 -8.397e-06 -8.156e-06 -7.955e-06 -7.791e-06 -7.660e-06 -7.560e-06 -7.489e-06 -7.448e-06 -7.434e-06 -7.447e-06 -7.489e-06 -7.562e-06 -7.667e-06 -7.814e-06 -8.013e-06 -8.285e-06 -8.658e-06 -9.175e-06 -9.895e-06 -1.089e-05 -1.225e-05 -1.407e-05 -1.643e-05 -1.937e-05 -2.286e-05 -2.672e-05 -3.053e-05 -3.354e-05 -3.451e-05 -3.153e-05 -2.185e-05 -1.530e-06  3.487e-05  9.497e-05  1.895e-04 	
-1.677e-04 -4.239e-06 -3.019e-05 -2.545e-05 -2.199e-05 -1.952e-05 -1.762e-05 -1.611e-05 -1.488e-05 -1.386e-05 -1.301e-05 -1.229e-05 -1.168e-05 -1.117e-05 -1.073e-05 -1.035e-05 -1.004e-05 -9.770e-06 -9.548e-06 -9.369e-06 -9.228e-06 -9.124e-06 -9.055e-06 -9.020e-06 -9.019e-06 -9.052e-06 -9.121e-06 -9.230e-06 -9.387e-06 -9.606e-06 -9.909e-06 -1.033e-05 -1.092e-05 -1.174e-05 -1.288e-05 -1.444e-05 -1.653e-05 -1.925e-05 -2.263e-05 -2.666e-05 -3.111e-05 -3.551e-05 -3.899e-05 -4.013e-05 -3.675e-05 -2.565e-05 -2.343e-06  3.946e-05  1.085e-04  2.171e-04 	
-1.772e-04 -2.145e-05 -3.828e-05 -3.240e-05 -2.796e-05 -2.473e-05 -2.225e-05 -2.029e-05 -1.869e-05 -1.737e-05 -1.628e-05 -1.535e-05 -1.456e-05 -1.389e-05 -1.332e-05 -1.283e-05 -1.241e-05 -1.206e-05 -1.177e-05 -1.152e-05 -1.133e-05 -1.118e-05 -1.107e-05 -1.100e-05 -1.098e-05 -1.100e-05 -1.106e-05 -1.117e-05 -1.134e-05 -1.157e-05 -1.191e-05 -1.239e-05 -1.306e-05 -1.400e-05 -1.531e-05 -1.710e-05 -1.951e-05 -2.264e-05 -2.655e-05 -3.120e-05 -3.634e-05 -4.144e-05 -4.548e-05 -4.683e-05 -4.297e-05 -3.024e-05 -3.424e-06  4.470e-05  1.242e-04  2.494e-04 	
-1.894e-04 -4.306e-05 -4.848e-05 -4.133e-05 -3.569e-05 -3.149e-05 -2.826e-05 -2.571e-05 -2.364e-05 -2.194e-05 -2.052e-05 -1.932e-05 -1.830e-05 -1.742e-05 -1.668e-05 -1.603e-05 -1.548e-05 -1.501e-05 -1.462e-05 -1.429e-05 -1.402e-05 -1.380e-05 -1.364e-05 -1.354e-05 -1.348e-05 -1.347e-05 -1.352e-05 -1.362e-05 -1.379e-05 -1.405e-05 -1.443e-05 -1.496e-05 -1.572e-05 -1.680e-05 -1.831e-05 -2.038e-05 -2.317e-05 -2.679e-05 -3.132e-05 -3.672e-05 -4.269e-05 -4.861e-05 -5.333e-05 -5.494e-05 -5.053e-05 -3.585e-05 -4.879e-06  5.076e-05  1.427e-04  2.875e-04 	
-2.057e-04 -7.102e-05 -6.148e-05 -5.298e-05 -4.589e-05 -4.044e-05 -3.624e-05 -3.291e-05 -3.022e-05 -2.800e-05 -2.614e-05 -2.457e-05 -2.324e-05 -2.209e-05 -2.111e-05 -2.026e-05 -1.953e-05 -1.890e-05 -1.836e-05 -1.791e-05 -1.754e-05 -1.724e-05 -1.700e-05 -1.683e-05 -1.672e-05 -1.668e-05 -1.669e-05 -1.678e-05 -1.696e-05 -1.723e-05 -1.764e-05 -1.825e-05 -1.911e-05 -2.035e-05 -2.210e-05 -2.450e-05 -2.774e-05 -3.195e-05 -3.724e-05 -4.353e-05 -5.051e-05 -5.744e-05 -6.297e-05 -6.490e-05 -5.984e-05 -4.283e-05 -6.865e-06  5.781e-05  1.648e-04  3.333e-04 	
-2.284e-04 -1.086e-04 -7.832e-05 -6.837e-05 -5.957e-05 -5.255e-05 -4.705e-05 -4.268e-05 -3.914e-05 -3.621e-05 -3.376e-05 -3.169e-05 -2.993e-05 -2.841e-05 -2.709e-05 -2.596e-05 -2.498e-05 -2.413e-05 -2.340e-05 -2.278e-05 -2.226e-05 -2.182e-05 -2.148e-05 -2.121e-05 -2.103e-05 -2.092e-05 -2.089e-05 -2.095e-05 -2.112e-05 -2.140e-05 -2.185e-05 -2.253e-05 -2.352e-05 -2.495e-05 -2.697e-05 -2.978e-05 -3.356e-05 -3.851e-05 -4.471e-05 -5.210e-05 -6.031e-05 -6.848e-05 -7.503e-05 -7.737e-05 -7.151e-05 -5.167e-05 -9.619e-06  6.610e-05  1.914e-04  3.888e-04 	
-2.627e-04 -1.619e-04 -1.008e-04 -8.885e-05 -7.815e-05 -6.921e-05 -6.204e-05 -5.626e-05 -5.155e-05 -4.764e-05 -4.437e-05 -4.159e-05 -3.921e-05 -3.716e-05 -3.539e-05 -3.385e-05 -3.251e-05 -3.135e-05 -3.034e-05 -2.947e-05 -2.873e-05 -2.811e-05 -2.760e-05 -2.720e-05 -2.689e-05 -2.669e-05 -2.659e-05 -2.659e-05 -2.672e-05 -2.700e-05 -2.749e-05 -2.824e-05 -2.937e-05 -3.103e-05 -3.339e-05 -3.669e-05 -4.115e-05 -4.700e-05 -5.434e-05 -6.311e-05 -7.286e-05 -8.258e-05 -9.040e-05 -9.327e-05 -8.646e-05 -6.312e-05 -1.351e-05  7.592e-05  2.240e-04  4.575e-04 	
-3.177e-04 -2.423e-04 -1.329e-04 -1.165e-04 -1.035e-04 -9.241e-05 -8.318e-05 -7.558e-05 -6.927e-05 -6.400e-05 -5.955e-05 -5.575e-05 -5.249e-05 -4.968e-05 -4.723e-05 -4.510e-05 -4.324e-05 -4.161e-05 -4.019e-05 -3.896e-05 -3.790e-05 -3.699e-05 -3.623e-05 -3.561e-05 -3.512e-05 -3.476e-05 -3.453e-05 -3.444e-05 -3.450e-05 -3.475e-05 -3.525e-05 -3.608e-05 -3.738e-05 -3.930e-05 -4.208e-05 -4.599e-05 -5.130e-05 -5.828e-05 -6.708e-05 -7.759e-05 -8.930e-05 -1.010e-04 -1.105e-04 -1.140e-04 -1.060e-04 -7.828e-05 -1.913e-05  8.765e-05  2.647e-04  5.437e-04 	
-4.104e-04 -3.731e-04 -1.854e-04 -1.559e-04 -1.387e-04 -1.248e-04 -1.133e-04 -1.035e-04 -9.512e-05 -8.801e-05 -8.192e-05 -7.668e-05 -7.214e-05 -6.819e-05 -6.474e-05 -6.171e-05 -5.906e-05 -5.672e-05 -5.468e-05 -5.288e-05 -5.132e-05 -4.997e-05 -4.882e-05 -4.785e-05 -4.706e-05 -4.644e-05 -4.600e-05 -4.573e-05 -4.566e-05 -4.584e-05 -4.632e-05 -4.721e-05 -4.868e-05 -5.092e-05 -5.422e-05 -5.889e-05 -6.529e-05 -7.373e-05 -8.440e-05 -9.718e-05 -1.114e-04 -1.257e-04 -1.374e-04 -1.418e-04 -1.324e-04 -9.896e-05 -2.747e-05  1.018e-04  3.162e-04  6.544e-04 	
-5.686e-04 -5.996e-04 -2.874e-04 -2.209e-04 -1.906e-04 -1.712e-04 -1.562e-04 -1.438e-04 -1.331e-04 -1.238e-04 -1.156e-04 -1.084e-04 -1.021e-04 -9.651e-05 -9.158e-05 -8.722e-05 -8.336e-05 -7.993e-05 -7.689e-05 -7.421e-05 -7.185e-05 -6.978e-05 -6.799e-05 -6.645e-05 -6.515e-05 -6.409e-05 -6.327e-05 -6.268e-05 -6.236e-05 -6.235e-05 -6.274e-05 -6.366e-05 -6.530e-05 -6.791e-05 -7.184e-05 -7.750e-05 -8.531e-05 -9.568e-05 -1.088e-04 -1.246e-04 -1.423e-04 -1.601e-04 -1.746e-04 -1.804e-04 -1.690e-04 -1.281e-04 -4.027e-05  1.189e-04  3.831e-04  8.000e-04 	
-8.310e-04 -1.007e-03 -5.145e-04 -3.576e-04 -2.855e-04 -2.464e-04 -2.217e-04 -2.037e-04 -1.892e-04 -1.770e-04 -1.663e-04 -1.568e-04 -1.483e-04 -1.407e-04 -1.338e-04 -1.276e-04 -1.220e-04 -1.170e-04 -1.125e-04 -1.084e-04 -1.048e-04 -1.015e-04 -9.870e-05 -9.620e-05 -9.404e-05 -9.221e-05 -9.070e-05 -8.952e-05 -8.870e-05 -8.831e-05 -8.844e-05 -8.926e-05 -9.102e-05 -9.403e-05 -9.874e-05 -1.057e-04 -1.154e-04 -1.283e-04 -1.449e-04 -1.648e-04 -1.872e-04 -2.098e-04 -2.284e-04 -2.361e-04 -2.222e-04 -1.711e-04 -6.077e-05  1.394e-04  4.721e-04  9.973e-04 	
-1.233e-03 -1.729e-03 -1.039e-03 -7.043e-04 -5.201e-04 -4.156e-04 -3.526e-04 -3.119e-04 -2.835e-04 -2.624e-04 -2.456e-04 -2.318e-04 -2.198e-04 -2.093e-04 -2.000e-04 -1.915e-04 -1.838e-04 -1.767e-04 -1.703e-04 -1.644e-04 -1.591e-04 -1.542e-04 -1.499e-04 -1.459e-04 -1.424e-04 -1.394e-04 -1.367e-04 -1.345e-04 -1.328e-04 -1.317e-04 -1.313e-04 -1.317e-04 -1.335e-04 -1.369e-04 -1.425e-04 -1.511e-04 -1.634e-04 -1.799e-04 -2.013e-04 -2.271e-04 -2.564e-04 -2.860e-04 -3.105e-04 -3.210e-04 -3.035e-04 -2.379e-04 -9.553e-05  1.635e-04  5.944e-04  1.275e-03 	
-1.751e-03 -2.913e-03 -2.172e-03 -1.600e-03 -1.195e-03 -9.231e-04 -7.406e-04 -6.154e-04 -5.275e-04 -4.643e-04 -4.175e-04 -3.820e-04 -3.544e-04 -3.323e-04 -3.142e-04 -2.990e-04 -2.860e-04 -2.747e-04 -2.648e-04 -2.560e-04 -2.481e-04 -2.409e-04 -2.345e-04 -2.287e-04 -2.235e-04 -2.188e-04 -2.147e-04 -2.112e-04 -2.083e-04 -2.061e-04 -2.049e-04 -2.049e-04 -2.066e-04 -2.105e-04 -2.175e-04 -2.286e-04 -2.446e-04 -2.667e-04 -2.953e-04 -3.303e-04 -3.700e-04 -4.104e-04 -4.443e-04 -4.593e-04 -4.368e-04 -3.494e-04 -1.586e-04  1.895e-04  7.692e-04  1.685e-03 	
-2.146e-03 -4.467e-03 -4.218e-03 -3.617e-03 -2.986e-03 -2.454e-03 -2.028e-03 -1.693e-03 -1.429e-03 -1.222e-03 -1.057e-03 -9.259e-04 -8.205e-04 -7.354e-04 -6.660e-04 -6.091e-04 -5.621e-04 -5.230e-04 -4.901e-04 -4.625e-04 -4.390e-04 -4.189e-04 -4.017e-04 -3.869e-04 -3.742e-04 -3.632e-04 -3.538e-04 -3.458e-04 -3.391e-04 -3.340e-04 -3.304e-04 -3.289e-04 -3.299e-04 -3.345e-04 -3.436e-04 -3.588e-04 -3.814e-04 -4.130e-04 -4.544e-04 -5.053e-04 -5.634e-04 -6.232e-04 -6.740e-04 -6.984e-04 -6.694e-04 -5.481e-04 -2.793e-04  2.133e-04  1.035e-03  2.334e-03 	
-1.590e-03 -5.244e-03 -6.509e-03 -6.809e-03 -6.527e-03 -6.036e-03 -5.491e-03 -4.955e-03 -4.455e-03 -4.001e-03 -3.595e-03 -3.234e-03 -2.915e-03 -2.634e-03 -2.387e-03 -2.169e-03 -1.978e-03 -1.808e-03 -1.659e-03 -1.527e-03 -1.409e-03 -1.306e-03 -1.213e-03 -1.131e-03 -1.058e-03 -9.926e-04 -9.345e-04 -8.829e-04 -8.372e-04 -7.972e-04 -7.629e-04 -7.346e-04 -7.132e-04 -6.998e-04 -6.963e-04 -7.048e-04 -7.277e-04 -7.673e-04 -8.250e-04 -9.005e-04 -9.900e-04 -1.084e-03 -1.167e-03 -1.211e-03 -1.172e-03 -9.913e-04 -5.822e-04  1.726e-04  1.434e-03  3.428e-03 	
 2.215e-03 -8.713e-04 -4.116e-03 -6.879e-03 -8.592e-03 -9.581e-03 -1.010e-02 -1.030e-02 -1.030e-02 -1.015e-02 -9.912e-03 -9.614e-03 -9.280e-03 -8.928e-03 -8.567e-03 -8.207e-03 -7.852e-03 -7.507e-03 -7.172e-03 -6.850e-03 -6.542e-03 -6.247e-03 -5.966e-03 -5.699e-03 -5.445e-03 -5.204e-03 -4.975e-03 -4.759e-03 -4.555e-03 -4.364e-03 -4.185e-03 -4.020e-03 -3.871e-03 -3.740e-03 -3.632e-03 -3.550e-03 -3.499e-03 -3.482e-03 -3.503e-03 -3.558e-03 -3.640e-03 -3.730e-03 -3.796e-03 -3.783e-03 -3.615e-03 -3.181e-03 -2.330e-03 -8.603e-04  1.499e-03  5.120e-03 	
 1.521e-02  2.110e-02  2.010e-02  1.615e-02  1.206e-02  8.312e-03  4.967e-03  2.027e-03 -5.321e-04 -2.745e-03 -4.652e-03 -6.291e-03 -7.699e-03 -8.908e-03 -9.946e-03 -1.084e-02 -1.160e-02 -1.225e-02 -1.281e-02 -1.329e-02 -1.369e-02 -1.403e-02 -1.432e-02 -1.456e-02 -1.476e-02 -1.493e-02 -1.506e-02 -1.516e-02 -1.524e-02 -1.531e-02 -1.535e-02 -1.539e-02 -1.542e-02 -1.545e-02 -1.549e-02 -1.554e-02 -1.561e-02 -1.570e-02 -1.580e-02 -1.590e-02 -1.596e-02 -1.591e-02 -1.566e-02 -1.507e-02 -1.393e-02 -1.199e-02 -8.905e-03 -4.275e-03  2.436e-03  1.195e-02 	
 5.302e-02  9.195e-02  1.095e-01  1.179e-01  1.231e-01  1.263e-01  1.279e-01  1.284e-01  1.279e-01  1.269e-01  1.254e-01  1.237e-01  1.217e-01  1.197e-01  1.175e-01  1.154e-01  1.132e-01  1.111e-01  1.090e-01  1.069e-01  1.049e-01  1.029e-01  1.010e-01  9.913e-02  9.731e-02  9.553e-02  9.380e-02  9.212e-02  9.049e-02  8.891e-02  8.737e-02  8.587e-02  8.441e-02  8.298e-02  8.159e-02  8.022e-02  7.888e-02  7.756e-02  7.628e-02  7.505e-02  7.391e-02  7.294e-02  7.227e-02  7.214e-02  7.290e-02  7.517e-02  7.991e-02  8.857e-02  1.034e-01  1.276e-01 	
 1.592e-01  2.919e-01  3.619e-01  4.092e-01  4.498e-01  4.855e-01  5.166e-01  5.437e-01  5.674e-01  5.883e-01  6.068e-01  6.234e-01  6.383e-01  6.519e-01  6.643e-01  6.756e-01  6.861e-01  6.957e-01  7.046e-01  7.129e-01  7.207e-01  7.279e-01  7.347e-01  7.411e-01  7.470e-01  7.526e-01  7.579e-01  7.629e-01  7.676e-01  7.721e-01  7.763e-01  7.803e-01  7.841e-01  7.877e-01  7.911e-01  7.944e-01  7.975e-01  8.005e-01  8.034e-01  8.061e-01  8.086e-01  8.108e-01  8.127e-01  8.139e-01  8.142e-01  8.128e-01  8.089e-01  8.009e-01  7.867e-01  7.628e-01 	
 2.535e-01  4.147e-01  4.895e-01  5.448e-01  5.924e-01  6.329e-01  6.670e-01  6.956e-01  7.197e-01  7.403e-01  7.580e-01  7.733e-01  7.868e-01  7.986e-01  8.091e-01  8.185e-01  8.269e-01  8.345e-01  8.413e-01  8.475e-01  8.531e-01  8.583e-01  8.630e-01  8.673e-01  8.712e-01  8.748e-01  8.781e-01  8.812e-01  8.840e-01  8.866e-01  8.890e-01  8.913e-01  8.933e-01  8.953e-01  8.971e-01  8.988e-01  9.004e-01  9.019e-01  9.033e-01  9.046e-01  9.058e-01  9.069e-01  9.076e-01  9.079e-01  9.076e-01  9.063e-01  9.038e-01  8.996e-01  8.931e-01  8.836e-01 	
 3.333e-01  4.879e-01  5.551e-01  6.064e-01  6.493e-01  6.844e-01  7.130e-01  7.365e-01  7.560e-01  7.724e-01  7.864e-01  7.985e-01  8.090e-01  8.182e-01  8.264e-01  8.336e-01  8.401e-01  8.459e-01  8.512e-01  8.560e-01  8.603e-01  8.642e-01  8.678e-01  8.711e-01  8.741e-01  8.769e-01  8.794e-01  8.817e-01  8.839e-01  8.858e-01  8.877e-01  8.893e-01  8.909e-01  8.923e-01  8.937e-01  8.950e-01  8.962e-01  8.973e-01  8.984e-01  8.994e-01  9.004e-01  9.014e-01  9.022e-01  9.029e-01  9.033e-01  9.033e-01  9.029e-01  9.016e-01  8.993e-01  8.954e-01 	
 3.989e-01  5.357e-01  5.960e-01  6.425e-01  6.806e-01  7.113e-01  7.362e-01  7.567e-01  7.737e-01  7.882e-01  8.006e-01  8.114e-01  8.209e-01  8.292e-01  8.366e-01  8.432e-01  8.491e-01  8.544e-01  8.592e-01  8.636e-01  8.675e-01  8.711e-01  8.744e-01  8.774e-01  8.801e-01  8.826e-01  8.849e-01  8.870e-01  8.890e-01  8.907e-01  8.924e-01  8.939e-01  8.952e-01  8.965e-01  8.977e-01  8.988e-01  8.998e-01  9.008e-01  9.017e-01  9.025e-01  9.033e-01  9.040e-01  9.047e-01  9.052e-01  9.056e-01  9.058e-01  9.056e-01  9.049e-01  9.034e-01  9.010e-01 	
 4.513e-01  5.726e-01  6.289e-01  6.719e-01  7.067e-01  7.346e-01  7.572e-01  7.758e-01  7.915e-01  8.048e-01  8.162e-01  8.261e-01  8.348e-01  8.425e-01  8.493e-01  8.553e-01  8.607e-01  8.655e-01  8.698e-01  8.737e-01  8.772e-01  8.804e-01  8.833e-01  8.859e-01  8.883e-01  8.904e-01  8.924e-01  8.942e-01  8.958e-01  8.973e-01  8.987e-01  8.999e-01  9.010e-01  9.021e-01  9.030e-01  9.039e-01  9.047e-01  9.054e-01  9.061e-01  9.067e-01  9.073e-01  9.078e-01  9.083e-01  9.087e-01  9.089e-01  9.090e-01  9.088e-01  9.082e-01  9.070e-01  9.050e-01 	
 4.929e-01  6.055e-01  6.596e-01  6.999e-01  7.317e-01  7.572e-01  7.778e-01  7.949e-01  8.092e-01  8.214e-01  8.318e-01  8.409e-01  8.487e-01  8.556e-01  8.617e-01  8.671e-01  8.718e-01  8.761e-01  8.798e-01  8.832e-01  8.862e-01  8.890e-01  8.914e-01  8.936e-01  8.956e-01  8.974e-01  8.990e-01  9.005e-01  9.018e-01  9.030e-01  9.041e-01  9.051e-01  9.060e-01  9.068e-01  9.075e-01  9.081e-01  9.087e-01  9.093e-01  9.098e-01  9.102e-01  9.106e-01  9.110e-01  9.113e-01  9.116e-01  9.117e-01  9.116e-01  9.114e-01  9.107e-01  9.096e-01  9.078e-01 	
 5.253e-01  6.360e-01  6.891e-01  7.270e-01  7.562e-01  7.794e-01  7.981e-01  8.135e-01  8.265e-01  8.374e-01  8.467e-01  8.548e-01  8.617e-01  8.678e-01  8.731e-01  8.777e-01  8.818e-01  8.855e-01  8.887e-01  8.915e-01  8.941e-01  8.963e-01  8.984e-01  9.002e-01  9.018e-01  9.032e-01  9.045e-01  9.057e-01  9.068e-01  9.077e-01  9.085e-01  9.093e-01  9.099e-01  9.105e-01  9.111e-01  9.116e-01  9.120e-01  9.124e-01  9.127e-01  9.130e-01  9.133e-01  9.136e-01  9.138e-01  9.139e-01  9.139e-01  9.138e-01  9.134e-01  9.127e-01  9.115e-01  9.096e-01 	
 5.487e-01  6.622e-01  7.155e-01  7.521e-01  7.798e-01  8.013e-01  8.185e-01  8.325e-01  8.441e-01  8.537e-01  8.619e-01  8.689e-01  8.748e-01  8.799e-01  8.844e-01  8.882e-01  8.916e-01  8.945e-01  8.971e-01  8.994e-01  9.014e-01  9.032e-01  9.048e-01  9.061e-01  9.074e-01  9.085e-01  9.095e-01  9.103e-01  9.111e-01  9.117e-01  9.123e-01  9.129e-01  9.133e-01  9.137e-01  9.141e-01  9.144e-01  9.147e-01  9.149e-01  9.152e-01  9.154e-01  9.156e-01  9.157e-01  9.159e-01  9.159e-01  9.158e-01  9.156e-01  9.151e-01  9.142e-01  9.128e-01  9.105e-01 	
 5.616e-01  6.780e-01  7.318e-01  7.688e-01  7.969e-01  8.186e-01  8.359e-01  8.498e-01  8.611e-01  8.703e-01  8.780e-01  8.843e-01  8.896e-01  8.941e-01  8.979e-01  9.011e-01  9.039e-01  9.062e-01  9.082e-01  9.099e-01  9.114e-01  9.127e-01  9.137e-01  9.147e-01  9.155e-01  9.162e-01  9.167e-01  9.172e-01  9.177e-01  9.180e-01  9.183e-01  9.185e-01  9.187e-01  9.189e-01  9.190e-01  9.191e-01  9.192e-01  9.193e-01  9.193e-01  9.194e-01  9.195e-01  9.195e-01  9.195e-01  9.194e-01  9.191e-01  9.186e-01  9.177e-01  9.163e-01  9.140e-01  9.107e-01 	
 5.540e-01  6.683e-01  7.187e-01  7.541e-01  7.825e-01  8.056e-01  8.247e-01  8.405e-01  8.537e-01  8.647e-01  8.741e-01  8.820e-01  8.888e-01  8.945e-01  8.995e-01  9.038e-01  9.075e-01  9.107e-01  9.135e-01  9.159e-01  9.180e-01  9.198e-01  9.214e-01  9.228e-01  9.241e-01  9.251e-01  9.261e-01  9.269e-01  9.276e-01  9.282e-01  9.287e-01  9.291e-01  9.295e-01  9.298e-01  9.301e-01  9.303e-01  9.305e-01  9.306e-01  9.307e-01  9.308e-01  9.308e-01  9.306e-01  9.303e-01  9.296e-01  9.284e-01  9.265e-01  9.237e-01  9.195e-01  9.137e-01  9.056e-01 	
 4.930e-01  5.955e-01  6.328e-01  6.547e-01  6.712e-01  6.849e-01  6.968e-01  7.073e-01  7.167e-01  7.251e-01  7.327e-01  7.396e-01  7.460e-01  7.518e-01  7.572e-01  7.622e-01  7.668e-01  7.712e-01  7.752e-01  7.790e-01  7.826e-01  7.859e-01  7.891e-01  7.921e-01  7.949e-01  7.976e-01  8.002e-01  8.026e-01  8.049e-01  8.071e-01  8.092e-01  8.112e-01  8.131e-01  8.149e-01  8.166e-01  8.183e-01  8.198e-01  8.214e-01  8.228e-01  8.242e-01  8.255e-01  8.267e-01  8.277e-01  8.285e-01  8.288e-01  8.282e-01  8.259e-01  8.207e-01  8.107e-01  7.929e-01 	
 2.946e-01  3.605e-01  3.795e-01  3.827e-01  3.791e-01  3.718e-01  3.628e-01  3.528e-01  3.425e-01  3.321e-01  3.220e-01  3.122e-01  3.027e-01  2.937e-01  2.850e-01  2.768e-01  2.690e-01  2.615e-01  2.544e-01  2.477e-01  2.413e-01  2.352e-01  2.293e-01  2.238e-01  2.185e-01  2.134e-01  2.085e-01  2.039e-01  1.995e-01  1.952e-01  1.911e-01  1.872e-01  1.834e-01  1.798e-01  1.762e-01  1.729e-01  1.696e-01  1.665e-01  1.635e-01  1.607e-01  1.581e-01  1.559e-01  1.543e-01  1.538e-01  1.549e-01  1.589e-01  1.675e-01  1.835e-01  2.112e-01  2.570e-01 	
 4.511e-01  5.656e-01  6.125e-01  6.431e-01  6.667e-01  6.860e-01  7.021e-01  7.158e-01  7.275e-01  7.378e-01  7.468e-01  7.548e-01  7.620e-01  7.685e-01  7.743e-01  7.797e-01  7.846e-01  7.891e-01  7.933e-01  7.972e-01  8.008e-01  8.041e-01  8.073e-01  8.102e-01  8.130e-01  8.156e-01  8.181e-01  8.204e-01  8.226e-01  8.247e-01  8.267e-01  8.285e-01  8.303e-01  8.320e-01  8.336e-01  8.352e-01  8.367e-01  8.381e-01  8.395e-01  8.408e-01  8.420e-01  8.430e-01  8.436e-01  8.437e-01  8.428e-01  8.403e-01  8.352e-01  8.260e-01  8.104e-01  7.849e-01 	
 4.195e-01  5.275e-01  5.757e-01  6.107e-01  6.396e-01  6.638e-01  6.845e-01  7.021e-01  7.173e-01  7.306e-01  7.422e-01  7.525e-01  7.616e-01  7.698e-01  7.772e-01  7.839e-01  7.899e-01  7.954e-01  8.005e-01  8.051e-01  8.094e-01  8.134e-01  8.171e-01  8.205e-01  8.237e-01  8.266e-01  8.294e-01  8.320e-01  8.344e-01  8.367e-01  8.389e-01  8.409e-01  8.428e-01  8.447e-01  8.464e-01  8.480e-01  8.496e-01  8.511e-01  8.526e-01  8.539e-01  8.550e-01  8.558e-01  8.561e-01  8.555e-01  8.536e-01  8.496e-01  8.422e-01  8.297e-01  8.096e-01  7.781e-01 	
 1.446e-01  1.780e-01  1.888e-01  1.920e-01  1.914e-01  1.886e-01  1.846e-01  1.799e-01  1.749e-01  1.698e-01  1.647e-01  1.597e-01  1.549e-01  1.503e-01  1.458e-01  1.416e-01  1.376e-01  1.337e-01  1.300e-01  1.265e-01  1.232e-01  1.200e-01  1.170e-01  1.141e-01  1.114e-01  1.087e-01  1.062e-01  1.038e-01  1.015e-01  9.929e-02  9.716e-02  9.513e-02  9.317e-02  9.128e-02  8.947e-02  8.772e-02  8.603e-02  8.441e-02  8.286e-02  8.140e-02  8.006e-02  7.891e-02  7.807e-02  7.774e-02  7.827e-02  8.022e-02  8.451e-02  9.254e-02  1.065e-01  1.295e-01 	
 4.683e-02  5.023e-02  4.369e-02  3.485e-02  2.657e-02  1.945e-02  1.349e-02  8.547e-03  4.447e-03  1.043e-03 -1.791e-03 -4.157e-03 -6.138e-03 -7.799e-03 -9.196e-03 -1.037e-02 -1.136e-02 -1.219e-02 -1.289e-02 -1.348e-02 -1.397e-02 -1.437e-02 -1.471e-02 -1.499e-02 -1.521e-02 -1.539e-02 -1.553e-02 -1.563e-02 -1.571e-02 -1.576e-02 -1.580e-02 -1.582e-02 -1.583e-02 -1.584e-02 -1.585e-02 -1.587e-02 -1.590e-02 -1.594e-02 -1.599e-02 -1.603e-02 -1.602e-02 -1.590e-02 -1.558e-02 -1.492e-02 -1.374e-02 -1.179e-02 -8.777e-03 -4.321e-03  2.053e-03  1.100e-02 	
 1.171e-02  6.557e-03 -2.772e-04 -5.275e-03 -8.323e-03 -1.007e-02 -1.098e-02 -1.136e-02 -1.142e-02 -1.126e-02 -1.097e-02 -1.060e-02 -1.018e-02 -9.747e-03 -9.305e-03 -8.866e-03 -8.437e-03 -8.023e-03 -7.624e-03 -7.244e-03 -6.882e-03 -6.539e-03 -6.213e-03 -5.906e-03 -5.614e-03 -5.339e-03 -5.080e-03 -4.835e-03 -4.604e-03 -4.387e-03 -4.185e-03 -3.998e-03 -3.827e-03 -3.676e-03 -3.545e-03 -3.440e-03 -3.364e-03 -3.321e-03 -3.311e-03 -3.333e-03 -3.380e-03 -3.434e-03 -3.466e-03 -3.430e-03 -3.256e-03 -2.847e-03 -2.072e-03 -7.556e-04  1.338e-03  4.530e-03 	
-1.946e-03 -6.952e-03 -9.079e-03 -9.122e-03 -8.389e-03 -7.460e-03 -6.540e-03 -5.698e-03 -4.953e-03 -4.305e-03 -3.744e-03 -3.262e-03 -2.846e-03 -2.489e-03 -2.181e-03 -1.915e-03 -1.685e-03 -1.485e-03 -1.311e-03 -1.160e-03 -1.028e-03 -9.117e-04 -8.098e-04 -7.201e-04 -6.408e-04 -5.708e-04 -5.087e-04 -4.536e-04 -4.049e-04 -3.620e-04 -3.248e-04 -2.933e-04 -2.681e-04 -2.500e-04 -2.404e-04 -2.410e-04 -2.537e-04 -2.803e-04 -3.221e-04 -3.787e-04 -4.473e-04 -5.209e-04 -5.862e-04 -6.211e-04 -5.920e-04 -4.498e-04 -1.257e-04  4.755e-04  1.484e-03  3.083e-03 	
-1.185e-02 -1.532e-02 -1.376e-02 -1.127e-02 -9.142e-03 -7.509e-03 -6.280e-03 -5.351e-03 -4.638e-03 -4.084e-03 -3.646e-03 -3.293e-03 -3.006e-03 -2.768e-03 -2.567e-03 -2.397e-03 -2.251e-03 -2.123e-03 -2.010e-03 -1.910e-03 -1.820e-03 -1.739e-03 -1.665e-03 -1.597e-03 -1.534e-03 -1.475e-03 -1.421e-03 -1.370e-03 -1.322e-03 -1.276e-03 -1.234e-03 -1.194e-03 -1.157e-03 -1.123e-03 -1.092e-03 -1.066e-03 -1.044e-03 -1.028e-03 -1.017e-03 -1.011e-03 -1.009e-03 -1.006e-03 -9.972e-04 -9.725e-04 -9.170e-04 -8.097e-04 -6.207e-04 -3.095e-04  1.801e-04  9.263e-04 	
