 7.325e-01  7.176e-01  7.058e-01  6.970e-01  6.905e-01  6.882e-01  6.898e-01  6.946e-01  7.034e-01  7.151e-01  7.282e-01  8.165e-01  9.329e-01  9.900e-01  9.900e-01  9.900e-01  9.900e-01  9.979e-01  9.375e-01  8.740e-01  8.004e-01  7.155e-01  6.237e-01  5.178e-01  3.957e-01  2.770e-01  1.729e-01  5.307e-02  1.000e-08  1.000e-08  1.000e-08  1.000e-08  1.000e-08  1.000e-08  1.000e-08  1.000e-08  1.000e-08  1.000e-08  1.000e-08  1.000e-08  1.000e-08  1.000e-08  1.000e-08  1.000e-08  1.000e-08  1.000e-08  1.000e-08  1.000e-08  1.000e-08  1.000e-08 	
 6.399e-01  6.243e-01  6.106e-01  5.992e-01  5.913e-01  5.867e-01  5.860e-01  5.903e-01  6.008e-01  6.213e-01  6.621e-01  7.548e-01  8.714e-01  9.463e-01  9.900e-01  9.900e-01  9.900e-01  9.900e-01  9.461e-01  9.047e-01  8.605e-01  8.095e-01  7.524e-01  6.853e-01  6.076e-01  5.290e-01  4.546e-01  3.744e-01  2.959e-01  2.293e-01  1.765e-01  1.238e-01  8.162e-02  5.262e-02  3.457e-02  1.510e-02  2.865e-03  1.000e-08  1.000e-08  1.000e-08  1.000e-08  1.000e-08  1.000e-08  1.000e-08  6.023e-03  2.452e-02  6.462e-02  1.215e-01  1.000e-08  1.000e-08 	
 5.654e-01  5.492e-01  5.342e-01  5.224e-01  5.126e-01  5.063e-01  5.045e-01  5.086e-01  5.220e-01  5.510e-01  6.088e-01  7.434e-01  8.643e-01  9.261e-01  9.622e-01  9.980e-01  9.900e-01  9.900e-01  9.905e-01  9.553e-01  9.216e-01  8.833e-01  8.380e-01  7.834e-01  7.173e-01  6.453e-01  5.725e-01  4.917e-01  4.083e-01  3.321e-01  2.663e-01  1.989e-01  1.413e-01  9.771e-02  6.713e-02  3.554e-02  1.326e-02  1.000e-08  1.000e-08  1.000e-08  1.000e-08  1.000e-08  1.000e-08  1.000e-08  1.000e-08  1.000e-08  3.534e-02  9.800e-02  2.818e-03  1.000e-08 	
 5.064e-01  4.892e-01  4.743e-01  4.616e-01  4.514e-01  4.436e-01  4.397e-01  4.415e-01  4.528e-01  4.817e-01  5.467e-01  6.978e-01  8.591e-01  9.203e-01  9.474e-01  9.661e-01  9.953e-01  9.900e-01  9.900e-01  9.921e-01  9.635e-01  9.313e-01  8.963e-01  8.537e-01  8.009e-01  7.391e-01  6.723e-01  5.952e-01  5.119e-01  4.311e-01  3.572e-01  2.772e-01  2.046e-01  1.457e-01  1.014e-01  5.432e-02  1.871e-02  1.000e-08  1.000e-08  1.000e-08  1.000e-08  1.000e-08  1.000e-08  1.000e-08  1.000e-08  1.000e-08  1.000e-08  3.729e-02  1.000e-08  1.000e-08 	
 4.596e-01  4.431e-01  4.283e-01  4.155e-01  4.047e-01  3.964e-01  3.915e-01  3.916e-01  3.994e-01  4.229e-01  4.816e-01  6.411e-01  8.341e-01  9.149e-01  9.391e-01  9.546e-01  9.657e-01  9.853e-01  9.900e-01  9.900e-01  9.974e-01  9.699e-01  9.391e-01  9.070e-01  8.677e-01  8.190e-01  7.620e-01  6.943e-01  6.174e-01  5.390e-01  4.630e-01  3.779e-01  2.961e-01  2.254e-01  1.682e-01  1.070e-01  5.822e-02  2.346e-02  1.319e-03  1.000e-08  1.000e-08  1.000e-08  1.000e-08  1.000e-08  1.000e-08  1.000e-08  1.000e-08  1.798e-02  1.000e-08  1.000e-08 	
 4.239e-01  4.083e-01  3.945e-01  3.825e-01  3.726e-01  3.656e-01  3.621e-01  3.639e-01  3.740e-01  3.991e-01  4.543e-01  5.748e-01  7.887e-01  9.013e-01  9.340e-01  9.480e-01  9.566e-01  9.633e-01  9.767e-01  9.981e-01  9.900e-01  9.900e-01  9.748e-01  9.473e-01  9.178e-01  8.810e-01  8.366e-01  7.815e-01  7.154e-01  6.436e-01  5.709e-01  4.868e-01  4.016e-01  3.234e-01  2.559e-01  1.824e-01  1.204e-01  7.303e-02  3.993e-02  6.610e-04  1.000e-08  1.000e-08  1.000e-08  1.000e-08  1.000e-08  1.000e-08  1.000e-08  1.302e-02  1.000e-08  1.000e-08 	
 3.978e-01  3.836e-01  3.712e-01  3.610e-01  3.533e-01  3.489e-01  3.494e-01  3.567e-01  3.748e-01  4.095e-01  4.701e-01  5.526e-01  7.299e-01  8.745e-01  9.312e-01  9.435e-01  9.501e-01  9.569e-01  9.614e-01  9.708e-01  9.928e-01  9.900e-01  9.900e-01  9.811e-01  9.563e-01  9.273e-01  8.939e-01  8.518e-01  8.001e-01  7.384e-01  6.725e-01  5.944e-01  5.114e-01  4.311e-01  3.572e-01  2.747e-01  2.010e-01  1.408e-01  9.515e-02  4.378e-02  6.209e-03  1.000e-08  1.000e-08  1.000e-08  1.000e-08  1.000e-08  1.000e-08  1.150e-02  1.000e-08  1.000e-08 	
 3.797e-01  3.671e-01  3.568e-01  3.487e-01  3.439e-01  3.432e-01  3.483e-01  3.616e-01  3.867e-01  4.291e-01  4.931e-01  5.694e-01  6.805e-01  8.205e-01  9.117e-01  9.412e-01  9.456e-01  9.501e-01  9.550e-01  9.596e-01  9.665e-01  9.842e-01  9.900e-01  9.900e-01  9.892e-01  9.643e-01  9.359e-01  9.054e-01  8.667e-01  8.185e-01  7.626e-01  6.941e-01  6.181e-01  5.405e-01  4.657e-01  3.788e-01  2.970e-01  2.260e-01  1.679e-01  1.033e-01  5.325e-02  1.774e-02  1.000e-08  1.000e-08  1.000e-08  1.000e-08  1.000e-08  1.155e-02  1.000e-08  1.000e-08 	
 3.683e-01  3.576e-01  3.493e-01  3.438e-01  3.418e-01  3.444e-01  3.530e-01  3.701e-01  3.982e-01  4.409e-01  5.006e-01  5.835e-01  6.835e-01  7.654e-01  8.626e-01  9.212e-01  9.470e-01  9.476e-01  9.493e-01  9.535e-01  9.579e-01  9.627e-01  9.768e-01  9.969e-01  9.900e-01  9.951e-01  9.701e-01  9.449e-01  9.167e-01  8.807e-01  8.369e-01  7.814e-01  7.158e-01  6.451e-01  5.734e-01  4.885e-01  4.037e-01  3.253e-01  2.573e-01  1.805e-01  1.172e-01  6.888e-02  3.284e-02  1.000e-08  1.000e-08  1.000e-08  1.000e-08  1.366e-02  1.000e-08  1.000e-08 	
 3.624e-01  3.537e-01  3.474e-01  3.441e-01  3.444e-01  3.495e-01  3.606e-01  3.793e-01  4.075e-01  4.477e-01  5.030e-01  5.835e-01  7.022e-01  7.656e-01  8.175e-01  8.834e-01  9.323e-01  9.470e-01  9.443e-01  9.475e-01  9.521e-01  9.568e-01  9.606e-01  9.720e-01  9.933e-01  9.900e-01  9.971e-01  9.780e-01  9.544e-01  9.269e-01  8.942e-01  8.525e-01  8.001e-01  7.396e-01  6.746e-01  5.956e-01  5.134e-01  4.335e-01  3.595e-01  2.738e-01  1.987e-01  1.373e-01  8.812e-02  3.523e-02  1.000e-08  1.000e-08  1.000e-08  1.909e-02  1.000e-08  1.000e-08 	
 3.608e-01  3.538e-01  3.495e-01  3.482e-01  3.505e-01  3.574e-01  3.698e-01  3.890e-01  4.166e-01  4.545e-01  5.065e-01  5.764e-01  7.034e-01  7.896e-01  8.136e-01  8.322e-01  8.806e-01  9.276e-01  9.435e-01  9.462e-01  9.464e-01  9.500e-01  9.556e-01  9.598e-01  9.675e-01  9.860e-01  9.900e-01  9.900e-01  9.867e-01  9.626e-01  9.355e-01  9.057e-01  8.679e-01  8.194e-01  7.640e-01  6.954e-01  6.201e-01  5.427e-01  4.680e-01  3.787e-01  2.957e-01  2.230e-01  1.609e-01  9.397e-02  4.464e-02  1.734e-02  1.497e-02  2.968e-02  1.000e-08  1.000e-08 	
 3.628e-01  3.575e-01  3.548e-01  3.552e-01  3.591e-01  3.672e-01  3.806e-01  4.000e-01  4.267e-01  4.626e-01  5.092e-01  5.697e-01  6.723e-01  7.676e-01  8.117e-01  8.179e-01  8.338e-01  8.823e-01  9.264e-01  9.416e-01  9.443e-01  9.448e-01  9.494e-01  9.542e-01  9.585e-01  9.641e-01  9.783e-01  9.984e-01  9.900e-01  9.934e-01  9.690e-01  9.450e-01  9.173e-01  8.822e-01  8.387e-01  7.825e-01  7.174e-01  6.471e-01  5.757e-01  4.886e-01  4.028e-01  3.232e-01  2.505e-01  1.704e-01  1.065e-01  6.440e-02  4.744e-02  4.795e-02  1.000e-08  1.000e-08 	
 3.675e-01  3.637e-01  3.625e-01  3.643e-01  3.694e-01  3.786e-01  3.926e-01  4.120e-01  4.377e-01  4.714e-01  5.148e-01  5.657e-01  6.622e-01  7.455e-01  8.026e-01  8.313e-01  8.413e-01  8.448e-01  8.699e-01  9.161e-01  9.365e-01  9.448e-01  9.446e-01  9.483e-01  9.535e-01  9.578e-01  9.618e-01  9.745e-01  9.955e-01  9.900e-01  9.963e-01  9.777e-01  9.546e-01  9.275e-01  8.949e-01  8.538e-01  8.016e-01  7.413e-01  6.767e-01  5.963e-01  5.132e-01  4.317e-01  3.530e-01  2.634e-01  1.861e-01  1.283e-01  9.423e-02  7.700e-02  1.000e-08  1.000e-08 	
 3.745e-01  3.720e-01  3.721e-01  3.749e-01  3.813e-01  3.911e-01  4.054e-01  4.245e-01  4.499e-01  4.812e-01  5.205e-01  5.654e-01  6.492e-01  7.264e-01  7.767e-01  8.216e-01  8.459e-01  8.414e-01  8.310e-01  8.619e-01  9.054e-01  9.346e-01  9.442e-01  9.445e-01  9.471e-01  9.513e-01  9.569e-01  9.605e-01  9.695e-01  9.887e-01  9.900e-01  9.900e-01  9.867e-01  9.629e-01  9.363e-01  9.067e-01  8.687e-01  8.209e-01  7.658e-01  6.958e-01  6.200e-01  5.416e-01  4.625e-01  3.684e-01  2.817e-01  2.099e-01  1.578e-01  1.200e-01  5.976e-03  1.000e-08 	
 3.832e-01  3.819e-01  3.830e-01  3.868e-01  3.938e-01  4.044e-01  4.189e-01  4.376e-01  4.617e-01  4.910e-01  5.264e-01  5.631e-01  6.344e-01  7.088e-01  7.595e-01  7.971e-01  8.298e-01  8.436e-01  8.431e-01  8.342e-01  8.492e-01  8.964e-01  9.298e-01  9.409e-01  9.433e-01  9.455e-01  9.510e-01  9.553e-01  9.598e-01  9.658e-01  9.814e-01  9.900e-01  9.900e-01  9.936e-01  9.689e-01  9.463e-01  9.184e-01  8.836e-01  8.396e-01  7.832e-01  7.175e-01  6.463e-01  5.711e-01  4.789e-01  3.885e-01  3.067e-01  2.387e-01  1.794e-01  5.021e-02  1.000e-08 	
 3.930e-01  3.927e-01  3.948e-01  3.995e-01  4.071e-01  4.180e-01  4.326e-01  4.509e-01  4.738e-01  5.009e-01  5.319e-01  5.617e-01  6.217e-01  6.910e-01  7.482e-01  7.774e-01  8.059e-01  8.314e-01  8.453e-01  8.389e-01  8.248e-01  8.437e-01  8.755e-01  9.195e-01  9.381e-01  9.456e-01  9.459e-01  9.497e-01  9.548e-01  9.591e-01  9.635e-01  9.777e-01  9.990e-01  9.900e-01  9.967e-01  9.786e-01  9.558e-01  9.290e-01  8.963e-01  8.541e-01  8.018e-01  7.407e-01  6.726e-01  5.877e-01  4.994e-01  4.134e-01  3.340e-01  2.558e-01  1.115e-01  1.000e-08 	
 4.037e-01  4.043e-01  4.072e-01  4.125e-01  4.206e-01  4.317e-01  4.461e-01  4.639e-01  4.851e-01  5.099e-01  5.380e-01  5.632e-01  6.115e-01  6.711e-01  7.149e-01  7.630e-01  7.925e-01  8.101e-01  8.329e-01  8.475e-01  8.456e-01  8.327e-01  8.228e-01  8.684e-01  9.172e-01  9.381e-01  9.451e-01  9.447e-01  9.483e-01  9.530e-01  9.586e-01  9.621e-01  9.729e-01  9.930e-01  9.900e-01  9.900e-01  9.876e-01  9.639e-01  9.375e-01  9.083e-01  8.694e-01  8.206e-01  7.629e-01  6.887e-01  6.071e-01  5.232e-01  4.389e-01  3.468e-01  1.909e-01  1.000e-08 	
 4.151e-01  4.165e-01  4.199e-01  4.258e-01  4.342e-01  4.454e-01  4.594e-01  4.761e-01  4.960e-01  5.186e-01  5.430e-01  5.635e-01  6.046e-01  6.546e-01  7.034e-01  7.357e-01  7.750e-01  7.946e-01  8.017e-01  8.241e-01  8.406e-01  8.362e-01  8.280e-01  8.330e-01  8.616e-01  9.051e-01  9.325e-01  9.429e-01  9.447e-01  9.474e-01  9.529e-01  9.572e-01  9.613e-01  9.686e-01  9.851e-01  9.900e-01  9.900e-01  9.943e-01  9.699e-01  9.472e-01  9.195e-01  8.834e-01  8.377e-01  7.776e-01  7.073e-01  6.297e-01  5.465e-01  4.482e-01  2.864e-01  1.000e-08 	
 4.268e-01  4.288e-01  4.328e-01  4.389e-01  4.475e-01  4.584e-01  4.717e-01  4.880e-01  5.065e-01  5.269e-01  5.480e-01  5.626e-01  5.935e-01  6.435e-01  6.806e-01  7.245e-01  7.515e-01  7.757e-01  7.896e-01  7.995e-01  8.193e-01  8.409e-01  8.460e-01  8.388e-01  8.277e-01  8.494e-01  8.848e-01  9.261e-01  9.417e-01  9.470e-01  9.478e-01  9.514e-01  9.568e-01  9.610e-01  9.661e-01  9.822e-01  9.900e-01  9.900e-01  9.977e-01  9.797e-01  9.566e-01  9.294e-01  8.955e-01  8.509e-01  7.940e-01  7.270e-01  6.504e-01  5.532e-01  3.938e-01  1.000e-08 	
 4.388e-01  4.411e-01  4.454e-01  4.517e-01  4.603e-01  4.711e-01  4.841e-01  4.991e-01  5.160e-01  5.344e-01  5.523e-01  5.626e-01  5.834e-01  6.257e-01  6.680e-01  6.989e-01  7.360e-01  7.519e-01  7.702e-01  7.903e-01  7.950e-01  8.084e-01  8.224e-01  8.323e-01  8.388e-01  8.323e-01  8.312e-01  8.782e-01  9.244e-01  9.407e-01  9.465e-01  9.460e-01  9.502e-01  9.552e-01  9.610e-01  9.646e-01  9.769e-01  9.976e-01  9.900e-01  9.900e-01  9.884e-01  9.643e-01  9.379e-01  9.067e-01  8.648e-01  8.108e-01  7.447e-01  6.563e-01  5.067e-01  7.353e-02 	
 4.506e-01  4.532e-01  4.575e-01  4.644e-01  4.729e-01  4.833e-01  4.955e-01  5.095e-01  5.248e-01  5.415e-01  5.566e-01  5.640e-01  5.778e-01  6.097e-01  6.497e-01  6.815e-01  7.146e-01  7.348e-01  7.444e-01  7.615e-01  7.835e-01  7.885e-01  8.021e-01  8.236e-01  8.410e-01  8.417e-01  8.235e-01  8.360e-01  8.691e-01  9.096e-01  9.351e-01  9.459e-01  9.471e-01  9.497e-01  9.556e-01  9.597e-01  9.636e-01  9.723e-01  9.902e-01  9.900e-01  9.900e-01  9.947e-01  9.701e-01  9.464e-01  9.170e-01  8.774e-01  8.253e-01  7.511e-01  6.181e-01  2.586e-01 	
 4.623e-01  4.653e-01  4.698e-01  4.763e-01  4.843e-01  4.943e-01  5.059e-01  5.192e-01  5.330e-01  5.478e-01  5.607e-01  5.663e-01  5.754e-01  5.995e-01  6.336e-01  6.683e-01  6.965e-01  7.135e-01  7.274e-01  7.400e-01  7.567e-01  7.778e-01  7.898e-01  8.007e-01  8.262e-01  8.441e-01  8.481e-01  8.399e-01  8.304e-01  8.549e-01  8.953e-01  9.338e-01  9.459e-01  9.491e-01  9.503e-01  9.536e-01  9.596e-01  9.637e-01  9.699e-01  9.879e-01  9.900e-01  9.900e-01  9.984e-01  9.789e-01  9.552e-01  9.266e-01  8.884e-01  8.323e-01  7.213e-01  4.360e-01 	
 4.737e-01  4.766e-01  4.811e-01  4.871e-01  4.954e-01  5.046e-01  5.156e-01  5.276e-01  5.406e-01  5.532e-01  5.646e-01  5.679e-01  5.735e-01  5.923e-01  6.203e-01  6.523e-01  6.773e-01  6.957e-01  7.100e-01  7.220e-01  7.399e-01  7.543e-01  7.759e-01  7.913e-01  7.954e-01  8.116e-01  8.308e-01  8.352e-01  8.358e-01  8.353e-01  8.427e-01  8.890e-01  9.308e-01  9.437e-01  9.484e-01  9.481e-01  9.527e-01  9.580e-01  9.637e-01  9.684e-01  9.828e-01  9.900e-01  9.900e-01  9.900e-01  9.867e-01  9.623e-01  9.352e-01  8.959e-01  8.102e-01  5.953e-01 	
 4.848e-01  4.879e-01  4.919e-01  4.981e-01  5.053e-01  5.141e-01  5.243e-01  5.353e-01  5.469e-01  5.582e-01  5.678e-01  5.697e-01  5.716e-01  5.854e-01  6.090e-01  6.353e-01  6.587e-01  6.781e-01  6.910e-01  7.078e-01  7.214e-01  7.398e-01  7.506e-01  7.694e-01  7.848e-01  7.904e-01  8.044e-01  8.288e-01  8.446e-01  8.454e-01  8.259e-01  8.420e-01  8.769e-01  9.154e-01  9.390e-01  9.496e-01  9.500e-01  9.525e-01  9.584e-01  9.626e-01  9.673e-01  9.785e-01  9.980e-01  9.900e-01  9.900e-01  9.928e-01  9.695e-01  9.426e-01  8.797e-01  7.278e-01 	
 4.950e-01  4.981e-01  5.023e-01  5.082e-01  5.149e-01  5.233e-01  5.324e-01  5.425e-01  5.529e-01  5.630e-01  5.708e-01  5.710e-01  5.709e-01  5.782e-01  5.946e-01  6.168e-01  6.384e-01  6.573e-01  6.719e-01  6.835e-01  7.018e-01  7.181e-01  7.389e-01  7.474e-01  7.628e-01  7.837e-01  7.939e-01  8.076e-01  8.290e-01  8.459e-01  8.517e-01  8.435e-01  8.335e-01  8.618e-01  9.073e-01  9.417e-01  9.506e-01  9.510e-01  9.531e-01  9.565e-01  9.626e-01  9.674e-01  9.758e-01  9.972e-01  9.900e-01  9.900e-01  9.986e-01  9.779e-01  9.316e-01  8.306e-01 	
 5.055e-01  5.080e-01  5.122e-01  5.174e-01  5.239e-01  5.312e-01  5.399e-01  5.491e-01  5.583e-01  5.667e-01  5.735e-01  5.731e-01  5.704e-01  5.740e-01  5.843e-01  6.010e-01  6.225e-01  6.403e-01  6.565e-01  6.636e-01  6.811e-01  6.977e-01  7.100e-01  7.296e-01  7.412e-01  7.558e-01  7.833e-01  7.910e-01  7.981e-01  8.218e-01  8.437e-01  8.455e-01  8.385e-01  8.406e-01  8.571e-01  9.007e-01  9.387e-01  9.482e-01  9.518e-01  9.511e-01  9.559e-01  9.614e-01  9.673e-01  9.744e-01  9.934e-01  9.900e-01  9.900e-01  9.900e-01  9.722e-01  9.071e-01 	
 5.148e-01  5.174e-01  5.211e-01  5.260e-01  5.319e-01  5.387e-01  5.462e-01  5.543e-01  5.626e-01  5.705e-01  5.758e-01  5.747e-01  5.704e-01  5.712e-01  5.776e-01  5.939e-01  6.123e-01  6.259e-01  6.391e-01  6.470e-01  6.625e-01  6.783e-01  6.928e-01  7.083e-01  7.203e-01  7.371e-01  7.521e-01  7.762e-01  7.890e-01  7.990e-01  8.155e-01  8.414e-01  8.527e-01  8.513e-01  8.363e-01  8.517e-01  8.881e-01  9.259e-01  9.450e-01  9.535e-01  9.531e-01  9.555e-01  9.616e-01  9.671e-01  9.735e-01  9.906e-01  9.900e-01  9.900e-01  9.900e-01  9.673e-01 	
 5.243e-01  5.263e-01  5.296e-01  5.337e-01  5.396e-01  5.453e-01  5.527e-01  5.596e-01  5.667e-01  5.730e-01  5.775e-01  5.760e-01  5.708e-01  5.689e-01  5.728e-01  5.838e-01  5.980e-01  6.096e-01  6.190e-01  6.283e-01  6.444e-01  6.588e-01  6.777e-01  6.886e-01  7.049e-01  7.191e-01  7.409e-01  7.513e-01  7.701e-01  7.893e-01  7.965e-01  8.122e-01  8.326e-01  8.458e-01  8.541e-01  8.489e-01  8.426e-01  8.752e-01  9.224e-01  9.490e-01  9.546e-01  9.529e-01  9.555e-01  9.601e-01  9.673e-01  9.748e-01  9.927e-01  9.900e-01  9.900e-01  9.900e-01 	
 5.329e-01  5.349e-01  5.374e-01  5.416e-01  5.463e-01  5.515e-01  5.577e-01  5.641e-01  5.704e-01  5.757e-01  5.791e-01  5.770e-01  5.720e-01  5.689e-01  5.701e-01  5.773e-01  5.884e-01  5.968e-01  6.047e-01  6.168e-01  6.297e-01  6.403e-01  6.570e-01  6.701e-01  6.850e-01  7.014e-01  7.167e-01  7.384e-01  7.503e-01  7.626e-01  7.889e-01  7.953e-01  8.066e-01  8.306e-01  8.517e-01  8.565e-01  8.454e-01  8.478e-01  8.742e-01  9.145e-01  9.472e-01  9.539e-01  9.552e-01  9.541e-01  9.594e-01  9.679e-01  9.779e-01  9.982e-01  9.900e-01  9.900e-01 	
 5.414e-01  5.429e-01  5.448e-01  5.486e-01  5.525e-01  5.573e-01  5.627e-01  5.680e-01  5.738e-01  5.779e-01  5.808e-01  5.785e-01  5.731e-01  5.688e-01  5.678e-01  5.721e-01  5.796e-01  5.858e-01  5.928e-01  6.028e-01  6.128e-01  6.223e-01  6.381e-01  6.508e-01  6.650e-01  6.791e-01  6.985e-01  7.109e-01  7.292e-01  7.432e-01  7.551e-01  7.823e-01  7.947e-01  8.045e-01  8.287e-01  8.518e-01  8.595e-01  8.571e-01  8.490e-01  8.637e-01  9.072e-01  9.436e-01  9.538e-01  9.555e-01  9.547e-01  9.593e-01  9.693e-01  9.830e-01  9.900e-01  9.900e-01 	
 5.490e-01  5.504e-01  5.521e-01  5.546e-01  5.583e-01  5.623e-01  5.671e-01  5.719e-01  5.765e-01  5.802e-01  5.821e-01  5.798e-01  5.738e-01  5.688e-01  5.669e-01  5.693e-01  5.744e-01  5.782e-01  5.838e-01  5.909e-01  5.989e-01  6.100e-01  6.229e-01  6.324e-01  6.467e-01  6.599e-01  6.763e-01  6.907e-01  7.094e-01  7.226e-01  7.432e-01  7.566e-01  7.779e-01  7.971e-01  8.048e-01  8.181e-01  8.337e-01  8.432e-01  8.520e-01  8.556e-01  8.618e-01  8.996e-01  9.416e-01  9.550e-01  9.562e-01  9.542e-01  9.596e-01  9.734e-01  9.895e-01  9.900e-01 	
 5.567e-01  5.573e-01  5.585e-01  5.610e-01  5.637e-01  5.672e-01  5.710e-01  5.746e-01  5.785e-01  5.816e-01  5.831e-01  5.803e-01  5.746e-01  5.696e-01  5.672e-01  5.672e-01  5.694e-01  5.720e-01  5.766e-01  5.808e-01  5.865e-01  5.957e-01  6.052e-01  6.153e-01  6.301e-01  6.427e-01  6.561e-01  6.708e-01  6.869e-01  7.066e-01  7.220e-01  7.436e-01  7.576e-01  7.728e-01  7.966e-01  8.001e-01  8.144e-01  8.359e-01  8.565e-01  8.650e-01  8.530e-01  8.583e-01  8.964e-01  9.320e-01  9.542e-01  9.562e-01  9.551e-01  9.611e-01  9.787e-01  9.900e-01 	
 5.639e-01  5.638e-01  5.644e-01  5.661e-01  5.684e-01  5.716e-01  5.747e-01  5.778e-01  5.809e-01  5.828e-01  5.843e-01  5.810e-01  5.756e-01  5.705e-01  5.675e-01  5.663e-01  5.671e-01  5.679e-01  5.695e-01  5.739e-01  5.786e-01  5.864e-01  5.941e-01  6.040e-01  6.152e-01  6.248e-01  6.389e-01  6.546e-01  6.674e-01  6.831e-01  7.047e-01  7.196e-01  7.416e-01  7.545e-01  7.626e-01  7.909e-01  8.064e-01  8.186e-01  8.403e-01  8.601e-01  8.676e-01  8.644e-01  8.610e-01  8.832e-01  9.338e-01  9.581e-01  9.556e-01  9.552e-01  9.651e-01  9.900e-01 	
 5.705e-01  5.703e-01  5.704e-01  5.714e-01  5.733e-01  5.753e-01  5.779e-01  5.803e-01  5.829e-01  5.845e-01  5.850e-01  5.818e-01  5.763e-01  5.715e-01  5.682e-01  5.661e-01  5.654e-01  5.655e-01  5.660e-01  5.680e-01  5.718e-01  5.773e-01  5.824e-01  5.888e-01  5.980e-01  6.087e-01  6.235e-01  6.362e-01  6.497e-01  6.653e-01  6.834e-01  6.985e-01  7.172e-01  7.322e-01  7.497e-01  7.626e-01  7.900e-01  8.080e-01  8.129e-01  8.324e-01  8.570e-01  8.656e-01  8.568e-01  8.595e-01  8.918e-01  9.321e-01  9.526e-01  9.541e-01  9.573e-01  9.886e-01 	
 5.774e-01  5.764e-01  5.762e-01  5.764e-01  5.773e-01  5.791e-01  5.809e-01  5.824e-01  5.846e-01  5.858e-01  5.855e-01  5.822e-01  5.770e-01  5.717e-01  5.684e-01  5.665e-01  5.654e-01  5.645e-01  5.644e-01  5.647e-01  5.671e-01  5.708e-01  5.741e-01  5.802e-01  5.897e-01  5.995e-01  6.086e-01  6.187e-01  6.345e-01  6.493e-01  6.621e-01  6.818e-01  6.966e-01  7.156e-01  7.276e-01  7.506e-01  7.659e-01  7.875e-01  8.070e-01  8.153e-01  8.308e-01  8.544e-01  8.703e-01  8.694e-01  8.682e-01  8.828e-01  9.301e-01  9.571e-01  9.571e-01  9.786e-01 	
 5.840e-01  5.821e-01  5.811e-01  5.812e-01  5.816e-01  5.823e-01  5.833e-01  5.849e-01  5.855e-01  5.867e-01  5.859e-01  5.826e-01  5.774e-01  5.724e-01  5.691e-01  5.670e-01  5.656e-01  5.640e-01  5.636e-01  5.632e-01  5.643e-01  5.662e-01  5.694e-01  5.737e-01  5.809e-01  5.872e-01  5.942e-01  6.057e-01  6.191e-01  6.301e-01  6.438e-01  6.624e-01  6.802e-01  6.962e-01  7.147e-01  7.310e-01  7.514e-01  7.667e-01  7.827e-01  8.040e-01  8.148e-01  8.278e-01  8.456e-01  8.541e-01  8.570e-01  8.637e-01  8.929e-01  9.411e-01  9.570e-01  9.733e-01 	
 5.903e-01  5.878e-01  5.865e-01  5.858e-01  5.851e-01  5.856e-01  5.858e-01  5.866e-01  5.873e-01  5.877e-01  5.866e-01  5.831e-01  5.778e-01  5.728e-01  5.698e-01  5.672e-01  5.653e-01  5.643e-01  5.634e-01  5.627e-01  5.630e-01  5.636e-01  5.652e-01  5.687e-01  5.727e-01  5.773e-01  5.833e-01  5.921e-01  6.028e-01  6.146e-01  6.301e-01  6.456e-01  6.594e-01  6.777e-01  6.962e-01  7.119e-01  7.294e-01  7.511e-01  7.678e-01  7.778e-01  8.015e-01  8.151e-01  8.254e-01  8.483e-01  8.636e-01  8.723e-01  8.736e-01  8.984e-01  9.372e-01  9.674e-01 	
 5.964e-01  5.939e-01  5.918e-01  5.902e-01  5.890e-01  5.886e-01  5.886e-01  5.886e-01  5.887e-01  5.883e-01  5.868e-01  5.833e-01  5.780e-01  5.732e-01  5.702e-01  5.676e-01  5.660e-01  5.649e-01  5.636e-01  5.632e-01  5.625e-01  5.628e-01  5.636e-01  5.652e-01  5.678e-01  5.708e-01  5.757e-01  5.835e-01  5.930e-01  6.034e-01  6.158e-01  6.259e-01  6.390e-01  6.568e-01  6.744e-01  6.946e-01  7.105e-01  7.270e-01  7.406e-01  7.604e-01  7.735e-01  8.018e-01  8.186e-01  8.313e-01  8.494e-01  8.602e-01  8.583e-01  8.612e-01  8.956e-01  9.470e-01 	
 6.030e-01  5.993e-01  5.963e-01  5.944e-01  5.926e-01  5.919e-01  5.906e-01  5.903e-01  5.897e-01  5.890e-01  5.874e-01  5.839e-01  5.781e-01  5.739e-01  5.706e-01  5.680e-01  5.664e-01  5.648e-01  5.642e-01  5.633e-01  5.625e-01  5.621e-01  5.624e-01  5.631e-01  5.646e-01  5.670e-01  5.699e-01  5.756e-01  5.824e-01  5.886e-01  5.977e-01  6.093e-01  6.244e-01  6.395e-01  6.546e-01  6.734e-01  6.895e-01  7.059e-01  7.280e-01  7.399e-01  7.597e-01  7.763e-01  8.008e-01  8.195e-01  8.285e-01  8.466e-01  8.642e-01  8.694e-01  8.749e-01  9.101e-01 	
 6.091e-01  6.050e-01  6.016e-01  5.989e-01  5.963e-01  5.945e-01  5.931e-01  5.921e-01  5.908e-01  5.897e-01  5.878e-01  5.838e-01  5.785e-01  5.740e-01  5.707e-01  5.684e-01  5.668e-01  5.655e-01  5.644e-01  5.635e-01  5.629e-01  5.620e-01  5.621e-01  5.620e-01  5.625e-01  5.637e-01  5.657e-01  5.693e-01  5.739e-01  5.790e-01  5.873e-01  5.988e-01  6.090e-01  6.197e-01  6.352e-01  6.522e-01  6.688e-01  6.868e-01  7.017e-01  7.229e-01  7.416e-01  7.636e-01  7.788e-01  7.995e-01  8.177e-01  8.265e-01  8.433e-01  8.622e-01  8.694e-01  8.826e-01 	
 6.153e-01  6.103e-01  6.065e-01  6.029e-01  6.000e-01  5.974e-01  5.954e-01  5.935e-01  5.923e-01  5.903e-01  5.877e-01  5.842e-01  5.787e-01  5.739e-01  5.709e-01  5.690e-01  5.672e-01  5.661e-01  5.648e-01  5.642e-01  5.636e-01  5.627e-01  5.618e-01  5.619e-01  5.620e-01  5.621e-01  5.632e-01  5.651e-01  5.684e-01  5.726e-01  5.791e-01  5.888e-01  5.975e-01  6.082e-01  6.208e-01  6.339e-01  6.505e-01  6.691e-01  6.807e-01  7.012e-01  7.213e-01  7.407e-01  7.638e-01  7.815e-01  8.000e-01  8.184e-01  8.267e-01  8.472e-01  8.645e-01  8.752e-01 	
 6.219e-01  6.168e-01  6.118e-01  6.073e-01  6.037e-01  6.003e-01  5.980e-01  5.953e-01  5.930e-01  5.907e-01  5.881e-01  5.840e-01  5.790e-01  5.745e-01  5.712e-01  5.689e-01  5.679e-01  5.665e-01  5.654e-01  5.646e-01  5.635e-01  5.629e-01  5.628e-01  5.624e-01  5.620e-01  5.616e-01  5.619e-01  5.629e-01  5.651e-01  5.684e-01  5.720e-01  5.786e-01  5.849e-01  5.920e-01  6.024e-01  6.163e-01  6.336e-01  6.492e-01  6.613e-01  6.832e-01  7.000e-01  7.191e-01  7.420e-01  7.625e-01  7.825e-01  8.003e-01  8.215e-01  8.290e-01  8.493e-01  8.700e-01 	
 6.293e-01  6.229e-01  6.170e-01  6.123e-01  6.078e-01  6.040e-01  6.001e-01  5.968e-01  5.944e-01  5.914e-01  5.884e-01  5.841e-01  5.786e-01  5.741e-01  5.711e-01  5.695e-01  5.677e-01  5.667e-01  5.658e-01  5.647e-01  5.644e-01  5.633e-01  5.632e-01  5.626e-01  5.622e-01  5.618e-01  5.614e-01  5.617e-01  5.632e-01  5.651e-01  5.675e-01  5.709e-01  5.764e-01  5.832e-01  5.937e-01  6.058e-01  6.187e-01  6.311e-01  6.462e-01  6.668e-01  6.809e-01  7.038e-01  7.213e-01  7.416e-01  7.593e-01  7.821e-01  7.986e-01  8.200e-01  8.298e-01  8.567e-01 	
 6.368e-01  6.294e-01  6.230e-01  6.174e-01  6.118e-01  6.073e-01  6.030e-01  5.986e-01  5.951e-01  5.918e-01  5.888e-01  5.845e-01  5.790e-01  5.745e-01  5.714e-01  5.694e-01  5.678e-01  5.665e-01  5.657e-01  5.649e-01  5.645e-01  5.642e-01  5.636e-01  5.630e-01  5.623e-01  5.622e-01  5.614e-01  5.614e-01  5.617e-01  5.630e-01  5.645e-01  5.665e-01  5.703e-01  5.757e-01  5.840e-01  5.928e-01  6.023e-01  6.153e-01  6.325e-01  6.482e-01  6.604e-01  6.814e-01  7.011e-01  7.196e-01  7.395e-01  7.580e-01  7.812e-01  7.947e-01  8.098e-01  8.235e-01 	
 6.446e-01  6.372e-01  6.295e-01  6.230e-01  6.166e-01  6.112e-01  6.055e-01  6.007e-01  5.966e-01  5.929e-01  5.889e-01  5.846e-01  5.791e-01  5.745e-01  5.718e-01  5.697e-01  5.682e-01  5.669e-01  5.663e-01  5.655e-01  5.646e-01  5.643e-01  5.640e-01  5.634e-01  5.630e-01  5.624e-01  5.620e-01  5.619e-01  5.615e-01  5.618e-01  5.624e-01  5.634e-01  5.656e-01  5.701e-01  5.750e-01  5.820e-01  5.895e-01  6.010e-01  6.143e-01  6.279e-01  6.437e-01  6.641e-01  6.809e-01  6.992e-01  7.168e-01  7.367e-01  7.528e-01  7.755e-01  7.899e-01  8.051e-01 	
 6.534e-01  6.450e-01  6.366e-01  6.289e-01  6.216e-01  6.155e-01  6.090e-01  6.036e-01  5.984e-01  5.936e-01  5.890e-01  5.847e-01  5.791e-01  5.744e-01  5.714e-01  5.693e-01  5.683e-01  5.672e-01  5.662e-01  5.656e-01  5.648e-01  5.644e-01  5.641e-01  5.638e-01  5.631e-01  5.628e-01  5.627e-01  5.621e-01  5.617e-01  5.613e-01  5.614e-01  5.622e-01  5.634e-01  5.658e-01  5.701e-01  5.744e-01  5.803e-01  5.904e-01  6.025e-01  6.139e-01  6.294e-01  6.472e-01  6.608e-01  6.804e-01  7.009e-01  7.171e-01  7.399e-01  7.552e-01  7.707e-01  7.948e-01 	
 6.635e-01  6.536e-01  6.447e-01  6.360e-01  6.278e-01  6.205e-01  6.133e-01  6.067e-01  6.000e-01  5.943e-01  5.894e-01  5.844e-01  5.787e-01  5.742e-01  5.714e-01  5.697e-01  5.681e-01  5.671e-01  5.665e-01  5.659e-01  5.651e-01  5.646e-01  5.642e-01  5.639e-01  5.635e-01  5.629e-01  5.631e-01  5.625e-01  5.619e-01  5.615e-01  5.616e-01  5.617e-01  5.620e-01  5.634e-01  5.660e-01  5.692e-01  5.738e-01  5.805e-01  5.890e-01  5.977e-01  6.101e-01  6.248e-01  6.407e-01  6.615e-01  6.815e-01  6.961e-01  7.159e-01  7.358e-01  7.544e-01  7.707e-01 	
 6.743e-01  6.636e-01  6.540e-01  6.447e-01  6.352e-01  6.265e-01  6.180e-01  6.104e-01  6.027e-01  5.961e-01  5.895e-01  5.845e-01  5.785e-01  5.743e-01  5.715e-01  5.695e-01  5.682e-01  5.671e-01  5.661e-01  5.655e-01  5.650e-01  5.649e-01  5.646e-01  5.640e-01  5.637e-01  5.633e-01  5.632e-01  5.629e-01  5.623e-01  5.621e-01  5.617e-01  5.614e-01  5.614e-01  5.620e-01  5.633e-01  5.652e-01  5.677e-01  5.722e-01  5.792e-01  5.869e-01  5.977e-01  6.118e-01  6.270e-01  6.441e-01  6.600e-01  6.738e-01  6.939e-01  7.160e-01  7.302e-01  7.562e-01 	
 6.869e-01  6.754e-01  6.643e-01  6.538e-01  6.440e-01  6.345e-01  6.247e-01  6.159e-01  6.067e-01  5.983e-01  5.901e-01  5.843e-01  5.783e-01  5.740e-01  5.713e-01  5.695e-01  5.680e-01  5.672e-01  5.661e-01  5.656e-01  5.650e-01  5.645e-01  5.644e-01  5.643e-01  5.640e-01  5.637e-01  5.633e-01  5.630e-01  5.624e-01  5.625e-01  5.619e-01  5.615e-01  5.611e-01  5.612e-01  5.618e-01  5.624e-01  5.642e-01  5.669e-01  5.714e-01  5.783e-01  5.869e-01  5.971e-01  6.079e-01  6.226e-01  6.364e-01  6.509e-01  6.699e-01  6.941e-01  7.130e-01  7.315e-01 	
 7.002e-01  6.884e-01  6.769e-01  6.652e-01  6.547e-01  6.440e-01  6.340e-01  6.238e-01  6.138e-01  6.038e-01  5.940e-01  5.864e-01  5.808e-01  5.763e-01  5.730e-01  5.709e-01  5.697e-01  5.681e-01  5.675e-01  5.668e-01  5.662e-01  5.661e-01  5.656e-01  5.652e-01  5.652e-01  5.648e-01  5.648e-01  5.644e-01  5.641e-01  5.635e-01  5.634e-01  5.627e-01  5.626e-01  5.622e-01  5.623e-01  5.627e-01  5.637e-01  5.653e-01  5.682e-01  5.736e-01  5.806e-01  5.882e-01  5.986e-01  6.130e-01  6.262e-01  6.407e-01  6.577e-01  6.797e-01  7.034e-01  7.312e-01 	
