 1.387e-03  1.924e-03  4.306e-03  7.393e-03  1.091e-02  1.447e-02  1.772e-02  2.042e-02  2.244e-02  2.378e-02  2.451e-02  2.472e-02  2.451e-02  2.399e-02  2.324e-02  2.234e-02  2.134e-02  2.030e-02  1.923e-02  1.818e-02  1.714e-02  1.615e-02  1.521e-02  1.431e-02  1.348e-02  1.271e-02  1.201e-02  1.138e-02  1.082e-02  1.033e-02  9.927e-03  9.602e-03  9.362e-03  9.210e-03  9.148e-03  9.180e-03  9.308e-03  9.535e-03  9.864e-03  1.030e-02  1.084e-02  1.150e-02  1.229e-02  1.321e-02  1.429e-02  1.555e-02  1.704e-02  1.882e-02  2.097e-02  2.361e-02 	
 1.033e-03  2.494e-03  5.682e-03  9.701e-03  1.420e-02  1.863e-02  2.252e-02  2.558e-02  2.770e-02  2.893e-02  2.940e-02  2.926e-02  2.866e-02  2.774e-02  2.659e-02  2.532e-02  2.398e-02  2.261e-02  2.127e-02  1.997e-02  1.872e-02  1.755e-02  1.645e-02  1.544e-02  1.453e-02  1.370e-02  1.298e-02  1.237e-02  1.186e-02  1.146e-02  1.119e-02  1.103e-02  1.100e-02  1.110e-02  1.133e-02  1.169e-02  1.220e-02  1.284e-02  1.362e-02  1.454e-02  1.560e-02  1.681e-02  1.817e-02  1.968e-02  2.136e-02  2.321e-02  2.526e-02  2.753e-02  3.007e-02  3.291e-02 	
 1.124e-03  3.397e-03  7.656e-03  1.296e-02  1.871e-02  2.412e-02  2.858e-02  3.179e-02  3.375e-02  3.460e-02  3.457e-02  3.387e-02  3.271e-02  3.126e-02  2.962e-02  2.791e-02  2.619e-02  2.450e-02  2.288e-02  2.136e-02  1.994e-02  1.864e-02  1.747e-02  1.643e-02  1.554e-02  1.480e-02  1.421e-02  1.379e-02  1.353e-02  1.344e-02  1.352e-02  1.379e-02  1.424e-02  1.487e-02  1.569e-02  1.669e-02  1.788e-02  1.926e-02  2.082e-02  2.256e-02  2.447e-02  2.655e-02  2.881e-02  3.122e-02  3.380e-02  3.653e-02  3.942e-02  4.246e-02  4.564e-02  4.899e-02 	
 1.435e-03  4.659e-03  1.034e-02  1.730e-02  2.452e-02  3.089e-02  3.571e-02  3.879e-02  4.026e-02  4.044e-02  3.966e-02  3.822e-02  3.637e-02  3.429e-02  3.212e-02  2.996e-02  2.786e-02  2.587e-02  2.403e-02  2.236e-02  2.086e-02  1.956e-02  1.846e-02  1.757e-02  1.690e-02  1.646e-02  1.625e-02  1.627e-02  1.654e-02  1.704e-02  1.779e-02  1.879e-02  2.003e-02  2.150e-02  2.322e-02  2.517e-02  2.734e-02  2.973e-02  3.234e-02  3.514e-02  3.814e-02  4.132e-02  4.467e-02  4.817e-02  5.181e-02  5.557e-02  5.942e-02  6.333e-02  6.728e-02  7.120e-02 	
 1.917e-03  6.378e-03  1.396e-02  2.298e-02  3.180e-02  3.893e-02  4.374e-02  4.624e-02  4.684e-02  4.602e-02  4.426e-02  4.192e-02  3.929e-02  3.656e-02  3.385e-02  3.128e-02  2.888e-02  2.671e-02  2.479e-02  2.315e-02  2.178e-02  2.072e-02  1.997e-02  1.953e-02  1.941e-02  1.961e-02  2.013e-02  2.098e-02  2.214e-02  2.362e-02  2.541e-02  2.749e-02  2.987e-02  3.252e-02  3.544e-02  3.862e-02  4.203e-02  4.568e-02  4.953e-02  5.358e-02  5.782e-02  6.221e-02  6.675e-02  7.141e-02  7.616e-02  8.096e-02  8.577e-02  9.054e-02  9.520e-02  9.965e-02 	
 2.592e-03  8.724e-03  1.881e-02  3.027e-02  4.059e-02  4.806e-02  5.226e-02  5.364e-02  5.292e-02  5.081e-02  4.789e-02  4.458e-02  4.116e-02  3.782e-02  3.470e-02  3.187e-02  2.939e-02  2.728e-02  2.558e-02  2.429e-02  2.344e-02  2.302e-02  2.304e-02  2.349e-02  2.437e-02  2.567e-02  2.738e-02  2.948e-02  3.196e-02  3.480e-02  3.799e-02  4.149e-02  4.529e-02  4.938e-02  5.372e-02  5.831e-02  6.311e-02  6.811e-02  7.329e-02  7.863e-02  8.410e-02  8.969e-02  9.537e-02  1.011e-01  1.069e-01  1.126e-01  1.183e-01  1.238e-01  1.290e-01  1.339e-01 	
 3.523e-03  1.194e-02  2.525e-02  3.937e-02  5.077e-02  5.780e-02  6.064e-02  6.030e-02  5.787e-02  5.427e-02  5.013e-02  4.589e-02  4.182e-02  3.811e-02  3.485e-02  3.212e-02  2.994e-02  2.836e-02  2.737e-02  2.699e-02  2.719e-02  2.798e-02  2.933e-02  3.122e-02  3.362e-02  3.651e-02  3.985e-02  4.362e-02  4.777e-02  5.228e-02  5.712e-02  6.224e-02  6.763e-02  7.325e-02  7.908e-02  8.509e-02  9.125e-02  9.755e-02  1.040e-01  1.105e-01  1.170e-01  1.236e-01  1.303e-01  1.369e-01  1.434e-01  1.499e-01  1.561e-01  1.621e-01  1.678e-01  1.728e-01 	
 4.808e-03  1.633e-02  3.362e-02  5.026e-02  6.185e-02  6.739e-02  6.802e-02  6.544e-02  6.107e-02  5.595e-02  5.074e-02  4.585e-02  4.152e-02  3.789e-02  3.504e-02  3.300e-02  3.180e-02  3.142e-02  3.184e-02  3.304e-02  3.497e-02  3.759e-02  4.085e-02  4.469e-02  4.907e-02  5.393e-02  5.922e-02  6.488e-02  7.088e-02  7.717e-02  8.370e-02  9.043e-02  9.734e-02  1.044e-01  1.115e-01  1.188e-01  1.261e-01  1.335e-01  1.408e-01  1.482e-01  1.556e-01  1.629e-01  1.702e-01  1.774e-01  1.844e-01  1.913e-01  1.978e-01  2.041e-01  2.098e-01  2.149e-01 	
 6.586e-03  2.230e-02  4.416e-02  6.257e-02  7.296e-02  7.580e-02  7.349e-02  6.837e-02  6.212e-02  5.578e-02  4.997e-02  4.504e-02  4.116e-02  3.841e-02  3.683e-02  3.638e-02  3.703e-02  3.872e-02  4.136e-02  4.487e-02  4.917e-02  5.417e-02  5.978e-02  6.593e-02  7.253e-02  7.951e-02  8.681e-02  9.436e-02  1.021e-01  1.100e-01  1.181e-01  1.262e-01  1.343e-01  1.425e-01  1.506e-01  1.588e-01  1.669e-01  1.749e-01  1.829e-01  1.907e-01  1.985e-01  2.062e-01  2.137e-01  2.211e-01  2.283e-01  2.352e-01  2.418e-01  2.480e-01  2.537e-01  2.585e-01 	
 9.045e-03  3.029e-02  5.681e-02  7.545e-02  8.290e-02  8.193e-02  7.628e-02  6.877e-02  6.112e-02  5.430e-02  4.880e-02  4.485e-02  4.250e-02  4.175e-02  4.250e-02  4.465e-02  4.806e-02  5.259e-02  5.809e-02  6.442e-02  7.144e-02  7.905e-02  8.712e-02  9.555e-02  1.043e-01  1.132e-01  1.222e-01  1.313e-01  1.405e-01  1.496e-01  1.587e-01  1.677e-01  1.767e-01  1.855e-01  1.942e-01  2.028e-01  2.112e-01  2.195e-01  2.276e-01  2.356e-01  2.434e-01  2.510e-01  2.585e-01  2.657e-01  2.727e-01  2.794e-01  2.858e-01  2.917e-01  2.970e-01  3.016e-01 	
 1.243e-02  4.068e-02  7.104e-02  8.758e-02  9.035e-02  8.492e-02  7.615e-02  6.701e-02  5.909e-02  5.311e-02  4.934e-02  4.780e-02  4.838e-02  5.088e-02  5.507e-02  6.072e-02  6.757e-02  7.543e-02  8.407e-02  9.332e-02  1.030e-01  1.131e-01  1.233e-01  1.336e-01  1.440e-01  1.543e-01  1.646e-01  1.747e-01  1.847e-01  1.945e-01  2.041e-01  2.135e-01  2.227e-01  2.317e-01  2.404e-01  2.490e-01  2.573e-01  2.654e-01  2.732e-01  2.809e-01  2.884e-01  2.957e-01  3.027e-01  3.095e-01  3.161e-01  3.223e-01  3.282e-01  3.336e-01  3.385e-01  3.426e-01 	
 1.708e-02  5.363e-02  8.569e-02  9.739e-02  9.423e-02  8.451e-02  7.366e-02  6.443e-02  5.800e-02  5.469e-02  5.441e-02  5.687e-02  6.170e-02  6.849e-02  7.685e-02  8.643e-02  9.693e-02  1.081e-01  1.196e-01  1.314e-01  1.433e-01  1.552e-01  1.669e-01  1.785e-01  1.899e-01  2.010e-01  2.118e-01  2.223e-01  2.324e-01  2.423e-01  2.518e-01  2.611e-01  2.700e-01  2.786e-01  2.870e-01  2.950e-01  3.028e-01  3.104e-01  3.177e-01  3.248e-01  3.317e-01  3.383e-01  3.447e-01  3.509e-01  3.568e-01  3.624e-01  3.677e-01  3.725e-01  3.769e-01  3.805e-01 	
 2.339e-02  6.884e-02  9.909e-02  1.034e-01  9.409e-02  8.129e-02  7.027e-02  6.310e-02  6.027e-02  6.151e-02  6.626e-02  7.387e-02  8.367e-02  9.510e-02  1.077e-01  1.209e-01  1.346e-01  1.484e-01  1.622e-01  1.757e-01  1.890e-01  2.019e-01  2.144e-01  2.265e-01  2.381e-01  2.493e-01  2.600e-01  2.702e-01  2.801e-01  2.895e-01  2.985e-01  3.072e-01  3.154e-01  3.234e-01  3.310e-01  3.384e-01  3.455e-01  3.523e-01  3.588e-01  3.651e-01  3.712e-01  3.771e-01  3.828e-01  3.882e-01  3.934e-01  3.983e-01  4.030e-01  4.072e-01  4.109e-01  4.140e-01 	
 3.185e-02  8.529e-02  1.094e-01  1.049e-01  9.045e-02  7.684e-02  6.825e-02  6.558e-02  6.837e-02  7.565e-02  8.635e-02  9.948e-02  1.142e-01  1.299e-01  1.460e-01  1.622e-01  1.781e-01  1.937e-01  2.087e-01  2.232e-01  2.370e-01  2.501e-01  2.626e-01  2.745e-01  2.857e-01  2.964e-01  3.065e-01  3.161e-01  3.252e-01  3.338e-01  3.420e-01  3.498e-01  3.572e-01  3.643e-01  3.711e-01  3.775e-01  3.837e-01  3.897e-01  3.954e-01  4.009e-01  4.062e-01  4.113e-01  4.161e-01  4.208e-01  4.253e-01  4.295e-01  4.335e-01  4.371e-01  4.403e-01  4.430e-01 	
 4.293e-02  1.012e-01  1.149e-01  1.018e-01  8.487e-02  7.361e-02  7.032e-02  7.438e-02  8.426e-02  9.829e-02  1.150e-01  1.333e-01  1.522e-01  1.712e-01  1.898e-01  2.078e-01  2.249e-01  2.412e-01  2.566e-01  2.710e-01  2.846e-01  2.973e-01  3.092e-01  3.203e-01  3.307e-01  3.405e-01  3.496e-01  3.582e-01  3.663e-01  3.740e-01  3.812e-01  3.880e-01  3.944e-01  4.006e-01  4.064e-01  4.119e-01  4.172e-01  4.223e-01  4.272e-01  4.318e-01  4.363e-01  4.406e-01  4.447e-01  4.487e-01  4.525e-01  4.561e-01  4.594e-01  4.625e-01  4.652e-01  4.674e-01 	
 5.689e-02  1.144e-01  1.151e-01  9.560e-02  7.985e-02  7.442e-02  7.902e-02  9.135e-02  1.089e-01  1.294e-01  1.514e-01  1.737e-01  1.957e-01  2.167e-01  2.366e-01  2.552e-01  2.726e-01  2.887e-01  3.036e-01  3.173e-01  3.300e-01  3.418e-01  3.526e-01  3.626e-01  3.719e-01  3.806e-01  3.886e-01  3.961e-01  4.031e-01  4.096e-01  4.158e-01  4.215e-01  4.270e-01  4.321e-01  4.370e-01  4.417e-01  4.461e-01  4.503e-01  4.544e-01  4.582e-01  4.620e-01  4.655e-01  4.690e-01  4.723e-01  4.754e-01  4.784e-01  4.812e-01  4.837e-01  4.860e-01  4.879e-01 	
 7.346e-02  1.229e-01  1.103e-01  8.852e-02  7.831e-02  8.190e-02  9.613e-02  1.172e-01  1.418e-01  1.679e-01  1.938e-01  2.188e-01  2.422e-01  2.640e-01  2.841e-01  3.024e-01  3.191e-01  3.343e-01  3.481e-01  3.606e-01  3.721e-01  3.825e-01  3.921e-01  4.008e-01  4.088e-01  4.162e-01  4.230e-01  4.293e-01  4.352e-01  4.406e-01  4.457e-01  4.505e-01  4.550e-01  4.592e-01  4.632e-01  4.670e-01  4.706e-01  4.740e-01  4.773e-01  4.805e-01  4.835e-01  4.864e-01  4.892e-01  4.919e-01  4.945e-01  4.969e-01  4.992e-01  5.013e-01  5.032e-01  5.048e-01 	
 9.155e-02  1.254e-01  1.024e-01  8.357e-02  8.307e-02  9.787e-02  1.222e-01  1.512e-01  1.817e-01  2.116e-01  2.398e-01  2.658e-01  2.896e-01  3.110e-01  3.302e-01  3.474e-01  3.628e-01  3.765e-01  3.889e-01  3.999e-01  4.099e-01  4.189e-01  4.270e-01  4.344e-01  4.411e-01  4.472e-01  4.528e-01  4.580e-01  4.627e-01  4.671e-01  4.712e-01  4.751e-01  4.786e-01  4.820e-01  4.852e-01  4.882e-01  4.911e-01  4.938e-01  4.964e-01  4.989e-01  5.014e-01  5.037e-01  5.059e-01  5.081e-01  5.102e-01  5.122e-01  5.140e-01  5.158e-01  5.173e-01  5.186e-01 	
 1.091e-01  1.220e-01  9.389e-02  8.379e-02  9.617e-02  1.229e-01  1.565e-01  1.919e-01  2.262e-01  2.581e-01  2.869e-01  3.127e-01  3.355e-01  3.557e-01  3.733e-01  3.889e-01  4.026e-01  4.146e-01  4.253e-01  4.348e-01  4.432e-01  4.506e-01  4.573e-01  4.634e-01  4.688e-01  4.737e-01  4.782e-01  4.823e-01  4.860e-01  4.895e-01  4.927e-01  4.956e-01  4.984e-01  5.010e-01  5.035e-01  5.058e-01  5.080e-01  5.101e-01  5.122e-01  5.141e-01  5.160e-01  5.179e-01  5.196e-01  5.213e-01  5.230e-01  5.246e-01  5.261e-01  5.275e-01  5.287e-01  5.298e-01 	
 1.236e-01  1.140e-01  8.808e-02  9.166e-02  1.185e-01  1.564e-01  1.973e-01  2.368e-01  2.729e-01  3.050e-01  3.331e-01  3.575e-01  3.786e-01  3.969e-01  4.126e-01  4.262e-01  4.380e-01  4.483e-01  4.572e-01  4.650e-01  4.719e-01  4.779e-01  4.833e-01  4.880e-01  4.923e-01  4.961e-01  4.995e-01  5.026e-01  5.055e-01  5.081e-01  5.105e-01  5.127e-01  5.148e-01  5.167e-01  5.185e-01  5.203e-01  5.219e-01  5.235e-01  5.250e-01  5.265e-01  5.280e-01  5.294e-01  5.307e-01  5.321e-01  5.333e-01  5.346e-01  5.358e-01  5.369e-01  5.379e-01  5.387e-01 	
 1.328e-01  1.041e-01  8.796e-02  1.087e-01  1.496e-01  1.966e-01  2.422e-01  2.835e-01  3.195e-01  3.504e-01  3.767e-01  3.990e-01  4.178e-01  4.338e-01  4.474e-01  4.590e-01  4.689e-01  4.773e-01  4.846e-01  4.909e-01  4.963e-01  5.010e-01  5.051e-01  5.087e-01  5.119e-01  5.147e-01  5.173e-01  5.195e-01  5.216e-01  5.234e-01  5.251e-01  5.267e-01  5.282e-01  5.295e-01  5.308e-01  5.321e-01  5.332e-01  5.344e-01  5.355e-01  5.365e-01  5.376e-01  5.386e-01  5.397e-01  5.407e-01  5.416e-01  5.426e-01  5.435e-01  5.444e-01  5.452e-01  5.459e-01 	
 1.351e-01  9.523e-02  9.593e-02  1.350e-01  1.881e-01  2.412e-01  2.889e-01  3.298e-01  3.642e-01  3.928e-01  4.166e-01  4.363e-01  4.527e-01  4.663e-01  4.777e-01  4.873e-01  4.953e-01  5.021e-01  5.078e-01  5.126e-01  5.168e-01  5.203e-01  5.233e-01  5.259e-01  5.282e-01  5.301e-01  5.319e-01  5.334e-01  5.348e-01  5.360e-01  5.371e-01  5.381e-01  5.390e-01  5.399e-01  5.408e-01  5.416e-01  5.423e-01  5.431e-01  5.438e-01  5.446e-01  5.453e-01  5.461e-01  5.468e-01  5.475e-01  5.482e-01  5.490e-01  5.497e-01  5.503e-01  5.509e-01  5.515e-01 	
 1.309e-01  9.078e-02  1.133e-01  1.696e-01  2.316e-01  2.876e-01  3.350e-01  3.739e-01  4.056e-01  4.312e-01  4.521e-01  4.691e-01  4.830e-01  4.944e-01  5.037e-01  5.113e-01  5.177e-01  5.229e-01  5.272e-01  5.308e-01  5.338e-01  5.363e-01  5.383e-01  5.401e-01  5.415e-01  5.428e-01  5.438e-01  5.447e-01  5.455e-01  5.462e-01  5.468e-01  5.473e-01  5.478e-01  5.483e-01  5.488e-01  5.492e-01  5.496e-01  5.501e-01  5.505e-01  5.510e-01  5.514e-01  5.519e-01  5.524e-01  5.529e-01  5.534e-01  5.540e-01  5.545e-01  5.550e-01  5.554e-01  5.559e-01 	
 1.219e-01  9.364e-02  1.403e-01  2.107e-01  2.777e-01  3.338e-01  3.789e-01  4.146e-01  4.429e-01  4.653e-01  4.832e-01  4.975e-01  5.090e-01  5.182e-01  5.256e-01  5.315e-01  5.364e-01  5.402e-01  5.433e-01  5.458e-01  5.478e-01  5.494e-01  5.506e-01  5.516e-01  5.524e-01  5.530e-01  5.535e-01  5.538e-01  5.541e-01  5.544e-01  5.546e-01  5.547e-01  5.549e-01  5.550e-01  5.551e-01  5.553e-01  5.554e-01  5.556e-01  5.558e-01  5.560e-01  5.563e-01  5.565e-01  5.568e-01  5.572e-01  5.575e-01  5.579e-01  5.582e-01  5.586e-01  5.589e-01  5.592e-01 	
 1.110e-01  1.058e-01  1.756e-01  2.559e-01  3.242e-01  3.780e-01  4.193e-01  4.512e-01  4.758e-01  4.949e-01  5.099e-01  5.217e-01  5.309e-01  5.382e-01  5.439e-01  5.483e-01  5.518e-01  5.545e-01  5.565e-01  5.581e-01  5.592e-01  5.600e-01  5.606e-01  5.610e-01  5.612e-01  5.613e-01  5.613e-01  5.612e-01  5.611e-01  5.609e-01  5.608e-01  5.606e-01  5.605e-01  5.603e-01  5.602e-01  5.601e-01  5.600e-01  5.600e-01  5.600e-01  5.600e-01  5.600e-01  5.601e-01  5.603e-01  5.604e-01  5.606e-01  5.608e-01  5.611e-01  5.613e-01  5.616e-01  5.618e-01 	
 1.015e-01  1.276e-01  2.172e-01  3.024e-01  3.690e-01  4.186e-01  4.556e-01  4.833e-01  5.042e-01  5.202e-01  5.325e-01  5.420e-01  5.492e-01  5.548e-01  5.590e-01  5.621e-01  5.645e-01  5.662e-01  5.673e-01  5.681e-01  5.685e-01  5.687e-01  5.687e-01  5.685e-01  5.682e-01  5.679e-01  5.675e-01  5.670e-01  5.666e-01  5.661e-01  5.657e-01  5.653e-01  5.649e-01  5.645e-01  5.641e-01  5.638e-01  5.636e-01  5.633e-01  5.632e-01  5.630e-01  5.629e-01  5.629e-01  5.629e-01  5.629e-01  5.630e-01  5.631e-01  5.632e-01  5.634e-01  5.635e-01  5.637e-01 	
 9.683e-02  1.582e-01  2.623e-01  3.482e-01  4.105e-01  4.551e-01  4.873e-01  5.109e-01  5.284e-01  5.415e-01  5.514e-01  5.588e-01  5.643e-01  5.684e-01  5.713e-01  5.734e-01  5.748e-01  5.756e-01  5.760e-01  5.761e-01  5.759e-01  5.756e-01  5.751e-01  5.745e-01  5.738e-01  5.731e-01  5.724e-01  5.717e-01  5.709e-01  5.702e-01  5.696e-01  5.689e-01  5.683e-01  5.677e-01  5.672e-01  5.667e-01  5.663e-01  5.659e-01  5.656e-01  5.654e-01  5.651e-01  5.650e-01  5.648e-01  5.648e-01  5.647e-01  5.647e-01  5.648e-01  5.648e-01  5.649e-01  5.650e-01 	
 9.952e-02  1.960e-01  3.086e-01  3.913e-01  4.480e-01  4.871e-01  5.146e-01  5.344e-01  5.487e-01  5.593e-01  5.670e-01  5.727e-01  5.767e-01  5.795e-01  5.814e-01  5.825e-01  5.831e-01  5.832e-01  5.830e-01  5.826e-01  5.819e-01  5.811e-01  5.802e-01  5.793e-01  5.783e-01  5.773e-01  5.763e-01  5.753e-01  5.744e-01  5.734e-01  5.726e-01  5.717e-01  5.710e-01  5.702e-01  5.696e-01  5.689e-01  5.684e-01  5.679e-01  5.675e-01  5.671e-01  5.668e-01  5.665e-01  5.663e-01  5.661e-01  5.660e-01  5.659e-01  5.659e-01  5.659e-01  5.659e-01  5.659e-01 	
 1.112e-01  2.385e-01  3.537e-01  4.308e-01  4.810e-01  5.146e-01  5.377e-01  5.540e-01  5.656e-01  5.739e-01  5.799e-01  5.840e-01  5.868e-01  5.885e-01  5.895e-01  5.899e-01  5.898e-01  5.893e-01  5.886e-01  5.877e-01  5.866e-01  5.855e-01  5.843e-01  5.830e-01  5.818e-01  5.805e-01  5.793e-01  5.781e-01  5.770e-01  5.759e-01  5.749e-01  5.739e-01  5.730e-01  5.721e-01  5.713e-01  5.706e-01  5.699e-01  5.693e-01  5.688e-01  5.683e-01  5.679e-01  5.676e-01  5.673e-01  5.670e-01  5.669e-01  5.667e-01  5.666e-01  5.666e-01  5.665e-01  5.665e-01 	
 1.324e-01  2.833e-01  3.962e-01  4.660e-01  5.095e-01  5.379e-01  5.571e-01  5.703e-01  5.795e-01  5.859e-01  5.903e-01  5.932e-01  5.949e-01  5.958e-01  5.960e-01  5.957e-01  5.951e-01  5.942e-01  5.930e-01  5.917e-01  5.903e-01  5.889e-01  5.874e-01  5.860e-01  5.845e-01  5.830e-01  5.816e-01  5.803e-01  5.790e-01  5.778e-01  5.766e-01  5.755e-01  5.745e-01  5.735e-01  5.726e-01  5.718e-01  5.710e-01  5.704e-01  5.698e-01  5.692e-01  5.687e-01  5.683e-01  5.679e-01  5.676e-01  5.674e-01  5.672e-01  5.670e-01  5.669e-01  5.668e-01  5.668e-01 	
 1.622e-01  3.281e-01  4.349e-01  4.966e-01  5.338e-01  5.574e-01  5.731e-01  5.836e-01  5.908e-01  5.956e-01  5.987e-01  6.006e-01  6.014e-01  6.016e-01  6.012e-01  6.004e-01  5.993e-01  5.980e-01  5.965e-01  5.949e-01  5.932e-01  5.916e-01  5.899e-01  5.882e-01  5.866e-01  5.850e-01  5.834e-01  5.819e-01  5.805e-01  5.792e-01  5.779e-01  5.767e-01  5.756e-01  5.745e-01  5.735e-01  5.726e-01  5.718e-01  5.711e-01  5.704e-01  5.698e-01  5.692e-01  5.687e-01  5.683e-01  5.680e-01  5.677e-01  5.674e-01  5.672e-01  5.671e-01  5.670e-01  5.669e-01 	
 1.988e-01  3.711e-01  4.694e-01  5.229e-01  5.542e-01  5.736e-01  5.862e-01  5.946e-01  6.000e-01  6.035e-01  6.055e-01  6.065e-01  6.067e-01  6.062e-01  6.053e-01  6.041e-01  6.026e-01  6.010e-01  5.992e-01  5.974e-01  5.955e-01  5.936e-01  5.917e-01  5.899e-01  5.881e-01  5.864e-01  5.847e-01  5.831e-01  5.816e-01  5.802e-01  5.788e-01  5.775e-01  5.763e-01  5.752e-01  5.741e-01  5.732e-01  5.723e-01  5.715e-01  5.707e-01  5.701e-01  5.695e-01  5.690e-01  5.685e-01  5.681e-01  5.677e-01  5.675e-01  5.672e-01  5.670e-01  5.669e-01  5.668e-01 	
 2.399e-01  4.111e-01  4.995e-01  5.451e-01  5.711e-01  5.869e-01  5.970e-01  6.034e-01  6.075e-01  6.098e-01  6.110e-01  6.112e-01  6.108e-01  6.098e-01  6.085e-01  6.070e-01  6.052e-01  6.033e-01  6.013e-01  5.992e-01  5.972e-01  5.951e-01  5.931e-01  5.912e-01  5.893e-01  5.874e-01  5.857e-01  5.840e-01  5.824e-01  5.809e-01  5.794e-01  5.781e-01  5.768e-01  5.756e-01  5.745e-01  5.735e-01  5.726e-01  5.717e-01  5.709e-01  5.702e-01  5.696e-01  5.690e-01  5.685e-01  5.680e-01  5.677e-01  5.673e-01  5.671e-01  5.668e-01  5.667e-01  5.665e-01 	
 2.830e-01  4.474e-01  5.252e-01  5.637e-01  5.850e-01  5.978e-01  6.057e-01  6.106e-01  6.134e-01  6.148e-01  6.153e-01  6.149e-01  6.140e-01  6.127e-01  6.110e-01  6.092e-01  6.071e-01  6.050e-01  6.028e-01  6.006e-01  5.984e-01  5.963e-01  5.941e-01  5.921e-01  5.901e-01  5.882e-01  5.863e-01  5.846e-01  5.829e-01  5.813e-01  5.798e-01  5.784e-01  5.771e-01  5.758e-01  5.747e-01  5.736e-01  5.726e-01  5.717e-01  5.709e-01  5.702e-01  5.695e-01  5.689e-01  5.683e-01  5.679e-01  5.674e-01  5.671e-01  5.668e-01  5.665e-01  5.663e-01  5.662e-01 	
 3.262e-01  4.795e-01  5.470e-01  5.791e-01  5.965e-01  6.066e-01  6.127e-01  6.163e-01  6.182e-01  6.188e-01  6.187e-01  6.178e-01  6.165e-01  6.149e-01  6.130e-01  6.109e-01  6.086e-01  6.063e-01  6.040e-01  6.017e-01  5.994e-01  5.971e-01  5.949e-01  5.927e-01  5.906e-01  5.886e-01  5.867e-01  5.849e-01  5.832e-01  5.815e-01  5.800e-01  5.785e-01  5.772e-01  5.759e-01  5.747e-01  5.736e-01  5.726e-01  5.716e-01  5.708e-01  5.700e-01  5.693e-01  5.686e-01  5.681e-01  5.676e-01  5.671e-01  5.667e-01  5.664e-01  5.661e-01  5.659e-01  5.657e-01 	
 3.677e-01  5.075e-01  5.653e-01  5.917e-01  6.058e-01  6.138e-01  6.184e-01  6.208e-01  6.219e-01  6.220e-01  6.213e-01  6.201e-01  6.185e-01  6.166e-01  6.144e-01  6.121e-01  6.097e-01  6.073e-01  6.048e-01  6.024e-01  6.000e-01  5.976e-01  5.953e-01  5.931e-01  5.910e-01  5.889e-01  5.869e-01  5.851e-01  5.833e-01  5.816e-01  5.800e-01  5.785e-01  5.771e-01  5.758e-01  5.746e-01  5.735e-01  5.724e-01  5.714e-01  5.705e-01  5.697e-01  5.690e-01  5.683e-01  5.677e-01  5.672e-01  5.667e-01  5.663e-01  5.660e-01  5.657e-01  5.654e-01  5.652e-01 	
 4.064e-01  5.315e-01  5.804e-01  6.021e-01  6.133e-01  6.195e-01  6.229e-01  6.245e-01  6.249e-01  6.244e-01  6.234e-01  6.218e-01  6.199e-01  6.178e-01  6.155e-01  6.130e-01  6.105e-01  6.080e-01  6.054e-01  6.029e-01  6.004e-01  5.980e-01  5.956e-01  5.933e-01  5.911e-01  5.890e-01  5.870e-01  5.851e-01  5.833e-01  5.816e-01  5.799e-01  5.784e-01  5.770e-01  5.756e-01  5.744e-01  5.732e-01  5.721e-01  5.711e-01  5.702e-01  5.694e-01  5.686e-01  5.679e-01  5.673e-01  5.668e-01  5.663e-01  5.658e-01  5.655e-01  5.652e-01  5.649e-01  5.647e-01 	
 4.416e-01  5.520e-01  5.929e-01  6.105e-01  6.194e-01  6.241e-01  6.264e-01  6.273e-01  6.272e-01  6.263e-01  6.249e-01  6.231e-01  6.210e-01  6.187e-01  6.162e-01  6.137e-01  6.110e-01  6.084e-01  6.058e-01  6.032e-01  6.006e-01  5.981e-01  5.957e-01  5.934e-01  5.912e-01  5.890e-01  5.870e-01  5.850e-01  5.832e-01  5.814e-01  5.798e-01  5.782e-01  5.768e-01  5.754e-01  5.741e-01  5.729e-01  5.718e-01  5.708e-01  5.699e-01  5.690e-01  5.682e-01  5.675e-01  5.669e-01  5.663e-01  5.658e-01  5.653e-01  5.649e-01  5.646e-01  5.643e-01  5.641e-01 	
 4.731e-01  5.691e-01  6.032e-01  6.173e-01  6.243e-01  6.277e-01  6.292e-01  6.295e-01  6.289e-01  6.277e-01  6.261e-01  6.241e-01  6.218e-01  6.193e-01  6.168e-01  6.141e-01  6.114e-01  6.087e-01  6.060e-01  6.033e-01  6.007e-01  5.982e-01  5.957e-01  5.934e-01  5.911e-01  5.889e-01  5.868e-01  5.849e-01  5.830e-01  5.812e-01  5.795e-01  5.780e-01  5.765e-01  5.751e-01  5.738e-01  5.726e-01  5.714e-01  5.704e-01  5.694e-01  5.686e-01  5.678e-01  5.670e-01  5.664e-01  5.658e-01  5.652e-01  5.648e-01  5.644e-01  5.640e-01  5.637e-01  5.635e-01 	
 5.007e-01  5.835e-01  6.115e-01  6.228e-01  6.281e-01  6.306e-01  6.314e-01  6.312e-01  6.303e-01  6.288e-01  6.269e-01  6.247e-01  6.223e-01  6.198e-01  6.171e-01  6.143e-01  6.115e-01  6.088e-01  6.060e-01  6.033e-01  6.007e-01  5.981e-01  5.956e-01  5.932e-01  5.909e-01  5.887e-01  5.866e-01  5.846e-01  5.827e-01  5.809e-01  5.792e-01  5.776e-01  5.761e-01  5.747e-01  5.734e-01  5.722e-01  5.710e-01  5.700e-01  5.690e-01  5.681e-01  5.673e-01  5.665e-01  5.658e-01  5.652e-01  5.647e-01  5.642e-01  5.638e-01  5.634e-01  5.631e-01  5.629e-01 	
 5.247e-01  5.953e-01  6.183e-01  6.272e-01  6.312e-01  6.328e-01  6.331e-01  6.325e-01  6.313e-01  6.296e-01  6.275e-01  6.252e-01  6.227e-01  6.200e-01  6.172e-01  6.144e-01  6.116e-01  6.088e-01  6.060e-01  6.032e-01  6.005e-01  5.980e-01  5.954e-01  5.930e-01  5.907e-01  5.885e-01  5.864e-01  5.843e-01  5.824e-01  5.806e-01  5.789e-01  5.773e-01  5.758e-01  5.743e-01  5.730e-01  5.717e-01  5.706e-01  5.695e-01  5.685e-01  5.676e-01  5.668e-01  5.660e-01  5.653e-01  5.647e-01  5.641e-01  5.636e-01  5.632e-01  5.628e-01  5.625e-01  5.623e-01 	
 5.453e-01  6.051e-01  6.237e-01  6.307e-01  6.336e-01  6.346e-01  6.344e-01  6.335e-01  6.320e-01  6.301e-01  6.279e-01  6.255e-01  6.228e-01  6.201e-01  6.173e-01  6.144e-01  6.115e-01  6.087e-01  6.058e-01  6.031e-01  6.004e-01  5.977e-01  5.952e-01  5.928e-01  5.904e-01  5.882e-01  5.861e-01  5.840e-01  5.821e-01  5.803e-01  5.785e-01  5.769e-01  5.754e-01  5.739e-01  5.726e-01  5.713e-01  5.701e-01  5.690e-01  5.680e-01  5.671e-01  5.662e-01  5.655e-01  5.648e-01  5.641e-01  5.636e-01  5.631e-01  5.626e-01  5.623e-01  5.619e-01  5.617e-01 	
 5.628e-01  6.131e-01  6.281e-01  6.335e-01  6.355e-01  6.359e-01  6.353e-01  6.341e-01  6.325e-01  6.304e-01  6.281e-01  6.256e-01  6.229e-01  6.201e-01  6.172e-01  6.143e-01  6.114e-01  6.085e-01  6.056e-01  6.028e-01  6.001e-01  5.975e-01  5.949e-01  5.925e-01  5.901e-01  5.879e-01  5.857e-01  5.837e-01  5.817e-01  5.799e-01  5.781e-01  5.765e-01  5.749e-01  5.735e-01  5.721e-01  5.708e-01  5.697e-01  5.686e-01  5.675e-01  5.666e-01  5.657e-01  5.649e-01  5.642e-01  5.636e-01  5.630e-01  5.625e-01  5.620e-01  5.617e-01  5.613e-01  5.611e-01 	
 5.775e-01  6.196e-01  6.316e-01  6.356e-01  6.369e-01  6.369e-01  6.360e-01  6.346e-01  6.328e-01  6.306e-01  6.282e-01  6.256e-01  6.228e-01  6.200e-01  6.171e-01  6.141e-01  6.112e-01  6.083e-01  6.054e-01  6.026e-01  5.998e-01  5.972e-01  5.946e-01  5.922e-01  5.898e-01  5.875e-01  5.854e-01  5.833e-01  5.814e-01  5.795e-01  5.777e-01  5.761e-01  5.745e-01  5.730e-01  5.717e-01  5.704e-01  5.692e-01  5.681e-01  5.670e-01  5.661e-01  5.652e-01  5.644e-01  5.637e-01  5.630e-01  5.624e-01  5.619e-01  5.615e-01  5.611e-01  5.608e-01  5.605e-01 	
 5.899e-01  6.249e-01  6.343e-01  6.373e-01  6.380e-01  6.376e-01  6.365e-01  6.349e-01  6.329e-01  6.307e-01  6.282e-01  6.255e-01  6.227e-01  6.198e-01  6.169e-01  6.139e-01  6.109e-01  6.080e-01  6.051e-01  6.023e-01  5.995e-01  5.969e-01  5.943e-01  5.918e-01  5.894e-01  5.872e-01  5.850e-01  5.829e-01  5.810e-01  5.791e-01  5.773e-01  5.757e-01  5.741e-01  5.726e-01  5.712e-01  5.699e-01  5.687e-01  5.676e-01  5.666e-01  5.656e-01  5.647e-01  5.639e-01  5.632e-01  5.625e-01  5.619e-01  5.614e-01  5.609e-01  5.605e-01  5.602e-01  5.600e-01 	
 6.002e-01  6.291e-01  6.365e-01  6.386e-01  6.388e-01  6.381e-01  6.368e-01  6.350e-01  6.330e-01  6.306e-01  6.281e-01  6.254e-01  6.225e-01  6.196e-01  6.166e-01  6.136e-01  6.107e-01  6.077e-01  6.048e-01  6.020e-01  5.992e-01  5.965e-01  5.940e-01  5.915e-01  5.891e-01  5.868e-01  5.846e-01  5.825e-01  5.806e-01  5.787e-01  5.769e-01  5.752e-01  5.737e-01  5.722e-01  5.708e-01  5.695e-01  5.683e-01  5.671e-01  5.661e-01  5.651e-01  5.642e-01  5.634e-01  5.626e-01  5.620e-01  5.614e-01  5.608e-01  5.604e-01  5.600e-01  5.597e-01  5.594e-01 	
 6.087e-01  6.325e-01  6.381e-01  6.395e-01  6.393e-01  6.384e-01  6.369e-01  6.350e-01  6.329e-01  6.305e-01  6.279e-01  6.252e-01  6.223e-01  6.193e-01  6.164e-01  6.134e-01  6.104e-01  6.074e-01  6.045e-01  6.016e-01  5.989e-01  5.962e-01  5.936e-01  5.911e-01  5.887e-01  5.864e-01  5.842e-01  5.822e-01  5.802e-01  5.783e-01  5.765e-01  5.748e-01  5.732e-01  5.717e-01  5.703e-01  5.690e-01  5.678e-01  5.667e-01  5.656e-01  5.646e-01  5.637e-01  5.629e-01  5.621e-01  5.614e-01  5.608e-01  5.603e-01  5.598e-01  5.595e-01  5.592e-01  5.590e-01 	
 6.157e-01  6.352e-01  6.394e-01  6.402e-01  6.397e-01  6.385e-01  6.369e-01  6.350e-01  6.327e-01  6.303e-01  6.277e-01  6.249e-01  6.220e-01  6.190e-01  6.160e-01  6.130e-01  6.100e-01  6.071e-01  6.041e-01  6.013e-01  5.985e-01  5.958e-01  5.932e-01  5.907e-01  5.883e-01  5.860e-01  5.838e-01  5.818e-01  5.798e-01  5.779e-01  5.761e-01  5.744e-01  5.728e-01  5.713e-01  5.699e-01  5.686e-01  5.673e-01  5.662e-01  5.651e-01  5.641e-01  5.632e-01  5.624e-01  5.616e-01  5.609e-01  5.603e-01  5.598e-01  5.593e-01  5.590e-01  5.587e-01  5.585e-01 	
 6.215e-01  6.374e-01  6.405e-01  6.407e-01  6.399e-01  6.386e-01  6.369e-01  6.348e-01  6.326e-01  6.301e-01  6.274e-01  6.246e-01  6.217e-01  6.187e-01  6.157e-01  6.127e-01  6.097e-01  6.067e-01  6.038e-01  6.009e-01  5.981e-01  5.954e-01  5.928e-01  5.903e-01  5.879e-01  5.856e-01  5.834e-01  5.813e-01  5.793e-01  5.774e-01  5.756e-01  5.739e-01  5.723e-01  5.708e-01  5.694e-01  5.680e-01  5.668e-01  5.656e-01  5.645e-01  5.635e-01  5.626e-01  5.618e-01  5.610e-01  5.603e-01  5.597e-01  5.592e-01  5.588e-01  5.585e-01  5.583e-01  5.582e-01 	
 6.262e-01  6.396e-01  6.418e-01  6.416e-01  6.405e-01  6.389e-01  6.371e-01  6.349e-01  6.326e-01  6.300e-01  6.273e-01  6.245e-01  6.216e-01  6.186e-01  6.156e-01  6.126e-01  6.096e-01  6.066e-01  6.037e-01  6.008e-01  5.981e-01  5.954e-01  5.928e-01  5.903e-01  5.879e-01  5.856e-01  5.834e-01  5.813e-01  5.794e-01  5.775e-01  5.757e-01  5.740e-01  5.724e-01  5.709e-01  5.695e-01  5.681e-01  5.669e-01  5.657e-01  5.647e-01  5.637e-01  5.628e-01  5.619e-01  5.612e-01  5.605e-01  5.599e-01  5.595e-01  5.591e-01  5.589e-01  5.589e-01  5.592e-01 	
