 1.900e-06  6.257e-06  1.343e-05  2.386e-05  3.813e-05  5.700e-05  8.154e-05  1.131e-04  1.533e-04  2.038e-04  2.666e-04  3.437e-04  4.370e-04  5.479e-04  6.786e-04  8.304e-04  1.005e-03  1.204e-03  1.429e-03  1.681e-03  1.963e-03  2.274e-03  2.616e-03  2.990e-03  3.397e-03  3.835e-03  4.302e-03  4.799e-03  5.322e-03  5.867e-03  6.430e-03  7.007e-03  7.592e-03  8.178e-03  8.762e-03  9.338e-03  9.900e-03  1.044e-02  1.097e-02  1.147e-02  1.194e-02  1.239e-02  1.281e-02  1.320e-02  1.357e-02  1.390e-02  1.421e-02  1.450e-02  1.477e-02  1.501e-02 	
 3.339e-06  1.099e-05  2.359e-05  4.188e-05  6.686e-05  9.986e-05  1.427e-04  1.974e-04  2.667e-04  3.531e-04  4.599e-04  5.891e-04  7.432e-04  9.244e-04  1.135e-03  1.376e-03  1.651e-03  1.960e-03  2.307e-03  2.693e-03  3.121e-03  3.593e-03  4.110e-03  4.676e-03  5.290e-03  5.953e-03  6.665e-03  7.423e-03  8.224e-03  9.066e-03  9.942e-03  1.085e-02  1.177e-02  1.271e-02  1.365e-02  1.459e-02  1.551e-02  1.642e-02  1.730e-02  1.817e-02  1.897e-02  1.976e-02  2.050e-02  2.120e-02  2.185e-02  2.247e-02  2.304e-02  2.358e-02  2.408e-02  2.453e-02 	
 5.868e-06  1.930e-05  4.141e-05  7.345e-05  1.171e-04  1.746e-04  2.489e-04  3.434e-04  4.618e-04  6.083e-04  7.860e-04  9.984e-04  1.247e-03  1.535e-03  1.863e-03  2.234e-03  2.651e-03  3.115e-03  3.630e-03  4.200e-03  4.830e-03  5.522e-03  6.281e-03  7.109e-03  8.012e-03  8.989e-03  1.004e-02  1.117e-02  1.237e-02  1.364e-02  1.497e-02  1.634e-02  1.778e-02  1.924e-02  2.073e-02  2.222e-02  2.371e-02  2.518e-02  2.665e-02  2.806e-02  2.944e-02  3.077e-02  3.204e-02  3.326e-02  3.442e-02  3.550e-02  3.653e-02  3.750e-02  3.840e-02  3.926e-02 	
 1.031e-05  3.390e-05  7.265e-05  1.287e-04  2.049e-04  3.047e-04  4.329e-04  5.944e-04  7.949e-04  1.038e-03  1.329e-03  1.667e-03  2.057e-03  2.497e-03  2.989e-03  3.538e-03  4.145e-03  4.815e-03  5.554e-03  6.369e-03  7.266e-03  8.252e-03  9.336e-03  1.053e-02  1.181e-02  1.323e-02  1.475e-02  1.640e-02  1.815e-02  2.003e-02  2.201e-02  2.408e-02  2.624e-02  2.848e-02  3.077e-02  3.309e-02  3.542e-02  3.779e-02  4.011e-02  4.242e-02  4.467e-02  4.685e-02  4.899e-02  5.104e-02  5.300e-02  5.486e-02  5.663e-02  5.833e-02  5.992e-02  6.142e-02 	
 1.812e-05  5.951e-05  1.274e-04  2.253e-04  3.579e-04  5.302e-04  7.495e-04  1.023e-03  1.355e-03  1.750e-03  2.209e-03  2.731e-03  3.315e-03  3.960e-03  4.670e-03  5.447e-03  6.299e-03  7.235e-03  8.264e-03  9.400e-03  1.065e-02  1.203e-02  1.355e-02  1.523e-02  1.707e-02  1.908e-02  2.126e-02  2.364e-02  2.618e-02  2.892e-02  3.183e-02  3.491e-02  3.812e-02  4.148e-02  4.493e-02  4.849e-02  5.209e-02  5.573e-02  5.937e-02  6.299e-02  6.658e-02  7.008e-02  7.351e-02  7.684e-02  8.004e-02  8.311e-02  8.607e-02  8.887e-02  9.154e-02  9.408e-02 	
 3.182e-05  1.044e-04  2.231e-04  3.935e-04  6.226e-04  9.184e-04  1.289e-03  1.742e-03  2.280e-03  2.900e-03  3.597e-03  4.365e-03  5.200e-03  6.105e-03  7.083e-03  8.148e-03  9.315e-03  1.060e-02  1.201e-02  1.358e-02  1.531e-02  1.725e-02  1.938e-02  2.175e-02  2.436e-02  2.723e-02  3.038e-02  3.380e-02  3.750e-02  4.149e-02  4.576e-02  5.029e-02  5.505e-02  6.005e-02  6.523e-02  7.056e-02  7.602e-02  8.155e-02  8.711e-02  9.267e-02  9.817e-02  1.036e-01  1.089e-01  1.141e-01  1.191e-01  1.240e-01  1.286e-01  1.330e-01  1.373e-01  1.413e-01 	
 5.588e-05  1.831e-04  3.900e-04  6.853e-04  1.079e-03  1.579e-03  2.195e-03  2.927e-03  3.766e-03  4.698e-03  5.704e-03  6.778e-03  7.917e-03  9.139e-03  1.046e-02  1.189e-02  1.348e-02  1.524e-02  1.719e-02  1.938e-02  2.182e-02  2.456e-02  2.761e-02  3.100e-02  3.477e-02  3.894e-02  4.351e-02  4.851e-02  5.396e-02  5.982e-02  6.613e-02  7.282e-02  7.990e-02  8.731e-02  9.500e-02  1.029e-01  1.111e-01  1.193e-01  1.276e-01  1.358e-01  1.441e-01  1.521e-01  1.600e-01  1.677e-01  1.752e-01  1.824e-01  1.892e-01  1.958e-01  2.020e-01  2.079e-01 	
 9.814e-05  3.206e-04  6.803e-04  1.189e-03  1.856e-03  2.690e-03  3.688e-03  4.829e-03  6.079e-03  7.402e-03  8.778e-03  1.022e-02  1.173e-02  1.335e-02  1.512e-02  1.709e-02  1.928e-02  2.174e-02  2.453e-02  2.766e-02  3.120e-02  3.520e-02  3.967e-02  4.468e-02  5.026e-02  5.644e-02  6.324e-02  7.068e-02  7.877e-02  8.751e-02  9.685e-02  1.068e-01  1.172e-01  1.281e-01  1.394e-01  1.510e-01  1.627e-01  1.745e-01  1.864e-01  1.981e-01  2.097e-01  2.211e-01  2.320e-01  2.427e-01  2.529e-01  2.627e-01  2.720e-01  2.808e-01  2.891e-01  2.970e-01 	
 1.722e-04  5.605e-04  1.183e-03  2.048e-03  3.164e-03  4.519e-03  6.078e-03  7.776e-03  9.539e-03  1.132e-02  1.314e-02  1.503e-02  1.704e-02  1.925e-02  2.171e-02  2.450e-02  2.767e-02  3.128e-02  3.540e-02  4.009e-02  4.541e-02  5.143e-02  5.821e-02  6.580e-02  7.425e-02  8.359e-02  9.386e-02  1.050e-01  1.171e-01  1.300e-01  1.437e-01  1.582e-01  1.732e-01  1.887e-01  2.044e-01  2.203e-01  2.363e-01  2.523e-01  2.680e-01  2.832e-01  2.981e-01  3.126e-01  3.263e-01  3.394e-01  3.519e-01  3.636e-01  3.746e-01  3.851e-01  3.947e-01  4.037e-01 	
 3.018e-04  9.776e-04  2.044e-03  3.499e-03  5.319e-03  7.449e-03  9.782e-03  1.219e-02  1.458e-02  1.696e-02  1.940e-02  2.199e-02  2.483e-02  2.805e-02  3.172e-02  3.594e-02  4.080e-02  4.639e-02  5.279e-02  6.010e-02  6.839e-02  7.778e-02  8.830e-02  1.000e-01  1.129e-01  1.271e-01  1.423e-01  1.588e-01  1.763e-01  1.946e-01  2.137e-01  2.335e-01  2.535e-01  2.736e-01  2.939e-01  3.138e-01  3.334e-01  3.524e-01  3.707e-01  3.883e-01  4.050e-01  4.210e-01  4.358e-01  4.498e-01  4.630e-01  4.751e-01  4.865e-01  4.969e-01  5.066e-01  5.156e-01 	
 5.286e-04  1.699e-03  3.508e-03  5.900e-03  8.777e-03  1.197e-02  1.531e-02  1.862e-02  2.189e-02  2.522e-02  2.877e-02  3.269e-02  3.716e-02  4.229e-02  4.823e-02  5.510e-02  6.303e-02  7.210e-02  8.252e-02  9.426e-02  1.076e-01  1.223e-01  1.385e-01  1.563e-01  1.754e-01  1.959e-01  2.175e-01  2.401e-01  2.633e-01  2.870e-01  3.109e-01  3.348e-01  3.584e-01  3.814e-01  4.038e-01  4.254e-01  4.458e-01  4.653e-01  4.838e-01  5.011e-01  5.173e-01  5.322e-01  5.462e-01  5.591e-01  5.710e-01  5.818e-01  5.919e-01  6.011e-01  6.095e-01  6.172e-01 	
 9.244e-04  2.936e-03  5.953e-03  9.769e-03  1.410e-02  1.866e-02  2.321e-02  2.776e-02  3.241e-02  3.743e-02  4.304e-02  4.946e-02  5.688e-02  6.550e-02  7.545e-02  8.698e-02  1.001e-01  1.150e-01  1.316e-01  1.501e-01  1.703e-01  1.922e-01  2.156e-01  2.402e-01  2.659e-01  2.923e-01  3.191e-01  3.460e-01  3.726e-01  3.989e-01  4.244e-01  4.490e-01  4.725e-01  4.949e-01  5.160e-01  5.358e-01  5.543e-01  5.716e-01  5.875e-01  6.023e-01  6.158e-01  6.282e-01  6.397e-01  6.501e-01  6.597e-01  6.684e-01  6.763e-01  6.836e-01  6.901e-01  6.961e-01 	
 1.612e-03  5.034e-03  9.940e-03  1.575e-02  2.188e-02  2.799e-02  3.405e-02  4.035e-02  4.725e-02  5.508e-02  6.415e-02  7.471e-02  8.693e-02  1.011e-01  1.173e-01  1.356e-01  1.559e-01  1.783e-01  2.027e-01  2.286e-01  2.560e-01  2.843e-01  3.134e-01  3.426e-01  3.719e-01  4.006e-01  4.288e-01  4.558e-01  4.818e-01  5.064e-01  5.298e-01  5.516e-01  5.721e-01  5.911e-01  6.087e-01  6.249e-01  6.399e-01  6.536e-01  6.662e-01  6.777e-01  6.882e-01  6.979e-01  7.066e-01  7.146e-01  7.220e-01  7.280e-01  7.340e-01  7.399e-01  7.444e-01  7.489e-01 	
 2.802e-03  8.538e-03  1.622e-02  2.450e-02  3.253e-02  4.024e-02  4.826e-02  5.722e-02  6.760e-02  7.982e-02  9.411e-02  1.107e-01  1.299e-01  1.514e-01  1.754e-01  2.016e-01  2.296e-01  2.591e-01  2.897e-01  3.210e-01  3.524e-01  3.836e-01  4.141e-01  4.437e-01  4.720e-01  4.990e-01  5.246e-01  5.485e-01  5.709e-01  5.916e-01  6.110e-01  6.288e-01  6.453e-01  6.604e-01  6.742e-01  6.869e-01  6.986e-01  7.089e-01  7.189e-01  7.279e-01  7.359e-01  7.429e-01  7.496e-01  7.559e-01  7.614e-01  7.665e-01  7.708e-01  7.748e-01  7.786e-01  7.817e-01 	
 4.844e-03  1.422e-02  2.559e-02  3.635e-02  4.594e-02  5.547e-02  6.624e-02  7.913e-02  9.462e-02  1.130e-01  1.343e-01  1.586e-01  1.856e-01  2.150e-01  2.463e-01  2.788e-01  3.121e-01  3.456e-01  3.788e-01  4.111e-01  4.423e-01  4.721e-01  5.002e-01  5.267e-01  5.515e-01  5.746e-01  5.960e-01  6.158e-01  6.341e-01  6.508e-01  6.661e-01  6.808e-01  6.934e-01  7.052e-01  7.163e-01  7.266e-01  7.357e-01  7.441e-01  7.518e-01  7.589e-01  7.654e-01  7.709e-01  7.764e-01  7.814e-01  7.855e-01  7.896e-01  7.929e-01  7.964e-01  7.995e-01  8.019e-01 	
 8.305e-03  2.313e-02  3.855e-02  5.094e-02  6.182e-02  7.393e-02  8.893e-02  1.075e-01  1.297e-01  1.557e-01  1.849e-01  2.168e-01  2.507e-01  2.859e-01  3.215e-01  3.568e-01  3.913e-01  4.246e-01  4.563e-01  4.862e-01  5.142e-01  5.403e-01  5.645e-01  5.869e-01  6.074e-01  6.266e-01  6.444e-01  6.602e-01  6.752e-01  6.889e-01  7.014e-01  7.127e-01  7.234e-01  7.331e-01  7.423e-01  7.505e-01  7.580e-01  7.646e-01  7.710e-01  7.772e-01  7.824e-01  7.874e-01  7.919e-01  7.959e-01  7.995e-01  8.032e-01  8.061e-01  8.091e-01  8.114e-01  8.139e-01 	
 1.407e-02  3.625e-02  5.464e-02  6.732e-02  8.020e-02  9.686e-02  1.183e-01  1.445e-01  1.750e-01  2.089e-01  2.452e-01  2.828e-01  3.206e-01  3.579e-01  3.938e-01  4.281e-01  4.604e-01  4.905e-01  5.185e-01  5.443e-01  5.683e-01  5.900e-01  6.100e-01  6.289e-01  6.458e-01  6.617e-01  6.758e-01  6.891e-01  7.014e-01  7.131e-01  7.234e-01  7.329e-01  7.418e-01  7.500e-01  7.577e-01  7.650e-01  7.715e-01  7.777e-01  7.832e-01  7.881e-01  7.930e-01  7.973e-01  8.012e-01  8.052e-01  8.084e-01  8.113e-01  8.144e-01  8.168e-01  8.191e-01  8.212e-01 	
 2.342e-02  5.394e-02  7.209e-02  8.495e-02  1.023e-01  1.263e-01  1.566e-01  1.918e-01  2.305e-01  2.709e-01  3.116e-01  3.513e-01  3.893e-01  4.251e-01  4.583e-01  4.888e-01  5.170e-01  5.428e-01  5.667e-01  5.883e-01  6.082e-01  6.267e-01  6.434e-01  6.585e-01  6.727e-01  6.862e-01  6.982e-01  7.094e-01  7.198e-01  7.298e-01  7.389e-01  7.473e-01  7.551e-01  7.620e-01  7.689e-01  7.751e-01  7.810e-01  7.864e-01  7.916e-01  7.961e-01  8.005e-01  8.046e-01  8.080e-01  8.116e-01  8.145e-01  8.177e-01  8.203e-01  8.225e-01  8.249e-01  8.269e-01 	
 3.797e-02  7.470e-02  8.901e-02  1.048e-01  1.302e-01  1.641e-01  2.043e-01  2.480e-01  2.926e-01  3.362e-01  3.775e-01  4.159e-01  4.511e-01  4.831e-01  5.123e-01  5.383e-01  5.622e-01  5.842e-01  6.039e-01  6.220e-01  6.385e-01  6.541e-01  6.682e-01  6.811e-01  6.935e-01  7.045e-01  7.150e-01  7.248e-01  7.341e-01  7.427e-01  7.506e-01  7.581e-01  7.651e-01  7.719e-01  7.777e-01  7.834e-01  7.890e-01  7.939e-01  7.984e-01  8.030e-01  8.067e-01  8.105e-01  8.142e-01  8.174e-01  8.201e-01  8.228e-01  8.254e-01  8.277e-01  8.296e-01  8.315e-01 	
 5.921e-02  9.451e-02  1.057e-01  1.295e-01  1.660e-01  2.110e-01  2.599e-01  3.090e-01  3.557e-01  3.986e-01  4.375e-01  4.721e-01  5.029e-01  5.308e-01  5.555e-01  5.776e-01  5.979e-01  6.163e-01  6.329e-01  6.483e-01  6.625e-01  6.759e-01  6.881e-01  6.994e-01  7.101e-01  7.200e-01  7.294e-01  7.380e-01  7.464e-01  7.540e-01  7.612e-01  7.678e-01  7.743e-01  7.803e-01  7.860e-01  7.914e-01  7.962e-01  8.007e-01  8.051e-01  8.091e-01  8.129e-01  8.166e-01  8.196e-01  8.227e-01  8.257e-01  8.280e-01  8.304e-01  8.325e-01  8.347e-01  8.363e-01 	
 8.724e-02  1.099e-01  1.251e-01  1.614e-01  2.106e-01  2.652e-01  3.196e-01  3.700e-01  4.151e-01  4.545e-01  4.893e-01  5.192e-01  5.460e-01  5.694e-01  5.902e-01  6.091e-01  6.264e-01  6.422e-01  6.567e-01  6.699e-01  6.824e-01  6.938e-01  7.047e-01  7.149e-01  7.244e-01  7.333e-01  7.416e-01  7.495e-01  7.571e-01  7.641e-01  7.708e-01  7.770e-01  7.830e-01  7.884e-01  7.937e-01  7.988e-01  8.034e-01  8.077e-01  8.119e-01  8.154e-01  8.189e-01  8.224e-01  8.254e-01  8.284e-01  8.308e-01  8.333e-01  8.355e-01  8.376e-01  8.394e-01  8.410e-01 	
 1.182e-01  1.227e-01  1.508e-01  2.021e-01  2.630e-01  3.239e-01  3.792e-01  4.275e-01  4.685e-01  5.032e-01  5.328e-01  5.585e-01  5.812e-01  6.012e-01  6.190e-01  6.353e-01  6.502e-01  6.637e-01  6.764e-01  6.881e-01  6.993e-01  7.096e-01  7.193e-01  7.286e-01  7.370e-01  7.451e-01  7.529e-01  7.603e-01  7.670e-01  7.737e-01  7.799e-01  7.856e-01  7.912e-01  7.964e-01  8.012e-01  8.059e-01  8.101e-01  8.142e-01  8.181e-01  8.217e-01  8.251e-01  8.282e-01  8.308e-01  8.335e-01  8.360e-01  8.384e-01  8.405e-01  8.425e-01  8.440e-01  8.456e-01 	
 1.422e-01  1.385e-01  1.849e-01  2.514e-01  3.208e-01  3.832e-01  4.360e-01  4.790e-01  5.147e-01  5.444e-01  5.697e-01  5.917e-01  6.106e-01  6.279e-01  6.432e-01  6.572e-01  6.703e-01  6.825e-01  6.936e-01  7.042e-01  7.140e-01  7.233e-01  7.321e-01  7.406e-01  7.485e-01  7.561e-01  7.630e-01  7.701e-01  7.763e-01  7.824e-01  7.882e-01  7.936e-01  7.986e-01  8.038e-01  8.083e-01  8.125e-01  8.166e-01  8.204e-01  8.240e-01  8.274e-01  8.307e-01  8.334e-01  8.363e-01  8.386e-01  8.409e-01  8.433e-01  8.452e-01  8.470e-01  8.487e-01  8.502e-01 	
 1.520e-01  1.617e-01  2.284e-01  3.077e-01  3.803e-01  4.398e-01  4.869e-01  5.242e-01  5.545e-01  5.793e-01  6.006e-01  6.193e-01  6.355e-01  6.502e-01  6.637e-01  6.762e-01  6.875e-01  6.983e-01  7.086e-01  7.179e-01  7.269e-01  7.356e-01  7.438e-01  7.514e-01  7.588e-01  7.656e-01  7.723e-01  7.787e-01  7.848e-01  7.905e-01  7.957e-01  8.010e-01  8.057e-01  8.105e-01  8.148e-01  8.186e-01  8.226e-01  8.264e-01  8.297e-01  8.329e-01  8.359e-01  8.384e-01  8.411e-01  8.434e-01  8.455e-01  8.476e-01  8.495e-01  8.512e-01  8.526e-01  8.541e-01 	
 1.559e-01  1.941e-01  2.808e-01  3.677e-01  4.379e-01  4.910e-01  5.312e-01  5.624e-01  5.876e-01  6.089e-01  6.268e-01  6.425e-01  6.566e-01  6.694e-01  6.812e-01  6.921e-01  7.027e-01  7.124e-01  7.216e-01  7.301e-01  7.385e-01  7.463e-01  7.538e-01  7.612e-01  7.680e-01  7.744e-01  7.806e-01  7.865e-01  7.922e-01  7.977e-01  8.027e-01  8.075e-01  8.122e-01  8.165e-01  8.205e-01  8.245e-01  8.283e-01  8.316e-01  8.349e-01  8.376e-01  8.406e-01  8.431e-01  8.456e-01  8.479e-01  8.497e-01  8.518e-01  8.535e-01  8.550e-01  8.565e-01  8.578e-01 	
 1.664e-01  2.365e-01  3.399e-01  4.272e-01  4.904e-01  5.353e-01  5.688e-01  5.946e-01  6.154e-01  6.332e-01  6.485e-01  6.620e-01  6.744e-01  6.857e-01  6.963e-01  7.062e-01  7.154e-01  7.242e-01  7.329e-01  7.409e-01  7.485e-01  7.560e-01  7.628e-01  7.697e-01  7.761e-01  7.822e-01  7.882e-01  7.937e-01  7.991e-01  8.040e-01  8.092e-01  8.135e-01  8.178e-01  8.219e-01  8.260e-01  8.296e-01  8.331e-01  8.365e-01  8.394e-01  8.423e-01  8.447e-01  8.474e-01  8.496e-01  8.517e-01  8.537e-01  8.553e-01  8.571e-01  8.585e-01  8.598e-01  8.610e-01 	
 1.873e-01  2.888e-01  4.017e-01  4.820e-01  5.354e-01  5.722e-01  5.995e-01  6.209e-01  6.384e-01  6.533e-01  6.665e-01  6.785e-01  6.893e-01  6.996e-01  7.091e-01  7.181e-01  7.265e-01  7.350e-01  7.427e-01  7.503e-01  7.574e-01  7.645e-01  7.711e-01  7.773e-01  7.833e-01  7.892e-01  7.947e-01  8.001e-01  8.054e-01  8.099e-01  8.147e-01  8.191e-01  8.231e-01  8.270e-01  8.309e-01  8.342e-01  8.376e-01  8.408e-01  8.436e-01  8.463e-01  8.489e-01  8.511e-01  8.531e-01  8.551e-01  8.570e-01  8.589e-01  8.602e-01  8.619e-01  8.631e-01  8.642e-01 	
 2.186e-01  3.494e-01  4.605e-01  5.293e-01  5.725e-01  6.025e-01  6.249e-01  6.426e-01  6.575e-01  6.703e-01  6.820e-01  6.923e-01  7.023e-01  7.114e-01  7.201e-01  7.285e-01  7.363e-01  7.442e-01  7.515e-01  7.585e-01  7.652e-01  7.720e-01  7.781e-01  7.841e-01  7.900e-01  7.956e-01  8.008e-01  8.059e-01  8.107e-01  8.154e-01  8.196e-01  8.239e-01  8.277e-01  8.315e-01  8.352e-01  8.384e-01  8.416e-01  8.444e-01  8.475e-01  8.497e-01  8.523e-01  8.547e-01  8.567e-01  8.586e-01  8.601e-01  8.618e-01  8.635e-01  8.647e-01  8.659e-01  8.669e-01 	
 2.602e-01  4.127e-01  5.125e-01  5.682e-01  6.029e-01  6.271e-01  6.457e-01  6.605e-01  6.733e-01  6.847e-01  6.948e-01  7.044e-01  7.133e-01  7.216e-01  7.298e-01  7.376e-01  7.451e-01  7.522e-01  7.591e-01  7.657e-01  7.722e-01  7.783e-01  7.845e-01  7.902e-01  7.956e-01  8.010e-01  8.061e-01  8.111e-01  8.157e-01  8.199e-01  8.241e-01  8.283e-01  8.320e-01  8.357e-01  8.390e-01  8.422e-01  8.450e-01  8.481e-01  8.507e-01  8.533e-01  8.554e-01  8.575e-01  8.594e-01  8.613e-01  8.631e-01  8.644e-01  8.661e-01  8.672e-01  8.683e-01  8.693e-01 	
 3.126e-01  4.729e-01  5.554e-01  5.995e-01  6.274e-01  6.474e-01  6.629e-01  6.759e-01  6.869e-01  6.970e-01  7.061e-01  7.149e-01  7.231e-01  7.308e-01  7.384e-01  7.454e-01  7.527e-01  7.593e-01  7.659e-01  7.722e-01  7.785e-01  7.844e-01  7.901e-01  7.954e-01  8.007e-01  8.060e-01  8.107e-01  8.153e-01  8.198e-01  8.241e-01  8.282e-01  8.320e-01  8.357e-01  8.391e-01  8.423e-01  8.455e-01  8.483e-01  8.510e-01  8.536e-01  8.561e-01  8.582e-01  8.602e-01  8.622e-01  8.640e-01  8.654e-01  8.671e-01  8.683e-01  8.695e-01  8.705e-01  8.715e-01 	
 3.740e-01  5.250e-01  5.902e-01  6.250e-01  6.474e-01  6.641e-01  6.774e-01  6.886e-01  6.986e-01  7.076e-01  7.159e-01  7.239e-01  7.314e-01  7.388e-01  7.458e-01  7.527e-01  7.591e-01  7.658e-01  7.719e-01  7.780e-01  7.839e-01  7.895e-01  7.951e-01  8.004e-01  8.053e-01  8.103e-01  8.149e-01  8.195e-01  8.238e-01  8.277e-01  8.318e-01  8.353e-01  8.390e-01  8.423e-01  8.456e-01  8.484e-01  8.512e-01  8.539e-01  8.561e-01  8.587e-01  8.607e-01  8.627e-01  8.647e-01  8.661e-01  8.679e-01  8.691e-01  8.703e-01  8.715e-01  8.725e-01  8.734e-01 	
 4.392e-01  5.676e-01  6.180e-01  6.454e-01  6.642e-01  6.782e-01  6.899e-01  6.998e-01  7.086e-01  7.166e-01  7.244e-01  7.316e-01  7.389e-01  7.455e-01  7.522e-01  7.586e-01  7.652e-01  7.711e-01  7.772e-01  7.830e-01  7.885e-01  7.941e-01  7.994e-01  8.044e-01  8.094e-01  8.141e-01  8.187e-01  8.230e-01  8.269e-01  8.312e-01  8.347e-01  8.385e-01  8.419e-01  8.449e-01  8.482e-01  8.510e-01  8.538e-01  8.561e-01  8.587e-01  8.609e-01  8.630e-01  8.650e-01  8.665e-01  8.683e-01  8.697e-01  8.709e-01  8.725e-01  8.736e-01  8.746e-01  8.752e-01 	
 5.006e-01  6.018e-01  6.403e-01  6.626e-01  6.781e-01  6.902e-01  7.004e-01  7.093e-01  7.172e-01  7.249e-01  7.320e-01  7.388e-01  7.455e-01  7.519e-01  7.582e-01  7.642e-01  7.701e-01  7.761e-01  7.819e-01  7.874e-01  7.930e-01  7.983e-01  8.033e-01  8.080e-01  8.131e-01  8.174e-01  8.218e-01  8.262e-01  8.301e-01  8.341e-01  8.376e-01  8.411e-01  8.445e-01  8.475e-01  8.504e-01  8.533e-01  8.561e-01  8.584e-01  8.607e-01  8.628e-01  8.649e-01  8.665e-01  8.684e-01  8.699e-01  8.716e-01  8.728e-01  8.740e-01  8.751e-01  8.761e-01  8.770e-01 	
 5.530e-01  6.287e-01  6.582e-01  6.766e-01  6.899e-01  7.006e-01  7.098e-01  7.176e-01  7.250e-01  7.318e-01  7.386e-01  7.449e-01  7.511e-01  7.572e-01  7.631e-01  7.692e-01  7.748e-01  7.805e-01  7.860e-01  7.913e-01  7.966e-01  8.017e-01  8.068e-01  8.116e-01  8.160e-01  8.204e-01  8.249e-01  8.289e-01  8.326e-01  8.366e-01  8.402e-01  8.433e-01  8.468e-01  8.498e-01  8.528e-01  8.553e-01  8.577e-01  8.605e-01  8.627e-01  8.645e-01  8.666e-01  8.686e-01  8.701e-01  8.715e-01  8.732e-01  8.744e-01  8.756e-01  8.767e-01  8.776e-01  8.785e-01 	
 5.955e-01  6.499e-01  6.733e-01  6.886e-01  7.000e-01  7.095e-01  7.177e-01  7.250e-01  7.316e-01  7.379e-01  7.442e-01  7.501e-01  7.560e-01  7.618e-01  7.675e-01  7.734e-01  7.787e-01  7.842e-01  7.895e-01  7.949e-01  8.000e-01  8.048e-01  8.096e-01  8.145e-01  8.186e-01  8.231e-01  8.273e-01  8.314e-01  8.351e-01  8.388e-01  8.421e-01  8.456e-01  8.488e-01  8.518e-01  8.544e-01  8.573e-01  8.598e-01  8.621e-01  8.640e-01  8.662e-01  8.683e-01  8.698e-01  8.717e-01  8.732e-01  8.745e-01  8.757e-01  8.768e-01  8.779e-01  8.788e-01  8.797e-01 	
 6.286e-01  6.668e-01  6.856e-01  6.987e-01  7.091e-01  7.175e-01  7.246e-01  7.315e-01  7.376e-01  7.435e-01  7.492e-01  7.548e-01  7.605e-01  7.660e-01  7.715e-01  7.772e-01  7.823e-01  7.876e-01  7.930e-01  7.981e-01  8.029e-01  8.079e-01  8.124e-01  8.170e-01  8.213e-01  8.255e-01  8.297e-01  8.335e-01  8.373e-01  8.407e-01  8.440e-01  8.476e-01  8.504e-01  8.534e-01  8.561e-01  8.586e-01  8.610e-01  8.634e-01  8.657e-01  8.679e-01  8.695e-01  8.711e-01  8.730e-01  8.744e-01  8.757e-01  8.769e-01  8.781e-01  8.791e-01  8.800e-01  8.809e-01 	
 6.538e-01  6.805e-01  6.960e-01  7.076e-01  7.166e-01  7.242e-01  7.310e-01  7.369e-01  7.426e-01  7.483e-01  7.537e-01  7.591e-01  7.645e-01  7.699e-01  7.752e-01  7.803e-01  7.855e-01  7.906e-01  7.957e-01  8.006e-01  8.056e-01  8.103e-01  8.149e-01  8.193e-01  8.236e-01  8.275e-01  8.314e-01  8.353e-01  8.391e-01  8.425e-01  8.459e-01  8.491e-01  8.519e-01  8.550e-01  8.577e-01  8.602e-01  8.627e-01  8.651e-01  8.669e-01  8.691e-01  8.708e-01  8.724e-01  8.743e-01  8.757e-01  8.770e-01  8.781e-01  8.792e-01  8.803e-01  8.812e-01  8.820e-01 	
 6.731e-01  6.917e-01  7.049e-01  7.151e-01  7.233e-01  7.303e-01  7.364e-01  7.420e-01  7.472e-01  7.526e-01  7.578e-01  7.630e-01  7.679e-01  7.731e-01  7.781e-01  7.834e-01  7.884e-01  7.933e-01  7.982e-01  8.032e-01  8.079e-01  8.123e-01  8.171e-01  8.211e-01  8.255e-01  8.295e-01  8.335e-01  8.370e-01  8.405e-01  8.440e-01  8.473e-01  8.506e-01  8.535e-01  8.562e-01  8.589e-01  8.614e-01  8.639e-01  8.663e-01  8.681e-01  8.703e-01  8.720e-01  8.736e-01  8.750e-01  8.768e-01  8.781e-01  8.793e-01  8.804e-01  8.814e-01  8.823e-01  8.831e-01 	
 6.876e-01  7.013e-01  7.127e-01  7.218e-01  7.290e-01  7.354e-01  7.409e-01  7.463e-01  7.513e-01  7.562e-01  7.612e-01  7.663e-01  7.710e-01  7.760e-01  7.812e-01  7.862e-01  7.910e-01  7.960e-01  8.006e-01  8.054e-01  8.098e-01  8.143e-01  8.188e-01  8.229e-01  8.270e-01  8.311e-01  8.351e-01  8.387e-01  8.422e-01  8.457e-01  8.487e-01  8.521e-01  8.549e-01  8.577e-01  8.604e-01  8.625e-01  8.650e-01  8.674e-01  8.693e-01  8.710e-01  8.731e-01  8.747e-01  8.761e-01  8.775e-01  8.787e-01  8.803e-01  8.814e-01  8.824e-01  8.832e-01  8.840e-01 	
 6.985e-01  7.092e-01  7.194e-01  7.275e-01  7.344e-01  7.400e-01  7.454e-01  7.503e-01  7.548e-01  7.595e-01  7.644e-01  7.692e-01  7.741e-01  7.788e-01  7.835e-01  7.883e-01  7.932e-01  7.979e-01  8.027e-01  8.072e-01  8.117e-01  8.163e-01  8.205e-01  8.247e-01  8.288e-01  8.326e-01  8.367e-01  8.399e-01  8.435e-01  8.470e-01  8.500e-01  8.530e-01  8.559e-01  8.586e-01  8.613e-01  8.639e-01  8.660e-01  8.684e-01  8.702e-01  8.724e-01  8.741e-01  8.756e-01  8.771e-01  8.784e-01  8.796e-01  8.812e-01  8.823e-01  8.832e-01  8.841e-01  8.849e-01 	
 7.072e-01  7.158e-01  7.253e-01  7.328e-01  7.387e-01  7.442e-01  7.492e-01  7.536e-01  7.583e-01  7.625e-01  7.672e-01  7.718e-01  7.765e-01  7.810e-01  7.858e-01  7.907e-01  7.954e-01  7.998e-01  8.043e-01  8.089e-01  8.135e-01  8.178e-01  8.221e-01  8.263e-01  8.302e-01  8.340e-01  8.377e-01  8.414e-01  8.450e-01  8.482e-01  8.512e-01  8.542e-01  8.571e-01  8.599e-01  8.626e-01  8.647e-01  8.672e-01  8.692e-01  8.710e-01  8.732e-01  8.749e-01  8.764e-01  8.778e-01  8.796e-01  8.808e-01  8.820e-01  8.830e-01  8.839e-01  8.848e-01  8.855e-01 	
 7.144e-01  7.219e-01  7.304e-01  7.374e-01  7.430e-01  7.478e-01  7.523e-01  7.569e-01  7.611e-01  7.655e-01  7.696e-01  7.741e-01  7.785e-01  7.831e-01  7.880e-01  7.923e-01  7.971e-01  8.017e-01  8.063e-01  8.106e-01  8.149e-01  8.192e-01  8.236e-01  8.275e-01  8.314e-01  8.352e-01  8.390e-01  8.427e-01  8.460e-01  8.492e-01  8.522e-01  8.552e-01  8.581e-01  8.609e-01  8.632e-01  8.658e-01  8.679e-01  8.703e-01  8.721e-01  8.739e-01  8.759e-01  8.774e-01  8.789e-01  8.802e-01  8.814e-01  8.825e-01  8.839e-01  8.849e-01  8.857e-01  8.864e-01 	
 7.200e-01  7.273e-01  7.351e-01  7.413e-01  7.466e-01  7.510e-01  7.554e-01  7.595e-01  7.636e-01  7.678e-01  7.720e-01  7.763e-01  7.808e-01  7.852e-01  7.898e-01  7.942e-01  7.988e-01  8.034e-01  8.077e-01  8.121e-01  8.165e-01  8.205e-01  8.249e-01  8.289e-01  8.328e-01  8.367e-01  8.401e-01  8.435e-01  8.472e-01  8.504e-01  8.535e-01  8.561e-01  8.590e-01  8.618e-01  8.641e-01  8.667e-01  8.687e-01  8.711e-01  8.730e-01  8.747e-01  8.763e-01  8.783e-01  8.797e-01  8.810e-01  8.822e-01  8.833e-01  8.847e-01  8.856e-01  8.864e-01  8.872e-01 	
 7.249e-01  7.317e-01  7.391e-01  7.448e-01  7.498e-01  7.539e-01  7.582e-01  7.618e-01  7.660e-01  7.700e-01  7.740e-01  7.780e-01  7.823e-01  7.868e-01  7.912e-01  7.957e-01  8.003e-01  8.047e-01  8.091e-01  8.135e-01  8.176e-01  8.221e-01  8.261e-01  8.301e-01  8.337e-01  8.376e-01  8.411e-01  8.445e-01  8.482e-01  8.510e-01  8.541e-01  8.571e-01  8.600e-01  8.624e-01  8.652e-01  8.673e-01  8.698e-01  8.718e-01  8.736e-01  8.758e-01  8.774e-01  8.789e-01  8.803e-01  8.816e-01  8.832e-01  8.843e-01  8.853e-01  8.862e-01  8.870e-01  8.877e-01 	
 7.293e-01  7.361e-01  7.428e-01  7.480e-01  7.524e-01  7.567e-01  7.602e-01  7.640e-01  7.680e-01  7.718e-01  7.759e-01  7.801e-01  7.841e-01  7.884e-01  7.928e-01  7.974e-01  8.017e-01  8.062e-01  8.102e-01  8.148e-01  8.189e-01  8.230e-01  8.271e-01  8.312e-01  8.348e-01  8.388e-01  8.423e-01  8.457e-01  8.490e-01  8.522e-01  8.549e-01  8.580e-01  8.609e-01  8.633e-01  8.660e-01  8.682e-01  8.702e-01  8.726e-01  8.744e-01  8.761e-01  8.782e-01  8.797e-01  8.811e-01  8.823e-01  8.835e-01  8.850e-01  8.860e-01  8.869e-01  8.877e-01  8.884e-01 	
 7.329e-01  7.398e-01  7.461e-01  7.509e-01  7.550e-01  7.589e-01  7.626e-01  7.662e-01  7.696e-01  7.735e-01  7.774e-01  7.816e-01  7.858e-01  7.897e-01  7.943e-01  7.986e-01  8.030e-01  8.075e-01  8.116e-01  8.158e-01  8.200e-01  8.242e-01  8.283e-01  8.320e-01  8.357e-01  8.397e-01  8.432e-01  8.466e-01  8.500e-01  8.528e-01  8.559e-01  8.590e-01  8.615e-01  8.643e-01  8.666e-01  8.688e-01  8.712e-01  8.732e-01  8.750e-01  8.771e-01  8.787e-01  8.802e-01  8.816e-01  8.833e-01  8.845e-01  8.855e-01  8.865e-01  8.874e-01  8.886e-01  8.893e-01 	
 7.365e-01  7.433e-01  7.489e-01  7.535e-01  7.575e-01  7.610e-01  7.645e-01  7.679e-01  7.715e-01  7.751e-01  7.791e-01  7.831e-01  7.869e-01  7.914e-01  7.956e-01  8.000e-01  8.041e-01  8.086e-01  8.128e-01  8.171e-01  8.209e-01  8.251e-01  8.293e-01  8.331e-01  8.367e-01  8.404e-01  8.439e-01  8.473e-01  8.507e-01  8.535e-01  8.567e-01  8.597e-01  8.622e-01  8.651e-01  8.673e-01  8.695e-01  8.720e-01  8.739e-01  8.757e-01  8.774e-01  8.795e-01  8.809e-01  8.823e-01  8.836e-01  8.852e-01  8.862e-01  8.872e-01  8.880e-01  8.888e-01  8.899e-01 	
 7.398e-01  7.462e-01  7.516e-01  7.560e-01  7.593e-01  7.630e-01  7.663e-01  7.695e-01  7.732e-01  7.765e-01  7.803e-01  7.843e-01  7.883e-01  7.924e-01  7.967e-01  8.008e-01  8.053e-01  8.095e-01  8.138e-01  8.181e-01  8.220e-01  8.262e-01  8.301e-01  8.338e-01  8.375e-01  8.412e-01  8.447e-01  8.482e-01  8.512e-01  8.544e-01  8.576e-01  8.602e-01  8.631e-01  8.655e-01  8.678e-01  8.704e-01  8.725e-01  8.744e-01  8.766e-01  8.783e-01  8.799e-01  8.814e-01  8.832e-01  8.844e-01  8.856e-01  8.866e-01  8.876e-01  8.889e-01  8.896e-01  8.903e-01 	
 7.426e-01  7.489e-01  7.540e-01  7.578e-01  7.614e-01  7.645e-01  7.676e-01  7.709e-01  7.744e-01  7.778e-01  7.817e-01  7.854e-01  7.894e-01  7.936e-01  7.976e-01  8.021e-01  8.064e-01  8.106e-01  8.146e-01  8.189e-01  8.228e-01  8.271e-01  8.310e-01  8.348e-01  8.385e-01  8.422e-01  8.453e-01  8.488e-01  8.522e-01  8.550e-01  8.582e-01  8.608e-01  8.638e-01  8.662e-01  8.684e-01  8.710e-01  8.731e-01  8.750e-01  8.772e-01  8.789e-01  8.805e-01  8.820e-01  8.838e-01  8.850e-01  8.862e-01  8.872e-01  8.882e-01  8.894e-01  8.902e-01  8.909e-01 	
 7.454e-01  7.515e-01  7.560e-01  7.598e-01  7.629e-01  7.663e-01  7.692e-01  7.722e-01  7.758e-01  7.793e-01  7.829e-01  7.867e-01  7.904e-01  7.947e-01  7.987e-01  8.029e-01  8.072e-01  8.115e-01  8.155e-01  8.198e-01  8.238e-01  8.277e-01  8.316e-01  8.354e-01  8.392e-01  8.429e-01  8.460e-01  8.495e-01  8.529e-01  8.558e-01  8.589e-01  8.616e-01  8.641e-01  8.669e-01  8.692e-01  8.714e-01  8.738e-01  8.758e-01  8.776e-01  8.793e-01  8.813e-01  8.827e-01  8.841e-01  8.853e-01  8.869e-01  8.879e-01  8.889e-01  8.897e-01  8.909e-01  8.916e-01 	
