 3.968e-04  1.247e-03  2.815e-03  5.371e-03  9.344e-03  1.521e-02  2.335e-02  3.397e-02  4.700e-02  6.216e-02  7.906e-02  9.725e-02  1.164e-01  1.362e-01  1.564e-01  1.770e-01  1.979e-01  2.193e-01  2.411e-01  2.635e-01  2.867e-01  3.107e-01  3.356e-01  3.616e-01  3.887e-01  4.169e-01  4.462e-01  4.767e-01  5.084e-01  5.412e-01  5.750e-01  6.098e-01  6.455e-01  6.821e-01  7.194e-01  7.574e-01  7.959e-01  8.349e-01  8.743e-01  9.139e-01  9.536e-01  9.933e-01  1.033e+00  1.072e+00  1.110e+00  1.146e+00  1.180e+00  1.210e+00  1.235e+00  1.252e+00 	
 4.375e-04  1.449e-03  3.397e-03  6.736e-03  1.215e-02  2.033e-02  3.172e-02  4.643e-02  6.417e-02  8.443e-02  1.066e-01  1.303e-01  1.549e-01  1.802e-01  2.061e-01  2.326e-01  2.597e-01  2.876e-01  3.163e-01  3.459e-01  3.766e-01  4.085e-01  4.416e-01  4.759e-01  5.114e-01  5.481e-01  5.860e-01  6.249e-01  6.648e-01  7.056e-01  7.472e-01  7.894e-01  8.322e-01  8.755e-01  9.190e-01  9.628e-01  1.007e+00  1.051e+00  1.095e+00  1.138e+00  1.182e+00  1.225e+00  1.267e+00  1.309e+00  1.349e+00  1.388e+00  1.424e+00  1.457e+00  1.485e+00  1.506e+00 	
 5.015e-04  1.730e-03  4.249e-03  8.855e-03  1.664e-02  2.854e-02  4.494e-02  6.562e-02  8.994e-02  1.171e-01  1.463e-01  1.770e-01  2.088e-01  2.416e-01  2.753e-01  3.100e-01  3.457e-01  3.824e-01  4.204e-01  4.595e-01  5.000e-01  5.416e-01  5.844e-01  6.282e-01  6.730e-01  7.186e-01  7.649e-01  8.118e-01  8.590e-01  9.066e-01  9.542e-01  1.002e+00  1.049e+00  1.096e+00  1.143e+00  1.190e+00  1.236e+00  1.281e+00  1.326e+00  1.370e+00  1.413e+00  1.456e+00  1.497e+00  1.538e+00  1.577e+00  1.614e+00  1.648e+00  1.680e+00  1.707e+00  1.729e+00 	
 5.846e-04  2.106e-03  5.484e-03  1.210e-02  2.367e-02  4.130e-02  6.509e-02  9.425e-02  1.276e-01  1.640e-01  2.026e-01  2.429e-01  2.845e-01  3.273e-01  3.713e-01  4.165e-01  4.630e-01  5.107e-01  5.596e-01  6.095e-01  6.604e-01  7.121e-01  7.644e-01  8.171e-01  8.700e-01  9.230e-01  9.758e-01  1.028e+00  1.080e+00  1.132e+00  1.183e+00  1.233e+00  1.282e+00  1.330e+00  1.377e+00  1.423e+00  1.468e+00  1.512e+00  1.555e+00  1.597e+00  1.637e+00  1.677e+00  1.715e+00  1.752e+00  1.788e+00  1.822e+00  1.853e+00  1.881e+00  1.906e+00  1.926e+00 	
 6.886e-04  2.619e-03  7.328e-03  1.719e-02  3.472e-02  6.103e-02  9.543e-02  1.363e-01  1.817e-01  2.304e-01  2.814e-01  3.340e-01  3.882e-01  4.437e-01  5.004e-01  5.582e-01  6.170e-01  6.765e-01  7.366e-01  7.970e-01  8.575e-01  9.177e-01  9.775e-01  1.037e+00  1.095e+00  1.152e+00  1.208e+00  1.263e+00  1.316e+00  1.368e+00  1.419e+00  1.467e+00  1.515e+00  1.561e+00  1.605e+00  1.648e+00  1.690e+00  1.730e+00  1.769e+00  1.806e+00  1.842e+00  1.877e+00  1.911e+00  1.943e+00  1.974e+00  2.003e+00  2.030e+00  2.054e+00  2.076e+00  2.093e+00 	
 8.193e-04  3.344e-03  1.019e-02  2.536e-02  5.224e-02  9.125e-02  1.403e-01  1.966e-01  2.577e-01  3.219e-01  3.883e-01  4.562e-01  5.254e-01  5.955e-01  6.662e-01  7.372e-01  8.081e-01  8.785e-01  9.481e-01  1.017e+00  1.084e+00  1.149e+00  1.213e+00  1.275e+00  1.334e+00  1.392e+00  1.447e+00  1.500e+00  1.551e+00  1.600e+00  1.647e+00  1.692e+00  1.735e+00  1.776e+00  1.815e+00  1.853e+00  1.889e+00  1.923e+00  1.957e+00  1.988e+00  2.019e+00  2.048e+00  2.076e+00  2.103e+00  2.128e+00  2.152e+00  2.175e+00  2.195e+00  2.213e+00  2.227e+00 	
 9.869e-04  4.415e-03  1.484e-02  3.871e-02  7.982e-02  1.367e-01  2.051e-01  2.808e-01  3.610e-01  4.439e-01  5.284e-01  6.136e-01  6.991e-01  7.841e-01  8.681e-01  9.507e-01  1.031e+00  1.109e+00  1.185e+00  1.257e+00  1.327e+00  1.393e+00  1.456e+00  1.516e+00  1.573e+00  1.627e+00  1.678e+00  1.726e+00  1.772e+00  1.815e+00  1.855e+00  1.894e+00  1.930e+00  1.965e+00  1.998e+00  2.029e+00  2.059e+00  2.087e+00  2.114e+00  2.139e+00  2.164e+00  2.187e+00  2.210e+00  2.231e+00  2.251e+00  2.270e+00  2.288e+00  2.304e+00  2.318e+00  2.329e+00 	
 1.209e-03  6.086e-03  2.263e-02  6.052e-02  1.224e-01  2.030e-01  2.954e-01  3.944e-01  4.968e-01  6.005e-01  7.043e-01  8.069e-01  9.076e-01  1.005e+00  1.100e+00  1.190e+00  1.276e+00  1.357e+00  1.433e+00  1.504e+00  1.571e+00  1.634e+00  1.692e+00  1.746e+00  1.797e+00  1.844e+00  1.888e+00  1.928e+00  1.966e+00  2.002e+00  2.035e+00  2.066e+00  2.095e+00  2.123e+00  2.149e+00  2.173e+00  2.196e+00  2.218e+00  2.239e+00  2.258e+00  2.277e+00  2.295e+00  2.312e+00  2.328e+00  2.343e+00  2.358e+00  2.371e+00  2.383e+00  2.394e+00  2.403e+00 	
 1.513e-03  8.840e-03  3.591e-02  9.558e-02  1.859e-01  2.961e-01  4.165e-01  5.412e-01  6.671e-01  7.917e-01  9.134e-01  1.031e+00  1.143e+00  1.248e+00  1.347e+00  1.439e+00  1.524e+00  1.603e+00  1.675e+00  1.740e+00  1.800e+00  1.855e+00  1.905e+00  1.951e+00  1.993e+00  2.031e+00  2.066e+00  2.099e+00  2.128e+00  2.156e+00  2.181e+00  2.205e+00  2.227e+00  2.247e+00  2.266e+00  2.284e+00  2.301e+00  2.317e+00  2.332e+00  2.346e+00  2.360e+00  2.373e+00  2.385e+00  2.397e+00  2.408e+00  2.418e+00  2.428e+00  2.437e+00  2.445e+00  2.452e+00 	
 1.950e-03  1.361e-02  5.851e-02  1.501e-01  2.766e-01  4.206e-01  5.709e-01  7.217e-01  8.694e-01  1.012e+00  1.147e+00  1.273e+00  1.390e+00  1.496e+00  1.593e+00  1.681e+00  1.759e+00  1.830e+00  1.893e+00  1.949e+00  1.999e+00  2.044e+00  2.084e+00  2.120e+00  2.152e+00  2.182e+00  2.208e+00  2.232e+00  2.253e+00  2.273e+00  2.291e+00  2.308e+00  2.323e+00  2.337e+00  2.350e+00  2.363e+00  2.374e+00  2.385e+00  2.395e+00  2.405e+00  2.414e+00  2.423e+00  2.432e+00  2.440e+00  2.447e+00  2.455e+00  2.462e+00  2.468e+00  2.474e+00  2.479e+00 	
 2.614e-03  2.216e-02  9.603e-02  2.306e-01  3.990e-01  5.783e-01  7.575e-01  9.311e-01  1.096e+00  1.249e+00  1.390e+00  1.517e+00  1.630e+00  1.731e+00  1.819e+00  1.897e+00  1.965e+00  2.024e+00  2.075e+00  2.120e+00  2.159e+00  2.193e+00  2.223e+00  2.249e+00  2.273e+00  2.293e+00  2.311e+00  2.327e+00  2.342e+00  2.355e+00  2.367e+00  2.377e+00  2.387e+00  2.396e+00  2.405e+00  2.412e+00  2.420e+00  2.427e+00  2.433e+00  2.439e+00  2.445e+00  2.451e+00  2.456e+00  2.462e+00  2.467e+00  2.472e+00  2.476e+00  2.481e+00  2.485e+00  2.489e+00 	
 3.686e-03  3.763e-02  1.555e-01  3.427e-01  5.547e-01  7.671e-01  9.704e-01  1.160e+00  1.334e+00  1.489e+00  1.626e+00  1.746e+00  1.850e+00  1.938e+00  2.014e+00  2.078e+00  2.133e+00  2.179e+00  2.218e+00  2.251e+00  2.280e+00  2.304e+00  2.324e+00  2.342e+00  2.357e+00  2.370e+00  2.381e+00  2.391e+00  2.399e+00  2.407e+00  2.414e+00  2.420e+00  2.425e+00  2.430e+00  2.435e+00  2.439e+00  2.443e+00  2.447e+00  2.451e+00  2.454e+00  2.458e+00  2.461e+00  2.464e+00  2.468e+00  2.471e+00  2.474e+00  2.477e+00  2.480e+00  2.483e+00  2.486e+00 	
 5.552e-03  6.508e-02  2.439e-01  4.884e-01  7.409e-01  9.802e-01  1.200e+00  1.396e+00  1.569e+00  1.717e+00  1.844e+00  1.950e+00  2.038e+00  2.112e+00  2.172e+00  2.222e+00  2.263e+00  2.297e+00  2.325e+00  2.347e+00  2.366e+00  2.381e+00  2.393e+00  2.404e+00  2.412e+00  2.419e+00  2.425e+00  2.429e+00  2.433e+00  2.437e+00  2.440e+00  2.442e+00  2.444e+00  2.446e+00  2.448e+00  2.450e+00  2.452e+00  2.453e+00  2.455e+00  2.456e+00  2.458e+00  2.460e+00  2.461e+00  2.463e+00  2.465e+00  2.467e+00  2.468e+00  2.470e+00  2.472e+00  2.475e+00 	
 9.048e-03  1.114e-01  3.660e-01  6.655e-01  9.506e-01  1.207e+00  1.433e+00  1.626e+00  1.788e+00  1.922e+00  2.032e+00  2.121e+00  2.192e+00  2.250e+00  2.295e+00  2.332e+00  2.360e+00  2.383e+00  2.400e+00  2.414e+00  2.424e+00  2.432e+00  2.438e+00  2.442e+00  2.446e+00  2.448e+00  2.449e+00  2.450e+00  2.450e+00  2.451e+00  2.451e+00  2.450e+00  2.450e+00  2.450e+00  2.450e+00  2.449e+00  2.449e+00  2.449e+00  2.449e+00  2.450e+00  2.450e+00  2.450e+00  2.451e+00  2.451e+00  2.452e+00  2.453e+00  2.454e+00  2.455e+00  2.457e+00  2.458e+00 	
 1.596e-02  1.843e-01  5.221e-01  8.673e-01  1.174e+00  1.437e+00  1.657e+00  1.837e+00  1.982e+00  2.097e+00  2.187e+00  2.258e+00  2.312e+00  2.354e+00  2.386e+00  2.410e+00  2.427e+00  2.440e+00  2.449e+00  2.456e+00  2.460e+00  2.462e+00  2.463e+00  2.462e+00  2.461e+00  2.460e+00  2.458e+00  2.456e+00  2.454e+00  2.452e+00  2.450e+00  2.448e+00  2.446e+00  2.444e+00  2.442e+00  2.440e+00  2.439e+00  2.438e+00  2.437e+00  2.436e+00  2.436e+00  2.435e+00  2.435e+00  2.435e+00  2.435e+00  2.435e+00  2.436e+00  2.436e+00  2.437e+00  2.438e+00 	
 2.980e-02  2.899e-01  7.072e-01  1.085e+00  1.401e+00  1.658e+00  1.863e+00  2.023e+00  2.145e+00  2.238e+00  2.308e+00  2.361e+00  2.399e+00  2.427e+00  2.447e+00  2.461e+00  2.469e+00  2.475e+00  2.477e+00  2.478e+00  2.476e+00  2.474e+00  2.471e+00  2.468e+00  2.464e+00  2.460e+00  2.456e+00  2.452e+00  2.448e+00  2.444e+00  2.440e+00  2.437e+00  2.434e+00  2.431e+00  2.428e+00  2.426e+00  2.423e+00  2.422e+00  2.420e+00  2.418e+00  2.417e+00  2.416e+00  2.415e+00  2.415e+00  2.415e+00  2.414e+00  2.415e+00  2.415e+00  2.415e+00  2.416e+00 	
 5.651e-02  4.301e-01  9.130e-01  1.308e+00  1.620e+00  1.861e+00  2.042e+00  2.177e+00  2.275e+00  2.346e+00  2.397e+00  2.433e+00  2.458e+00  2.474e+00  2.484e+00  2.490e+00  2.491e+00  2.491e+00  2.488e+00  2.484e+00  2.479e+00  2.474e+00  2.468e+00  2.462e+00  2.456e+00  2.451e+00  2.445e+00  2.439e+00  2.434e+00  2.429e+00  2.425e+00  2.421e+00  2.417e+00  2.413e+00  2.410e+00  2.407e+00  2.404e+00  2.402e+00  2.400e+00  2.398e+00  2.397e+00  2.395e+00  2.394e+00  2.393e+00  2.393e+00  2.392e+00  2.392e+00  2.392e+00  2.393e+00  2.393e+00 	
 1.043e-01  6.014e-01  1.130e+00  1.526e+00  1.822e+00  2.038e+00  2.191e+00  2.299e+00  2.373e+00  2.424e+00  2.459e+00  2.481e+00  2.494e+00  2.501e+00  2.503e+00  2.502e+00  2.498e+00  2.493e+00  2.487e+00  2.480e+00  2.472e+00  2.465e+00  2.457e+00  2.450e+00  2.442e+00  2.435e+00  2.429e+00  2.422e+00  2.417e+00  2.411e+00  2.406e+00  2.401e+00  2.397e+00  2.393e+00  2.389e+00  2.386e+00  2.383e+00  2.381e+00  2.379e+00  2.377e+00  2.375e+00  2.373e+00  2.372e+00  2.371e+00  2.370e+00  2.370e+00  2.370e+00  2.370e+00  2.370e+00  2.370e+00 	
 1.816e-01  7.965e-01  1.348e+00  1.733e+00  2.002e+00  2.186e+00  2.309e+00  2.390e+00  2.443e+00  2.476e+00  2.496e+00  2.507e+00  2.511e+00  2.511e+00  2.507e+00  2.501e+00  2.494e+00  2.485e+00  2.476e+00  2.467e+00  2.458e+00  2.449e+00  2.440e+00  2.432e+00  2.424e+00  2.416e+00  2.409e+00  2.402e+00  2.396e+00  2.390e+00  2.385e+00  2.380e+00  2.376e+00  2.372e+00  2.368e+00  2.365e+00  2.362e+00  2.359e+00  2.357e+00  2.355e+00  2.353e+00  2.351e+00  2.350e+00  2.349e+00  2.348e+00  2.348e+00  2.347e+00  2.347e+00  2.347e+00  2.348e+00 	
 2.935e-01  1.006e+00  1.561e+00  1.921e+00  2.155e+00  2.303e+00  2.396e+00  2.454e+00  2.488e+00  2.506e+00  2.515e+00  2.517e+00  2.514e+00  2.508e+00  2.500e+00  2.491e+00  2.481e+00  2.471e+00  2.460e+00  2.450e+00  2.439e+00  2.429e+00  2.420e+00  2.411e+00  2.403e+00  2.395e+00  2.387e+00  2.381e+00  2.374e+00  2.368e+00  2.363e+00  2.358e+00  2.354e+00  2.350e+00  2.346e+00  2.343e+00  2.340e+00  2.337e+00  2.335e+00  2.333e+00  2.331e+00  2.330e+00  2.328e+00  2.327e+00  2.327e+00  2.326e+00  2.326e+00  2.326e+00  2.326e+00  2.326e+00 	
 4.391e-01  1.222e+00  1.761e+00  2.084e+00  2.278e+00  2.392e+00  2.457e+00  2.494e+00  2.512e+00  2.519e+00  2.519e+00  2.515e+00  2.507e+00  2.497e+00  2.486e+00  2.474e+00  2.463e+00  2.451e+00  2.439e+00  2.428e+00  2.418e+00  2.407e+00  2.398e+00  2.389e+00  2.380e+00  2.372e+00  2.365e+00  2.358e+00  2.352e+00  2.346e+00  2.341e+00  2.336e+00  2.332e+00  2.328e+00  2.324e+00  2.321e+00  2.318e+00  2.316e+00  2.314e+00  2.312e+00  2.310e+00  2.309e+00  2.308e+00  2.307e+00  2.306e+00  2.305e+00  2.305e+00  2.305e+00  2.305e+00  2.305e+00 	
 6.117e-01  1.436e+00  1.942e+00  2.220e+00  2.372e+00  2.453e+00  2.495e+00  2.515e+00  2.521e+00  2.519e+00  2.513e+00  2.503e+00  2.492e+00  2.479e+00  2.467e+00  2.454e+00  2.441e+00  2.429e+00  2.417e+00  2.405e+00  2.394e+00  2.384e+00  2.375e+00  2.366e+00  2.357e+00  2.350e+00  2.342e+00  2.336e+00  2.330e+00  2.324e+00  2.319e+00  2.315e+00  2.310e+00  2.307e+00  2.303e+00  2.300e+00  2.298e+00  2.295e+00  2.293e+00  2.292e+00  2.290e+00  2.289e+00  2.288e+00  2.287e+00  2.286e+00  2.286e+00  2.286e+00  2.285e+00  2.286e+00  2.286e+00 	
 8.019e-01  1.643e+00  2.100e+00  2.327e+00  2.439e+00  2.492e+00  2.514e+00  2.520e+00  2.517e+00  2.509e+00  2.498e+00  2.485e+00  2.472e+00  2.458e+00  2.444e+00  2.430e+00  2.417e+00  2.405e+00  2.393e+00  2.381e+00  2.371e+00  2.361e+00  2.351e+00  2.343e+00  2.335e+00  2.327e+00  2.320e+00  2.314e+00  2.308e+00  2.303e+00  2.298e+00  2.294e+00  2.290e+00  2.287e+00  2.283e+00  2.281e+00  2.278e+00  2.276e+00  2.274e+00  2.273e+00  2.271e+00  2.270e+00  2.269e+00  2.268e+00  2.268e+00  2.267e+00  2.267e+00  2.267e+00  2.267e+00  2.267e+00 	
 1.001e+00  1.835e+00  2.230e+00  2.406e+00  2.482e+00  2.512e+00  2.519e+00  2.515e+00  2.505e+00  2.492e+00  2.478e+00  2.463e+00  2.448e+00  2.434e+00  2.419e+00  2.406e+00  2.392e+00  2.380e+00  2.368e+00  2.357e+00  2.347e+00  2.337e+00  2.328e+00  2.320e+00  2.312e+00  2.305e+00  2.299e+00  2.293e+00  2.288e+00  2.283e+00  2.278e+00  2.274e+00  2.271e+00  2.267e+00  2.265e+00  2.262e+00  2.260e+00  2.258e+00  2.256e+00  2.255e+00  2.253e+00  2.252e+00  2.252e+00  2.251e+00  2.250e+00  2.250e+00  2.250e+00  2.250e+00  2.250e+00  2.250e+00 	
 1.203e+00  2.007e+00  2.333e+00  2.460e+00  2.506e+00  2.517e+00  2.512e+00  2.501e+00  2.486e+00  2.471e+00  2.455e+00  2.439e+00  2.423e+00  2.408e+00  2.394e+00  2.381e+00  2.368e+00  2.356e+00  2.344e+00  2.334e+00  2.324e+00  2.315e+00  2.306e+00  2.299e+00  2.291e+00  2.285e+00  2.279e+00  2.273e+00  2.268e+00  2.264e+00  2.259e+00  2.256e+00  2.252e+00  2.250e+00  2.247e+00  2.245e+00  2.243e+00  2.241e+00  2.239e+00  2.238e+00  2.237e+00  2.236e+00  2.235e+00  2.235e+00  2.234e+00  2.234e+00  2.234e+00  2.234e+00  2.234e+00  2.234e+00 	
 1.404e+00  2.154e+00  2.409e+00  2.493e+00  2.514e+00  2.511e+00  2.498e+00  2.481e+00  2.464e+00  2.447e+00  2.430e+00  2.413e+00  2.398e+00  2.383e+00  2.369e+00  2.356e+00  2.344e+00  2.332e+00  2.321e+00  2.311e+00  2.302e+00  2.293e+00  2.285e+00  2.278e+00  2.271e+00  2.265e+00  2.260e+00  2.255e+00  2.250e+00  2.246e+00  2.242e+00  2.238e+00  2.235e+00  2.233e+00  2.230e+00  2.228e+00  2.226e+00  2.225e+00  2.223e+00  2.222e+00  2.221e+00  2.221e+00  2.220e+00  2.219e+00  2.219e+00  2.219e+00  2.219e+00  2.219e+00  2.219e+00  2.219e+00 	
 1.600e+00  2.274e+00  2.461e+00  2.509e+00  2.510e+00  2.497e+00  2.478e+00  2.458e+00  2.439e+00  2.421e+00  2.404e+00  2.387e+00  2.372e+00  2.358e+00  2.345e+00  2.332e+00  2.320e+00  2.309e+00  2.299e+00  2.290e+00  2.281e+00  2.273e+00  2.266e+00  2.259e+00  2.253e+00  2.247e+00  2.242e+00  2.237e+00  2.233e+00  2.229e+00  2.225e+00  2.222e+00  2.220e+00  2.217e+00  2.215e+00  2.213e+00  2.211e+00  2.210e+00  2.209e+00  2.208e+00  2.207e+00  2.206e+00  2.206e+00  2.205e+00  2.205e+00  2.205e+00  2.205e+00  2.205e+00  2.205e+00  2.205e+00 	
 1.784e+00  2.367e+00  2.492e+00  2.510e+00  2.498e+00  2.477e+00  2.455e+00  2.433e+00  2.413e+00  2.395e+00  2.378e+00  2.362e+00  2.347e+00  2.334e+00  2.321e+00  2.309e+00  2.298e+00  2.288e+00  2.279e+00  2.270e+00  2.262e+00  2.254e+00  2.247e+00  2.241e+00  2.235e+00  2.230e+00  2.225e+00  2.221e+00  2.217e+00  2.213e+00  2.210e+00  2.207e+00  2.205e+00  2.203e+00  2.201e+00  2.199e+00  2.197e+00  2.196e+00  2.195e+00  2.194e+00  2.193e+00  2.193e+00  2.192e+00  2.192e+00  2.192e+00  2.192e+00  2.192e+00  2.192e+00  2.192e+00  2.192e+00 	
 1.952e+00  2.434e+00  2.506e+00  2.502e+00  2.479e+00  2.454e+00  2.429e+00  2.407e+00  2.387e+00  2.369e+00  2.353e+00  2.338e+00  2.324e+00  2.311e+00  2.299e+00  2.288e+00  2.277e+00  2.268e+00  2.259e+00  2.251e+00  2.243e+00  2.236e+00  2.230e+00  2.224e+00  2.219e+00  2.214e+00  2.210e+00  2.206e+00  2.202e+00  2.199e+00  2.196e+00  2.193e+00  2.191e+00  2.189e+00  2.187e+00  2.186e+00  2.184e+00  2.183e+00  2.182e+00  2.182e+00  2.181e+00  2.180e+00  2.180e+00  2.180e+00  2.180e+00  2.179e+00  2.179e+00  2.179e+00  2.180e+00  2.180e+00 	
 2.098e+00  2.478e+00  2.507e+00  2.486e+00  2.457e+00  2.428e+00  2.403e+00  2.381e+00  2.362e+00  2.344e+00  2.328e+00  2.314e+00  2.301e+00  2.289e+00  2.278e+00  2.267e+00  2.258e+00  2.249e+00  2.241e+00  2.233e+00  2.226e+00  2.220e+00  2.214e+00  2.209e+00  2.204e+00  2.199e+00  2.195e+00  2.192e+00  2.188e+00  2.185e+00  2.183e+00  2.180e+00  2.178e+00  2.177e+00  2.175e+00  2.174e+00  2.172e+00  2.171e+00  2.171e+00  2.170e+00  2.169e+00  2.169e+00  2.169e+00  2.168e+00  2.168e+00  2.168e+00  2.168e+00  2.168e+00  2.168e+00  2.168e+00 	
 2.218e+00  2.503e+00  2.497e+00  2.465e+00  2.432e+00  2.402e+00  2.377e+00  2.356e+00  2.337e+00  2.320e+00  2.305e+00  2.292e+00  2.280e+00  2.268e+00  2.258e+00  2.248e+00  2.240e+00  2.231e+00  2.224e+00  2.217e+00  2.210e+00  2.204e+00  2.199e+00  2.194e+00  2.190e+00  2.186e+00  2.182e+00  2.179e+00  2.176e+00  2.173e+00  2.171e+00  2.168e+00  2.167e+00  2.165e+00  2.164e+00  2.162e+00  2.161e+00  2.160e+00  2.160e+00  2.159e+00  2.159e+00  2.158e+00  2.158e+00  2.158e+00  2.158e+00  2.157e+00  2.157e+00  2.157e+00  2.157e+00  2.158e+00 	
 2.313e+00  2.513e+00  2.481e+00  2.441e+00  2.406e+00  2.376e+00  2.352e+00  2.331e+00  2.313e+00  2.298e+00  2.284e+00  2.271e+00  2.260e+00  2.249e+00  2.240e+00  2.231e+00  2.223e+00  2.215e+00  2.208e+00  2.202e+00  2.196e+00  2.190e+00  2.185e+00  2.181e+00  2.177e+00  2.173e+00  2.170e+00  2.166e+00  2.164e+00  2.161e+00  2.159e+00  2.157e+00  2.156e+00  2.154e+00  2.153e+00  2.152e+00  2.151e+00  2.150e+00  2.149e+00  2.149e+00  2.148e+00  2.148e+00  2.148e+00  2.148e+00  2.148e+00  2.147e+00  2.147e+00  2.147e+00  2.147e+00  2.148e+00 	
 2.382e+00  2.510e+00  2.460e+00  2.416e+00  2.380e+00  2.351e+00  2.327e+00  2.308e+00  2.291e+00  2.276e+00  2.263e+00  2.252e+00  2.241e+00  2.231e+00  2.223e+00  2.214e+00  2.207e+00  2.200e+00  2.193e+00  2.187e+00  2.182e+00  2.177e+00  2.172e+00  2.168e+00  2.165e+00  2.161e+00  2.158e+00  2.155e+00  2.153e+00  2.151e+00  2.149e+00  2.147e+00  2.145e+00  2.144e+00  2.143e+00  2.142e+00  2.141e+00  2.140e+00  2.140e+00  2.139e+00  2.139e+00  2.139e+00  2.138e+00  2.138e+00  2.138e+00  2.138e+00  2.138e+00  2.138e+00  2.138e+00  2.138e+00 	
 2.428e+00  2.498e+00  2.436e+00  2.390e+00  2.354e+00  2.327e+00  2.304e+00  2.286e+00  2.270e+00  2.256e+00  2.244e+00  2.234e+00  2.224e+00  2.215e+00  2.207e+00  2.199e+00  2.192e+00  2.186e+00  2.180e+00  2.174e+00  2.169e+00  2.165e+00  2.161e+00  2.157e+00  2.153e+00  2.150e+00  2.147e+00  2.145e+00  2.143e+00  2.141e+00  2.139e+00  2.137e+00  2.136e+00  2.135e+00  2.134e+00  2.133e+00  2.132e+00  2.132e+00  2.131e+00  2.131e+00  2.130e+00  2.130e+00  2.130e+00  2.130e+00  2.129e+00  2.129e+00  2.129e+00  2.129e+00  2.129e+00  2.129e+00 	
 2.456e+00  2.480e+00  2.411e+00  2.364e+00  2.330e+00  2.303e+00  2.282e+00  2.265e+00  2.250e+00  2.238e+00  2.227e+00  2.217e+00  2.208e+00  2.200e+00  2.192e+00  2.185e+00  2.179e+00  2.173e+00  2.167e+00  2.162e+00  2.158e+00  2.153e+00  2.150e+00  2.146e+00  2.143e+00  2.140e+00  2.138e+00  2.135e+00  2.133e+00  2.131e+00  2.130e+00  2.128e+00  2.127e+00  2.126e+00  2.125e+00  2.124e+00  2.124e+00  2.123e+00  2.123e+00  2.122e+00  2.122e+00  2.122e+00  2.121e+00  2.121e+00  2.121e+00  2.121e+00  2.121e+00  2.121e+00  2.121e+00  2.121e+00 	
 2.468e+00  2.458e+00  2.385e+00  2.339e+00  2.306e+00  2.281e+00  2.262e+00  2.246e+00  2.232e+00  2.221e+00  2.210e+00  2.201e+00  2.193e+00  2.185e+00  2.178e+00  2.172e+00  2.166e+00  2.161e+00  2.156e+00  2.151e+00  2.147e+00  2.143e+00  2.139e+00  2.136e+00  2.133e+00  2.131e+00  2.128e+00  2.126e+00  2.124e+00  2.123e+00  2.121e+00  2.120e+00  2.119e+00  2.118e+00  2.117e+00  2.116e+00  2.116e+00  2.115e+00  2.115e+00  2.114e+00  2.114e+00  2.114e+00  2.114e+00  2.114e+00  2.114e+00  2.113e+00  2.113e+00  2.113e+00  2.113e+00  2.113e+00 	
 2.468e+00  2.434e+00  2.359e+00  2.315e+00  2.284e+00  2.261e+00  2.243e+00  2.228e+00  2.215e+00  2.205e+00  2.195e+00  2.187e+00  2.179e+00  2.172e+00  2.166e+00  2.160e+00  2.154e+00  2.149e+00  2.145e+00  2.140e+00  2.137e+00  2.133e+00  2.130e+00  2.127e+00  2.124e+00  2.122e+00  2.120e+00  2.118e+00  2.116e+00  2.115e+00  2.113e+00  2.112e+00  2.111e+00  2.110e+00  2.110e+00  2.109e+00  2.108e+00  2.108e+00  2.108e+00  2.107e+00  2.107e+00  2.107e+00  2.107e+00  2.106e+00  2.106e+00  2.106e+00  2.106e+00  2.106e+00  2.106e+00  2.106e+00 	
 2.458e+00  2.408e+00  2.334e+00  2.293e+00  2.264e+00  2.242e+00  2.225e+00  2.211e+00  2.200e+00  2.190e+00  2.181e+00  2.173e+00  2.166e+00  2.160e+00  2.154e+00  2.148e+00  2.143e+00  2.139e+00  2.135e+00  2.131e+00  2.127e+00  2.124e+00  2.121e+00  2.118e+00  2.116e+00  2.114e+00  2.112e+00  2.110e+00  2.109e+00  2.107e+00  2.106e+00  2.105e+00  2.104e+00  2.103e+00  2.103e+00  2.102e+00  2.101e+00  2.101e+00  2.101e+00  2.100e+00  2.100e+00  2.100e+00  2.100e+00  2.100e+00  2.099e+00  2.099e+00  2.099e+00  2.099e+00  2.099e+00  2.099e+00 	
 2.443e+00  2.382e+00  2.311e+00  2.271e+00  2.244e+00  2.224e+00  2.208e+00  2.196e+00  2.185e+00  2.176e+00  2.168e+00  2.161e+00  2.154e+00  2.148e+00  2.143e+00  2.138e+00  2.133e+00  2.129e+00  2.125e+00  2.122e+00  2.118e+00  2.115e+00  2.113e+00  2.110e+00  2.108e+00  2.106e+00  2.104e+00  2.103e+00  2.101e+00  2.100e+00  2.099e+00  2.098e+00  2.097e+00  2.097e+00  2.096e+00  2.095e+00  2.095e+00  2.094e+00  2.094e+00  2.094e+00  2.094e+00  2.093e+00  2.093e+00  2.093e+00  2.093e+00  2.093e+00  2.093e+00  2.092e+00  2.092e+00  2.092e+00 	
 2.423e+00  2.357e+00  2.288e+00  2.251e+00  2.226e+00  2.208e+00  2.193e+00  2.181e+00  2.172e+00  2.163e+00  2.156e+00  2.149e+00  2.143e+00  2.138e+00  2.133e+00  2.128e+00  2.124e+00  2.120e+00  2.117e+00  2.113e+00  2.110e+00  2.108e+00  2.105e+00  2.103e+00  2.101e+00  2.099e+00  2.097e+00  2.096e+00  2.095e+00  2.094e+00  2.093e+00  2.092e+00  2.091e+00  2.090e+00  2.090e+00  2.089e+00  2.089e+00  2.088e+00  2.088e+00  2.088e+00  2.088e+00  2.087e+00  2.087e+00  2.087e+00  2.087e+00  2.087e+00  2.086e+00  2.086e+00  2.086e+00  2.086e+00 	
 2.401e+00  2.332e+00  2.267e+00  2.233e+00  2.210e+00  2.192e+00  2.179e+00  2.168e+00  2.159e+00  2.152e+00  2.145e+00  2.139e+00  2.133e+00  2.128e+00  2.124e+00  2.119e+00  2.115e+00  2.112e+00  2.108e+00  2.105e+00  2.103e+00  2.100e+00  2.098e+00  2.096e+00  2.094e+00  2.092e+00  2.091e+00  2.090e+00  2.088e+00  2.087e+00  2.086e+00  2.086e+00  2.085e+00  2.084e+00  2.084e+00  2.083e+00  2.083e+00  2.083e+00  2.082e+00  2.082e+00  2.082e+00  2.082e+00  2.081e+00  2.081e+00  2.081e+00  2.081e+00  2.081e+00  2.080e+00  2.080e+00  2.080e+00 	
 2.377e+00  2.309e+00  2.247e+00  2.216e+00  2.194e+00  2.178e+00  2.166e+00  2.156e+00  2.148e+00  2.141e+00  2.134e+00  2.129e+00  2.124e+00  2.119e+00  2.115e+00  2.111e+00  2.107e+00  2.104e+00  2.101e+00  2.098e+00  2.096e+00  2.093e+00  2.091e+00  2.089e+00  2.088e+00  2.086e+00  2.085e+00  2.084e+00  2.083e+00  2.082e+00  2.081e+00  2.080e+00  2.079e+00  2.079e+00  2.078e+00  2.078e+00  2.077e+00  2.077e+00  2.077e+00  2.077e+00  2.076e+00  2.076e+00  2.076e+00  2.076e+00  2.076e+00  2.075e+00  2.075e+00  2.075e+00  2.074e+00  2.074e+00 	
 2.353e+00  2.287e+00  2.229e+00  2.200e+00  2.180e+00  2.165e+00  2.154e+00  2.145e+00  2.137e+00  2.130e+00  2.125e+00  2.119e+00  2.115e+00  2.111e+00  2.107e+00  2.103e+00  2.100e+00  2.097e+00  2.094e+00  2.091e+00  2.089e+00  2.087e+00  2.085e+00  2.083e+00  2.082e+00  2.080e+00  2.079e+00  2.078e+00  2.077e+00  2.076e+00  2.075e+00  2.075e+00  2.074e+00  2.074e+00  2.073e+00  2.073e+00  2.072e+00  2.072e+00  2.072e+00  2.071e+00  2.071e+00  2.071e+00  2.071e+00  2.071e+00  2.070e+00  2.070e+00  2.070e+00  2.070e+00  2.069e+00  2.069e+00 	
 2.329e+00  2.267e+00  2.212e+00  2.185e+00  2.167e+00  2.153e+00  2.143e+00  2.134e+00  2.127e+00  2.121e+00  2.116e+00  2.111e+00  2.107e+00  2.103e+00  2.099e+00  2.096e+00  2.093e+00  2.090e+00  2.087e+00  2.085e+00  2.083e+00  2.081e+00  2.079e+00  2.078e+00  2.076e+00  2.075e+00  2.074e+00  2.073e+00  2.072e+00  2.071e+00  2.070e+00  2.070e+00  2.069e+00  2.069e+00  2.068e+00  2.068e+00  2.067e+00  2.067e+00  2.067e+00  2.067e+00  2.066e+00  2.066e+00  2.066e+00  2.066e+00  2.066e+00  2.065e+00  2.065e+00  2.065e+00  2.064e+00  2.063e+00 	
 2.306e+00  2.248e+00  2.197e+00  2.171e+00  2.154e+00  2.142e+00  2.132e+00  2.124e+00  2.118e+00  2.112e+00  2.107e+00  2.103e+00  2.099e+00  2.095e+00  2.092e+00  2.089e+00  2.086e+00  2.084e+00  2.081e+00  2.079e+00  2.077e+00  2.075e+00  2.074e+00  2.072e+00  2.071e+00  2.070e+00  2.069e+00  2.068e+00  2.067e+00  2.066e+00  2.066e+00  2.065e+00  2.064e+00  2.064e+00  2.064e+00  2.063e+00  2.063e+00  2.063e+00  2.062e+00  2.062e+00  2.062e+00  2.062e+00  2.061e+00  2.061e+00  2.061e+00  2.061e+00  2.060e+00  2.060e+00  2.059e+00  2.059e+00 	
 2.284e+00  2.231e+00  2.183e+00  2.159e+00  2.143e+00  2.132e+00  2.123e+00  2.115e+00  2.109e+00  2.104e+00  2.100e+00  2.096e+00  2.092e+00  2.088e+00  2.085e+00  2.083e+00  2.080e+00  2.078e+00  2.075e+00  2.073e+00  2.072e+00  2.070e+00  2.069e+00  2.067e+00  2.066e+00  2.065e+00  2.064e+00  2.063e+00  2.062e+00  2.062e+00  2.061e+00  2.061e+00  2.060e+00  2.060e+00  2.059e+00  2.059e+00  2.059e+00  2.058e+00  2.058e+00  2.058e+00  2.058e+00  2.057e+00  2.057e+00  2.057e+00  2.057e+00  2.056e+00  2.056e+00  2.056e+00  2.055e+00  2.054e+00 	
 2.262e+00  2.215e+00  2.170e+00  2.148e+00  2.133e+00  2.122e+00  2.114e+00  2.107e+00  2.102e+00  2.097e+00  2.092e+00  2.089e+00  2.085e+00  2.082e+00  2.079e+00  2.077e+00  2.074e+00  2.072e+00  2.070e+00  2.068e+00  2.067e+00  2.065e+00  2.064e+00  2.063e+00  2.062e+00  2.061e+00  2.060e+00  2.059e+00  2.058e+00  2.057e+00  2.057e+00  2.056e+00  2.056e+00  2.056e+00  2.055e+00  2.055e+00  2.055e+00  2.054e+00  2.054e+00  2.054e+00  2.054e+00  2.053e+00  2.053e+00  2.053e+00  2.053e+00  2.052e+00  2.052e+00  2.051e+00  2.051e+00  2.049e+00 	
 2.237e+00  2.200e+00  2.159e+00  2.138e+00  2.124e+00  2.114e+00  2.106e+00  2.100e+00  2.095e+00  2.090e+00  2.086e+00  2.083e+00  2.079e+00  2.077e+00  2.074e+00  2.071e+00  2.069e+00  2.067e+00  2.065e+00  2.064e+00  2.062e+00  2.061e+00  2.060e+00  2.058e+00  2.057e+00  2.056e+00  2.056e+00  2.055e+00  2.054e+00  2.054e+00  2.053e+00  2.053e+00  2.052e+00  2.052e+00  2.051e+00  2.051e+00  2.051e+00  2.051e+00  2.050e+00  2.050e+00  2.050e+00  2.050e+00  2.050e+00  2.049e+00  2.049e+00  2.049e+00  2.048e+00  2.047e+00  2.046e+00  2.045e+00 	
 2.203e+00  2.181e+00  2.146e+00  2.127e+00  2.115e+00  2.106e+00  2.098e+00  2.093e+00  2.088e+00  2.084e+00  2.080e+00  2.077e+00  2.074e+00  2.071e+00  2.069e+00  2.067e+00  2.065e+00  2.063e+00  2.061e+00  2.060e+00  2.058e+00  2.057e+00  2.056e+00  2.055e+00  2.054e+00  2.053e+00  2.052e+00  2.052e+00  2.051e+00  2.050e+00  2.050e+00  2.049e+00  2.049e+00  2.049e+00  2.048e+00  2.048e+00  2.048e+00  2.048e+00  2.047e+00  2.047e+00  2.047e+00  2.047e+00  2.047e+00  2.046e+00  2.046e+00  2.046e+00  2.045e+00  2.044e+00  2.042e+00  2.040e+00 	
 2.139e+00  2.151e+00  2.125e+00  2.110e+00  2.100e+00  2.092e+00  2.086e+00  2.081e+00  2.077e+00  2.074e+00  2.071e+00  2.068e+00  2.065e+00  2.063e+00  2.061e+00  2.059e+00  2.057e+00  2.056e+00  2.054e+00  2.053e+00  2.052e+00  2.050e+00  2.049e+00  2.049e+00  2.048e+00  2.047e+00  2.046e+00  2.046e+00  2.045e+00  2.045e+00  2.044e+00  2.044e+00  2.043e+00  2.043e+00  2.043e+00  2.042e+00  2.042e+00  2.042e+00  2.042e+00  2.041e+00  2.041e+00  2.041e+00  2.040e+00  2.040e+00  2.039e+00  2.039e+00  2.037e+00  2.036e+00  2.033e+00  2.029e+00 	
