 3.786e-04  6.630e-04  9.170e-05  1.404e-05  5.220e-06  3.298e-06  2.416e-06  1.878e-06  1.520e-06  1.270e-06  1.088e-06  9.501e-07  8.427e-07  7.570e-07  6.873e-07  6.295e-07  5.811e-07  5.400e-07  5.047e-07  4.742e-07  4.476e-07  4.243e-07  4.037e-07  3.855e-07  3.693e-07  3.548e-07  3.418e-07  3.302e-07  3.198e-07  3.103e-07  3.017e-07  2.939e-07  2.866e-07  2.798e-07  2.733e-07  2.670e-07  2.608e-07  2.548e-07  2.494e-07  2.453e-07  2.440e-07  2.480e-07  2.612e-07  2.902e-07  3.446e-07  4.389e-07  5.943e-07  8.417e-07  1.226e-06  1.813e-06 	
 4.301e-04  5.841e-04  5.228e-05 -2.371e-06 -2.568e-06 -1.410e-06 -9.225e-07 -7.057e-07 -5.847e-07 -5.043e-07 -4.457e-07 -4.006e-07 -3.648e-07 -3.358e-07 -3.117e-07 -2.914e-07 -2.742e-07 -2.594e-07 -2.466e-07 -2.354e-07 -2.257e-07 -2.171e-07 -2.095e-07 -2.028e-07 -1.969e-07 -1.918e-07 -1.873e-07 -1.834e-07 -1.802e-07 -1.775e-07 -1.756e-07 -1.743e-07 -1.740e-07 -1.746e-07 -1.765e-07 -1.800e-07 -1.851e-07 -1.922e-07 -2.012e-07 -2.119e-07 -2.233e-07 -2.339e-07 -2.407e-07 -2.394e-07 -2.235e-07 -1.837e-07 -1.078e-07  2.110e-08  2.256e-07  5.373e-07 	
 5.350e-04  3.061e-04  2.527e-05 -5.967e-06 -3.202e-06 -1.520e-06 -8.929e-07 -6.205e-07 -4.715e-07 -3.761e-07 -3.094e-07 -2.605e-07 -2.234e-07 -1.945e-07 -1.715e-07 -1.529e-07 -1.376e-07 -1.249e-07 -1.142e-07 -1.051e-07 -9.736e-08 -9.067e-08 -8.489e-08 -7.987e-08 -7.550e-08 -7.168e-08 -6.837e-08 -6.549e-08 -6.303e-08 -6.096e-08 -5.931e-08 -5.812e-08 -5.746e-08 -5.747e-08 -5.829e-08 -6.013e-08 -6.321e-08 -6.770e-08 -7.373e-08 -8.120e-08 -8.970e-08 -9.829e-08 -1.053e-07 -1.079e-07 -1.018e-07 -8.105e-08 -3.696e-08  4.227e-08  1.730e-07  3.781e-07 	
 6.848e-04  1.310e-04  5.316e-06 -5.553e-06 -2.263e-06 -9.265e-07 -4.947e-07 -3.249e-07 -2.373e-07 -1.830e-07 -1.462e-07 -1.200e-07 -1.008e-07 -8.623e-08 -7.500e-08 -6.616e-08 -5.909e-08 -5.336e-08 -4.865e-08 -4.476e-08 -4.150e-08 -3.877e-08 -3.647e-08 -3.453e-08 -3.290e-08 -3.152e-08 -3.037e-08 -2.944e-08 -2.870e-08 -2.816e-08 -2.784e-08 -2.779e-08 -2.806e-08 -2.876e-08 -3.002e-08 -3.198e-08 -3.482e-08 -3.869e-08 -4.368e-08 -4.973e-08 -5.654e-08 -6.341e-08 -6.903e-08 -7.125e-08 -6.681e-08 -5.091e-08 -1.680e-08  4.491e-08  1.473e-07  3.086e-07 	
 8.772e-04  6.878e-05 -5.660e-06 -4.349e-06 -1.408e-06 -5.212e-07 -2.719e-07 -1.808e-07 -1.340e-07 -1.046e-07 -8.454e-08 -7.020e-08 -5.967e-08 -5.172e-08 -4.560e-08 -4.078e-08 -3.692e-08 -3.378e-08 -3.121e-08 -2.908e-08 -2.730e-08 -2.581e-08 -2.456e-08 -2.352e-08 -2.265e-08 -2.193e-08 -2.135e-08 -2.089e-08 -2.057e-08 -2.038e-08 -2.035e-08 -2.051e-08 -2.093e-08 -2.168e-08 -2.287e-08 -2.463e-08 -2.711e-08 -3.042e-08 -3.465e-08 -3.973e-08 -4.542e-08 -5.113e-08 -5.575e-08 -5.749e-08 -5.357e-08 -3.997e-08 -1.098e-08  4.138e-08  1.281e-07  2.649e-07 	
 1.092e-03  5.275e-05 -9.405e-06 -3.219e-06 -8.689e-07 -3.173e-07 -1.780e-07 -1.256e-07 -9.625e-08 -7.665e-08 -6.279e-08 -5.272e-08 -4.522e-08 -3.951e-08 -3.506e-08 -3.153e-08 -2.868e-08 -2.635e-08 -2.443e-08 -2.283e-08 -2.149e-08 -2.037e-08 -1.943e-08 -1.865e-08 -1.800e-08 -1.747e-08 -1.705e-08 -1.674e-08 -1.653e-08 -1.643e-08 -1.646e-08 -1.666e-08 -1.707e-08 -1.778e-08 -1.887e-08 -2.046e-08 -2.266e-08 -2.560e-08 -2.932e-08 -3.380e-08 -3.879e-08 -4.377e-08 -4.779e-08 -4.925e-08 -4.570e-08 -3.359e-08 -7.882e-09  3.847e-08  1.152e-07  2.362e-07 	
 1.247e-03  4.711e-05 -9.395e-06 -2.341e-06 -5.605e-07 -2.196e-07 -1.370e-07 -1.014e-07 -7.881e-08 -6.303e-08 -5.173e-08 -4.348e-08 -3.732e-08 -3.262e-08 -2.895e-08 -2.604e-08 -2.369e-08 -2.177e-08 -2.019e-08 -1.888e-08 -1.779e-08 -1.688e-08 -1.612e-08 -1.549e-08 -1.498e-08 -1.457e-08 -1.425e-08 -1.402e-08 -1.387e-08 -1.383e-08 -1.390e-08 -1.412e-08 -1.454e-08 -1.521e-08 -1.623e-08 -1.769e-08 -1.972e-08 -2.239e-08 -2.578e-08 -2.985e-08 -3.437e-08 -3.888e-08 -4.249e-08 -4.377e-08 -4.048e-08 -2.940e-08 -5.930e-09  3.632e-08  1.063e-07  2.165e-07 	
 1.079e-03  3.805e-05 -8.043e-06 -1.703e-06 -3.870e-07 -1.692e-07 -1.145e-07 -8.638e-08 -6.722e-08 -5.366e-08 -4.398e-08 -3.694e-08 -3.170e-08 -2.771e-08 -2.460e-08 -2.214e-08 -2.016e-08 -1.854e-08 -1.721e-08 -1.612e-08 -1.521e-08 -1.445e-08 -1.382e-08 -1.331e-08 -1.290e-08 -1.257e-08 -1.232e-08 -1.215e-08 -1.206e-08 -1.205e-08 -1.215e-08 -1.239e-08 -1.280e-08 -1.344e-08 -1.441e-08 -1.579e-08 -1.768e-08 -2.018e-08 -2.333e-08 -2.710e-08 -3.130e-08 -3.547e-08 -3.880e-08 -3.994e-08 -3.684e-08 -2.648e-08 -4.591e-09  3.477e-08  9.990e-08  2.025e-07 	
 4.539e-04  2.434e-05 -6.412e-06 -1.239e-06 -2.856e-07 -1.394e-07 -9.866e-08 -7.481e-08 -5.810e-08 -4.632e-08 -3.797e-08 -3.192e-08 -2.743e-08 -2.401e-08 -2.135e-08 -1.925e-08 -1.755e-08 -1.617e-08 -1.504e-08 -1.410e-08 -1.333e-08 -1.269e-08 -1.217e-08 -1.174e-08 -1.140e-08 -1.113e-08 -1.094e-08 -1.081e-08 -1.075e-08 -1.078e-08 -1.090e-08 -1.114e-08 -1.155e-08 -1.218e-08 -1.311e-08 -1.442e-08 -1.622e-08 -1.859e-08 -2.157e-08 -2.513e-08 -2.909e-08 -3.302e-08 -3.614e-08 -3.719e-08 -3.422e-08 -2.437e-08 -3.606e-09  3.369e-08  9.537e-08  1.925e-07 	
 1.568e-04  1.061e-05 -4.843e-06 -8.910e-07 -2.209e-07 -1.190e-07 -8.604e-08 -6.521e-08 -5.060e-08 -4.039e-08 -3.318e-08 -2.797e-08 -2.410e-08 -2.115e-08 -1.885e-08 -1.702e-08 -1.556e-08 -1.436e-08 -1.338e-08 -1.258e-08 -1.191e-08 -1.136e-08 -1.092e-08 -1.056e-08 -1.027e-08 -1.005e-08 -9.899e-09 -9.807e-09 -9.779e-09 -9.824e-09 -9.959e-09 -1.021e-08 -1.062e-08 -1.124e-08 -1.214e-08 -1.341e-08 -1.514e-08 -1.741e-08 -2.028e-08 -2.369e-08 -2.747e-08 -3.123e-08 -3.420e-08 -3.518e-08 -3.229e-08 -2.280e-08 -2.838e-09  3.299e-08  9.221e-08  1.854e-07 	
 5.110e-05  9.776e-07 -3.450e-06 -6.247e-07 -1.758e-07 -1.032e-07 -7.539e-08 -5.707e-08 -4.434e-08 -3.551e-08 -2.929e-08 -2.479e-08 -2.143e-08 -1.886e-08 -1.686e-08 -1.526e-08 -1.398e-08 -1.294e-08 -1.208e-08 -1.138e-08 -1.080e-08 -1.033e-08 -9.944e-09 -9.636e-09 -9.396e-09 -9.218e-09 -9.097e-09 -9.032e-09 -9.028e-09 -9.092e-09 -9.240e-09 -9.498e-09 -9.906e-09 -1.052e-08 -1.140e-08 -1.264e-08 -1.433e-08 -1.654e-08 -1.931e-08 -2.262e-08 -2.629e-08 -2.991e-08 -3.278e-08 -3.371e-08 -3.087e-08 -2.162e-08 -2.208e-09  3.261e-08  9.012e-08  1.806e-07 	
 1.595e-05 -3.744e-06 -2.301e-06 -4.261e-07 -1.427e-07 -9.022e-08 -6.622e-08 -5.013e-08 -3.908e-08 -3.145e-08 -2.607e-08 -2.216e-08 -1.923e-08 -1.699e-08 -1.523e-08 -1.383e-08 -1.270e-08 -1.178e-08 -1.103e-08 -1.042e-08 -9.911e-09 -9.499e-09 -9.167e-09 -8.903e-09 -8.701e-09 -8.555e-09 -8.462e-09 -8.422e-09 -8.437e-09 -8.516e-09 -8.677e-09 -8.943e-09 -9.354e-09 -9.964e-09 -1.084e-08 -1.206e-08 -1.372e-08 -1.588e-08 -1.860e-08 -2.184e-08 -2.542e-08 -2.897e-08 -3.176e-08 -3.264e-08 -2.983e-08 -2.074e-08 -1.670e-09  3.249e-08  8.889e-08  1.776e-07 	
 5.037e-06 -5.011e-06 -1.434e-06 -2.867e-07 -1.182e-07 -7.919e-08 -5.826e-08 -4.418e-08 -3.461e-08 -2.802e-08 -2.336e-08 -1.995e-08 -1.739e-08 -1.542e-08 -1.387e-08 -1.264e-08 -1.164e-08 -1.083e-08 -1.017e-08 -9.626e-09 -9.183e-09 -8.823e-09 -8.535e-09 -8.309e-09 -8.140e-09 -8.022e-09 -7.953e-09 -7.933e-09 -7.965e-09 -8.060e-09 -8.231e-09 -8.507e-09 -8.923e-09 -9.534e-09 -1.041e-08 -1.162e-08 -1.326e-08 -1.540e-08 -1.809e-08 -2.128e-08 -2.482e-08 -2.831e-08 -3.105e-08 -3.190e-08 -2.910e-08 -2.007e-08 -1.195e-09  3.260e-08  8.838e-08  1.761e-07 	
 2.069e-06 -4.596e-06 -8.408e-07 -1.959e-07 -9.991e-08 -6.969e-08 -5.135e-08 -3.907e-08 -3.080e-08 -2.510e-08 -2.105e-08 -1.808e-08 -1.583e-08 -1.410e-08 -1.273e-08 -1.164e-08 -1.075e-08 -1.003e-08 -9.448e-09 -8.969e-09 -8.579e-09 -8.264e-09 -8.014e-09 -7.822e-09 -7.681e-09 -7.587e-09 -7.540e-09 -7.538e-09 -7.586e-09 -7.694e-09 -7.877e-09 -8.162e-09 -8.586e-09 -9.201e-09 -1.008e-08 -1.129e-08 -1.292e-08 -1.506e-08 -1.773e-08 -2.091e-08 -2.442e-08 -2.788e-08 -3.060e-08 -3.143e-08 -2.861e-08 -1.959e-08 -7.593e-10  3.293e-08  8.851e-08  1.759e-07 	
 1.482e-06 -3.678e-06 -4.742e-07 -1.405e-07 -8.613e-08 -6.146e-08 -4.536e-08 -3.469e-08 -2.754e-08 -2.261e-08 -1.909e-08 -1.648e-08 -1.450e-08 -1.297e-08 -1.176e-08 -1.079e-08 -1.000e-08 -9.363e-09 -8.842e-09 -8.418e-09 -8.074e-09 -7.798e-09 -7.582e-09 -7.419e-09 -7.303e-09 -7.231e-09 -7.203e-09 -7.217e-09 -7.280e-09 -7.401e-09 -7.595e-09 -7.889e-09 -8.322e-09 -8.945e-09 -9.827e-09 -1.105e-08 -1.269e-08 -1.483e-08 -1.751e-08 -2.069e-08 -2.420e-08 -2.766e-08 -3.036e-08 -3.117e-08 -2.832e-08 -1.925e-08 -3.446e-10  3.346e-08  8.920e-08  1.768e-07 	
 1.471e-06 -2.801e-06 -2.683e-07 -1.082e-07 -7.531e-08 -5.432e-08 -4.020e-08 -3.095e-08 -2.477e-08 -2.048e-08 -1.740e-08 -1.511e-08 -1.337e-08 -1.200e-08 -1.093e-08 -1.006e-08 -9.362e-09 -8.793e-09 -8.330e-09 -7.954e-09 -7.650e-09 -7.409e-09 -7.223e-09 -7.085e-09 -6.991e-09 -6.939e-09 -6.927e-09 -6.957e-09 -7.033e-09 -7.166e-09 -7.371e-09 -7.676e-09 -8.119e-09 -8.752e-09 -9.645e-09 -1.088e-08 -1.253e-08 -1.469e-08 -1.739e-08 -2.059e-08 -2.412e-08 -2.760e-08 -3.031e-08 -3.110e-08 -2.821e-08 -1.903e-08  6.553e-11  3.418e-08  9.041e-08  1.788e-07 	
 1.513e-06 -2.128e-06 -1.623e-07 -8.915e-08 -6.647e-08 -4.814e-08 -3.579e-08 -2.776e-08 -2.240e-08 -1.867e-08 -1.596e-08 -1.394e-08 -1.239e-08 -1.118e-08 -1.022e-08 -9.444e-09 -8.818e-09 -8.310e-09 -7.897e-09 -7.562e-09 -7.294e-09 -7.083e-09 -6.923e-09 -6.808e-09 -6.734e-09 -6.698e-09 -6.702e-09 -6.745e-09 -6.834e-09 -6.977e-09 -7.193e-09 -7.509e-09 -7.963e-09 -8.609e-09 -9.517e-09 -1.077e-08 -1.245e-08 -1.463e-08 -1.736e-08 -2.060e-08 -2.417e-08 -2.768e-08 -3.042e-08 -3.120e-08 -2.824e-08 -1.891e-08  4.885e-10  3.511e-08  9.215e-08  1.817e-07 	
 1.496e-06 -1.657e-06 -1.115e-07 -7.703e-08 -5.901e-08 -4.284e-08 -3.205e-08 -2.507e-08 -2.040e-08 -1.712e-08 -1.473e-08 -1.294e-08 -1.156e-08 -1.047e-08 -9.610e-09 -8.917e-09 -8.356e-09 -7.900e-09 -7.531e-09 -7.233e-09 -6.996e-09 -6.811e-09 -6.673e-09 -6.578e-09 -6.521e-09 -6.501e-09 -6.517e-09 -6.573e-09 -6.672e-09 -6.826e-09 -7.052e-09 -7.378e-09 -7.844e-09 -8.505e-09 -9.430e-09 -1.070e-08 -1.241e-08 -1.463e-08 -1.741e-08 -2.070e-08 -2.433e-08 -2.789e-08 -3.066e-08 -3.143e-08 -2.839e-08 -1.885e-08  9.452e-10  3.626e-08  9.440e-08  1.857e-07 	
 1.426e-06 -1.335e-06 -8.805e-08 -6.838e-08 -5.265e-08 -3.834e-08 -2.890e-08 -2.281e-08 -1.870e-08 -1.581e-08 -1.369e-08 -1.208e-08 -1.085e-08 -9.871e-09 -9.095e-09 -8.470e-09 -7.964e-09 -7.554e-09 -7.222e-09 -6.956e-09 -6.745e-09 -6.583e-09 -6.465e-09 -6.386e-09 -6.344e-09 -6.337e-09 -6.364e-09 -6.430e-09 -6.539e-09 -6.701e-09 -6.937e-09 -7.272e-09 -7.750e-09 -8.426e-09 -9.371e-09 -1.067e-08 -1.241e-08 -1.468e-08 -1.752e-08 -2.087e-08 -2.457e-08 -2.820e-08 -3.101e-08 -3.178e-08 -2.863e-08 -1.884e-08  1.464e-09  3.765e-08  9.720e-08  1.907e-07 	
 1.327e-06 -1.114e-06 -7.662e-08 -6.152e-08 -4.723e-08 -3.456e-08 -2.626e-08 -2.090e-08 -1.727e-08 -1.470e-08 -1.280e-08 -1.136e-08 -1.024e-08 -9.361e-09 -8.658e-09 -8.092e-09 -7.634e-09 -7.263e-09 -6.963e-09 -6.723e-09 -6.535e-09 -6.392e-09 -6.290e-09 -6.225e-09 -6.194e-09 -6.197e-09 -6.233e-09 -6.306e-09 -6.422e-09 -6.591e-09 -6.834e-09 -7.178e-09 -7.666e-09 -8.357e-09 -9.323e-09 -1.065e-08 -1.244e-08 -1.476e-08 -1.766e-08 -2.109e-08 -2.488e-08 -2.859e-08 -3.146e-08 -3.221e-08 -2.894e-08 -1.883e-08  2.084e-09  3.933e-08  1.006e-07  1.968e-07 	
 1.221e-06 -9.563e-07 -6.997e-08 -5.577e-08 -4.266e-08 -3.140e-08 -2.406e-08 -1.930e-08 -1.607e-08 -1.376e-08 -1.204e-08 -1.074e-08 -9.730e-09 -8.930e-09 -8.290e-09 -7.774e-09 -7.356e-09 -7.018e-09 -6.745e-09 -6.527e-09 -6.357e-09 -6.229e-09 -6.139e-09 -6.084e-09 -6.061e-09 -6.070e-09 -6.112e-09 -6.189e-09 -6.308e-09 -6.481e-09 -6.727e-09 -7.076e-09 -7.573e-09 -8.277e-09 -9.264e-09 -1.062e-08 -1.245e-08 -1.483e-08 -1.781e-08 -2.133e-08 -2.522e-08 -2.902e-08 -3.194e-08 -3.269e-08 -2.927e-08 -1.878e-08  2.866e-09  4.137e-08  1.047e-07  2.040e-07 	
 1.118e-06 -8.393e-07 -6.506e-08 -5.086e-08 -3.882e-08 -2.877e-08 -2.223e-08 -1.797e-08 -1.506e-08 -1.297e-08 -1.141e-08 -1.023e-08 -9.303e-09 -8.570e-09 -7.983e-09 -7.509e-09 -7.124e-09 -6.811e-09 -6.559e-09 -6.358e-09 -6.202e-09 -6.084e-09 -6.001e-09 -5.951e-09 -5.932e-09 -5.943e-09 -5.985e-09 -6.061e-09 -6.178e-09 -6.349e-09 -6.594e-09 -6.944e-09 -7.445e-09 -8.158e-09 -9.162e-09 -1.055e-08 -1.242e-08 -1.486e-08 -1.792e-08 -2.155e-08 -2.554e-08 -2.944e-08 -3.243e-08 -3.315e-08 -2.955e-08 -1.861e-08  3.893e-09  4.389e-08  1.096e-07  2.126e-07 	
 1.024e-06 -7.488e-07 -6.083e-08 -4.667e-08 -3.563e-08 -2.659e-08 -2.071e-08 -1.686e-08 -1.421e-08 -1.231e-08 -1.089e-08 -9.797e-09 -8.944e-09 -8.267e-09 -7.723e-09 -7.281e-09 -6.921e-09 -6.628e-09 -6.389e-09 -6.198e-09 -6.047e-09 -5.932e-09 -5.849e-09 -5.797e-09 -5.773e-09 -5.777e-09 -5.811e-09 -5.877e-09 -5.983e-09 -6.142e-09 -6.375e-09 -6.715e-09 -7.209e-09 -7.922e-09 -8.935e-09 -1.034e-08 -1.225e-08 -1.475e-08 -1.789e-08 -2.161e-08 -2.571e-08 -2.972e-08 -3.276e-08 -3.344e-08 -2.961e-08 -1.815e-08  5.373e-09  4.710e-08  1.156e-07  2.230e-07 	
 9.408e-07 -6.764e-07 -5.701e-08 -4.312e-08 -3.298e-08 -2.479e-08 -1.944e-08 -1.593e-08 -1.351e-08 -1.176e-08 -1.044e-08 -9.432e-09 -8.637e-09 -8.002e-09 -7.487e-09 -7.066e-09 -6.719e-09 -6.432e-09 -6.195e-09 -5.999e-09 -5.840e-09 -5.713e-09 -5.614e-09 -5.542e-09 -5.495e-09 -5.473e-09 -5.477e-09 -5.511e-09 -5.582e-09 -5.704e-09 -5.899e-09 -6.201e-09 -6.660e-09 -7.343e-09 -8.335e-09 -9.737e-09 -1.166e-08 -1.419e-08 -1.737e-08 -2.117e-08 -2.535e-08 -2.943e-08 -3.250e-08 -3.308e-08 -2.895e-08 -1.683e-08  7.899e-09  5.166e-08  1.234e-07  2.357e-07 	
 8.677e-07 -6.170e-07 -5.356e-08 -4.014e-08 -3.079e-08 -2.330e-08 -1.840e-08 -1.517e-08 -1.293e-08 -1.130e-08 -1.007e-08 -9.122e-09 -8.369e-09 -7.760e-09 -7.261e-09 -6.846e-09 -6.497e-09 -6.201e-09 -5.949e-09 -5.732e-09 -5.546e-09 -5.386e-09 -5.250e-09 -5.134e-09 -5.039e-09 -4.964e-09 -4.909e-09 -4.879e-09 -4.882e-09 -4.932e-09 -5.052e-09 -5.278e-09 -5.661e-09 -6.272e-09 -7.200e-09 -8.551e-09 -1.044e-08 -1.296e-08 -1.616e-08 -1.999e-08 -2.421e-08 -2.832e-08 -3.135e-08 -3.178e-08 -2.724e-08 -1.431e-08  1.185e-08  5.797e-08  1.334e-07  2.515e-07 	
 8.039e-07 -5.675e-07 -5.051e-08 -3.765e-08 -2.899e-08 -2.208e-08 -1.755e-08 -1.455e-08 -1.246e-08 -1.093e-08 -9.770e-09 -8.864e-09 -8.137e-09 -7.542e-09 -7.045e-09 -6.622e-09 -6.256e-09 -5.936e-09 -5.651e-09 -5.395e-09 -5.162e-09 -4.948e-09 -4.750e-09 -4.567e-09 -4.396e-09 -4.237e-09 -4.092e-09 -3.964e-09 -3.862e-09 -3.800e-09 -3.803e-09 -3.908e-09 -4.170e-09 -4.660e-09 -5.475e-09 -6.725e-09 -8.528e-09 -1.099e-08 -1.415e-08 -1.797e-08 -2.219e-08 -2.626e-08 -2.920e-08 -2.938e-08 -2.431e-08 -1.040e-08  1.745e-08  6.633e-08  1.461e-07  2.707e-07 	
 7.482e-07 -5.258e-07 -4.787e-08 -3.559e-08 -2.751e-08 -2.109e-08 -1.687e-08 -1.406e-08 -1.209e-08 -1.065e-08 -9.543e-09 -8.671e-09 -7.964e-09 -7.376e-09 -6.876e-09 -6.441e-09 -6.056e-09 -5.708e-09 -5.389e-09 -5.091e-09 -4.810e-09 -4.542e-09 -4.283e-09 -4.031e-09 -3.786e-09 -3.545e-09 -3.312e-09 -3.089e-09 -2.886e-09 -2.717e-09 -2.609e-09 -2.601e-09 -2.749e-09 -3.132e-09 -3.849e-09 -5.017e-09 -6.761e-09 -9.188e-09 -1.235e-08 -1.620e-08 -2.046e-08 -2.455e-08 -2.742e-08 -2.736e-08 -2.173e-08 -6.712e-09  2.308e-08  7.517e-08  1.600e-07  2.923e-07 	
 6.993e-07 -4.903e-07 -4.563e-08 -3.390e-08 -2.631e-08 -2.029e-08 -1.633e-08 -1.368e-08 -1.181e-08 -1.042e-08 -9.354e-09 -8.497e-09 -7.789e-09 -7.187e-09 -6.660e-09 -6.189e-09 -5.756e-09 -5.350e-09 -4.962e-09 -4.585e-09 -4.215e-09 -3.846e-09 -3.476e-09 -3.102e-09 -2.723e-09 -2.337e-09 -1.945e-09 -1.553e-09 -1.169e-09 -8.077e-10 -4.972e-10 -2.788e-10 -2.126e-10 -3.810e-10 -8.892e-10 -1.862e-09 -3.429e-09 -5.708e-09 -8.753e-09 -1.250e-08 -1.667e-08 -2.065e-08 -2.330e-08 -2.281e-08 -1.637e-08  6.266e-11  3.224e-08  8.813e-08  1.789e-07  3.201e-07 	
 6.564e-07 -4.600e-07 -4.376e-08 -3.254e-08 -2.535e-08 -1.967e-08 -1.592e-08 -1.339e-08 -1.159e-08 -1.024e-08 -9.183e-09 -8.317e-09 -7.582e-09 -6.937e-09 -6.353e-09 -5.809e-09 -5.289e-09 -4.782e-09 -4.278e-09 -3.770e-09 -3.253e-09 -2.722e-09 -2.172e-09 -1.601e-09 -1.007e-09 -3.889e-10  2.535e-10  9.159e-10  1.590e-09  2.258e-09  2.893e-09  3.451e-09  3.867e-09  4.056e-09  3.904e-09  3.281e-09  2.045e-09  7.657e-11 -2.685e-09 -6.170e-09 -1.008e-08 -1.375e-08 -1.598e-08 -1.481e-08 -7.264e-09  1.100e-08  4.611e-08  1.066e-07  2.043e-07  3.560e-07 	
 6.186e-07 -4.340e-07 -4.224e-08 -3.146e-08 -2.462e-08 -1.921e-08 -1.562e-08 -1.318e-08 -1.142e-08 -1.008e-08 -9.001e-09 -8.092e-09 -7.294e-09 -6.565e-09 -5.877e-09 -5.209e-09 -4.545e-09 -3.873e-09 -3.182e-09 -2.464e-09 -1.713e-09 -9.235e-10 -9.045e-11  7.901e-10  1.721e-09  2.705e-09  3.742e-09  4.828e-09  5.956e-09  7.108e-09  8.254e-09  9.350e-09  1.033e-08  1.109e-08  1.153e-08  1.149e-08  1.084e-08  9.434e-09  7.217e-09  4.266e-09  9.026e-10 -2.160e-09 -3.631e-09 -1.408e-09  7.712e-09  2.839e-08  6.720e-08  1.333e-07  2.394e-07  4.034e-07 	
 5.851e-07 -4.118e-07 -4.104e-08 -3.064e-08 -2.407e-08 -1.889e-08 -1.541e-08 -1.303e-08 -1.128e-08 -9.903e-09 -8.762e-09 -7.763e-09 -6.846e-09 -5.972e-09 -5.110e-09 -4.239e-09 -3.341e-09 -2.403e-09 -1.412e-09 -3.605e-10  7.609e-10  1.959e-09  3.240e-09  4.610e-09  6.073e-09  7.633e-09  9.292e-09  1.105e-08  1.289e-08  1.481e-08  1.677e-08  1.872e-08  2.059e-08  2.229e-08  2.369e-08  2.463e-08  2.496e-08  2.454e-08  2.331e-08  2.134e-08  1.900e-08  1.704e-08  1.688e-08  2.077e-08  3.217e-08  5.611e-08  9.969e-08  1.728e-07  2.890e-07  4.679e-07 	
 5.555e-07 -3.928e-07 -4.016e-08 -3.007e-08 -2.371e-08 -1.869e-08 -1.529e-08 -1.291e-08 -1.112e-08 -9.669e-09 -8.409e-09 -7.254e-09 -6.144e-09 -5.037e-09 -3.902e-09 -2.715e-09 -1.457e-09 -1.102e-10  1.338e-09  2.899e-09  4.584e-09  6.403e-09  8.365e-09  1.048e-08  1.275e-08  1.518e-08  1.778e-08  2.055e-08  2.348e-08  2.656e-08  2.975e-08  3.301e-08  3.625e-08  3.938e-08  4.227e-08  4.474e-08  4.663e-08  4.779e-08  4.816e-08  4.783e-08  4.718e-08  4.705e-08  4.897e-08  5.539e-08  7.006e-08  9.845e-08  1.482e-07  2.301e-07  3.590e-07  5.558e-07 	
 5.292e-07 -3.767e-07 -3.956e-08 -2.972e-08 -2.352e-08 -1.861e-08 -1.523e-08 -1.281e-08 -1.091e-08 -9.306e-09 -7.843e-09 -6.433e-09 -5.014e-09 -3.542e-09 -1.981e-09 -3.040e-10  1.512e-09  3.488e-09  5.640e-09  7.985e-09  1.054e-08  1.331e-08  1.631e-08  1.957e-08  2.307e-08  2.685e-08  3.090e-08  3.522e-08  3.982e-08  4.468e-08  4.977e-08  5.504e-08  6.041e-08  6.577e-08  7.097e-08  7.585e-08  8.022e-08  8.393e-08  8.690e-08  8.925e-08  9.140e-08  9.426e-08  9.949e-08  1.098e-07  1.293e-07  1.638e-07  2.219e-07  3.151e-07  4.597e-07  6.785e-07 	
 5.059e-07 -3.631e-07 -3.926e-08 -2.961e-08 -2.350e-08 -1.862e-08 -1.520e-08 -1.266e-08 -1.057e-08 -8.713e-09 -6.926e-09 -5.118e-09 -3.223e-09 -1.191e-09  1.019e-09  3.441e-09  6.103e-09  9.031e-09  1.225e-08  1.578e-08  1.964e-08  2.385e-08  2.844e-08  3.341e-08  3.879e-08  4.458e-08  5.082e-08  5.750e-08  6.462e-08  7.217e-08  8.014e-08  8.845e-08  9.705e-08  1.058e-07  1.146e-07  1.231e-07  1.313e-07  1.390e-07  1.461e-07  1.527e-07  1.592e-07  1.668e-07  1.772e-07  1.934e-07  2.199e-07  2.631e-07  3.324e-07  4.405e-07  6.051e-07  8.513e-07 	
 4.851e-07 -3.520e-07 -3.926e-08 -2.972e-08 -2.363e-08 -1.871e-08 -1.516e-08 -1.239e-08 -9.997e-09 -7.732e-09 -5.441e-09 -3.023e-09 -4.026e-10  2.480e-09  5.673e-09  9.219e-09  1.316e-08  1.752e-08  2.234e-08  2.765e-08  3.349e-08  3.986e-08  4.682e-08  5.438e-08  6.257e-08  7.141e-08  8.093e-08  9.114e-08  1.021e-07  1.137e-07  1.259e-07  1.389e-07  1.523e-07  1.662e-07  1.803e-07  1.945e-07  2.086e-07  2.224e-07  2.357e-07  2.489e-07  2.623e-07  2.772e-07  2.955e-07  3.205e-07  3.573e-07  4.129e-07  4.976e-07  6.254e-07  8.160e-07  1.097e-06 	
 4.668e-07 -3.432e-07 -3.957e-08 -3.006e-08 -2.390e-08 -1.883e-08 -1.502e-08 -1.188e-08 -8.986e-09 -6.086e-09 -3.013e-09  3.486e-10  4.087e-09  8.275e-09  1.298e-08  1.825e-08  2.414e-08  3.070e-08  3.798e-08  4.603e-08  5.488e-08  6.458e-08  7.517e-08  8.669e-08  9.919e-08  1.127e-07  1.272e-07  1.429e-07  1.596e-07  1.774e-07  1.964e-07  2.163e-07  2.373e-07  2.591e-07  2.815e-07  3.045e-07  3.277e-07  3.510e-07  3.743e-07  3.978e-07  4.220e-07  4.484e-07  4.791e-07  5.177e-07  5.699e-07  6.435e-07  7.498e-07  9.044e-07  1.129e-06  1.454e-06 	
 4.505e-07 -3.366e-07 -4.020e-08 -3.064e-08 -2.429e-08 -1.893e-08 -1.468e-08 -1.094e-08 -7.272e-09 -3.396e-09  8.729e-10  5.670e-09  1.110e-08  1.727e-08  2.426e-08  3.214e-08  4.099e-08  5.087e-08  6.187e-08  7.404e-08  8.745e-08  1.022e-07  1.182e-07  1.357e-07  1.547e-07  1.753e-07  1.974e-07  2.212e-07  2.467e-07  2.740e-07  3.029e-07  3.335e-07  3.658e-07  3.996e-07  4.346e-07  4.709e-07  5.080e-07  5.458e-07  5.843e-07  6.237e-07  6.646e-07  7.086e-07  7.582e-07  8.173e-07  8.923e-07  9.920e-07  1.129e-06  1.320e-06  1.591e-06  1.974e-06 	
 4.360e-07 -3.325e-07 -4.119e-08 -3.146e-08 -2.477e-08 -1.891e-08 -1.395e-08 -9.268e-09 -4.389e-09  9.968e-10  7.107e-09  1.411e-08  2.215e-08  3.136e-08  4.185e-08  5.373e-08  6.712e-08  8.211e-08  9.880e-08  1.173e-07  1.377e-07  1.601e-07  1.846e-07  2.113e-07  2.402e-07  2.716e-07  3.054e-07  3.418e-07  3.807e-07  4.224e-07  4.667e-07  5.138e-07  5.635e-07  6.157e-07  6.702e-07  7.269e-07  7.856e-07  8.461e-07  9.082e-07  9.724e-07  1.039e-06  1.111e-06  1.190e-06  1.280e-06  1.390e-06  1.528e-06  1.709e-06  1.952e-06  2.284e-06  2.743e-06 	
 4.231e-07 -3.310e-07 -4.259e-08 -3.254e-08 -2.528e-08 -1.861e-08 -1.255e-08 -6.412e-09  3.195e-10  8.008e-09  1.692e-08  2.729e-08  3.929e-08  5.312e-08  6.893e-08  8.689e-08  1.072e-07  1.299e-07  1.552e-07  1.833e-07  2.143e-07  2.484e-07  2.857e-07  3.263e-07  3.704e-07  4.181e-07  4.696e-07  5.250e-07  5.844e-07  6.480e-07  7.157e-07  7.876e-07  8.638e-07  9.440e-07  1.028e-06  1.116e-06  1.208e-06  1.303e-06  1.401e-06  1.504e-06  1.611e-06  1.724e-06  1.848e-06  1.986e-06  2.148e-06  2.343e-06  2.588e-06  2.904e-06  3.321e-06  3.881e-06 	
 4.110e-07 -3.328e-07 -4.452e-08 -3.387e-08 -2.572e-08 -1.780e-08 -1.003e-08 -1.662e-09  7.902e-09  1.911e-08  3.230e-08  4.778e-08  6.581e-08  8.667e-08  1.106e-07  1.378e-07  1.685e-07  2.030e-07  2.415e-07  2.842e-07  3.313e-07  3.830e-07  4.397e-07  5.014e-07  5.685e-07  6.411e-07  7.195e-07  8.038e-07  8.942e-07  9.910e-07  1.094e-06  1.204e-06  1.320e-06  1.443e-06  1.572e-06  1.708e-06  1.850e-06  1.998e-06  2.152e-06  2.312e-06  2.481e-06  2.659e-06  2.851e-06  3.062e-06  3.302e-06  3.581e-06  3.919e-06  4.339e-06  4.874e-06  5.571e-06 	
 3.992e-07 -3.390e-07 -4.725e-08 -3.544e-08 -2.591e-08 -1.604e-08 -5.649e-09  6.142e-09  2.006e-08  3.666e-08  5.642e-08  7.975e-08  1.070e-07  1.387e-07  1.750e-07  2.164e-07  2.632e-07  3.157e-07  3.743e-07  4.394e-07  5.112e-07  5.901e-07  6.765e-07  7.707e-07  8.730e-07  9.838e-07  1.103e-06  1.232e-06  1.370e-06  1.518e-06  1.676e-06  1.843e-06  2.021e-06  2.210e-06  2.409e-06  2.618e-06  2.837e-06  3.067e-06  3.306e-06  3.557e-06  3.821e-06  4.099e-06  4.396e-06  4.719e-06  5.078e-06  5.485e-06  5.960e-06  6.529e-06  7.228e-06  8.109e-06 	
 3.860e-07 -3.516e-07 -5.152e-08 -3.739e-08 -2.561e-08 -1.276e-08  1.622e-09  1.862e-08  3.916e-08  6.397e-08  9.371e-08  1.290e-07  1.703e-07  2.183e-07  2.734e-07  3.363e-07  4.074e-07  4.873e-07  5.764e-07  6.753e-07  7.845e-07  9.046e-07  1.036e-06  1.179e-06  1.335e-06  1.503e-06  1.685e-06  1.881e-06  2.091e-06  2.316e-06  2.556e-06  2.812e-06  3.083e-06  3.371e-06  3.675e-06  3.995e-06  4.332e-06  4.685e-06  5.055e-06  5.444e-06  5.852e-06  6.282e-06  6.739e-06  7.231e-06  7.768e-06  8.364e-06  9.040e-06  9.824e-06  1.076e-05  1.189e-05 	
 3.696e-07 -3.741e-07 -5.917e-08 -4.030e-08 -2.466e-08 -7.109e-09  1.343e-08  3.841e-08  6.906e-08  1.064e-07  1.514e-07  2.049e-07  2.677e-07  3.407e-07  4.246e-07  5.203e-07  6.286e-07  7.502e-07  8.860e-07  1.037e-06  1.203e-06  1.386e-06  1.586e-06  1.805e-06  2.042e-06  2.298e-06  2.576e-06  2.874e-06  3.194e-06  3.537e-06  3.903e-06  4.293e-06  4.708e-06  5.147e-06  5.613e-06  6.104e-06  6.621e-06  7.164e-06  7.736e-06  8.335e-06  8.966e-06  9.630e-06  1.033e-05  1.108e-05  1.189e-05  1.277e-05  1.374e-05  1.484e-05  1.610e-05  1.757e-05 	
 3.480e-07 -4.119e-07 -7.447e-08 -4.632e-08 -2.374e-08  1.445e-09  3.151e-08  6.863e-08  1.145e-07  1.708e-07  2.387e-07  3.195e-07  4.146e-07  5.251e-07  6.523e-07  7.973e-07  9.614e-07  1.146e-06  1.352e-06  1.580e-06  1.832e-06  2.109e-06  2.413e-06  2.744e-06  3.103e-06  3.493e-06  3.913e-06  4.365e-06  4.851e-06  5.370e-06  5.926e-06  6.518e-06  7.147e-06  7.815e-06  8.523e-06  9.270e-06  1.006e-05  1.089e-05  1.176e-05  1.268e-05  1.365e-05  1.466e-05  1.574e-05  1.687e-05  1.808e-05  1.938e-05  2.079e-05  2.233e-05  2.405e-05  2.599e-05 	
 3.221e-07 -4.713e-07 -1.058e-07 -6.144e-08 -2.641e-08  1.162e-08  5.687e-08  1.127e-07  1.817e-07  2.663e-07  3.684e-07  4.900e-07  6.330e-07  7.993e-07  9.906e-07  1.209e-06  1.456e-06  1.733e-06  2.043e-06  2.387e-06  2.766e-06  3.184e-06  3.640e-06  4.139e-06  4.680e-06  5.266e-06  5.898e-06  6.579e-06  7.310e-06  8.093e-06  8.930e-06  9.822e-06  1.077e-05  1.178e-05  1.285e-05  1.398e-05  1.517e-05  1.643e-05  1.775e-05  1.914e-05  2.061e-05  2.215e-05  2.378e-05  2.549e-05  2.730e-05  2.922e-05  3.126e-05  3.345e-05  3.581e-05  3.837e-05 	
 3.047e-07 -5.536e-07 -1.653e-07 -9.792e-08 -4.277e-08  1.645e-08  8.623e-08  1.716e-07  2.764e-07  4.042e-07  5.580e-07  7.408e-07  9.555e-07  1.205e-06  1.491e-06  1.818e-06  2.188e-06  2.603e-06  3.066e-06  3.580e-06  4.148e-06  4.772e-06  5.455e-06  6.199e-06  7.008e-06  7.884e-06  8.829e-06  9.847e-06  1.094e-05  1.211e-05  1.336e-05  1.469e-05  1.611e-05  1.762e-05  1.922e-05  2.091e-05  2.270e-05  2.459e-05  2.658e-05  2.868e-05  3.089e-05  3.321e-05  3.565e-05  3.822e-05  4.091e-05  4.374e-05  4.671e-05  4.983e-05  5.310e-05  5.655e-05 	
 3.468e-07 -6.353e-07 -2.553e-07 -1.680e-07 -8.815e-08  1.591e-09  1.092e-07  2.411e-07  4.029e-07  5.995e-07  8.354e-07  1.115e-06  1.443e-06  1.823e-06  2.259e-06  2.755e-06  3.317e-06  3.946e-06  4.649e-06  5.428e-06  6.288e-06  7.233e-06  8.267e-06  9.394e-06  1.062e-05  1.194e-05  1.337e-05  1.491e-05  1.656e-05  1.833e-05  2.022e-05  2.224e-05  2.439e-05  2.667e-05  2.909e-05  3.166e-05  3.437e-05  3.724e-05  4.027e-05  4.347e-05  4.683e-05  5.037e-05  5.409e-05  5.797e-05  6.203e-05  6.624e-05  7.060e-05  7.508e-05  7.964e-05  8.424e-05 	
 6.076e-07 -6.139e-07 -3.133e-07 -2.352e-07 -1.433e-07 -2.381e-08  1.306e-07  3.273e-07  5.733e-07  8.751e-07  1.239e-06  1.672e-06  2.181e-06  2.770e-06  3.448e-06  4.219e-06  5.090e-06  6.068e-06  7.158e-06  8.367e-06  9.701e-06  1.117e-05  1.277e-05  1.451e-05  1.641e-05  1.846e-05  2.067e-05  2.306e-05  2.561e-05  2.835e-05  3.128e-05  3.440e-05  3.772e-05  4.126e-05  4.501e-05  4.899e-05  5.321e-05  5.767e-05  6.239e-05  6.736e-05  7.260e-05  7.811e-05  8.387e-05  8.986e-05  9.606e-05  1.024e-04  1.088e-04  1.152e-04  1.215e-04  1.274e-04 	
 1.547e-06 -1.791e-07 -5.737e-08 -3.827e-08  3.432e-08  1.668e-07  3.652e-07  6.375e-07  9.923e-07  1.439e-06  1.987e-06  2.645e-06  3.423e-06  4.332e-06  5.380e-06  6.577e-06  7.934e-06  9.459e-06  1.116e-05  1.305e-05  1.515e-05  1.744e-05  1.996e-05  2.271e-05  2.569e-05  2.892e-05  3.241e-05  3.616e-05  4.020e-05  4.452e-05  4.915e-05  5.409e-05  5.936e-05  6.496e-05  7.091e-05  7.724e-05  8.394e-05  9.104e-05  9.854e-05  1.065e-04  1.148e-04  1.235e-04  1.325e-04  1.418e-04  1.513e-04  1.608e-04  1.700e-04  1.788e-04  1.866e-04  1.930e-04 	
 4.468e-06  1.495e-06  1.345e-06  1.312e-06  1.405e-06  1.606e-06  1.917e-06  2.345e-06  2.900e-06  3.595e-06  4.441e-06  5.452e-06  6.642e-06  8.025e-06  9.613e-06  1.142e-05  1.346e-05  1.576e-05  1.831e-05  2.114e-05  2.426e-05  2.768e-05  3.142e-05  3.550e-05  3.992e-05  4.470e-05  4.986e-05  5.541e-05  6.136e-05  6.772e-05  7.452e-05  8.177e-05  8.948e-05  9.766e-05  1.063e-04  1.155e-04  1.252e-04  1.354e-04  1.462e-04  1.575e-04  1.692e-04  1.815e-04  1.941e-04  2.070e-04  2.198e-04  2.324e-04  2.443e-04  2.547e-04  2.625e-04  2.663e-04 	
