 9.900e-01  9.900e-01  6.541e-01  2.761e-01  1.401e-01  8.054e-02  5.048e-02  3.376e-02  2.376e-02  1.741e-02  1.322e-02  1.031e-02  8.257e-03  6.754e-03  5.636e-03  4.782e-03  4.121e-03  3.601e-03  3.186e-03  2.851e-03  2.576e-03  2.351e-03  2.165e-03  2.008e-03  1.875e-03  1.764e-03  1.669e-03  1.586e-03  1.515e-03  1.451e-03  1.394e-03  1.339e-03  1.285e-03  1.231e-03  1.173e-03  1.110e-03  1.043e-03  9.721e-04  9.056e-04  8.537e-04  8.372e-04  8.866e-04  1.050e-03  1.394e-03  2.018e-03  3.058e-03  4.707e-03  7.234e-03  1.103e-02  1.670e-02 	
 9.900e-01  1.000e-08  1.000e-08  1.000e-08  1.000e-08  1.000e-08  1.000e-08  1.000e-08  1.000e-08  1.000e-08  1.000e-08  1.000e-08  1.000e-08  1.000e-08  1.000e-08  1.000e-08  1.000e-08  1.000e-08  1.000e-08  1.000e-08  1.000e-08  1.000e-08  1.000e-08  1.000e-08  1.000e-08  1.000e-08  1.000e-08  1.000e-08  1.000e-08  1.000e-08  1.000e-08  1.000e-08  1.000e-08  1.000e-08  1.000e-08  1.000e-08  1.000e-08  1.000e-08  1.000e-08  1.000e-08  1.000e-08  1.000e-08  1.000e-08  1.000e-08  1.000e-08  1.000e-08  3.322e-04  1.821e-03  4.079e-03  7.427e-03 	
 9.900e-01  1.000e-08  1.000e-08  1.000e-08  1.000e-08  1.000e-08  1.000e-08  1.000e-08  1.000e-08  1.000e-08  1.000e-08  1.000e-08  1.000e-08  1.000e-08  1.000e-08  1.000e-08  1.000e-08  1.000e-08  1.000e-08  1.000e-08  1.000e-08  1.000e-08  1.000e-08  1.000e-08  1.000e-08  1.000e-08  1.000e-08  1.000e-08  1.000e-08  1.000e-08  1.235e-05  3.540e-05  4.943e-05  5.278e-05  4.340e-05  1.923e-05  1.000e-08  1.000e-08  1.000e-08  1.000e-08  1.000e-08  1.000e-08  1.000e-08  1.000e-08  1.000e-08  1.454e-04  7.851e-04  1.824e-03  3.427e-03  5.834e-03 	
 8.950e-01  1.000e-08  1.000e-08  1.000e-08  1.000e-08  1.000e-08  1.000e-08  1.000e-08  1.000e-08  1.000e-08  1.000e-08  1.000e-08  1.000e-08  1.000e-08  1.000e-08  1.000e-08  1.000e-08  1.000e-08  1.000e-08  1.000e-08  1.000e-08  2.339e-05  9.174e-05  1.514e-04  2.039e-04  2.505e-04  2.922e-04  3.294e-04  3.628e-04  3.924e-04  4.175e-04  4.373e-04  4.513e-04  4.580e-04  4.554e-04  4.420e-04  4.163e-04  3.779e-04  3.275e-04  2.687e-04  2.090e-04  1.605e-04  1.433e-04  1.856e-04  3.277e-04  6.235e-04  1.146e-03  1.993e-03  3.301e-03  5.266e-03 	
 4.903e-01  1.000e-08  1.000e-08  1.000e-08  1.000e-08  1.000e-08  1.000e-08  1.000e-08  1.000e-08  1.000e-08  1.000e-08  1.000e-08  1.000e-08  1.000e-08  1.000e-08  1.000e-08  1.000e-08  4.607e-05  1.522e-04  2.420e-04  3.195e-04  3.871e-04  4.469e-04  5.004e-04  5.491e-04  5.937e-04  6.348e-04  6.728e-04  7.085e-04  7.414e-04  7.713e-04  7.974e-04  8.193e-04  8.355e-04  8.446e-04  8.456e-04  8.366e-04  8.174e-04  7.888e-04  7.535e-04  7.177e-04  6.918e-04  6.927e-04  7.448e-04  8.828e-04  1.154e-03  1.622e-03  2.374e-03  3.530e-03  5.261e-03 	
 3.742e-01  1.000e-08  1.000e-08  1.000e-08  1.000e-08  1.000e-08  1.000e-08  1.000e-08  1.000e-08  1.000e-08  1.000e-08  1.000e-08  1.000e-08  1.000e-08  2.754e-05  1.946e-04  3.313e-04  4.458e-04  5.433e-04  6.276e-04  7.024e-04  7.694e-04  8.303e-04  8.867e-04  9.393e-04  9.894e-04  1.037e-03  1.083e-03  1.128e-03  1.171e-03  1.212e-03  1.251e-03  1.288e-03  1.320e-03  1.347e-03  1.368e-03  1.381e-03  1.386e-03  1.383e-03  1.376e-03  1.369e-03  1.370e-03  1.397e-03  1.471e-03  1.624e-03  1.899e-03  2.358e-03  3.079e-03  4.175e-03  5.803e-03 	
 3.021e-01  1.000e-08  1.000e-08  1.000e-08  1.000e-08  1.000e-08  1.000e-08  1.000e-08  1.000e-08  1.000e-08  1.000e-08  1.000e-08  7.421e-05  3.142e-04  5.050e-04  6.606e-04  7.906e-04  9.022e-04  9.991e-04  1.087e-03  1.165e-03  1.239e-03  1.309e-03  1.375e-03  1.440e-03  1.504e-03  1.566e-03  1.629e-03  1.692e-03  1.754e-03  1.818e-03  1.880e-03  1.942e-03  2.002e-03  2.058e-03  2.110e-03  2.157e-03  2.200e-03  2.236e-03  2.268e-03  2.303e-03  2.347e-03  2.417e-03  2.533e-03  2.728e-03  3.041e-03  3.532e-03  4.279e-03  5.393e-03  7.033e-03 	
 2.282e-01  1.000e-08  1.000e-08  1.000e-08  1.000e-08  1.000e-08  1.000e-08  1.000e-08  1.000e-08  1.000e-08  1.000e-08  3.683e-04  6.561e-04  8.826e-04  1.066e-03  1.220e-03  1.353e-03  1.469e-03  1.576e-03  1.674e-03  1.768e-03  1.858e-03  1.947e-03  2.035e-03  2.122e-03  2.213e-03  2.304e-03  2.398e-03  2.495e-03  2.595e-03  2.697e-03  2.801e-03  2.909e-03  3.016e-03  3.124e-03  3.229e-03  3.334e-03  3.438e-03  3.538e-03  3.637e-03  3.741e-03  3.858e-03  4.004e-03  4.199e-03  4.471e-03  4.871e-03  5.452e-03  6.293e-03  7.513e-03  9.271e-03 	
 1.535e-01  1.000e-08  1.000e-08  1.000e-08  1.000e-08  1.000e-08  1.000e-08  1.000e-08  1.000e-08  2.410e-04  7.214e-04  1.079e-03  1.357e-03  1.581e-03  1.769e-03  1.933e-03  2.079e-03  2.214e-03  2.341e-03  2.465e-03  2.588e-03  2.711e-03  2.837e-03  2.965e-03  3.098e-03  3.237e-03  3.381e-03  3.532e-03  3.690e-03  3.854e-03  4.030e-03  4.206e-03  4.393e-03  4.585e-03  4.786e-03  4.986e-03  5.190e-03  5.400e-03  5.611e-03  5.825e-03  6.050e-03  6.297e-03  6.576e-03  6.911e-03  7.333e-03  7.888e-03  8.637e-03  9.673e-03  1.111e-02  1.310e-02 	
 8.428e-02  1.000e-08  1.000e-08  1.000e-08  1.000e-08  1.000e-08  1.000e-08  1.000e-08  5.148e-04  1.149e-03  1.611e-03  1.963e-03  2.246e-03  2.482e-03  2.690e-03  2.878e-03  3.055e-03  3.227e-03  3.399e-03  3.572e-03  3.749e-03  3.932e-03  4.125e-03  4.327e-03  4.541e-03  4.767e-03  5.007e-03  5.259e-03  5.526e-03  5.812e-03  6.109e-03  6.418e-03  6.748e-03  7.095e-03  7.450e-03  7.820e-03  8.198e-03  8.599e-03  9.000e-03  9.420e-03  9.864e-03  1.033e-02  1.085e-02  1.143e-02  1.212e-02  1.295e-02  1.400e-02  1.536e-02  1.715e-02  1.954e-02 	
 2.447e-02  1.000e-08  1.000e-08  1.000e-08  1.000e-08  1.000e-08  1.000e-08  7.847e-04  1.661e-03  2.276e-03  2.738e-03  3.103e-03  3.410e-03  3.681e-03  3.931e-03  4.171e-03  4.411e-03  4.653e-03  4.902e-03  5.166e-03  5.442e-03  5.736e-03  6.049e-03  6.384e-03  6.742e-03  7.122e-03  7.528e-03  7.968e-03  8.430e-03  8.919e-03  9.440e-03  9.987e-03  1.056e-02  1.117e-02  1.181e-02  1.248e-02  1.317e-02  1.389e-02  1.465e-02  1.543e-02  1.625e-02  1.711e-02  1.804e-02  1.905e-02  2.019e-02  2.150e-02  2.305e-02  2.494e-02  2.729e-02  3.030e-02 	
 1.000e-08  1.000e-08  1.000e-08  1.000e-08  1.000e-08  1.000e-08  9.727e-04  2.246e-03  3.102e-03  3.724e-03  4.210e-03  4.618e-03  4.978e-03  5.321e-03  5.655e-03  5.991e-03  6.343e-03  6.712e-03  7.106e-03  7.527e-03  7.983e-03  8.476e-03  9.005e-03  9.571e-03  1.018e-02  1.085e-02  1.154e-02  1.230e-02  1.311e-02  1.396e-02  1.488e-02  1.584e-02  1.686e-02  1.793e-02  1.906e-02  2.024e-02  2.148e-02  2.277e-02  2.412e-02  2.553e-02  2.701e-02  2.855e-02  3.018e-02  3.194e-02  3.384e-02  3.594e-02  3.831e-02  4.103e-02  4.423e-02  4.812e-02 	
 1.000e-08  1.000e-08  1.000e-08  1.000e-08  1.000e-08  8.774e-04  2.848e-03  4.096e-03  4.966e-03  5.630e-03  6.180e-03  6.676e-03  7.146e-03  7.615e-03  8.102e-03  8.615e-03  9.167e-03  9.765e-03  1.041e-02  1.113e-02  1.189e-02  1.273e-02  1.363e-02  1.462e-02  1.568e-02  1.683e-02  1.805e-02  1.937e-02  2.077e-02  2.226e-02  2.385e-02  2.553e-02  2.732e-02  2.919e-02  3.115e-02  3.323e-02  3.540e-02  3.766e-02  4.002e-02  4.249e-02  4.505e-02  4.773e-02  5.056e-02  5.353e-02  5.666e-02  5.999e-02  6.365e-02  6.760e-02  7.205e-02  7.706e-02 	
 1.000e-08  1.000e-08  1.000e-08  1.000e-08  1.000e-08  3.300e-03  5.227e-03  6.495e-03  7.427e-03  8.190e-03  8.872e-03  9.531e-03  1.020e-02  1.091e-02  1.167e-02  1.250e-02  1.341e-02  1.440e-02  1.551e-02  1.671e-02  1.804e-02  1.948e-02  2.106e-02  2.276e-02  2.460e-02  2.659e-02  2.872e-02  3.100e-02  3.342e-02  3.599e-02  3.874e-02  4.164e-02  4.469e-02  4.790e-02  5.127e-02  5.481e-02  5.852e-02  6.234e-02  6.637e-02  7.052e-02  7.483e-02  7.931e-02  8.402e-02  8.884e-02  9.381e-02  9.907e-02  1.044e-01  1.101e-01  1.162e-01  1.226e-01 	
 1.000e-08  1.000e-08  1.000e-08  1.000e-08  3.139e-03  6.359e-03  8.305e-03  9.660e-03  1.074e-02  1.170e-02  1.263e-02  1.359e-02  1.461e-02  1.573e-02  1.698e-02  1.836e-02  1.990e-02  2.160e-02  2.351e-02  2.559e-02  2.788e-02  3.036e-02  3.309e-02  3.602e-02  3.919e-02  4.260e-02  4.623e-02  5.013e-02  5.423e-02  5.862e-02  6.323e-02  6.810e-02  7.321e-02  7.856e-02  8.413e-02  8.995e-02  9.597e-02  1.023e-01  1.088e-01  1.154e-01  1.223e-01  1.294e-01  1.367e-01  1.441e-01  1.516e-01  1.593e-01  1.671e-01  1.748e-01  1.826e-01  1.903e-01 	
 1.000e-08  1.000e-08  1.000e-08  1.079e-03  7.084e-03  1.031e-02  1.237e-02  1.393e-02  1.529e-02  1.661e-02  1.798e-02  1.947e-02  2.112e-02  2.299e-02  2.509e-02  2.744e-02  3.008e-02  3.300e-02  3.624e-02  3.983e-02  4.375e-02  4.800e-02  5.264e-02  5.759e-02  6.296e-02  6.866e-02  7.473e-02  8.117e-02  8.800e-02  9.510e-02  1.026e-01  1.104e-01  1.186e-01  1.270e-01  1.358e-01  1.447e-01  1.541e-01  1.636e-01  1.734e-01  1.833e-01  1.935e-01  2.038e-01  2.142e-01  2.247e-01  2.351e-01  2.456e-01  2.556e-01  2.654e-01  2.747e-01  2.830e-01 	
 1.000e-08  1.000e-08  1.000e-08  6.202e-03  1.213e-02  1.549e-02  1.783e-02  1.978e-02  2.165e-02  2.360e-02  2.576e-02  2.820e-02  3.096e-02  3.410e-02  3.765e-02  4.168e-02  4.615e-02  5.114e-02  5.665e-02  6.269e-02  6.925e-02  7.634e-02  8.402e-02  9.215e-02  1.009e-01  1.101e-01  1.197e-01  1.298e-01  1.405e-01  1.515e-01  1.629e-01  1.746e-01  1.867e-01  1.991e-01  2.116e-01  2.245e-01  2.376e-01  2.508e-01  2.641e-01  2.774e-01  2.908e-01  3.042e-01  3.176e-01  3.307e-01  3.436e-01  3.560e-01  3.678e-01  3.787e-01  3.884e-01  3.964e-01 	
 1.000e-08  1.000e-08  1.000e-08  1.266e-02  1.871e-02  2.242e-02  2.529e-02  2.795e-02  3.074e-02  3.381e-02  3.733e-02  4.139e-02  4.602e-02  5.134e-02  5.734e-02  6.409e-02  7.159e-02  7.988e-02  8.893e-02  9.876e-02  1.093e-01  1.206e-01  1.327e-01  1.453e-01  1.587e-01  1.725e-01  1.869e-01  2.016e-01  2.169e-01  2.324e-01  2.483e-01  2.642e-01  2.804e-01  2.967e-01  3.129e-01  3.292e-01  3.454e-01  3.615e-01  3.775e-01  3.933e-01  4.087e-01  4.238e-01  4.386e-01  4.529e-01  4.667e-01  4.794e-01  4.913e-01  5.019e-01  5.110e-01  5.172e-01 	
 1.000e-08  1.000e-08  7.989e-03  2.098e-02  2.745e-02  3.184e-02  3.568e-02  3.957e-02  4.393e-02  4.894e-02  5.475e-02  6.152e-02  6.924e-02  7.804e-02  8.801e-02  9.895e-02  1.111e-01  1.242e-01  1.384e-01  1.535e-01  1.695e-01  1.863e-01  2.038e-01  2.219e-01  2.405e-01  2.594e-01  2.787e-01  2.982e-01  3.177e-01  3.372e-01  3.566e-01  3.758e-01  3.949e-01  4.137e-01  4.320e-01  4.497e-01  4.672e-01  4.843e-01  5.007e-01  5.167e-01  5.321e-01  5.467e-01  5.607e-01  5.739e-01  5.864e-01  5.980e-01  6.083e-01  6.169e-01  6.238e-01  6.285e-01 	
 1.000e-08  1.000e-08  1.855e-02  3.193e-02  3.924e-02  4.486e-02  5.033e-02  5.638e-02  6.337e-02  7.158e-02  8.114e-02  9.210e-02  1.047e-01  1.188e-01  1.343e-01  1.513e-01  1.696e-01  1.891e-01  2.096e-01  2.309e-01  2.530e-01  2.756e-01  2.985e-01  3.217e-01  3.448e-01  3.678e-01  3.905e-01  4.128e-01  4.348e-01  4.560e-01  4.768e-01  4.969e-01  5.163e-01  5.348e-01  5.523e-01  5.693e-01  5.856e-01  6.010e-01  6.158e-01  6.297e-01  6.430e-01  6.551e-01  6.665e-01  6.772e-01  6.873e-01  6.964e-01  7.039e-01  7.101e-01  7.150e-01  7.178e-01 	
 1.000e-08  1.000e-08  3.232e-02  4.662e-02  5.541e-02  6.309e-02  7.131e-02  8.083e-02  9.205e-02  1.052e-01  1.204e-01  1.378e-01  1.570e-01  1.781e-01  2.008e-01  2.250e-01  2.503e-01  2.764e-01  3.032e-01  3.301e-01  3.571e-01  3.839e-01  4.101e-01  4.361e-01  4.610e-01  4.852e-01  5.086e-01  5.307e-01  5.518e-01  5.721e-01  5.913e-01  6.095e-01  6.263e-01  6.424e-01  6.573e-01  6.716e-01  6.849e-01  6.968e-01  7.083e-01  7.189e-01  7.293e-01  7.385e-01  7.468e-01  7.545e-01  7.614e-01  7.675e-01  7.726e-01  7.769e-01  7.799e-01  7.811e-01 	
 1.000e-08  1.000e-08  5.066e-02  6.657e-02  7.772e-02  8.877e-02  1.013e-01  1.163e-01  1.337e-01  1.540e-01  1.769e-01  2.022e-01  2.296e-01  2.585e-01  2.886e-01  3.195e-01  3.505e-01  3.816e-01  4.121e-01  4.418e-01  4.703e-01  4.982e-01  5.244e-01  5.495e-01  5.729e-01  5.954e-01  6.157e-01  6.351e-01  6.536e-01  6.703e-01  6.855e-01  7.001e-01  7.135e-01  7.258e-01  7.377e-01  7.482e-01  7.575e-01  7.666e-01  7.748e-01  7.826e-01  7.894e-01  7.958e-01  8.014e-01  8.065e-01  8.111e-01  8.152e-01  8.181e-01  8.205e-01  8.221e-01  8.229e-01 	
 1.000e-08  2.440e-02  7.537e-02  9.366e-02  1.085e-01  1.246e-01  1.436e-01  1.660e-01  1.921e-01  2.211e-01  2.529e-01  2.866e-01  3.214e-01  3.568e-01  3.919e-01  4.266e-01  4.599e-01  4.917e-01  5.220e-01  5.505e-01  5.772e-01  6.019e-01  6.250e-01  6.463e-01  6.662e-01  6.841e-01  7.006e-01  7.158e-01  7.303e-01  7.427e-01  7.545e-01  7.650e-01  7.750e-01  7.838e-01  7.924e-01  7.997e-01  8.065e-01  8.125e-01  8.181e-01  8.235e-01  8.281e-01  8.323e-01  8.356e-01  8.392e-01  8.420e-01  8.444e-01  8.459e-01  8.478e-01  8.485e-01  8.487e-01 	
 1.000e-08  5.846e-02  1.085e-01  1.301e-01  1.504e-01  1.736e-01  2.013e-01  2.332e-01  2.686e-01  3.066e-01  3.459e-01  3.856e-01  4.247e-01  4.624e-01  4.984e-01  5.319e-01  5.628e-01  5.920e-01  6.185e-01  6.425e-01  6.644e-01  6.843e-01  7.030e-01  7.191e-01  7.344e-01  7.481e-01  7.603e-01  7.717e-01  7.820e-01  7.912e-01  8.002e-01  8.075e-01  8.148e-01  8.207e-01  8.267e-01  8.321e-01  8.367e-01  8.413e-01  8.450e-01  8.482e-01  8.511e-01  8.543e-01  8.566e-01  8.585e-01  8.604e-01  8.618e-01  8.633e-01  8.638e-01  8.640e-01  8.638e-01 	
 1.000e-08  1.030e-01  1.519e-01  1.780e-01  2.053e-01  2.377e-01  2.753e-01  3.166e-01  3.602e-01  4.042e-01  4.471e-01  4.878e-01  5.260e-01  5.614e-01  5.929e-01  6.218e-01  6.479e-01  6.710e-01  6.919e-01  7.105e-01  7.274e-01  7.423e-01  7.559e-01  7.684e-01  7.793e-01  7.896e-01  7.990e-01  8.072e-01  8.148e-01  8.216e-01  8.280e-01  8.334e-01  8.388e-01  8.434e-01  8.476e-01  8.517e-01  8.549e-01  8.581e-01  8.609e-01  8.628e-01  8.651e-01  8.670e-01  8.689e-01  8.703e-01  8.713e-01  8.722e-01  8.728e-01  8.734e-01  8.735e-01  8.732e-01 	
 5.863e-02  1.596e-01  2.069e-01  2.384e-01  2.743e-01  3.166e-01  3.630e-01  4.110e-01  4.581e-01  5.027e-01  5.437e-01  5.803e-01  6.127e-01  6.414e-01  6.668e-01  6.890e-01  7.089e-01  7.266e-01  7.420e-01  7.559e-01  7.684e-01  7.800e-01  7.902e-01  7.992e-01  8.076e-01  8.153e-01  8.220e-01  8.283e-01  8.345e-01  8.395e-01  8.445e-01  8.490e-01  8.531e-01  8.564e-01  8.600e-01  8.628e-01  8.655e-01  8.678e-01  8.702e-01  8.721e-01  8.735e-01  8.749e-01  8.763e-01  8.773e-01  8.774e-01  8.783e-01  8.788e-01  8.790e-01  8.791e-01  8.783e-01 	
 1.416e-01  2.284e-01  2.731e-01  3.109e-01  3.555e-01  4.053e-01  4.565e-01  5.053e-01  5.496e-01  5.887e-01  6.229e-01  6.523e-01  6.776e-01  6.991e-01  7.178e-01  7.347e-01  7.494e-01  7.620e-01  7.739e-01  7.841e-01  7.937e-01  8.025e-01  8.105e-01  8.176e-01  8.242e-01  8.304e-01  8.358e-01  8.416e-01  8.461e-01  8.502e-01  8.547e-01  8.579e-01  8.616e-01  8.643e-01  8.675e-01  8.694e-01  8.717e-01  8.740e-01  8.755e-01  8.769e-01  8.783e-01  8.797e-01  8.806e-01  8.811e-01  8.813e-01  8.818e-01  8.823e-01  8.824e-01  8.820e-01  8.817e-01 	
 2.393e-01  3.072e-01  3.486e-01  3.919e-01  4.427e-01  4.953e-01  5.447e-01  5.879e-01  6.247e-01  6.555e-01  6.808e-01  7.026e-01  7.211e-01  7.368e-01  7.507e-01  7.631e-01  7.741e-01  7.837e-01  7.928e-01  8.011e-01  8.089e-01  8.159e-01  8.225e-01  8.287e-01  8.340e-01  8.394e-01  8.443e-01  8.488e-01  8.528e-01  8.564e-01  8.605e-01  8.632e-01  8.665e-01  8.692e-01  8.715e-01  8.738e-01  8.757e-01  8.775e-01  8.790e-01  8.799e-01  8.814e-01  8.823e-01  8.832e-01  8.838e-01  8.843e-01  8.843e-01  8.848e-01  8.845e-01  8.845e-01  8.838e-01 	
 3.464e-01  3.916e-01  4.290e-01  4.757e-01  5.271e-01  5.754e-01  6.172e-01  6.514e-01  6.786e-01  7.009e-01  7.192e-01  7.348e-01  7.480e-01  7.595e-01  7.700e-01  7.798e-01  7.885e-01  7.966e-01  8.039e-01  8.108e-01  8.174e-01  8.239e-01  8.296e-01  8.349e-01  8.401e-01  8.446e-01  8.491e-01  8.531e-01  8.567e-01  8.604e-01  8.640e-01  8.668e-01  8.695e-01  8.718e-01  8.741e-01  8.764e-01  8.779e-01  8.797e-01  8.807e-01  8.825e-01  8.831e-01  8.840e-01  8.850e-01  8.855e-01  8.855e-01  8.860e-01  8.861e-01  8.861e-01  8.858e-01  8.859e-01 	
 4.547e-01  4.753e-01  5.077e-01  5.530e-01  5.989e-01  6.391e-01  6.701e-01  6.945e-01  7.138e-01  7.293e-01  7.424e-01  7.536e-01  7.636e-01  7.730e-01  7.815e-01  7.896e-01  7.968e-01  8.040e-01  8.109e-01  8.173e-01  8.229e-01  8.286e-01  8.339e-01  8.387e-01  8.436e-01  8.480e-01  8.521e-01  8.562e-01  8.598e-01  8.630e-01  8.657e-01  8.689e-01  8.712e-01  8.740e-01  8.759e-01  8.782e-01  8.796e-01  8.810e-01  8.825e-01  8.839e-01  8.844e-01  8.858e-01  8.863e-01  8.863e-01  8.868e-01  8.873e-01  8.873e-01  8.874e-01  8.870e-01  8.867e-01 	
 5.554e-01  5.517e-01  5.774e-01  6.173e-01  6.541e-01  6.833e-01  7.053e-01  7.220e-01  7.355e-01  7.463e-01  7.560e-01  7.650e-01  7.734e-01  7.809e-01  7.880e-01  7.955e-01  8.023e-01  8.086e-01  8.151e-01  8.207e-01  8.263e-01  8.319e-01  8.368e-01  8.417e-01  8.457e-01  8.502e-01  8.542e-01  8.579e-01  8.611e-01  8.642e-01  8.674e-01  8.702e-01  8.726e-01  8.749e-01  8.772e-01  8.791e-01  8.809e-01  8.819e-01  8.838e-01  8.843e-01  8.857e-01  8.862e-01  8.871e-01  8.872e-01  8.877e-01  8.882e-01  8.882e-01  8.883e-01  8.883e-01  8.880e-01 	
 6.399e-01  6.148e-01  6.327e-01  6.641e-01  6.908e-01  7.111e-01  7.260e-01  7.381e-01  7.478e-01  7.561e-01  7.644e-01  7.715e-01  7.789e-01  7.859e-01  7.925e-01  7.992e-01  8.055e-01  8.119e-01  8.174e-01  8.231e-01  8.287e-01  8.336e-01  8.384e-01  8.429e-01  8.474e-01  8.514e-01  8.555e-01  8.591e-01  8.623e-01  8.655e-01  8.688e-01  8.716e-01  8.739e-01  8.762e-01  8.781e-01  8.800e-01  8.818e-01  8.828e-01  8.842e-01  8.852e-01  8.866e-01  8.871e-01  8.876e-01  8.881e-01  8.886e-01  8.886e-01  8.887e-01  8.891e-01  8.892e-01  8.888e-01 	
 7.033e-01  6.609e-01  6.722e-01  6.948e-01  7.140e-01  7.279e-01  7.383e-01  7.471e-01  7.547e-01  7.617e-01  7.690e-01  7.755e-01  7.824e-01  7.894e-01  7.956e-01  8.015e-01  8.078e-01  8.138e-01  8.194e-01  8.246e-01  8.298e-01  8.351e-01  8.400e-01  8.445e-01  8.486e-01  8.527e-01  8.567e-01  8.604e-01  8.636e-01  8.669e-01  8.697e-01  8.720e-01  8.748e-01  8.771e-01  8.790e-01  8.805e-01  8.823e-01  8.837e-01  8.847e-01  8.861e-01  8.871e-01  8.876e-01  8.885e-01  8.886e-01  8.890e-01  8.891e-01  8.896e-01  8.896e-01  8.897e-01  8.897e-01 	
 7.437e-01  6.902e-01  6.964e-01  7.137e-01  7.274e-01  7.373e-01  7.454e-01  7.525e-01  7.589e-01  7.661e-01  7.720e-01  7.785e-01  7.850e-01  7.912e-01  7.974e-01  8.037e-01  8.096e-01  8.152e-01  8.213e-01  8.266e-01  8.319e-01  8.363e-01  8.412e-01  8.458e-01  8.498e-01  8.539e-01  8.576e-01  8.608e-01  8.645e-01  8.678e-01  8.701e-01  8.729e-01  8.757e-01  8.776e-01  8.799e-01  8.814e-01  8.828e-01  8.847e-01  8.861e-01  8.866e-01  8.876e-01  8.885e-01  8.890e-01  8.895e-01  8.896e-01  8.900e-01  8.901e-01  8.906e-01  8.901e-01  8.902e-01 	
 7.628e-01  7.055e-01  7.114e-01  7.248e-01  7.350e-01  7.434e-01  7.502e-01  7.561e-01  7.623e-01  7.682e-01  7.745e-01  7.806e-01  7.871e-01  7.929e-01  7.992e-01  8.051e-01  8.111e-01  8.167e-01  8.220e-01  8.277e-01  8.330e-01  8.375e-01  8.420e-01  8.466e-01  8.507e-01  8.548e-01  8.585e-01  8.617e-01  8.654e-01  8.683e-01  8.710e-01  8.739e-01  8.762e-01  8.781e-01  8.800e-01  8.819e-01  8.838e-01  8.852e-01  8.862e-01  8.872e-01  8.886e-01  8.886e-01  8.896e-01  8.900e-01  8.901e-01  8.906e-01  8.910e-01  8.911e-01  8.907e-01  8.907e-01 	
 7.656e-01  7.125e-01  7.207e-01  7.318e-01  7.403e-01  7.469e-01  7.533e-01  7.589e-01  7.647e-01  7.706e-01  7.770e-01  7.826e-01  7.888e-01  7.946e-01  8.006e-01  8.065e-01  8.121e-01  8.178e-01  8.236e-01  8.289e-01  8.338e-01  8.388e-01  8.429e-01  8.474e-01  8.515e-01  8.553e-01  8.594e-01  8.627e-01  8.659e-01  8.692e-01  8.716e-01  8.744e-01  8.768e-01  8.787e-01  8.806e-01  8.825e-01  8.844e-01  8.858e-01  8.872e-01  8.877e-01  8.887e-01  8.896e-01  8.906e-01  8.906e-01  8.911e-01  8.911e-01  8.916e-01  8.916e-01  8.912e-01  8.917e-01 	
 7.596e-01  7.157e-01  7.264e-01  7.365e-01  7.437e-01  7.502e-01  7.557e-01  7.613e-01  7.670e-01  7.725e-01  7.781e-01  7.843e-01  7.905e-01  7.964e-01  8.020e-01  8.080e-01  8.136e-01  8.189e-01  8.247e-01  8.296e-01  8.346e-01  8.396e-01  8.441e-01  8.483e-01  8.525e-01  8.566e-01  8.599e-01  8.632e-01  8.664e-01  8.693e-01  8.726e-01  8.749e-01  8.773e-01  8.792e-01  8.816e-01  8.830e-01  8.849e-01  8.864e-01  8.878e-01  8.883e-01  8.893e-01  8.902e-01  8.907e-01  8.912e-01  8.912e-01  8.917e-01  8.922e-01  8.922e-01  8.922e-01  8.923e-01 	
 7.494e-01  7.182e-01  7.313e-01  7.401e-01  7.470e-01  7.525e-01  7.579e-01  7.635e-01  7.690e-01  7.745e-01  7.801e-01  7.859e-01  7.914e-01  7.974e-01  8.034e-01  8.090e-01  8.143e-01  8.201e-01  8.254e-01  8.304e-01  8.354e-01  8.400e-01  8.446e-01  8.492e-01  8.529e-01  8.567e-01  8.604e-01  8.642e-01  8.674e-01  8.703e-01  8.727e-01  8.755e-01  8.779e-01  8.802e-01  8.822e-01  8.836e-01  8.851e-01  8.865e-01  8.879e-01  8.889e-01  8.898e-01  8.908e-01  8.913e-01  8.918e-01  8.918e-01  8.923e-01  8.928e-01  8.928e-01  8.928e-01  8.933e-01 	
 7.416e-01  7.205e-01  7.349e-01  7.433e-01  7.492e-01  7.547e-01  7.597e-01  7.654e-01  7.705e-01  7.761e-01  7.815e-01  7.873e-01  7.928e-01  7.988e-01  8.044e-01  8.102e-01  8.155e-01  8.209e-01  8.263e-01  8.313e-01  8.363e-01  8.409e-01  8.455e-01  8.497e-01  8.539e-01  8.576e-01  8.610e-01  8.647e-01  8.680e-01  8.709e-01  8.733e-01  8.757e-01  8.785e-01  8.809e-01  8.828e-01  8.847e-01  8.861e-01  8.871e-01  8.886e-01  8.895e-01  8.905e-01  8.910e-01  8.919e-01  8.924e-01  8.929e-01  8.929e-01  8.934e-01  8.934e-01  8.934e-01  8.939e-01 	
 7.368e-01  7.234e-01  7.383e-01  7.458e-01  7.517e-01  7.569e-01  7.620e-01  7.666e-01  7.721e-01  7.778e-01  7.828e-01  7.886e-01  7.943e-01  7.999e-01  8.056e-01  8.109e-01  8.167e-01  8.217e-01  8.271e-01  8.321e-01  8.368e-01  8.414e-01  8.460e-01  8.502e-01  8.544e-01  8.582e-01  8.615e-01  8.653e-01  8.682e-01  8.715e-01  8.739e-01  8.763e-01  8.787e-01  8.811e-01  8.830e-01  8.844e-01  8.863e-01  8.878e-01  8.887e-01  8.902e-01  8.906e-01  8.916e-01  8.921e-01  8.926e-01  8.930e-01  8.935e-01  8.935e-01  8.940e-01  8.940e-01  8.941e-01 	
 7.342e-01  7.271e-01  7.416e-01  7.483e-01  7.539e-01  7.588e-01  7.636e-01  7.685e-01  7.737e-01  7.791e-01  7.841e-01  7.901e-01  7.953e-01  8.009e-01  8.067e-01  8.121e-01  8.175e-01  8.225e-01  8.280e-01  8.330e-01  8.381e-01  8.424e-01  8.470e-01  8.508e-01  8.550e-01  8.588e-01  8.626e-01  8.654e-01  8.687e-01  8.716e-01  8.745e-01  8.773e-01  8.797e-01  8.817e-01  8.836e-01  8.855e-01  8.870e-01  8.884e-01  8.894e-01  8.908e-01  8.913e-01  8.923e-01  8.927e-01  8.932e-01  8.937e-01  8.937e-01  8.942e-01  8.942e-01  8.947e-01  8.951e-01 	
 7.349e-01  7.304e-01  7.444e-01  7.503e-01  7.556e-01  7.607e-01  7.651e-01  7.702e-01  7.746e-01  7.800e-01  7.855e-01  7.907e-01  7.964e-01  8.017e-01  8.075e-01  8.129e-01  8.184e-01  8.238e-01  8.285e-01  8.340e-01  8.382e-01  8.429e-01  8.471e-01  8.518e-01  8.556e-01  8.589e-01  8.627e-01  8.665e-01  8.694e-01  8.723e-01  8.751e-01  8.775e-01  8.799e-01  8.819e-01  8.838e-01  8.857e-01  8.872e-01  8.886e-01  8.901e-01  8.910e-01  8.920e-01  8.925e-01  8.930e-01  8.939e-01  8.944e-01  8.948e-01  8.948e-01  8.948e-01  8.953e-01  8.958e-01 	
 7.366e-01  7.336e-01  7.467e-01  7.525e-01  7.575e-01  7.622e-01  7.667e-01  7.715e-01  7.764e-01  7.815e-01  7.866e-01  7.918e-01  7.971e-01  8.030e-01  8.083e-01  8.138e-01  8.188e-01  8.243e-01  8.294e-01  8.341e-01  8.392e-01  8.434e-01  8.481e-01  8.524e-01  8.562e-01  8.596e-01  8.634e-01  8.671e-01  8.700e-01  8.729e-01  8.754e-01  8.782e-01  8.806e-01  8.826e-01  8.845e-01  8.864e-01  8.879e-01  8.893e-01  8.903e-01  8.913e-01  8.922e-01  8.931e-01  8.941e-01  8.946e-01  8.946e-01  8.951e-01  8.951e-01  8.956e-01  8.956e-01  8.960e-01 	
 7.388e-01  7.362e-01  7.487e-01  7.544e-01  7.591e-01  7.638e-01  7.685e-01  7.729e-01  7.775e-01  7.825e-01  7.877e-01  7.930e-01  7.984e-01  8.037e-01  8.092e-01  8.142e-01  8.197e-01  8.252e-01  8.304e-01  8.350e-01  8.398e-01  8.440e-01  8.487e-01  8.530e-01  8.564e-01  8.602e-01  8.640e-01  8.674e-01  8.707e-01  8.736e-01  8.760e-01  8.785e-01  8.809e-01  8.832e-01  8.852e-01  8.866e-01  8.886e-01  8.895e-01  8.910e-01  8.920e-01  8.929e-01  8.934e-01  8.943e-01  8.948e-01  8.953e-01  8.953e-01  8.958e-01  8.958e-01  8.967e-01  8.967e-01 	
 7.413e-01  7.388e-01  7.505e-01  7.558e-01  7.607e-01  7.647e-01  7.694e-01  7.739e-01  7.785e-01  7.832e-01  7.884e-01  7.938e-01  7.991e-01  8.046e-01  8.096e-01  8.151e-01  8.206e-01  8.258e-01  8.309e-01  8.356e-01  8.403e-01  8.446e-01  8.489e-01  8.532e-01  8.570e-01  8.608e-01  8.642e-01  8.680e-01  8.709e-01  8.738e-01  8.763e-01  8.791e-01  8.816e-01  8.835e-01  8.854e-01  8.869e-01  8.883e-01  8.898e-01  8.917e-01  8.927e-01  8.932e-01  8.941e-01  8.946e-01  8.951e-01  8.955e-01  8.960e-01  8.960e-01  8.965e-01  8.965e-01  8.974e-01 	
 7.434e-01  7.411e-01  7.523e-01  7.578e-01  7.620e-01  7.661e-01  7.704e-01  7.750e-01  7.796e-01  7.844e-01  7.897e-01  7.946e-01  8.000e-01  8.055e-01  8.105e-01  8.160e-01  8.212e-01  8.263e-01  8.315e-01  8.362e-01  8.409e-01  8.452e-01  8.500e-01  8.534e-01  8.577e-01  8.615e-01  8.649e-01  8.683e-01  8.712e-01  8.741e-01  8.769e-01  8.794e-01  8.818e-01  8.838e-01  8.857e-01  8.876e-01  8.895e-01  8.905e-01  8.920e-01  8.929e-01  8.934e-01  8.944e-01  8.949e-01  8.958e-01  8.958e-01  8.963e-01  8.963e-01  8.972e-01  8.972e-01  8.981e-01 	
 7.464e-01  7.431e-01  7.534e-01  7.587e-01  7.629e-01  7.671e-01  7.711e-01  7.757e-01  7.804e-01  7.851e-01  7.905e-01  7.955e-01  8.009e-01  8.064e-01  8.115e-01  8.170e-01  8.222e-01  8.270e-01  8.316e-01  8.368e-01  8.416e-01  8.459e-01  8.502e-01  8.545e-01  8.579e-01  8.617e-01  8.651e-01  8.690e-01  8.719e-01  8.743e-01  8.773e-01  8.801e-01  8.821e-01  8.845e-01  8.860e-01  8.879e-01  8.898e-01  8.913e-01  8.922e-01  8.932e-01  8.942e-01  8.947e-01  8.956e-01  8.961e-01  8.966e-01  8.966e-01  8.970e-01  8.975e-01  8.975e-01  8.984e-01 	
 7.508e-01  7.451e-01  7.550e-01  7.595e-01  7.639e-01  7.677e-01  7.722e-01  7.768e-01  7.811e-01  7.860e-01  7.909e-01  7.963e-01  8.014e-01  8.065e-01  8.120e-01  8.172e-01  8.223e-01  8.275e-01  8.323e-01  8.371e-01  8.418e-01  8.466e-01  8.505e-01  8.543e-01  8.586e-01  8.620e-01  8.659e-01  8.688e-01  8.717e-01  8.751e-01  8.775e-01  8.799e-01  8.824e-01  8.848e-01  8.867e-01  8.882e-01  8.896e-01  8.911e-01  8.921e-01  8.935e-01  8.945e-01  8.950e-01  8.955e-01  8.959e-01  8.969e-01  8.969e-01  8.974e-01  8.978e-01  8.987e-01  8.997e-01 	
 7.607e-01  7.494e-01  7.570e-01  7.614e-01  7.653e-01  7.692e-01  7.734e-01  7.776e-01  7.815e-01  7.864e-01  7.918e-01  7.968e-01  8.015e-01  8.070e-01  8.121e-01  8.173e-01  8.225e-01  8.277e-01  8.324e-01  8.372e-01  8.420e-01  8.463e-01  8.507e-01  8.546e-01  8.589e-01  8.623e-01  8.661e-01  8.691e-01  8.720e-01  8.754e-01  8.778e-01  8.803e-01  8.827e-01  8.851e-01  8.866e-01  8.885e-01  8.900e-01  8.914e-01  8.924e-01  8.938e-01  8.943e-01  8.953e-01  8.958e-01  8.963e-01  8.967e-01  8.972e-01  8.976e-01  8.986e-01  8.995e-01  9.004e-01 	
 7.860e-01  7.600e-01  7.639e-01  7.668e-01  7.701e-01  7.733e-01  7.775e-01  7.814e-01  7.858e-01  7.898e-01  7.949e-01  7.995e-01  8.046e-01  8.097e-01  8.149e-01  8.201e-01  8.249e-01  8.301e-01  8.349e-01  8.397e-01  8.440e-01  8.483e-01  8.523e-01  8.566e-01  8.600e-01  8.639e-01  8.673e-01  8.702e-01  8.736e-01  8.765e-01  8.790e-01  8.814e-01  8.843e-01  8.863e-01  8.882e-01  8.897e-01  8.916e-01  8.931e-01  8.941e-01  8.950e-01  8.960e-01  8.970e-01  8.974e-01  8.979e-01  8.989e-01  8.993e-01  9.002e-01  9.012e-01  9.026e-01  9.053e-01 	
