 1.713e-04  5.104e-04  1.064e-03  1.836e-03  2.847e-03  4.117e-03  5.670e-03  7.530e-03  9.719e-03  1.226e-02  1.517e-02  1.848e-02  2.220e-02  2.634e-02  3.091e-02  3.593e-02  4.140e-02  4.732e-02  5.371e-02  6.055e-02  6.786e-02  7.562e-02  8.385e-02  9.254e-02  1.017e-01  1.113e-01  1.213e-01  1.319e-01  1.428e-01  1.543e-01  1.661e-01  1.785e-01  1.913e-01  2.045e-01  2.182e-01  2.323e-01  2.469e-01  2.620e-01  2.774e-01  2.933e-01  3.096e-01  3.263e-01  3.433e-01  3.606e-01  3.780e-01  3.953e-01  4.124e-01  4.288e-01  4.440e-01  4.571e-01 	
 1.877e-04  5.785e-04  1.222e-03  2.128e-03  3.328e-03  4.851e-03  6.731e-03  9.000e-03  1.169e-02  1.484e-02  1.847e-02  2.260e-02  2.727e-02  3.249e-02  3.827e-02  4.462e-02  5.157e-02  5.911e-02  6.724e-02  7.599e-02  8.534e-02  9.530e-02  1.059e-01  1.170e-01  1.288e-01  1.412e-01  1.543e-01  1.679e-01  1.821e-01  1.970e-01  2.124e-01  2.285e-01  2.451e-01  2.624e-01  2.802e-01  2.986e-01  3.177e-01  3.373e-01  3.575e-01  3.782e-01  3.995e-01  4.213e-01  4.435e-01  4.660e-01  4.887e-01  5.114e-01  5.337e-01  5.552e-01  5.752e-01  5.928e-01 	
 2.129e-04  6.671e-04  1.423e-03  2.501e-03  3.944e-03  5.798e-03  8.108e-03  1.092e-02  1.428e-02  1.823e-02  2.281e-02  2.805e-02  3.398e-02  4.062e-02  4.800e-02  5.613e-02  6.503e-02  7.471e-02  8.517e-02  9.643e-02  1.085e-01  1.213e-01  1.350e-01  1.495e-01  1.647e-01  1.808e-01  1.977e-01  2.154e-01  2.338e-01  2.531e-01  2.731e-01  2.938e-01  3.154e-01  3.376e-01  3.606e-01  3.843e-01  4.087e-01  4.337e-01  4.594e-01  4.858e-01  5.127e-01  5.401e-01  5.680e-01  5.962e-01  6.245e-01  6.527e-01  6.803e-01  7.068e-01  7.315e-01  7.532e-01 	
 2.447e-04  7.751e-04  1.670e-03  2.961e-03  4.713e-03  6.988e-03  9.853e-03  1.337e-02  1.760e-02  2.260e-02  2.842e-02  3.510e-02  4.269e-02  5.121e-02  6.069e-02  7.115e-02  8.262e-02  9.511e-02  1.086e-01  1.232e-01  1.388e-01  1.555e-01  1.732e-01  1.919e-01  2.117e-01  2.325e-01  2.543e-01  2.772e-01  3.010e-01  3.257e-01  3.514e-01  3.780e-01  4.055e-01  4.338e-01  4.629e-01  4.928e-01  5.234e-01  5.547e-01  5.866e-01  6.192e-01  6.522e-01  6.858e-01  7.197e-01  7.537e-01  7.877e-01  8.213e-01  8.540e-01  8.852e-01  9.141e-01  9.393e-01 	
 2.827e-04  9.046e-04  1.968e-03  3.527e-03  5.670e-03  8.489e-03  1.207e-02  1.651e-02  2.187e-02  2.825e-02  3.569e-02  4.427e-02  5.403e-02  6.502e-02  7.727e-02  9.081e-02  1.057e-01  1.219e-01  1.394e-01  1.583e-01  1.785e-01  2.001e-01  2.230e-01  2.472e-01  2.728e-01  2.995e-01  3.275e-01  3.567e-01  3.870e-01  4.184e-01  4.508e-01  4.842e-01  5.185e-01  5.537e-01  5.896e-01  6.262e-01  6.635e-01  7.014e-01  7.397e-01  7.785e-01  8.176e-01  8.570e-01  8.964e-01  9.357e-01  9.747e-01  1.013e+00  1.050e+00  1.085e+00  1.117e+00  1.145e+00 	
 3.274e-04  1.060e-03  2.333e-03  4.229e-03  6.876e-03  1.040e-02  1.492e-02  2.055e-02  2.741e-02  3.559e-02  4.518e-02  5.625e-02  6.888e-02  8.312e-02  9.900e-02  1.166e-01  1.359e-01  1.569e-01  1.796e-01  2.041e-01  2.302e-01  2.580e-01  2.875e-01  3.185e-01  3.511e-01  3.851e-01  4.204e-01  4.570e-01  4.948e-01  5.337e-01  5.736e-01  6.144e-01  6.560e-01  6.982e-01  7.410e-01  7.843e-01  8.279e-01  8.718e-01  9.159e-01  9.601e-01  1.004e+00  1.048e+00  1.092e+00  1.135e+00  1.177e+00  1.219e+00  1.258e+00  1.295e+00  1.329e+00  1.359e+00 	
 3.800e-04  1.246e-03  2.782e-03  5.111e-03  8.411e-03  1.285e-02  1.860e-02  2.582e-02  3.464e-02  4.520e-02  5.762e-02  7.198e-02  8.838e-02  1.069e-01  1.275e-01  1.503e-01  1.753e-01  2.025e-01  2.319e-01  2.633e-01  2.969e-01  3.323e-01  3.697e-01  4.088e-01  4.495e-01  4.917e-01  5.353e-01  5.801e-01  6.259e-01  6.726e-01  7.200e-01  7.681e-01  8.165e-01  8.652e-01  9.141e-01  9.629e-01  1.012e+00  1.060e+00  1.108e+00  1.156e+00  1.203e+00  1.250e+00  1.296e+00  1.341e+00  1.384e+00  1.426e+00  1.466e+00  1.504e+00  1.538e+00  1.567e+00 	
 4.421e-04  1.474e-03  3.341e-03  6.230e-03  1.038e-02  1.603e-02  2.341e-02  3.271e-02  4.413e-02  5.783e-02  7.397e-02  9.266e-02  1.140e-01  1.380e-01  1.648e-01  1.944e-01  2.266e-01  2.616e-01  2.991e-01  3.391e-01  3.814e-01  4.258e-01  4.722e-01  5.204e-01  5.701e-01  6.210e-01  6.731e-01  7.260e-01  7.795e-01  8.335e-01  8.876e-01  9.417e-01  9.956e-01  1.049e+00  1.102e+00  1.155e+00  1.207e+00  1.257e+00  1.307e+00  1.356e+00  1.404e+00  1.451e+00  1.496e+00  1.540e+00  1.583e+00  1.623e+00  1.661e+00  1.697e+00  1.729e+00  1.757e+00 	
 5.161e-04  1.753e-03  4.047e-03  7.665e-03  1.294e-02  2.019e-02  2.971e-02  4.177e-02  5.663e-02  7.448e-02  9.551e-02  1.198e-01  1.476e-01  1.788e-01  2.134e-01  2.513e-01  2.926e-01  3.369e-01  3.842e-01  4.341e-01  4.864e-01  5.407e-01  5.968e-01  6.543e-01  7.130e-01  7.724e-01  8.322e-01  8.922e-01  9.521e-01  1.012e+00  1.070e+00  1.129e+00  1.186e+00  1.242e+00  1.296e+00  1.350e+00  1.402e+00  1.452e+00  1.501e+00  1.549e+00  1.595e+00  1.639e+00  1.682e+00  1.722e+00  1.762e+00  1.799e+00  1.834e+00  1.866e+00  1.895e+00  1.921e+00 	
 6.049e-04  2.100e-03  4.946e-03  9.523e-03  1.628e-02  2.565e-02  3.802e-02  5.375e-02  7.313e-02  9.644e-02  1.238e-01  1.555e-01  1.914e-01  2.316e-01  2.759e-01  3.242e-01  3.761e-01  4.314e-01  4.896e-01  5.504e-01  6.132e-01  6.777e-01  7.432e-01  8.095e-01  8.760e-01  9.423e-01  1.008e+00  1.073e+00  1.137e+00  1.199e+00  1.260e+00  1.320e+00  1.377e+00  1.432e+00  1.486e+00  1.537e+00  1.587e+00  1.634e+00  1.680e+00  1.724e+00  1.765e+00  1.805e+00  1.843e+00  1.880e+00  1.914e+00  1.946e+00  1.977e+00  2.005e+00  2.031e+00  2.054e+00 	
 7.126e-04  2.537e-03  6.105e-03  1.195e-02  2.069e-02  3.287e-02  4.903e-02  6.959e-02  9.494e-02  1.254e-01  1.610e-01  2.020e-01  2.482e-01  2.994e-01  3.554e-01  4.157e-01  4.797e-01  5.470e-01  6.169e-01  6.886e-01  7.616e-01  8.352e-01  9.089e-01  9.820e-01  1.054e+00  1.125e+00  1.194e+00  1.260e+00  1.325e+00  1.387e+00  1.447e+00  1.504e+00  1.559e+00  1.611e+00  1.661e+00  1.708e+00  1.753e+00  1.795e+00  1.835e+00  1.874e+00  1.910e+00  1.944e+00  1.977e+00  2.008e+00  2.037e+00  2.064e+00  2.090e+00  2.114e+00  2.136e+00  2.156e+00 	
 8.445e-04  3.093e-03  7.613e-03  1.515e-02  2.652e-02  4.246e-02  6.363e-02  9.058e-02  1.237e-01  1.633e-01  2.095e-01  2.620e-01  3.208e-01  3.851e-01  4.545e-01  5.281e-01  6.051e-01  6.846e-01  7.656e-01  8.473e-01  9.287e-01  1.009e+00  1.088e+00  1.165e+00  1.240e+00  1.311e+00  1.380e+00  1.445e+00  1.507e+00  1.566e+00  1.621e+00  1.674e+00  1.723e+00  1.770e+00  1.813e+00  1.855e+00  1.893e+00  1.930e+00  1.964e+00  1.996e+00  2.026e+00  2.055e+00  2.082e+00  2.107e+00  2.131e+00  2.153e+00  2.174e+00  2.194e+00  2.213e+00  2.230e+00 	
 1.008e-03  3.810e-03  9.595e-03  1.939e-02  3.427e-02  5.521e-02  8.302e-02  1.183e-01  1.615e-01  2.128e-01  2.720e-01  3.387e-01  4.121e-01  4.914e-01  5.753e-01  6.628e-01  7.524e-01  8.429e-01  9.332e-01  1.022e+00  1.109e+00  1.193e+00  1.274e+00  1.351e+00  1.424e+00  1.492e+00  1.557e+00  1.617e+00  1.674e+00  1.727e+00  1.776e+00  1.822e+00  1.864e+00  1.904e+00  1.941e+00  1.975e+00  2.007e+00  2.037e+00  2.065e+00  2.091e+00  2.116e+00  2.139e+00  2.160e+00  2.180e+00  2.199e+00  2.217e+00  2.234e+00  2.250e+00  2.265e+00  2.280e+00 	
 1.214e-03  4.743e-03  1.222e-02  2.503e-02  4.462e-02  7.219e-02  1.087e-01  1.549e-01  2.110e-01  2.768e-01  3.518e-01  4.349e-01  5.248e-01  6.199e-01  7.184e-01  8.187e-01  9.190e-01  1.018e+00  1.114e+00  1.207e+00  1.295e+00  1.378e+00  1.456e+00  1.529e+00  1.597e+00  1.659e+00  1.717e+00  1.770e+00  1.819e+00  1.865e+00  1.906e+00  1.944e+00  1.979e+00  2.012e+00  2.042e+00  2.069e+00  2.095e+00  2.119e+00  2.141e+00  2.161e+00  2.181e+00  2.199e+00  2.215e+00  2.231e+00  2.246e+00  2.260e+00  2.274e+00  2.287e+00  2.299e+00  2.311e+00 	
 1.475e-03  5.970e-03  1.572e-02  3.259e-02  5.846e-02  9.483e-02  1.428e-01  2.029e-01  2.750e-01  3.584e-01  4.517e-01  5.530e-01  6.600e-01  7.705e-01  8.820e-01  9.923e-01  1.100e+00  1.203e+00  1.300e+00  1.391e+00  1.476e+00  1.555e+00  1.626e+00  1.692e+00  1.751e+00  1.805e+00  1.855e+00  1.899e+00  1.940e+00  1.977e+00  2.010e+00  2.041e+00  2.068e+00  2.094e+00  2.117e+00  2.139e+00  2.159e+00  2.177e+00  2.194e+00  2.210e+00  2.225e+00  2.239e+00  2.252e+00  2.264e+00  2.276e+00  2.287e+00  2.297e+00  2.308e+00  2.318e+00  2.328e+00 	
 1.812e-03  7.599e-03  2.041e-02  4.274e-02  7.700e-02  1.249e-01  1.876e-01  2.652e-01  3.568e-01  4.605e-01  5.739e-01  6.939e-01  8.171e-01  9.404e-01  1.061e+00  1.177e+00  1.286e+00  1.388e+00  1.482e+00  1.567e+00  1.644e+00  1.714e+00  1.776e+00  1.832e+00  1.882e+00  1.927e+00  1.967e+00  2.002e+00  2.034e+00  2.063e+00  2.089e+00  2.113e+00  2.134e+00  2.154e+00  2.171e+00  2.188e+00  2.203e+00  2.217e+00  2.230e+00  2.242e+00  2.253e+00  2.264e+00  2.274e+00  2.283e+00  2.292e+00  2.300e+00  2.309e+00  2.317e+00  2.325e+00  2.334e+00 	
 2.251e-03  9.780e-03  2.673e-02  5.642e-02  1.018e-01  1.649e-01  2.463e-01  3.452e-01  4.594e-01  5.855e-01  7.193e-01  8.563e-01  9.925e-01  1.124e+00  1.249e+00  1.364e+00  1.470e+00  1.565e+00  1.650e+00  1.726e+00  1.792e+00  1.851e+00  1.902e+00  1.948e+00  1.987e+00  2.022e+00  2.053e+00  2.081e+00  2.105e+00  2.127e+00  2.146e+00  2.164e+00  2.180e+00  2.194e+00  2.208e+00  2.220e+00  2.231e+00  2.241e+00  2.251e+00  2.260e+00  2.269e+00  2.277e+00  2.284e+00  2.291e+00  2.298e+00  2.305e+00  2.311e+00  2.318e+00  2.325e+00  2.333e+00 	
 2.831e-03  1.272e-02  3.530e-02  7.487e-02  1.350e-01  2.175e-01  3.221e-01  4.461e-01  5.853e-01  7.340e-01  8.861e-01  1.036e+00  1.180e+00  1.313e+00  1.435e+00  1.544e+00  1.640e+00  1.725e+00  1.798e+00  1.861e+00  1.916e+00  1.963e+00  2.003e+00  2.038e+00  2.068e+00  2.094e+00  2.117e+00  2.138e+00  2.155e+00  2.171e+00  2.185e+00  2.198e+00  2.210e+00  2.220e+00  2.230e+00  2.239e+00  2.247e+00  2.255e+00  2.262e+00  2.268e+00  2.275e+00  2.281e+00  2.287e+00  2.292e+00  2.297e+00  2.303e+00  2.308e+00  2.313e+00  2.319e+00  2.326e+00 	
 3.606e-03  1.672e-02  4.694e-02  9.977e-02  1.792e-01  2.862e-01  4.185e-01  5.706e-01  7.351e-01  9.039e-01  1.070e+00  1.226e+00  1.370e+00  1.498e+00  1.610e+00  1.708e+00  1.791e+00  1.861e+00  1.921e+00  1.971e+00  2.013e+00  2.049e+00  2.079e+00  2.105e+00  2.127e+00  2.146e+00  2.162e+00  2.176e+00  2.189e+00  2.200e+00  2.210e+00  2.219e+00  2.227e+00  2.234e+00  2.241e+00  2.248e+00  2.254e+00  2.259e+00  2.265e+00  2.270e+00  2.274e+00  2.279e+00  2.283e+00  2.288e+00  2.292e+00  2.296e+00  2.300e+00  2.305e+00  2.310e+00  2.315e+00 	
 4.652e-03  2.219e-02  6.282e-02  1.334e-01  2.377e-01  3.747e-01  5.386e-01  7.196e-01  9.069e-01  1.090e+00  1.262e+00  1.417e+00  1.552e+00  1.669e+00  1.767e+00  1.849e+00  1.916e+00  1.972e+00  2.018e+00  2.056e+00  2.087e+00  2.113e+00  2.134e+00  2.152e+00  2.167e+00  2.180e+00  2.191e+00  2.201e+00  2.209e+00  2.217e+00  2.223e+00  2.230e+00  2.235e+00  2.240e+00  2.245e+00  2.250e+00  2.254e+00  2.258e+00  2.262e+00  2.266e+00  2.269e+00  2.273e+00  2.276e+00  2.280e+00  2.283e+00  2.286e+00  2.290e+00  2.294e+00  2.298e+00  2.303e+00 	
 6.079e-03  2.970e-02  8.451e-02  1.785e-01  3.142e-01  4.866e-01  6.839e-01  8.915e-01  1.095e+00  1.285e+00  1.453e+00  1.597e+00  1.718e+00  1.818e+00  1.899e+00  1.964e+00  2.016e+00  2.058e+00  2.091e+00  2.118e+00  2.140e+00  2.157e+00  2.172e+00  2.183e+00  2.193e+00  2.201e+00  2.208e+00  2.214e+00  2.220e+00  2.225e+00  2.229e+00  2.233e+00  2.237e+00  2.240e+00  2.244e+00  2.247e+00  2.250e+00  2.253e+00  2.256e+00  2.259e+00  2.261e+00  2.264e+00  2.267e+00  2.269e+00  2.272e+00  2.275e+00  2.278e+00  2.281e+00  2.285e+00  2.289e+00 	
 8.047e-03  4.010e-02  1.142e-01  2.387e-01  4.129e-01  6.242e-01  8.537e-01  1.081e+00  1.292e+00  1.477e+00  1.632e+00  1.759e+00  1.861e+00  1.941e+00  2.004e+00  2.053e+00  2.091e+00  2.120e+00  2.143e+00  2.161e+00  2.175e+00  2.186e+00  2.195e+00  2.202e+00  2.208e+00  2.212e+00  2.217e+00  2.220e+00  2.223e+00  2.226e+00  2.229e+00  2.231e+00  2.234e+00  2.236e+00  2.238e+00  2.240e+00  2.243e+00  2.245e+00  2.247e+00  2.249e+00  2.251e+00  2.253e+00  2.256e+00  2.258e+00  2.260e+00  2.262e+00  2.265e+00  2.268e+00  2.271e+00  2.275e+00 	
 1.079e-02  5.455e-02  1.547e-01  3.184e-01  5.373e-01  7.882e-01  1.044e+00  1.281e+00  1.486e+00  1.656e+00  1.791e+00  1.896e+00  1.977e+00  2.038e+00  2.084e+00  2.118e+00  2.144e+00  2.164e+00  2.178e+00  2.189e+00  2.197e+00  2.203e+00  2.208e+00  2.211e+00  2.214e+00  2.216e+00  2.218e+00  2.220e+00  2.221e+00  2.223e+00  2.224e+00  2.226e+00  2.227e+00  2.229e+00  2.230e+00  2.232e+00  2.233e+00  2.235e+00  2.237e+00  2.238e+00  2.240e+00  2.242e+00  2.244e+00  2.245e+00  2.247e+00  2.249e+00  2.252e+00  2.254e+00  2.257e+00  2.260e+00 	
 1.464e-02  7.475e-02  2.099e-01  4.220e-01  6.896e-01  9.756e-01  1.245e+00  1.478e+00  1.667e+00  1.813e+00  1.924e+00  2.006e+00  2.066e+00  2.110e+00  2.141e+00  2.164e+00  2.180e+00  2.191e+00  2.199e+00  2.204e+00  2.208e+00  2.211e+00  2.212e+00  2.214e+00  2.214e+00  2.215e+00  2.215e+00  2.216e+00  2.216e+00  2.217e+00  2.217e+00  2.218e+00  2.219e+00  2.220e+00  2.221e+00  2.222e+00  2.223e+00  2.224e+00  2.226e+00  2.227e+00  2.229e+00  2.230e+00  2.231e+00  2.233e+00  2.235e+00  2.236e+00  2.238e+00  2.240e+00  2.243e+00  2.246e+00 	
 2.011e-02  1.031e-01  2.844e-01  5.539e-01  8.694e-01  1.179e+00  1.448e+00  1.663e+00  1.825e+00  1.944e+00  2.029e+00  2.089e+00  2.131e+00  2.159e+00  2.179e+00  2.192e+00  2.201e+00  2.207e+00  2.210e+00  2.211e+00  2.212e+00  2.212e+00  2.212e+00  2.211e+00  2.211e+00  2.210e+00  2.209e+00  2.209e+00  2.209e+00  2.209e+00  2.209e+00  2.209e+00  2.209e+00  2.210e+00  2.211e+00  2.211e+00  2.212e+00  2.213e+00  2.214e+00  2.216e+00  2.217e+00  2.218e+00  2.219e+00  2.220e+00  2.222e+00  2.223e+00  2.225e+00  2.227e+00  2.229e+00  2.232e+00 	
 2.797e-02  1.430e-01  3.838e-01  7.165e-01  1.072e+00  1.388e+00  1.639e+00  1.824e+00  1.955e+00  2.045e+00  2.106e+00  2.147e+00  2.174e+00  2.192e+00  2.203e+00  2.209e+00  2.212e+00  2.213e+00  2.213e+00  2.212e+00  2.211e+00  2.209e+00  2.207e+00  2.206e+00  2.204e+00  2.203e+00  2.202e+00  2.201e+00  2.200e+00  2.200e+00  2.199e+00  2.199e+00  2.199e+00  2.200e+00  2.200e+00  2.201e+00  2.201e+00  2.202e+00  2.203e+00  2.204e+00  2.205e+00  2.206e+00  2.207e+00  2.208e+00  2.210e+00  2.211e+00  2.212e+00  2.214e+00  2.216e+00  2.219e+00 	
 3.940e-02  1.990e-01  5.138e-01  9.091e-01  1.287e+00  1.590e+00  1.808e+00  1.957e+00  2.056e+00  2.120e+00  2.161e+00  2.186e+00  2.202e+00  2.210e+00  2.215e+00  2.216e+00  2.215e+00  2.214e+00  2.211e+00  2.209e+00  2.206e+00  2.203e+00  2.200e+00  2.198e+00  2.196e+00  2.194e+00  2.193e+00  2.191e+00  2.190e+00  2.190e+00  2.189e+00  2.189e+00  2.189e+00  2.189e+00  2.189e+00  2.190e+00  2.191e+00  2.191e+00  2.192e+00  2.193e+00  2.194e+00  2.194e+00  2.195e+00  2.196e+00  2.198e+00  2.199e+00  2.200e+00  2.202e+00  2.204e+00  2.206e+00 	
 5.620e-02  2.775e-01  6.787e-01  1.126e+00  1.502e+00  1.771e+00  1.948e+00  2.060e+00  2.129e+00  2.171e+00  2.196e+00  2.209e+00  2.216e+00  2.219e+00  2.218e+00  2.216e+00  2.213e+00  2.210e+00  2.206e+00  2.202e+00  2.198e+00  2.195e+00  2.192e+00  2.189e+00  2.187e+00  2.185e+00  2.183e+00  2.182e+00  2.181e+00  2.180e+00  2.179e+00  2.179e+00  2.179e+00  2.179e+00  2.179e+00  2.179e+00  2.180e+00  2.180e+00  2.181e+00  2.182e+00  2.183e+00  2.183e+00  2.184e+00  2.185e+00  2.186e+00  2.187e+00  2.188e+00  2.190e+00  2.191e+00  2.194e+00 	
 8.118e-02  3.861e-01  8.793e-01  1.354e+00  1.702e+00  1.924e+00  2.056e+00  2.134e+00  2.178e+00  2.203e+00  2.215e+00  2.221e+00  2.222e+00  2.220e+00  2.217e+00  2.212e+00  2.208e+00  2.203e+00  2.198e+00  2.194e+00  2.190e+00  2.186e+00  2.183e+00  2.180e+00  2.177e+00  2.175e+00  2.173e+00  2.172e+00  2.171e+00  2.170e+00  2.169e+00  2.169e+00  2.169e+00  2.169e+00  2.169e+00  2.169e+00  2.170e+00  2.170e+00  2.171e+00  2.171e+00  2.172e+00  2.173e+00  2.173e+00  2.174e+00  2.175e+00  2.176e+00  2.177e+00  2.178e+00  2.180e+00  2.182e+00 	
 1.187e-01  5.329e-01  1.110e+00  1.579e+00  1.875e+00  2.042e+00  2.134e+00  2.183e+00  2.208e+00  2.220e+00  2.224e+00  2.224e+00  2.221e+00  2.216e+00  2.211e+00  2.205e+00  2.200e+00  2.194e+00  2.189e+00  2.184e+00  2.180e+00  2.176e+00  2.173e+00  2.170e+00  2.167e+00  2.165e+00  2.164e+00  2.162e+00  2.161e+00  2.160e+00  2.160e+00  2.159e+00  2.159e+00  2.159e+00  2.159e+00  2.159e+00  2.160e+00  2.160e+00  2.161e+00  2.161e+00  2.162e+00  2.162e+00  2.163e+00  2.164e+00  2.165e+00  2.165e+00  2.166e+00  2.167e+00  2.169e+00  2.171e+00 	
 1.753e-01  7.241e-01  1.358e+00  1.782e+00  2.012e+00  2.128e+00  2.185e+00  2.212e+00  2.223e+00  2.227e+00  2.225e+00  2.221e+00  2.215e+00  2.209e+00  2.203e+00  2.196e+00  2.190e+00  2.184e+00  2.179e+00  2.175e+00  2.170e+00  2.166e+00  2.163e+00  2.160e+00  2.158e+00  2.156e+00  2.154e+00  2.153e+00  2.152e+00  2.151e+00  2.150e+00  2.150e+00  2.150e+00  2.150e+00  2.150e+00  2.150e+00  2.150e+00  2.151e+00  2.151e+00  2.152e+00  2.152e+00  2.153e+00  2.153e+00  2.154e+00  2.155e+00  2.155e+00  2.156e+00  2.157e+00  2.158e+00  2.160e+00 	
 2.605e-01  9.597e-01  1.601e+00  1.950e+00  2.112e+00  2.184e+00  2.215e+00  2.226e+00  2.228e+00  2.226e+00  2.220e+00  2.214e+00  2.207e+00  2.200e+00  2.193e+00  2.186e+00  2.180e+00  2.174e+00  2.169e+00  2.165e+00  2.160e+00  2.157e+00  2.154e+00  2.151e+00  2.149e+00  2.147e+00  2.145e+00  2.144e+00  2.143e+00  2.142e+00  2.141e+00  2.141e+00  2.141e+00  2.141e+00  2.141e+00  2.141e+00  2.141e+00  2.142e+00  2.142e+00  2.143e+00  2.143e+00  2.144e+00  2.144e+00  2.145e+00  2.145e+00  2.146e+00  2.147e+00  2.147e+00  2.148e+00  2.150e+00 	
 3.866e-01  1.228e+00  1.818e+00  2.077e+00  2.178e+00  2.216e+00  2.228e+00  2.230e+00  2.226e+00  2.220e+00  2.212e+00  2.205e+00  2.197e+00  2.189e+00  2.182e+00  2.176e+00  2.170e+00  2.164e+00  2.159e+00  2.155e+00  2.151e+00  2.147e+00  2.144e+00  2.142e+00  2.140e+00  2.138e+00  2.136e+00  2.135e+00  2.134e+00  2.133e+00  2.133e+00  2.133e+00  2.132e+00  2.132e+00  2.132e+00  2.133e+00  2.133e+00  2.133e+00  2.134e+00  2.134e+00  2.134e+00  2.135e+00  2.135e+00  2.136e+00  2.136e+00  2.137e+00  2.137e+00  2.138e+00  2.139e+00  2.140e+00 	
 5.662e-01  1.504e+00  1.993e+00  2.162e+00  2.216e+00  2.231e+00  2.231e+00  2.226e+00  2.219e+00  2.210e+00  2.202e+00  2.194e+00  2.186e+00  2.179e+00  2.172e+00  2.165e+00  2.159e+00  2.154e+00  2.149e+00  2.145e+00  2.141e+00  2.138e+00  2.135e+00  2.133e+00  2.131e+00  2.129e+00  2.128e+00  2.127e+00  2.126e+00  2.125e+00  2.125e+00  2.125e+00  2.124e+00  2.124e+00  2.124e+00  2.125e+00  2.125e+00  2.125e+00  2.125e+00  2.126e+00  2.126e+00  2.126e+00  2.127e+00  2.127e+00  2.128e+00  2.128e+00  2.129e+00  2.129e+00  2.130e+00  2.131e+00 	
 8.062e-01  1.759e+00  2.117e+00  2.213e+00  2.234e+00  2.233e+00  2.226e+00  2.218e+00  2.209e+00  2.200e+00  2.191e+00  2.183e+00  2.175e+00  2.168e+00  2.161e+00  2.155e+00  2.149e+00  2.144e+00  2.140e+00  2.136e+00  2.132e+00  2.129e+00  2.127e+00  2.125e+00  2.123e+00  2.121e+00  2.120e+00  2.119e+00  2.118e+00  2.118e+00  2.117e+00  2.117e+00  2.117e+00  2.117e+00  2.117e+00  2.117e+00  2.117e+00  2.117e+00  2.118e+00  2.118e+00  2.118e+00  2.119e+00  2.119e+00  2.119e+00  2.120e+00  2.120e+00  2.120e+00  2.121e+00  2.122e+00  2.123e+00 	
 1.098e+00  1.965e+00  2.195e+00  2.237e+00  2.237e+00  2.228e+00  2.217e+00  2.207e+00  2.197e+00  2.188e+00  2.179e+00  2.171e+00  2.164e+00  2.157e+00  2.151e+00  2.145e+00  2.140e+00  2.135e+00  2.131e+00  2.127e+00  2.124e+00  2.121e+00  2.119e+00  2.117e+00  2.115e+00  2.114e+00  2.112e+00  2.112e+00  2.111e+00  2.110e+00  2.110e+00  2.110e+00  2.110e+00  2.110e+00  2.110e+00  2.110e+00  2.110e+00  2.110e+00  2.110e+00  2.111e+00  2.111e+00  2.111e+00  2.111e+00  2.112e+00  2.112e+00  2.112e+00  2.112e+00  2.113e+00  2.114e+00  2.114e+00 	
 1.410e+00  2.114e+00  2.237e+00  2.243e+00  2.232e+00  2.218e+00  2.206e+00  2.195e+00  2.185e+00  2.176e+00  2.168e+00  2.160e+00  2.153e+00  2.146e+00  2.141e+00  2.135e+00  2.130e+00  2.126e+00  2.122e+00  2.119e+00  2.116e+00  2.113e+00  2.111e+00  2.109e+00  2.108e+00  2.106e+00  2.105e+00  2.105e+00  2.104e+00  2.104e+00  2.103e+00  2.103e+00  2.103e+00  2.103e+00  2.103e+00  2.103e+00  2.103e+00  2.103e+00  2.103e+00  2.104e+00  2.104e+00  2.104e+00  2.104e+00  2.104e+00  2.105e+00  2.105e+00  2.105e+00  2.105e+00  2.106e+00  2.107e+00 	
 1.700e+00  2.207e+00  2.252e+00  2.239e+00  2.221e+00  2.206e+00  2.193e+00  2.182e+00  2.173e+00  2.164e+00  2.156e+00  2.149e+00  2.143e+00  2.137e+00  2.131e+00  2.126e+00  2.122e+00  2.118e+00  2.114e+00  2.111e+00  2.108e+00  2.106e+00  2.104e+00  2.102e+00  2.101e+00  2.100e+00  2.099e+00  2.098e+00  2.097e+00  2.097e+00  2.097e+00  2.097e+00  2.096e+00  2.096e+00  2.096e+00  2.097e+00  2.097e+00  2.097e+00  2.097e+00  2.097e+00  2.097e+00  2.097e+00  2.097e+00  2.097e+00  2.098e+00  2.098e+00  2.098e+00  2.098e+00  2.099e+00  2.099e+00 	
 1.931e+00  2.258e+00  2.252e+00  2.228e+00  2.209e+00  2.193e+00  2.181e+00  2.170e+00  2.161e+00  2.153e+00  2.146e+00  2.139e+00  2.133e+00  2.127e+00  2.122e+00  2.118e+00  2.114e+00  2.110e+00  2.107e+00  2.104e+00  2.101e+00  2.099e+00  2.097e+00  2.096e+00  2.094e+00  2.093e+00  2.093e+00  2.092e+00  2.091e+00  2.091e+00  2.091e+00  2.091e+00  2.090e+00  2.090e+00  2.090e+00  2.090e+00  2.090e+00  2.091e+00  2.091e+00  2.091e+00  2.091e+00  2.091e+00  2.091e+00  2.091e+00  2.091e+00  2.091e+00  2.091e+00  2.091e+00  2.092e+00  2.092e+00 	
 2.090e+00  2.278e+00  2.243e+00  2.215e+00  2.195e+00  2.180e+00  2.168e+00  2.159e+00  2.150e+00  2.142e+00  2.136e+00  2.129e+00  2.124e+00  2.119e+00  2.114e+00  2.110e+00  2.106e+00  2.103e+00  2.100e+00  2.097e+00  2.095e+00  2.093e+00  2.091e+00  2.090e+00  2.088e+00  2.087e+00  2.087e+00  2.086e+00  2.086e+00  2.085e+00  2.085e+00  2.085e+00  2.085e+00  2.085e+00  2.085e+00  2.085e+00  2.085e+00  2.085e+00  2.085e+00  2.085e+00  2.085e+00  2.085e+00  2.085e+00  2.085e+00  2.085e+00  2.085e+00  2.085e+00  2.085e+00  2.085e+00  2.086e+00 	
 2.186e+00  2.279e+00  2.229e+00  2.201e+00  2.182e+00  2.168e+00  2.157e+00  2.147e+00  2.139e+00  2.132e+00  2.126e+00  2.120e+00  2.115e+00  2.110e+00  2.106e+00  2.102e+00  2.099e+00  2.096e+00  2.093e+00  2.090e+00  2.088e+00  2.087e+00  2.085e+00  2.084e+00  2.083e+00  2.082e+00  2.081e+00  2.081e+00  2.080e+00  2.080e+00  2.080e+00  2.079e+00  2.079e+00  2.079e+00  2.079e+00  2.079e+00  2.079e+00  2.079e+00  2.079e+00  2.079e+00  2.079e+00  2.079e+00  2.079e+00  2.079e+00  2.079e+00  2.079e+00  2.079e+00  2.079e+00  2.079e+00  2.079e+00 	
 2.233e+00  2.270e+00  2.214e+00  2.187e+00  2.169e+00  2.156e+00  2.146e+00  2.137e+00  2.130e+00  2.123e+00  2.117e+00  2.112e+00  2.107e+00  2.103e+00  2.099e+00  2.095e+00  2.092e+00  2.089e+00  2.087e+00  2.084e+00  2.083e+00  2.081e+00  2.080e+00  2.078e+00  2.077e+00  2.077e+00  2.076e+00  2.075e+00  2.075e+00  2.075e+00  2.074e+00  2.074e+00  2.074e+00  2.074e+00  2.074e+00  2.074e+00  2.074e+00  2.074e+00  2.074e+00  2.074e+00  2.074e+00  2.074e+00  2.074e+00  2.073e+00  2.073e+00  2.073e+00  2.073e+00  2.073e+00  2.073e+00  2.073e+00 	
 2.251e+00  2.256e+00  2.199e+00  2.174e+00  2.157e+00  2.145e+00  2.135e+00  2.127e+00  2.120e+00  2.114e+00  2.109e+00  2.104e+00  2.100e+00  2.096e+00  2.092e+00  2.089e+00  2.086e+00  2.083e+00  2.081e+00  2.079e+00  2.077e+00  2.076e+00  2.074e+00  2.073e+00  2.072e+00  2.072e+00  2.071e+00  2.070e+00  2.070e+00  2.070e+00  2.070e+00  2.069e+00  2.069e+00  2.069e+00  2.069e+00  2.069e+00  2.069e+00  2.069e+00  2.069e+00  2.069e+00  2.069e+00  2.068e+00  2.068e+00  2.068e+00  2.068e+00  2.068e+00  2.068e+00  2.068e+00  2.068e+00  2.068e+00 	
 2.251e+00  2.240e+00  2.185e+00  2.162e+00  2.146e+00  2.134e+00  2.125e+00  2.118e+00  2.112e+00  2.106e+00  2.101e+00  2.097e+00  2.093e+00  2.089e+00  2.086e+00  2.083e+00  2.080e+00  2.077e+00  2.075e+00  2.073e+00  2.072e+00  2.071e+00  2.069e+00  2.068e+00  2.068e+00  2.067e+00  2.066e+00  2.066e+00  2.065e+00  2.065e+00  2.065e+00  2.065e+00  2.065e+00  2.064e+00  2.064e+00  2.064e+00  2.064e+00  2.064e+00  2.064e+00  2.064e+00  2.064e+00  2.064e+00  2.063e+00  2.063e+00  2.063e+00  2.063e+00  2.063e+00  2.063e+00  2.062e+00  2.062e+00 	
 2.242e+00  2.224e+00  2.172e+00  2.150e+00  2.135e+00  2.125e+00  2.116e+00  2.110e+00  2.104e+00  2.099e+00  2.094e+00  2.090e+00  2.086e+00  2.083e+00  2.080e+00  2.077e+00  2.074e+00  2.072e+00  2.070e+00  2.068e+00  2.067e+00  2.066e+00  2.065e+00  2.064e+00  2.063e+00  2.062e+00  2.062e+00  2.061e+00  2.061e+00  2.061e+00  2.061e+00  2.060e+00  2.060e+00  2.060e+00  2.060e+00  2.060e+00  2.060e+00  2.060e+00  2.059e+00  2.059e+00  2.059e+00  2.059e+00  2.059e+00  2.059e+00  2.058e+00  2.058e+00  2.058e+00  2.058e+00  2.058e+00  2.057e+00 	
 2.229e+00  2.209e+00  2.160e+00  2.139e+00  2.126e+00  2.116e+00  2.108e+00  2.102e+00  2.096e+00  2.092e+00  2.087e+00  2.084e+00  2.080e+00  2.077e+00  2.074e+00  2.071e+00  2.069e+00  2.067e+00  2.065e+00  2.064e+00  2.062e+00  2.061e+00  2.060e+00  2.060e+00  2.059e+00  2.058e+00  2.058e+00  2.057e+00  2.057e+00  2.057e+00  2.056e+00  2.056e+00  2.056e+00  2.056e+00  2.056e+00  2.056e+00  2.055e+00  2.055e+00  2.055e+00  2.055e+00  2.055e+00  2.055e+00  2.055e+00  2.054e+00  2.054e+00  2.054e+00  2.054e+00  2.053e+00  2.053e+00  2.052e+00 	
 2.212e+00  2.195e+00  2.149e+00  2.130e+00  2.117e+00  2.108e+00  2.101e+00  2.095e+00  2.090e+00  2.085e+00  2.081e+00  2.078e+00  2.074e+00  2.071e+00  2.069e+00  2.066e+00  2.064e+00  2.063e+00  2.061e+00  2.059e+00  2.058e+00  2.057e+00  2.056e+00  2.055e+00  2.055e+00  2.054e+00  2.054e+00  2.053e+00  2.053e+00  2.053e+00  2.053e+00  2.052e+00  2.052e+00  2.052e+00  2.052e+00  2.052e+00  2.051e+00  2.051e+00  2.051e+00  2.051e+00  2.051e+00  2.051e+00  2.050e+00  2.050e+00  2.050e+00  2.050e+00  2.049e+00  2.049e+00  2.049e+00  2.048e+00 	
 2.191e+00  2.181e+00  2.139e+00  2.121e+00  2.109e+00  2.101e+00  2.094e+00  2.088e+00  2.083e+00  2.079e+00  2.076e+00  2.072e+00  2.069e+00  2.067e+00  2.064e+00  2.062e+00  2.060e+00  2.058e+00  2.057e+00  2.056e+00  2.054e+00  2.053e+00  2.053e+00  2.052e+00  2.051e+00  2.051e+00  2.050e+00  2.050e+00  2.050e+00  2.049e+00  2.049e+00  2.049e+00  2.049e+00  2.048e+00  2.048e+00  2.048e+00  2.048e+00  2.048e+00  2.048e+00  2.047e+00  2.047e+00  2.047e+00  2.047e+00  2.047e+00  2.046e+00  2.046e+00  2.046e+00  2.045e+00  2.044e+00  2.043e+00 	
 2.156e+00  2.163e+00  2.128e+00  2.112e+00  2.101e+00  2.093e+00  2.087e+00  2.082e+00  2.078e+00  2.074e+00  2.070e+00  2.067e+00  2.065e+00  2.062e+00  2.060e+00  2.058e+00  2.056e+00  2.055e+00  2.053e+00  2.052e+00  2.051e+00  2.050e+00  2.049e+00  2.049e+00  2.048e+00  2.048e+00  2.047e+00  2.047e+00  2.047e+00  2.046e+00  2.046e+00  2.046e+00  2.046e+00  2.045e+00  2.045e+00  2.045e+00  2.045e+00  2.045e+00  2.045e+00  2.044e+00  2.044e+00  2.044e+00  2.044e+00  2.044e+00  2.043e+00  2.043e+00  2.042e+00  2.041e+00  2.040e+00  2.039e+00 	
 2.084e+00  2.133e+00  2.109e+00  2.097e+00  2.088e+00  2.082e+00  2.076e+00  2.072e+00  2.068e+00  2.065e+00  2.062e+00  2.060e+00  2.057e+00  2.055e+00  2.053e+00  2.051e+00  2.050e+00  2.048e+00  2.047e+00  2.046e+00  2.045e+00  2.044e+00  2.044e+00  2.043e+00  2.043e+00  2.042e+00  2.042e+00  2.042e+00  2.041e+00  2.041e+00  2.041e+00  2.041e+00  2.040e+00  2.040e+00  2.040e+00  2.040e+00  2.039e+00  2.039e+00  2.039e+00  2.039e+00  2.039e+00  2.038e+00  2.038e+00  2.038e+00  2.037e+00  2.036e+00  2.035e+00  2.034e+00  2.032e+00  2.028e+00 	
