-3.136e-03 -2.201e-03 -2.621e-03 -3.867e-03 -5.306e-03 -6.701e-03 -8.005e-03 -9.206e-03 -1.026e-02 -1.127e-02 -1.220e-02 -1.306e-02 -1.386e-02 -1.438e-02 -1.455e-02 -1.405e-02 -1.063e-02 -6.765e-03 -1.951e-03  2.203e-03  4.450e-03  5.551e-03  5.125e-03  3.534e-03  2.435e-03  1.679e-03  1.157e-03  7.984e-04  7.299e-04  6.604e-04  5.920e-04  5.269e-04  4.662e-04  4.106e-04  3.602e-04  3.150e-04  2.748e-04  2.392e-04  2.078e-04  1.803e-04  1.562e-04  1.352e-04  1.169e-04  1.010e-04  8.716e-05  7.521e-05  6.486e-05  5.592e-05  4.819e-05  4.152e-05 	
-4.585e-03 -3.236e-03 -3.793e-03 -5.549e-03 -7.596e-03 -9.585e-03 -1.145e-02 -1.316e-02 -1.467e-02 -1.611e-02 -1.745e-02 -1.869e-02 -1.985e-02 -2.063e-02 -2.097e-02 -2.040e-02 -1.572e-02 -1.041e-02 -3.621e-03  2.746e-03  6.244e-03  7.985e-03  7.428e-03  5.125e-03  3.535e-03  2.438e-03  1.681e-03  1.161e-03  1.062e-03  9.612e-04  8.619e-04  7.672e-04  6.789e-04  5.980e-04  5.246e-04  4.588e-04  4.002e-04  3.484e-04  3.027e-04  2.625e-04  2.275e-04  1.968e-04  1.702e-04  1.470e-04  1.269e-04  1.095e-04  9.447e-05  8.144e-05  7.018e-05  6.046e-05 	
-6.646e-03 -4.732e-03 -5.447e-03 -7.894e-03 -1.078e-02 -1.359e-02 -1.623e-02 -1.866e-02 -2.079e-02 -2.284e-02 -2.474e-02 -2.652e-02 -2.819e-02 -2.939e-02 -3.002e-02 -2.950e-02 -2.330e-02 -1.623e-02 -6.868e-03  3.004e-03  8.568e-03  1.140e-02  1.073e-02  7.416e-03  5.121e-03  3.535e-03  2.440e-03  1.686e-03  1.544e-03  1.398e-03  1.255e-03  1.117e-03  9.887e-04  8.709e-04  7.642e-04  6.683e-04  5.830e-04  5.074e-04  4.409e-04  3.824e-04  3.313e-04  2.867e-04  2.479e-04  2.142e-04  1.849e-04  1.595e-04  1.376e-04  1.186e-04  1.022e-04  8.806e-05 	
-9.434e-03 -6.816e-03 -7.709e-03 -1.107e-02 -1.509e-02 -1.902e-02 -2.272e-02 -2.612e-02 -2.912e-02 -3.200e-02 -3.467e-02 -3.719e-02 -3.959e-02 -4.139e-02 -4.257e-02 -4.231e-02 -3.449e-02 -2.558e-02 -1.317e-02  2.241e-03  1.130e-02  1.608e-02  1.542e-02  1.069e-02  7.399e-03  5.116e-03  3.536e-03  2.445e-03  2.243e-03  2.034e-03  1.826e-03  1.626e-03  1.440e-03  1.269e-03  1.113e-03  9.736e-04  8.493e-04  7.392e-04  6.422e-04  5.571e-04  4.826e-04  4.177e-04  3.611e-04  3.120e-04  2.693e-04  2.324e-04  2.004e-04  1.728e-04  1.489e-04  1.283e-04 	
-1.279e-02 -9.475e-03 -1.060e-02 -1.515e-02 -2.068e-02 -2.611e-02 -3.121e-02 -3.591e-02 -4.007e-02 -4.404e-02 -4.774e-02 -5.126e-02 -5.464e-02 -5.735e-02 -5.941e-02 -5.986e-02 -5.069e-02 -4.040e-02 -2.511e-02 -1.254e-03  1.376e-02  2.213e-02  2.195e-02  1.531e-02  1.064e-02  7.378e-03  5.110e-03  3.539e-03  3.254e-03  2.955e-03  2.656e-03  2.367e-03  2.097e-03  1.848e-03  1.622e-03  1.418e-03  1.237e-03  1.077e-03  9.357e-04  8.117e-04  7.031e-04  6.085e-04  5.260e-04  4.544e-04  3.923e-04  3.385e-04  2.919e-04  2.516e-04  2.168e-04  1.868e-04 	
-1.578e-02 -1.220e-02 -1.379e-02 -1.991e-02 -2.741e-02 -3.480e-02 -4.173e-02 -4.810e-02 -5.376e-02 -5.914e-02 -6.417e-02 -6.897e-02 -7.364e-02 -7.758e-02 -8.097e-02 -8.272e-02 -7.312e-02 -6.287e-02 -4.639e-02 -1.102e-02  1.386e-02  2.899e-02  3.061e-02  2.167e-02  1.518e-02  1.058e-02  7.354e-03  5.106e-03  4.713e-03  4.290e-03  3.861e-03  3.445e-03  3.053e-03  2.692e-03  2.363e-03  2.067e-03  1.803e-03  1.570e-03  1.364e-03  1.183e-03  1.025e-03  8.865e-04  7.664e-04  6.621e-04  5.715e-04  4.931e-04  4.252e-04  3.666e-04  3.159e-04  2.721e-04 	
-1.574e-02 -1.324e-02 -1.603e-02 -2.438e-02 -3.447e-02 -4.437e-02 -5.362e-02 -6.210e-02 -6.964e-02 -7.677e-02 -8.344e-02 -8.982e-02 -9.605e-02 -1.016e-01 -1.067e-01 -1.104e-01 -1.019e-01 -9.409e-02 -8.020e-02 -3.300e-02  6.298e-03  3.383e-02  4.083e-02  2.993e-02  2.135e-02  1.503e-02  1.051e-02  7.332e-03  6.806e-03  6.218e-03  5.609e-03  5.012e-03  4.446e-03  3.921e-03  3.443e-03  3.013e-03  2.628e-03  2.288e-03  1.988e-03  1.724e-03  1.493e-03  1.292e-03  1.117e-03  9.647e-04  8.328e-04  7.184e-04  6.195e-04  5.340e-04  4.602e-04  3.964e-04 	
-7.604e-03 -8.631e-03 -1.440e-02 -2.622e-02 -3.984e-02 -5.298e-02 -6.514e-02 -7.620e-02 -8.605e-02 -9.529e-02 -1.039e-01 -1.121e-01 -1.201e-01 -1.274e-01 -1.346e-01 -1.406e-01 -1.349e-01 -1.319e-01 -1.249e-01 -7.301e-02 -1.925e-02  2.760e-02  4.860e-02  3.919e-02  2.916e-02  2.098e-02  1.486e-02  1.045e-02  9.783e-03  8.988e-03  8.136e-03  7.286e-03  6.472e-03  5.713e-03  5.019e-03  4.393e-03  3.833e-03  3.336e-03  2.898e-03  2.514e-03  2.177e-03  1.884e-03  1.628e-03  1.406e-03  1.214e-03  1.047e-03  9.027e-04  7.781e-04  6.704e-04  5.775e-04 	
 1.577e-02  8.027e-03 -3.743e-03 -2.130e-02 -3.998e-02 -5.737e-02 -7.315e-02 -8.738e-02 -1.000e-01 -1.117e-01 -1.226e-01 -1.329e-01 -1.429e-01 -1.521e-01 -1.613e-01 -1.696e-01 -1.676e-01 -1.701e-01 -1.714e-01 -1.280e-01 -7.297e-02 -9.521e-03  3.974e-02  4.477e-02  3.738e-02  2.830e-02  2.058e-02  1.468e-02  1.395e-02  1.293e-02  1.177e-02  1.058e-02  9.418e-03  8.325e-03  7.319e-03  6.408e-03  5.593e-03  4.868e-03  4.229e-03  3.667e-03  3.176e-03  2.747e-03  2.374e-03  2.050e-03  1.769e-03  1.526e-03  1.316e-03  1.134e-03  9.770e-04  8.415e-04 	
 6.446e-02  4.530e-02  2.311e-02 -3.889e-03 -3.009e-02 -5.319e-02 -7.354e-02 -9.161e-02 -1.076e-01 -1.223e-01 -1.358e-01 -1.484e-01 -1.605e-01 -1.718e-01 -1.829e-01 -1.932e-01 -1.950e-01 -2.019e-01 -2.091e-01 -1.816e-01 -1.448e-01 -9.201e-02 -1.630e-02  3.169e-02  4.065e-02  3.539e-02  2.736e-02  2.015e-02  1.963e-02  1.847e-02  1.696e-02  1.533e-02  1.369e-02  1.213e-02  1.068e-02  9.355e-03  8.167e-03  7.109e-03  6.175e-03  5.354e-03  4.636e-03  4.009e-03  3.464e-03  2.991e-03  2.581e-03  2.226e-03  1.918e-03  1.653e-03  1.424e-03  1.226e-03 	
 1.626e-01  1.197e-01  7.803e-02  3.428e-02 -4.296e-03 -3.573e-02 -6.205e-02 -8.484e-02 -1.048e-01 -1.230e-01 -1.396e-01 -1.550e-01 -1.696e-01 -1.830e-01 -1.962e-01 -2.084e-01 -2.135e-01 -2.233e-01 -2.336e-01 -2.189e-01 -2.030e-01 -1.825e-01 -1.255e-01 -2.812e-02  2.347e-02  3.629e-02  3.326e-02  2.636e-02  2.689e-02  2.598e-02  2.425e-02  2.212e-02  1.988e-02  1.767e-02  1.559e-02  1.367e-02  1.194e-02  1.040e-02  9.028e-03  7.826e-03  6.775e-03  5.857e-03  5.059e-03  4.367e-03  3.767e-03  3.248e-03  2.799e-03  2.411e-03  2.077e-03  1.788e-03 	
 3.341e-01  2.654e-01  1.913e-01  1.145e-01  4.999e-02  2.395e-03 -3.378e-02 -6.326e-02 -8.822e-02 -1.107e-01 -1.310e-01 -1.497e-01 -1.672e-01 -1.833e-01 -1.988e-01 -2.131e-01 -2.213e-01 -2.333e-01 -2.456e-01 -2.384e-01 -2.332e-01 -2.315e-01 -2.136e-01 -1.319e-01 -3.901e-02  1.526e-02  3.175e-02  3.103e-02  3.486e-02  3.547e-02  3.410e-02  3.166e-02  2.875e-02  2.571e-02  2.276e-02  2.000e-02  1.748e-02  1.523e-02  1.322e-02  1.146e-02  9.916e-03  8.569e-03  7.398e-03  6.383e-03  5.504e-03  4.743e-03  4.086e-03  3.519e-03  3.030e-03  2.609e-03 	
 4.485e-01  4.251e-01  3.699e-01  2.775e-01  1.714e-01  8.538e-02  2.475e-02 -1.924e-02 -5.329e-02 -8.222e-02 -1.076e-01 -1.304e-01 -1.516e-01 -1.709e-01 -1.892e-01 -2.061e-01 -2.173e-01 -2.317e-01 -2.461e-01 -2.444e-01 -2.441e-01 -2.462e-01 -2.434e-01 -2.090e-01 -1.360e-01 -4.863e-02  7.298e-03  2.716e-02  3.958e-02  4.524e-02  4.626e-02  4.447e-02  4.119e-02  3.727e-02  3.321e-02  2.929e-02  2.565e-02  2.235e-02  1.941e-02  1.682e-02  1.455e-02  1.256e-02  1.084e-02  9.346e-03  8.053e-03  6.937e-03  5.973e-03  5.142e-03  4.425e-03  3.808e-03 	
 4.832e-01  4.703e-01  4.544e-01  4.219e-01  3.575e-01  2.580e-01  1.554e-01  7.442e-02  1.590e-02 -2.852e-02 -6.392e-02 -9.384e-02 -1.203e-01 -1.440e-01 -1.659e-01 -1.861e-01 -2.007e-01 -2.179e-01 -2.348e-01 -2.381e-01 -2.425e-01 -2.477e-01 -2.466e-01 -2.328e-01 -2.022e-01 -1.377e-01 -5.659e-02 -1.324e-04  2.934e-02  4.811e-02  5.730e-02  5.960e-02  5.765e-02  5.345e-02  4.828e-02  4.290e-02  3.771e-02  3.292e-02  2.860e-02  2.477e-02  2.141e-02  1.847e-02  1.592e-02  1.372e-02  1.181e-02  1.016e-02  8.745e-03  7.523e-03  6.471e-03  5.566e-03 	
 5.509e-01  5.324e-01  4.953e-01  4.506e-01  4.186e-01  3.913e-01  3.392e-01  2.543e-01  1.613e-01  8.104e-02  1.911e-02 -2.850e-02 -6.673e-02 -9.848e-02 -1.263e-01 -1.513e-01 -1.701e-01 -1.906e-01 -2.107e-01 -2.189e-01 -2.280e-01 -2.382e-01 -2.421e-01 -2.322e-01 -2.197e-01 -1.929e-01 -1.365e-01 -6.243e-02 -1.657e-02  2.442e-02  5.378e-02  6.996e-02  7.553e-02  7.423e-02  6.922e-02  6.256e-02  5.549e-02  4.864e-02  4.233e-02  3.666e-02  3.166e-02  2.729e-02  2.349e-02  2.021e-02  1.738e-02  1.494e-02  1.284e-02  1.103e-02  9.481e-03  8.148e-03 	
 5.761e-01  5.679e-01  5.554e-01  5.234e-01  4.656e-01  4.127e-01  3.869e-01  3.695e-01  3.331e-01  2.650e-01  1.796e-01  9.868e-02  3.203e-02 -2.004e-02 -6.166e-02 -9.622e-02 -1.220e-01 -1.477e-01 -1.722e-01 -1.854e-01 -1.994e-01 -2.141e-01 -2.242e-01 -2.217e-01 -2.143e-01 -2.036e-01 -1.805e-01 -1.320e-01 -9.625e-02 -4.797e-02  4.964e-03  5.027e-02  7.971e-02  9.297e-02  9.453e-02  8.939e-02  8.115e-02  7.196e-02  6.293e-02  5.459e-02  4.713e-02  4.057e-02  3.486e-02  2.993e-02  2.569e-02  2.204e-02  1.891e-02  1.623e-02  1.393e-02  1.196e-02 	
 6.040e-01  6.027e-01  5.837e-01  5.470e-01  5.183e-01  4.910e-01  4.417e-01  3.942e-01  3.704e-01  3.572e-01  3.324e-01  2.801e-01  2.044e-01  1.245e-01  5.402e-02 -3.350e-03 -4.537e-02 -8.223e-02 -1.148e-01 -1.352e-01 -1.549e-01 -1.749e-01 -1.906e-01 -1.962e-01 -1.967e-01 -1.923e-01 -1.838e-01 -1.646e-01 -1.548e-01 -1.329e-01 -9.349e-02 -3.686e-02  2.586e-02  7.737e-02  1.074e-01  1.175e-01  1.146e-01  1.053e-01  9.365e-02  8.180e-02  7.073e-02  6.084e-02  5.218e-02  4.468e-02  3.825e-02  3.273e-02  2.802e-02  2.399e-02  2.055e-02  1.761e-02 	
 6.242e-01  6.224e-01  6.056e-01  5.818e-01  5.515e-01  5.091e-01  4.854e-01  4.694e-01  4.343e-01  3.910e-01  3.636e-01  3.502e-01  3.332e-01  2.954e-01  2.324e-01  1.564e-01  8.749e-02  2.641e-02 -2.482e-02 -5.920e-02 -8.931e-02 -1.172e-01 -1.403e-01 -1.536e-01 -1.625e-01 -1.664e-01 -1.653e-01 -1.596e-01 -1.645e-01 -1.660e-01 -1.602e-01 -1.403e-01 -9.806e-02 -3.166e-02  4.447e-02  1.053e-01  1.371e-01  1.438e-01  1.361e-01  1.223e-01  1.069e-01  9.223e-02  7.901e-02  6.747e-02  5.754e-02  4.907e-02  4.185e-02  3.572e-02  3.051e-02  2.608e-02 	
 6.375e-01  6.374e-01  6.242e-01  6.026e-01  5.691e-01  5.417e-01  5.223e-01  4.890e-01  4.675e-01  4.571e-01  4.336e-01  3.958e-01  3.645e-01  3.481e-01  3.355e-01  3.094e-01  2.638e-01  1.970e-01  1.240e-01  6.499e-02  1.378e-02 -3.040e-02 -6.631e-02 -9.087e-02 -1.093e-01 -1.224e-01 -1.302e-01 -1.328e-01 -1.443e-01 -1.544e-01 -1.632e-01 -1.696e-01 -1.696e-01 -1.548e-01 -1.127e-01 -3.641e-02  5.768e-02  1.330e-01  1.689e-01  1.725e-01  1.595e-01  1.406e-01  1.212e-01  1.034e-01  8.790e-02  7.459e-02  6.330e-02  5.377e-02  4.573e-02  3.893e-02 	
 6.471e-01  6.484e-01  6.373e-01  6.161e-01  5.862e-01  5.635e-01  5.392e-01  5.162e-01  5.053e-01  4.819e-01  4.591e-01  4.493e-01  4.348e-01  4.049e-01  3.725e-01  3.516e-01  3.426e-01  3.260e-01  2.897e-01  2.396e-01  1.753e-01  1.087e-01  4.985e-02  5.222e-03 -2.928e-02 -5.526e-02 -7.419e-02 -8.684e-02 -1.056e-01 -1.217e-01 -1.359e-01 -1.491e-01 -1.621e-01 -1.740e-01 -1.814e-01 -1.754e-01 -1.391e-01 -5.623e-02  6.010e-02  1.580e-01  2.025e-01  2.039e-01  1.852e-01  1.607e-01  1.368e-01  1.156e-01  9.752e-02  8.228e-02  6.952e-02  5.885e-02 	
 6.541e-01  6.556e-01  6.470e-01  6.250e-01  5.998e-01  5.764e-01  5.551e-01  5.371e-01  5.236e-01  5.035e-01  4.943e-01  4.797e-01  4.578e-01  4.457e-01  4.369e-01  4.158e-01  3.889e-01  3.652e-01  3.503e-01  3.430e-01  3.223e-01  2.794e-01  2.194e-01  1.567e-01  9.841e-02  5.011e-02  1.267e-02 -1.510e-02 -4.497e-02 -7.032e-02 -9.192e-02 -1.104e-01 -1.269e-01 -1.431e-01 -1.600e-01 -1.771e-01 -1.925e-01 -1.986e-01 -1.757e-01 -9.542e-02  4.350e-02  1.752e-01  2.368e-01  2.383e-01  2.136e-01  1.829e-01  1.540e-01  1.290e-01  1.080e-01  9.067e-02 	
 6.586e-01  6.611e-01  6.526e-01  6.324e-01  6.086e-01  5.851e-01  5.681e-01  5.499e-01  5.381e-01  5.225e-01  5.140e-01  4.984e-01  4.877e-01  4.795e-01  4.620e-01  4.471e-01  4.429e-01  4.309e-01  4.060e-01  3.853e-01  3.705e-01  3.595e-01  3.439e-01  3.164e-01  2.702e-01  2.117e-01  1.523e-01  1.006e-01  5.082e-02  9.670e-03 -2.457e-02 -5.342e-02 -7.780e-02 -9.839e-02 -1.167e-01 -1.354e-01 -1.560e-01 -1.774e-01 -1.996e-01 -2.188e-01 -2.159e-01 -1.531e-01 -1.765e-03  1.752e-01  2.688e-01  2.757e-01  2.454e-01  2.078e-01  1.731e-01  1.438e-01 	
 6.613e-01  6.645e-01  6.566e-01  6.368e-01  6.139e-01  5.936e-01  5.751e-01  5.599e-01  5.489e-01  5.355e-01  5.274e-01  5.152e-01  5.076e-01  4.978e-01  4.863e-01  4.804e-01  4.723e-01  4.580e-01  4.488e-01  4.464e-01  4.326e-01  4.088e-01  3.878e-01  3.774e-01  3.694e-01  3.528e-01  3.191e-01  2.686e-01  2.022e-01  1.381e-01  8.231e-02  3.560e-02 -3.347e-03 -3.597e-02 -6.321e-02 -8.564e-02 -1.050e-01 -1.256e-01 -1.498e-01 -1.748e-01 -2.007e-01 -2.305e-01 -2.501e-01 -2.190e-01 -8.021e-02  1.430e-01  2.914e-01  3.149e-01  2.810e-01  2.358e-01 	
 6.628e-01  6.664e-01  6.590e-01  6.397e-01  6.175e-01  5.979e-01  5.815e-01  5.672e-01  5.552e-01  5.459e-01  5.363e-01  5.279e-01  5.202e-01  5.128e-01  5.051e-01  4.996e-01  4.928e-01  4.875e-01  4.810e-01  4.739e-01  4.662e-01  4.609e-01  4.509e-01  4.341e-01  4.145e-01  4.011e-01  3.943e-01  3.856e-01  3.563e-01  3.069e-01  2.432e-01  1.764e-01  1.153e-01  6.299e-02  1.896e-02 -1.785e-02 -4.821e-02 -7.248e-02 -9.176e-02 -1.127e-01 -1.408e-01 -1.701e-01 -1.968e-01 -2.311e-01 -2.700e-01 -2.764e-01 -1.808e-01  6.254e-02  2.905e-01  3.526e-01 	
 6.633e-01  6.673e-01  6.600e-01  6.410e-01  6.195e-01  6.008e-01  5.851e-01  5.719e-01  5.612e-01  5.514e-01  5.436e-01  5.367e-01  5.291e-01  5.242e-01  5.176e-01  5.133e-01  5.098e-01  5.070e-01  5.004e-01  4.988e-01  4.982e-01  4.910e-01  4.801e-01  4.761e-01  4.734e-01  4.632e-01  4.455e-01  4.294e-01  4.142e-01  4.012e-01  3.794e-01  3.396e-01  2.817e-01  2.148e-01  1.497e-01  9.206e-02  4.269e-02  1.161e-03 -3.279e-02 -5.953e-02 -7.817e-02 -9.639e-02 -1.273e-01 -1.637e-01 -1.914e-01 -2.219e-01 -2.723e-01 -3.117e-01 -2.761e-01 -6.715e-02 	
 6.631e-01  6.674e-01  6.602e-01  6.412e-01  6.203e-01  6.021e-01  5.870e-01  5.746e-01  5.647e-01  5.559e-01  5.484e-01  5.422e-01  5.366e-01  5.312e-01  5.270e-01  5.231e-01  5.221e-01  5.200e-01  5.158e-01  5.174e-01  5.178e-01  5.126e-01  5.091e-01  5.081e-01  5.020e-01  4.965e-01  4.954e-01  4.918e-01  4.721e-01  4.477e-01  4.281e-01  4.140e-01  3.969e-01  3.661e-01  3.163e-01  2.524e-01  1.851e-01  1.229e-01  6.834e-02  2.138e-02 -1.664e-02 -4.694e-02 -6.644e-02 -7.800e-02 -1.073e-01 -1.531e-01 -1.884e-01 -2.087e-01 -2.583e-01 -3.212e-01 	
 6.624e-01  6.669e-01  6.597e-01  6.407e-01  6.200e-01  6.026e-01  5.882e-01  5.766e-01  5.673e-01  5.590e-01  5.521e-01  5.462e-01  5.411e-01  5.370e-01  5.333e-01  5.301e-01  5.310e-01  5.292e-01  5.273e-01  5.301e-01  5.320e-01  5.297e-01  5.286e-01  5.282e-01  5.267e-01  5.280e-01  5.262e-01  5.208e-01  5.122e-01  5.048e-01  4.897e-01  4.661e-01  4.427e-01  4.256e-01  4.104e-01  3.868e-01  3.460e-01  2.880e-01  2.209e-01  1.554e-01  9.637e-02  4.337e-02  4.503e-04 -3.358e-02 -5.813e-02 -6.260e-02 -8.007e-02 -1.338e-01 -1.852e-01 -2.027e-01 	
 6.613e-01  6.660e-01  6.586e-01  6.395e-01  6.190e-01  6.022e-01  5.886e-01  5.773e-01  5.686e-01  5.607e-01  5.543e-01  5.489e-01  5.443e-01  5.407e-01  5.377e-01  5.352e-01  5.367e-01  5.365e-01  5.350e-01  5.396e-01  5.423e-01  5.422e-01  5.420e-01  5.438e-01  5.453e-01  5.479e-01  5.476e-01  5.489e-01  5.444e-01  5.342e-01  5.229e-01  5.149e-01  5.037e-01  4.832e-01  4.582e-01  4.373e-01  4.214e-01  4.027e-01  3.705e-01  3.202e-01  2.563e-01  1.888e-01  1.267e-01  6.839e-02  1.818e-02 -1.792e-02 -5.064e-02 -5.755e-02 -5.002e-02 -1.022e-01 	
 6.600e-01  6.648e-01  6.573e-01  6.379e-01  6.175e-01  6.011e-01  5.882e-01  5.775e-01  5.691e-01  5.618e-01  5.556e-01  5.506e-01  5.463e-01  5.431e-01  5.407e-01  5.388e-01  5.409e-01  5.413e-01  5.408e-01  5.461e-01  5.497e-01  5.511e-01  5.517e-01  5.554e-01  5.583e-01  5.623e-01  5.647e-01  5.685e-01  5.647e-01  5.585e-01  5.539e-01  5.460e-01  5.337e-01  5.235e-01  5.143e-01  4.981e-01  4.738e-01  4.498e-01  4.313e-01  4.149e-01  3.900e-01  3.481e-01  2.903e-01  2.231e-01  1.581e-01  9.794e-02  3.725e-02 -1.328e-03 -3.794e-02 -6.235e-02 	
 6.585e-01  6.634e-01  6.557e-01  6.359e-01  6.155e-01  5.996e-01  5.872e-01  5.771e-01  5.692e-01  5.621e-01  5.563e-01  5.516e-01  5.476e-01  5.447e-01  5.427e-01  5.412e-01  5.438e-01  5.446e-01  5.447e-01  5.508e-01  5.551e-01  5.573e-01  5.591e-01  5.634e-01  5.680e-01  5.727e-01  5.773e-01  5.821e-01  5.803e-01  5.770e-01  5.740e-01  5.677e-01  5.617e-01  5.555e-01  5.442e-01  5.319e-01  5.225e-01  5.099e-01  4.887e-01  4.634e-01  4.416e-01  4.246e-01  4.055e-01  3.713e-01  3.210e-01  2.580e-01  1.896e-01  1.306e-01  6.258e-02  1.116e-02 	
 6.569e-01  6.618e-01  6.539e-01  6.338e-01  6.132e-01  5.976e-01  5.858e-01  5.762e-01  5.687e-01  5.620e-01  5.565e-01  5.520e-01  5.483e-01  5.457e-01  5.439e-01  5.427e-01  5.456e-01  5.469e-01  5.474e-01  5.540e-01  5.589e-01  5.617e-01  5.642e-01  5.694e-01  5.747e-01  5.803e-01  5.862e-01  5.920e-01  5.919e-01  5.902e-01  5.885e-01  5.848e-01  5.813e-01  5.760e-01  5.687e-01  5.627e-01  5.535e-01  5.405e-01  5.294e-01  5.190e-01  5.019e-01  4.773e-01  4.532e-01  4.331e-01  4.173e-01  3.911e-01  3.470e-01  2.911e-01  2.235e-01  1.603e-01 	
 6.553e-01  6.603e-01  6.521e-01  6.316e-01  6.107e-01  5.953e-01  5.840e-01  5.749e-01  5.679e-01  5.615e-01  5.563e-01  5.520e-01  5.485e-01  5.461e-01  5.446e-01  5.436e-01  5.468e-01  5.484e-01  5.492e-01  5.562e-01  5.616e-01  5.649e-01  5.679e-01  5.735e-01  5.795e-01  5.858e-01  5.925e-01  5.994e-01  5.999e-01  5.999e-01  5.991e-01  5.974e-01  5.951e-01  5.918e-01  5.873e-01  5.829e-01  5.755e-01  5.685e-01  5.611e-01  5.491e-01  5.363e-01  5.260e-01  5.126e-01  4.908e-01  4.661e-01  4.427e-01  4.249e-01  4.084e-01  3.695e-01  3.186e-01 	
 6.537e-01  6.587e-01  6.503e-01  6.293e-01  6.081e-01  5.928e-01  5.819e-01  5.734e-01  5.668e-01  5.608e-01  5.558e-01  5.517e-01  5.484e-01  5.462e-01  5.448e-01  5.441e-01  5.474e-01  5.492e-01  5.504e-01  5.577e-01  5.633e-01  5.670e-01  5.704e-01  5.764e-01  5.829e-01  5.898e-01  5.970e-01  6.046e-01  6.060e-01  6.067e-01  6.069e-01  6.065e-01  6.052e-01  6.035e-01  6.006e-01  5.976e-01  5.928e-01  5.882e-01  5.819e-01  5.739e-01  5.669e-01  5.570e-01  5.436e-01  5.320e-01  5.210e-01  5.029e-01  4.787e-01  4.555e-01  4.303e-01  4.207e-01 	
 6.521e-01  6.572e-01  6.486e-01  6.271e-01  6.055e-01  5.902e-01  5.796e-01  5.716e-01  5.654e-01  5.598e-01  5.551e-01  5.512e-01  5.480e-01  5.460e-01  5.448e-01  5.442e-01  5.477e-01  5.497e-01  5.511e-01  5.585e-01  5.644e-01  5.684e-01  5.721e-01  5.784e-01  5.852e-01  5.925e-01  6.002e-01  6.082e-01  6.102e-01  6.117e-01  6.126e-01  6.129e-01  6.128e-01  6.118e-01  6.104e-01  6.083e-01  6.055e-01  6.021e-01  5.978e-01  5.925e-01  5.872e-01  5.793e-01  5.717e-01  5.636e-01  5.513e-01  5.380e-01  5.276e-01  5.134e-01  4.902e-01  4.697e-01 	
 6.507e-01  6.557e-01  6.469e-01  6.250e-01  6.029e-01  5.874e-01  5.771e-01  5.696e-01  5.639e-01  5.586e-01  5.542e-01  5.505e-01  5.475e-01  5.456e-01  5.445e-01  5.441e-01  5.476e-01  5.498e-01  5.514e-01  5.590e-01  5.651e-01  5.692e-01  5.731e-01  5.797e-01  5.868e-01  5.943e-01  6.023e-01  6.107e-01  6.132e-01  6.152e-01  6.166e-01  6.176e-01  6.181e-01  6.180e-01  6.174e-01  6.163e-01  6.147e-01  6.123e-01  6.097e-01  6.059e-01  6.020e-01  5.966e-01  5.914e-01  5.845e-01  5.761e-01  5.687e-01  5.583e-01  5.449e-01  5.327e-01  5.223e-01 	
 6.493e-01  6.544e-01  6.454e-01  6.230e-01  6.005e-01  5.847e-01  5.746e-01  5.675e-01  5.622e-01  5.573e-01  5.531e-01  5.497e-01  5.468e-01  5.451e-01  5.441e-01  5.437e-01  5.474e-01  5.497e-01  5.514e-01  5.591e-01  5.654e-01  5.697e-01  5.737e-01  5.805e-01  5.877e-01  5.955e-01  6.037e-01  6.124e-01  6.152e-01  6.176e-01  6.195e-01  6.209e-01  6.219e-01  6.224e-01  6.225e-01  6.221e-01  6.213e-01  6.200e-01  6.181e-01  6.158e-01  6.129e-01  6.094e-01  6.054e-01  6.005e-01  5.948e-01  5.890e-01  5.808e-01  5.729e-01  5.643e-01  5.524e-01 	
 6.480e-01  6.531e-01  6.439e-01  6.212e-01  5.981e-01  5.820e-01  5.720e-01  5.652e-01  5.604e-01  5.558e-01  5.520e-01  5.488e-01  5.461e-01  5.444e-01  5.435e-01  5.433e-01  5.471e-01  5.495e-01  5.512e-01  5.591e-01  5.654e-01  5.698e-01  5.740e-01  5.809e-01  5.882e-01  5.961e-01  6.045e-01  6.134e-01  6.165e-01  6.191e-01  6.214e-01  6.232e-01  6.246e-01  6.256e-01  6.262e-01  6.263e-01  6.261e-01  6.255e-01  6.245e-01  6.229e-01  6.210e-01  6.187e-01  6.157e-01  6.125e-01  6.083e-01  6.040e-01  5.982e-01  5.926e-01  5.855e-01  5.768e-01 	
 6.469e-01  6.519e-01  6.426e-01  6.195e-01  5.960e-01  5.795e-01  5.694e-01  5.628e-01  5.584e-01  5.543e-01  5.507e-01  5.478e-01  5.452e-01  5.437e-01  5.429e-01  5.428e-01  5.466e-01  5.491e-01  5.510e-01  5.588e-01  5.652e-01  5.698e-01  5.741e-01  5.810e-01  5.884e-01  5.964e-01  6.049e-01  6.139e-01  6.172e-01  6.201e-01  6.226e-01  6.247e-01  6.264e-01  6.277e-01  6.287e-01  6.293e-01  6.296e-01  6.295e-01  6.290e-01  6.282e-01  6.270e-01  6.254e-01  6.235e-01  6.211e-01  6.183e-01  6.150e-01  6.110e-01  6.067e-01  6.016e-01  5.957e-01 	
 6.458e-01  6.509e-01  6.414e-01  6.180e-01  5.940e-01  5.771e-01  5.668e-01  5.605e-01  5.564e-01  5.527e-01  5.494e-01  5.467e-01  5.443e-01  5.429e-01  5.423e-01  5.422e-01  5.461e-01  5.486e-01  5.506e-01  5.585e-01  5.650e-01  5.696e-01  5.739e-01  5.809e-01  5.884e-01  5.964e-01  6.050e-01  6.141e-01  6.176e-01  6.206e-01  6.233e-01  6.256e-01  6.276e-01  6.292e-01  6.304e-01  6.314e-01  6.320e-01  6.323e-01  6.322e-01  6.319e-01  6.313e-01  6.303e-01  6.291e-01  6.275e-01  6.255e-01  6.231e-01  6.205e-01  6.171e-01  6.136e-01  6.092e-01 	
 6.448e-01  6.499e-01  6.403e-01  6.166e-01  5.923e-01  5.750e-01  5.644e-01  5.581e-01  5.544e-01  5.510e-01  5.481e-01  5.456e-01  5.434e-01  5.421e-01  5.416e-01  5.416e-01  5.455e-01  5.481e-01  5.501e-01  5.581e-01  5.646e-01  5.693e-01  5.737e-01  5.807e-01  5.882e-01  5.962e-01  6.049e-01  6.140e-01  6.176e-01  6.208e-01  6.236e-01  6.261e-01  6.282e-01  6.300e-01  6.315e-01  6.327e-01  6.336e-01  6.342e-01  6.345e-01  6.346e-01  6.344e-01  6.339e-01  6.331e-01  6.321e-01  6.308e-01  6.292e-01  6.272e-01  6.250e-01  6.223e-01  6.192e-01 	
 6.440e-01  6.490e-01  6.393e-01  6.154e-01  5.907e-01  5.730e-01  5.621e-01  5.558e-01  5.523e-01  5.492e-01  5.467e-01  5.444e-01  5.425e-01  5.413e-01  5.409e-01  5.409e-01  5.449e-01  5.476e-01  5.497e-01  5.576e-01  5.641e-01  5.689e-01  5.733e-01  5.803e-01  5.878e-01  5.959e-01  6.046e-01  6.138e-01  6.174e-01  6.207e-01  6.237e-01  6.263e-01  6.286e-01  6.305e-01  6.322e-01  6.336e-01  6.347e-01  6.355e-01  6.361e-01  6.364e-01  6.365e-01  6.364e-01  6.360e-01  6.354e-01  6.346e-01  6.335e-01  6.322e-01  6.306e-01  6.288e-01  6.265e-01 	
 6.432e-01  6.482e-01  6.384e-01  6.143e-01  5.893e-01  5.713e-01  5.601e-01  5.536e-01  5.503e-01  5.475e-01  5.452e-01  5.432e-01  5.415e-01  5.405e-01  5.401e-01  5.403e-01  5.443e-01  5.470e-01  5.492e-01  5.571e-01  5.637e-01  5.684e-01  5.729e-01  5.799e-01  5.874e-01  5.955e-01  6.042e-01  6.134e-01  6.171e-01  6.205e-01  6.235e-01  6.262e-01  6.286e-01  6.307e-01  6.325e-01  6.340e-01  6.353e-01  6.363e-01  6.371e-01  6.376e-01  6.380e-01  6.381e-01  6.381e-01  6.378e-01  6.374e-01  6.367e-01  6.358e-01  6.348e-01  6.334e-01  6.319e-01 	
 6.425e-01  6.475e-01  6.376e-01  6.133e-01  5.881e-01  5.697e-01  5.582e-01  5.516e-01  5.483e-01  5.457e-01  5.437e-01  5.420e-01  5.405e-01  5.396e-01  5.394e-01  5.396e-01  5.437e-01  5.465e-01  5.486e-01  5.566e-01  5.632e-01  5.680e-01  5.725e-01  5.794e-01  5.869e-01  5.950e-01  6.037e-01  6.129e-01  6.167e-01  6.201e-01  6.232e-01  6.260e-01  6.285e-01  6.306e-01  6.325e-01  6.342e-01  6.356e-01  6.367e-01  6.376e-01  6.384e-01  6.389e-01  6.393e-01  6.394e-01  6.394e-01  6.393e-01  6.389e-01  6.384e-01  6.377e-01  6.368e-01  6.358e-01 	
 6.418e-01  6.468e-01  6.368e-01  6.124e-01  5.870e-01  5.684e-01  5.566e-01  5.497e-01  5.464e-01  5.440e-01  5.423e-01  5.408e-01  5.395e-01  5.388e-01  5.387e-01  5.390e-01  5.430e-01  5.459e-01  5.481e-01  5.561e-01  5.627e-01  5.675e-01  5.720e-01  5.790e-01  5.864e-01  5.945e-01  6.031e-01  6.124e-01  6.162e-01  6.197e-01  6.228e-01  6.256e-01  6.282e-01  6.304e-01  6.324e-01  6.341e-01  6.356e-01  6.369e-01  6.379e-01  6.388e-01  6.395e-01  6.400e-01  6.403e-01  6.405e-01  6.406e-01  6.405e-01  6.402e-01  6.398e-01  6.393e-01  6.386e-01 	
 6.413e-01  6.462e-01  6.362e-01  6.117e-01  5.861e-01  5.672e-01  5.552e-01  5.481e-01  5.446e-01  5.423e-01  5.408e-01  5.396e-01  5.385e-01  5.380e-01  5.379e-01  5.384e-01  5.425e-01  5.454e-01  5.476e-01  5.556e-01  5.622e-01  5.670e-01  5.716e-01  5.785e-01  5.859e-01  5.940e-01  6.026e-01  6.118e-01  6.156e-01  6.191e-01  6.223e-01  6.252e-01  6.278e-01  6.301e-01  6.321e-01  6.339e-01  6.355e-01  6.368e-01  6.380e-01  6.389e-01  6.397e-01  6.403e-01  6.408e-01  6.412e-01  6.414e-01  6.415e-01  6.414e-01  6.413e-01  6.410e-01  6.405e-01 	
 6.407e-01  6.457e-01  6.356e-01  6.110e-01  5.852e-01  5.662e-01  5.540e-01  5.466e-01  5.430e-01  5.408e-01  5.394e-01  5.384e-01  5.375e-01  5.371e-01  5.372e-01  5.377e-01  5.419e-01  5.448e-01  5.472e-01  5.551e-01  5.617e-01  5.666e-01  5.711e-01  5.780e-01  5.854e-01  5.934e-01  6.020e-01  6.112e-01  6.151e-01  6.186e-01  6.218e-01  6.247e-01  6.274e-01  6.297e-01  6.318e-01  6.336e-01  6.352e-01  6.366e-01  6.378e-01  6.389e-01  6.397e-01  6.405e-01  6.410e-01  6.415e-01  6.418e-01  6.421e-01  6.422e-01  6.422e-01  6.421e-01  6.419e-01 	
 6.403e-01  6.452e-01  6.351e-01  6.104e-01  5.845e-01  5.654e-01  5.529e-01  5.453e-01  5.416e-01  5.393e-01  5.380e-01  5.372e-01  5.365e-01  5.363e-01  5.365e-01  5.371e-01  5.413e-01  5.443e-01  5.467e-01  5.546e-01  5.613e-01  5.661e-01  5.707e-01  5.775e-01  5.849e-01  5.929e-01  6.015e-01  6.106e-01  6.145e-01  6.180e-01  6.213e-01  6.242e-01  6.269e-01  6.292e-01  6.314e-01  6.332e-01  6.349e-01  6.363e-01  6.376e-01  6.387e-01  6.396e-01  6.404e-01  6.411e-01  6.416e-01  6.420e-01  6.424e-01  6.426e-01  6.427e-01  6.428e-01  6.427e-01 	
 6.399e-01  6.448e-01  6.346e-01  6.098e-01  5.839e-01  5.646e-01  5.520e-01  5.442e-01  5.403e-01  5.379e-01  5.367e-01  5.361e-01  5.355e-01  5.355e-01  5.359e-01  5.365e-01  5.408e-01  5.438e-01  5.462e-01  5.542e-01  5.608e-01  5.657e-01  5.702e-01  5.771e-01  5.844e-01  5.924e-01  6.009e-01  6.100e-01  6.139e-01  6.175e-01  6.207e-01  6.237e-01  6.264e-01  6.288e-01  6.309e-01  6.328e-01  6.345e-01  6.359e-01  6.372e-01  6.384e-01  6.394e-01  6.402e-01  6.409e-01  6.415e-01  6.420e-01  6.424e-01  6.428e-01  6.430e-01  6.432e-01  6.432e-01 	
 6.395e-01  6.445e-01  6.342e-01  6.094e-01  5.833e-01  5.639e-01  5.512e-01  5.433e-01  5.393e-01  5.367e-01  5.355e-01  5.349e-01  5.346e-01  5.347e-01  5.352e-01  5.360e-01  5.402e-01  5.434e-01  5.458e-01  5.537e-01  5.604e-01  5.653e-01  5.698e-01  5.766e-01  5.840e-01  5.919e-01  6.004e-01  6.095e-01  6.134e-01  6.169e-01  6.202e-01  6.232e-01  6.259e-01  6.283e-01  6.304e-01  6.323e-01  6.340e-01  6.355e-01  6.369e-01  6.380e-01  6.390e-01  6.399e-01  6.407e-01  6.413e-01  6.419e-01  6.424e-01  6.428e-01  6.431e-01  6.433e-01  6.435e-01 	
 6.392e-01  6.441e-01  6.339e-01  6.089e-01  5.828e-01  5.633e-01  5.505e-01  5.425e-01  5.383e-01  5.357e-01  5.344e-01  5.339e-01  5.336e-01  5.339e-01  5.346e-01  5.354e-01  5.398e-01  5.429e-01  5.454e-01  5.533e-01  5.600e-01  5.649e-01  5.694e-01  5.762e-01  5.835e-01  5.914e-01  5.999e-01  6.089e-01  6.128e-01  6.164e-01  6.197e-01  6.227e-01  6.254e-01  6.278e-01  6.299e-01  6.319e-01  6.336e-01  6.351e-01  6.364e-01  6.376e-01  6.387e-01  6.396e-01  6.404e-01  6.411e-01  6.416e-01  6.422e-01  6.426e-01  6.430e-01  6.433e-01  6.435e-01 	
