 1.793e+00  1.875e+00  1.962e+00  2.056e+00  2.158e+00  2.269e+00  2.391e+00  2.526e+00  2.678e+00  2.853e+00  3.061e+00  3.187e+00  3.202e+00  3.156e+00  3.132e+00  3.095e+00  2.895e+00  2.491e+00  1.958e+00  1.437e+00  1.034e+00  7.628e-01  5.938e-01  5.011e-01  4.567e-01  4.332e-01  4.224e-01  3.937e-01  3.141e-01  2.230e-01  1.545e-01  1.070e-01  7.428e-02  5.204e-02  3.703e-02  2.693e-02  1.992e-02  1.495e-02  1.136e-02  8.748e-03  6.791e-03  5.309e-03  4.174e-03  3.300e-03  2.620e-03  2.085e-03  1.664e-03  1.335e-03  1.086e-03  9.191e-04 	
 1.909e+00  1.997e+00  2.090e+00  2.189e+00  2.296e+00  2.412e+00  2.536e+00  2.671e+00  2.817e+00  2.971e+00  3.115e+00  3.239e+00  3.311e+00  3.249e+00  3.134e+00  3.091e+00  3.055e+00  2.875e+00  2.494e+00  1.979e+00  1.478e+00  1.092e+00  8.281e-01  6.678e-01  5.799e-01  5.291e-01  5.025e-01  4.816e-01  4.173e-01  3.166e-01  2.265e-01  1.572e-01  1.073e-01  7.328e-02  5.076e-02  3.589e-02  2.589e-02  1.903e-02  1.422e-02  1.077e-02  8.246e-03  6.375e-03  4.966e-03  3.892e-03  3.067e-03  2.424e-03  1.922e-03  1.527e-03  1.227e-03  1.026e-03 	
 2.011e+00  2.100e+00  2.195e+00  2.295e+00  2.400e+00  2.511e+00  2.628e+00  2.748e+00  2.868e+00  2.982e+00  3.078e+00  3.159e+00  3.247e+00  3.245e+00  3.106e+00  2.962e+00  2.927e+00  2.913e+00  2.797e+00  2.497e+00  2.054e+00  1.602e+00  1.225e+00  9.560e-01  7.839e-01  6.720e-01  6.041e-01  5.666e-01  5.204e-01  4.355e-01  3.361e-01  2.416e-01  1.653e-01  1.107e-01  7.433e-02  5.085e-02  3.554e-02  2.539e-02  1.851e-02  1.373e-02  1.033e-02  7.868e-03  6.054e-03  4.697e-03  3.670e-03  2.881e-03  2.271e-03  1.796e-03  1.435e-03  1.188e-03 	
 2.095e+00  2.184e+00  2.276e+00  2.372e+00  2.471e+00  2.573e+00  2.675e+00  2.775e+00  2.870e+00  2.953e+00  3.024e+00  3.099e+00  3.163e+00  3.175e+00  3.106e+00  2.949e+00  2.820e+00  2.785e+00  2.792e+00  2.730e+00  2.508e+00  2.153e+00  1.746e+00  1.381e+00  1.102e+00  8.998e-01  7.663e-01  6.865e-01  6.328e-01  5.670e-01  4.776e-01  3.682e-01  2.607e-01  1.745e-01  1.144e-01  7.558e-02  5.095e-02  3.520e-02  2.490e-02  1.800e-02  1.326e-02  9.911e-03  7.507e-03  5.749e-03  4.444e-03  3.458e-03  2.706e-03  2.128e-03  1.692e-03  1.391e-03 	
 2.162e+00  2.248e+00  2.336e+00  2.425e+00  2.515e+00  2.605e+00  2.692e+00  2.773e+00  2.846e+00  2.909e+00  2.962e+00  3.028e+00  3.103e+00  3.102e+00  3.039e+00  2.952e+00  2.818e+00  2.705e+00  2.671e+00  2.692e+00  2.672e+00  2.532e+00  2.255e+00  1.898e+00  1.546e+00  1.246e+00  1.024e+00  8.757e-01  7.803e-01  7.083e-01  6.331e-01  5.325e-01  4.065e-01  2.823e-01  1.844e-01  1.184e-01  7.683e-02  5.103e-02  3.483e-02  2.442e-02  1.751e-02  1.279e-02  9.504e-03  7.161e-03  5.459e-03  4.199e-03  3.255e-03  2.539e-03  2.006e-03  1.640e-03 	
 2.214e+00  2.295e+00  2.376e+00  2.458e+00  2.538e+00  2.615e+00  2.688e+00  2.754e+00  2.812e+00  2.861e+00  2.905e+00  2.968e+00  3.035e+00  3.050e+00  2.979e+00  2.887e+00  2.812e+00  2.713e+00  2.616e+00  2.584e+00  2.614e+00  2.631e+00  2.557e+00  2.353e+00  2.049e+00  1.707e+00  1.404e+00  1.170e+00  1.001e+00  8.825e-01  7.923e-01  7.082e-01  5.960e-01  4.516e-01  3.075e-01  1.961e-01  1.230e-01  7.822e-02  5.116e-02  3.454e-02  2.397e-02  1.704e-02  1.236e-02  9.123e-03  6.837e-03  5.183e-03  3.968e-03  3.064e-03  2.400e-03  1.949e-03 	
 2.252e+00  2.327e+00  2.402e+00  2.475e+00  2.545e+00  2.611e+00  2.672e+00  2.725e+00  2.772e+00  2.811e+00  2.850e+00  2.906e+00  2.975e+00  2.986e+00  2.937e+00  2.843e+00  2.758e+00  2.702e+00  2.634e+00  2.555e+00  2.526e+00  2.557e+00  2.599e+00  2.581e+00  2.445e+00  2.190e+00  1.886e+00  1.587e+00  1.332e+00  1.133e+00  9.826e-01  8.800e-01  7.909e-01  6.708e-01  5.065e-01  3.372e-01  2.096e-01  1.282e-01  7.983e-02  5.149e-02  3.432e-02  2.357e-02  1.660e-02  1.196e-02  8.772e-03  6.530e-03  4.923e-03  3.752e-03  2.908e-03  2.343e-03 	
 2.278e+00  2.347e+00  2.414e+00  2.479e+00  2.540e+00  2.597e+00  2.647e+00  2.691e+00  2.729e+00  2.761e+00  2.794e+00  2.849e+00  2.915e+00  2.932e+00  2.877e+00  2.802e+00  2.722e+00  2.653e+00  2.615e+00  2.571e+00  2.512e+00  2.486e+00  2.515e+00  2.577e+00  2.603e+00  2.526e+00  2.346e+00  2.080e+00  1.782e+00  1.498e+00  1.256e+00  1.083e+00  9.708e-01  8.816e-01  7.597e-01  5.693e-01  3.728e-01  2.256e-01  1.342e-01  8.205e-02  5.199e-02  3.419e-02  2.322e-02  1.622e-02  1.160e-02  8.442e-03  6.244e-03  4.681e-03  3.579e-03  2.856e-03 	
 2.294e+00  2.357e+00  2.417e+00  2.475e+00  2.528e+00  2.576e+00  2.618e+00  2.655e+00  2.686e+00  2.713e+00  2.742e+00  2.794e+00  2.858e+00  2.876e+00  2.832e+00  2.753e+00  2.682e+00  2.622e+00  2.569e+00  2.543e+00  2.520e+00  2.485e+00  2.462e+00  2.494e+00  2.568e+00  2.622e+00  2.617e+00  2.502e+00  2.274e+00  1.969e+00  1.645e+00  1.374e+00  1.183e+00  1.061e+00  9.766e-01  8.528e-01  6.445e-01  4.166e-01  2.449e-01  1.421e-01  8.475e-02  5.269e-02  3.416e-02  2.297e-02  1.591e-02  1.127e-02  8.140e-03  5.981e-03  4.496e-03  3.545e-03 	
 2.302e+00  2.359e+00  2.413e+00  2.463e+00  2.510e+00  2.551e+00  2.587e+00  2.617e+00  2.643e+00  2.667e+00  2.693e+00  2.742e+00  2.804e+00  2.825e+00  2.783e+00  2.712e+00  2.643e+00  2.585e+00  2.544e+00  2.505e+00  2.489e+00  2.486e+00  2.471e+00  2.460e+00  2.493e+00  2.563e+00  2.652e+00  2.702e+00  2.642e+00  2.443e+00  2.125e+00  1.779e+00  1.488e+00  1.279e+00  1.147e+00  1.070e+00  9.577e-01  7.376e-01  4.720e-01  2.700e-01  1.517e-01  8.800e-02  5.362e-02  3.431e-02  2.282e-02  1.563e-02  1.097e-02  7.867e-03  5.794e-03  4.503e-03 	
 2.303e+00  2.355e+00  2.403e+00  2.448e+00  2.488e+00  2.523e+00  2.554e+00  2.580e+00  2.602e+00  2.623e+00  2.647e+00  2.693e+00  2.754e+00  2.776e+00  2.737e+00  2.672e+00  2.604e+00  2.550e+00  2.507e+00  2.482e+00  2.458e+00  2.453e+00  2.463e+00  2.470e+00  2.473e+00  2.497e+00  2.572e+00  2.686e+00  2.770e+00  2.748e+00  2.568e+00  2.254e+00  1.904e+00  1.598e+00  1.372e+00  1.237e+00  1.164e+00  1.075e+00  8.562e-01  5.403e-01  3.009e-01  1.633e-01  9.192e-02  5.501e-02  3.464e-02  2.272e-02  1.540e-02  1.072e-02  7.702e-03  5.882e-03 	
 2.299e+00  2.346e+00  2.389e+00  2.429e+00  2.464e+00  2.495e+00  2.521e+00  2.543e+00  2.562e+00  2.580e+00  2.603e+00  2.647e+00  2.705e+00  2.730e+00  2.696e+00  2.632e+00  2.569e+00  2.516e+00  2.478e+00  2.447e+00  2.433e+00  2.426e+00  2.427e+00  2.450e+00  2.475e+00  2.487e+00  2.517e+00  2.599e+00  2.716e+00  2.811e+00  2.808e+00  2.652e+00  2.366e+00  2.021e+00  1.701e+00  1.467e+00  1.319e+00  1.247e+00  1.193e+00  9.756e-01  6.246e-01  3.392e-01  1.773e-01  9.733e-02  5.682e-02  3.510e-02  2.271e-02  1.523e-02  1.062e-02  7.947e-03 	
 2.292e+00  2.334e+00  2.373e+00  2.408e+00  2.439e+00  2.465e+00  2.488e+00  2.507e+00  2.524e+00  2.540e+00  2.561e+00  2.603e+00  2.660e+00  2.686e+00  2.656e+00  2.596e+00  2.536e+00  2.485e+00  2.445e+00  2.420e+00  2.402e+00  2.399e+00  2.404e+00  2.417e+00  2.449e+00  2.483e+00  2.517e+00  2.560e+00  2.633e+00  2.732e+00  2.817e+00  2.829e+00  2.716e+00  2.469e+00  2.134e+00  1.804e+00  1.554e+00  1.391e+00  1.308e+00  1.284e+00  1.111e+00  7.313e-01  3.882e-01  1.968e-01  1.041e-01  5.897e-02  3.573e-02  2.281e-02  1.532e-02  1.118e-02 	
 2.281e+00  2.319e+00  2.354e+00  2.385e+00  2.412e+00  2.436e+00  2.455e+00  2.472e+00  2.487e+00  2.502e+00  2.522e+00  2.562e+00  2.617e+00  2.644e+00  2.618e+00  2.562e+00  2.505e+00  2.455e+00  2.418e+00  2.391e+00  2.375e+00  2.371e+00  2.376e+00  2.394e+00  2.418e+00  2.451e+00  2.505e+00  2.560e+00  2.607e+00  2.660e+00  2.725e+00  2.803e+00  2.837e+00  2.768e+00  2.565e+00  2.238e+00  1.898e+00  1.632e+00  1.458e+00  1.375e+00  1.368e+00  1.266e+00  8.724e-01  4.543e-01  2.213e-01  1.120e-01  6.159e-02  3.661e-02  2.335e-02  1.651e-02 	
 2.268e+00  2.303e+00  2.334e+00  2.362e+00  2.386e+00  2.407e+00  2.424e+00  2.439e+00  2.452e+00  2.466e+00  2.485e+00  2.522e+00  2.576e+00  2.604e+00  2.583e+00  2.532e+00  2.476e+00  2.427e+00  2.391e+00  2.364e+00  2.349e+00  2.345e+00  2.350e+00  2.364e+00  2.393e+00  2.422e+00  2.467e+00  2.534e+00  2.601e+00  2.644e+00  2.667e+00  2.714e+00  2.784e+00  2.835e+00  2.808e+00  2.639e+00  2.336e+00  1.986e+00  1.698e+00  1.526e+00  1.426e+00  1.421e+00  1.413e+00  1.023e+00  5.377e-01  2.512e-01  1.218e-01  6.509e-02  3.839e-02  2.596e-02 	
 2.253e+00  2.285e+00  2.313e+00  2.338e+00  2.360e+00  2.378e+00  2.394e+00  2.407e+00  2.419e+00  2.432e+00  2.450e+00  2.485e+00  2.538e+00  2.567e+00  2.551e+00  2.503e+00  2.449e+00  2.402e+00  2.366e+00  2.340e+00  2.324e+00  2.320e+00  2.323e+00  2.339e+00  2.364e+00  2.395e+00  2.440e+00  2.496e+00  2.565e+00  2.629e+00  2.660e+00  2.670e+00  2.702e+00  2.763e+00  2.824e+00  2.825e+00  2.704e+00  2.434e+00  2.074e+00  1.767e+00  1.581e+00  1.464e+00  1.432e+00  1.482e+00  1.190e+00  6.426e-01  2.896e-01  1.354e-01  7.098e-02  4.474e-02 	
 2.237e+00  2.266e+00  2.292e+00  2.315e+00  2.334e+00  2.351e+00  2.364e+00  2.376e+00  2.387e+00  2.400e+00  2.417e+00  2.450e+00  2.501e+00  2.533e+00  2.520e+00  2.475e+00  2.423e+00  2.378e+00  2.343e+00  2.317e+00  2.301e+00  2.296e+00  2.300e+00  2.313e+00  2.337e+00  2.365e+00  2.408e+00  2.467e+00  2.528e+00  2.586e+00  2.635e+00  2.660e+00  2.669e+00  2.689e+00  2.739e+00  2.806e+00  2.832e+00  2.762e+00  2.538e+00  2.170e+00  1.830e+00  1.627e+00  1.513e+00  1.462e+00  1.536e+00  1.391e+00  7.839e-01  3.444e-01  1.574e-01  8.909e-02 	
 2.221e+00  2.247e+00  2.271e+00  2.292e+00  2.309e+00  2.324e+00  2.336e+00  2.347e+00  2.357e+00  2.369e+00  2.385e+00  2.417e+00  2.466e+00  2.499e+00  2.490e+00  2.449e+00  2.401e+00  2.357e+00  2.322e+00  2.296e+00  2.280e+00  2.275e+00  2.277e+00  2.290e+00  2.312e+00  2.339e+00  2.379e+00  2.433e+00  2.495e+00  2.550e+00  2.588e+00  2.626e+00  2.655e+00  2.666e+00  2.677e+00  2.721e+00  2.786e+00  2.829e+00  2.806e+00  2.619e+00  2.267e+00  1.887e+00  1.649e+00  1.553e+00  1.475e+00  1.533e+00  1.564e+00  9.534e-01  4.324e-01  2.184e-01 	
 2.204e+00  2.228e+00  2.250e+00  2.269e+00  2.285e+00  2.298e+00  2.310e+00  2.320e+00  2.329e+00  2.340e+00  2.356e+00  2.386e+00  2.433e+00  2.467e+00  2.462e+00  2.425e+00  2.379e+00  2.337e+00  2.302e+00  2.277e+00  2.261e+00  2.255e+00  2.257e+00  2.268e+00  2.288e+00  2.313e+00  2.351e+00  2.403e+00  2.459e+00  2.514e+00  2.554e+00  2.583e+00  2.616e+00  2.647e+00  2.664e+00  2.673e+00  2.705e+00  2.764e+00  2.814e+00  2.820e+00  2.696e+00  2.377e+00  1.958e+00  1.681e+00  1.579e+00  1.475e+00  1.475e+00  1.596e+00  1.192e+00  6.370e-01 	
 2.186e+00  2.209e+00  2.229e+00  2.247e+00  2.262e+00  2.274e+00  2.284e+00  2.294e+00  2.302e+00  2.313e+00  2.328e+00  2.356e+00  2.402e+00  2.437e+00  2.435e+00  2.403e+00  2.359e+00  2.318e+00  2.285e+00  2.260e+00  2.243e+00  2.237e+00  2.238e+00  2.247e+00  2.266e+00  2.289e+00  2.325e+00  2.373e+00  2.427e+00  2.477e+00  2.515e+00  2.548e+00  2.574e+00  2.604e+00  2.638e+00  2.658e+00  2.667e+00  2.689e+00  2.741e+00  2.798e+00  2.826e+00  2.769e+00  2.502e+00  2.060e+00  1.712e+00  1.595e+00  1.518e+00  1.464e+00  1.631e+00  1.512e+00 	
 2.169e+00  2.191e+00  2.209e+00  2.225e+00  2.239e+00  2.251e+00  2.260e+00  2.269e+00  2.277e+00  2.287e+00  2.301e+00  2.328e+00  2.372e+00  2.408e+00  2.410e+00  2.381e+00  2.340e+00  2.301e+00  2.268e+00  2.244e+00  2.227e+00  2.220e+00  2.220e+00  2.229e+00  2.246e+00  2.267e+00  2.300e+00  2.345e+00  2.396e+00  2.443e+00  2.480e+00  2.508e+00  2.538e+00  2.564e+00  2.591e+00  2.625e+00  2.650e+00  2.661e+00  2.674e+00  2.722e+00  2.778e+00  2.813e+00  2.818e+00  2.601e+00  2.167e+00  1.741e+00  1.568e+00  1.538e+00  1.399e+00  1.332e+00 	
 2.152e+00  2.172e+00  2.190e+00  2.205e+00  2.218e+00  2.228e+00  2.237e+00  2.246e+00  2.254e+00  2.263e+00  2.276e+00  2.302e+00  2.344e+00  2.380e+00  2.386e+00  2.361e+00  2.323e+00  2.285e+00  2.253e+00  2.229e+00  2.212e+00  2.205e+00  2.204e+00  2.212e+00  2.227e+00  2.246e+00  2.277e+00  2.319e+00  2.367e+00  2.411e+00  2.444e+00  2.473e+00  2.499e+00  2.527e+00  2.555e+00  2.581e+00  2.612e+00  2.642e+00  2.657e+00  2.668e+00  2.706e+00  2.759e+00  2.787e+00  2.822e+00  2.697e+00  2.305e+00  1.805e+00  1.560e+00  1.518e+00  1.313e+00 	
 2.135e+00  2.154e+00  2.171e+00  2.185e+00  2.197e+00  2.207e+00  2.216e+00  2.224e+00  2.231e+00  2.240e+00  2.253e+00  2.277e+00  2.317e+00  2.354e+00  2.363e+00  2.342e+00  2.307e+00  2.271e+00  2.240e+00  2.216e+00  2.199e+00  2.191e+00  2.189e+00  2.196e+00  2.210e+00  2.228e+00  2.256e+00  2.295e+00  2.340e+00  2.381e+00  2.413e+00  2.438e+00  2.463e+00  2.489e+00  2.515e+00  2.544e+00  2.570e+00  2.599e+00  2.632e+00  2.651e+00  2.660e+00  2.688e+00  2.744e+00  2.776e+00  2.820e+00  2.788e+00  2.464e+00  1.920e+00  1.556e+00  1.471e+00 	
 2.119e+00  2.137e+00  2.153e+00  2.166e+00  2.178e+00  2.187e+00  2.196e+00  2.203e+00  2.210e+00  2.219e+00  2.231e+00  2.253e+00  2.291e+00  2.328e+00  2.340e+00  2.323e+00  2.291e+00  2.257e+00  2.227e+00  2.203e+00  2.187e+00  2.178e+00  2.176e+00  2.182e+00  2.194e+00  2.211e+00  2.237e+00  2.274e+00  2.315e+00  2.353e+00  2.382e+00  2.406e+00  2.429e+00  2.454e+00  2.479e+00  2.504e+00  2.533e+00  2.559e+00  2.585e+00  2.618e+00  2.643e+00  2.653e+00  2.669e+00  2.726e+00  2.758e+00  2.783e+00  2.850e+00  2.586e+00  2.067e+00  1.618e+00 	
 2.103e+00  2.120e+00  2.135e+00  2.148e+00  2.159e+00  2.169e+00  2.177e+00  2.184e+00  2.191e+00  2.199e+00  2.211e+00  2.232e+00  2.267e+00  2.304e+00  2.319e+00  2.306e+00  2.276e+00  2.244e+00  2.215e+00  2.192e+00  2.175e+00  2.167e+00  2.164e+00  2.169e+00  2.180e+00  2.195e+00  2.220e+00  2.253e+00  2.292e+00  2.328e+00  2.354e+00  2.376e+00  2.398e+00  2.420e+00  2.443e+00  2.468e+00  2.494e+00  2.521e+00  2.548e+00  2.574e+00  2.606e+00  2.635e+00  2.648e+00  2.662e+00  2.709e+00  2.750e+00  2.739e+00  2.840e+00  2.745e+00  2.372e+00 	
 2.088e+00  2.104e+00  2.119e+00  2.132e+00  2.142e+00  2.151e+00  2.159e+00  2.166e+00  2.173e+00  2.181e+00  2.192e+00  2.211e+00  2.245e+00  2.281e+00  2.298e+00  2.289e+00  2.262e+00  2.232e+00  2.204e+00  2.181e+00  2.165e+00  2.156e+00  2.153e+00  2.157e+00  2.167e+00  2.181e+00  2.203e+00  2.235e+00  2.271e+00  2.304e+00  2.329e+00  2.349e+00  2.368e+00  2.389e+00  2.411e+00  2.433e+00  2.458e+00  2.483e+00  2.509e+00  2.537e+00  2.563e+00  2.593e+00  2.625e+00  2.643e+00  2.652e+00  2.693e+00  2.751e+00  2.739e+00  2.819e+00  2.773e+00 	
 2.073e+00  2.089e+00  2.103e+00  2.115e+00  2.126e+00  2.135e+00  2.142e+00  2.149e+00  2.156e+00  2.164e+00  2.174e+00  2.192e+00  2.223e+00  2.258e+00  2.278e+00  2.272e+00  2.249e+00  2.221e+00  2.194e+00  2.172e+00  2.155e+00  2.146e+00  2.143e+00  2.146e+00  2.155e+00  2.168e+00  2.189e+00  2.218e+00  2.251e+00  2.282e+00  2.305e+00  2.323e+00  2.341e+00  2.360e+00  2.380e+00  2.401e+00  2.424e+00  2.447e+00  2.472e+00  2.498e+00  2.526e+00  2.552e+00  2.580e+00  2.612e+00  2.637e+00  2.646e+00  2.666e+00  2.736e+00  2.694e+00  2.567e+00 	
 2.058e+00  2.074e+00  2.088e+00  2.100e+00  2.111e+00  2.119e+00  2.127e+00  2.134e+00  2.140e+00  2.148e+00  2.158e+00  2.174e+00  2.203e+00  2.237e+00  2.258e+00  2.256e+00  2.236e+00  2.210e+00  2.184e+00  2.163e+00  2.147e+00  2.138e+00  2.134e+00  2.136e+00  2.144e+00  2.156e+00  2.175e+00  2.202e+00  2.233e+00  2.262e+00  2.283e+00  2.299e+00  2.316e+00  2.333e+00  2.352e+00  2.371e+00  2.392e+00  2.414e+00  2.436e+00  2.462e+00  2.487e+00  2.515e+00  2.542e+00  2.569e+00  2.601e+00  2.634e+00  2.643e+00  2.664e+00  2.713e+00  2.668e+00 	
 2.044e+00  2.060e+00  2.074e+00  2.086e+00  2.096e+00  2.105e+00  2.113e+00  2.119e+00  2.126e+00  2.133e+00  2.143e+00  2.158e+00  2.184e+00  2.217e+00  2.240e+00  2.241e+00  2.224e+00  2.200e+00  2.175e+00  2.154e+00  2.139e+00  2.129e+00  2.125e+00  2.127e+00  2.135e+00  2.145e+00  2.163e+00  2.188e+00  2.217e+00  2.243e+00  2.262e+00  2.278e+00  2.293e+00  2.308e+00  2.325e+00  2.343e+00  2.362e+00  2.382e+00  2.404e+00  2.427e+00  2.451e+00  2.476e+00  2.503e+00  2.531e+00  2.559e+00  2.587e+00  2.627e+00  2.647e+00  2.639e+00  2.638e+00 	
 2.031e+00  2.046e+00  2.060e+00  2.072e+00  2.083e+00  2.092e+00  2.099e+00  2.106e+00  2.113e+00  2.120e+00  2.129e+00  2.142e+00  2.167e+00  2.198e+00  2.221e+00  2.225e+00  2.212e+00  2.190e+00  2.167e+00  2.146e+00  2.131e+00  2.122e+00  2.117e+00  2.119e+00  2.125e+00  2.135e+00  2.151e+00  2.175e+00  2.202e+00  2.226e+00  2.244e+00  2.258e+00  2.271e+00  2.286e+00  2.301e+00  2.317e+00  2.335e+00  2.353e+00  2.373e+00  2.394e+00  2.417e+00  2.441e+00  2.466e+00  2.492e+00  2.521e+00  2.547e+00  2.582e+00  2.614e+00  2.638e+00  2.601e+00 	
 2.018e+00  2.033e+00  2.047e+00  2.059e+00  2.070e+00  2.079e+00  2.087e+00  2.094e+00  2.101e+00  2.107e+00  2.116e+00  2.128e+00  2.151e+00  2.180e+00  2.204e+00  2.211e+00  2.200e+00  2.180e+00  2.159e+00  2.139e+00  2.124e+00  2.115e+00  2.110e+00  2.111e+00  2.117e+00  2.125e+00  2.141e+00  2.163e+00  2.188e+00  2.210e+00  2.226e+00  2.239e+00  2.252e+00  2.265e+00  2.279e+00  2.294e+00  2.310e+00  2.327e+00  2.345e+00  2.364e+00  2.385e+00  2.407e+00  2.431e+00  2.456e+00  2.482e+00  2.512e+00  2.540e+00  2.574e+00  2.604e+00  2.605e+00 	
 2.005e+00  2.021e+00  2.035e+00  2.047e+00  2.058e+00  2.067e+00  2.075e+00  2.083e+00  2.089e+00  2.096e+00  2.104e+00  2.116e+00  2.136e+00  2.163e+00  2.187e+00  2.196e+00  2.189e+00  2.171e+00  2.151e+00  2.132e+00  2.118e+00  2.108e+00  2.103e+00  2.104e+00  2.109e+00  2.117e+00  2.131e+00  2.152e+00  2.175e+00  2.196e+00  2.211e+00  2.222e+00  2.234e+00  2.246e+00  2.258e+00  2.272e+00  2.286e+00  2.302e+00  2.319e+00  2.337e+00  2.356e+00  2.376e+00  2.398e+00  2.421e+00  2.446e+00  2.473e+00  2.502e+00  2.533e+00  2.561e+00  2.538e+00 	
 1.993e+00  2.009e+00  2.023e+00  2.036e+00  2.047e+00  2.057e+00  2.065e+00  2.072e+00  2.079e+00  2.086e+00  2.094e+00  2.104e+00  2.122e+00  2.147e+00  2.171e+00  2.182e+00  2.177e+00  2.162e+00  2.144e+00  2.126e+00  2.111e+00  2.102e+00  2.097e+00  2.097e+00  2.102e+00  2.109e+00  2.122e+00  2.141e+00  2.163e+00  2.182e+00  2.196e+00  2.207e+00  2.217e+00  2.228e+00  2.239e+00  2.252e+00  2.265e+00  2.279e+00  2.295e+00  2.311e+00  2.328e+00  2.347e+00  2.367e+00  2.389e+00  2.412e+00  2.438e+00  2.464e+00  2.495e+00  2.520e+00  2.500e+00 	
 1.981e+00  1.997e+00  2.012e+00  2.025e+00  2.036e+00  2.046e+00  2.055e+00  2.063e+00  2.070e+00  2.077e+00  2.084e+00  2.093e+00  2.109e+00  2.132e+00  2.156e+00  2.169e+00  2.167e+00  2.154e+00  2.137e+00  2.120e+00  2.106e+00  2.097e+00  2.092e+00  2.091e+00  2.095e+00  2.102e+00  2.114e+00  2.132e+00  2.152e+00  2.170e+00  2.182e+00  2.192e+00  2.201e+00  2.211e+00  2.222e+00  2.233e+00  2.245e+00  2.258e+00  2.272e+00  2.287e+00  2.303e+00  2.321e+00  2.339e+00  2.359e+00  2.381e+00  2.404e+00  2.430e+00  2.459e+00  2.481e+00  2.478e+00 	
 1.969e+00  1.986e+00  2.001e+00  2.014e+00  2.026e+00  2.037e+00  2.046e+00  2.054e+00  2.061e+00  2.068e+00  2.075e+00  2.084e+00  2.098e+00  2.119e+00  2.142e+00  2.156e+00  2.156e+00  2.145e+00  2.130e+00  2.114e+00  2.100e+00  2.091e+00  2.086e+00  2.086e+00  2.089e+00  2.095e+00  2.107e+00  2.123e+00  2.141e+00  2.158e+00  2.170e+00  2.179e+00  2.187e+00  2.196e+00  2.206e+00  2.216e+00  2.227e+00  2.239e+00  2.252e+00  2.266e+00  2.280e+00  2.296e+00  2.313e+00  2.332e+00  2.351e+00  2.373e+00  2.397e+00  2.423e+00  2.446e+00  2.445e+00 	
 1.958e+00  1.975e+00  1.990e+00  2.004e+00  2.017e+00  2.028e+00  2.037e+00  2.046e+00  2.053e+00  2.060e+00  2.068e+00  2.075e+00  2.088e+00  2.107e+00  2.128e+00  2.143e+00  2.145e+00  2.137e+00  2.123e+00  2.108e+00  2.095e+00  2.087e+00  2.081e+00  2.080e+00  2.084e+00  2.089e+00  2.099e+00  2.115e+00  2.132e+00  2.147e+00  2.158e+00  2.166e+00  2.174e+00  2.182e+00  2.191e+00  2.201e+00  2.211e+00  2.222e+00  2.233e+00  2.246e+00  2.259e+00  2.274e+00  2.289e+00  2.306e+00  2.324e+00  2.344e+00  2.366e+00  2.390e+00  2.412e+00  2.411e+00 	
 1.946e+00  1.964e+00  1.980e+00  1.995e+00  2.008e+00  2.019e+00  2.029e+00  2.038e+00  2.046e+00  2.053e+00  2.060e+00  2.067e+00  2.078e+00  2.095e+00  2.115e+00  2.131e+00  2.135e+00  2.129e+00  2.117e+00  2.103e+00  2.091e+00  2.082e+00  2.077e+00  2.076e+00  2.078e+00  2.083e+00  2.093e+00  2.107e+00  2.123e+00  2.137e+00  2.147e+00  2.154e+00  2.162e+00  2.169e+00  2.177e+00  2.186e+00  2.195e+00  2.205e+00  2.216e+00  2.227e+00  2.240e+00  2.253e+00  2.267e+00  2.283e+00  2.299e+00  2.317e+00  2.338e+00  2.360e+00  2.381e+00  2.378e+00 	
 1.934e+00  1.953e+00  1.970e+00  1.985e+00  1.999e+00  2.011e+00  2.022e+00  2.031e+00  2.040e+00  2.047e+00  2.054e+00  2.060e+00  2.070e+00  2.085e+00  2.104e+00  2.119e+00  2.125e+00  2.121e+00  2.111e+00  2.098e+00  2.086e+00  2.078e+00  2.072e+00  2.071e+00  2.073e+00  2.078e+00  2.087e+00  2.100e+00  2.115e+00  2.128e+00  2.137e+00  2.144e+00  2.150e+00  2.157e+00  2.165e+00  2.173e+00  2.181e+00  2.190e+00  2.200e+00  2.211e+00  2.222e+00  2.234e+00  2.247e+00  2.261e+00  2.276e+00  2.293e+00  2.312e+00  2.333e+00  2.351e+00  2.347e+00 	
 1.923e+00  1.942e+00  1.959e+00  1.975e+00  1.990e+00  2.003e+00  2.015e+00  2.025e+00  2.034e+00  2.041e+00  2.048e+00  2.054e+00  2.062e+00  2.076e+00  2.093e+00  2.108e+00  2.116e+00  2.114e+00  2.105e+00  2.093e+00  2.082e+00  2.073e+00  2.068e+00  2.067e+00  2.069e+00  2.073e+00  2.081e+00  2.093e+00  2.107e+00  2.119e+00  2.127e+00  2.134e+00  2.140e+00  2.146e+00  2.153e+00  2.160e+00  2.168e+00  2.177e+00  2.186e+00  2.195e+00  2.205e+00  2.217e+00  2.229e+00  2.241e+00  2.255e+00  2.271e+00  2.288e+00  2.307e+00  2.324e+00  2.321e+00 	
 1.911e+00  1.930e+00  1.949e+00  1.966e+00  1.981e+00  1.995e+00  2.008e+00  2.018e+00  2.028e+00  2.036e+00  2.043e+00  2.049e+00  2.056e+00  2.067e+00  2.083e+00  2.098e+00  2.106e+00  2.106e+00  2.099e+00  2.088e+00  2.077e+00  2.070e+00  2.064e+00  2.063e+00  2.064e+00  2.068e+00  2.076e+00  2.087e+00  2.100e+00  2.111e+00  2.118e+00  2.124e+00  2.130e+00  2.136e+00  2.142e+00  2.149e+00  2.156e+00  2.164e+00  2.172e+00  2.181e+00  2.190e+00  2.201e+00  2.211e+00  2.223e+00  2.236e+00  2.250e+00  2.266e+00  2.284e+00  2.299e+00  2.295e+00 	
 1.898e+00  1.919e+00  1.938e+00  1.956e+00  1.972e+00  1.987e+00  2.001e+00  2.012e+00  2.023e+00  2.031e+00  2.038e+00  2.044e+00  2.050e+00  2.060e+00  2.074e+00  2.088e+00  2.097e+00  2.099e+00  2.093e+00  2.083e+00  2.074e+00  2.066e+00  2.061e+00  2.059e+00  2.060e+00  2.064e+00  2.071e+00  2.081e+00  2.093e+00  2.103e+00  2.110e+00  2.116e+00  2.121e+00  2.126e+00  2.132e+00  2.138e+00  2.145e+00  2.152e+00  2.160e+00  2.168e+00  2.176e+00  2.186e+00  2.196e+00  2.207e+00  2.218e+00  2.231e+00  2.246e+00  2.262e+00  2.276e+00  2.272e+00 	
 1.885e+00  1.906e+00  1.927e+00  1.946e+00  1.963e+00  1.979e+00  1.994e+00  2.006e+00  2.017e+00  2.027e+00  2.034e+00  2.039e+00  2.045e+00  2.053e+00  2.065e+00  2.079e+00  2.089e+00  2.092e+00  2.087e+00  2.079e+00  2.070e+00  2.062e+00  2.057e+00  2.055e+00  2.057e+00  2.059e+00  2.066e+00  2.076e+00  2.086e+00  2.096e+00  2.103e+00  2.107e+00  2.112e+00  2.117e+00  2.123e+00  2.128e+00  2.134e+00  2.141e+00  2.148e+00  2.155e+00  2.164e+00  2.172e+00  2.181e+00  2.191e+00  2.202e+00  2.214e+00  2.227e+00  2.242e+00  2.255e+00  2.251e+00 	
 1.871e+00  1.893e+00  1.915e+00  1.935e+00  1.953e+00  1.971e+00  1.986e+00  2.000e+00  2.012e+00  2.022e+00  2.030e+00  2.035e+00  2.040e+00  2.047e+00  2.058e+00  2.071e+00  2.081e+00  2.085e+00  2.082e+00  2.075e+00  2.066e+00  2.059e+00  2.054e+00  2.052e+00  2.053e+00  2.056e+00  2.062e+00  2.071e+00  2.080e+00  2.089e+00  2.095e+00  2.100e+00  2.104e+00  2.109e+00  2.114e+00  2.119e+00  2.125e+00  2.131e+00  2.137e+00  2.144e+00  2.152e+00  2.160e+00  2.168e+00  2.177e+00  2.187e+00  2.198e+00  2.210e+00  2.224e+00  2.236e+00  2.231e+00 	
 1.855e+00  1.879e+00  1.902e+00  1.923e+00  1.943e+00  1.962e+00  1.979e+00  1.994e+00  2.007e+00  2.018e+00  2.027e+00  2.032e+00  2.036e+00  2.042e+00  2.051e+00  2.063e+00  2.073e+00  2.078e+00  2.076e+00  2.070e+00  2.062e+00  2.056e+00  2.051e+00  2.049e+00  2.050e+00  2.052e+00  2.058e+00  2.066e+00  2.075e+00  2.083e+00  2.089e+00  2.093e+00  2.097e+00  2.101e+00  2.106e+00  2.111e+00  2.116e+00  2.121e+00  2.127e+00  2.134e+00  2.141e+00  2.148e+00  2.156e+00  2.164e+00  2.173e+00  2.183e+00  2.195e+00  2.208e+00  2.218e+00  2.213e+00 	
 1.839e+00  1.864e+00  1.887e+00  1.910e+00  1.931e+00  1.951e+00  1.970e+00  1.987e+00  2.002e+00  2.014e+00  2.024e+00  2.029e+00  2.032e+00  2.038e+00  2.046e+00  2.056e+00  2.066e+00  2.071e+00  2.071e+00  2.066e+00  2.059e+00  2.053e+00  2.048e+00  2.046e+00  2.047e+00  2.049e+00  2.054e+00  2.061e+00  2.070e+00  2.077e+00  2.082e+00  2.086e+00  2.090e+00  2.094e+00  2.098e+00  2.103e+00  2.108e+00  2.113e+00  2.118e+00  2.124e+00  2.130e+00  2.137e+00  2.144e+00  2.152e+00  2.161e+00  2.170e+00  2.180e+00  2.192e+00  2.202e+00  2.196e+00 	
 1.821e+00  1.846e+00  1.871e+00  1.895e+00  1.918e+00  1.940e+00  1.960e+00  1.979e+00  1.996e+00  2.010e+00  2.021e+00  2.026e+00  2.029e+00  2.034e+00  2.040e+00  2.050e+00  2.059e+00  2.065e+00  2.066e+00  2.062e+00  2.056e+00  2.050e+00  2.045e+00  2.043e+00  2.044e+00  2.045e+00  2.050e+00  2.057e+00  2.065e+00  2.072e+00  2.076e+00  2.080e+00  2.083e+00  2.087e+00  2.091e+00  2.095e+00  2.100e+00  2.105e+00  2.110e+00  2.115e+00  2.121e+00  2.127e+00  2.134e+00  2.141e+00  2.149e+00  2.158e+00  2.167e+00  2.178e+00  2.187e+00  2.180e+00 	
 1.801e+00  1.827e+00  1.853e+00  1.878e+00  1.903e+00  1.926e+00  1.949e+00  1.970e+00  1.989e+00  2.005e+00  2.018e+00  2.023e+00  2.027e+00  2.030e+00  2.036e+00  2.044e+00  2.053e+00  2.059e+00  2.061e+00  2.058e+00  2.053e+00  2.047e+00  2.043e+00  2.041e+00  2.041e+00  2.043e+00  2.047e+00  2.053e+00  2.060e+00  2.067e+00  2.071e+00  2.074e+00  2.077e+00  2.081e+00  2.085e+00  2.088e+00  2.093e+00  2.097e+00  2.102e+00  2.107e+00  2.112e+00  2.118e+00  2.124e+00  2.131e+00  2.138e+00  2.146e+00  2.156e+00  2.166e+00  2.174e+00  2.166e+00 	
 1.779e+00  1.806e+00  1.833e+00  1.859e+00  1.885e+00  1.910e+00  1.934e+00  1.958e+00  1.980e+00  1.999e+00  2.015e+00  2.022e+00  2.025e+00  2.028e+00  2.032e+00  2.039e+00  2.047e+00  2.054e+00  2.057e+00  2.055e+00  2.050e+00  2.045e+00  2.040e+00  2.038e+00  2.039e+00  2.040e+00  2.044e+00  2.050e+00  2.056e+00  2.062e+00  2.066e+00  2.069e+00  2.072e+00  2.075e+00  2.079e+00  2.082e+00  2.086e+00  2.090e+00  2.095e+00  2.100e+00  2.105e+00  2.110e+00  2.116e+00  2.122e+00  2.129e+00  2.137e+00  2.145e+00  2.156e+00  2.163e+00  2.152e+00 	
 1.755e+00  1.782e+00  1.810e+00  1.837e+00  1.863e+00  1.890e+00  1.916e+00  1.941e+00  1.966e+00  1.990e+00  2.010e+00  2.019e+00  2.023e+00  2.025e+00  2.029e+00  2.035e+00  2.043e+00  2.049e+00  2.052e+00  2.051e+00  2.047e+00  2.042e+00  2.038e+00  2.036e+00  2.036e+00  2.038e+00  2.041e+00  2.047e+00  2.053e+00  2.058e+00  2.061e+00  2.064e+00  2.067e+00  2.070e+00  2.073e+00  2.077e+00  2.080e+00  2.084e+00  2.088e+00  2.093e+00  2.098e+00  2.103e+00  2.108e+00  2.114e+00  2.121e+00  2.128e+00  2.136e+00  2.145e+00  2.151e+00  2.134e+00 	
 1.728e+00  1.756e+00  1.783e+00  1.811e+00  1.838e+00  1.865e+00  1.892e+00  1.919e+00  1.945e+00  1.972e+00  1.997e+00  2.010e+00  2.015e+00  2.018e+00  2.023e+00  2.028e+00  2.034e+00  2.040e+00  2.044e+00  2.044e+00  2.041e+00  2.037e+00  2.034e+00  2.032e+00  2.032e+00  2.033e+00  2.036e+00  2.041e+00  2.046e+00  2.051e+00  2.054e+00  2.057e+00  2.059e+00  2.062e+00  2.065e+00  2.068e+00  2.071e+00  2.075e+00  2.078e+00  2.082e+00  2.086e+00  2.091e+00  2.096e+00  2.100e+00  2.105e+00  2.111e+00  2.117e+00  2.122e+00  2.120e+00  2.096e+00 	
