1.099106436605600038e+03
3.078786613625809878e+03
5.334107491258582741e+03
7.746029340611424232e+03
8.988800003106591248e+03
1.072476206472970080e+04
1.364577473113191081e+04
1.703267856115707764e+04
2.093475758036327898e+04
2.542995576189982603e+04
3.060828496896383513e+04
3.658104319173932890e+04
4.343464693084178725e+04
5.130062971560302685e+04
6.038562026441353373e+04
7.085000586175771605e+04
8.288842743559746305e+04
9.675643450734564976e+04
1.127369392597532133e+05
1.311359711688538664e+05
1.523198171604429954e+05
1.767192150307871052e+05
2.048161262033466483e+05
2.371030484576235758e+05
2.742658544059104752e+05
3.171530391138958512e+05
3.665336215005283011e+05
4.232958583478177898e+05
4.886596523258361267e+05
5.639779641029823106e+05
6.507020166259026155e+05
7.505682149938404327e+05
8.655323379500537412e+05
9.978371595964066219e+05
1.150195620838571806e+06
1.325673650169471512e+06
1.527703327367202612e+06
1.760292510721556144e+06
2.028099641092579812e+06
2.336458861580837052e+06
2.691597271871129982e+06
3.100616361828313209e+06
3.571427427452952135e+06
4.113385791537976358e+06
4.737314942842130549e+06
5.455637983361091465e+06
6.282819375211589970e+06
7.235307447108529508e+06
8.331997831003998406e+06
9.594722093506798148e+06
