 7.016e-08  2.995e-07  6.125e-07  7.855e-07  9.821e-07  1.360e-06  2.118e-06  3.566e-06  6.172e-06  1.063e-05  1.795e-05  2.952e-05  4.724e-05  7.363e-05  1.120e-04  1.666e-04  2.429e-04  3.475e-04  4.889e-04  6.772e-04  9.248e-04  1.247e-03  1.660e-03  2.186e-03  2.850e-03  3.679e-03  4.706e-03  5.968e-03  7.509e-03  9.376e-03  1.162e-02  1.430e-02  1.749e-02  2.124e-02  2.563e-02  3.074e-02  3.665e-02  4.342e-02  5.115e-02  5.989e-02  6.973e-02  8.070e-02  9.286e-02  1.062e-01  1.209e-01  1.367e-01  1.538e-01  1.720e-01  1.913e-01  2.117e-01 	
 1.233e-07  5.263e-07  1.077e-06  1.380e-06  1.726e-06  2.389e-06  3.723e-06  6.267e-06  1.085e-05  1.869e-05  3.155e-05  5.188e-05  8.302e-05  1.294e-04  1.969e-04  2.928e-04  4.268e-04  6.106e-04  8.589e-04  1.190e-03  1.624e-03  2.189e-03  2.914e-03  3.836e-03  4.998e-03  6.448e-03  8.241e-03  1.044e-02  1.312e-02  1.636e-02  2.025e-02  2.487e-02  3.034e-02  3.674e-02  4.420e-02  5.281e-02  6.268e-02  7.390e-02  8.656e-02  1.007e-01  1.164e-01  1.337e-01  1.525e-01  1.729e-01  1.946e-01  2.178e-01  2.421e-01  2.675e-01  2.937e-01  3.207e-01 	
 2.167e-07  9.250e-07  1.892e-06  2.426e-06  3.034e-06  4.199e-06  6.543e-06  1.101e-05  1.906e-05  3.284e-05  5.544e-05  9.117e-05  1.459e-04  2.274e-04  3.459e-04  5.146e-04  7.499e-04  1.073e-03  1.509e-03  2.089e-03  2.851e-03  3.841e-03  5.111e-03  6.724e-03  8.752e-03  1.128e-02  1.440e-02  1.821e-02  2.284e-02  2.841e-02  3.505e-02  4.291e-02  5.213e-02  6.284e-02  7.518e-02  8.926e-02  1.052e-01  1.230e-01  1.428e-01  1.645e-01  1.881e-01  2.134e-01  2.403e-01  2.687e-01  2.982e-01  3.286e-01  3.597e-01  3.910e-01  4.224e-01  4.535e-01 	
 3.809e-07  1.626e-06  3.325e-06  4.264e-06  5.332e-06  7.380e-06  1.150e-05  1.936e-05  3.350e-05  5.772e-05  9.744e-05  1.602e-04  2.564e-04  3.996e-04  6.078e-04  9.040e-04  1.317e-03  1.884e-03  2.649e-03  3.666e-03  5.001e-03  6.731e-03  8.949e-03  1.176e-02  1.528e-02  1.966e-02  2.503e-02  3.158e-02  3.947e-02  4.889e-02  6.003e-02  7.306e-02  8.816e-02  1.054e-01  1.250e-01  1.470e-01  1.713e-01  1.978e-01  2.265e-01  2.572e-01  2.894e-01  3.230e-01  3.575e-01  3.925e-01  4.276e-01  4.626e-01  4.969e-01  5.303e-01  5.625e-01  5.934e-01 	
 6.694e-07  2.857e-06  5.844e-06  7.494e-06  9.370e-06  1.297e-05  2.021e-05  3.402e-05  5.888e-05  1.014e-04  1.712e-04  2.816e-04  4.505e-04  7.021e-04  1.068e-03  1.588e-03  2.313e-03  3.307e-03  4.646e-03  6.426e-03  8.757e-03  1.177e-02  1.562e-02  2.049e-02  2.656e-02  3.405e-02  4.319e-02  5.422e-02  6.737e-02  8.288e-02  1.009e-01  1.217e-01  1.453e-01  1.717e-01  2.008e-01  2.325e-01  2.665e-01  3.025e-01  3.399e-01  3.784e-01  4.173e-01  4.562e-01  4.945e-01  5.318e-01  5.678e-01  6.022e-01  6.346e-01  6.650e-01  6.934e-01  7.196e-01 	
 1.176e-06  5.022e-06  1.027e-05  1.317e-05  1.647e-05  2.280e-05  3.552e-05  5.978e-05  1.035e-04  1.783e-04  3.009e-04  4.948e-04  7.916e-04  1.233e-03  1.875e-03  2.788e-03  4.058e-03  5.798e-03  8.138e-03  1.124e-02  1.529e-02  2.051e-02  2.714e-02  3.546e-02  4.576e-02  5.835e-02  7.352e-02  9.155e-02  1.127e-01  1.371e-01  1.648e-01  1.959e-01  2.301e-01  2.671e-01  3.064e-01  3.476e-01  3.899e-01  4.326e-01  4.752e-01  5.170e-01  5.574e-01  5.960e-01  6.324e-01  6.664e-01  6.979e-01  7.269e-01  7.533e-01  7.774e-01  7.991e-01  8.186e-01 	
 2.068e-06  8.826e-06  1.805e-05  2.315e-05  2.894e-05  4.006e-05  6.242e-05  1.051e-04  1.818e-04  3.133e-04  5.288e-04  8.693e-04  1.390e-03  2.166e-03  3.291e-03  4.889e-03  7.112e-03  1.015e-02  1.422e-02  1.959e-02  2.657e-02  3.550e-02  4.675e-02  6.071e-02  7.775e-02  9.823e-02  1.224e-01  1.505e-01  1.825e-01  2.183e-01  2.576e-01  2.999e-01  3.444e-01  3.905e-01  4.372e-01  4.836e-01  5.290e-01  5.727e-01  6.142e-01  6.530e-01  6.888e-01  7.217e-01  7.515e-01  7.783e-01  8.024e-01  8.239e-01  8.430e-01  8.599e-01  8.748e-01  8.881e-01 	
 3.634e-06  1.551e-05  3.173e-05  4.068e-05  5.086e-05  7.040e-05  1.097e-04  1.846e-04  3.195e-04  5.504e-04  9.289e-04  1.527e-03  2.441e-03  3.801e-03  5.771e-03  8.562e-03  1.243e-02  1.770e-02  2.473e-02  3.393e-02  4.579e-02  6.078e-02  7.938e-02  1.020e-01  1.291e-01  1.607e-01  1.969e-01  2.375e-01  2.818e-01  3.293e-01  3.789e-01  4.295e-01  4.801e-01  5.296e-01  5.771e-01  6.220e-01  6.637e-01  7.019e-01  7.366e-01  7.677e-01  7.954e-01  8.199e-01  8.415e-01  8.604e-01  8.770e-01  8.914e-01  9.040e-01  9.150e-01  9.246e-01  9.330e-01 	
 6.386e-06  2.726e-05  5.576e-05  7.149e-05  8.938e-05  1.237e-04  1.928e-04  3.244e-04  5.614e-04  9.670e-04  1.631e-03  2.680e-03  4.283e-03  6.661e-03  1.010e-02  1.495e-02  2.165e-02  3.070e-02  4.266e-02  5.815e-02  7.779e-02  1.021e-01  1.316e-01  1.665e-01  2.066e-01  2.518e-01  3.011e-01  3.536e-01  4.081e-01  4.630e-01  5.171e-01  5.693e-01  6.184e-01  6.639e-01  7.054e-01  7.426e-01  7.758e-01  8.050e-01  8.305e-01  8.527e-01  8.719e-01  8.885e-01  9.028e-01  9.151e-01  9.257e-01  9.348e-01  9.427e-01  9.495e-01  9.554e-01  9.604e-01 	
 1.122e-05  4.792e-05  9.799e-05  1.256e-04  1.571e-04  2.174e-04  3.387e-04  5.700e-04  9.862e-04  1.698e-03  2.864e-03  4.701e-03  7.503e-03  1.165e-02  1.762e-02  2.599e-02  3.744e-02  5.273e-02  7.263e-02  9.788e-02  1.291e-01  1.665e-01  2.102e-01  2.596e-01  3.138e-01  3.713e-01  4.305e-01  4.897e-01  5.472e-01  6.018e-01  6.523e-01  6.982e-01  7.392e-01  7.754e-01  8.070e-01  8.344e-01  8.578e-01  8.779e-01  8.951e-01  9.097e-01  9.221e-01  9.326e-01  9.416e-01  9.492e-01  9.557e-01  9.613e-01  9.660e-01  9.701e-01  9.736e-01  9.767e-01 	
 1.973e-05  8.422e-05  1.722e-04  2.208e-04  2.760e-04  3.820e-04  5.950e-04  1.001e-03  1.732e-03  2.980e-03  5.022e-03  8.233e-03  1.311e-02  2.029e-02  3.055e-02  4.478e-02  6.397e-02  8.907e-02  1.209e-01  1.600e-01  2.064e-01  2.596e-01  3.183e-01  3.807e-01  4.448e-01  5.083e-01  5.694e-01  6.264e-01  6.784e-01  7.249e-01  7.656e-01  8.009e-01  8.312e-01  8.569e-01  8.786e-01  8.969e-01  9.124e-01  9.253e-01  9.361e-01  9.453e-01  9.529e-01  9.594e-01  9.649e-01  9.695e-01  9.734e-01  9.768e-01  9.796e-01  9.821e-01  9.842e-01  9.860e-01 	
 3.467e-05  1.480e-04  3.026e-04  3.879e-04  4.849e-04  6.710e-04  1.045e-03  1.758e-03  3.039e-03  5.225e-03  8.791e-03  1.438e-02  2.281e-02  3.511e-02  5.244e-02  7.606e-02  1.071e-01  1.464e-01  1.943e-01  2.503e-01  3.129e-01  3.801e-01  4.493e-01  5.175e-01  5.826e-01  6.427e-01  6.966e-01  7.440e-01  7.849e-01  8.197e-01  8.490e-01  8.735e-01  8.939e-01  9.109e-01  9.249e-01  9.366e-01  9.462e-01  9.543e-01  9.610e-01  9.666e-01  9.713e-01  9.752e-01  9.785e-01  9.813e-01  9.837e-01  9.857e-01  9.875e-01  9.890e-01  9.902e-01  9.913e-01 	
 6.092e-05  2.602e-04  5.317e-04  6.815e-04  8.518e-04  1.178e-03  1.835e-03  3.084e-03  5.327e-03  9.143e-03  1.534e-02  2.498e-02  3.937e-02  6.002e-02  8.849e-02  1.261e-01  1.736e-01  2.308e-01  2.964e-01  3.680e-01  4.423e-01  5.159e-01  5.857e-01  6.497e-01  7.064e-01  7.555e-01  7.973e-01  8.322e-01  8.612e-01  8.850e-01  9.046e-01  9.206e-01  9.338e-01  9.445e-01  9.533e-01  9.606e-01  9.666e-01  9.716e-01  9.757e-01  9.792e-01  9.820e-01  9.845e-01  9.865e-01  9.882e-01  9.897e-01  9.910e-01  9.921e-01  9.930e-01  9.938e-01  9.945e-01 	
 1.071e-04  4.573e-04  9.341e-04  1.197e-03  1.496e-03  2.068e-03  3.218e-03  5.405e-03  9.318e-03  1.594e-02  2.661e-02  4.300e-02  6.701e-02  1.006e-01  1.451e-01  2.012e-01  2.679e-01  3.427e-01  4.220e-01  5.015e-01  5.772e-01  6.463e-01  7.071e-01  7.592e-01  8.028e-01  8.388e-01  8.682e-01  8.921e-01  9.114e-01  9.270e-01  9.396e-01  9.498e-01  9.581e-01  9.649e-01  9.704e-01  9.750e-01  9.787e-01  9.818e-01  9.844e-01  9.866e-01  9.884e-01  9.899e-01  9.912e-01  9.923e-01  9.933e-01  9.941e-01  9.948e-01  9.954e-01  9.959e-01  9.963e-01 	
 1.881e-04  8.036e-04  1.640e-03  2.101e-03  2.625e-03  3.628e-03  5.639e-03  9.451e-03  1.624e-02  2.763e-02  4.571e-02  7.287e-02  1.114e-01  1.630e-01  2.276e-01  3.035e-01  3.867e-01  4.722e-01  5.549e-01  6.307e-01  6.974e-01  7.540e-01  8.010e-01  8.393e-01  8.702e-01  8.949e-01  9.146e-01  9.303e-01  9.428e-01  9.529e-01  9.610e-01  9.675e-01  9.728e-01  9.771e-01  9.807e-01  9.836e-01  9.860e-01  9.880e-01  9.897e-01  9.911e-01  9.922e-01  9.932e-01  9.941e-01  9.948e-01  9.954e-01  9.959e-01  9.964e-01  9.968e-01  9.971e-01  9.974e-01 	
 3.305e-04  1.412e-03  2.879e-03  3.685e-03  4.601e-03  6.353e-03  9.855e-03  1.646e-02  2.810e-02  4.733e-02  7.710e-02  1.202e-01  1.784e-01  2.513e-01  3.356e-01  4.261e-01  5.162e-01  6.005e-01  6.752e-01  7.386e-01  7.909e-01  8.332e-01  8.668e-01  8.934e-01  9.143e-01  9.308e-01  9.438e-01  9.541e-01  9.623e-01  9.688e-01  9.741e-01  9.783e-01  9.818e-01  9.846e-01  9.869e-01  9.888e-01  9.904e-01  9.917e-01  9.928e-01  9.938e-01  9.946e-01  9.952e-01  9.958e-01  9.963e-01  9.967e-01  9.971e-01  9.974e-01  9.977e-01  9.979e-01  9.981e-01 	
 5.807e-04  2.478e-03  5.045e-03  6.455e-03  8.051e-03  1.110e-02  1.715e-02  2.845e-02  4.803e-02  7.949e-02  1.262e-01  1.902e-01  2.704e-01  3.623e-01  4.588e-01  5.525e-01  6.374e-01  7.104e-01  7.706e-01  8.190e-01  8.572e-01  8.871e-01  9.103e-01  9.283e-01  9.424e-01  9.534e-01  9.620e-01  9.688e-01  9.743e-01  9.786e-01  9.821e-01  9.850e-01  9.873e-01  9.892e-01  9.907e-01  9.920e-01  9.931e-01  9.940e-01  9.948e-01  9.955e-01  9.960e-01  9.965e-01  9.969e-01  9.972e-01  9.975e-01  9.978e-01  9.980e-01  9.982e-01  9.984e-01  9.985e-01 	
 1.020e-03  4.346e-03  8.825e-03  1.128e-02  1.405e-02  1.930e-02  2.962e-02  4.854e-02  8.036e-02  1.292e-01  1.975e-01  2.836e-01  3.819e-01  4.836e-01  5.801e-01  6.655e-01  7.369e-01  7.945e-01  8.398e-01  8.748e-01  9.018e-01  9.224e-01  9.383e-01  9.506e-01  9.601e-01  9.676e-01  9.734e-01  9.781e-01  9.818e-01  9.847e-01  9.871e-01  9.891e-01  9.907e-01  9.920e-01  9.931e-01  9.941e-01  9.948e-01  9.955e-01  9.960e-01  9.965e-01  9.969e-01  9.973e-01  9.976e-01  9.978e-01  9.980e-01  9.982e-01  9.984e-01  9.986e-01  9.987e-01  9.988e-01 	
 1.790e-03  7.601e-03  1.538e-02  1.962e-02  2.437e-02  3.328e-02  5.047e-02  8.099e-02  1.299e-01  2.003e-01  2.906e-01  3.939e-01  5.000e-01  5.992e-01  6.853e-01  7.558e-01  8.116e-01  8.546e-01  8.873e-01  9.122e-01  9.310e-01  9.454e-01  9.563e-01  9.648e-01  9.714e-01  9.766e-01  9.806e-01  9.839e-01  9.865e-01  9.886e-01  9.903e-01  9.917e-01  9.929e-01  9.938e-01  9.947e-01  9.953e-01  9.959e-01  9.964e-01  9.968e-01  9.972e-01  9.975e-01  9.977e-01  9.980e-01  9.982e-01  9.983e-01  9.985e-01  9.986e-01  9.988e-01  9.989e-01  9.990e-01 	
 3.138e-03  1.324e-02  2.662e-02  3.386e-02  4.189e-02  5.661e-02  8.409e-02  1.305e-01  2.001e-01  2.919e-01  3.985e-01  5.084e-01  6.104e-01  6.977e-01  7.682e-01  8.230e-01  8.645e-01  8.958e-01  9.192e-01  9.368e-01  9.501e-01  9.602e-01  9.679e-01  9.739e-01  9.786e-01  9.823e-01  9.852e-01  9.876e-01  9.895e-01  9.911e-01  9.923e-01  9.934e-01  9.943e-01  9.950e-01  9.956e-01  9.961e-01  9.966e-01  9.970e-01  9.973e-01  9.976e-01  9.978e-01  9.980e-01  9.982e-01  9.984e-01  9.985e-01  9.987e-01  9.988e-01  9.989e-01  9.990e-01  9.990e-01 	
 5.493e-03  2.286e-02  4.554e-02  5.770e-02  7.085e-02  9.412e-02  1.354e-01  2.006e-01  2.905e-01  3.978e-01  5.102e-01  6.148e-01  7.039e-01  7.751e-01  8.297e-01  8.707e-01  9.011e-01  9.236e-01  9.404e-01  9.530e-01  9.625e-01  9.698e-01  9.754e-01  9.798e-01  9.833e-01  9.860e-01  9.882e-01  9.900e-01  9.914e-01  9.926e-01  9.936e-01  9.944e-01  9.951e-01  9.957e-01  9.962e-01  9.966e-01  9.970e-01  9.973e-01  9.976e-01  9.978e-01  9.980e-01  9.982e-01  9.983e-01  9.985e-01  9.986e-01  9.987e-01  9.988e-01  9.989e-01  9.990e-01  9.991e-01 	
 9.587e-03  3.889e-02  7.639e-02  9.615e-02  1.167e-01  1.512e-01  2.083e-01  2.916e-01  3.958e-01  5.082e-01  6.146e-01  7.056e-01  7.779e-01  8.330e-01  8.739e-01  9.040e-01  9.261e-01  9.425e-01  9.547e-01  9.639e-01  9.708e-01  9.762e-01  9.804e-01  9.837e-01  9.863e-01  9.884e-01  9.901e-01  9.915e-01  9.927e-01  9.936e-01  9.944e-01  9.951e-01  9.956e-01  9.961e-01  9.965e-01  9.969e-01  9.972e-01  9.975e-01  9.977e-01  9.979e-01  9.981e-01  9.982e-01  9.984e-01  9.985e-01  9.986e-01  9.987e-01  9.988e-01  9.989e-01  9.990e-01  9.990e-01 	
 1.665e-02  6.456e-02  1.240e-01  1.546e-01  1.847e-01  2.315e-01  3.034e-01  3.990e-01  5.073e-01  6.131e-01  7.050e-01  7.784e-01  8.341e-01  8.753e-01  9.054e-01  9.273e-01  9.435e-01  9.555e-01  9.645e-01  9.713e-01  9.765e-01  9.806e-01  9.838e-01  9.864e-01  9.884e-01  9.901e-01  9.914e-01  9.925e-01  9.935e-01  9.943e-01  9.949e-01  9.955e-01  9.959e-01  9.964e-01  9.967e-01  9.970e-01  9.973e-01  9.975e-01  9.977e-01  9.979e-01  9.981e-01  9.982e-01  9.984e-01  9.985e-01  9.986e-01  9.987e-01  9.988e-01  9.988e-01  9.989e-01  9.990e-01 	
 2.869e-02  1.031e-01  1.914e-01  2.354e-01  2.757e-01  3.336e-01  4.150e-01  5.134e-01  6.145e-01  7.050e-01  7.785e-01  8.345e-01  8.759e-01  9.060e-01  9.279e-01  9.440e-01  9.558e-01  9.647e-01  9.714e-01  9.765e-01  9.805e-01  9.837e-01  9.862e-01  9.882e-01  9.898e-01  9.912e-01  9.923e-01  9.932e-01  9.940e-01  9.946e-01  9.952e-01  9.957e-01  9.961e-01  9.965e-01  9.968e-01  9.970e-01  9.973e-01  9.975e-01  9.977e-01  9.979e-01  9.980e-01  9.982e-01  9.983e-01  9.984e-01  9.985e-01  9.986e-01  9.987e-01  9.987e-01  9.988e-01  9.989e-01 	
 4.882e-02  1.557e-01  2.750e-01  3.326e-01  3.818e-01  4.467e-01  5.299e-01  6.213e-01  7.073e-01  7.793e-01  8.350e-01  8.763e-01  9.064e-01  9.282e-01  9.442e-01  9.559e-01  9.647e-01  9.713e-01  9.764e-01  9.803e-01  9.834e-01  9.859e-01  9.879e-01  9.895e-01  9.908e-01  9.919e-01  9.928e-01  9.936e-01  9.943e-01  9.949e-01  9.953e-01  9.958e-01  9.961e-01  9.965e-01  9.968e-01  9.970e-01  9.972e-01  9.974e-01  9.976e-01  9.978e-01  9.979e-01  9.981e-01  9.982e-01  9.983e-01  9.984e-01  9.985e-01  9.986e-01  9.987e-01  9.987e-01  9.988e-01 	
 8.153e-02  2.203e-01  3.632e-01  4.303e-01  4.853e-01  5.522e-01  6.305e-01  7.094e-01  7.786e-01  8.337e-01  8.751e-01  9.054e-01  9.274e-01  9.434e-01  9.552e-01  9.640e-01  9.706e-01  9.757e-01  9.796e-01  9.827e-01  9.852e-01  9.872e-01  9.889e-01  9.902e-01  9.914e-01  9.923e-01  9.931e-01  9.938e-01  9.944e-01  9.949e-01  9.953e-01  9.957e-01  9.961e-01  9.964e-01  9.967e-01  9.969e-01  9.971e-01  9.973e-01  9.975e-01  9.977e-01  9.978e-01  9.979e-01  9.981e-01  9.982e-01  9.983e-01  9.984e-01  9.985e-01  9.986e-01  9.986e-01  9.987e-01 	
 1.325e-01  2.935e-01  4.435e-01  5.132e-01  5.699e-01  6.349e-01  7.055e-01  7.716e-01  8.267e-01  8.691e-01  9.006e-01  9.235e-01  9.402e-01  9.525e-01  9.616e-01  9.685e-01  9.738e-01  9.780e-01  9.812e-01  9.838e-01  9.860e-01  9.877e-01  9.891e-01  9.903e-01  9.914e-01  9.922e-01  9.930e-01  9.936e-01  9.942e-01  9.947e-01  9.951e-01  9.955e-01  9.959e-01  9.962e-01  9.964e-01  9.967e-01  9.969e-01  9.971e-01  9.973e-01  9.975e-01  9.976e-01  9.978e-01  9.979e-01  9.980e-01  9.981e-01  9.982e-01  9.983e-01  9.984e-01  9.985e-01  9.986e-01 	
 2.068e-01  3.763e-01  5.171e-01  5.824e-01  6.369e-01  6.972e-01  7.589e-01  8.138e-01  8.579e-01  8.913e-01  9.160e-01  9.340e-01  9.473e-01  9.573e-01  9.648e-01  9.706e-01  9.751e-01  9.786e-01  9.815e-01  9.839e-01  9.858e-01  9.874e-01  9.888e-01  9.899e-01  9.909e-01  9.918e-01  9.925e-01  9.932e-01  9.938e-01  9.943e-01  9.947e-01  9.951e-01  9.955e-01  9.958e-01  9.961e-01  9.964e-01  9.966e-01  9.968e-01  9.970e-01  9.972e-01  9.974e-01  9.975e-01  9.977e-01  9.978e-01  9.979e-01  9.981e-01  9.982e-01  9.983e-01  9.983e-01  9.984e-01 	
 3.043e-01  4.679e-01  5.898e-01  6.466e-01  6.955e-01  7.485e-01  8.004e-01  8.450e-01  8.801e-01  9.065e-01  9.261e-01  9.406e-01  9.515e-01  9.598e-01  9.662e-01  9.713e-01  9.753e-01  9.785e-01  9.812e-01  9.834e-01  9.852e-01  9.868e-01  9.882e-01  9.893e-01  9.903e-01  9.912e-01  9.920e-01  9.926e-01  9.932e-01  9.938e-01  9.943e-01  9.947e-01  9.951e-01  9.954e-01  9.958e-01  9.960e-01  9.963e-01  9.965e-01  9.968e-01  9.970e-01  9.971e-01  9.973e-01  9.975e-01  9.976e-01  9.978e-01  9.979e-01  9.980e-01  9.981e-01  9.982e-01  9.983e-01 	
 4.135e-01  5.553e-01  6.525e-01  6.990e-01  7.413e-01  7.868e-01  8.298e-01  8.660e-01  8.943e-01  9.157e-01  9.317e-01  9.439e-01  9.532e-01  9.605e-01  9.662e-01  9.709e-01  9.746e-01  9.777e-01  9.803e-01  9.825e-01  9.844e-01  9.860e-01  9.873e-01  9.885e-01  9.896e-01  9.905e-01  9.913e-01  9.921e-01  9.927e-01  9.933e-01  9.938e-01  9.943e-01  9.947e-01  9.951e-01  9.954e-01  9.957e-01  9.960e-01  9.963e-01  9.965e-01  9.967e-01  9.969e-01  9.971e-01  9.973e-01  9.974e-01  9.976e-01  9.977e-01  9.978e-01  9.979e-01  9.981e-01  9.982e-01 	
 5.141e-01  6.242e-01  6.967e-01  7.337e-01  7.703e-01  8.097e-01  8.462e-01  8.766e-01  9.004e-01  9.187e-01  9.327e-01  9.436e-01  9.522e-01  9.590e-01  9.646e-01  9.691e-01  9.729e-01  9.761e-01  9.788e-01  9.810e-01  9.830e-01  9.847e-01  9.862e-01  9.875e-01  9.886e-01  9.896e-01  9.905e-01  9.913e-01  9.920e-01  9.926e-01  9.932e-01  9.937e-01  9.942e-01  9.946e-01  9.950e-01  9.953e-01  9.956e-01  9.959e-01  9.962e-01  9.964e-01  9.966e-01  9.968e-01  9.970e-01  9.972e-01  9.973e-01  9.975e-01  9.976e-01  9.978e-01  9.979e-01  9.980e-01 	
 5.933e-01  6.727e-01  7.278e-01  7.583e-01  7.904e-01  8.245e-01  8.557e-01  8.816e-01  9.023e-01  9.186e-01  9.314e-01  9.417e-01  9.499e-01  9.567e-01  9.623e-01  9.670e-01  9.709e-01  9.742e-01  9.770e-01  9.795e-01  9.816e-01  9.834e-01  9.850e-01  9.864e-01  9.876e-01  9.887e-01  9.897e-01  9.905e-01  9.913e-01  9.920e-01  9.926e-01  9.932e-01  9.937e-01  9.941e-01  9.945e-01  9.949e-01  9.952e-01  9.956e-01  9.958e-01  9.961e-01  9.963e-01  9.966e-01  9.968e-01  9.970e-01  9.971e-01  9.973e-01  9.974e-01  9.976e-01  9.977e-01  9.978e-01 	
 6.590e-01  7.066e-01  7.467e-01  7.718e-01  8.000e-01  8.300e-01  8.574e-01  8.806e-01  8.996e-01  9.150e-01  9.275e-01  9.378e-01  9.462e-01  9.532e-01  9.591e-01  9.641e-01  9.683e-01  9.718e-01  9.749e-01  9.776e-01  9.799e-01  9.819e-01  9.836e-01  9.851e-01  9.865e-01  9.877e-01  9.887e-01  9.897e-01  9.905e-01  9.913e-01  9.919e-01  9.925e-01  9.931e-01  9.936e-01  9.940e-01  9.944e-01  9.948e-01  9.952e-01  9.955e-01  9.958e-01  9.960e-01  9.963e-01  9.965e-01  9.967e-01  9.969e-01  9.970e-01  9.972e-01  9.974e-01  9.975e-01  9.976e-01 	
 7.184e-01  7.345e-01  7.600e-01  7.794e-01  8.035e-01  8.298e-01  8.546e-01  8.762e-01  8.945e-01  9.097e-01  9.225e-01  9.330e-01  9.419e-01  9.493e-01  9.556e-01  9.609e-01  9.655e-01  9.693e-01  9.727e-01  9.755e-01  9.780e-01  9.802e-01  9.821e-01  9.838e-01  9.853e-01  9.866e-01  9.877e-01  9.887e-01  9.897e-01  9.905e-01  9.912e-01  9.919e-01  9.925e-01  9.930e-01  9.935e-01  9.940e-01  9.944e-01  9.947e-01  9.951e-01  9.954e-01  9.957e-01  9.959e-01  9.962e-01  9.964e-01  9.966e-01  9.968e-01  9.970e-01  9.971e-01  9.973e-01  9.974e-01 	
 7.625e-01  7.519e-01  7.651e-01  7.792e-01  7.997e-01  8.236e-01  8.471e-01  8.683e-01  8.869e-01  9.027e-01  9.161e-01  9.273e-01  9.368e-01  9.448e-01  9.516e-01  9.574e-01  9.623e-01  9.665e-01  9.702e-01  9.733e-01  9.760e-01  9.784e-01  9.805e-01  9.823e-01  9.839e-01  9.853e-01  9.866e-01  9.877e-01  9.887e-01  9.896e-01  9.904e-01  9.911e-01  9.918e-01  9.924e-01  9.929e-01  9.934e-01  9.939e-01  9.943e-01  9.946e-01  9.950e-01  9.953e-01  9.956e-01  9.958e-01  9.961e-01  9.963e-01  9.965e-01  9.967e-01  9.969e-01  9.970e-01  9.972e-01 	
 7.885e-01  7.573e-01  7.616e-01  7.717e-01  7.897e-01  8.123e-01  8.357e-01  8.576e-01  8.771e-01  8.939e-01  9.083e-01  9.205e-01  9.309e-01  9.396e-01  9.470e-01  9.533e-01  9.587e-01  9.633e-01  9.673e-01  9.708e-01  9.737e-01  9.763e-01  9.786e-01  9.806e-01  9.824e-01  9.839e-01  9.853e-01  9.865e-01  9.876e-01  9.886e-01  9.895e-01  9.903e-01  9.910e-01  9.917e-01  9.923e-01  9.928e-01  9.933e-01  9.937e-01  9.941e-01  9.945e-01  9.948e-01  9.952e-01  9.954e-01  9.957e-01  9.960e-01  9.962e-01  9.964e-01  9.966e-01  9.968e-01  9.969e-01 	
 8.051e-01  7.576e-01  7.544e-01  7.605e-01  7.762e-01  7.981e-01  8.220e-01  8.449e-01  8.657e-01  8.839e-01  8.995e-01  9.128e-01  9.241e-01  9.337e-01  9.419e-01  9.488e-01  9.547e-01  9.598e-01  9.642e-01  9.680e-01  9.712e-01  9.741e-01  9.766e-01  9.788e-01  9.807e-01  9.824e-01  9.839e-01  9.853e-01  9.865e-01  9.876e-01  9.885e-01  9.894e-01  9.902e-01  9.909e-01  9.915e-01  9.921e-01  9.927e-01  9.931e-01  9.936e-01  9.940e-01  9.944e-01  9.947e-01  9.950e-01  9.953e-01  9.956e-01  9.958e-01  9.961e-01  9.963e-01  9.965e-01  9.967e-01 	
 8.125e-01  7.522e-01  7.436e-01  7.467e-01  7.608e-01  7.824e-01  8.069e-01  8.312e-01  8.535e-01  8.731e-01  8.901e-01  9.047e-01  9.170e-01  9.275e-01  9.364e-01  9.440e-01  9.505e-01  9.560e-01  9.608e-01  9.649e-01  9.685e-01  9.717e-01  9.744e-01  9.768e-01  9.789e-01  9.808e-01  9.824e-01  9.839e-01  9.852e-01  9.864e-01  9.875e-01  9.884e-01  9.893e-01  9.900e-01  9.907e-01  9.914e-01  9.920e-01  9.925e-01  9.930e-01  9.934e-01  9.938e-01  9.942e-01  9.946e-01  9.949e-01  9.952e-01  9.954e-01  9.957e-01  9.959e-01  9.961e-01  9.963e-01 	
 8.129e-01  7.434e-01  7.317e-01  7.334e-01  7.467e-01  7.683e-01  7.935e-01  8.188e-01  8.423e-01  8.632e-01  8.813e-01  8.969e-01  9.101e-01  9.214e-01  9.310e-01  9.392e-01  9.462e-01  9.522e-01  9.574e-01  9.619e-01  9.658e-01  9.692e-01  9.722e-01  9.748e-01  9.771e-01  9.791e-01  9.809e-01  9.825e-01  9.839e-01  9.852e-01  9.864e-01  9.874e-01  9.883e-01  9.892e-01  9.899e-01  9.906e-01  9.913e-01  9.918e-01  9.924e-01  9.929e-01  9.933e-01  9.937e-01  9.941e-01  9.944e-01  9.947e-01  9.950e-01  9.953e-01  9.956e-01  9.958e-01  9.960e-01 	
 8.082e-01  7.330e-01  7.203e-01  7.222e-01  7.358e-01  7.578e-01  7.835e-01  8.093e-01  8.335e-01  8.551e-01  8.739e-01  8.902e-01  9.041e-01  9.160e-01  9.261e-01  9.348e-01  9.423e-01  9.487e-01  9.542e-01  9.590e-01  9.632e-01  9.668e-01  9.700e-01  9.728e-01  9.752e-01  9.774e-01  9.794e-01  9.811e-01  9.826e-01  9.840e-01  9.853e-01  9.864e-01  9.874e-01  9.883e-01  9.891e-01  9.899e-01  9.906e-01  9.912e-01  9.917e-01  9.923e-01  9.927e-01  9.932e-01  9.936e-01  9.940e-01  9.943e-01  9.946e-01  9.949e-01  9.952e-01  9.955e-01  9.957e-01 	
 8.000e-01  7.222e-01  7.090e-01  7.110e-01  7.247e-01  7.469e-01  7.731e-01  7.996e-01  8.245e-01  8.468e-01  8.665e-01  8.835e-01  8.981e-01  9.106e-01  9.213e-01  9.305e-01  9.384e-01  9.452e-01  9.511e-01  9.562e-01  9.606e-01  9.645e-01  9.679e-01  9.709e-01  9.735e-01  9.758e-01  9.779e-01  9.798e-01  9.814e-01  9.829e-01  9.842e-01  9.854e-01  9.865e-01  9.875e-01  9.883e-01  9.891e-01  9.899e-01  9.905e-01  9.912e-01  9.917e-01  9.922e-01  9.927e-01  9.931e-01  9.935e-01  9.939e-01  9.942e-01  9.946e-01  9.949e-01  9.951e-01  9.954e-01 	
 7.898e-01  7.116e-01  6.977e-01  6.985e-01  7.112e-01  7.332e-01  7.598e-01  7.874e-01  8.135e-01  8.371e-01  8.580e-01  8.760e-01  8.916e-01  9.049e-01  9.163e-01  9.261e-01  9.345e-01  9.417e-01  9.480e-01  9.534e-01  9.581e-01  9.623e-01  9.659e-01  9.691e-01  9.719e-01  9.743e-01  9.765e-01  9.785e-01  9.802e-01  9.818e-01  9.832e-01  9.845e-01  9.856e-01  9.867e-01  9.876e-01  9.885e-01  9.892e-01  9.900e-01  9.906e-01  9.912e-01  9.917e-01  9.922e-01  9.927e-01  9.931e-01  9.935e-01  9.939e-01  9.942e-01  9.945e-01  9.948e-01  9.951e-01 	
 7.789e-01  7.015e-01  6.877e-01  6.889e-01  7.020e-01  7.244e-01  7.514e-01  7.794e-01  8.061e-01  8.304e-01  8.518e-01  8.704e-01  8.865e-01  9.003e-01  9.122e-01  9.224e-01  9.312e-01  9.387e-01  9.453e-01  9.510e-01  9.559e-01  9.602e-01  9.640e-01  9.674e-01  9.703e-01  9.729e-01  9.752e-01  9.773e-01  9.792e-01  9.808e-01  9.823e-01  9.836e-01  9.848e-01  9.859e-01  9.869e-01  9.878e-01  9.886e-01  9.894e-01  9.901e-01  9.907e-01  9.913e-01  9.918e-01  9.923e-01  9.927e-01  9.932e-01  9.935e-01  9.939e-01  9.942e-01  9.945e-01  9.948e-01 	
 7.676e-01  6.919e-01  6.779e-01  6.787e-01  6.913e-01  7.135e-01  7.408e-01  7.695e-01  7.970e-01  8.221e-01  8.444e-01  8.638e-01  8.806e-01  8.951e-01  9.076e-01  9.183e-01  9.275e-01  9.354e-01  9.423e-01  9.483e-01  9.535e-01  9.581e-01  9.621e-01  9.656e-01  9.687e-01  9.714e-01  9.739e-01  9.760e-01  9.780e-01  9.797e-01  9.813e-01  9.827e-01  9.840e-01  9.851e-01  9.862e-01  9.871e-01  9.880e-01  9.888e-01  9.895e-01  9.902e-01  9.908e-01  9.913e-01  9.919e-01  9.923e-01  9.928e-01  9.932e-01  9.936e-01  9.939e-01  9.942e-01  9.945e-01 	
 7.564e-01  6.829e-01  6.690e-01  6.702e-01  6.828e-01  7.050e-01  7.326e-01  7.615e-01  7.895e-01  8.152e-01  8.380e-01  8.581e-01  8.754e-01  8.904e-01  9.033e-01  9.144e-01  9.240e-01  9.323e-01  9.395e-01  9.457e-01  9.512e-01  9.560e-01  9.601e-01  9.638e-01  9.671e-01  9.700e-01  9.725e-01  9.748e-01  9.768e-01  9.787e-01  9.803e-01  9.818e-01  9.831e-01  9.844e-01  9.855e-01  9.865e-01  9.874e-01  9.882e-01  9.890e-01  9.897e-01  9.903e-01  9.909e-01  9.914e-01  9.919e-01  9.924e-01  9.928e-01  9.932e-01  9.936e-01  9.939e-01  9.942e-01 	
 7.453e-01  6.745e-01  6.607e-01  6.616e-01  6.739e-01  6.958e-01  7.234e-01  7.528e-01  7.814e-01  8.077e-01  8.313e-01  8.520e-01  8.700e-01  8.855e-01  8.989e-01  9.105e-01  9.205e-01  9.291e-01  9.366e-01  9.432e-01  9.489e-01  9.538e-01  9.582e-01  9.621e-01  9.655e-01  9.685e-01  9.712e-01  9.736e-01  9.757e-01  9.776e-01  9.793e-01  9.809e-01  9.823e-01  9.836e-01  9.847e-01  9.858e-01  9.867e-01  9.876e-01  9.884e-01  9.891e-01  9.898e-01  9.904e-01  9.910e-01  9.915e-01  9.920e-01  9.925e-01  9.929e-01  9.933e-01  9.936e-01  9.939e-01 	
 7.343e-01  6.668e-01  6.534e-01  6.542e-01  6.661e-01  6.877e-01  7.153e-01  7.449e-01  7.740e-01  8.009e-01  8.250e-01  8.463e-01  8.648e-01  8.809e-01  8.948e-01  9.068e-01  9.171e-01  9.261e-01  9.339e-01  9.407e-01  9.466e-01  9.518e-01  9.563e-01  9.604e-01  9.639e-01  9.671e-01  9.699e-01  9.724e-01  9.746e-01  9.766e-01  9.784e-01  9.800e-01  9.815e-01  9.828e-01  9.840e-01  9.851e-01  9.861e-01  9.870e-01  9.879e-01  9.886e-01  9.893e-01  9.900e-01  9.906e-01  9.911e-01  9.916e-01  9.921e-01  9.925e-01  9.929e-01  9.933e-01  9.937e-01 	
 7.236e-01  6.599e-01  6.470e-01  6.478e-01  6.594e-01  6.807e-01  7.082e-01  7.379e-01  7.673e-01  7.946e-01  8.192e-01  8.410e-01  8.600e-01  8.766e-01  8.909e-01  9.032e-01  9.139e-01  9.232e-01  9.313e-01  9.383e-01  9.444e-01  9.498e-01  9.546e-01  9.587e-01  9.624e-01  9.657e-01  9.686e-01  9.712e-01  9.735e-01  9.756e-01  9.775e-01  9.792e-01  9.807e-01  9.821e-01  9.833e-01  9.845e-01  9.855e-01  9.865e-01  9.873e-01  9.881e-01  9.889e-01  9.895e-01  9.902e-01  9.907e-01  9.913e-01  9.917e-01  9.922e-01  9.926e-01  9.930e-01  9.934e-01 	
 7.132e-01  6.538e-01  6.414e-01  6.420e-01  6.531e-01  6.740e-01  7.013e-01  7.312e-01  7.608e-01  7.886e-01  8.137e-01  8.359e-01  8.554e-01  8.724e-01  8.871e-01  8.998e-01  9.109e-01  9.204e-01  9.288e-01  9.360e-01  9.424e-01  9.479e-01  9.528e-01  9.571e-01  9.610e-01  9.644e-01  9.674e-01  9.701e-01  9.725e-01  9.746e-01  9.766e-01  9.783e-01  9.799e-01  9.814e-01  9.827e-01  9.838e-01  9.849e-01  9.859e-01  9.868e-01  9.877e-01  9.884e-01  9.891e-01  9.898e-01  9.904e-01  9.909e-01  9.914e-01  9.919e-01  9.923e-01  9.927e-01  9.931e-01 	
 7.032e-01  6.486e-01  6.367e-01  6.371e-01  6.476e-01  6.680e-01  6.950e-01  7.250e-01  7.548e-01  7.830e-01  8.085e-01  8.312e-01  8.511e-01  8.685e-01  8.835e-01  8.966e-01  9.079e-01  9.178e-01  9.264e-01  9.338e-01  9.404e-01  9.461e-01  9.512e-01  9.556e-01  9.596e-01  9.631e-01  9.662e-01  9.690e-01  9.715e-01  9.737e-01  9.757e-01  9.775e-01  9.792e-01  9.807e-01  9.820e-01  9.832e-01  9.844e-01  9.854e-01  9.863e-01  9.872e-01  9.880e-01  9.887e-01  9.894e-01  9.900e-01  9.906e-01  9.911e-01  9.916e-01  9.920e-01  9.924e-01  9.928e-01 	
