 1.141e-03  1.857e-04  3.370e-04  5.925e-04  9.577e-04  1.430e-03  2.006e-03  2.681e-03  3.450e-03  4.313e-03  5.266e-03  6.308e-03  7.440e-03  8.659e-03  9.966e-03  1.136e-02  1.284e-02  1.441e-02  1.607e-02  1.782e-02  1.965e-02  2.158e-02  2.360e-02  2.570e-02  2.790e-02  3.020e-02  3.258e-02  3.507e-02  3.765e-02  4.032e-02  4.310e-02  4.597e-02  4.893e-02  5.200e-02  5.515e-02  5.841e-02  6.175e-02  6.519e-02  6.872e-02  7.234e-02  7.605e-02  7.985e-02  8.375e-02  8.777e-02  9.191e-02  9.621e-02  1.007e-01  1.055e-01  1.107e-01  1.164e-01 	
 3.807e-04  7.921e-05  4.727e-04  8.905e-04  1.412e-03  2.054e-03  2.819e-03  3.705e-03  4.711e-03  5.835e-03  7.075e-03  8.430e-03  9.900e-03  1.148e-02  1.318e-02  1.500e-02  1.693e-02  1.897e-02  2.114e-02  2.342e-02  2.582e-02  2.834e-02  3.099e-02  3.376e-02  3.666e-02  3.968e-02  4.283e-02  4.611e-02  4.952e-02  5.305e-02  5.672e-02  6.051e-02  6.443e-02  6.846e-02  7.262e-02  7.690e-02  8.128e-02  8.577e-02  9.037e-02  9.506e-02  9.985e-02  1.047e-01  1.097e-01  1.147e-01  1.199e-01  1.251e-01  1.304e-01  1.359e-01  1.414e-01  1.471e-01 	
 1.587e-04  1.535e-04  7.044e-04  1.261e-03  1.948e-03  2.793e-03  3.801e-03  4.971e-03  6.300e-03  7.787e-03  9.428e-03  1.122e-02  1.317e-02  1.528e-02  1.753e-02  1.995e-02  2.252e-02  2.525e-02  2.814e-02  3.119e-02  3.441e-02  3.779e-02  4.135e-02  4.508e-02  4.897e-02  5.304e-02  5.728e-02  6.169e-02  6.626e-02  7.100e-02  7.590e-02  8.096e-02  8.616e-02  9.151e-02  9.699e-02  1.026e-01  1.083e-01  1.142e-01  1.201e-01  1.262e-01  1.323e-01  1.385e-01  1.447e-01  1.510e-01  1.573e-01  1.637e-01  1.700e-01  1.762e-01  1.824e-01  1.884e-01 	
 1.262e-04  3.105e-04  1.005e-03  1.726e-03  2.626e-03  3.739e-03  5.071e-03  6.618e-03  8.378e-03  1.035e-02  1.252e-02  1.490e-02  1.749e-02  2.028e-02  2.328e-02  2.650e-02  2.993e-02  3.358e-02  3.745e-02  4.155e-02  4.587e-02  5.041e-02  5.519e-02  6.019e-02  6.541e-02  7.085e-02  7.650e-02  8.235e-02  8.841e-02  9.465e-02  1.011e-01  1.076e-01  1.144e-01  1.213e-01  1.283e-01  1.354e-01  1.426e-01  1.499e-01  1.573e-01  1.647e-01  1.722e-01  1.797e-01  1.873e-01  1.948e-01  2.022e-01  2.096e-01  2.168e-01  2.239e-01  2.306e-01  2.370e-01 	
 1.657e-04  5.236e-04  1.389e-03  2.329e-03  3.514e-03  4.985e-03  6.746e-03  8.794e-03  1.112e-02  1.373e-02  1.661e-02  1.978e-02  2.322e-02  2.694e-02  3.095e-02  3.525e-02  3.985e-02  4.474e-02  4.994e-02  5.543e-02  6.123e-02  6.731e-02  7.369e-02  8.034e-02  8.725e-02  9.441e-02  1.018e-01  1.094e-01  1.172e-01  1.252e-01  1.334e-01  1.417e-01  1.501e-01  1.586e-01  1.672e-01  1.758e-01  1.845e-01  1.933e-01  2.020e-01  2.108e-01  2.195e-01  2.282e-01  2.368e-01  2.454e-01  2.537e-01  2.620e-01  2.699e-01  2.775e-01  2.847e-01  2.912e-01 	
 2.421e-04  7.963e-04  1.887e-03  3.122e-03  4.689e-03  6.634e-03  8.966e-03  1.168e-02  1.477e-02  1.823e-02  2.206e-02  2.627e-02  3.086e-02  3.584e-02  4.122e-02  4.699e-02  5.316e-02  5.973e-02  6.669e-02  7.402e-02  8.172e-02  8.977e-02  9.814e-02  1.068e-01  1.157e-01  1.249e-01  1.343e-01  1.439e-01  1.536e-01  1.634e-01  1.734e-01  1.834e-01  1.934e-01  2.035e-01  2.136e-01  2.236e-01  2.336e-01  2.436e-01  2.534e-01  2.632e-01  2.729e-01  2.825e-01  2.919e-01  3.011e-01  3.101e-01  3.189e-01  3.272e-01  3.351e-01  3.424e-01  3.489e-01 	
 3.509e-04  1.147e-03  2.544e-03  4.174e-03  6.247e-03  8.822e-03  1.191e-02  1.551e-02  1.961e-02  2.421e-02  2.933e-02  3.496e-02  4.112e-02  4.780e-02  5.502e-02  6.276e-02  7.101e-02  7.975e-02  8.895e-02  9.858e-02  1.086e-01  1.190e-01  1.296e-01  1.406e-01  1.517e-01  1.630e-01  1.745e-01  1.860e-01  1.976e-01  2.092e-01  2.207e-01  2.323e-01  2.437e-01  2.551e-01  2.663e-01  2.774e-01  2.883e-01  2.991e-01  3.097e-01  3.202e-01  3.304e-01  3.405e-01  3.503e-01  3.598e-01  3.690e-01  3.779e-01  3.863e-01  3.942e-01  4.013e-01  4.075e-01 	
 4.992e-04  1.604e-03  3.413e-03  5.569e-03  8.313e-03  1.172e-02  1.582e-02  2.060e-02  2.606e-02  3.222e-02  3.908e-02  4.664e-02  5.490e-02  6.387e-02  7.350e-02  8.378e-02  9.464e-02  1.060e-01  1.179e-01  1.302e-01  1.428e-01  1.557e-01  1.688e-01  1.821e-01  1.954e-01  2.087e-01  2.220e-01  2.353e-01  2.484e-01  2.614e-01  2.742e-01  2.869e-01  2.993e-01  3.115e-01  3.234e-01  3.351e-01  3.465e-01  3.577e-01  3.686e-01  3.792e-01  3.896e-01  3.997e-01  4.094e-01  4.188e-01  4.279e-01  4.365e-01  4.447e-01  4.522e-01  4.589e-01  4.646e-01 	
 7.006e-04  2.206e-03  4.566e-03  7.422e-03  1.106e-02  1.558e-02  2.103e-02  2.741e-02  3.472e-02  4.298e-02  5.219e-02  6.233e-02  7.337e-02  8.526e-02  9.792e-02  1.113e-01  1.252e-01  1.396e-01  1.544e-01  1.695e-01  1.847e-01  2.001e-01  2.154e-01  2.307e-01  2.459e-01  2.608e-01  2.756e-01  2.901e-01  3.043e-01  3.182e-01  3.318e-01  3.450e-01  3.578e-01  3.703e-01  3.825e-01  3.943e-01  4.057e-01  4.167e-01  4.275e-01  4.378e-01  4.478e-01  4.575e-01  4.668e-01  4.757e-01  4.842e-01  4.923e-01  4.998e-01  5.067e-01  5.127e-01  5.178e-01 	
 9.739e-04  3.003e-03  6.099e-03  9.883e-03  1.471e-02  2.073e-02  2.801e-02  3.655e-02  4.637e-02  5.746e-02  6.978e-02  8.325e-02  9.775e-02  1.132e-01  1.293e-01  1.461e-01  1.633e-01  1.808e-01  1.985e-01  2.161e-01  2.337e-01  2.511e-01  2.683e-01  2.851e-01  3.015e-01  3.176e-01  3.332e-01  3.483e-01  3.630e-01  3.772e-01  3.909e-01  4.041e-01  4.169e-01  4.292e-01  4.410e-01  4.523e-01  4.633e-01  4.738e-01  4.838e-01  4.935e-01  5.028e-01  5.116e-01  5.201e-01  5.282e-01  5.358e-01  5.429e-01  5.495e-01  5.555e-01  5.607e-01  5.650e-01 	
 1.344e-03  4.059e-03  8.135e-03  1.316e-02  1.958e-02  2.763e-02  3.738e-02  4.887e-02  6.204e-02  7.682e-02  9.306e-02  1.106e-01  1.291e-01  1.485e-01  1.683e-01  1.886e-01  2.089e-01  2.292e-01  2.492e-01  2.690e-01  2.883e-01  3.071e-01  3.254e-01  3.431e-01  3.601e-01  3.765e-01  3.923e-01  4.075e-01  4.220e-01  4.359e-01  4.491e-01  4.618e-01  4.739e-01  4.855e-01  4.965e-01  5.070e-01  5.170e-01  5.265e-01  5.355e-01  5.441e-01  5.523e-01  5.600e-01  5.673e-01  5.742e-01  5.806e-01  5.866e-01  5.921e-01  5.970e-01  6.012e-01  6.046e-01 	
 1.844e-03  5.464e-03  1.085e-02  1.753e-02  2.611e-02  3.691e-02  5.002e-02  6.541e-02  8.290e-02  1.023e-01  1.231e-01  1.452e-01  1.680e-01  1.913e-01  2.147e-01  2.379e-01  2.608e-01  2.833e-01  3.050e-01  3.261e-01  3.463e-01  3.658e-01  3.844e-01  4.022e-01  4.191e-01  4.352e-01  4.505e-01  4.650e-01  4.788e-01  4.918e-01  5.041e-01  5.158e-01  5.268e-01  5.371e-01  5.469e-01  5.561e-01  5.648e-01  5.730e-01  5.806e-01  5.878e-01  5.946e-01  6.009e-01  6.068e-01  6.123e-01  6.173e-01  6.220e-01  6.262e-01  6.299e-01  6.330e-01  6.356e-01 	
 2.518e-03  7.333e-03  1.446e-02  2.339e-02  3.491e-02  4.943e-02  6.699e-02  8.736e-02  1.101e-01  1.347e-01  1.607e-01  1.873e-01  2.142e-01  2.409e-01  2.672e-01  2.927e-01  3.173e-01  3.410e-01  3.636e-01  3.850e-01  4.054e-01  4.246e-01  4.428e-01  4.599e-01  4.760e-01  4.912e-01  5.054e-01  5.187e-01  5.312e-01  5.428e-01  5.537e-01  5.639e-01  5.734e-01  5.822e-01  5.904e-01  5.980e-01  6.051e-01  6.116e-01  6.177e-01  6.233e-01  6.284e-01  6.332e-01  6.375e-01  6.415e-01  6.451e-01  6.484e-01  6.513e-01  6.538e-01  6.560e-01  6.577e-01 	
 3.424e-03  9.823e-03  1.929e-02  3.126e-02  4.677e-02  6.623e-02  8.946e-02  1.158e-01  1.445e-01  1.747e-01  2.055e-01  2.363e-01  2.665e-01  2.958e-01  3.239e-01  3.507e-01  3.761e-01  4.000e-01  4.224e-01  4.434e-01  4.630e-01  4.813e-01  4.983e-01  5.141e-01  5.288e-01  5.423e-01  5.549e-01  5.665e-01  5.773e-01  5.871e-01  5.962e-01  6.045e-01  6.122e-01  6.191e-01  6.255e-01  6.313e-01  6.366e-01  6.414e-01  6.457e-01  6.496e-01  6.531e-01  6.563e-01  6.591e-01  6.616e-01  6.638e-01  6.658e-01  6.675e-01  6.691e-01  6.704e-01  6.715e-01 	
 4.644e-03  1.315e-02  2.577e-02  4.189e-02  6.272e-02  8.851e-02  1.185e-01  1.516e-01  1.864e-01  2.217e-01  2.567e-01  2.907e-01  3.231e-01  3.539e-01  3.827e-01  4.096e-01  4.346e-01  4.578e-01  4.791e-01  4.988e-01  5.169e-01  5.335e-01  5.487e-01  5.626e-01  5.753e-01  5.869e-01  5.973e-01  6.069e-01  6.155e-01  6.232e-01  6.302e-01  6.365e-01  6.421e-01  6.471e-01  6.515e-01  6.555e-01  6.589e-01  6.620e-01  6.647e-01  6.670e-01  6.690e-01  6.707e-01  6.722e-01  6.735e-01  6.746e-01  6.756e-01  6.764e-01  6.772e-01  6.779e-01  6.787e-01 	
 6.283e-03  1.760e-02  3.449e-02  5.618e-02  8.391e-02  1.173e-01  1.549e-01  1.947e-01  2.351e-01  2.747e-01  3.127e-01  3.485e-01  3.819e-01  4.127e-01  4.411e-01  4.670e-01  4.907e-01  5.122e-01  5.317e-01  5.493e-01  5.652e-01  5.795e-01  5.924e-01  6.039e-01  6.141e-01  6.233e-01  6.314e-01  6.385e-01  6.448e-01  6.503e-01  6.551e-01  6.593e-01  6.629e-01  6.660e-01  6.686e-01  6.709e-01  6.728e-01  6.743e-01  6.756e-01  6.767e-01  6.776e-01  6.783e-01  6.788e-01  6.793e-01  6.796e-01  6.800e-01  6.803e-01  6.807e-01  6.811e-01  6.818e-01 	
 8.491e-03  2.358e-02  4.621e-02  7.525e-02  1.115e-01  1.534e-01  1.986e-01  2.445e-01  2.893e-01  3.317e-01  3.711e-01  4.073e-01  4.403e-01  4.700e-01  4.968e-01  5.208e-01  5.422e-01  5.612e-01  5.781e-01  5.931e-01  6.062e-01  6.177e-01  6.278e-01  6.366e-01  6.442e-01  6.507e-01  6.563e-01  6.610e-01  6.650e-01  6.684e-01  6.712e-01  6.735e-01  6.754e-01  6.770e-01  6.782e-01  6.792e-01  6.799e-01  6.805e-01  6.809e-01  6.812e-01  6.814e-01  6.815e-01  6.816e-01  6.817e-01  6.817e-01  6.819e-01  6.820e-01  6.824e-01  6.828e-01  6.835e-01 	
 1.146e-02  3.163e-02  6.192e-02  1.003e-01  1.462e-01  1.970e-01  2.490e-01  2.995e-01  3.470e-01  3.905e-01  4.299e-01  4.650e-01  4.962e-01  5.236e-01  5.478e-01  5.689e-01  5.873e-01  6.032e-01  6.169e-01  6.287e-01  6.387e-01  6.472e-01  6.543e-01  6.602e-01  6.652e-01  6.692e-01  6.725e-01  6.751e-01  6.772e-01  6.789e-01  6.801e-01  6.811e-01  6.818e-01  6.823e-01  6.826e-01  6.828e-01  6.830e-01  6.830e-01  6.831e-01  6.831e-01  6.832e-01  6.832e-01  6.833e-01  6.834e-01  6.835e-01  6.838e-01  6.841e-01  6.846e-01  6.853e-01  6.861e-01 	
 1.547e-02  4.245e-02  8.274e-02  1.323e-01  1.886e-01  2.474e-01  3.047e-01  3.581e-01  4.064e-01  4.493e-01  4.868e-01  5.195e-01  5.477e-01  5.719e-01  5.925e-01  6.100e-01  6.247e-01  6.370e-01  6.472e-01  6.556e-01  6.624e-01  6.678e-01  6.722e-01  6.756e-01  6.782e-01  6.802e-01  6.817e-01  6.827e-01  6.835e-01  6.840e-01  6.843e-01  6.845e-01  6.846e-01  6.847e-01  6.847e-01  6.848e-01  6.849e-01  6.849e-01  6.851e-01  6.853e-01  6.855e-01  6.858e-01  6.861e-01  6.865e-01  6.870e-01  6.876e-01  6.883e-01  6.890e-01  6.899e-01  6.910e-01 	
 2.086e-02  5.694e-02  1.099e-01  1.721e-01  2.384e-01  3.037e-01  3.642e-01  4.183e-01  4.654e-01  5.059e-01  5.403e-01  5.693e-01  5.934e-01  6.134e-01  6.298e-01  6.432e-01  6.539e-01  6.624e-01  6.690e-01  6.741e-01  6.780e-01  6.808e-01  6.829e-01  6.844e-01  6.853e-01  6.860e-01  6.864e-01  6.866e-01  6.867e-01  6.867e-01  6.867e-01  6.868e-01  6.869e-01  6.870e-01  6.872e-01  6.875e-01  6.878e-01  6.883e-01  6.887e-01  6.893e-01  6.899e-01  6.906e-01  6.914e-01  6.922e-01  6.931e-01  6.940e-01  6.950e-01  6.960e-01  6.971e-01  6.983e-01 	
 2.810e-02  7.599e-02  1.439e-01  2.191e-01  2.942e-01  3.637e-01  4.251e-01  4.777e-01  5.219e-01  5.584e-01  5.883e-01  6.125e-01  6.318e-01  6.470e-01  6.589e-01  6.679e-01  6.747e-01  6.796e-01  6.832e-01  6.856e-01  6.872e-01  6.883e-01  6.888e-01  6.891e-01  6.892e-01  6.893e-01  6.893e-01  6.893e-01  6.893e-01  6.895e-01  6.897e-01  6.901e-01  6.905e-01  6.910e-01  6.916e-01  6.923e-01  6.931e-01  6.940e-01  6.949e-01  6.959e-01  6.970e-01  6.981e-01  6.992e-01  7.004e-01  7.016e-01  7.028e-01  7.040e-01  7.053e-01  7.065e-01  7.078e-01 	
 3.774e-02  1.002e-01  1.842e-01  2.713e-01  3.526e-01  4.239e-01  4.839e-01  5.331e-01  5.727e-01  6.041e-01  6.286e-01  6.474e-01  6.615e-01  6.719e-01  6.794e-01  6.845e-01  6.880e-01  6.902e-01  6.915e-01  6.922e-01  6.925e-01  6.925e-01  6.925e-01  6.924e-01  6.924e-01  6.925e-01  6.927e-01  6.930e-01  6.934e-01  6.940e-01  6.947e-01  6.955e-01  6.964e-01  6.975e-01  6.985e-01  6.997e-01  7.009e-01  7.022e-01  7.035e-01  7.049e-01  7.063e-01  7.077e-01  7.091e-01  7.105e-01  7.119e-01  7.133e-01  7.147e-01  7.160e-01  7.174e-01  7.186e-01 	
 5.048e-02  1.297e-01  2.287e-01  3.248e-01  4.095e-01  4.801e-01  5.368e-01  5.813e-01  6.154e-01  6.410e-01  6.597e-01  6.731e-01  6.823e-01  6.884e-01  6.923e-01  6.946e-01  6.957e-01  6.963e-01  6.964e-01  6.963e-01  6.962e-01  6.961e-01  6.962e-01  6.964e-01  6.967e-01  6.973e-01  6.979e-01  6.988e-01  6.998e-01  7.009e-01  7.021e-01  7.034e-01  7.048e-01  7.062e-01  7.077e-01  7.092e-01  7.107e-01  7.123e-01  7.139e-01  7.155e-01  7.170e-01  7.186e-01  7.201e-01  7.216e-01  7.231e-01  7.246e-01  7.260e-01  7.274e-01  7.287e-01  7.300e-01 	
 6.711e-02  1.639e-01  2.743e-01  3.754e-01  4.606e-01  5.287e-01  5.810e-01  6.200e-01  6.482e-01  6.679e-01  6.813e-01  6.899e-01  6.952e-01  6.982e-01  6.997e-01  7.003e-01  7.005e-01  7.004e-01  7.003e-01  7.003e-01  7.004e-01  7.008e-01  7.014e-01  7.022e-01  7.031e-01  7.042e-01  7.055e-01  7.069e-01  7.084e-01  7.099e-01  7.115e-01  7.132e-01  7.149e-01  7.166e-01  7.183e-01  7.200e-01  7.217e-01  7.234e-01  7.251e-01  7.268e-01  7.284e-01  7.300e-01  7.316e-01  7.331e-01  7.346e-01  7.360e-01  7.374e-01  7.387e-01  7.400e-01  7.412e-01 	
 8.849e-02  2.022e-01  3.191e-01  4.212e-01  5.043e-01  5.684e-01  6.154e-01  6.486e-01  6.711e-01  6.857e-01  6.946e-01  6.998e-01  7.026e-01  7.038e-01  7.043e-01  7.045e-01  7.045e-01  7.047e-01  7.051e-01  7.056e-01  7.065e-01  7.075e-01  7.087e-01  7.101e-01  7.116e-01  7.132e-01  7.150e-01  7.167e-01  7.186e-01  7.204e-01  7.223e-01  7.241e-01  7.260e-01  7.278e-01  7.296e-01  7.314e-01  7.331e-01  7.348e-01  7.365e-01  7.381e-01  7.397e-01  7.413e-01  7.428e-01  7.442e-01  7.456e-01  7.470e-01  7.483e-01  7.496e-01  7.507e-01  7.518e-01 	
 1.155e-01  2.450e-01  3.640e-01  4.636e-01  5.425e-01  6.010e-01  6.421e-01  6.694e-01  6.867e-01  6.970e-01  7.029e-01  7.060e-01  7.075e-01  7.082e-01  7.087e-01  7.092e-01  7.098e-01  7.106e-01  7.117e-01  7.130e-01  7.145e-01  7.161e-01  7.179e-01  7.198e-01  7.217e-01  7.237e-01  7.256e-01  7.276e-01  7.296e-01  7.316e-01  7.335e-01  7.354e-01  7.373e-01  7.391e-01  7.409e-01  7.426e-01  7.443e-01  7.460e-01  7.476e-01  7.491e-01  7.506e-01  7.520e-01  7.534e-01  7.548e-01  7.561e-01  7.573e-01  7.585e-01  7.597e-01  7.607e-01  7.617e-01 	
 1.483e-01  2.915e-01  4.089e-01  5.033e-01  5.759e-01  6.279e-01  6.627e-01  6.845e-01  6.975e-01  7.049e-01  7.089e-01  7.111e-01  7.124e-01  7.134e-01  7.144e-01  7.156e-01  7.170e-01  7.185e-01  7.202e-01  7.221e-01  7.241e-01  7.262e-01  7.283e-01  7.304e-01  7.325e-01  7.346e-01  7.367e-01  7.388e-01  7.408e-01  7.427e-01  7.446e-01  7.465e-01  7.483e-01  7.500e-01  7.517e-01  7.533e-01  7.549e-01  7.564e-01  7.579e-01  7.593e-01  7.606e-01  7.620e-01  7.632e-01  7.645e-01  7.656e-01  7.668e-01  7.679e-01  7.689e-01  7.699e-01  7.708e-01 	
 1.866e-01  3.399e-01  4.520e-01  5.387e-01  6.038e-01  6.489e-01  6.778e-01  6.953e-01  7.053e-01  7.111e-01  7.145e-01  7.167e-01  7.185e-01  7.201e-01  7.219e-01  7.237e-01  7.257e-01  7.278e-01  7.300e-01  7.323e-01  7.345e-01  7.368e-01  7.390e-01  7.412e-01  7.434e-01  7.455e-01  7.475e-01  7.495e-01  7.514e-01  7.533e-01  7.550e-01  7.568e-01  7.584e-01  7.600e-01  7.616e-01  7.630e-01  7.645e-01  7.658e-01  7.672e-01  7.684e-01  7.697e-01  7.709e-01  7.720e-01  7.731e-01  7.742e-01  7.752e-01  7.761e-01  7.771e-01  7.780e-01  7.788e-01 	
 2.286e-01  3.879e-01  4.922e-01  5.701e-01  6.273e-01  6.659e-01  6.899e-01  7.043e-01  7.128e-01  7.180e-01  7.216e-01  7.243e-01  7.267e-01  7.291e-01  7.314e-01  7.338e-01  7.362e-01  7.386e-01  7.409e-01  7.433e-01  7.456e-01  7.479e-01  7.500e-01  7.522e-01  7.542e-01  7.562e-01  7.581e-01  7.599e-01  7.617e-01  7.633e-01  7.650e-01  7.665e-01  7.680e-01  7.695e-01  7.708e-01  7.722e-01  7.734e-01  7.747e-01  7.758e-01  7.770e-01  7.781e-01  7.791e-01  7.801e-01  7.811e-01  7.820e-01  7.829e-01  7.838e-01  7.846e-01  7.854e-01  7.862e-01 	
 2.712e-01  4.314e-01  5.270e-01  5.963e-01  6.464e-01  6.797e-01  7.004e-01  7.131e-01  7.211e-01  7.265e-01  7.305e-01  7.339e-01  7.368e-01  7.396e-01  7.423e-01  7.449e-01  7.474e-01  7.499e-01  7.522e-01  7.545e-01  7.567e-01  7.588e-01  7.609e-01  7.628e-01  7.647e-01  7.664e-01  7.681e-01  7.698e-01  7.713e-01  7.728e-01  7.743e-01  7.756e-01  7.770e-01  7.782e-01  7.794e-01  7.806e-01  7.817e-01  7.828e-01  7.838e-01  7.848e-01  7.857e-01  7.867e-01  7.875e-01  7.884e-01  7.892e-01  7.900e-01  7.907e-01  7.915e-01  7.922e-01  7.928e-01 	
 3.100e-01  4.668e-01  5.550e-01  6.175e-01  6.622e-01  6.918e-01  7.106e-01  7.226e-01  7.306e-01  7.364e-01  7.408e-01  7.445e-01  7.478e-01  7.507e-01  7.535e-01  7.561e-01  7.585e-01  7.608e-01  7.630e-01  7.651e-01  7.671e-01  7.690e-01  7.707e-01  7.725e-01  7.741e-01  7.757e-01  7.772e-01  7.786e-01  7.799e-01  7.812e-01  7.825e-01  7.837e-01  7.848e-01  7.859e-01  7.870e-01  7.880e-01  7.890e-01  7.899e-01  7.908e-01  7.917e-01  7.925e-01  7.933e-01  7.940e-01  7.948e-01  7.955e-01  7.962e-01  7.968e-01  7.975e-01  7.981e-01  7.987e-01 	
 3.437e-01  4.950e-01  5.777e-01  6.351e-01  6.759e-01  7.032e-01  7.210e-01  7.328e-01  7.409e-01  7.469e-01  7.515e-01  7.553e-01  7.586e-01  7.615e-01  7.641e-01  7.665e-01  7.688e-01  7.709e-01  7.728e-01  7.747e-01  7.764e-01  7.781e-01  7.797e-01  7.811e-01  7.826e-01  7.839e-01  7.852e-01  7.864e-01  7.876e-01  7.888e-01  7.898e-01  7.909e-01  7.919e-01  7.928e-01  7.937e-01  7.946e-01  7.954e-01  7.962e-01  7.970e-01  7.977e-01  7.984e-01  7.991e-01  7.998e-01  8.004e-01  8.010e-01  8.016e-01  8.022e-01  8.028e-01  8.033e-01  8.039e-01 	
 3.730e-01  5.199e-01  5.986e-01  6.520e-01  6.899e-01  7.154e-01  7.325e-01  7.440e-01  7.521e-01  7.580e-01  7.626e-01  7.662e-01  7.693e-01  7.720e-01  7.744e-01  7.766e-01  7.785e-01  7.804e-01  7.821e-01  7.836e-01  7.851e-01  7.866e-01  7.879e-01  7.892e-01  7.904e-01  7.916e-01  7.927e-01  7.937e-01  7.947e-01  7.957e-01  7.966e-01  7.975e-01  7.983e-01  7.991e-01  7.999e-01  8.007e-01  8.014e-01  8.021e-01  8.027e-01  8.034e-01  8.040e-01  8.046e-01  8.051e-01  8.057e-01  8.062e-01  8.067e-01  8.072e-01  8.077e-01  8.082e-01  8.087e-01 	
 3.984e-01  5.426e-01  6.187e-01  6.689e-01  7.042e-01  7.283e-01  7.445e-01  7.555e-01  7.633e-01  7.689e-01  7.732e-01  7.766e-01  7.793e-01  7.817e-01  7.838e-01  7.856e-01  7.873e-01  7.888e-01  7.903e-01  7.916e-01  7.929e-01  7.941e-01  7.952e-01  7.963e-01  7.973e-01  7.983e-01  7.992e-01  8.001e-01  8.010e-01  8.018e-01  8.026e-01  8.033e-01  8.041e-01  8.047e-01  8.054e-01  8.061e-01  8.067e-01  8.073e-01  8.078e-01  8.084e-01  8.089e-01  8.094e-01  8.099e-01  8.104e-01  8.108e-01  8.113e-01  8.117e-01  8.121e-01  8.126e-01  8.130e-01 	
 4.202e-01  5.641e-01  6.385e-01  6.863e-01  7.195e-01  7.423e-01  7.576e-01  7.679e-01  7.750e-01  7.801e-01  7.839e-01  7.868e-01  7.891e-01  7.911e-01  7.927e-01  7.942e-01  7.956e-01  7.968e-01  7.979e-01  7.990e-01  8.000e-01  8.010e-01  8.019e-01  8.028e-01  8.036e-01  8.044e-01  8.052e-01  8.059e-01  8.066e-01  8.073e-01  8.079e-01  8.086e-01  8.092e-01  8.097e-01  8.103e-01  8.108e-01  8.113e-01  8.118e-01  8.123e-01  8.128e-01  8.132e-01  8.136e-01  8.141e-01  8.145e-01  8.148e-01  8.152e-01  8.156e-01  8.160e-01  8.164e-01  8.168e-01 	
 4.404e-01  5.857e-01  6.589e-01  7.047e-01  7.365e-01  7.582e-01  7.726e-01  7.821e-01  7.885e-01  7.928e-01  7.958e-01  7.981e-01  7.998e-01  8.011e-01  8.023e-01  8.033e-01  8.042e-01  8.050e-01  8.058e-01  8.065e-01  8.072e-01  8.079e-01  8.086e-01  8.092e-01  8.098e-01  8.104e-01  8.110e-01  8.115e-01  8.121e-01  8.126e-01  8.131e-01  8.136e-01  8.140e-01  8.145e-01  8.149e-01  8.154e-01  8.158e-01  8.162e-01  8.165e-01  8.169e-01  8.173e-01  8.176e-01  8.179e-01  8.183e-01  8.186e-01  8.189e-01  8.192e-01  8.195e-01  8.199e-01  8.202e-01 	
 4.604e-01  6.078e-01  6.793e-01  7.232e-01  7.536e-01  7.743e-01  7.877e-01  7.964e-01  8.019e-01  8.053e-01  8.076e-01  8.091e-01  8.101e-01  8.109e-01  8.115e-01  8.120e-01  8.124e-01  8.128e-01  8.132e-01  8.136e-01  8.140e-01  8.144e-01  8.148e-01  8.152e-01  8.156e-01  8.160e-01  8.163e-01  8.167e-01  8.171e-01  8.175e-01  8.178e-01  8.182e-01  8.185e-01  8.189e-01  8.192e-01  8.195e-01  8.198e-01  8.201e-01  8.204e-01  8.207e-01  8.210e-01  8.212e-01  8.215e-01  8.217e-01  8.220e-01  8.222e-01  8.225e-01  8.228e-01  8.230e-01  8.234e-01 	
 4.812e-01  6.298e-01  6.988e-01  7.402e-01  7.687e-01  7.880e-01  8.004e-01  8.081e-01  8.128e-01  8.155e-01  8.171e-01  8.180e-01  8.185e-01  8.188e-01  8.190e-01  8.191e-01  8.192e-01  8.193e-01  8.194e-01  8.195e-01  8.197e-01  8.198e-01  8.200e-01  8.202e-01  8.205e-01  8.207e-01  8.209e-01  8.212e-01  8.214e-01  8.216e-01  8.219e-01  8.221e-01  8.224e-01  8.226e-01  8.229e-01  8.231e-01  8.233e-01  8.236e-01  8.238e-01  8.240e-01  8.242e-01  8.244e-01  8.246e-01  8.248e-01  8.250e-01  8.252e-01  8.254e-01  8.256e-01  8.259e-01  8.261e-01 	
 5.035e-01  6.512e-01  7.168e-01  7.552e-01  7.816e-01  7.993e-01  8.105e-01  8.173e-01  8.213e-01  8.234e-01  8.245e-01  8.250e-01  8.251e-01  8.250e-01  8.249e-01  8.247e-01  8.246e-01  8.244e-01  8.244e-01  8.243e-01  8.243e-01  8.243e-01  8.244e-01  8.244e-01  8.245e-01  8.247e-01  8.248e-01  8.249e-01  8.251e-01  8.252e-01  8.254e-01  8.256e-01  8.257e-01  8.259e-01  8.261e-01  8.262e-01  8.264e-01  8.266e-01  8.267e-01  8.269e-01  8.270e-01  8.272e-01  8.273e-01  8.275e-01  8.276e-01  8.278e-01  8.280e-01  8.281e-01  8.284e-01  8.286e-01 	
 5.272e-01  6.718e-01  7.334e-01  7.687e-01  7.931e-01  8.094e-01  8.197e-01  8.258e-01  8.291e-01  8.308e-01  8.314e-01  8.315e-01  8.312e-01  8.309e-01  8.305e-01  8.300e-01  8.297e-01  8.293e-01  8.291e-01  8.288e-01  8.287e-01  8.285e-01  8.284e-01  8.284e-01  8.283e-01  8.283e-01  8.284e-01  8.284e-01  8.284e-01  8.285e-01  8.286e-01  8.287e-01  8.288e-01  8.288e-01  8.289e-01  8.290e-01  8.291e-01  8.293e-01  8.294e-01  8.295e-01  8.296e-01  8.297e-01  8.298e-01  8.299e-01  8.300e-01  8.301e-01  8.302e-01  8.304e-01  8.305e-01  8.308e-01 	
 5.519e-01  6.911e-01  7.484e-01  7.809e-01  8.034e-01  8.185e-01  8.280e-01  8.334e-01  8.362e-01  8.374e-01  8.376e-01  8.374e-01  8.368e-01  8.362e-01  8.355e-01  8.349e-01  8.343e-01  8.338e-01  8.333e-01  8.329e-01  8.326e-01  8.323e-01  8.321e-01  8.319e-01  8.318e-01  8.317e-01  8.316e-01  8.315e-01  8.315e-01  8.315e-01  8.315e-01  8.315e-01  8.315e-01  8.315e-01  8.316e-01  8.316e-01  8.316e-01  8.317e-01  8.317e-01  8.318e-01  8.319e-01  8.319e-01  8.320e-01  8.320e-01  8.321e-01  8.322e-01  8.323e-01  8.324e-01  8.325e-01  8.328e-01 	
 5.768e-01  7.089e-01  7.619e-01  7.915e-01  8.122e-01  8.262e-01  8.348e-01  8.397e-01  8.421e-01  8.429e-01  8.428e-01  8.422e-01  8.414e-01  8.406e-01  8.397e-01  8.389e-01  8.381e-01  8.374e-01  8.368e-01  8.363e-01  8.358e-01  8.355e-01  8.351e-01  8.348e-01  8.346e-01  8.344e-01  8.343e-01  8.341e-01  8.340e-01  8.339e-01  8.339e-01  8.338e-01  8.338e-01  8.338e-01  8.338e-01  8.338e-01  8.338e-01  8.338e-01  8.338e-01  8.338e-01  8.338e-01  8.338e-01  8.339e-01  8.339e-01  8.339e-01  8.340e-01  8.340e-01  8.341e-01  8.343e-01  8.345e-01 	
 6.012e-01  7.253e-01  7.739e-01  8.010e-01  8.201e-01  8.332e-01  8.412e-01  8.456e-01  8.476e-01  8.480e-01  8.477e-01  8.469e-01  8.458e-01  8.448e-01  8.437e-01  8.427e-01  8.418e-01  8.409e-01  8.402e-01  8.396e-01  8.390e-01  8.385e-01  8.381e-01  8.377e-01  8.374e-01  8.371e-01  8.369e-01  8.367e-01  8.365e-01  8.364e-01  8.362e-01  8.361e-01  8.360e-01  8.360e-01  8.359e-01  8.358e-01  8.358e-01  8.358e-01  8.357e-01  8.357e-01  8.357e-01  8.357e-01  8.357e-01  8.357e-01  8.357e-01  8.357e-01  8.357e-01  8.358e-01  8.359e-01  8.361e-01 	
 6.246e-01  7.401e-01  7.846e-01  8.094e-01  8.272e-01  8.394e-01  8.469e-01  8.508e-01  8.525e-01  8.527e-01  8.521e-01  8.510e-01  8.498e-01  8.485e-01  8.473e-01  8.461e-01  8.450e-01  8.441e-01  8.432e-01  8.425e-01  8.418e-01  8.412e-01  8.407e-01  8.402e-01  8.398e-01  8.395e-01  8.392e-01  8.389e-01  8.387e-01  8.385e-01  8.383e-01  8.381e-01  8.380e-01  8.379e-01  8.377e-01  8.377e-01  8.376e-01  8.375e-01  8.374e-01  8.374e-01  8.373e-01  8.373e-01  8.372e-01  8.372e-01  8.372e-01  8.372e-01  8.372e-01  8.372e-01  8.373e-01  8.375e-01 	
 6.466e-01  7.534e-01  7.941e-01  8.169e-01  8.335e-01  8.450e-01  8.520e-01  8.557e-01  8.571e-01  8.570e-01  8.562e-01  8.549e-01  8.535e-01  8.521e-01  8.507e-01  8.493e-01  8.481e-01  8.470e-01  8.461e-01  8.452e-01  8.444e-01  8.437e-01  8.431e-01  8.426e-01  8.421e-01  8.417e-01  8.413e-01  8.410e-01  8.407e-01  8.404e-01  8.402e-01  8.400e-01  8.398e-01  8.396e-01  8.395e-01  8.393e-01  8.392e-01  8.391e-01  8.390e-01  8.389e-01  8.388e-01  8.387e-01  8.387e-01  8.386e-01  8.386e-01  8.385e-01  8.385e-01  8.386e-01  8.387e-01  8.388e-01 	
 6.671e-01  7.652e-01  8.023e-01  8.232e-01  8.388e-01  8.497e-01  8.564e-01  8.598e-01  8.609e-01  8.607e-01  8.597e-01  8.582e-01  8.567e-01  8.551e-01  8.535e-01  8.521e-01  8.507e-01  8.495e-01  8.485e-01  8.475e-01  8.466e-01  8.459e-01  8.452e-01  8.446e-01  8.440e-01  8.436e-01  8.431e-01  8.427e-01  8.424e-01  8.421e-01  8.418e-01  8.416e-01  8.413e-01  8.411e-01  8.409e-01  8.408e-01  8.406e-01  8.405e-01  8.403e-01  8.402e-01  8.401e-01  8.400e-01  8.399e-01  8.398e-01  8.397e-01  8.397e-01  8.397e-01  8.397e-01  8.398e-01  8.400e-01 	
 6.860e-01  7.756e-01  8.094e-01  8.287e-01  8.433e-01  8.538e-01  8.601e-01  8.633e-01  8.643e-01  8.639e-01  8.627e-01  8.611e-01  8.594e-01  8.577e-01  8.560e-01  8.545e-01  8.530e-01  8.518e-01  8.506e-01  8.495e-01  8.486e-01  8.478e-01  8.470e-01  8.463e-01  8.457e-01  8.452e-01  8.447e-01  8.443e-01  8.439e-01  8.435e-01  8.432e-01  8.429e-01  8.427e-01  8.424e-01  8.422e-01  8.420e-01  8.418e-01  8.417e-01  8.415e-01  8.413e-01  8.412e-01  8.411e-01  8.410e-01  8.408e-01  8.408e-01  8.407e-01  8.407e-01  8.407e-01  8.408e-01  8.410e-01 	
 7.033e-01  7.847e-01  8.155e-01  8.332e-01  8.470e-01  8.570e-01  8.632e-01  8.662e-01  8.671e-01  8.666e-01  8.653e-01  8.636e-01  8.618e-01  8.600e-01  8.582e-01  8.566e-01  8.551e-01  8.537e-01  8.525e-01  8.514e-01  8.504e-01  8.495e-01  8.487e-01  8.479e-01  8.473e-01  8.467e-01  8.462e-01  8.457e-01  8.453e-01  8.449e-01  8.445e-01  8.442e-01  8.439e-01  8.436e-01  8.434e-01  8.432e-01  8.430e-01  8.428e-01  8.426e-01  8.424e-01  8.422e-01  8.421e-01  8.419e-01  8.418e-01  8.417e-01  8.416e-01  8.416e-01  8.416e-01  8.417e-01  8.420e-01 	
 7.190e-01  7.927e-01  8.207e-01  8.370e-01  8.501e-01  8.597e-01  8.657e-01  8.686e-01  8.694e-01  8.689e-01  8.676e-01  8.658e-01  8.639e-01  8.620e-01  8.602e-01  8.585e-01  8.569e-01  8.554e-01  8.541e-01  8.530e-01  8.519e-01  8.509e-01  8.501e-01  8.493e-01  8.486e-01  8.480e-01  8.474e-01  8.469e-01  8.464e-01  8.460e-01  8.456e-01  8.453e-01  8.449e-01  8.446e-01  8.444e-01  8.441e-01  8.439e-01  8.436e-01  8.434e-01  8.432e-01  8.430e-01  8.428e-01  8.427e-01  8.425e-01  8.424e-01  8.424e-01  8.423e-01  8.424e-01  8.426e-01  8.430e-01 	
 7.333e-01  7.995e-01  8.256e-01  8.409e-01  8.532e-01  8.623e-01  8.679e-01  8.708e-01  8.716e-01  8.710e-01  8.697e-01  8.680e-01  8.661e-01  8.642e-01  8.624e-01  8.606e-01  8.590e-01  8.575e-01  8.561e-01  8.549e-01  8.538e-01  8.528e-01  8.519e-01  8.511e-01  8.503e-01  8.496e-01  8.490e-01  8.485e-01  8.480e-01  8.475e-01  8.471e-01  8.467e-01  8.463e-01  8.460e-01  8.457e-01  8.454e-01  8.452e-01  8.449e-01  8.447e-01  8.445e-01  8.443e-01  8.441e-01  8.440e-01  8.439e-01  8.438e-01  8.438e-01  8.438e-01  8.441e-01  8.444e-01  8.451e-01 	
