 3.101e-04  2.252e-04  1.641e-04  1.198e-04  8.759e-05  6.416e-05  4.706e-05  3.455e-05  2.539e-05  1.867e-05  1.374e-05  1.012e-05  7.450e-06  5.487e-06  4.042e-06  2.978e-06  2.194e-06  1.616e-06  1.190e-06  8.765e-07  6.451e-07  4.745e-07  3.488e-07  2.562e-07  1.879e-07  1.377e-07  1.007e-07  7.345e-08  5.328e-08  3.864e-08  2.802e-08  2.022e-08  1.446e-08  1.968e-06  3.795e-06  7.581e-06  5.917e-05  1.273e-04  1.462e-04  3.221e-04  6.338e-04  1.108e-03  2.683e-03  1.765e-02  1.569e-02  1.710e-03  5.083e-04  2.088e-04  1.057e-04  7.302e-05 	
 6.583e-04  4.780e-04  3.483e-04  2.541e-04  1.858e-04  1.361e-04  9.983e-05  7.329e-05  5.386e-05  3.961e-05  2.915e-05  2.146e-05  1.580e-05  1.164e-05  8.574e-06  6.317e-06  4.654e-06  3.428e-06  2.525e-06  1.859e-06  1.368e-06  1.006e-06  7.398e-07  5.433e-07  3.986e-07  2.920e-07  2.136e-07  1.558e-07  1.130e-07  8.195e-08  5.942e-08  4.289e-08  3.066e-08  2.384e-06  4.587e-06  9.154e-06  7.141e-05  1.537e-04  1.764e-04  3.887e-04  7.649e-04  1.337e-03  3.238e-03  2.129e-02  1.894e-02  2.064e-03  6.134e-04  2.519e-04  1.276e-04  8.813e-05 	
 1.398e-03  1.015e-03  7.392e-04  5.393e-04  3.943e-04  2.888e-04  2.118e-04  1.555e-04  1.143e-04  8.403e-05  6.183e-05  4.552e-05  3.352e-05  2.469e-05  1.819e-05  1.340e-05  9.872e-06  7.271e-06  5.355e-06  3.943e-06  2.902e-06  2.135e-06  1.569e-06  1.152e-06  8.454e-07  6.194e-07  4.531e-07  3.304e-07  2.397e-07  1.738e-07  1.260e-07  9.097e-08  6.503e-08  2.897e-06  5.549e-06  1.106e-05  8.619e-05  1.855e-04  2.129e-04  4.691e-04  9.231e-04  1.614e-03  3.907e-03  2.570e-02  2.285e-02  2.491e-03  7.403e-04  3.040e-04  1.540e-04  1.064e-04 	
 2.968e-03  2.154e-03  1.569e-03  1.145e-03  8.369e-04  6.129e-04  4.494e-04  3.299e-04  2.424e-04  1.783e-04  1.312e-04  9.656e-05  7.111e-05  5.237e-05  3.858e-05  2.842e-05  2.094e-05  1.542e-05  1.136e-05  8.364e-06  6.156e-06  4.528e-06  3.328e-06  2.444e-06  1.793e-06  1.314e-06  9.609e-07  7.008e-07  5.083e-07  3.686e-07  2.673e-07  1.929e-07  1.379e-07  3.539e-06  6.727e-06  1.336e-05  1.040e-04  2.238e-04  2.570e-04  5.661e-04  1.114e-03  1.948e-03  4.715e-03  3.101e-02  2.758e-02  3.007e-03  8.934e-04  3.669e-04  1.858e-04  1.283e-04 	
 6.304e-03  4.574e-03  3.331e-03  2.430e-03  1.776e-03  1.301e-03  9.538e-04  7.001e-04  5.144e-04  3.782e-04  2.783e-04  2.049e-04  1.509e-04  1.111e-04  8.184e-05  6.029e-05  4.442e-05  3.272e-05  2.409e-05  1.774e-05  1.306e-05  9.603e-06  7.059e-06  5.184e-06  3.803e-06  2.787e-06  2.038e-06  1.486e-06  1.078e-06  7.819e-07  5.669e-07  4.092e-07  2.925e-07  4.360e-06  8.182e-06  1.617e-05  1.256e-04  2.702e-04  3.101e-04  6.833e-04  1.344e-03  2.350e-03  5.690e-03  3.742e-02  3.329e-02  3.629e-03  1.078e-03  4.428e-04  2.242e-04  1.549e-04 	
 1.338e-02  9.709e-03  7.071e-03  5.158e-03  3.771e-03  2.761e-03  2.024e-03  1.486e-03  1.092e-03  8.026e-04  5.905e-04  4.347e-04  3.201e-04  2.357e-04  1.736e-04  1.279e-04  9.422e-05  6.940e-05  5.110e-05  3.763e-05  2.769e-05  2.037e-05  1.497e-05  1.100e-05  8.067e-06  5.910e-06  4.323e-06  3.152e-06  2.287e-06  1.658e-06  1.202e-06  8.679e-07  6.204e-07  5.453e-06  1.001e-05  1.961e-05  1.516e-04  3.261e-04  3.743e-04  8.246e-04  1.623e-03  2.836e-03  6.867e-03  4.515e-02  4.019e-02  4.382e-03  1.301e-03  5.345e-04  2.706e-04  1.869e-04 	
 2.831e-02  2.057e-02  1.499e-02  1.094e-02  8.001e-03  5.859e-03  4.296e-03  3.153e-03  2.317e-03  1.703e-03  1.253e-03  9.223e-04  6.791e-04  5.001e-04  3.684e-04  2.713e-04  1.999e-04  1.472e-04  1.084e-04  7.983e-05  5.875e-05  4.321e-05  3.176e-05  2.332e-05  1.711e-05  1.254e-05  9.169e-06  6.686e-06  4.850e-06  3.517e-06  2.550e-06  1.841e-06  1.316e-06  6.985e-06  1.236e-05  2.387e-05  1.832e-04  3.937e-04  4.518e-04  9.953e-04  1.958e-03  3.423e-03  8.286e-03  5.447e-02  4.852e-02  5.291e-03  1.571e-03  6.451e-04  3.266e-04  2.256e-04 	
 5.947e-02  4.336e-02  3.168e-02  2.315e-02  1.695e-02  1.242e-02  9.111e-03  6.690e-03  4.915e-03  3.614e-03  2.659e-03  1.957e-03  1.441e-03  1.061e-03  7.816e-04  5.757e-04  4.241e-04  3.123e-04  2.300e-04  1.693e-04  1.246e-04  9.165e-05  6.737e-05  4.947e-05  3.629e-05  2.659e-05  1.945e-05  1.418e-05  1.029e-05  7.460e-06  5.409e-06  3.904e-06  2.791e-06  9.287e-06  1.552e-05  2.922e-05  2.214e-04  4.754e-04  5.455e-04  1.201e-03  2.364e-03  4.131e-03  9.999e-03  6.571e-02  5.859e-02  6.391e-03  1.896e-03  7.787e-04  3.943e-04  2.723e-04 	
 1.225e-01  9.016e-02  6.630e-02  4.868e-02  3.575e-02  2.625e-02  1.928e-02  1.417e-02  1.042e-02  7.665e-03  5.640e-03  4.152e-03  3.058e-03  2.251e-03  1.658e-03  1.222e-03  8.998e-04  6.627e-04  4.879e-04  3.593e-04  2.644e-04  1.944e-04  1.429e-04  1.049e-04  7.699e-05  5.640e-05  4.125e-05  3.008e-05  2.182e-05  1.582e-05  1.147e-05  8.280e-06  5.919e-06  1.302e-05  2.001e-05  3.615e-05  2.679e-04  5.743e-04  6.587e-04  1.450e-03  2.853e-03  4.986e-03  1.207e-02  7.926e-02  7.076e-02  7.723e-03  2.290e-03  9.401e-04  4.760e-04  3.287e-04 	
 2.415e-01  1.816e-01  1.356e-01  1.007e-01  7.453e-02  5.504e-02  4.059e-02  2.991e-02  2.203e-02  1.623e-02  1.195e-02  8.803e-03  6.485e-03  4.776e-03  3.518e-03  2.592e-03  1.909e-03  1.406e-03  1.035e-03  7.622e-04  5.609e-04  4.125e-04  3.032e-04  2.226e-04  1.633e-04  1.196e-04  8.750e-05  6.380e-05  4.628e-05  3.356e-05  2.433e-05  1.756e-05  1.255e-05  1.957e-05  2.686e-05  4.550e-05  3.247e-04  6.942e-04  7.957e-04  1.751e-03  3.444e-03  6.017e-03  1.456e-02  9.558e-02  8.550e-02  9.338e-03  2.765e-03  1.135e-03  5.747e-04  3.969e-04 	
 4.393e-01  3.423e-01  2.637e-01  2.006e-01  1.512e-01  1.132e-01  8.428e-02  6.253e-02  4.628e-02  3.420e-02  2.524e-02  1.862e-02  1.373e-02  1.012e-02  7.460e-03  5.497e-03  4.050e-03  2.983e-03  2.196e-03  1.617e-03  1.190e-03  8.751e-04  6.432e-04  4.722e-04  3.464e-04  2.538e-04  1.856e-04  1.353e-04  9.815e-05  7.118e-05  5.161e-05  3.725e-05  2.662e-05  3.177e-05  3.815e-05  5.888e-05  3.948e-04  8.400e-04  9.618e-04  2.115e-03  4.158e-03  7.262e-03  1.757e-02  1.152e-01  1.034e-01  1.130e-02  3.341e-03  1.371e-03  6.942e-04  4.793e-04 	
 7.479e-01  5.916e-01  4.710e-01  3.717e-01  2.898e-01  2.229e-01  1.695e-01  1.277e-01  9.562e-02  7.124e-02  5.289e-02  3.918e-02  2.897e-02  2.139e-02  1.579e-02  1.164e-02  8.584e-03  6.325e-03  4.658e-03  3.430e-03  2.524e-03  1.856e-03  1.364e-03  1.002e-03  7.349e-04  5.383e-04  3.937e-04  2.871e-04  2.082e-04  1.510e-04  1.095e-04  7.900e-05  5.646e-05  5.564e-05  5.818e-05  7.944e-05  4.827e-04  1.018e-03  1.164e-03  2.556e-03  5.021e-03  8.766e-03  2.119e-02  1.388e-01  1.251e-01  1.370e-02  4.039e-03  1.658e-03  8.390e-04  5.792e-04 	
 1.360e+00  1.037e+00  8.014e-01  6.347e-01  5.084e-01  4.056e-01  3.196e-01  2.483e-01  1.904e-01  1.444e-01  1.087e-01  8.128e-02  6.052e-02  4.491e-02  3.325e-02  2.458e-02  1.815e-02  1.339e-02  9.869e-03  7.271e-03  5.353e-03  3.937e-03  2.894e-03  2.125e-03  1.559e-03  1.142e-03  8.351e-04  6.089e-04  4.416e-04  3.202e-04  2.321e-04  1.675e-04  1.197e-04  1.038e-04  9.595e-05  1.136e-04  5.954e-04  1.239e-03  1.411e-03  3.091e-03  6.065e-03  1.058e-02  2.556e-02  1.672e-01  1.516e-01  1.664e-02  4.888e-03  2.005e-03  1.015e-03  7.004e-04 	
 2.000e+00  1.759e+00  1.452e+00  1.128e+00  8.707e-01  6.875e-01  5.520e-01  4.436e-01  3.529e-01  2.767e-01  2.139e-01  1.634e-01  1.236e-01  9.274e-02  6.924e-02  5.148e-02  3.817e-02  2.824e-02  2.085e-02  1.538e-02  1.133e-02  8.343e-03  6.135e-03  4.506e-03  3.306e-03  2.422e-03  1.771e-03  1.291e-03  9.365e-04  6.790e-04  4.923e-04  3.553e-04  2.539e-04  2.030e-04  1.703e-04  1.747e-04  7.455e-04  1.514e-03  1.716e-03  3.743e-03  7.330e-03  1.277e-02  3.083e-02  2.011e-01  1.840e-01  2.027e-02  5.926e-03  2.430e-03  1.230e-03  8.481e-04 	
 2.856e+00  2.347e+00  2.037e+00  1.815e+00  1.550e+00  1.236e+00  9.573e-01  7.512e-01  6.018e-01  4.857e-01  3.895e-01  3.082e-01  2.402e-01  1.846e-01  1.403e-01  1.057e-01  7.916e-02  5.896e-02  4.375e-02  3.239e-02  2.392e-02  1.764e-02  1.298e-02  9.543e-03  7.005e-03  5.133e-03  3.755e-03  2.738e-03  1.986e-03  1.440e-03  1.044e-03  7.533e-04  5.383e-04  4.097e-04  3.210e-04  2.903e-04  9.562e-04  1.868e-03  2.097e-03  4.542e-03  8.866e-03  1.542e-02  3.718e-02  2.416e-01  2.240e-01  2.480e-02  7.201e-03  2.952e-03  1.494e-03  1.029e-03 	
 3.467e+00  3.261e+00  2.975e+00  2.479e+00  2.104e+00  1.875e+00  1.646e+00  1.356e+00  1.061e+00  8.276e-01  6.591e-01  5.323e-01  4.293e-01  3.423e-01  2.689e-01  2.082e-01  1.591e-01  1.203e-01  9.032e-02  6.741e-02  5.008e-02  3.707e-02  2.737e-02  2.015e-02  1.481e-02  1.086e-02  7.952e-03  5.801e-03  4.208e-03  3.051e-03  2.212e-03  1.597e-03  1.141e-03  8.433e-04  6.320e-04  5.186e-04  1.272e-03  2.337e-03  2.586e-03  5.531e-03  1.074e-02  1.863e-02  4.481e-02  2.896e-01  2.739e-01  3.057e-02  8.787e-03  3.602e-03  1.824e-03  1.254e-03 	
 4.023e+00  4.045e+00  3.579e+00  3.268e+00  3.070e+00  2.650e+00  2.212e+00  1.943e+00  1.734e+00  1.476e+00  1.179e+00  9.185e-01  7.254e-01  5.837e-01  4.722e-01  3.792e-01  3.002e-01  2.339e-01  1.798e-01  1.366e-01  1.028e-01  7.683e-02  5.711e-02  4.226e-02  3.117e-02  2.292e-02  1.680e-02  1.227e-02  8.904e-03  6.460e-03  4.685e-03  3.382e-03  2.417e-03  1.756e-03  1.280e-03  9.817e-04  1.784e-03  2.993e-03  3.232e-03  6.773e-03  1.303e-02  2.251e-02  5.399e-02  3.462e-01  3.371e-01  3.807e-02  1.079e-02  4.426e-03  2.242e-03  1.538e-03 	
 3.951e+00  4.326e+00  4.010e+00  4.024e+00  3.758e+00  3.320e+00  3.133e+00  2.825e+00  2.363e+00  2.029e+00  1.814e+00  1.589e+00  1.306e+00  1.024e+00  8.023e-01  6.411e-01  5.186e-01  4.184e-01  3.335e-01  2.618e-01  2.024e-01  1.544e-01  1.165e-01  8.719e-02  6.482e-02  4.793e-02  3.527e-02  2.583e-02  1.878e-02  1.364e-02  9.905e-03  7.154e-03  5.115e-03  3.680e-03  2.639e-03  1.936e-03  2.675e-03  3.969e-03  4.131e-03  8.372e-03  1.587e-02  2.722e-02  6.500e-02  4.123e-01  4.189e-01  4.817e-02  1.340e-02  5.502e-03  2.792e-03  1.906e-03 	
 3.235e+00  3.814e+00  3.919e+00  4.217e+00  4.127e+00  3.969e+00  3.910e+00  3.447e+00  3.180e+00  2.969e+00  2.551e+00  2.145e+00  1.894e+00  1.688e+00  1.432e+00  1.143e+00  8.917e-01  7.059e-01  5.686e-01  4.600e-01  3.688e-01  2.913e-01  2.265e-01  1.735e-01  1.313e-01  9.832e-02  7.304e-02  5.384e-02  3.933e-02  2.867e-02  2.086e-02  1.509e-02  1.080e-02  7.729e-03  5.491e-03  3.921e-03  4.323e-03  5.534e-03  5.462e-03  1.050e-02  1.942e-02  3.293e-02  7.817e-02  4.885e-01  5.282e-01  6.237e-02  1.692e-02  6.969e-03  3.546e-03  2.405e-03 	
 2.194e+00  2.496e+00  3.371e+00  3.524e+00  4.051e+00  4.038e+00  4.273e+00  3.958e+00  3.958e+00  3.645e+00  3.248e+00  3.065e+00  2.746e+00  2.299e+00  1.984e+00  1.775e+00  1.549e+00  1.268e+00  9.936e-01  7.795e-01  6.232e-01  5.035e-01  4.053e-01  3.220e-01  2.516e-01  1.935e-01  1.466e-01  1.097e-01  8.102e-02  5.951e-02  4.354e-02  3.162e-02  2.268e-02  1.621e-02  1.146e-02  8.059e-03  7.506e-03  8.221e-03  7.575e-03  1.348e-02  2.395e-02  3.990e-02  9.390e-02  5.750e-01  6.807e-01  8.356e-02  2.194e-02  9.088e-03  4.649e-03  3.120e-03 	
 1.888e+00  1.828e+00  1.918e+00  2.649e+00  3.067e+00  3.367e+00  3.972e+00  3.949e+00  4.236e+00  4.063e+00  3.934e+00  3.834e+00  3.378e+00  3.129e+00  2.907e+00  2.488e+00  2.099e+00  1.856e+00  1.649e+00  1.392e+00  1.106e+00  8.625e-01  6.825e-01  5.488e-01  4.423e-01  3.527e-01  2.768e-01  2.132e-01  1.610e-01  1.203e-01  8.912e-02  6.531e-02  4.715e-02  3.378e-02  2.387e-02  1.665e-02  1.382e-02  1.311e-02  1.117e-02  1.790e-02  2.992e-02  4.844e-02  1.126e-01  6.712e-01  9.053e-01  1.175e-01  2.958e-02  1.238e-02  6.384e-03  4.221e-03 	
 2.736e+00  2.242e+00  1.797e+00  1.627e+00  2.104e+00  2.479e+00  2.706e+00  3.479e+00  3.662e+00  4.053e+00  4.072e+00  4.232e+00  3.928e+00  3.916e+00  3.577e+00  3.202e+00  3.015e+00  2.684e+00  2.247e+00  1.944e+00  1.735e+00  1.503e+00  1.222e+00  9.541e-01  7.468e-01  5.953e-01  4.784e-01  3.817e-01  2.989e-01  2.304e-01  1.751e-01  1.308e-01  9.580e-02  6.925e-02  4.919e-02  3.428e-02  2.644e-02  2.235e-02  1.761e-02  2.489e-02  3.806e-02  5.895e-02  1.348e-01  7.763e-01  1.257e+00  1.767e-01  4.216e-02  1.791e-02  9.337e-03  6.055e-03 	
 2.605e+00  3.099e+00  2.768e+00  2.301e+00  2.039e+00  1.935e+00  1.958e+00  2.088e+00  2.697e+00  3.238e+00  3.441e+00  4.036e+00  3.965e+00  4.239e+00  4.024e+00  3.910e+00  3.777e+00  3.326e+00  3.085e+00  2.848e+00  2.425e+00  2.048e+00  1.810e+00  1.597e+00  1.333e+00  1.050e+00  8.146e-01  6.407e-01  5.091e-01  4.052e-01  3.194e-01  2.468e-01  1.858e-01  1.371e-01  9.885e-02  6.941e-02  5.143e-02  4.008e-02  2.958e-02  3.659e-02  4.969e-02  7.199e-02  1.610e-01  8.901e-01  1.839e+00  2.904e-01  6.456e-02  2.792e-02  1.474e-02  9.343e-03 	
 1.946e+00  2.068e+00  2.564e+00  2.995e+00  2.883e+00  2.480e+00  2.090e+00  1.789e+00  1.668e+00  2.086e+00  2.630e+00  2.826e+00  3.516e+00  3.738e+00  4.047e+00  4.091e+00  4.198e+00  3.905e+00  3.877e+00  3.514e+00  3.155e+00  2.958e+00  2.608e+00  2.177e+00  1.883e+00  1.669e+00  1.426e+00  1.140e+00  8.762e-01  6.796e-01  5.377e-01  4.266e-01  3.329e-01  2.543e-01  1.888e-01  1.354e-01  9.908e-02  7.365e-02  5.195e-02  5.694e-02  6.707e-02  8.833e-02  1.921e-01  1.014e+00  2.799e+00  5.365e-01  1.075e-01  4.727e-02  2.522e-02  1.561e-02 	
 2.592e+00  2.362e+00  1.853e+00  2.032e+00  2.437e+00  2.950e+00  2.846e+00  2.479e+00  2.060e+00  1.827e+00  1.946e+00  2.048e+00  2.195e+00  2.726e+00  3.339e+00  3.492e+00  4.072e+00  3.977e+00  4.235e+00  3.988e+00  3.882e+00  3.710e+00  3.262e+00  3.023e+00  2.758e+00  2.326e+00  1.962e+00  1.721e+00  1.486e+00  1.208e+00  9.358e-01  7.180e-01  5.556e-01  4.327e-01  3.320e-01  2.464e-01  1.827e-01  1.339e-01  9.261e-02  9.255e-02  9.391e-02  1.090e-01  2.289e-01  1.154e+00  4.128e+00  1.138e+00  1.956e-01  8.668e-02  4.653e-02  2.816e-02 	
 1.924e+00  2.202e+00  2.562e+00  2.367e+00  2.092e+00  1.898e+00  2.423e+00  2.743e+00  3.009e+00  2.713e+00  2.342e+00  2.013e+00  1.797e+00  1.717e+00  2.084e+00  2.726e+00  2.915e+00  3.537e+00  3.801e+00  4.040e+00  4.107e+00  4.155e+00  3.874e+00  3.818e+00  3.422e+00  3.076e+00  2.853e+00  2.467e+00  2.038e+00  1.751e+00  1.524e+00  1.262e+00  9.735e-01  7.309e-01  5.503e-01  4.131e-01  3.126e-01  2.317e-01  1.612e-01  1.524e-01  1.355e-01  1.351e-01  2.733e-01  1.318e+00  5.096e+00  2.442e+00  3.864e-01  1.702e-01  9.129e-02  5.410e-02 	
 2.295e+00  2.441e+00  1.977e+00  2.116e+00  2.518e+00  2.456e+00  2.085e+00  1.939e+00  2.196e+00  2.511e+00  3.034e+00  2.731e+00  2.389e+00  1.976e+00  1.731e+00  1.917e+00  2.120e+00  2.286e+00  2.757e+00  3.426e+00  3.546e+00  4.102e+00  3.991e+00  4.220e+00  3.935e+00  3.828e+00  3.590e+00  3.143e+00  2.884e+00  2.558e+00  2.120e+00  1.780e+00  1.526e+00  1.259e+00  9.626e-01  6.969e-01  5.110e-01  3.758e-01  2.647e-01  2.446e-01  1.975e-01  1.681e-01  3.275e-01  1.508e+00  4.915e+00  3.507e+00  8.215e-01  3.507e-01  1.871e-01  1.089e-01 	
 2.338e+00  2.138e+00  2.139e+00  2.525e+00  2.075e+00  2.041e+00  2.463e+00  2.572e+00  2.252e+00  1.936e+00  1.921e+00  2.385e+00  2.878e+00  2.918e+00  2.637e+00  2.285e+00  1.973e+00  1.809e+00  1.770e+00  2.097e+00  2.815e+00  3.018e+00  3.562e+00  3.879e+00  4.031e+00  4.121e+00  4.077e+00  3.807e+00  3.673e+00  3.224e+00  2.895e+00  2.609e+00  2.168e+00  1.765e+00  1.470e+00  1.177e+00  8.785e-01  6.187e-01  4.209e-01  3.781e-01  2.845e-01  2.092e-01  3.946e-01  1.717e+00  4.235e+00  3.570e+00  1.945e+00  7.368e-01  3.907e-01  2.248e-01 	
 2.313e+00  1.983e+00  2.404e+00  2.160e+00  2.051e+00  2.502e+00  2.206e+00  2.002e+00  2.328e+00  2.643e+00  2.390e+00  2.102e+00  2.097e+00  2.396e+00  2.618e+00  2.879e+00  2.682e+00  2.335e+00  1.926e+00  1.675e+00  1.867e+00  2.203e+00  2.403e+00  2.817e+00  3.541e+00  3.635e+00  4.130e+00  4.010e+00  4.155e+00  3.816e+00  3.676e+00  3.318e+00  2.880e+00  2.564e+00  2.126e+00  1.664e+00  1.327e+00  1.015e+00  6.995e-01  5.990e-01  4.094e-01  2.604e-01  4.774e-01  1.925e+00  4.020e+00  2.891e+00  5.196e+00  1.557e+00  7.993e-01  4.609e-01 	
 2.155e+00  2.150e+00  2.288e+00  2.166e+00  2.174e+00  2.335e+00  2.073e+00  2.311e+00  2.545e+00  2.050e+00  2.169e+00  2.588e+00  2.587e+00  2.125e+00  1.884e+00  1.998e+00  2.441e+00  2.966e+00  2.847e+00  2.606e+00  2.261e+00  1.950e+00  1.831e+00  1.853e+00  2.152e+00  2.934e+00  3.195e+00  3.617e+00  4.010e+00  4.011e+00  4.104e+00  3.888e+00  3.619e+00  3.315e+00  2.805e+00  2.400e+00  1.933e+00  1.449e+00  1.060e+00  9.350e-01  6.065e-01  3.256e-01  5.780e-01  2.112e+00  4.263e+00  2.888e+00  4.262e+00  3.951e+00  1.601e+00  8.980e-01 	
 2.079e+00  2.216e+00  2.072e+00  2.201e+00  2.113e+00  2.161e+00  2.127e+00  2.338e+00  2.063e+00  2.145e+00  2.440e+00  2.177e+00  2.059e+00  2.422e+00  2.690e+00  2.361e+00  2.047e+00  1.957e+00  2.387e+00  2.802e+00  2.813e+00  2.642e+00  2.280e+00  1.877e+00  1.640e+00  1.806e+00  2.328e+00  2.629e+00  2.988e+00  3.721e+00  3.815e+00  4.113e+00  4.002e+00  3.914e+00  3.512e+00  3.153e+00  2.585e+00  2.077e+00  1.541e+00  1.326e+00  8.624e-01  4.095e-01  6.979e-01  2.261e+00  3.901e+00  2.932e+00  4.682e+00  4.088e+00  3.657e+00  1.751e+00 	
 2.032e+00  1.996e+00  2.163e+00  2.228e+00  1.970e+00  2.278e+00  2.062e+00  2.341e+00  1.948e+00  2.384e+00  2.209e+00  2.017e+00  2.473e+00  2.298e+00  2.044e+00  2.225e+00  2.664e+00  2.602e+00  2.080e+00  1.894e+00  2.142e+00  2.524e+00  2.956e+00  2.806e+00  2.612e+00  2.236e+00  1.949e+00  1.903e+00  2.058e+00  2.371e+00  3.109e+00  3.554e+00  3.759e+00  4.124e+00  3.922e+00  3.793e+00  3.279e+00  2.767e+00  2.117e+00  1.862e+00  1.195e+00  5.120e-01  8.389e-01  2.361e+00  3.849e+00  2.828e+00  3.246e+00  5.161e+00  3.678e+00  3.397e+00 	
 2.029e+00  2.004e+00  2.076e+00  2.125e+00  2.281e+00  2.095e+00  2.096e+00  2.282e+00  2.032e+00  2.290e+00  2.135e+00  2.090e+00  2.322e+00  1.986e+00  2.260e+00  2.389e+00  2.141e+00  2.091e+00  2.414e+00  2.640e+00  2.339e+00  1.886e+00  1.962e+00  2.344e+00  2.947e+00  2.779e+00  2.583e+00  2.182e+00  1.815e+00  1.679e+00  1.862e+00  2.498e+00  3.114e+00  3.419e+00  3.871e+00  4.039e+00  3.786e+00  3.425e+00  2.772e+00  2.473e+00  1.608e+00  6.377e-01  1.001e+00  2.413e+00  3.621e+00  2.749e+00  2.421e+00  3.720e+00  5.387e+00  3.467e+00 	
 2.126e+00  2.105e+00  2.083e+00  2.043e+00  2.192e+00  2.273e+00  2.086e+00  1.984e+00  2.258e+00  2.128e+00  2.210e+00  2.190e+00  2.354e+00  2.025e+00  2.367e+00  2.069e+00  2.008e+00  2.455e+00  2.295e+00  2.065e+00  2.202e+00  2.545e+00  2.487e+00  2.045e+00  2.085e+00  2.389e+00  2.724e+00  2.860e+00  2.850e+00  2.299e+00  1.880e+00  1.815e+00  2.112e+00  2.578e+00  3.040e+00  3.519e+00  3.940e+00  3.819e+00  3.379e+00  3.083e+00  2.090e+00  7.911e-01  1.183e+00  2.429e+00  3.545e+00  2.676e+00  2.697e+00  2.713e+00  3.826e+00  4.905e+00 	
 2.156e+00  2.022e+00  2.073e+00  2.116e+00  2.170e+00  2.252e+00  2.178e+00  2.156e+00  2.048e+00  2.156e+00  2.147e+00  2.008e+00  2.225e+00  2.120e+00  2.318e+00  2.125e+00  2.238e+00  2.336e+00  2.137e+00  2.305e+00  2.370e+00  2.119e+00  2.040e+00  2.407e+00  2.497e+00  2.206e+00  1.871e+00  2.095e+00  2.584e+00  2.776e+00  2.750e+00  2.376e+00  1.974e+00  1.854e+00  2.094e+00  2.629e+00  3.224e+00  3.693e+00  3.780e+00  3.519e+00  2.596e+00  9.738e-01  1.377e+00  2.423e+00  3.407e+00  2.611e+00  3.221e+00  1.821e+00  2.933e+00  4.625e+00 	
 2.081e+00  2.140e+00  2.066e+00  2.156e+00  2.068e+00  2.015e+00  2.044e+00  2.031e+00  2.002e+00  2.030e+00  2.162e+00  2.259e+00  2.038e+00  2.166e+00  2.124e+00  2.162e+00  2.153e+00  2.180e+00  2.119e+00  2.306e+00  2.125e+00  2.141e+00  2.398e+00  2.223e+00  1.957e+00  2.262e+00  2.512e+00  2.227e+00  1.930e+00  1.994e+00  2.434e+00  2.855e+00  2.848e+00  2.155e+00  1.748e+00  1.748e+00  2.242e+00  2.988e+00  3.579e+00  3.626e+00  3.039e+00  1.187e+00  1.569e+00  2.405e+00  3.270e+00  2.549e+00  2.436e+00  2.897e+00  2.047e+00  3.108e+00 	
 2.083e+00  2.083e+00  2.127e+00  2.026e+00  2.123e+00  2.075e+00  2.096e+00  2.156e+00  2.063e+00  2.027e+00  2.127e+00  2.128e+00  2.132e+00  2.152e+00  2.130e+00  2.268e+00  2.071e+00  2.268e+00  2.002e+00  2.255e+00  1.968e+00  2.319e+00  2.242e+00  1.984e+00  2.444e+00  2.360e+00  1.940e+00  2.140e+00  2.593e+00  2.394e+00  1.934e+00  1.959e+00  2.452e+00  2.738e+00  2.734e+00  2.221e+00  1.708e+00  2.028e+00  2.859e+00  3.164e+00  3.257e+00  1.426e+00  1.740e+00  2.382e+00  3.137e+00  2.493e+00  2.608e+00  3.134e+00  2.229e+00  2.272e+00 	
 2.013e+00  2.090e+00  2.042e+00  2.011e+00  2.033e+00  2.079e+00  2.071e+00  2.121e+00  1.980e+00  2.069e+00  2.133e+00  2.101e+00  2.217e+00  2.146e+00  2.029e+00  2.146e+00  2.186e+00  2.110e+00  2.061e+00  2.184e+00  2.056e+00  2.199e+00  2.072e+00  2.102e+00  2.334e+00  2.011e+00  2.278e+00  2.422e+00  1.962e+00  2.098e+00  2.573e+00  2.443e+00  1.952e+00  2.146e+00  2.454e+00  2.905e+00  2.306e+00  1.935e+00  2.016e+00  2.401e+00  3.139e+00  1.681e+00  1.870e+00  2.355e+00  3.015e+00  2.442e+00  2.470e+00  2.372e+00  3.004e+00  1.953e+00 	
 2.073e+00  2.072e+00  2.100e+00  2.039e+00  2.026e+00  2.048e+00  2.103e+00  2.056e+00  2.114e+00  2.046e+00  2.129e+00  2.048e+00  2.050e+00  2.024e+00  2.080e+00  2.027e+00  2.143e+00  2.240e+00  2.059e+00  1.975e+00  2.306e+00  2.013e+00  2.259e+00  2.072e+00  2.309e+00  2.048e+00  2.355e+00  2.050e+00  2.223e+00  2.415e+00  2.008e+00  2.207e+00  2.577e+00  2.349e+00  1.850e+00  2.102e+00  2.808e+00  2.591e+00  1.847e+00  1.916e+00  2.694e+00  1.931e+00  1.947e+00  2.327e+00  2.908e+00  2.397e+00  2.529e+00  2.697e+00  2.493e+00  2.946e+00 	
 2.040e+00  2.048e+00  2.058e+00  2.004e+00  2.092e+00  2.014e+00  2.072e+00  2.084e+00  2.089e+00  2.061e+00  2.059e+00  2.095e+00  2.044e+00  2.054e+00  2.198e+00  2.186e+00  2.259e+00  2.122e+00  2.116e+00  2.101e+00  1.965e+00  2.193e+00  2.123e+00  2.095e+00  2.337e+00  2.038e+00  2.378e+00  2.085e+00  2.335e+00  2.088e+00  2.025e+00  2.384e+00  1.995e+00  2.162e+00  2.470e+00  2.320e+00  1.954e+00  2.582e+00  2.616e+00  2.227e+00  2.198e+00  2.148e+00  1.977e+00  2.299e+00  2.806e+00  2.356e+00  2.393e+00  2.275e+00  2.396e+00  2.547e+00 	
 2.038e+00  2.026e+00  2.048e+00  2.048e+00  2.053e+00  2.062e+00  2.082e+00  2.103e+00  2.050e+00  2.003e+00  2.094e+00  2.078e+00  2.080e+00  2.048e+00  2.158e+00  2.183e+00  2.095e+00  2.003e+00  2.073e+00  2.015e+00  2.047e+00  1.994e+00  2.105e+00  2.247e+00  2.092e+00  2.137e+00  2.213e+00  2.117e+00  2.225e+00  1.981e+00  2.173e+00  2.236e+00  1.981e+00  2.401e+00  1.964e+00  2.294e+00  2.454e+00  1.933e+00  2.479e+00  2.574e+00  2.108e+00  2.297e+00  1.984e+00  2.271e+00  2.713e+00  2.320e+00  2.339e+00  2.549e+00  2.486e+00  2.224e+00 	
 2.020e+00  2.048e+00  2.031e+00  2.014e+00  2.007e+00  2.096e+00  2.071e+00  2.016e+00  2.013e+00  2.070e+00  2.012e+00  2.075e+00  2.067e+00  2.062e+00  2.045e+00  2.099e+00  2.100e+00  1.995e+00  2.190e+00  2.104e+00  2.051e+00  2.079e+00  2.179e+00  2.243e+00  2.139e+00  2.150e+00  1.989e+00  2.199e+00  2.111e+00  2.170e+00  2.149e+00  2.168e+00  2.271e+00  2.210e+00  2.075e+00  2.390e+00  2.048e+00  2.464e+00  2.026e+00  2.124e+00  2.344e+00  2.354e+00  1.991e+00  2.245e+00  2.624e+00  2.287e+00  2.316e+00  2.395e+00  2.450e+00  2.624e+00 	
 2.040e+00  2.034e+00  2.022e+00  2.040e+00  2.028e+00  2.079e+00  2.089e+00  2.014e+00  2.070e+00  2.053e+00  2.041e+00  2.116e+00  2.050e+00  2.079e+00  2.062e+00  2.063e+00  2.016e+00  2.113e+00  2.106e+00  2.159e+00  2.063e+00  2.073e+00  2.180e+00  2.089e+00  2.087e+00  2.070e+00  2.058e+00  1.988e+00  2.185e+00  2.286e+00  2.037e+00  2.235e+00  2.239e+00  2.038e+00  2.344e+00  2.019e+00  2.402e+00  2.013e+00  2.435e+00  2.272e+00  2.300e+00  2.320e+00  2.007e+00  2.221e+00  2.542e+00  2.257e+00  2.287e+00  2.325e+00  2.179e+00  2.281e+00 	
 2.032e+00  2.034e+00  2.025e+00  2.040e+00  2.035e+00  2.025e+00  2.058e+00  2.016e+00  2.022e+00  2.071e+00  2.069e+00  2.048e+00  2.059e+00  2.082e+00  2.058e+00  2.039e+00  2.093e+00  2.093e+00  2.095e+00  1.987e+00  2.121e+00  2.096e+00  2.068e+00  2.151e+00  1.990e+00  1.966e+00  1.996e+00  2.040e+00  2.038e+00  2.042e+00  2.138e+00  2.218e+00  2.051e+00  2.101e+00  2.231e+00  1.975e+00  2.264e+00  2.183e+00  2.073e+00  2.146e+00  2.148e+00  2.238e+00  2.023e+00  2.199e+00  2.469e+00  2.231e+00  2.249e+00  2.316e+00  2.178e+00  2.202e+00 	
 2.026e+00  2.036e+00  2.016e+00  2.031e+00  2.007e+00  2.050e+00  2.033e+00  2.046e+00  2.044e+00  2.001e+00  2.023e+00  2.093e+00  2.043e+00  2.026e+00  2.027e+00  2.072e+00  2.012e+00  2.081e+00  2.071e+00  2.137e+00  2.078e+00  2.025e+00  2.008e+00  2.159e+00  2.083e+00  2.132e+00  2.195e+00  2.063e+00  2.107e+00  2.106e+00  2.122e+00  2.247e+00  2.252e+00  2.236e+00  2.065e+00  2.031e+00  2.191e+00  2.269e+00  2.133e+00  2.246e+00  2.215e+00  2.165e+00  2.033e+00  2.178e+00  2.403e+00  2.207e+00  2.221e+00  2.226e+00  2.143e+00  2.293e+00 	
 2.026e+00  2.022e+00  2.022e+00  2.030e+00  2.043e+00  2.040e+00  2.041e+00  2.054e+00  1.990e+00  2.074e+00  2.038e+00  2.047e+00  2.027e+00  2.028e+00  2.062e+00  2.037e+00  2.064e+00  2.000e+00  2.036e+00  2.061e+00  2.130e+00  2.019e+00  2.019e+00  2.100e+00  2.095e+00  2.072e+00  2.073e+00  2.079e+00  2.061e+00  2.094e+00  2.087e+00  2.100e+00  2.049e+00  2.076e+00  2.156e+00  2.163e+00  2.231e+00  2.210e+00  2.198e+00  2.148e+00  2.141e+00  2.133e+00  2.038e+00  2.159e+00  2.345e+00  2.186e+00  2.198e+00  2.232e+00  2.253e+00  2.230e+00 	
 2.026e+00  2.027e+00  2.024e+00  2.028e+00  2.039e+00  2.013e+00  1.992e+00  2.058e+00  2.011e+00  2.043e+00  2.059e+00  2.082e+00  2.011e+00  2.031e+00  2.055e+00  2.067e+00  2.059e+00  2.079e+00  2.075e+00  2.016e+00  2.031e+00  2.089e+00  2.068e+00  2.070e+00  1.990e+00  2.072e+00  2.121e+00  2.165e+00  2.041e+00  2.104e+00  2.019e+00  2.067e+00  2.198e+00  2.093e+00  2.059e+00  2.019e+00  2.082e+00  2.120e+00  2.168e+00  2.117e+00  2.137e+00  2.123e+00  2.042e+00  2.142e+00  2.294e+00  2.166e+00  2.175e+00  2.200e+00  2.160e+00  2.149e+00 	
 2.020e+00  2.015e+00  2.024e+00  2.018e+00  2.007e+00  1.992e+00  2.055e+00  1.989e+00  2.057e+00  1.994e+00  2.054e+00  1.998e+00  2.025e+00  2.049e+00  2.068e+00  2.021e+00  2.047e+00  2.094e+00  2.011e+00  2.005e+00  2.072e+00  2.109e+00  2.072e+00  2.015e+00  2.072e+00  2.082e+00  2.058e+00  2.111e+00  2.109e+00  2.016e+00  2.099e+00  2.087e+00  2.040e+00  2.181e+00  2.107e+00  2.045e+00  2.152e+00  2.090e+00  2.077e+00  2.121e+00  2.125e+00  2.109e+00  2.043e+00  2.127e+00  2.250e+00  2.149e+00  2.156e+00  2.161e+00  2.175e+00  2.245e+00 	
 2.011e+00  2.019e+00  2.016e+00  2.018e+00  2.015e+00  2.019e+00  2.028e+00  1.989e+00  2.012e+00  2.058e+00  2.028e+00  2.013e+00  2.036e+00  2.035e+00  2.017e+00  2.003e+00  2.068e+00  2.053e+00  2.075e+00  2.013e+00  2.009e+00  2.017e+00  2.067e+00  2.025e+00  2.068e+00  2.095e+00  1.991e+00  2.046e+00  2.070e+00  2.047e+00  2.000e+00  2.018e+00  2.083e+00  2.130e+00  2.057e+00  2.017e+00  2.131e+00  2.063e+00  2.117e+00  2.110e+00  2.108e+00  2.095e+00  2.044e+00  2.113e+00  2.212e+00  2.133e+00  2.138e+00  2.146e+00  2.130e+00  2.203e+00 	
 2.009e+00  2.016e+00  2.017e+00  2.026e+00  2.020e+00  1.999e+00  2.032e+00  2.032e+00  1.989e+00  2.014e+00  2.001e+00  2.002e+00  2.044e+00  2.002e+00  2.009e+00  2.064e+00  2.045e+00  2.036e+00  2.000e+00  2.062e+00  2.010e+00  2.007e+00  2.061e+00  2.023e+00  2.044e+00  2.055e+00  2.087e+00  2.047e+00  2.079e+00  2.042e+00  2.112e+00  2.056e+00  2.007e+00  2.012e+00  2.044e+00  2.043e+00  2.041e+00  2.061e+00  2.071e+00  2.091e+00  2.094e+00  2.084e+00  2.043e+00  2.101e+00  2.181e+00  2.119e+00  2.123e+00  2.131e+00  2.139e+00  2.174e+00 	
