 9.900e-01  9.900e-01  6.527e-01  5.648e-01  6.624e-01  7.802e-01  8.532e-01  8.705e-01  8.465e-01  7.971e-01  7.362e-01  6.723e-01  6.098e-01  5.515e-01  4.984e-01  4.510e-01  4.089e-01  3.719e-01  3.392e-01  3.105e-01  2.852e-01  2.629e-01  2.432e-01  2.259e-01  2.105e-01  1.969e-01  1.846e-01  1.738e-01  1.639e-01  1.550e-01  1.466e-01  1.387e-01  1.311e-01  1.234e-01  1.155e-01  1.073e-01  9.879e-02  9.024e-02  8.215e-02  7.568e-02  7.266e-02  7.594e-02  8.966e-02  1.200e-01  1.752e-01  2.671e-01  4.113e-01  6.297e-01  9.522e-01  9.900e-01 	
 9.900e-01  1.000e-08  1.000e-08  1.000e-08  1.000e-08  1.000e-08  1.000e-08  1.000e-08  1.000e-08  1.000e-08  1.000e-08  1.000e-08  1.000e-08  1.000e-08  1.000e-08  1.000e-08  1.000e-08  1.000e-08  1.000e-08  1.000e-08  1.000e-08  1.000e-08  1.000e-08  1.000e-08  1.000e-08  1.000e-08  1.000e-08  1.000e-08  1.000e-08  1.000e-08  1.000e-08  1.000e-08  1.000e-08  1.000e-08  1.000e-08  1.000e-08  1.000e-08  1.000e-08  1.000e-08  1.000e-08  1.000e-08  1.000e-08  1.000e-08  1.000e-08  1.000e-08  1.000e-08  1.000e-08  9.400e-02  2.421e-01  4.572e-01 	
 9.900e-01  1.000e-08  1.000e-08  1.000e-08  1.000e-08  1.000e-08  1.000e-08  1.000e-08  1.000e-08  1.000e-08  1.000e-08  1.000e-08  1.000e-08  1.000e-08  1.000e-08  1.000e-08  1.000e-08  1.000e-08  1.000e-08  1.000e-08  1.000e-08  1.000e-08  1.000e-08  1.000e-08  1.000e-08  1.000e-08  1.000e-08  1.000e-08  1.000e-08  1.000e-08  1.000e-08  1.000e-08  1.000e-08  1.000e-08  1.000e-08  1.000e-08  1.000e-08  1.000e-08  1.000e-08  1.000e-08  1.000e-08  1.000e-08  1.000e-08  1.000e-08  1.000e-08  1.000e-08  1.293e-02  6.331e-02  1.400e-01  2.533e-01 	
 5.203e-01  1.000e-08  1.000e-08  1.000e-08  1.000e-08  1.000e-08  1.000e-08  1.000e-08  1.000e-08  1.000e-08  1.000e-08  1.000e-08  1.000e-08  1.000e-08  1.000e-08  1.000e-08  1.000e-08  1.000e-08  1.000e-08  1.000e-08  1.000e-08  1.000e-08  1.000e-08  1.000e-08  1.000e-08  1.000e-08  1.000e-08  1.000e-08  1.000e-08  1.000e-08  1.000e-08  1.000e-08  1.000e-08  1.000e-08  1.000e-08  1.000e-08  1.000e-08  1.000e-08  1.000e-08  1.000e-08  1.000e-08  1.000e-08  1.000e-08  1.000e-08  1.000e-08  1.000e-08  1.553e-02  4.493e-02  8.981e-02  1.563e-01 	
 2.868e-01  1.000e-08  1.000e-08  1.000e-08  1.000e-08  1.000e-08  1.000e-08  1.000e-08  1.000e-08  1.000e-08  1.000e-08  1.000e-08  1.000e-08  1.000e-08  1.000e-08  1.000e-08  1.000e-08  1.000e-08  1.000e-08  1.000e-08  1.000e-08  1.000e-08  1.000e-08  1.000e-08  1.000e-08  1.776e-04  9.684e-04  1.669e-03  2.281e-03  2.798e-03  3.211e-03  3.496e-03  3.626e-03  3.567e-03  3.279e-03  2.722e-03  1.870e-03  7.133e-04  1.000e-08  1.000e-08  1.000e-08  1.000e-08  1.000e-08  1.000e-08  1.000e-08  4.545e-03  1.587e-02  3.405e-02  6.180e-02  1.030e-01 	
 2.275e-01  1.000e-08  1.000e-08  1.000e-08  1.000e-08  1.000e-08  1.000e-08  1.000e-08  1.000e-08  1.000e-08  1.000e-08  1.000e-08  1.000e-08  1.000e-08  1.000e-08  1.000e-08  1.000e-08  1.000e-08  1.000e-08  1.000e-08  2.465e-04  1.277e-03  2.206e-03  3.043e-03  3.802e-03  4.488e-03  5.106e-03  5.664e-03  6.163e-03  6.592e-03  6.954e-03  7.229e-03  7.405e-03  7.457e-03  7.356e-03  7.086e-03  6.623e-03  5.966e-03  5.132e-03  4.183e-03  3.233e-03  2.475e-03  2.190e-03  2.791e-03  4.822e-03  9.016e-03  1.633e-02  2.803e-02  4.587e-02  7.239e-02 	
 1.928e-01  1.000e-08  1.000e-08  1.000e-08  1.000e-08  1.000e-08  1.000e-08  1.000e-08  1.000e-08  1.000e-08  1.000e-08  1.000e-08  1.000e-08  1.000e-08  1.000e-08  1.000e-08  1.000e-08  7.654e-04  1.898e-03  2.920e-03  3.845e-03  4.686e-03  5.451e-03  6.150e-03  6.786e-03  7.366e-03  7.904e-03  8.388e-03  8.832e-03  9.223e-03  9.567e-03  9.851e-03  1.006e-02  1.019e-02  1.022e-02  1.012e-02  9.906e-03  9.556e-03  9.088e-03  8.544e-03  7.996e-03  7.572e-03  7.463e-03  7.936e-03  9.356e-03  1.220e-02  1.713e-02  2.495e-02  3.688e-02  5.459e-02 	
 1.552e-01  1.000e-08  1.000e-08  1.000e-08  1.000e-08  1.000e-08  1.000e-08  1.000e-08  1.000e-08  1.000e-08  1.000e-08  1.000e-08  1.000e-08  1.000e-08  2.645e-04  1.560e-03  2.735e-03  3.800e-03  4.768e-03  5.653e-03  6.457e-03  7.197e-03  7.873e-03  8.498e-03  9.072e-03  9.605e-03  1.010e-02  1.055e-02  1.097e-02  1.136e-02  1.170e-02  1.200e-02  1.225e-02  1.243e-02  1.255e-02  1.258e-02  1.252e-02  1.237e-02  1.214e-02  1.185e-02  1.157e-02  1.136e-02  1.138e-02  1.178e-02  1.285e-02  1.488e-02  1.834e-02  2.383e-02  3.211e-02  4.445e-02 	
 1.152e-01  1.000e-08  1.000e-08  1.000e-08  1.000e-08  1.000e-08  1.000e-08  1.000e-08  1.000e-08  1.000e-08  1.000e-08  1.000e-08  3.625e-04  1.756e-03  3.028e-03  4.186e-03  5.239e-03  6.206e-03  7.087e-03  7.898e-03  8.644e-03  9.334e-03  9.972e-03  1.056e-02  1.112e-02  1.163e-02  1.211e-02  1.256e-02  1.298e-02  1.338e-02  1.374e-02  1.406e-02  1.434e-02  1.458e-02  1.477e-02  1.490e-02  1.496e-02  1.496e-02  1.490e-02  1.479e-02  1.469e-02  1.464e-02  1.475e-02  1.514e-02  1.599e-02  1.754e-02  2.011e-02  2.414e-02  3.020e-02  3.920e-02 	
 7.695e-02  1.000e-08  1.000e-08  1.000e-08  1.000e-08  1.000e-08  1.000e-08  1.000e-08  1.000e-08  1.000e-08  1.000e-08  1.455e-03  2.880e-03  4.183e-03  5.374e-03  6.467e-03  7.468e-03  8.387e-03  9.237e-03  1.002e-02  1.075e-02  1.142e-02  1.206e-02  1.265e-02  1.321e-02  1.373e-02  1.421e-02  1.468e-02  1.513e-02  1.555e-02  1.594e-02  1.630e-02  1.664e-02  1.694e-02  1.719e-02  1.740e-02  1.757e-02  1.769e-02  1.776e-02  1.781e-02  1.785e-02  1.794e-02  1.814e-02  1.855e-02  1.931e-02  2.060e-02  2.265e-02  2.579e-02  3.048e-02  3.741e-02 	
 4.291e-02  1.000e-08  1.000e-08  1.000e-08  1.000e-08  1.000e-08  1.000e-08  1.000e-08  1.000e-08  6.403e-04  2.285e-03  3.796e-03  5.183e-03  6.459e-03  7.626e-03  8.702e-03  9.693e-03  1.061e-02  1.146e-02  1.226e-02  1.300e-02  1.370e-02  1.435e-02  1.497e-02  1.555e-02  1.611e-02  1.664e-02  1.715e-02  1.764e-02  1.810e-02  1.855e-02  1.897e-02  1.937e-02  1.975e-02  2.009e-02  2.040e-02  2.068e-02  2.093e-02  2.113e-02  2.133e-02  2.153e-02  2.176e-02  2.209e-02  2.258e-02  2.334e-02  2.453e-02  2.632e-02  2.899e-02  3.289e-02  3.860e-02 	
 1.389e-02  1.000e-08  1.000e-08  1.000e-08  1.000e-08  1.000e-08  1.000e-08  1.000e-08  1.136e-03  2.938e-03  4.597e-03  6.121e-03  7.524e-03  8.814e-03  1.000e-02  1.110e-02  1.213e-02  1.308e-02  1.397e-02  1.480e-02  1.559e-02  1.633e-02  1.704e-02  1.772e-02  1.837e-02  1.899e-02  1.959e-02  2.018e-02  2.074e-02  2.128e-02  2.182e-02  2.234e-02  2.285e-02  2.333e-02  2.380e-02  2.426e-02  2.470e-02  2.509e-02  2.550e-02  2.588e-02  2.627e-02  2.671e-02  2.723e-02  2.790e-02  2.881e-02  3.005e-02  3.183e-02  3.433e-02  3.790e-02  4.300e-02 	
 1.000e-08  1.000e-08  1.000e-08  1.000e-08  1.000e-08  1.000e-08  1.000e-08  1.417e-03  3.454e-03  5.324e-03  7.045e-03  8.630e-03  1.009e-02  1.145e-02  1.270e-02  1.386e-02  1.496e-02  1.598e-02  1.695e-02  1.786e-02  1.873e-02  1.957e-02  2.036e-02  2.114e-02  2.189e-02  2.263e-02  2.334e-02  2.405e-02  2.474e-02  2.545e-02  2.613e-02  2.682e-02  2.749e-02  2.819e-02  2.886e-02  2.955e-02  3.021e-02  3.089e-02  3.157e-02  3.227e-02  3.299e-02  3.377e-02  3.464e-02  3.565e-02  3.687e-02  3.843e-02  4.045e-02  4.312e-02  4.676e-02  5.177e-02 	
 1.000e-08  1.000e-08  1.000e-08  1.000e-08  1.000e-08  1.000e-08  1.455e-03  3.831e-03  5.993e-03  7.979e-03  9.812e-03  1.151e-02  1.308e-02  1.454e-02  1.590e-02  1.718e-02  1.839e-02  1.953e-02  2.063e-02  2.168e-02  2.268e-02  2.366e-02  2.462e-02  2.555e-02  2.649e-02  2.740e-02  2.832e-02  2.924e-02  3.018e-02  3.113e-02  3.209e-02  3.308e-02  3.408e-02  3.512e-02  3.617e-02  3.726e-02  3.835e-02  3.953e-02  4.072e-02  4.196e-02  4.326e-02  4.461e-02  4.610e-02  4.774e-02  4.960e-02  5.180e-02  5.444e-02  5.769e-02  6.183e-02  6.725e-02 	
 1.000e-08  1.000e-08  1.000e-08  1.000e-08  1.000e-08  1.146e-03  4.027e-03  6.591e-03  8.934e-03  1.110e-02  1.309e-02  1.497e-02  1.670e-02  1.833e-02  1.987e-02  2.133e-02  2.272e-02  2.405e-02  2.534e-02  2.661e-02  2.783e-02  2.906e-02  3.028e-02  3.150e-02  3.274e-02  3.399e-02  3.527e-02  3.659e-02  3.795e-02  3.936e-02  4.083e-02  4.239e-02  4.397e-02  4.564e-02  4.740e-02  4.923e-02  5.113e-02  5.315e-02  5.523e-02  5.743e-02  5.973e-02  6.217e-02  6.474e-02  6.755e-02  7.053e-02  7.391e-02  7.763e-02  8.201e-02  8.715e-02  9.346e-02 	
 1.000e-08  1.000e-08  1.000e-08  1.000e-08  2.247e-04  3.946e-03  7.085e-03  9.911e-03  1.251e-02  1.493e-02  1.718e-02  1.928e-02  2.128e-02  2.316e-02  2.495e-02  2.668e-02  2.836e-02  2.998e-02  3.160e-02  3.322e-02  3.485e-02  3.649e-02  3.816e-02  3.989e-02  4.169e-02  4.355e-02  4.552e-02  4.754e-02  4.971e-02  5.200e-02  5.440e-02  5.694e-02  5.962e-02  6.247e-02  6.543e-02  6.859e-02  7.188e-02  7.542e-02  7.902e-02  8.281e-02  8.685e-02  9.108e-02  9.541e-02  1.001e-01  1.050e-01  1.102e-01  1.157e-01  1.218e-01  1.286e-01  1.361e-01 	
 1.000e-08  1.000e-08  1.000e-08  1.000e-08  3.336e-03  7.392e-03  1.089e-02  1.408e-02  1.704e-02  1.981e-02  2.243e-02  2.489e-02  2.724e-02  2.950e-02  3.170e-02  3.385e-02  3.598e-02  3.812e-02  4.030e-02  4.253e-02  4.483e-02  4.723e-02  4.975e-02  5.238e-02  5.523e-02  5.818e-02  6.136e-02  6.476e-02  6.835e-02  7.216e-02  7.624e-02  8.052e-02  8.508e-02  8.990e-02  9.499e-02  1.003e-01  1.058e-01  1.117e-01  1.178e-01  1.242e-01  1.309e-01  1.377e-01  1.448e-01  1.521e-01  1.597e-01  1.675e-01  1.756e-01  1.840e-01  1.926e-01  2.016e-01 	
 1.000e-08  1.000e-08  1.000e-08  1.480e-03  7.286e-03  1.182e-02  1.582e-02  1.951e-02  2.297e-02  2.625e-02  2.937e-02  3.235e-02  3.527e-02  3.810e-02  4.094e-02  4.380e-02  4.672e-02  4.974e-02  5.288e-02  5.620e-02  5.974e-02  6.347e-02  6.751e-02  7.186e-02  7.648e-02  8.142e-02  8.674e-02  9.237e-02  9.839e-02  1.047e-01  1.115e-01  1.187e-01  1.262e-01  1.341e-01  1.424e-01  1.509e-01  1.599e-01  1.691e-01  1.787e-01  1.886e-01  1.987e-01  2.091e-01  2.197e-01  2.305e-01  2.413e-01  2.523e-01  2.633e-01  2.740e-01  2.846e-01  2.947e-01 	
 1.000e-08  1.000e-08  1.000e-08  6.077e-03  1.249e-02  1.767e-02  2.235e-02  2.674e-02  3.091e-02  3.489e-02  3.876e-02  4.254e-02  4.629e-02  5.010e-02  5.399e-02  5.806e-02  6.232e-02  6.689e-02  7.180e-02  7.702e-02  8.270e-02  8.890e-02  9.546e-02  1.026e-01  1.103e-01  1.185e-01  1.271e-01  1.363e-01  1.460e-01  1.563e-01  1.671e-01  1.783e-01  1.899e-01  2.019e-01  2.144e-01  2.271e-01  2.402e-01  2.536e-01  2.672e-01  2.810e-01  2.951e-01  3.092e-01  3.233e-01  3.375e-01  3.514e-01  3.652e-01  3.785e-01  3.911e-01  4.027e-01  4.130e-01 	
 1.000e-08  1.000e-08  1.159e-03  1.223e-02  1.944e-02  2.552e-02  3.112e-02  3.645e-02  4.161e-02  4.664e-02  5.161e-02  5.662e-02  6.178e-02  6.717e-02  7.290e-02  7.902e-02  8.565e-02  9.288e-02  1.007e-01  1.093e-01  1.185e-01  1.285e-01  1.392e-01  1.506e-01  1.628e-01  1.756e-01  1.891e-01  2.031e-01  2.178e-01  2.330e-01  2.486e-01  2.646e-01  2.810e-01  2.975e-01  3.144e-01  3.313e-01  3.484e-01  3.656e-01  3.828e-01  3.999e-01  4.168e-01  4.337e-01  4.502e-01  4.665e-01  4.822e-01  4.971e-01  5.114e-01  5.243e-01  5.357e-01  5.449e-01 	
 1.000e-08  1.000e-08  8.478e-03  2.055e-02  2.886e-02  3.610e-02  4.295e-02  4.956e-02  5.610e-02  6.265e-02  6.937e-02  7.636e-02  8.380e-02  9.184e-02  1.006e-01  1.103e-01  1.208e-01  1.323e-01  1.448e-01  1.583e-01  1.728e-01  1.882e-01  2.046e-01  2.218e-01  2.396e-01  2.582e-01  2.772e-01  2.967e-01  3.166e-01  3.367e-01  3.569e-01  3.772e-01  3.974e-01  4.176e-01  4.378e-01  4.574e-01  4.768e-01  4.960e-01  5.145e-01  5.332e-01  5.510e-01  5.680e-01  5.846e-01  6.011e-01  6.161e-01  6.303e-01  6.432e-01  6.550e-01  6.651e-01  6.721e-01 	
 1.000e-08  1.000e-08  1.845e-02  3.182e-02  4.153e-02  5.029e-02  5.881e-02  6.725e-02  7.582e-02  8.470e-02  9.415e-02  1.044e-01  1.156e-01  1.280e-01  1.416e-01  1.566e-01  1.729e-01  1.905e-01  2.095e-01  2.296e-01  2.506e-01  2.727e-01  2.954e-01  3.186e-01  3.423e-01  3.661e-01  3.900e-01  4.140e-01  4.375e-01  4.609e-01  4.838e-01  5.062e-01  5.283e-01  5.492e-01  5.699e-01  5.898e-01  6.088e-01  6.274e-01  6.449e-01  6.617e-01  6.781e-01  6.934e-01  7.079e-01  7.219e-01  7.346e-01  7.464e-01  7.569e-01  7.660e-01  7.735e-01  7.787e-01 	
 1.000e-08  1.000e-08  3.201e-02  4.702e-02  5.851e-02  6.935e-02  8.013e-02  9.119e-02  1.028e-01  1.153e-01  1.291e-01  1.445e-01  1.615e-01  1.802e-01  2.007e-01  2.231e-01  2.469e-01  2.721e-01  2.982e-01  3.254e-01  3.531e-01  3.811e-01  4.091e-01  4.369e-01  4.644e-01  4.913e-01  5.174e-01  5.431e-01  5.676e-01  5.909e-01  6.137e-01  6.346e-01  6.557e-01  6.749e-01  6.932e-01  7.105e-01  7.267e-01  7.421e-01  7.566e-01  7.702e-01  7.833e-01  7.955e-01  8.064e-01  8.169e-01  8.265e-01  8.352e-01  8.427e-01  8.492e-01  8.544e-01  8.579e-01 	
 1.000e-08  4.851e-03  5.032e-02  6.732e-02  8.116e-02  9.474e-02  1.088e-01  1.237e-01  1.400e-01  1.582e-01  1.785e-01  2.011e-01  2.261e-01  2.532e-01  2.821e-01  3.125e-01  3.442e-01  3.764e-01  4.089e-01  4.415e-01  4.733e-01  5.045e-01  5.349e-01  5.638e-01  5.915e-01  6.181e-01  6.430e-01  6.664e-01  6.889e-01  7.091e-01  7.286e-01  7.468e-01  7.636e-01  7.790e-01  7.936e-01  8.071e-01  8.194e-01  8.312e-01  8.417e-01  8.513e-01  8.609e-01  8.693e-01  8.771e-01  8.845e-01  8.907e-01  8.968e-01  9.020e-01  9.064e-01  9.099e-01  9.125e-01 	
 1.000e-08  2.891e-02  7.477e-02  9.403e-02  1.109e-01  1.282e-01  1.469e-01  1.675e-01  1.906e-01  2.166e-01  2.456e-01  2.773e-01  3.114e-01  3.472e-01  3.842e-01  4.216e-01  4.589e-01  4.954e-01  5.310e-01  5.651e-01  5.972e-01  6.278e-01  6.564e-01  6.828e-01  7.074e-01  7.304e-01  7.514e-01  7.706e-01  7.884e-01  8.047e-01  8.192e-01  8.328e-01  8.451e-01  8.565e-01  8.666e-01  8.762e-01  8.850e-01  8.929e-01  9.003e-01  9.069e-01  9.130e-01  9.187e-01  9.240e-01  9.283e-01  9.327e-01  9.367e-01  9.402e-01  9.433e-01  9.455e-01  9.468e-01 	
 1.000e-08  6.107e-02  1.068e-01  1.285e-01  1.491e-01  1.714e-01  1.963e-01  2.248e-01  2.569e-01  2.925e-01  3.312e-01  3.722e-01  4.145e-01  4.568e-01  4.986e-01  5.395e-01  5.785e-01  6.147e-01  6.489e-01  6.801e-01  7.089e-01  7.355e-01  7.591e-01  7.811e-01  8.006e-01  8.184e-01  8.339e-01  8.484e-01  8.616e-01  8.731e-01  8.832e-01  8.928e-01  9.016e-01  9.091e-01  9.161e-01  9.222e-01  9.283e-01  9.332e-01  9.380e-01  9.420e-01  9.464e-01  9.499e-01  9.530e-01  9.561e-01  9.592e-01  9.614e-01  9.636e-01  9.654e-01  9.671e-01  9.680e-01 	
 1.187e-02  1.032e-01  1.475e-01  1.720e-01  1.972e-01  2.259e-01  2.590e-01  2.970e-01  3.390e-01  3.842e-01  4.314e-01  4.790e-01  5.259e-01  5.707e-01  6.127e-01  6.517e-01  6.877e-01  7.199e-01  7.491e-01  7.751e-01  7.986e-01  8.192e-01  8.375e-01  8.535e-01  8.680e-01  8.808e-01  8.918e-01  9.020e-01  9.107e-01  9.187e-01  9.257e-01  9.323e-01  9.376e-01  9.429e-01  9.473e-01  9.512e-01  9.548e-01  9.583e-01  9.610e-01  9.640e-01  9.663e-01  9.689e-01  9.707e-01  9.725e-01  9.747e-01  9.760e-01  9.774e-01  9.787e-01  9.800e-01  9.805e-01 	
 7.105e-02  1.561e-01  1.977e-01  2.250e-01  2.558e-01  2.921e-01  3.346e-01  3.820e-01  4.329e-01  4.850e-01  5.365e-01  5.861e-01  6.325e-01  6.750e-01  7.132e-01  7.470e-01  7.767e-01  8.031e-01  8.261e-01  8.459e-01  8.633e-01  8.784e-01  8.917e-01  9.032e-01  9.133e-01  9.221e-01  9.296e-01  9.367e-01  9.424e-01  9.477e-01  9.521e-01  9.565e-01  9.605e-01  9.632e-01  9.663e-01  9.689e-01  9.716e-01  9.734e-01  9.756e-01  9.769e-01  9.787e-01  9.800e-01  9.818e-01  9.827e-01  9.836e-01  9.850e-01  9.859e-01  9.868e-01  9.877e-01  9.886e-01 	
 1.468e-01  2.200e-01  2.572e-01  2.871e-01  3.238e-01  3.686e-01  4.195e-01  4.744e-01  5.304e-01  5.846e-01  6.357e-01  6.823e-01  7.237e-01  7.605e-01  7.922e-01  8.193e-01  8.432e-01  8.630e-01  8.799e-01  8.950e-01  9.074e-01  9.185e-01  9.273e-01  9.353e-01  9.424e-01  9.481e-01  9.534e-01  9.578e-01  9.618e-01  9.654e-01  9.685e-01  9.711e-01  9.738e-01  9.760e-01  9.778e-01  9.796e-01  9.814e-01  9.823e-01  9.841e-01  9.854e-01  9.863e-01  9.868e-01  9.881e-01  9.886e-01  9.895e-01  9.899e-01  9.908e-01  9.913e-01  9.922e-01  9.931e-01 	
 2.376e-01  2.930e-01  3.243e-01  3.569e-01  3.995e-01  4.508e-01  5.072e-01  5.650e-01  6.214e-01  6.729e-01  7.194e-01  7.599e-01  7.952e-01  8.248e-01  8.501e-01  8.708e-01  8.887e-01  9.038e-01  9.162e-01  9.268e-01  9.357e-01  9.436e-01  9.503e-01  9.556e-01  9.604e-01  9.644e-01  9.680e-01  9.716e-01  9.738e-01  9.764e-01  9.787e-01  9.805e-01  9.823e-01  9.836e-01  9.850e-01  9.863e-01  9.872e-01  9.881e-01  9.890e-01  9.899e-01  9.904e-01  9.913e-01  9.917e-01  9.922e-01  9.926e-01  9.931e-01  9.935e-01  9.940e-01  9.949e-01  9.958e-01 	
 3.389e-01  3.715e-01  3.958e-01  4.299e-01  4.767e-01  5.314e-01  5.892e-01  6.454e-01  6.973e-01  7.437e-01  7.837e-01  8.174e-01  8.458e-01  8.693e-01  8.889e-01  9.054e-01  9.183e-01  9.298e-01  9.391e-01  9.471e-01  9.533e-01  9.591e-01  9.639e-01  9.684e-01  9.715e-01  9.746e-01  9.773e-01  9.791e-01  9.813e-01  9.831e-01  9.845e-01  9.858e-01  9.872e-01  9.881e-01  9.890e-01  9.899e-01  9.908e-01  9.912e-01  9.917e-01  9.926e-01  9.931e-01  9.935e-01  9.940e-01  9.944e-01  9.949e-01  9.949e-01  9.954e-01  9.958e-01  9.963e-01  9.972e-01 	
 4.445e-01  4.501e-01  4.669e-01  5.008e-01  5.477e-01  6.021e-01  6.570e-01  7.083e-01  7.549e-01  7.944e-01  8.283e-01  8.562e-01  8.796e-01  8.984e-01  9.136e-01  9.269e-01  9.371e-01  9.456e-01  9.527e-01  9.589e-01  9.638e-01  9.683e-01  9.719e-01  9.755e-01  9.781e-01  9.804e-01  9.822e-01  9.844e-01  9.858e-01  9.867e-01  9.881e-01  9.890e-01  9.899e-01  9.912e-01  9.912e-01  9.921e-01  9.926e-01  9.935e-01  9.940e-01  9.940e-01  9.944e-01  9.953e-01  9.949e-01  9.953e-01  9.958e-01  9.963e-01  9.967e-01  9.972e-01  9.972e-01  9.981e-01 	
 5.457e-01  5.231e-01  5.310e-01  5.621e-01  6.066e-01  6.561e-01  7.064e-01  7.525e-01  7.930e-01  8.275e-01  8.566e-01  8.801e-01  8.994e-01  9.151e-01  9.280e-01  9.387e-01  9.476e-01  9.548e-01  9.610e-01  9.659e-01  9.700e-01  9.736e-01  9.767e-01  9.794e-01  9.817e-01  9.835e-01  9.853e-01  9.866e-01  9.880e-01  9.889e-01  9.898e-01  9.907e-01  9.917e-01  9.921e-01  9.930e-01  9.935e-01  9.944e-01  9.944e-01  9.949e-01  9.953e-01  9.953e-01  9.958e-01  9.963e-01  9.962e-01  9.962e-01  9.967e-01  9.972e-01  9.972e-01  9.981e-01  9.986e-01 	
 6.357e-01  5.842e-01  5.832e-01  6.091e-01  6.488e-01  6.938e-01  7.391e-01  7.803e-01  8.163e-01  8.470e-01  8.728e-01  8.935e-01  9.110e-01  9.249e-01  9.361e-01  9.455e-01  9.532e-01  9.595e-01  9.653e-01  9.698e-01  9.734e-01  9.766e-01  9.793e-01  9.816e-01  9.834e-01  9.857e-01  9.870e-01  9.879e-01  9.893e-01  9.902e-01  9.912e-01  9.916e-01  9.925e-01  9.930e-01  9.939e-01  9.944e-01  9.944e-01  9.948e-01  9.953e-01  9.958e-01  9.958e-01  9.962e-01  9.962e-01  9.967e-01  9.972e-01  9.967e-01  9.976e-01  9.976e-01  9.981e-01  9.991e-01 	
 7.074e-01  6.292e-01  6.203e-01  6.411e-01  6.757e-01  7.163e-01  7.575e-01  7.954e-01  8.288e-01  8.574e-01  8.813e-01  9.002e-01  9.164e-01  9.294e-01  9.398e-01  9.488e-01  9.560e-01  9.619e-01  9.669e-01  9.714e-01  9.751e-01  9.778e-01  9.806e-01  9.824e-01  9.847e-01  9.860e-01  9.874e-01  9.888e-01  9.897e-01  9.911e-01  9.916e-01  9.925e-01  9.930e-01  9.934e-01  9.939e-01  9.944e-01  9.948e-01  9.953e-01  9.953e-01  9.957e-01  9.962e-01  9.962e-01  9.967e-01  9.967e-01  9.972e-01  9.972e-01  9.976e-01  9.976e-01  9.986e-01  9.995e-01 	
 7.559e-01  6.566e-01  6.430e-01  6.594e-01  6.903e-01  7.282e-01  7.671e-01  8.032e-01  8.351e-01  8.624e-01  8.853e-01  9.041e-01  9.194e-01  9.319e-01  9.423e-01  9.504e-01  9.577e-01  9.636e-01  9.686e-01  9.722e-01  9.759e-01  9.786e-01  9.809e-01  9.832e-01  9.851e-01  9.864e-01  9.878e-01  9.892e-01  9.901e-01  9.911e-01  9.920e-01  9.925e-01  9.929e-01  9.934e-01  9.943e-01  9.943e-01  9.948e-01  9.953e-01  9.957e-01  9.957e-01  9.962e-01  9.967e-01  9.967e-01  9.967e-01  9.971e-01  9.971e-01  9.976e-01  9.981e-01  9.986e-01  9.990e-01 	
 7.799e-01  6.678e-01  6.546e-01  6.688e-01  6.973e-01  7.335e-01  7.710e-01  8.066e-01  8.379e-01  8.649e-01  8.871e-01  9.058e-01  9.205e-01  9.331e-01  9.435e-01  9.516e-01  9.584e-01  9.639e-01  9.689e-01  9.730e-01  9.762e-01  9.790e-01  9.813e-01  9.836e-01  9.850e-01  9.868e-01  9.878e-01  9.892e-01  9.901e-01  9.910e-01  9.920e-01  9.929e-01  9.934e-01  9.938e-01  9.943e-01  9.948e-01  9.948e-01  9.952e-01  9.957e-01  9.957e-01  9.962e-01  9.962e-01  9.967e-01  9.971e-01  9.971e-01  9.971e-01  9.976e-01  9.981e-01  9.986e-01  9.995e-01 	
 7.820e-01  6.685e-01  6.590e-01  6.723e-01  6.993e-01  7.345e-01  7.717e-01  8.070e-01  8.378e-01  8.647e-01  8.870e-01  9.048e-01  9.201e-01  9.327e-01  9.427e-01  9.509e-01  9.582e-01  9.637e-01  9.687e-01  9.724e-01  9.756e-01  9.789e-01  9.812e-01  9.835e-01  9.854e-01  9.868e-01  9.877e-01  9.891e-01  9.901e-01  9.910e-01  9.919e-01  9.924e-01  9.933e-01  9.938e-01  9.943e-01  9.943e-01  9.947e-01  9.957e-01  9.957e-01  9.962e-01  9.962e-01  9.962e-01  9.962e-01  9.971e-01  9.971e-01  9.971e-01  9.976e-01  9.981e-01  9.986e-01  9.995e-01 	
 7.679e-01  6.642e-01  6.586e-01  6.711e-01  6.968e-01  7.313e-01  7.679e-01  8.030e-01  8.344e-01  8.607e-01  8.832e-01  9.022e-01  9.176e-01  9.299e-01  9.404e-01  9.491e-01  9.565e-01  9.620e-01  9.667e-01  9.713e-01  9.750e-01  9.778e-01  9.802e-01  9.825e-01  9.844e-01  9.862e-01  9.872e-01  9.881e-01  9.900e-01  9.905e-01  9.914e-01  9.924e-01  9.928e-01  9.933e-01  9.938e-01  9.943e-01  9.947e-01  9.952e-01  9.957e-01  9.957e-01  9.962e-01  9.962e-01  9.962e-01  9.962e-01  9.971e-01  9.971e-01  9.976e-01  9.981e-01  9.986e-01  9.900e-01 	
 7.472e-01  6.582e-01  6.559e-01  6.668e-01  6.923e-01  7.261e-01  7.624e-01  7.972e-01  8.287e-01  8.557e-01  8.788e-01  8.979e-01  9.138e-01  9.271e-01  9.377e-01  9.465e-01  9.539e-01  9.600e-01  9.651e-01  9.697e-01  9.730e-01  9.763e-01  9.791e-01  9.815e-01  9.833e-01  9.852e-01  9.866e-01  9.876e-01  9.890e-01  9.900e-01  9.909e-01  9.919e-01  9.923e-01  9.928e-01  9.933e-01  9.942e-01  9.942e-01  9.947e-01  9.952e-01  9.957e-01  9.957e-01  9.961e-01  9.961e-01  9.961e-01  9.966e-01  9.971e-01  9.971e-01  9.976e-01  9.985e-01  9.995e-01 	
 7.261e-01  6.518e-01  6.519e-01  6.630e-01  6.878e-01  7.211e-01  7.579e-01  7.931e-01  8.248e-01  8.523e-01  8.759e-01  8.955e-01  9.111e-01  9.250e-01  9.356e-01  9.449e-01  9.528e-01  9.593e-01  9.640e-01  9.687e-01  9.724e-01  9.757e-01  9.785e-01  9.809e-01  9.833e-01  9.847e-01  9.861e-01  9.875e-01  9.890e-01  9.899e-01  9.904e-01  9.913e-01  9.918e-01  9.928e-01  9.933e-01  9.942e-01  9.942e-01  9.947e-01  9.952e-01  9.952e-01  9.956e-01  9.956e-01  9.961e-01  9.961e-01  9.966e-01  9.966e-01  9.971e-01  9.976e-01  9.985e-01  9.995e-01 	
 7.081e-01  6.460e-01  6.477e-01  6.579e-01  6.819e-01  7.149e-01  7.510e-01  7.865e-01  8.185e-01  8.462e-01  8.704e-01  8.907e-01  9.073e-01  9.212e-01  9.329e-01  9.422e-01  9.502e-01  9.567e-01  9.624e-01  9.671e-01  9.709e-01  9.747e-01  9.770e-01  9.794e-01  9.818e-01  9.837e-01  9.856e-01  9.865e-01  9.880e-01  9.889e-01  9.899e-01  9.908e-01  9.913e-01  9.923e-01  9.927e-01  9.932e-01  9.937e-01  9.942e-01  9.947e-01  9.947e-01  9.952e-01  9.956e-01  9.956e-01  9.961e-01  9.966e-01  9.966e-01  9.971e-01  9.976e-01  9.981e-01  9.995e-01 	
 6.934e-01  6.404e-01  6.424e-01  6.526e-01  6.758e-01  7.086e-01  7.449e-01  7.798e-01  8.124e-01  8.412e-01  8.655e-01  8.864e-01  9.035e-01  9.180e-01  9.297e-01  9.396e-01  9.480e-01  9.547e-01  9.603e-01  9.651e-01  9.693e-01  9.726e-01  9.760e-01  9.788e-01  9.807e-01  9.831e-01  9.846e-01  9.860e-01  9.874e-01  9.884e-01  9.894e-01  9.903e-01  9.913e-01  9.922e-01  9.927e-01  9.932e-01  9.937e-01  9.942e-01  9.947e-01  9.947e-01  9.951e-01  9.951e-01  9.956e-01  9.956e-01  9.961e-01  9.966e-01  9.971e-01  9.976e-01  9.980e-01  9.995e-01 	
 6.830e-01  6.352e-01  6.378e-01  6.472e-01  6.699e-01  7.016e-01  7.381e-01  7.737e-01  8.066e-01  8.351e-01  8.601e-01  8.815e-01  8.993e-01  9.143e-01  9.265e-01  9.365e-01  9.454e-01  9.525e-01  9.587e-01  9.635e-01  9.682e-01  9.716e-01  9.749e-01  9.773e-01  9.797e-01  9.821e-01  9.836e-01  9.855e-01  9.864e-01  9.879e-01  9.888e-01  9.898e-01  9.908e-01  9.913e-01  9.917e-01  9.927e-01  9.932e-01  9.937e-01  9.942e-01  9.946e-01  9.951e-01  9.951e-01  9.951e-01  9.956e-01  9.956e-01  9.961e-01  9.966e-01  9.971e-01  9.980e-01  9.995e-01 	
 6.744e-01  6.308e-01  6.331e-01  6.422e-01  6.642e-01  6.962e-01  7.318e-01  7.676e-01  8.006e-01  8.302e-01  8.557e-01  8.773e-01  8.956e-01  9.107e-01  9.234e-01  9.343e-01  9.428e-01  9.505e-01  9.571e-01  9.619e-01  9.662e-01  9.700e-01  9.734e-01  9.763e-01  9.792e-01  9.811e-01  9.830e-01  9.845e-01  9.864e-01  9.874e-01  9.883e-01  9.893e-01  9.903e-01  9.907e-01  9.917e-01  9.922e-01  9.927e-01  9.937e-01  9.941e-01  9.941e-01  9.946e-01  9.951e-01  9.951e-01  9.956e-01  9.961e-01  9.956e-01  9.966e-01  9.976e-01  9.980e-01  9.900e-01 	
 6.680e-01  6.264e-01  6.285e-01  6.369e-01  6.583e-01  6.893e-01  7.246e-01  7.606e-01  7.943e-01  8.241e-01  8.499e-01  8.720e-01  8.908e-01  9.069e-01  9.198e-01  9.307e-01  9.398e-01  9.479e-01  9.541e-01  9.603e-01  9.651e-01  9.685e-01  9.724e-01  9.752e-01  9.777e-01  9.801e-01  9.820e-01  9.839e-01  9.854e-01  9.864e-01  9.878e-01  9.888e-01  9.898e-01  9.907e-01  9.912e-01  9.922e-01  9.922e-01  9.927e-01  9.936e-01  9.936e-01  9.941e-01  9.946e-01  9.946e-01  9.951e-01  9.951e-01  9.956e-01  9.961e-01  9.971e-01  9.980e-01  9.900e-01 	
 6.633e-01  6.223e-01  6.238e-01  6.316e-01  6.524e-01  6.831e-01  7.179e-01  7.542e-01  7.876e-01  8.181e-01  8.444e-01  8.671e-01  8.865e-01  9.027e-01  9.161e-01  9.276e-01  9.376e-01  9.453e-01  9.520e-01  9.578e-01  9.626e-01  9.670e-01  9.708e-01  9.737e-01  9.771e-01  9.790e-01  9.810e-01  9.829e-01  9.844e-01  9.858e-01  9.868e-01  9.878e-01  9.892e-01  9.897e-01  9.907e-01  9.917e-01  9.917e-01  9.927e-01  9.927e-01  9.936e-01  9.941e-01  9.941e-01  9.941e-01  9.946e-01  9.951e-01  9.956e-01  9.961e-01  9.971e-01  9.985e-01  9.900e-01 	
 6.614e-01  6.190e-01  6.200e-01  6.272e-01  6.469e-01  6.767e-01  7.113e-01  7.474e-01  7.814e-01  8.121e-01  8.390e-01  8.623e-01  8.819e-01  8.990e-01  9.125e-01  9.245e-01  9.346e-01  9.432e-01  9.500e-01  9.562e-01  9.611e-01  9.659e-01  9.693e-01  9.727e-01  9.756e-01  9.780e-01  9.800e-01  9.819e-01  9.834e-01  9.848e-01  9.863e-01  9.873e-01  9.887e-01  9.897e-01  9.902e-01  9.907e-01  9.917e-01  9.921e-01  9.926e-01  9.931e-01  9.936e-01  9.936e-01  9.936e-01  9.941e-01  9.946e-01  9.951e-01  9.956e-01  9.970e-01  9.980e-01  9.900e-01 	
 6.655e-01  6.190e-01  6.180e-01  6.244e-01  6.432e-01  6.716e-01  7.060e-01  7.414e-01  7.753e-01  8.065e-01  8.337e-01  8.575e-01  8.776e-01  8.949e-01  9.093e-01  9.214e-01  9.319e-01  9.402e-01  9.474e-01  9.537e-01  9.590e-01  9.639e-01  9.678e-01  9.707e-01  9.741e-01  9.765e-01  9.790e-01  9.809e-01  9.824e-01  9.838e-01  9.853e-01  9.868e-01  9.877e-01  9.882e-01  9.892e-01  9.897e-01  9.907e-01  9.912e-01  9.916e-01  9.921e-01  9.921e-01  9.926e-01  9.931e-01  9.931e-01  9.936e-01  9.946e-01  9.951e-01  9.966e-01  9.985e-01  9.900e-01 	
 6.865e-01  6.273e-01  6.233e-01  6.291e-01  6.468e-01  6.743e-01  7.069e-01  7.414e-01  7.743e-01  8.048e-01  8.317e-01  8.553e-01  8.755e-01  8.929e-01  9.074e-01  9.200e-01  9.302e-01  9.389e-01  9.467e-01  9.530e-01  9.589e-01  9.637e-01  9.676e-01  9.711e-01  9.745e-01  9.769e-01  9.794e-01  9.813e-01  9.833e-01  9.852e-01  9.862e-01  9.877e-01  9.887e-01  9.897e-01  9.906e-01  9.916e-01  9.921e-01  9.931e-01  9.931e-01  9.941e-01  9.941e-01  9.951e-01  9.951e-01  9.960e-01  9.965e-01  9.980e-01  9.990e-01  9.900e-01  9.900e-01  9.900e-01 	
