 7.930e-03  2.090e-02  3.332e-02  4.079e-02  4.202e-02  3.925e-02  3.485e-02  3.019e-02  2.589e-02  2.217e-02  1.906e-02  1.650e-02  1.445e-02  1.282e-02  1.157e-02  1.063e-02  9.967e-03  9.552e-03  9.359e-03  9.370e-03  9.575e-03  9.965e-03  1.054e-02  1.129e-02  1.222e-02  1.334e-02  1.464e-02  1.614e-02  1.782e-02  1.970e-02  2.179e-02  2.408e-02  2.657e-02  2.928e-02  3.220e-02  3.534e-02  3.870e-02  4.227e-02  4.607e-02  5.008e-02  5.431e-02  5.874e-02  6.338e-02  6.820e-02  7.318e-02  7.829e-02  8.348e-02  8.868e-02  9.377e-02  9.860e-02 	
 8.774e-03  2.423e-02  3.918e-02  4.826e-02  4.970e-02  4.628e-02  4.093e-02  3.534e-02  3.023e-02  2.584e-02  2.221e-02  1.928e-02  1.696e-02  1.517e-02  1.385e-02  1.293e-02  1.236e-02  1.212e-02  1.218e-02  1.252e-02  1.312e-02  1.400e-02  1.514e-02  1.654e-02  1.822e-02  2.017e-02  2.240e-02  2.492e-02  2.772e-02  3.083e-02  3.423e-02  3.793e-02  4.194e-02  4.627e-02  5.091e-02  5.587e-02  6.115e-02  6.674e-02  7.266e-02  7.890e-02  8.546e-02  9.231e-02  9.945e-02  1.069e-01  1.145e-01  1.222e-01  1.300e-01  1.377e-01  1.451e-01  1.518e-01 	
 9.972e-03  2.795e-02  4.538e-02  5.591e-02  5.752e-02  5.350e-02  4.730e-02  4.085e-02  3.501e-02  3.003e-02  2.597e-02  2.275e-02  2.028e-02  1.846e-02  1.723e-02  1.651e-02  1.626e-02  1.644e-02  1.702e-02  1.801e-02  1.938e-02  2.114e-02  2.329e-02  2.584e-02  2.878e-02  3.213e-02  3.589e-02  4.007e-02  4.466e-02  4.968e-02  5.514e-02  6.102e-02  6.735e-02  7.411e-02  8.132e-02  8.897e-02  9.706e-02  1.056e-01  1.146e-01  1.240e-01  1.338e-01  1.440e-01  1.546e-01  1.656e-01  1.768e-01  1.881e-01  1.994e-01  2.105e-01  2.210e-01  2.305e-01 	
 1.144e-02  3.222e-02  5.234e-02  6.444e-02  6.628e-02  6.166e-02  5.456e-02  4.721e-02  4.059e-02  3.503e-02  3.057e-02  2.713e-02  2.462e-02  2.294e-02  2.199e-02  2.172e-02  2.206e-02  2.300e-02  2.451e-02  2.658e-02  2.921e-02  3.240e-02  3.616e-02  4.049e-02  4.540e-02  5.088e-02  5.695e-02  6.361e-02  7.086e-02  7.871e-02  8.715e-02  9.619e-02  1.058e-01  1.161e-01  1.269e-01  1.383e-01  1.503e-01  1.629e-01  1.761e-01  1.898e-01  2.041e-01  2.188e-01  2.341e-01  2.497e-01  2.656e-01  2.816e-01  2.975e-01  3.130e-01  3.275e-01  3.405e-01 	
 1.316e-02  3.715e-02  6.035e-02  7.428e-02  7.641e-02  7.113e-02  6.303e-02  5.469e-02  4.726e-02  4.113e-02  3.634e-02  3.284e-02  3.049e-02  2.920e-02  2.886e-02  2.942e-02  3.083e-02  3.305e-02  3.608e-02  3.990e-02  4.453e-02  4.996e-02  5.619e-02  6.323e-02  7.107e-02  7.972e-02  8.918e-02  9.945e-02  1.105e-01  1.224e-01  1.351e-01  1.485e-01  1.627e-01  1.777e-01  1.935e-01  2.100e-01  2.272e-01  2.452e-01  2.638e-01  2.831e-01  3.031e-01  3.236e-01  3.447e-01  3.662e-01  3.879e-01  4.097e-01  4.311e-01  4.519e-01  4.712e-01  4.882e-01 	
 1.516e-02  4.286e-02  6.963e-02  8.571e-02  8.819e-02  8.217e-02  7.297e-02  6.359e-02  5.535e-02  4.874e-02  4.381e-02  4.049e-02  3.865e-02  3.818e-02  3.897e-02  4.098e-02  4.414e-02  4.845e-02  5.389e-02  6.044e-02  6.812e-02  7.692e-02  8.682e-02  9.783e-02  1.099e-01  1.231e-01  1.374e-01  1.527e-01  1.690e-01  1.864e-01  2.048e-01  2.241e-01  2.445e-01  2.657e-01  2.878e-01  3.108e-01  3.347e-01  3.593e-01  3.847e-01  4.109e-01  4.377e-01  4.651e-01  4.931e-01  5.214e-01  5.498e-01  5.781e-01  6.059e-01  6.325e-01  6.570e-01  6.784e-01 	
 1.748e-02  4.948e-02  8.043e-02  9.902e-02  1.019e-01  9.511e-02  8.473e-02  7.428e-02  6.535e-02  5.846e-02  5.371e-02  5.102e-02  5.025e-02  5.126e-02  5.399e-02  5.835e-02  6.431e-02  7.186e-02  8.096e-02  9.161e-02  1.038e-01  1.175e-01  1.326e-01  1.492e-01  1.673e-01  1.867e-01  2.074e-01  2.295e-01  2.528e-01  2.774e-01  3.031e-01  3.299e-01  3.578e-01  3.868e-01  4.167e-01  4.475e-01  4.791e-01  5.116e-01  5.449e-01  5.788e-01  6.133e-01  6.484e-01  6.839e-01  7.196e-01  7.552e-01  7.904e-01  8.246e-01  8.571e-01  8.869e-01  9.125e-01 	
 2.016e-02  5.717e-02  9.300e-02  1.145e-01  1.180e-01  1.103e-01  9.876e-02  8.736e-02  7.795e-02  7.119e-02  6.717e-02  6.580e-02  6.693e-02  7.045e-02  7.627e-02  8.431e-02  9.455e-02  1.069e-01  1.214e-01  1.379e-01  1.565e-01  1.769e-01  1.993e-01  2.234e-01  2.493e-01  2.769e-01  3.060e-01  3.366e-01  3.687e-01  4.020e-01  4.366e-01  4.724e-01  5.092e-01  5.470e-01  5.858e-01  6.253e-01  6.656e-01  7.066e-01  7.481e-01  7.902e-01  8.327e-01  8.755e-01  9.184e-01  9.612e-01  1.004e+00  1.045e+00  1.085e+00  1.123e+00  1.157e+00  1.186e+00 	
 2.328e-02  6.613e-02  1.077e-01  1.327e-01  1.369e-01  1.284e-01  1.157e-01  1.036e-01  9.421e-02  8.821e-02  8.576e-02  8.675e-02  9.106e-02  9.854e-02  1.091e-01  1.227e-01  1.391e-01  1.584e-01  1.804e-01  2.051e-01  2.322e-01  2.617e-01  2.934e-01  3.272e-01  3.629e-01  4.005e-01  4.398e-01  4.806e-01  5.228e-01  5.663e-01  6.109e-01  6.566e-01  7.031e-01  7.504e-01  7.983e-01  8.468e-01  8.957e-01  9.449e-01  9.944e-01  1.044e+00  1.094e+00  1.143e+00  1.193e+00  1.241e+00  1.289e+00  1.335e+00  1.380e+00  1.421e+00  1.458e+00  1.489e+00 	
 2.690e-02  7.661e-02  1.250e-01  1.541e-01  1.593e-01  1.501e-01  1.366e-01  1.243e-01  1.156e-01  1.113e-01  1.117e-01  1.166e-01  1.259e-01  1.393e-01  1.569e-01  1.783e-01  2.035e-01  2.322e-01  2.643e-01  2.995e-01  3.376e-01  3.783e-01  4.215e-01  4.669e-01  5.143e-01  5.635e-01  6.142e-01  6.663e-01  7.195e-01  7.737e-01  8.287e-01  8.843e-01  9.403e-01  9.967e-01  1.053e+00  1.110e+00  1.166e+00  1.222e+00  1.278e+00  1.333e+00  1.388e+00  1.442e+00  1.495e+00  1.547e+00  1.598e+00  1.647e+00  1.692e+00  1.735e+00  1.772e+00  1.803e+00 	
 3.112e-02  8.892e-02  1.454e-01  1.795e-01  1.860e-01  1.765e-01  1.626e-01  1.509e-01  1.440e-01  1.430e-01  1.481e-01  1.590e-01  1.756e-01  1.977e-01  2.250e-01  2.572e-01  2.939e-01  3.348e-01  3.795e-01  4.277e-01  4.790e-01  5.330e-01  5.893e-01  6.477e-01  7.078e-01  7.692e-01  8.318e-01  8.953e-01  9.593e-01  1.024e+00  1.088e+00  1.152e+00  1.216e+00  1.280e+00  1.343e+00  1.405e+00  1.467e+00  1.527e+00  1.586e+00  1.644e+00  1.701e+00  1.756e+00  1.810e+00  1.861e+00  1.911e+00  1.958e+00  2.002e+00  2.042e+00  2.077e+00  2.105e+00 	
 3.608e-02  1.035e-01  1.697e-01  2.098e-01  2.182e-01  2.089e-01  1.956e-01  1.856e-01  1.823e-01  1.867e-01  1.988e-01  2.186e-01  2.456e-01  2.794e-01  3.196e-01  3.656e-01  4.167e-01  4.725e-01  5.322e-01  5.953e-01  6.613e-01  7.296e-01  7.998e-01  8.715e-01  9.441e-01  1.017e+00  1.091e+00  1.164e+00  1.237e+00  1.310e+00  1.381e+00  1.451e+00  1.520e+00  1.588e+00  1.654e+00  1.718e+00  1.780e+00  1.841e+00  1.899e+00  1.956e+00  2.010e+00  2.062e+00  2.112e+00  2.160e+00  2.204e+00  2.246e+00  2.285e+00  2.319e+00  2.349e+00  2.372e+00 	
 4.192e-02  1.209e-01  1.989e-01  2.464e-01  2.576e-01  2.494e-01  2.378e-01  2.315e-01  2.340e-01  2.465e-01  2.689e-01  3.009e-01  3.418e-01  3.908e-01  4.471e-01  5.097e-01  5.776e-01  6.501e-01  7.262e-01  8.051e-01  8.861e-01  9.685e-01  1.052e+00  1.135e+00  1.219e+00  1.301e+00  1.383e+00  1.463e+00  1.541e+00  1.618e+00  1.692e+00  1.764e+00  1.833e+00  1.900e+00  1.964e+00  2.026e+00  2.084e+00  2.140e+00  2.193e+00  2.244e+00  2.291e+00  2.336e+00  2.378e+00  2.418e+00  2.455e+00  2.488e+00  2.518e+00  2.545e+00  2.567e+00  2.584e+00 	
 4.887e-02  1.418e-01  2.344e-01  2.909e-01  3.061e-01  3.003e-01  2.924e-01  2.922e-01  3.035e-01  3.275e-01  3.640e-01  4.119e-01  4.702e-01  5.376e-01  6.125e-01  6.937e-01  7.798e-01  8.696e-01  9.619e-01  1.056e+00  1.150e+00  1.244e+00  1.338e+00  1.430e+00  1.520e+00  1.608e+00  1.692e+00  1.774e+00  1.853e+00  1.928e+00  2.000e+00  2.068e+00  2.132e+00  2.193e+00  2.250e+00  2.303e+00  2.354e+00  2.400e+00  2.444e+00  2.484e+00  2.521e+00  2.556e+00  2.587e+00  2.616e+00  2.642e+00  2.666e+00  2.686e+00  2.704e+00  2.718e+00  2.729e+00 	
 5.721e-02  1.674e-01  2.779e-01  3.457e-01  3.664e-01  3.649e-01  3.631e-01  3.721e-01  3.960e-01  4.355e-01  4.897e-01  5.572e-01  6.358e-01  7.237e-01  8.187e-01  9.188e-01  1.022e+00  1.128e+00  1.234e+00  1.340e+00  1.444e+00  1.545e+00  1.644e+00  1.739e+00  1.829e+00  1.916e+00  1.998e+00  2.075e+00  2.148e+00  2.216e+00  2.279e+00  2.337e+00  2.392e+00  2.441e+00  2.487e+00  2.529e+00  2.567e+00  2.601e+00  2.632e+00  2.660e+00  2.685e+00  2.707e+00  2.727e+00  2.745e+00  2.760e+00  2.773e+00  2.784e+00  2.793e+00  2.800e+00  2.805e+00 	
 6.735e-02  1.991e-01  3.318e-01  4.136e-01  4.417e-01  4.468e-01  4.543e-01  4.762e-01  5.167e-01  5.755e-01  6.510e-01  7.405e-01  8.411e-01  9.498e-01  1.064e+00  1.181e+00  1.299e+00  1.416e+00  1.531e+00  1.643e+00  1.750e+00  1.852e+00  1.948e+00  2.039e+00  2.124e+00  2.202e+00  2.275e+00  2.341e+00  2.402e+00  2.457e+00  2.507e+00  2.552e+00  2.592e+00  2.627e+00  2.659e+00  2.687e+00  2.711e+00  2.732e+00  2.750e+00  2.766e+00  2.779e+00  2.789e+00  2.798e+00  2.805e+00  2.811e+00  2.815e+00  2.818e+00  2.820e+00  2.821e+00  2.821e+00 	
 7.989e-02  2.388e-01  3.992e-01  4.978e-01  5.357e-01  5.503e-01  5.707e-01  6.095e-01  6.703e-01  7.517e-01  8.506e-01  9.629e-01  1.085e+00  1.212e+00  1.341e+00  1.470e+00  1.597e+00  1.719e+00  1.835e+00  1.944e+00  2.046e+00  2.141e+00  2.228e+00  2.307e+00  2.378e+00  2.442e+00  2.500e+00  2.551e+00  2.595e+00  2.634e+00  2.668e+00  2.698e+00  2.722e+00  2.743e+00  2.761e+00  2.775e+00  2.787e+00  2.796e+00  2.802e+00  2.807e+00  2.810e+00  2.811e+00  2.812e+00  2.811e+00  2.809e+00  2.806e+00  2.804e+00  2.801e+00  2.798e+00  2.796e+00 	
 9.565e-02  2.893e-01  4.836e-01  6.022e-01  6.523e-01  6.796e-01  7.165e-01  7.758e-01  8.597e-01  9.652e-01  1.087e+00  1.220e+00  1.359e+00  1.499e+00  1.637e+00  1.770e+00  1.896e+00  2.013e+00  2.122e+00  2.220e+00  2.309e+00  2.388e+00  2.459e+00  2.520e+00  2.574e+00  2.620e+00  2.659e+00  2.692e+00  2.720e+00  2.742e+00  2.760e+00  2.775e+00  2.786e+00  2.794e+00  2.799e+00  2.802e+00  2.803e+00  2.803e+00  2.801e+00  2.798e+00  2.794e+00  2.789e+00  2.783e+00  2.777e+00  2.771e+00  2.764e+00  2.758e+00  2.752e+00  2.747e+00  2.744e+00 	
 1.159e-01  3.539e-01  5.891e-01  7.305e-01  7.951e-01  8.379e-01  8.943e-01  9.765e-01  1.084e+00  1.213e+00  1.354e+00  1.502e+00  1.650e+00  1.794e+00  1.931e+00  2.057e+00  2.173e+00  2.276e+00  2.368e+00  2.448e+00  2.517e+00  2.576e+00  2.625e+00  2.667e+00  2.701e+00  2.728e+00  2.749e+00  2.765e+00  2.778e+00  2.786e+00  2.791e+00  2.793e+00  2.794e+00  2.792e+00  2.788e+00  2.784e+00  2.778e+00  2.772e+00  2.764e+00  2.756e+00  2.748e+00  2.740e+00  2.731e+00  2.722e+00  2.713e+00  2.705e+00  2.697e+00  2.690e+00  2.684e+00  2.680e+00 	
 1.423e-01  4.371e-01  7.197e-01  8.855e-01  9.661e-01  1.027e+00  1.104e+00  1.209e+00  1.339e+00  1.485e+00  1.639e+00  1.792e+00  1.939e+00  2.076e+00  2.200e+00  2.310e+00  2.405e+00  2.487e+00  2.556e+00  2.613e+00  2.659e+00  2.696e+00  2.724e+00  2.746e+00  2.762e+00  2.773e+00  2.779e+00  2.782e+00  2.782e+00  2.780e+00  2.776e+00  2.770e+00  2.763e+00  2.755e+00  2.746e+00  2.737e+00  2.728e+00  2.718e+00  2.708e+00  2.698e+00  2.687e+00  2.677e+00  2.668e+00  2.658e+00  2.649e+00  2.640e+00  2.631e+00  2.624e+00  2.618e+00  2.614e+00 	
 1.777e-01  5.438e-01  8.789e-01  1.069e+00  1.165e+00  1.244e+00  1.343e+00  1.468e+00  1.613e+00  1.768e+00  1.923e+00  2.069e+00  2.203e+00  2.321e+00  2.423e+00  2.508e+00  2.578e+00  2.633e+00  2.677e+00  2.711e+00  2.735e+00  2.752e+00  2.762e+00  2.768e+00  2.770e+00  2.768e+00  2.764e+00  2.758e+00  2.750e+00  2.741e+00  2.732e+00  2.721e+00  2.710e+00  2.699e+00  2.688e+00  2.677e+00  2.666e+00  2.655e+00  2.644e+00  2.633e+00  2.623e+00  2.613e+00  2.603e+00  2.593e+00  2.584e+00  2.575e+00  2.567e+00  2.560e+00  2.555e+00  2.550e+00 	
 2.254e-01  6.791e-01  1.068e+00  1.278e+00  1.389e+00  1.485e+00  1.601e+00  1.739e+00  1.890e+00  2.042e+00  2.184e+00  2.312e+00  2.422e+00  2.512e+00  2.585e+00  2.642e+00  2.685e+00  2.716e+00  2.736e+00  2.749e+00  2.756e+00  2.757e+00  2.755e+00  2.749e+00  2.742e+00  2.732e+00  2.722e+00  2.710e+00  2.698e+00  2.686e+00  2.674e+00  2.661e+00  2.649e+00  2.637e+00  2.625e+00  2.614e+00  2.602e+00  2.591e+00  2.581e+00  2.570e+00  2.560e+00  2.551e+00  2.541e+00  2.532e+00  2.524e+00  2.516e+00  2.509e+00  2.502e+00  2.497e+00  2.493e+00 	
 2.906e-01  8.471e-01  1.285e+00  1.509e+00  1.631e+00  1.739e+00  1.865e+00  2.006e+00  2.150e+00  2.285e+00  2.404e+00  2.503e+00  2.581e+00  2.641e+00  2.685e+00  2.714e+00  2.733e+00  2.742e+00  2.745e+00  2.743e+00  2.737e+00  2.729e+00  2.718e+00  2.706e+00  2.693e+00  2.679e+00  2.666e+00  2.652e+00  2.639e+00  2.625e+00  2.612e+00  2.600e+00  2.587e+00  2.575e+00  2.564e+00  2.553e+00  2.542e+00  2.532e+00  2.522e+00  2.512e+00  2.503e+00  2.494e+00  2.485e+00  2.477e+00  2.470e+00  2.462e+00  2.456e+00  2.450e+00  2.445e+00  2.441e+00 	
 3.795e-01  1.049e+00  1.524e+00  1.752e+00  1.878e+00  1.992e+00  2.118e+00  2.249e+00  2.372e+00  2.480e+00  2.566e+00  2.632e+00  2.678e+00  2.709e+00  2.726e+00  2.734e+00  2.734e+00  2.729e+00  2.720e+00  2.709e+00  2.695e+00  2.681e+00  2.666e+00  2.651e+00  2.636e+00  2.621e+00  2.606e+00  2.592e+00  2.579e+00  2.566e+00  2.553e+00  2.541e+00  2.529e+00  2.518e+00  2.507e+00  2.497e+00  2.487e+00  2.478e+00  2.469e+00  2.460e+00  2.451e+00  2.443e+00  2.436e+00  2.428e+00  2.421e+00  2.415e+00  2.409e+00  2.404e+00  2.399e+00  2.396e+00 	
 4.993e-01  1.284e+00  1.775e+00  1.994e+00  2.117e+00  2.227e+00  2.340e+00  2.449e+00  2.542e+00  2.615e+00  2.667e+00  2.701e+00  2.719e+00  2.726e+00  2.725e+00  2.717e+00  2.705e+00  2.691e+00  2.675e+00  2.659e+00  2.642e+00  2.625e+00  2.609e+00  2.593e+00  2.578e+00  2.563e+00  2.549e+00  2.535e+00  2.522e+00  2.510e+00  2.498e+00  2.487e+00  2.476e+00  2.466e+00  2.456e+00  2.447e+00  2.438e+00  2.429e+00  2.421e+00  2.413e+00  2.406e+00  2.399e+00  2.392e+00  2.385e+00  2.379e+00  2.373e+00  2.368e+00  2.363e+00  2.359e+00  2.356e+00 	
 6.571e-01  1.543e+00  2.025e+00  2.222e+00  2.331e+00  2.426e+00  2.517e+00  2.594e+00  2.653e+00  2.691e+00  2.712e+00  2.720e+00  2.717e+00  2.708e+00  2.694e+00  2.677e+00  2.659e+00  2.640e+00  2.622e+00  2.603e+00  2.586e+00  2.569e+00  2.552e+00  2.537e+00  2.522e+00  2.508e+00  2.495e+00  2.482e+00  2.470e+00  2.459e+00  2.448e+00  2.438e+00  2.428e+00  2.419e+00  2.410e+00  2.402e+00  2.394e+00  2.386e+00  2.379e+00  2.371e+00  2.365e+00  2.358e+00  2.352e+00  2.346e+00  2.341e+00  2.336e+00  2.331e+00  2.326e+00  2.323e+00  2.320e+00 	
 8.576e-01  1.815e+00  2.258e+00  2.420e+00  2.507e+00  2.578e+00  2.638e+00  2.681e+00  2.706e+00  2.716e+00  2.713e+00  2.702e+00  2.686e+00  2.667e+00  2.646e+00  2.625e+00  2.605e+00  2.585e+00  2.565e+00  2.547e+00  2.530e+00  2.513e+00  2.498e+00  2.483e+00  2.470e+00  2.457e+00  2.445e+00  2.433e+00  2.422e+00  2.412e+00  2.402e+00  2.393e+00  2.385e+00  2.376e+00  2.368e+00  2.361e+00  2.354e+00  2.347e+00  2.340e+00  2.334e+00  2.328e+00  2.322e+00  2.317e+00  2.312e+00  2.307e+00  2.302e+00  2.298e+00  2.294e+00  2.290e+00  2.288e+00 	
 1.101e+00  2.083e+00  2.458e+00  2.576e+00  2.633e+00  2.674e+00  2.702e+00  2.714e+00  2.713e+00  2.702e+00  2.684e+00  2.662e+00  2.639e+00  2.615e+00  2.592e+00  2.570e+00  2.549e+00  2.529e+00  2.511e+00  2.493e+00  2.477e+00  2.462e+00  2.448e+00  2.435e+00  2.422e+00  2.411e+00  2.400e+00  2.389e+00  2.380e+00  2.370e+00  2.362e+00  2.353e+00  2.346e+00  2.338e+00  2.331e+00  2.325e+00  2.318e+00  2.312e+00  2.306e+00  2.301e+00  2.295e+00  2.290e+00  2.285e+00  2.281e+00  2.276e+00  2.272e+00  2.268e+00  2.265e+00  2.262e+00  2.259e+00 	
 1.382e+00  2.328e+00  2.614e+00  2.682e+00  2.705e+00  2.716e+00  2.716e+00  2.705e+00  2.687e+00  2.663e+00  2.638e+00  2.612e+00  2.586e+00  2.562e+00  2.539e+00  2.517e+00  2.497e+00  2.478e+00  2.461e+00  2.445e+00  2.430e+00  2.417e+00  2.404e+00  2.392e+00  2.380e+00  2.370e+00  2.360e+00  2.351e+00  2.342e+00  2.334e+00  2.326e+00  2.319e+00  2.312e+00  2.305e+00  2.299e+00  2.293e+00  2.287e+00  2.282e+00  2.276e+00  2.271e+00  2.267e+00  2.262e+00  2.258e+00  2.254e+00  2.250e+00  2.246e+00  2.242e+00  2.239e+00  2.237e+00  2.234e+00 	
 1.685e+00  2.535e+00  2.720e+00  2.736e+00  2.727e+00  2.712e+00  2.691e+00  2.667e+00  2.639e+00  2.611e+00  2.583e+00  2.557e+00  2.532e+00  2.509e+00  2.487e+00  2.467e+00  2.449e+00  2.432e+00  2.416e+00  2.402e+00  2.389e+00  2.376e+00  2.365e+00  2.354e+00  2.344e+00  2.334e+00  2.325e+00  2.317e+00  2.309e+00  2.302e+00  2.295e+00  2.288e+00  2.282e+00  2.276e+00  2.270e+00  2.265e+00  2.260e+00  2.255e+00  2.250e+00  2.246e+00  2.241e+00  2.237e+00  2.233e+00  2.230e+00  2.226e+00  2.223e+00  2.220e+00  2.217e+00  2.214e+00  2.212e+00 	
 1.991e+00  2.693e+00  2.775e+00  2.744e+00  2.707e+00  2.672e+00  2.640e+00  2.608e+00  2.578e+00  2.549e+00  2.523e+00  2.498e+00  2.475e+00  2.454e+00  2.435e+00  2.418e+00  2.401e+00  2.387e+00  2.373e+00  2.360e+00  2.348e+00  2.337e+00  2.327e+00  2.318e+00  2.309e+00  2.301e+00  2.293e+00  2.285e+00  2.278e+00  2.272e+00  2.266e+00  2.260e+00  2.254e+00  2.249e+00  2.244e+00  2.239e+00  2.235e+00  2.230e+00  2.226e+00  2.222e+00  2.218e+00  2.215e+00  2.211e+00  2.208e+00  2.205e+00  2.202e+00  2.199e+00  2.196e+00  2.194e+00  2.192e+00 	
 2.278e+00  2.796e+00  2.787e+00  2.717e+00  2.658e+00  2.611e+00  2.572e+00  2.538e+00  2.508e+00  2.482e+00  2.458e+00  2.436e+00  2.417e+00  2.399e+00  2.382e+00  2.367e+00  2.353e+00  2.341e+00  2.329e+00  2.318e+00  2.308e+00  2.299e+00  2.290e+00  2.282e+00  2.274e+00  2.267e+00  2.261e+00  2.254e+00  2.248e+00  2.243e+00  2.237e+00  2.232e+00  2.227e+00  2.223e+00  2.218e+00  2.214e+00  2.210e+00  2.207e+00  2.203e+00  2.199e+00  2.196e+00  2.193e+00  2.190e+00  2.187e+00  2.184e+00  2.182e+00  2.179e+00  2.177e+00  2.175e+00  2.173e+00 	
 2.523e+00  2.849e+00  2.766e+00  2.669e+00  2.595e+00  2.541e+00  2.499e+00  2.467e+00  2.439e+00  2.416e+00  2.396e+00  2.378e+00  2.361e+00  2.347e+00  2.333e+00  2.321e+00  2.310e+00  2.299e+00  2.290e+00  2.281e+00  2.272e+00  2.265e+00  2.257e+00  2.250e+00  2.244e+00  2.238e+00  2.232e+00  2.227e+00  2.222e+00  2.217e+00  2.212e+00  2.208e+00  2.204e+00  2.200e+00  2.196e+00  2.192e+00  2.189e+00  2.186e+00  2.183e+00  2.179e+00  2.177e+00  2.174e+00  2.171e+00  2.168e+00  2.166e+00  2.164e+00  2.161e+00  2.159e+00  2.158e+00  2.156e+00 	
 2.712e+00  2.859e+00  2.726e+00  2.614e+00  2.533e+00  2.476e+00  2.434e+00  2.403e+00  2.379e+00  2.359e+00  2.342e+00  2.327e+00  2.314e+00  2.302e+00  2.291e+00  2.281e+00  2.272e+00  2.264e+00  2.256e+00  2.248e+00  2.241e+00  2.235e+00  2.229e+00  2.223e+00  2.217e+00  2.212e+00  2.207e+00  2.203e+00  2.198e+00  2.194e+00  2.190e+00  2.186e+00  2.183e+00  2.179e+00  2.176e+00  2.173e+00  2.170e+00  2.167e+00  2.164e+00  2.162e+00  2.159e+00  2.157e+00  2.154e+00  2.152e+00  2.150e+00  2.148e+00  2.146e+00  2.144e+00  2.142e+00  2.141e+00 	
 2.839e+00  2.839e+00  2.678e+00  2.563e+00  2.482e+00  2.427e+00  2.388e+00  2.359e+00  2.337e+00  2.319e+00  2.304e+00  2.291e+00  2.279e+00  2.269e+00  2.260e+00  2.251e+00  2.243e+00  2.236e+00  2.229e+00  2.222e+00  2.216e+00  2.211e+00  2.205e+00  2.200e+00  2.195e+00  2.191e+00  2.187e+00  2.183e+00  2.179e+00  2.175e+00  2.172e+00  2.168e+00  2.165e+00  2.162e+00  2.159e+00  2.156e+00  2.154e+00  2.151e+00  2.149e+00  2.146e+00  2.144e+00  2.142e+00  2.140e+00  2.138e+00  2.136e+00  2.134e+00  2.132e+00  2.130e+00  2.129e+00  2.127e+00 	
 2.906e+00  2.799e+00  2.630e+00  2.522e+00  2.449e+00  2.399e+00  2.363e+00  2.337e+00  2.316e+00  2.299e+00  2.284e+00  2.272e+00  2.260e+00  2.250e+00  2.241e+00  2.233e+00  2.225e+00  2.218e+00  2.211e+00  2.205e+00  2.199e+00  2.194e+00  2.189e+00  2.184e+00  2.179e+00  2.175e+00  2.171e+00  2.167e+00  2.164e+00  2.160e+00  2.157e+00  2.154e+00  2.151e+00  2.148e+00  2.145e+00  2.143e+00  2.140e+00  2.138e+00  2.136e+00  2.134e+00  2.131e+00  2.129e+00  2.127e+00  2.126e+00  2.124e+00  2.122e+00  2.120e+00  2.119e+00  2.117e+00  2.116e+00 	
 2.923e+00  2.749e+00  2.583e+00  2.487e+00  2.424e+00  2.381e+00  2.349e+00  2.325e+00  2.305e+00  2.288e+00  2.273e+00  2.260e+00  2.249e+00  2.238e+00  2.229e+00  2.220e+00  2.212e+00  2.205e+00  2.198e+00  2.192e+00  2.186e+00  2.181e+00  2.176e+00  2.171e+00  2.167e+00  2.163e+00  2.159e+00  2.155e+00  2.152e+00  2.148e+00  2.145e+00  2.142e+00  2.139e+00  2.137e+00  2.134e+00  2.132e+00  2.129e+00  2.127e+00  2.125e+00  2.123e+00  2.121e+00  2.119e+00  2.117e+00  2.115e+00  2.114e+00  2.112e+00  2.110e+00  2.109e+00  2.107e+00  2.106e+00 	
 2.904e+00  2.695e+00  2.537e+00  2.450e+00  2.393e+00  2.354e+00  2.325e+00  2.302e+00  2.283e+00  2.267e+00  2.253e+00  2.241e+00  2.230e+00  2.220e+00  2.211e+00  2.203e+00  2.195e+00  2.189e+00  2.182e+00  2.176e+00  2.171e+00  2.166e+00  2.161e+00  2.157e+00  2.153e+00  2.149e+00  2.145e+00  2.142e+00  2.139e+00  2.136e+00  2.133e+00  2.130e+00  2.127e+00  2.125e+00  2.122e+00  2.120e+00  2.118e+00  2.116e+00  2.114e+00  2.112e+00  2.110e+00  2.109e+00  2.107e+00  2.105e+00  2.104e+00  2.102e+00  2.101e+00  2.099e+00  2.098e+00  2.096e+00 	
 2.861e+00  2.641e+00  2.492e+00  2.409e+00  2.355e+00  2.316e+00  2.288e+00  2.266e+00  2.248e+00  2.234e+00  2.222e+00  2.211e+00  2.201e+00  2.193e+00  2.185e+00  2.178e+00  2.172e+00  2.166e+00  2.161e+00  2.156e+00  2.152e+00  2.147e+00  2.143e+00  2.140e+00  2.136e+00  2.133e+00  2.130e+00  2.127e+00  2.124e+00  2.121e+00  2.119e+00  2.116e+00  2.114e+00  2.112e+00  2.110e+00  2.108e+00  2.106e+00  2.104e+00  2.102e+00  2.101e+00  2.099e+00  2.098e+00  2.096e+00  2.095e+00  2.093e+00  2.092e+00  2.091e+00  2.090e+00  2.088e+00  2.087e+00 	
 2.807e+00  2.589e+00  2.451e+00  2.375e+00  2.324e+00  2.288e+00  2.262e+00  2.241e+00  2.225e+00  2.212e+00  2.201e+00  2.191e+00  2.183e+00  2.175e+00  2.168e+00  2.162e+00  2.156e+00  2.151e+00  2.146e+00  2.142e+00  2.138e+00  2.134e+00  2.130e+00  2.127e+00  2.124e+00  2.121e+00  2.118e+00  2.115e+00  2.113e+00  2.110e+00  2.108e+00  2.106e+00  2.104e+00  2.102e+00  2.100e+00  2.098e+00  2.097e+00  2.095e+00  2.093e+00  2.092e+00  2.090e+00  2.089e+00  2.088e+00  2.086e+00  2.085e+00  2.084e+00  2.083e+00  2.082e+00  2.080e+00  2.079e+00 	
 2.747e+00  2.540e+00  2.414e+00  2.345e+00  2.300e+00  2.268e+00  2.244e+00  2.226e+00  2.211e+00  2.199e+00  2.188e+00  2.179e+00  2.170e+00  2.163e+00  2.156e+00  2.150e+00  2.145e+00  2.140e+00  2.135e+00  2.131e+00  2.127e+00  2.123e+00  2.120e+00  2.117e+00  2.114e+00  2.111e+00  2.108e+00  2.106e+00  2.103e+00  2.101e+00  2.099e+00  2.097e+00  2.095e+00  2.093e+00  2.092e+00  2.090e+00  2.088e+00  2.087e+00  2.085e+00  2.084e+00  2.083e+00  2.081e+00  2.080e+00  2.079e+00  2.078e+00  2.077e+00  2.076e+00  2.074e+00  2.073e+00  2.072e+00 	
 2.687e+00  2.494e+00  2.379e+00  2.316e+00  2.273e+00  2.244e+00  2.221e+00  2.204e+00  2.190e+00  2.179e+00  2.169e+00  2.161e+00  2.153e+00  2.147e+00  2.141e+00  2.136e+00  2.131e+00  2.126e+00  2.122e+00  2.118e+00  2.115e+00  2.112e+00  2.109e+00  2.106e+00  2.103e+00  2.101e+00  2.098e+00  2.096e+00  2.094e+00  2.092e+00  2.090e+00  2.088e+00  2.086e+00  2.085e+00  2.083e+00  2.082e+00  2.080e+00  2.079e+00  2.078e+00  2.076e+00  2.075e+00  2.074e+00  2.073e+00  2.072e+00  2.071e+00  2.070e+00  2.069e+00  2.068e+00  2.066e+00  2.065e+00 	
 2.629e+00  2.453e+00  2.347e+00  2.290e+00  2.251e+00  2.224e+00  2.204e+00  2.188e+00  2.175e+00  2.164e+00  2.155e+00  2.148e+00  2.141e+00  2.135e+00  2.129e+00  2.124e+00  2.120e+00  2.116e+00  2.112e+00  2.108e+00  2.105e+00  2.102e+00  2.099e+00  2.097e+00  2.094e+00  2.092e+00  2.090e+00  2.088e+00  2.086e+00  2.084e+00  2.082e+00  2.080e+00  2.079e+00  2.077e+00  2.076e+00  2.074e+00  2.073e+00  2.072e+00  2.071e+00  2.070e+00  2.068e+00  2.067e+00  2.066e+00  2.065e+00  2.065e+00  2.064e+00  2.063e+00  2.062e+00  2.060e+00  2.059e+00 	
 2.575e+00  2.414e+00  2.318e+00  2.265e+00  2.230e+00  2.204e+00  2.185e+00  2.171e+00  2.159e+00  2.149e+00  2.141e+00  2.134e+00  2.127e+00  2.122e+00  2.117e+00  2.112e+00  2.108e+00  2.105e+00  2.101e+00  2.098e+00  2.095e+00  2.092e+00  2.090e+00  2.087e+00  2.085e+00  2.083e+00  2.081e+00  2.079e+00  2.078e+00  2.076e+00  2.074e+00  2.073e+00  2.071e+00  2.070e+00  2.069e+00  2.068e+00  2.066e+00  2.065e+00  2.064e+00  2.063e+00  2.062e+00  2.061e+00  2.060e+00  2.060e+00  2.059e+00  2.058e+00  2.057e+00  2.056e+00  2.055e+00  2.053e+00 	
 2.525e+00  2.380e+00  2.292e+00  2.244e+00  2.212e+00  2.189e+00  2.171e+00  2.158e+00  2.147e+00  2.138e+00  2.130e+00  2.123e+00  2.118e+00  2.112e+00  2.108e+00  2.104e+00  2.100e+00  2.096e+00  2.093e+00  2.090e+00  2.087e+00  2.085e+00  2.082e+00  2.080e+00  2.078e+00  2.076e+00  2.074e+00  2.073e+00  2.071e+00  2.069e+00  2.068e+00  2.067e+00  2.065e+00  2.064e+00  2.063e+00  2.062e+00  2.061e+00  2.060e+00  2.059e+00  2.058e+00  2.057e+00  2.056e+00  2.055e+00  2.054e+00  2.054e+00  2.053e+00  2.052e+00  2.051e+00  2.050e+00  2.048e+00 	
 2.479e+00  2.348e+00  2.267e+00  2.223e+00  2.193e+00  2.171e+00  2.155e+00  2.143e+00  2.133e+00  2.125e+00  2.118e+00  2.112e+00  2.106e+00  2.102e+00  2.098e+00  2.094e+00  2.090e+00  2.087e+00  2.084e+00  2.082e+00  2.079e+00  2.077e+00  2.075e+00  2.073e+00  2.071e+00  2.069e+00  2.068e+00  2.066e+00  2.065e+00  2.063e+00  2.062e+00  2.061e+00  2.059e+00  2.058e+00  2.057e+00  2.056e+00  2.055e+00  2.054e+00  2.053e+00  2.053e+00  2.052e+00  2.051e+00  2.050e+00  2.050e+00  2.049e+00  2.048e+00  2.047e+00  2.046e+00  2.045e+00  2.044e+00 	
 2.436e+00  2.319e+00  2.245e+00  2.203e+00  2.176e+00  2.156e+00  2.141e+00  2.130e+00  2.120e+00  2.113e+00  2.107e+00  2.101e+00  2.096e+00  2.092e+00  2.088e+00  2.085e+00  2.082e+00  2.079e+00  2.077e+00  2.074e+00  2.072e+00  2.070e+00  2.068e+00  2.066e+00  2.064e+00  2.063e+00  2.061e+00  2.060e+00  2.059e+00  2.057e+00  2.056e+00  2.055e+00  2.054e+00  2.053e+00  2.052e+00  2.051e+00  2.050e+00  2.049e+00  2.049e+00  2.048e+00  2.047e+00  2.047e+00  2.046e+00  2.045e+00  2.045e+00  2.044e+00  2.043e+00  2.042e+00  2.041e+00  2.039e+00 	
 2.394e+00  2.292e+00  2.224e+00  2.185e+00  2.160e+00  2.141e+00  2.128e+00  2.118e+00  2.109e+00  2.103e+00  2.097e+00  2.092e+00  2.088e+00  2.084e+00  2.080e+00  2.077e+00  2.075e+00  2.072e+00  2.070e+00  2.068e+00  2.066e+00  2.064e+00  2.062e+00  2.060e+00  2.059e+00  2.057e+00  2.056e+00  2.055e+00  2.054e+00  2.052e+00  2.051e+00  2.050e+00  2.049e+00  2.048e+00  2.048e+00  2.047e+00  2.046e+00  2.045e+00  2.044e+00  2.044e+00  2.043e+00  2.043e+00  2.042e+00  2.041e+00  2.041e+00  2.040e+00  2.039e+00  2.038e+00  2.037e+00  2.035e+00 	
 2.347e+00  2.264e+00  2.203e+00  2.167e+00  2.143e+00  2.127e+00  2.115e+00  2.106e+00  2.098e+00  2.092e+00  2.087e+00  2.083e+00  2.079e+00  2.076e+00  2.073e+00  2.070e+00  2.068e+00  2.065e+00  2.063e+00  2.061e+00  2.060e+00  2.058e+00  2.056e+00  2.055e+00  2.054e+00  2.052e+00  2.051e+00  2.050e+00  2.049e+00  2.048e+00  2.047e+00  2.046e+00  2.045e+00  2.044e+00  2.044e+00  2.043e+00  2.042e+00  2.042e+00  2.041e+00  2.041e+00  2.040e+00  2.040e+00  2.039e+00  2.038e+00  2.038e+00  2.037e+00  2.036e+00  2.035e+00  2.033e+00  2.031e+00 	
 2.281e+00  2.231e+00  2.178e+00  2.146e+00  2.125e+00  2.110e+00  2.100e+00  2.092e+00  2.085e+00  2.080e+00  2.076e+00  2.072e+00  2.069e+00  2.066e+00  2.064e+00  2.061e+00  2.059e+00  2.057e+00  2.055e+00  2.054e+00  2.052e+00  2.051e+00  2.049e+00  2.048e+00  2.047e+00  2.046e+00  2.045e+00  2.044e+00  2.043e+00  2.042e+00  2.041e+00  2.040e+00  2.039e+00  2.039e+00  2.038e+00  2.037e+00  2.036e+00  2.036e+00  2.035e+00  2.035e+00  2.034e+00  2.033e+00  2.033e+00  2.032e+00  2.031e+00  2.030e+00  2.029e+00  2.027e+00  2.024e+00  2.020e+00 	
