 6.785e-08  1.952e-07  6.898e-07  2.267e-06  6.184e-06  1.404e-05  2.713e-05  4.571e-05  6.883e-05  9.487e-05  1.222e-04  1.495e-04  1.762e-04  2.020e-04  2.269e-04  2.512e-04  2.751e-04  2.991e-04  3.233e-04  3.482e-04  3.740e-04  4.009e-04  4.290e-04  4.586e-04  4.898e-04  5.227e-04  5.573e-04  5.938e-04  6.322e-04  6.724e-04  7.146e-04  7.587e-04  8.047e-04  8.525e-04  9.020e-04  9.532e-04  1.006e-03  1.060e-03  1.116e-03  1.172e-03  1.230e-03  1.288e-03  1.348e-03  1.407e-03  1.467e-03  1.528e-03  1.588e-03  1.648e-03  1.709e-03  1.768e-03 	
 1.192e-07  3.430e-07  1.212e-06  3.985e-06  1.087e-05  2.468e-05  4.769e-05  8.033e-05  1.210e-04  1.667e-04  2.147e-04  2.627e-04  3.095e-04  3.548e-04  3.985e-04  4.410e-04  4.830e-04  5.250e-04  5.676e-04  6.112e-04  6.564e-04  7.035e-04  7.529e-04  8.048e-04  8.594e-04  9.171e-04  9.778e-04  1.042e-03  1.109e-03  1.180e-03  1.253e-03  1.331e-03  1.411e-03  1.495e-03  1.581e-03  1.671e-03  1.763e-03  1.858e-03  1.955e-03  2.054e-03  2.155e-03  2.257e-03  2.360e-03  2.465e-03  2.570e-03  2.675e-03  2.780e-03  2.885e-03  2.990e-03  3.094e-03 	
 2.096e-07  6.028e-07  2.131e-06  7.004e-06  1.910e-05  4.338e-05  8.382e-05  1.412e-04  2.125e-04  2.929e-04  3.771e-04  4.613e-04  5.435e-04  6.228e-04  6.994e-04  7.740e-04  8.475e-04  9.211e-04  9.957e-04  1.072e-03  1.151e-03  1.234e-03  1.320e-03  1.411e-03  1.507e-03  1.608e-03  1.714e-03  1.826e-03  1.943e-03  2.067e-03  2.196e-03  2.331e-03  2.472e-03  2.618e-03  2.769e-03  2.925e-03  3.086e-03  3.252e-03  3.421e-03  3.593e-03  3.769e-03  3.946e-03  4.126e-03  4.308e-03  4.490e-03  4.673e-03  4.855e-03  5.038e-03  5.219e-03  5.400e-03 	
 3.683e-07  1.059e-06  3.745e-06  1.231e-05  3.358e-05  7.625e-05  1.473e-04  2.481e-04  3.734e-04  5.144e-04  6.622e-04  8.099e-04  9.539e-04  1.093e-03  1.227e-03  1.357e-03  1.486e-03  1.615e-03  1.745e-03  1.878e-03  2.017e-03  2.161e-03  2.312e-03  2.471e-03  2.638e-03  2.814e-03  2.999e-03  3.195e-03  3.400e-03  3.615e-03  3.840e-03  4.075e-03  4.320e-03  4.574e-03  4.838e-03  5.109e-03  5.389e-03  5.676e-03  5.969e-03  6.268e-03  6.571e-03  6.879e-03  7.190e-03  7.503e-03  7.817e-03  8.133e-03  8.448e-03  8.762e-03  9.074e-03  9.384e-03 	
 6.473e-07  1.862e-06  6.582e-06  2.164e-05  5.902e-05  1.340e-04  2.589e-04  4.359e-04  6.560e-04  9.034e-04  1.162e-03  1.421e-03  1.673e-03  1.915e-03  2.150e-03  2.377e-03  2.602e-03  2.826e-03  3.053e-03  3.286e-03  3.527e-03  3.778e-03  4.041e-03  4.317e-03  4.608e-03  4.914e-03  5.237e-03  5.576e-03  5.932e-03  6.306e-03  6.696e-03  7.103e-03  7.527e-03  7.967e-03  8.421e-03  8.890e-03  9.371e-03  9.865e-03  1.037e-02  1.088e-02  1.140e-02  1.193e-02  1.246e-02  1.300e-02  1.353e-02  1.407e-02  1.461e-02  1.514e-02  1.567e-02  1.619e-02 	
 1.138e-06  3.272e-06  1.157e-05  3.803e-05  1.037e-04  2.356e-04  4.550e-04  7.659e-04  1.152e-03  1.586e-03  2.039e-03  2.491e-03  2.930e-03  3.353e-03  3.760e-03  4.156e-03  4.546e-03  4.935e-03  5.329e-03  5.733e-03  6.151e-03  6.586e-03  7.041e-03  7.519e-03  8.022e-03  8.552e-03  9.108e-03  9.693e-03  1.031e-02  1.095e-02  1.162e-02  1.232e-02  1.304e-02  1.380e-02  1.457e-02  1.537e-02  1.619e-02  1.702e-02  1.788e-02  1.875e-02  1.962e-02  2.051e-02  2.140e-02  2.230e-02  2.320e-02  2.410e-02  2.499e-02  2.588e-02  2.676e-02  2.763e-02 	
 1.999e-06  5.751e-06  2.033e-05  6.685e-05  1.824e-04  4.141e-04  7.996e-04  1.345e-03  2.022e-03  2.780e-03  3.571e-03  4.359e-03  5.122e-03  5.855e-03  6.560e-03  7.244e-03  7.917e-03  8.588e-03  9.267e-03  9.962e-03  1.068e-02  1.143e-02  1.221e-02  1.303e-02  1.389e-02  1.479e-02  1.574e-02  1.674e-02  1.778e-02  1.887e-02  2.001e-02  2.118e-02  2.240e-02  2.366e-02  2.496e-02  2.629e-02  2.765e-02  2.904e-02  3.045e-02  3.187e-02  3.332e-02  3.477e-02  3.622e-02  3.768e-02  3.913e-02  4.058e-02  4.202e-02  4.345e-02  4.486e-02  4.625e-02 	
 3.513e-06  1.011e-05  3.574e-05  1.175e-04  3.206e-04  7.278e-04  1.405e-03  2.362e-03  3.546e-03  4.869e-03  6.245e-03  7.609e-03  8.927e-03  1.019e-02  1.140e-02  1.257e-02  1.372e-02  1.486e-02  1.602e-02  1.720e-02  1.842e-02  1.968e-02  2.100e-02  2.239e-02  2.383e-02  2.535e-02  2.694e-02  2.860e-02  3.033e-02  3.213e-02  3.400e-02  3.593e-02  3.792e-02  3.996e-02  4.206e-02  4.419e-02  4.637e-02  4.857e-02  5.080e-02  5.305e-02  5.530e-02  5.756e-02  5.982e-02  6.207e-02  6.430e-02  6.652e-02  6.871e-02  7.087e-02  7.301e-02  7.510e-02 	
 6.173e-06  1.776e-05  6.283e-05  2.066e-04  5.636e-04  1.279e-03  2.467e-03  4.143e-03  6.209e-03  8.508e-03  1.088e-02  1.323e-02  1.548e-02  1.762e-02  1.967e-02  2.164e-02  2.357e-02  2.549e-02  2.742e-02  2.938e-02  3.140e-02  3.350e-02  3.568e-02  3.794e-02  4.031e-02  4.278e-02  4.534e-02  4.801e-02  5.077e-02  5.362e-02  5.655e-02  5.956e-02  6.264e-02  6.578e-02  6.897e-02  7.220e-02  7.546e-02  7.874e-02  8.203e-02  8.532e-02  8.859e-02  9.185e-02  9.509e-02  9.829e-02  1.014e-01  1.046e-01  1.076e-01  1.106e-01  1.136e-01  1.165e-01 	
 1.085e-05  3.122e-05  1.104e-04  3.633e-04  9.910e-04  2.248e-03  4.331e-03  7.258e-03  1.085e-02  1.481e-02  1.887e-02  2.285e-02  2.663e-02  3.020e-02  3.359e-02  3.683e-02  3.998e-02  4.309e-02  4.621e-02  4.938e-02  5.261e-02  5.594e-02  5.938e-02  6.293e-02  6.660e-02  7.040e-02  7.431e-02  7.833e-02  8.245e-02  8.666e-02  9.094e-02  9.528e-02  9.967e-02  1.041e-01  1.085e-01  1.130e-01  1.174e-01  1.218e-01  1.262e-01  1.305e-01  1.348e-01  1.390e-01  1.432e-01  1.472e-01  1.512e-01  1.551e-01  1.589e-01  1.626e-01  1.662e-01  1.697e-01 	
 1.906e-05  5.486e-05  1.942e-04  6.389e-04  1.743e-03  3.950e-03  7.594e-03  1.268e-02  1.886e-02  2.561e-02  3.244e-02  3.903e-02  4.521e-02  5.098e-02  5.638e-02  6.150e-02  6.643e-02  7.125e-02  7.604e-02  8.084e-02  8.571e-02  9.066e-02  9.571e-02  1.009e-01  1.061e-01  1.115e-01  1.169e-01  1.224e-01  1.280e-01  1.335e-01  1.391e-01  1.447e-01  1.503e-01  1.558e-01  1.613e-01  1.666e-01  1.719e-01  1.771e-01  1.822e-01  1.872e-01  1.921e-01  1.968e-01  2.014e-01  2.059e-01  2.103e-01  2.145e-01  2.186e-01  2.225e-01  2.263e-01  2.300e-01 	
 3.348e-05  9.640e-05  3.414e-04  1.124e-03  3.064e-03  6.936e-03  1.329e-02  2.206e-02  3.257e-02  4.384e-02  5.499e-02  6.552e-02  7.519e-02  8.403e-02  9.215e-02  9.972e-02  1.069e-01  1.138e-01  1.205e-01  1.272e-01  1.338e-01  1.405e-01  1.471e-01  1.537e-01  1.604e-01  1.670e-01  1.736e-01  1.802e-01  1.867e-01  1.931e-01  1.994e-01  2.056e-01  2.117e-01  2.177e-01  2.234e-01  2.291e-01  2.345e-01  2.398e-01  2.449e-01  2.499e-01  2.547e-01  2.593e-01  2.637e-01  2.680e-01  2.722e-01  2.761e-01  2.800e-01  2.836e-01  2.872e-01  2.906e-01 	
 5.880e-05  1.694e-04  6.003e-04  1.977e-03  5.388e-03  1.216e-02  2.316e-02  3.810e-02  5.556e-02  7.371e-02  9.111e-02  1.070e-01  1.211e-01  1.335e-01  1.447e-01  1.547e-01  1.640e-01  1.728e-01  1.811e-01  1.892e-01  1.969e-01  2.046e-01  2.120e-01  2.193e-01  2.264e-01  2.334e-01  2.402e-01  2.468e-01  2.532e-01  2.595e-01  2.656e-01  2.714e-01  2.771e-01  2.825e-01  2.878e-01  2.928e-01  2.977e-01  3.024e-01  3.068e-01  3.111e-01  3.153e-01  3.192e-01  3.230e-01  3.266e-01  3.301e-01  3.334e-01  3.366e-01  3.397e-01  3.426e-01  3.454e-01 	
 1.032e-04  2.976e-04  1.056e-03  3.479e-03  9.468e-03  2.126e-02  4.008e-02  6.493e-02  9.282e-02  1.205e-01  1.456e-01  1.673e-01  1.856e-01  2.011e-01  2.143e-01  2.258e-01  2.360e-01  2.453e-01  2.539e-01  2.619e-01  2.694e-01  2.766e-01  2.835e-01  2.901e-01  2.964e-01  3.025e-01  3.083e-01  3.139e-01  3.193e-01  3.244e-01  3.293e-01  3.341e-01  3.386e-01  3.429e-01  3.471e-01  3.510e-01  3.548e-01  3.584e-01  3.619e-01  3.652e-01  3.683e-01  3.714e-01  3.742e-01  3.770e-01  3.796e-01  3.821e-01  3.845e-01  3.868e-01  3.890e-01  3.911e-01 	
 1.812e-04  5.227e-04  1.857e-03  6.122e-03  1.661e-02  3.697e-02  6.852e-02  1.082e-01  1.499e-01  1.882e-01  2.204e-01  2.461e-01  2.662e-01  2.821e-01  2.949e-01  3.055e-01  3.145e-01  3.224e-01  3.294e-01  3.358e-01  3.417e-01  3.472e-01  3.524e-01  3.573e-01  3.619e-01  3.663e-01  3.705e-01  3.745e-01  3.783e-01  3.819e-01  3.853e-01  3.886e-01  3.917e-01  3.947e-01  3.975e-01  4.002e-01  4.028e-01  4.053e-01  4.076e-01  4.099e-01  4.120e-01  4.140e-01  4.160e-01  4.178e-01  4.196e-01  4.213e-01  4.229e-01  4.244e-01  4.259e-01  4.273e-01 	
 3.178e-04  9.179e-04  3.268e-03  1.077e-02  2.906e-02  6.366e-02  1.146e-01  1.736e-01  2.297e-01  2.756e-01  3.099e-01  3.346e-01  3.522e-01  3.651e-01  3.748e-01  3.823e-01  3.885e-01  3.937e-01  3.983e-01  4.024e-01  4.060e-01  4.094e-01  4.126e-01  4.155e-01  4.183e-01  4.209e-01  4.234e-01  4.257e-01  4.279e-01  4.300e-01  4.320e-01  4.338e-01  4.356e-01  4.373e-01  4.389e-01  4.404e-01  4.419e-01  4.433e-01  4.446e-01  4.458e-01  4.470e-01  4.481e-01  4.492e-01  4.502e-01  4.512e-01  4.521e-01  4.530e-01  4.539e-01  4.547e-01  4.555e-01 	
 5.569e-04  1.611e-03  5.750e-03  1.893e-02  5.053e-02  1.076e-01  1.844e-01  2.628e-01  3.266e-01  3.713e-01  4.005e-01  4.190e-01  4.310e-01  4.390e-01  4.446e-01  4.487e-01  4.519e-01  4.545e-01  4.566e-01  4.585e-01  4.601e-01  4.615e-01  4.628e-01  4.640e-01  4.651e-01  4.661e-01  4.670e-01  4.678e-01  4.686e-01  4.693e-01  4.700e-01  4.706e-01  4.712e-01  4.717e-01  4.722e-01  4.726e-01  4.731e-01  4.735e-01  4.738e-01  4.742e-01  4.745e-01  4.749e-01  4.752e-01  4.755e-01  4.758e-01  4.760e-01  4.763e-01  4.766e-01  4.768e-01  4.771e-01 	
 9.743e-04  2.825e-03  1.012e-02  3.320e-02  8.675e-02  1.758e-01  2.795e-01  3.668e-01  4.252e-01  4.598e-01  4.793e-01  4.904e-01  4.967e-01  5.005e-01  5.026e-01  5.039e-01  5.047e-01  5.050e-01  5.051e-01  5.050e-01  5.048e-01  5.045e-01  5.041e-01  5.037e-01  5.032e-01  5.027e-01  5.022e-01  5.016e-01  5.011e-01  5.005e-01  5.000e-01  4.994e-01  4.989e-01  4.984e-01  4.979e-01  4.974e-01  4.969e-01  4.965e-01  4.961e-01  4.957e-01  4.953e-01  4.950e-01  4.947e-01  4.944e-01  4.941e-01  4.939e-01  4.936e-01  4.934e-01  4.932e-01  4.931e-01 	
 1.701e-03  4.949e-03  1.778e-02  5.785e-02  1.454e-01  2.716e-01  3.893e-01  4.674e-01  5.104e-01  5.324e-01  5.433e-01  5.485e-01  5.507e-01  5.511e-01  5.506e-01  5.495e-01  5.481e-01  5.463e-01  5.444e-01  5.425e-01  5.405e-01  5.384e-01  5.364e-01  5.344e-01  5.324e-01  5.305e-01  5.286e-01  5.268e-01  5.251e-01  5.234e-01  5.218e-01  5.203e-01  5.189e-01  5.175e-01  5.163e-01  5.151e-01  5.139e-01  5.129e-01  5.119e-01  5.109e-01  5.101e-01  5.093e-01  5.085e-01  5.078e-01  5.072e-01  5.066e-01  5.061e-01  5.056e-01  5.052e-01  5.048e-01 	
 2.960e-03  8.650e-03  3.119e-02  9.956e-02  2.330e-01  3.856e-01  4.933e-01  5.504e-01  5.772e-01  5.892e-01  5.938e-01  5.947e-01  5.935e-01  5.911e-01  5.881e-01  5.846e-01  5.809e-01  5.771e-01  5.732e-01  5.694e-01  5.657e-01  5.621e-01  5.586e-01  5.552e-01  5.520e-01  5.489e-01  5.460e-01  5.432e-01  5.406e-01  5.382e-01  5.359e-01  5.337e-01  5.317e-01  5.299e-01  5.281e-01  5.265e-01  5.250e-01  5.236e-01  5.223e-01  5.211e-01  5.200e-01  5.190e-01  5.181e-01  5.173e-01  5.166e-01  5.159e-01  5.153e-01  5.147e-01  5.142e-01  5.138e-01 	
 5.128e-03  1.507e-02  5.444e-02  1.668e-01  3.458e-01  4.957e-01  5.764e-01  6.126e-01  6.273e-01  6.321e-01  6.318e-01  6.289e-01  6.245e-01  6.194e-01  6.138e-01  6.080e-01  6.022e-01  5.965e-01  5.909e-01  5.856e-01  5.805e-01  5.757e-01  5.711e-01  5.668e-01  5.628e-01  5.590e-01  5.555e-01  5.523e-01  5.492e-01  5.464e-01  5.439e-01  5.415e-01  5.393e-01  5.373e-01  5.354e-01  5.337e-01  5.322e-01  5.308e-01  5.295e-01  5.283e-01  5.273e-01  5.263e-01  5.255e-01  5.247e-01  5.241e-01  5.235e-01  5.229e-01  5.225e-01  5.221e-01  5.217e-01 	
 8.824e-03  2.610e-02  9.400e-02  2.643e-01  4.629e-01  5.830e-01  6.360e-01  6.565e-01  6.624e-01  6.613e-01  6.567e-01  6.503e-01  6.429e-01  6.352e-01  6.274e-01  6.197e-01  6.123e-01  6.052e-01  5.985e-01  5.923e-01  5.864e-01  5.810e-01  5.760e-01  5.714e-01  5.671e-01  5.632e-01  5.597e-01  5.564e-01  5.535e-01  5.508e-01  5.483e-01  5.461e-01  5.440e-01  5.422e-01  5.406e-01  5.391e-01  5.378e-01  5.366e-01  5.355e-01  5.346e-01  5.337e-01  5.330e-01  5.323e-01  5.318e-01  5.313e-01  5.309e-01  5.305e-01  5.302e-01  5.300e-01  5.298e-01 	
 1.503e-02  4.483e-02  1.580e-01  3.804e-01  5.591e-01  6.428e-01  6.747e-01  6.841e-01  6.832e-01  6.775e-01  6.694e-01  6.601e-01  6.505e-01  6.409e-01  6.317e-01  6.229e-01  6.147e-01  6.071e-01  6.001e-01  5.936e-01  5.878e-01  5.824e-01  5.776e-01  5.732e-01  5.692e-01  5.656e-01  5.624e-01  5.595e-01  5.569e-01  5.546e-01  5.525e-01  5.506e-01  5.489e-01  5.474e-01  5.461e-01  5.449e-01  5.439e-01  5.430e-01  5.422e-01  5.415e-01  5.409e-01  5.404e-01  5.400e-01  5.396e-01  5.393e-01  5.390e-01  5.388e-01  5.387e-01  5.386e-01  5.385e-01 	
 2.525e-02  7.590e-02  2.494e-01  4.877e-01  6.247e-01  6.791e-01  6.964e-01  6.978e-01  6.919e-01  6.827e-01  6.720e-01  6.609e-01  6.500e-01  6.396e-01  6.299e-01  6.209e-01  6.127e-01  6.053e-01  5.986e-01  5.926e-01  5.872e-01  5.824e-01  5.781e-01  5.743e-01  5.709e-01  5.679e-01  5.652e-01  5.628e-01  5.606e-01  5.588e-01  5.571e-01  5.556e-01  5.543e-01  5.532e-01  5.522e-01  5.513e-01  5.506e-01  5.499e-01  5.494e-01  5.489e-01  5.485e-01  5.482e-01  5.479e-01  5.477e-01  5.476e-01  5.474e-01  5.474e-01  5.474e-01  5.474e-01  5.474e-01 	
 4.156e-02  1.250e-01  3.532e-01  5.653e-01  6.621e-01  6.961e-01  7.034e-01  6.992e-01  6.899e-01  6.785e-01  6.665e-01  6.548e-01  6.437e-01  6.335e-01  6.242e-01  6.159e-01  6.084e-01  6.018e-01  5.959e-01  5.907e-01  5.861e-01  5.820e-01  5.785e-01  5.753e-01  5.726e-01  5.702e-01  5.680e-01  5.662e-01  5.645e-01  5.631e-01  5.618e-01  5.607e-01  5.598e-01  5.590e-01  5.583e-01  5.577e-01  5.572e-01  5.567e-01  5.564e-01  5.561e-01  5.559e-01  5.557e-01  5.556e-01  5.555e-01  5.555e-01  5.555e-01  5.555e-01  5.556e-01  5.557e-01  5.558e-01 	
 6.659e-02  1.942e-01  4.427e-01  6.095e-01  6.765e-01  6.971e-01  6.980e-01  6.906e-01  6.797e-01  6.677e-01  6.558e-01  6.446e-01  6.343e-01  6.250e-01  6.168e-01  6.095e-01  6.031e-01  5.975e-01  5.927e-01  5.884e-01  5.847e-01  5.815e-01  5.787e-01  5.762e-01  5.741e-01  5.723e-01  5.707e-01  5.693e-01  5.682e-01  5.671e-01  5.663e-01  5.655e-01  5.649e-01  5.644e-01  5.640e-01  5.636e-01  5.633e-01  5.631e-01  5.629e-01  5.628e-01  5.627e-01  5.627e-01  5.627e-01  5.627e-01  5.628e-01  5.629e-01  5.630e-01  5.632e-01  5.633e-01  5.635e-01 	
 1.030e-01  2.729e-01  4.997e-01  6.236e-01  6.705e-01  6.832e-01  6.811e-01  6.729e-01  6.624e-01  6.515e-01  6.410e-01  6.313e-01  6.226e-01  6.149e-01  6.082e-01  6.023e-01  5.972e-01  5.928e-01  5.891e-01  5.859e-01  5.831e-01  5.807e-01  5.787e-01  5.770e-01  5.755e-01  5.743e-01  5.732e-01  5.723e-01  5.716e-01  5.710e-01  5.704e-01  5.700e-01  5.697e-01  5.694e-01  5.693e-01  5.691e-01  5.690e-01  5.690e-01  5.690e-01  5.690e-01  5.691e-01  5.692e-01  5.693e-01  5.694e-01  5.696e-01  5.697e-01  5.699e-01  5.701e-01  5.703e-01  5.706e-01 	
 1.520e-01  3.421e-01  5.237e-01  6.144e-01  6.489e-01  6.580e-01  6.560e-01  6.493e-01  6.410e-01  6.324e-01  6.242e-01  6.168e-01  6.102e-01  6.044e-01  5.994e-01  5.951e-01  5.914e-01  5.884e-01  5.857e-01  5.836e-01  5.817e-01  5.802e-01  5.790e-01  5.779e-01  5.771e-01  5.764e-01  5.758e-01  5.754e-01  5.750e-01  5.748e-01  5.746e-01  5.745e-01  5.744e-01  5.744e-01  5.744e-01  5.745e-01  5.745e-01  5.747e-01  5.748e-01  5.749e-01  5.751e-01  5.753e-01  5.755e-01  5.757e-01  5.759e-01  5.762e-01  5.764e-01  5.766e-01  5.769e-01  5.772e-01 	
 2.117e-01  3.924e-01  5.258e-01  5.917e-01  6.185e-01  6.271e-01  6.272e-01  6.235e-01  6.183e-01  6.128e-01  6.074e-01  6.024e-01  5.981e-01  5.943e-01  5.911e-01  5.884e-01  5.862e-01  5.844e-01  5.829e-01  5.817e-01  5.808e-01  5.800e-01  5.795e-01  5.791e-01  5.788e-01  5.786e-01  5.785e-01  5.785e-01  5.785e-01  5.785e-01  5.786e-01  5.788e-01  5.789e-01  5.791e-01  5.793e-01  5.795e-01  5.798e-01  5.800e-01  5.802e-01  5.805e-01  5.808e-01  5.810e-01  5.813e-01  5.816e-01  5.818e-01  5.821e-01  5.824e-01  5.827e-01  5.829e-01  5.832e-01 	
 2.769e-01  4.286e-01  5.211e-01  5.684e-01  5.903e-01  5.994e-01  6.021e-01  6.014e-01  5.992e-01  5.964e-01  5.935e-01  5.909e-01  5.885e-01  5.865e-01  5.849e-01  5.836e-01  5.826e-01  5.819e-01  5.814e-01  5.811e-01  5.809e-01  5.808e-01  5.809e-01  5.810e-01  5.812e-01  5.814e-01  5.816e-01  5.819e-01  5.822e-01  5.825e-01  5.829e-01  5.832e-01  5.835e-01  5.839e-01  5.842e-01  5.845e-01  5.849e-01  5.852e-01  5.855e-01  5.858e-01  5.862e-01  5.865e-01  5.868e-01  5.871e-01  5.874e-01  5.877e-01  5.880e-01  5.883e-01  5.886e-01  5.889e-01 	
 3.428e-01  4.573e-01  5.181e-01  5.519e-01  5.703e-01  5.799e-01  5.843e-01  5.858e-01  5.858e-01  5.851e-01  5.841e-01  5.832e-01  5.824e-01  5.818e-01  5.814e-01  5.813e-01  5.813e-01  5.814e-01  5.816e-01  5.820e-01  5.824e-01  5.828e-01  5.833e-01  5.838e-01  5.843e-01  5.849e-01  5.854e-01  5.859e-01  5.864e-01  5.869e-01  5.873e-01  5.878e-01  5.883e-01  5.887e-01  5.891e-01  5.895e-01  5.899e-01  5.903e-01  5.907e-01  5.910e-01  5.914e-01  5.917e-01  5.920e-01  5.924e-01  5.927e-01  5.930e-01  5.933e-01  5.936e-01  5.939e-01  5.941e-01 	
 4.062e-01  4.809e-01  5.169e-01  5.411e-01  5.569e-01  5.665e-01  5.720e-01  5.750e-01  5.766e-01  5.775e-01  5.780e-01  5.784e-01  5.789e-01  5.794e-01  5.800e-01  5.807e-01  5.814e-01  5.822e-01  5.831e-01  5.839e-01  5.847e-01  5.856e-01  5.864e-01  5.872e-01  5.879e-01  5.887e-01  5.894e-01  5.900e-01  5.907e-01  5.913e-01  5.919e-01  5.924e-01  5.929e-01  5.934e-01  5.939e-01  5.943e-01  5.948e-01  5.952e-01  5.955e-01  5.959e-01  5.963e-01  5.966e-01  5.970e-01  5.973e-01  5.976e-01  5.979e-01  5.982e-01  5.984e-01  5.987e-01  5.990e-01 	
 4.622e-01  5.038e-01  5.216e-01  5.379e-01  5.506e-01  5.594e-01  5.651e-01  5.688e-01  5.713e-01  5.733e-01  5.748e-01  5.763e-01  5.776e-01  5.790e-01  5.803e-01  5.816e-01  5.829e-01  5.842e-01  5.854e-01  5.866e-01  5.878e-01  5.889e-01  5.899e-01  5.909e-01  5.918e-01  5.927e-01  5.935e-01  5.943e-01  5.950e-01  5.957e-01  5.963e-01  5.969e-01  5.975e-01  5.980e-01  5.985e-01  5.989e-01  5.994e-01  5.998e-01  6.002e-01  6.005e-01  6.009e-01  6.012e-01  6.015e-01  6.018e-01  6.021e-01  6.024e-01  6.027e-01  6.029e-01  6.032e-01  6.034e-01 	
 5.064e-01  5.267e-01  5.318e-01  5.411e-01  5.501e-01  5.572e-01  5.624e-01  5.663e-01  5.693e-01  5.719e-01  5.742e-01  5.763e-01  5.783e-01  5.802e-01  5.821e-01  5.838e-01  5.855e-01  5.871e-01  5.886e-01  5.901e-01  5.914e-01  5.927e-01  5.938e-01  5.949e-01  5.960e-01  5.969e-01  5.978e-01  5.986e-01  5.993e-01  6.000e-01  6.007e-01  6.013e-01  6.018e-01  6.024e-01  6.028e-01  6.033e-01  6.037e-01  6.041e-01  6.045e-01  6.048e-01  6.051e-01  6.055e-01  6.057e-01  6.060e-01  6.063e-01  6.065e-01  6.068e-01  6.070e-01  6.072e-01  6.074e-01 	
 5.383e-01  5.459e-01  5.425e-01  5.461e-01  5.519e-01  5.574e-01  5.620e-01  5.660e-01  5.694e-01  5.725e-01  5.753e-01  5.779e-01  5.803e-01  5.826e-01  5.848e-01  5.869e-01  5.888e-01  5.906e-01  5.923e-01  5.938e-01  5.953e-01  5.967e-01  5.979e-01  5.990e-01  6.001e-01  6.011e-01  6.020e-01  6.028e-01  6.035e-01  6.042e-01  6.049e-01  6.055e-01  6.060e-01  6.065e-01  6.069e-01  6.074e-01  6.078e-01  6.081e-01  6.085e-01  6.088e-01  6.091e-01  6.094e-01  6.096e-01  6.099e-01  6.101e-01  6.103e-01  6.105e-01  6.107e-01  6.109e-01  6.111e-01 	
 5.622e-01  5.628e-01  5.536e-01  5.527e-01  5.558e-01  5.599e-01  5.640e-01  5.679e-01  5.715e-01  5.748e-01  5.779e-01  5.808e-01  5.835e-01  5.860e-01  5.884e-01  5.906e-01  5.926e-01  5.945e-01  5.963e-01  5.979e-01  5.994e-01  6.007e-01  6.020e-01  6.031e-01  6.042e-01  6.052e-01  6.060e-01  6.068e-01  6.076e-01  6.082e-01  6.088e-01  6.094e-01  6.099e-01  6.103e-01  6.108e-01  6.111e-01  6.115e-01  6.118e-01  6.121e-01  6.124e-01  6.127e-01  6.129e-01  6.131e-01  6.133e-01  6.135e-01  6.137e-01  6.139e-01  6.140e-01  6.142e-01  6.144e-01 	
 5.823e-01  5.783e-01  5.646e-01  5.601e-01  5.609e-01  5.639e-01  5.675e-01  5.712e-01  5.748e-01  5.782e-01  5.814e-01  5.844e-01  5.873e-01  5.899e-01  5.923e-01  5.946e-01  5.966e-01  5.986e-01  6.003e-01  6.019e-01  6.034e-01  6.048e-01  6.060e-01  6.071e-01  6.081e-01  6.090e-01  6.099e-01  6.106e-01  6.113e-01  6.119e-01  6.125e-01  6.130e-01  6.134e-01  6.139e-01  6.142e-01  6.146e-01  6.149e-01  6.152e-01  6.154e-01  6.157e-01  6.159e-01  6.161e-01  6.163e-01  6.165e-01  6.166e-01  6.168e-01  6.169e-01  6.170e-01  6.171e-01  6.173e-01 	
 5.991e-01  5.918e-01  5.749e-01  5.678e-01  5.669e-01  5.689e-01  5.720e-01  5.755e-01  5.790e-01  5.824e-01  5.857e-01  5.887e-01  5.915e-01  5.941e-01  5.965e-01  5.987e-01  6.008e-01  6.026e-01  6.044e-01  6.059e-01  6.073e-01  6.086e-01  6.098e-01  6.109e-01  6.118e-01  6.127e-01  6.135e-01  6.142e-01  6.148e-01  6.153e-01  6.159e-01  6.163e-01  6.167e-01  6.171e-01  6.174e-01  6.177e-01  6.180e-01  6.182e-01  6.184e-01  6.186e-01  6.188e-01  6.190e-01  6.191e-01  6.192e-01  6.194e-01  6.195e-01  6.196e-01  6.197e-01  6.197e-01  6.198e-01 	
 6.140e-01  6.039e-01  5.848e-01  5.758e-01  5.737e-01  5.749e-01  5.775e-01  5.807e-01  5.840e-01  5.872e-01  5.903e-01  5.933e-01  5.960e-01  5.985e-01  6.008e-01  6.029e-01  6.049e-01  6.066e-01  6.083e-01  6.098e-01  6.111e-01  6.123e-01  6.134e-01  6.144e-01  6.153e-01  6.161e-01  6.168e-01  6.174e-01  6.180e-01  6.185e-01  6.189e-01  6.193e-01  6.197e-01  6.200e-01  6.203e-01  6.205e-01  6.207e-01  6.209e-01  6.211e-01  6.212e-01  6.214e-01  6.215e-01  6.216e-01  6.217e-01  6.218e-01  6.219e-01  6.219e-01  6.220e-01  6.220e-01  6.221e-01 	
 6.274e-01  6.149e-01  5.941e-01  5.838e-01  5.807e-01  5.812e-01  5.834e-01  5.862e-01  5.892e-01  5.922e-01  5.951e-01  5.979e-01  6.004e-01  6.028e-01  6.049e-01  6.069e-01  6.088e-01  6.104e-01  6.120e-01  6.133e-01  6.146e-01  6.157e-01  6.167e-01  6.176e-01  6.184e-01  6.191e-01  6.198e-01  6.203e-01  6.208e-01  6.213e-01  6.217e-01  6.220e-01  6.223e-01  6.226e-01  6.228e-01  6.230e-01  6.232e-01  6.233e-01  6.234e-01  6.236e-01  6.237e-01  6.237e-01  6.238e-01  6.239e-01  6.239e-01  6.240e-01  6.240e-01  6.240e-01  6.240e-01  6.241e-01 	
 6.397e-01  6.249e-01  6.029e-01  5.916e-01  5.876e-01  5.875e-01  5.892e-01  5.916e-01  5.944e-01  5.971e-01  5.998e-01  6.023e-01  6.046e-01  6.068e-01  6.088e-01  6.107e-01  6.124e-01  6.139e-01  6.153e-01  6.166e-01  6.177e-01  6.188e-01  6.197e-01  6.205e-01  6.212e-01  6.219e-01  6.224e-01  6.229e-01  6.234e-01  6.238e-01  6.241e-01  6.244e-01  6.246e-01  6.248e-01  6.250e-01  6.252e-01  6.253e-01  6.254e-01  6.255e-01  6.256e-01  6.256e-01  6.257e-01  6.257e-01  6.257e-01  6.258e-01  6.258e-01  6.258e-01  6.258e-01  6.258e-01  6.258e-01 	
 6.509e-01  6.338e-01  6.109e-01  5.988e-01  5.942e-01  5.935e-01  5.948e-01  5.968e-01  5.992e-01  6.017e-01  6.041e-01  6.064e-01  6.085e-01  6.105e-01  6.124e-01  6.141e-01  6.156e-01  6.171e-01  6.184e-01  6.195e-01  6.206e-01  6.215e-01  6.223e-01  6.231e-01  6.237e-01  6.243e-01  6.248e-01  6.252e-01  6.256e-01  6.259e-01  6.262e-01  6.265e-01  6.267e-01  6.268e-01  6.270e-01  6.271e-01  6.272e-01  6.272e-01  6.273e-01  6.273e-01  6.274e-01  6.274e-01  6.274e-01  6.274e-01  6.274e-01  6.273e-01  6.273e-01  6.273e-01  6.273e-01  6.272e-01 	
 6.611e-01  6.419e-01  6.181e-01  6.053e-01  6.002e-01  5.990e-01  5.998e-01  6.015e-01  6.036e-01  6.058e-01  6.079e-01  6.100e-01  6.120e-01  6.138e-01  6.155e-01  6.171e-01  6.185e-01  6.198e-01  6.210e-01  6.221e-01  6.230e-01  6.239e-01  6.246e-01  6.253e-01  6.259e-01  6.264e-01  6.269e-01  6.272e-01  6.276e-01  6.278e-01  6.281e-01  6.283e-01  6.284e-01  6.286e-01  6.287e-01  6.287e-01  6.288e-01  6.288e-01  6.288e-01  6.288e-01  6.288e-01  6.288e-01  6.288e-01  6.288e-01  6.287e-01  6.287e-01  6.286e-01  6.286e-01  6.285e-01  6.285e-01 	
 6.702e-01  6.491e-01  6.245e-01  6.112e-01  6.055e-01  6.039e-01  6.043e-01  6.057e-01  6.075e-01  6.094e-01  6.114e-01  6.132e-01  6.150e-01  6.167e-01  6.183e-01  6.197e-01  6.210e-01  6.222e-01  6.233e-01  6.243e-01  6.252e-01  6.260e-01  6.267e-01  6.273e-01  6.278e-01  6.282e-01  6.286e-01  6.290e-01  6.292e-01  6.295e-01  6.297e-01  6.298e-01  6.299e-01  6.300e-01  6.301e-01  6.301e-01  6.302e-01  6.302e-01  6.302e-01  6.301e-01  6.301e-01  6.301e-01  6.300e-01  6.299e-01  6.299e-01  6.298e-01  6.298e-01  6.297e-01  6.296e-01  6.295e-01 	
 6.783e-01  6.555e-01  6.303e-01  6.164e-01  6.102e-01  6.082e-01  6.083e-01  6.094e-01  6.109e-01  6.126e-01  6.143e-01  6.160e-01  6.177e-01  6.192e-01  6.207e-01  6.220e-01  6.232e-01  6.243e-01  6.253e-01  6.262e-01  6.270e-01  6.278e-01  6.284e-01  6.289e-01  6.294e-01  6.298e-01  6.302e-01  6.304e-01  6.307e-01  6.309e-01  6.310e-01  6.311e-01  6.312e-01  6.313e-01  6.313e-01  6.313e-01  6.313e-01  6.313e-01  6.313e-01  6.312e-01  6.312e-01  6.311e-01  6.310e-01  6.310e-01  6.309e-01  6.308e-01  6.307e-01  6.306e-01  6.305e-01  6.304e-01 	
 6.856e-01  6.612e-01  6.353e-01  6.210e-01  6.144e-01  6.120e-01  6.118e-01  6.126e-01  6.138e-01  6.153e-01  6.169e-01  6.185e-01  6.200e-01  6.214e-01  6.227e-01  6.239e-01  6.251e-01  6.261e-01  6.270e-01  6.279e-01  6.286e-01  6.293e-01  6.299e-01  6.304e-01  6.308e-01  6.311e-01  6.314e-01  6.317e-01  6.319e-01  6.321e-01  6.322e-01  6.323e-01  6.323e-01  6.324e-01  6.324e-01  6.323e-01  6.323e-01  6.323e-01  6.322e-01  6.321e-01  6.321e-01  6.320e-01  6.319e-01  6.318e-01  6.317e-01  6.316e-01  6.315e-01  6.314e-01  6.313e-01  6.312e-01 	
 6.921e-01  6.663e-01  6.398e-01  6.250e-01  6.180e-01  6.153e-01  6.148e-01  6.153e-01  6.164e-01  6.177e-01  6.191e-01  6.205e-01  6.219e-01  6.232e-01  6.245e-01  6.256e-01  6.267e-01  6.276e-01  6.285e-01  6.293e-01  6.300e-01  6.306e-01  6.311e-01  6.316e-01  6.320e-01  6.323e-01  6.326e-01  6.328e-01  6.329e-01  6.331e-01  6.332e-01  6.332e-01  6.332e-01  6.333e-01  6.332e-01  6.332e-01  6.331e-01  6.331e-01  6.330e-01  6.329e-01  6.328e-01  6.327e-01  6.326e-01  6.325e-01  6.324e-01  6.323e-01  6.322e-01  6.320e-01  6.319e-01  6.318e-01 	
 6.979e-01  6.708e-01  6.438e-01  6.285e-01  6.212e-01  6.182e-01  6.174e-01  6.177e-01  6.186e-01  6.197e-01  6.210e-01  6.223e-01  6.236e-01  6.248e-01  6.260e-01  6.270e-01  6.280e-01  6.289e-01  6.298e-01  6.305e-01  6.311e-01  6.317e-01  6.322e-01  6.326e-01  6.330e-01  6.332e-01  6.335e-01  6.337e-01  6.338e-01  6.339e-01  6.340e-01  6.340e-01  6.340e-01  6.340e-01  6.340e-01  6.339e-01  6.338e-01  6.338e-01  6.337e-01  6.336e-01  6.335e-01  6.333e-01  6.332e-01  6.331e-01  6.330e-01  6.328e-01  6.327e-01  6.326e-01  6.324e-01  6.323e-01 	
 7.031e-01  6.748e-01  6.473e-01  6.316e-01  6.239e-01  6.206e-01  6.196e-01  6.197e-01  6.205e-01  6.215e-01  6.226e-01  6.238e-01  6.250e-01  6.262e-01  6.272e-01  6.283e-01  6.292e-01  6.300e-01  6.308e-01  6.315e-01  6.321e-01  6.326e-01  6.331e-01  6.335e-01  6.338e-01  6.341e-01  6.343e-01  6.344e-01  6.345e-01  6.346e-01  6.347e-01  6.347e-01  6.347e-01  6.346e-01  6.346e-01  6.345e-01  6.344e-01  6.343e-01  6.342e-01  6.341e-01  6.340e-01  6.338e-01  6.337e-01  6.336e-01  6.334e-01  6.333e-01  6.332e-01  6.330e-01  6.329e-01  6.327e-01 	
 7.077e-01  6.784e-01  6.504e-01  6.343e-01  6.263e-01  6.228e-01  6.215e-01  6.215e-01  6.221e-01  6.230e-01  6.240e-01  6.251e-01  6.262e-01  6.273e-01  6.283e-01  6.293e-01  6.302e-01  6.310e-01  6.317e-01  6.323e-01  6.329e-01  6.334e-01  6.338e-01  6.342e-01  6.345e-01  6.347e-01  6.349e-01  6.351e-01  6.352e-01  6.352e-01  6.352e-01  6.352e-01  6.352e-01  6.352e-01  6.351e-01  6.350e-01  6.349e-01  6.348e-01  6.347e-01  6.345e-01  6.344e-01  6.343e-01  6.341e-01  6.340e-01  6.338e-01  6.337e-01  6.335e-01  6.334e-01  6.332e-01  6.331e-01 	
