 6.459e-04  1.255e-04  4.545e-04  1.056e-03  1.897e-03  2.959e-03  4.234e-03  5.718e-03  7.407e-03  9.291e-03  1.136e-02  1.359e-02  1.597e-02  1.848e-02  2.111e-02  2.384e-02  2.665e-02  2.954e-02  3.250e-02  3.553e-02  3.861e-02  4.175e-02  4.495e-02  4.820e-02  5.150e-02  5.486e-02  5.827e-02  6.172e-02  6.523e-02  6.879e-02  7.240e-02  7.606e-02  7.976e-02  8.351e-02  8.731e-02  9.115e-02  9.503e-02  9.894e-02  1.029e-01  1.069e-01  1.109e-01  1.150e-01  1.192e-01  1.233e-01  1.276e-01  1.320e-01  1.365e-01  1.413e-01  1.464e-01  1.520e-01 	
 2.046e-04  1.822e-04  7.630e-04  1.613e-03  2.741e-03  4.141e-03  5.812e-03  7.754e-03  9.966e-03  1.244e-02  1.515e-02  1.809e-02  2.122e-02  2.453e-02  2.798e-02  3.157e-02  3.526e-02  3.905e-02  4.292e-02  4.686e-02  5.087e-02  5.494e-02  5.907e-02  6.326e-02  6.749e-02  7.179e-02  7.613e-02  8.052e-02  8.496e-02  8.945e-02  9.399e-02  9.857e-02  1.032e-01  1.079e-01  1.126e-01  1.173e-01  1.221e-01  1.269e-01  1.317e-01  1.366e-01  1.415e-01  1.464e-01  1.514e-01  1.563e-01  1.613e-01  1.664e-01  1.714e-01  1.766e-01  1.817e-01  1.870e-01 	
 9.645e-05  3.262e-04  1.113e-03  2.237e-03  3.726e-03  5.580e-03  7.800e-03  1.039e-02  1.335e-02  1.666e-02  2.031e-02  2.425e-02  2.846e-02  3.289e-02  3.750e-02  4.228e-02  4.718e-02  5.218e-02  5.727e-02  6.242e-02  6.764e-02  7.291e-02  7.822e-02  8.357e-02  8.896e-02  9.439e-02  9.986e-02  1.054e-01  1.109e-01  1.165e-01  1.221e-01  1.277e-01  1.333e-01  1.390e-01  1.448e-01  1.505e-01  1.562e-01  1.620e-01  1.678e-01  1.736e-01  1.794e-01  1.852e-01  1.910e-01  1.968e-01  2.026e-01  2.083e-01  2.140e-01  2.195e-01  2.250e-01  2.303e-01 	
 1.107e-04  5.268e-04  1.542e-03  3.018e-03  4.990e-03  7.456e-03  1.042e-02  1.390e-02  1.788e-02  2.235e-02  2.726e-02  3.256e-02  3.819e-02  4.409e-02  5.021e-02  5.648e-02  6.288e-02  6.936e-02  7.589e-02  8.247e-02  8.906e-02  9.566e-02  1.023e-01  1.089e-01  1.155e-01  1.221e-01  1.288e-01  1.354e-01  1.420e-01  1.487e-01  1.553e-01  1.620e-01  1.686e-01  1.753e-01  1.819e-01  1.886e-01  1.953e-01  2.019e-01  2.086e-01  2.152e-01  2.219e-01  2.284e-01  2.350e-01  2.415e-01  2.479e-01  2.542e-01  2.604e-01  2.664e-01  2.721e-01  2.775e-01 	
 1.793e-04  7.862e-04  2.094e-03  4.043e-03  6.666e-03  9.963e-03  1.395e-02  1.864e-02  2.402e-02  3.005e-02  3.665e-02  4.373e-02  5.120e-02  5.895e-02  6.689e-02  7.495e-02  8.306e-02  9.120e-02  9.931e-02  1.074e-01  1.154e-01  1.234e-01  1.313e-01  1.391e-01  1.469e-01  1.547e-01  1.624e-01  1.701e-01  1.778e-01  1.854e-01  1.930e-01  2.006e-01  2.082e-01  2.157e-01  2.232e-01  2.307e-01  2.381e-01  2.455e-01  2.529e-01  2.602e-01  2.675e-01  2.747e-01  2.819e-01  2.889e-01  2.959e-01  3.026e-01  3.092e-01  3.154e-01  3.213e-01  3.267e-01 	
 2.861e-04  1.121e-03  2.820e-03  5.407e-03  8.910e-03  1.334e-02  1.873e-02  2.509e-02  3.236e-02  4.047e-02  4.925e-02  5.856e-02  6.823e-02  7.811e-02  8.809e-02  9.805e-02  1.079e-01  1.177e-01  1.274e-01  1.369e-01  1.462e-01  1.554e-01  1.645e-01  1.735e-01  1.823e-01  1.911e-01  1.998e-01  2.085e-01  2.170e-01  2.255e-01  2.340e-01  2.424e-01  2.507e-01  2.590e-01  2.672e-01  2.753e-01  2.834e-01  2.914e-01  2.994e-01  3.072e-01  3.150e-01  3.226e-01  3.302e-01  3.376e-01  3.448e-01  3.519e-01  3.586e-01  3.650e-01  3.710e-01  3.764e-01 	
 4.340e-04  1.557e-03  3.785e-03  7.232e-03  1.194e-02  1.793e-02  2.525e-02  3.386e-02  4.363e-02  5.436e-02  6.578e-02  7.764e-02  8.971e-02  1.018e-01  1.137e-01  1.255e-01  1.370e-01  1.482e-01  1.592e-01  1.699e-01  1.804e-01  1.907e-01  2.007e-01  2.107e-01  2.205e-01  2.302e-01  2.397e-01  2.492e-01  2.586e-01  2.678e-01  2.770e-01  2.861e-01  2.951e-01  3.039e-01  3.127e-01  3.214e-01  3.299e-01  3.384e-01  3.467e-01  3.549e-01  3.630e-01  3.709e-01  3.787e-01  3.863e-01  3.937e-01  4.008e-01  4.076e-01  4.141e-01  4.200e-01  4.252e-01 	
 6.348e-04  2.130e-03  5.073e-03  9.691e-03  1.605e-02  2.420e-02  3.413e-02  4.568e-02  5.854e-02  7.232e-02  8.662e-02  1.011e-01  1.154e-01  1.295e-01  1.432e-01  1.564e-01  1.692e-01  1.816e-01  1.936e-01  2.054e-01  2.168e-01  2.280e-01  2.390e-01  2.498e-01  2.604e-01  2.709e-01  2.813e-01  2.915e-01  3.015e-01  3.114e-01  3.212e-01  3.309e-01  3.404e-01  3.497e-01  3.589e-01  3.679e-01  3.768e-01  3.855e-01  3.940e-01  4.024e-01  4.106e-01  4.186e-01  4.264e-01  4.340e-01  4.414e-01  4.485e-01  4.552e-01  4.615e-01  4.673e-01  4.723e-01 	
 9.060e-04  2.889e-03  6.802e-03  1.303e-02  2.167e-02  3.275e-02  4.607e-02  6.121e-02  7.757e-02  9.454e-02  1.116e-01  1.284e-01  1.446e-01  1.603e-01  1.753e-01  1.896e-01  2.035e-01  2.169e-01  2.299e-01  2.425e-01  2.548e-01  2.669e-01  2.787e-01  2.903e-01  3.017e-01  3.129e-01  3.240e-01  3.348e-01  3.454e-01  3.559e-01  3.661e-01  3.761e-01  3.860e-01  3.956e-01  4.050e-01  4.142e-01  4.231e-01  4.319e-01  4.404e-01  4.488e-01  4.569e-01  4.648e-01  4.725e-01  4.800e-01  4.872e-01  4.940e-01  5.005e-01  5.066e-01  5.121e-01  5.168e-01 	
 1.271e-03  3.901e-03  9.139e-03  1.758e-02  2.935e-02  4.426e-02  6.171e-02  8.082e-02  1.007e-01  1.205e-01  1.398e-01  1.584e-01  1.760e-01  1.928e-01  2.088e-01  2.242e-01  2.389e-01  2.532e-01  2.671e-01  2.806e-01  2.937e-01  3.066e-01  3.193e-01  3.316e-01  3.437e-01  3.555e-01  3.671e-01  3.784e-01  3.894e-01  4.001e-01  4.106e-01  4.208e-01  4.308e-01  4.404e-01  4.498e-01  4.590e-01  4.678e-01  4.765e-01  4.849e-01  4.930e-01  5.009e-01  5.085e-01  5.159e-01  5.230e-01  5.299e-01  5.364e-01  5.426e-01  5.483e-01  5.534e-01  5.579e-01 	
 1.760e-03  5.255e-03  1.232e-02  2.382e-02  3.974e-02  5.935e-02  8.135e-02  1.044e-01  1.273e-01  1.494e-01  1.703e-01  1.901e-01  2.087e-01  2.264e-01  2.433e-01  2.595e-01  2.751e-01  2.902e-01  3.049e-01  3.192e-01  3.332e-01  3.468e-01  3.600e-01  3.729e-01  3.855e-01  3.977e-01  4.096e-01  4.211e-01  4.323e-01  4.431e-01  4.536e-01  4.638e-01  4.736e-01  4.831e-01  4.923e-01  5.012e-01  5.098e-01  5.181e-01  5.262e-01  5.339e-01  5.414e-01  5.487e-01  5.557e-01  5.624e-01  5.688e-01  5.749e-01  5.806e-01  5.859e-01  5.907e-01  5.948e-01 	
 2.412e-03  7.076e-03  1.667e-02  3.231e-02  5.345e-02  7.833e-02  1.048e-01  1.311e-01  1.563e-01  1.798e-01  2.018e-01  2.224e-01  2.418e-01  2.602e-01  2.779e-01  2.949e-01  3.113e-01  3.272e-01  3.427e-01  3.577e-01  3.722e-01  3.863e-01  4.000e-01  4.132e-01  4.260e-01  4.384e-01  4.503e-01  4.618e-01  4.729e-01  4.836e-01  4.939e-01  5.039e-01  5.134e-01  5.226e-01  5.314e-01  5.399e-01  5.481e-01  5.560e-01  5.636e-01  5.709e-01  5.779e-01  5.847e-01  5.912e-01  5.974e-01  6.033e-01  6.089e-01  6.142e-01  6.191e-01  6.235e-01  6.273e-01 	
 3.276e-03  9.535e-03  2.260e-02  4.365e-02  7.085e-02  1.010e-01  1.312e-01  1.598e-01  1.863e-01  2.107e-01  2.332e-01  2.544e-01  2.744e-01  2.935e-01  3.119e-01  3.296e-01  3.468e-01  3.633e-01  3.794e-01  3.949e-01  4.098e-01  4.242e-01  4.381e-01  4.514e-01  4.642e-01  4.766e-01  4.884e-01  4.997e-01  5.105e-01  5.209e-01  5.309e-01  5.404e-01  5.495e-01  5.583e-01  5.666e-01  5.747e-01  5.824e-01  5.897e-01  5.968e-01  6.036e-01  6.101e-01  6.163e-01  6.223e-01  6.280e-01  6.335e-01  6.386e-01  6.434e-01  6.479e-01  6.519e-01  6.554e-01 	
 4.412e-03  1.285e-02  3.061e-02  5.828e-02  9.179e-02  1.264e-01  1.592e-01  1.890e-01  2.160e-01  2.407e-01  2.637e-01  2.853e-01  3.060e-01  3.258e-01  3.449e-01  3.633e-01  3.811e-01  3.982e-01  4.147e-01  4.305e-01  4.457e-01  4.602e-01  4.741e-01  4.873e-01  4.999e-01  5.120e-01  5.235e-01  5.345e-01  5.449e-01  5.549e-01  5.643e-01  5.734e-01  5.820e-01  5.902e-01  5.981e-01  6.056e-01  6.127e-01  6.195e-01  6.261e-01  6.323e-01  6.383e-01  6.440e-01  6.495e-01  6.547e-01  6.596e-01  6.643e-01  6.687e-01  6.727e-01  6.764e-01  6.796e-01 	
 5.889e-03  1.730e-02  4.118e-02  7.626e-02  1.155e-01  1.533e-01  1.874e-01  2.175e-01  2.447e-01  2.697e-01  2.931e-01  3.155e-01  3.369e-01  3.576e-01  3.775e-01  3.967e-01  4.150e-01  4.326e-01  4.493e-01  4.653e-01  4.805e-01  4.949e-01  5.086e-01  5.215e-01  5.338e-01  5.455e-01  5.565e-01  5.669e-01  5.768e-01  5.862e-01  5.952e-01  6.036e-01  6.116e-01  6.193e-01  6.265e-01  6.334e-01  6.400e-01  6.462e-01  6.522e-01  6.579e-01  6.633e-01  6.685e-01  6.734e-01  6.781e-01  6.825e-01  6.867e-01  6.907e-01  6.943e-01  6.977e-01  7.006e-01 	
 7.781e-03  2.319e-02  5.460e-02  9.713e-02  1.408e-01  1.803e-01  2.145e-01  2.447e-01  2.720e-01  2.976e-01  3.219e-01  3.453e-01  3.678e-01  3.894e-01  4.101e-01  4.298e-01  4.486e-01  4.664e-01  4.832e-01  4.990e-01  5.140e-01  5.281e-01  5.413e-01  5.538e-01  5.656e-01  5.766e-01  5.870e-01  5.969e-01  6.061e-01  6.149e-01  6.231e-01  6.309e-01  6.383e-01  6.453e-01  6.519e-01  6.582e-01  6.642e-01  6.698e-01  6.752e-01  6.804e-01  6.852e-01  6.899e-01  6.943e-01  6.985e-01  7.025e-01  7.062e-01  7.098e-01  7.131e-01  7.160e-01  7.187e-01 	
 1.016e-02  3.082e-02  7.080e-02  1.199e-01  1.664e-01  2.063e-01  2.404e-01  2.708e-01  2.989e-01  3.256e-01  3.513e-01  3.759e-01  3.995e-01  4.219e-01  4.432e-01  4.633e-01  4.822e-01  4.999e-01  5.165e-01  5.320e-01  5.464e-01  5.599e-01  5.725e-01  5.843e-01  5.954e-01  6.057e-01  6.154e-01  6.245e-01  6.330e-01  6.410e-01  6.486e-01  6.557e-01  6.624e-01  6.687e-01  6.747e-01  6.804e-01  6.857e-01  6.908e-01  6.956e-01  7.002e-01  7.045e-01  7.087e-01  7.126e-01  7.163e-01  7.199e-01  7.232e-01  7.264e-01  7.293e-01  7.320e-01  7.344e-01 	
 1.310e-02  4.039e-02  8.929e-02  1.435e-01  1.912e-01  2.311e-01  2.655e-01  2.969e-01  3.265e-01  3.548e-01  3.819e-01  4.078e-01  4.323e-01  4.553e-01  4.768e-01  4.969e-01  5.155e-01  5.328e-01  5.488e-01  5.636e-01  5.773e-01  5.900e-01  6.018e-01  6.128e-01  6.230e-01  6.325e-01  6.413e-01  6.496e-01  6.574e-01  6.646e-01  6.714e-01  6.778e-01  6.838e-01  6.895e-01  6.948e-01  6.999e-01  7.047e-01  7.092e-01  7.135e-01  7.175e-01  7.214e-01  7.250e-01  7.285e-01  7.318e-01  7.349e-01  7.379e-01  7.406e-01  7.432e-01  7.456e-01  7.478e-01 	
 1.666e-02  5.189e-02  1.092e-01  1.668e-01  2.150e-01  2.553e-01  2.910e-01  3.242e-01  3.558e-01  3.860e-01  4.146e-01  4.414e-01  4.664e-01  4.895e-01  5.109e-01  5.305e-01  5.484e-01  5.649e-01  5.801e-01  5.939e-01  6.067e-01  6.185e-01  6.293e-01  6.393e-01  6.486e-01  6.571e-01  6.651e-01  6.726e-01  6.795e-01  6.860e-01  6.920e-01  6.977e-01  7.030e-01  7.080e-01  7.128e-01  7.172e-01  7.214e-01  7.254e-01  7.292e-01  7.327e-01  7.361e-01  7.393e-01  7.424e-01  7.452e-01  7.480e-01  7.506e-01  7.530e-01  7.553e-01  7.574e-01  7.593e-01 	
 2.083e-02  6.504e-02  1.298e-01  1.896e-01  2.386e-01  2.804e-01  3.183e-01  3.540e-01  3.877e-01  4.195e-01  4.490e-01  4.762e-01  5.012e-01  5.239e-01  5.445e-01  5.633e-01  5.802e-01  5.957e-01  6.097e-01  6.224e-01  6.341e-01  6.447e-01  6.545e-01  6.635e-01  6.718e-01  6.794e-01  6.865e-01  6.931e-01  6.992e-01  7.049e-01  7.103e-01  7.153e-01  7.199e-01  7.243e-01  7.285e-01  7.324e-01  7.360e-01  7.395e-01  7.428e-01  7.459e-01  7.488e-01  7.516e-01  7.543e-01  7.568e-01  7.592e-01  7.614e-01  7.636e-01  7.656e-01  7.675e-01  7.692e-01 	
 2.554e-02  7.937e-02  1.505e-01  2.126e-01  2.635e-01  3.079e-01  3.487e-01  3.868e-01  4.223e-01  4.549e-01  4.846e-01  5.115e-01  5.358e-01  5.575e-01  5.770e-01  5.944e-01  6.101e-01  6.243e-01  6.370e-01  6.485e-01  6.590e-01  6.685e-01  6.771e-01  6.851e-01  6.924e-01  6.991e-01  7.053e-01  7.111e-01  7.165e-01  7.214e-01  7.261e-01  7.304e-01  7.345e-01  7.383e-01  7.419e-01  7.453e-01  7.485e-01  7.515e-01  7.544e-01  7.571e-01  7.596e-01  7.620e-01  7.644e-01  7.665e-01  7.686e-01  7.706e-01  7.725e-01  7.742e-01  7.759e-01  7.774e-01 	
 3.066e-02  9.456e-02  1.721e-01  2.373e-01  2.915e-01  3.392e-01  3.829e-01  4.228e-01  4.591e-01  4.917e-01  5.208e-01  5.467e-01  5.696e-01  5.899e-01  6.079e-01  6.238e-01  6.380e-01  6.507e-01  6.620e-01  6.723e-01  6.815e-01  6.898e-01  6.974e-01  7.044e-01  7.107e-01  7.165e-01  7.219e-01  7.269e-01  7.315e-01  7.358e-01  7.399e-01  7.436e-01  7.471e-01  7.504e-01  7.535e-01  7.564e-01  7.592e-01  7.618e-01  7.643e-01  7.666e-01  7.688e-01  7.709e-01  7.729e-01  7.748e-01  7.766e-01  7.783e-01  7.800e-01  7.815e-01  7.830e-01  7.844e-01 	
 3.605e-02  1.110e-01  1.959e-01  2.660e-01  3.243e-01  3.753e-01  4.208e-01  4.614e-01  4.974e-01  5.290e-01  5.567e-01  5.809e-01  6.020e-01  6.205e-01  6.367e-01  6.510e-01  6.636e-01  6.747e-01  6.847e-01  6.936e-01  7.016e-01  7.088e-01  7.153e-01  7.213e-01  7.268e-01  7.318e-01  7.364e-01  7.406e-01  7.446e-01  7.483e-01  7.517e-01  7.549e-01  7.579e-01  7.608e-01  7.634e-01  7.659e-01  7.683e-01  7.705e-01  7.727e-01  7.747e-01  7.766e-01  7.784e-01  7.801e-01  7.818e-01  7.833e-01  7.848e-01  7.862e-01  7.876e-01  7.889e-01  7.901e-01 	
 4.186e-02  1.301e-01  2.249e-01  3.011e-01  3.633e-01  4.164e-01  4.623e-01  5.021e-01  5.365e-01  5.662e-01  5.917e-01  6.137e-01  6.327e-01  6.492e-01  6.635e-01  6.759e-01  6.869e-01  6.965e-01  7.050e-01  7.126e-01  7.195e-01  7.256e-01  7.311e-01  7.362e-01  7.408e-01  7.450e-01  7.489e-01  7.525e-01  7.559e-01  7.590e-01  7.619e-01  7.646e-01  7.672e-01  7.696e-01  7.719e-01  7.740e-01  7.760e-01  7.779e-01  7.798e-01  7.815e-01  7.831e-01  7.847e-01  7.862e-01  7.876e-01  7.890e-01  7.903e-01  7.915e-01  7.927e-01  7.939e-01  7.950e-01 	
 4.886e-02  1.549e-01  2.621e-01  3.447e-01  4.096e-01  4.627e-01  5.072e-01  5.446e-01  5.763e-01  6.031e-01  6.259e-01  6.453e-01  6.619e-01  6.761e-01  6.883e-01  6.989e-01  7.081e-01  7.162e-01  7.234e-01  7.297e-01  7.354e-01  7.405e-01  7.451e-01  7.493e-01  7.531e-01  7.566e-01  7.598e-01  7.628e-01  7.656e-01  7.682e-01  7.707e-01  7.730e-01  7.751e-01  7.771e-01  7.791e-01  7.809e-01  7.826e-01  7.842e-01  7.858e-01  7.873e-01  7.887e-01  7.900e-01  7.913e-01  7.925e-01  7.937e-01  7.948e-01  7.959e-01  7.970e-01  7.980e-01  7.990e-01 	
 5.837e-02  1.878e-01  3.087e-01  3.964e-01  4.615e-01  5.124e-01  5.536e-01  5.874e-01  6.154e-01  6.388e-01  6.584e-01  6.749e-01  6.888e-01  7.007e-01  7.109e-01  7.196e-01  7.272e-01  7.338e-01  7.396e-01  7.447e-01  7.493e-01  7.535e-01  7.572e-01  7.606e-01  7.637e-01  7.666e-01  7.692e-01  7.717e-01  7.740e-01  7.761e-01  7.781e-01  7.800e-01  7.818e-01  7.835e-01  7.851e-01  7.867e-01  7.881e-01  7.895e-01  7.908e-01  7.921e-01  7.933e-01  7.944e-01  7.955e-01  7.966e-01  7.976e-01  7.986e-01  7.995e-01  8.005e-01  8.014e-01  8.023e-01 	
 7.163e-02  2.280e-01  3.612e-01  4.513e-01  5.143e-01  5.614e-01  5.982e-01  6.277e-01  6.517e-01  6.715e-01  6.878e-01  7.014e-01  7.128e-01  7.225e-01  7.307e-01  7.377e-01  7.437e-01  7.490e-01  7.536e-01  7.576e-01  7.613e-01  7.645e-01  7.675e-01  7.702e-01  7.727e-01  7.750e-01  7.771e-01  7.791e-01  7.809e-01  7.827e-01  7.843e-01  7.859e-01  7.874e-01  7.888e-01  7.902e-01  7.914e-01  7.927e-01  7.938e-01  7.950e-01  7.960e-01  7.971e-01  7.981e-01  7.990e-01  7.999e-01  8.008e-01  8.017e-01  8.025e-01  8.033e-01  8.042e-01  8.050e-01 	
 8.920e-02  2.725e-01  4.144e-01  5.042e-01  5.636e-01  6.061e-01  6.382e-01  6.635e-01  6.836e-01  7.000e-01  7.133e-01  7.243e-01  7.334e-01  7.411e-01  7.475e-01  7.530e-01  7.577e-01  7.618e-01  7.653e-01  7.685e-01  7.713e-01  7.738e-01  7.761e-01  7.782e-01  7.801e-01  7.819e-01  7.836e-01  7.852e-01  7.867e-01  7.881e-01  7.895e-01  7.907e-01  7.920e-01  7.931e-01  7.943e-01  7.954e-01  7.964e-01  7.974e-01  7.984e-01  7.993e-01  8.002e-01  8.010e-01  8.018e-01  8.026e-01  8.034e-01  8.042e-01  8.049e-01  8.057e-01  8.064e-01  8.071e-01 	
 1.115e-01  3.187e-01  4.651e-01  5.524e-01  6.074e-01  6.453e-01  6.730e-01  6.943e-01  7.109e-01  7.242e-01  7.349e-01  7.435e-01  7.507e-01  7.566e-01  7.615e-01  7.657e-01  7.692e-01  7.723e-01  7.750e-01  7.773e-01  7.794e-01  7.813e-01  7.831e-01  7.847e-01  7.862e-01  7.876e-01  7.889e-01  7.902e-01  7.913e-01  7.925e-01  7.936e-01  7.946e-01  7.957e-01  7.966e-01  7.976e-01  7.985e-01  7.994e-01  8.002e-01  8.011e-01  8.019e-01  8.026e-01  8.034e-01  8.041e-01  8.048e-01  8.055e-01  8.062e-01  8.068e-01  8.075e-01  8.082e-01  8.088e-01 	
 1.402e-01  3.658e-01  5.122e-01  5.954e-01  6.458e-01  6.791e-01  7.028e-01  7.204e-01  7.339e-01  7.445e-01  7.529e-01  7.596e-01  7.650e-01  7.694e-01  7.731e-01  7.761e-01  7.787e-01  7.809e-01  7.829e-01  7.846e-01  7.861e-01  7.875e-01  7.888e-01  7.900e-01  7.911e-01  7.922e-01  7.932e-01  7.942e-01  7.951e-01  7.960e-01  7.969e-01  7.978e-01  7.986e-01  7.994e-01  8.002e-01  8.010e-01  8.018e-01  8.025e-01  8.032e-01  8.039e-01  8.046e-01  8.052e-01  8.059e-01  8.065e-01  8.071e-01  8.077e-01  8.083e-01  8.089e-01  8.095e-01  8.102e-01 	
 1.762e-01  4.126e-01  5.551e-01  6.329e-01  6.784e-01  7.076e-01  7.276e-01  7.421e-01  7.529e-01  7.612e-01  7.676e-01  7.726e-01  7.766e-01  7.798e-01  7.824e-01  7.845e-01  7.863e-01  7.878e-01  7.892e-01  7.903e-01  7.914e-01  7.924e-01  7.933e-01  7.942e-01  7.950e-01  7.958e-01  7.966e-01  7.973e-01  7.981e-01  7.988e-01  7.995e-01  8.002e-01  8.009e-01  8.016e-01  8.023e-01  8.030e-01  8.036e-01  8.043e-01  8.049e-01  8.055e-01  8.061e-01  8.067e-01  8.073e-01  8.078e-01  8.084e-01  8.089e-01  8.095e-01  8.100e-01  8.106e-01  8.112e-01 	
 2.186e-01  4.578e-01  5.932e-01  6.648e-01  7.056e-01  7.309e-01  7.478e-01  7.595e-01  7.681e-01  7.744e-01  7.792e-01  7.829e-01  7.857e-01  7.879e-01  7.897e-01  7.911e-01  7.923e-01  7.933e-01  7.941e-01  7.949e-01  7.956e-01  7.962e-01  7.968e-01  7.974e-01  7.980e-01  7.986e-01  7.992e-01  7.998e-01  8.004e-01  8.010e-01  8.015e-01  8.021e-01  8.027e-01  8.033e-01  8.039e-01  8.045e-01  8.050e-01  8.056e-01  8.062e-01  8.067e-01  8.072e-01  8.078e-01  8.083e-01  8.088e-01  8.093e-01  8.098e-01  8.103e-01  8.108e-01  8.114e-01  8.119e-01 	
 2.653e-01  5.000e-01  6.263e-01  6.917e-01  7.281e-01  7.500e-01  7.641e-01  7.736e-01  7.803e-01  7.850e-01  7.885e-01  7.911e-01  7.930e-01  7.944e-01  7.955e-01  7.963e-01  7.970e-01  7.975e-01  7.980e-01  7.984e-01  7.988e-01  7.992e-01  7.996e-01  8.000e-01  8.004e-01  8.008e-01  8.012e-01  8.017e-01  8.021e-01  8.026e-01  8.031e-01  8.036e-01  8.041e-01  8.046e-01  8.051e-01  8.056e-01  8.061e-01  8.066e-01  8.071e-01  8.076e-01  8.081e-01  8.086e-01  8.091e-01  8.095e-01  8.100e-01  8.105e-01  8.110e-01  8.114e-01  8.119e-01  8.125e-01 	
 3.136e-01  5.379e-01  6.543e-01  7.137e-01  7.461e-01  7.651e-01  7.769e-01  7.846e-01  7.897e-01  7.933e-01  7.957e-01  7.974e-01  7.986e-01  7.994e-01  7.999e-01  8.003e-01  8.006e-01  8.008e-01  8.010e-01  8.011e-01  8.013e-01  8.015e-01  8.017e-01  8.019e-01  8.022e-01  8.025e-01  8.028e-01  8.031e-01  8.035e-01  8.039e-01  8.043e-01  8.047e-01  8.051e-01  8.056e-01  8.060e-01  8.065e-01  8.069e-01  8.074e-01  8.078e-01  8.083e-01  8.087e-01  8.092e-01  8.096e-01  8.101e-01  8.105e-01  8.110e-01  8.114e-01  8.119e-01  8.124e-01  8.129e-01 	
 3.613e-01  5.714e-01  6.778e-01  7.315e-01  7.605e-01  7.770e-01  7.869e-01  7.931e-01  7.970e-01  7.996e-01  8.012e-01  8.022e-01  8.028e-01  8.032e-01  8.033e-01  8.033e-01  8.033e-01  8.033e-01  8.032e-01  8.032e-01  8.032e-01  8.032e-01  8.033e-01  8.034e-01  8.035e-01  8.037e-01  8.039e-01  8.042e-01  8.045e-01  8.048e-01  8.051e-01  8.055e-01  8.059e-01  8.063e-01  8.067e-01  8.071e-01  8.075e-01  8.079e-01  8.083e-01  8.088e-01  8.092e-01  8.096e-01  8.100e-01  8.104e-01  8.109e-01  8.113e-01  8.117e-01  8.121e-01  8.126e-01  8.131e-01 	
 4.066e-01  6.004e-01  6.971e-01  7.458e-01  7.718e-01  7.862e-01  7.946e-01  7.995e-01  8.025e-01  8.043e-01  8.053e-01  8.058e-01  8.060e-01  8.060e-01  8.058e-01  8.056e-01  8.054e-01  8.051e-01  8.049e-01  8.047e-01  8.046e-01  8.045e-01  8.044e-01  8.044e-01  8.045e-01  8.046e-01  8.048e-01  8.050e-01  8.052e-01  8.055e-01  8.058e-01  8.061e-01  8.064e-01  8.068e-01  8.071e-01  8.075e-01  8.079e-01  8.083e-01  8.087e-01  8.091e-01  8.095e-01  8.099e-01  8.103e-01  8.107e-01  8.111e-01  8.115e-01  8.119e-01  8.123e-01  8.128e-01  8.133e-01 	
 4.483e-01  6.250e-01  7.129e-01  7.572e-01  7.806e-01  7.933e-01  8.004e-01  8.045e-01  8.067e-01  8.079e-01  8.084e-01  8.086e-01  8.084e-01  8.081e-01  8.077e-01  8.073e-01  8.069e-01  8.065e-01  8.061e-01  8.058e-01  8.056e-01  8.054e-01  8.053e-01  8.052e-01  8.052e-01  8.053e-01  8.054e-01  8.055e-01  8.057e-01  8.059e-01  8.062e-01  8.065e-01  8.068e-01  8.071e-01  8.074e-01  8.078e-01  8.082e-01  8.085e-01  8.089e-01  8.093e-01  8.097e-01  8.100e-01  8.104e-01  8.108e-01  8.112e-01  8.116e-01  8.120e-01  8.124e-01  8.128e-01  8.133e-01 	
 4.859e-01  6.458e-01  7.258e-01  7.663e-01  7.875e-01  7.988e-01  8.049e-01  8.082e-01  8.099e-01  8.106e-01  8.108e-01  8.106e-01  8.102e-01  8.097e-01  8.091e-01  8.086e-01  8.080e-01  8.075e-01  8.070e-01  8.067e-01  8.063e-01  8.061e-01  8.059e-01  8.058e-01  8.057e-01  8.057e-01  8.058e-01  8.059e-01  8.060e-01  8.062e-01  8.065e-01  8.067e-01  8.070e-01  8.073e-01  8.076e-01  8.080e-01  8.083e-01  8.087e-01  8.090e-01  8.094e-01  8.097e-01  8.101e-01  8.105e-01  8.108e-01  8.112e-01  8.116e-01  8.120e-01  8.124e-01  8.128e-01  8.133e-01 	
 5.189e-01  6.631e-01  7.362e-01  7.735e-01  7.929e-01  8.030e-01  8.084e-01  8.111e-01  8.123e-01  8.127e-01  8.126e-01  8.122e-01  8.116e-01  8.109e-01  8.102e-01  8.095e-01  8.088e-01  8.082e-01  8.077e-01  8.073e-01  8.069e-01  8.066e-01  8.063e-01  8.062e-01  8.061e-01  8.060e-01  8.061e-01  8.061e-01  8.063e-01  8.064e-01  8.066e-01  8.069e-01  8.071e-01  8.074e-01  8.077e-01  8.080e-01  8.084e-01  8.087e-01  8.091e-01  8.094e-01  8.098e-01  8.101e-01  8.105e-01  8.108e-01  8.112e-01  8.116e-01  8.120e-01  8.124e-01  8.128e-01  8.133e-01 	
 5.475e-01  6.773e-01  7.445e-01  7.792e-01  7.972e-01  8.064e-01  8.110e-01  8.133e-01  8.142e-01  8.143e-01  8.139e-01  8.133e-01  8.126e-01  8.118e-01  8.110e-01  8.102e-01  8.095e-01  8.088e-01  8.082e-01  8.077e-01  8.072e-01  8.069e-01  8.066e-01  8.064e-01  8.063e-01  8.062e-01  8.062e-01  8.063e-01  8.064e-01  8.065e-01  8.067e-01  8.069e-01  8.072e-01  8.075e-01  8.077e-01  8.080e-01  8.084e-01  8.087e-01  8.090e-01  8.094e-01  8.097e-01  8.101e-01  8.104e-01  8.108e-01  8.111e-01  8.115e-01  8.119e-01  8.123e-01  8.127e-01  8.132e-01 	
 5.719e-01  6.890e-01  7.513e-01  7.838e-01  8.005e-01  8.090e-01  8.131e-01  8.150e-01  8.156e-01  8.155e-01  8.149e-01  8.142e-01  8.133e-01  8.124e-01  8.115e-01  8.107e-01  8.099e-01  8.092e-01  8.085e-01  8.080e-01  8.075e-01  8.071e-01  8.068e-01  8.066e-01  8.064e-01  8.063e-01  8.063e-01  8.064e-01  8.064e-01  8.066e-01  8.067e-01  8.069e-01  8.072e-01  8.074e-01  8.077e-01  8.080e-01  8.083e-01  8.086e-01  8.090e-01  8.093e-01  8.096e-01  8.100e-01  8.103e-01  8.107e-01  8.110e-01  8.114e-01  8.118e-01  8.122e-01  8.126e-01  8.131e-01 	
 5.925e-01  6.985e-01  7.566e-01  7.874e-01  8.031e-01  8.110e-01  8.147e-01  8.163e-01  8.167e-01  8.164e-01  8.157e-01  8.149e-01  8.139e-01  8.129e-01  8.120e-01  8.110e-01  8.102e-01  8.094e-01  8.087e-01  8.081e-01  8.076e-01  8.072e-01  8.069e-01  8.066e-01  8.065e-01  8.064e-01  8.063e-01  8.064e-01  8.064e-01  8.066e-01  8.067e-01  8.069e-01  8.071e-01  8.074e-01  8.076e-01  8.079e-01  8.082e-01  8.086e-01  8.089e-01  8.092e-01  8.095e-01  8.099e-01  8.102e-01  8.106e-01  8.109e-01  8.113e-01  8.116e-01  8.120e-01  8.125e-01  8.129e-01 	
 6.096e-01  7.061e-01  7.609e-01  7.903e-01  8.052e-01  8.126e-01  8.160e-01  8.173e-01  8.175e-01  8.171e-01  8.163e-01  8.153e-01  8.143e-01  8.133e-01  8.123e-01  8.113e-01  8.104e-01  8.096e-01  8.089e-01  8.082e-01  8.077e-01  8.073e-01  8.069e-01  8.067e-01  8.065e-01  8.064e-01  8.063e-01  8.063e-01  8.064e-01  8.065e-01  8.066e-01  8.068e-01  8.070e-01  8.073e-01  8.075e-01  8.078e-01  8.081e-01  8.084e-01  8.088e-01  8.091e-01  8.094e-01  8.097e-01  8.101e-01  8.104e-01  8.108e-01  8.111e-01  8.115e-01  8.119e-01  8.123e-01  8.128e-01 	
 6.237e-01  7.122e-01  7.643e-01  7.925e-01  8.069e-01  8.138e-01  8.170e-01  8.181e-01  8.181e-01  8.176e-01  8.167e-01  8.157e-01  8.146e-01  8.135e-01  8.124e-01  8.114e-01  8.105e-01  8.097e-01  8.089e-01  8.083e-01  8.077e-01  8.073e-01  8.069e-01  8.066e-01  8.064e-01  8.063e-01  8.062e-01  8.062e-01  8.063e-01  8.064e-01  8.065e-01  8.067e-01  8.069e-01  8.072e-01  8.074e-01  8.077e-01  8.080e-01  8.083e-01  8.086e-01  8.089e-01  8.093e-01  8.096e-01  8.099e-01  8.103e-01  8.106e-01  8.110e-01  8.113e-01  8.117e-01  8.122e-01  8.126e-01 	
 6.353e-01  7.170e-01  7.670e-01  7.943e-01  8.081e-01  8.148e-01  8.177e-01  8.187e-01  8.186e-01  8.180e-01  8.170e-01  8.159e-01  8.148e-01  8.137e-01  8.126e-01  8.115e-01  8.106e-01  8.097e-01  8.089e-01  8.083e-01  8.077e-01  8.072e-01  8.069e-01  8.066e-01  8.064e-01  8.062e-01  8.062e-01  8.061e-01  8.062e-01  8.063e-01  8.064e-01  8.066e-01  8.068e-01  8.070e-01  8.073e-01  8.076e-01  8.079e-01  8.082e-01  8.085e-01  8.088e-01  8.091e-01  8.094e-01  8.098e-01  8.101e-01  8.105e-01  8.108e-01  8.112e-01  8.116e-01  8.120e-01  8.125e-01 	
 6.447e-01  7.208e-01  7.690e-01  7.956e-01  8.091e-01  8.155e-01  8.183e-01  8.191e-01  8.189e-01  8.182e-01  8.172e-01  8.161e-01  8.149e-01  8.137e-01  8.126e-01  8.115e-01  8.106e-01  8.097e-01  8.089e-01  8.082e-01  8.076e-01  8.072e-01  8.068e-01  8.065e-01  8.063e-01  8.061e-01  8.060e-01  8.060e-01  8.061e-01  8.061e-01  8.063e-01  8.064e-01  8.067e-01  8.069e-01  8.071e-01  8.074e-01  8.077e-01  8.080e-01  8.083e-01  8.086e-01  8.089e-01  8.093e-01  8.096e-01  8.099e-01  8.103e-01  8.106e-01  8.110e-01  8.114e-01  8.118e-01  8.124e-01 	
 6.524e-01  7.238e-01  7.706e-01  7.967e-01  8.098e-01  8.160e-01  8.187e-01  8.194e-01  8.192e-01  8.184e-01  8.173e-01  8.162e-01  8.149e-01  8.137e-01  8.126e-01  8.115e-01  8.105e-01  8.096e-01  8.088e-01  8.081e-01  8.075e-01  8.071e-01  8.067e-01  8.063e-01  8.061e-01  8.060e-01  8.059e-01  8.059e-01  8.059e-01  8.060e-01  8.061e-01  8.063e-01  8.065e-01  8.067e-01  8.070e-01  8.072e-01  8.075e-01  8.078e-01  8.081e-01  8.084e-01  8.088e-01  8.091e-01  8.094e-01  8.098e-01  8.101e-01  8.105e-01  8.108e-01  8.112e-01  8.117e-01  8.122e-01 	
 6.587e-01  7.262e-01  7.718e-01  7.974e-01  8.103e-01  8.164e-01  8.189e-01  8.196e-01  8.193e-01  8.185e-01  8.174e-01  8.162e-01  8.149e-01  8.137e-01  8.125e-01  8.114e-01  8.104e-01  8.095e-01  8.087e-01  8.080e-01  8.074e-01  8.069e-01  8.065e-01  8.062e-01  8.060e-01  8.058e-01  8.057e-01  8.057e-01  8.057e-01  8.058e-01  8.059e-01  8.061e-01  8.063e-01  8.065e-01  8.068e-01  8.071e-01  8.073e-01  8.076e-01  8.079e-01  8.083e-01  8.086e-01  8.089e-01  8.092e-01  8.096e-01  8.099e-01  8.103e-01  8.106e-01  8.111e-01  8.116e-01  8.121e-01 	
 6.644e-01  7.284e-01  7.727e-01  7.978e-01  8.106e-01  8.166e-01  8.191e-01  8.197e-01  8.193e-01  8.185e-01  8.173e-01  8.161e-01  8.148e-01  8.136e-01  8.124e-01  8.113e-01  8.102e-01  8.093e-01  8.085e-01  8.078e-01  8.072e-01  8.067e-01  8.063e-01  8.060e-01  8.057e-01  8.056e-01  8.055e-01  8.054e-01  8.055e-01  8.056e-01  8.057e-01  8.058e-01  8.060e-01  8.063e-01  8.065e-01  8.068e-01  8.071e-01  8.074e-01  8.077e-01  8.080e-01  8.083e-01  8.086e-01  8.089e-01  8.093e-01  8.096e-01  8.100e-01  8.104e-01  8.109e-01  8.114e-01  8.121e-01 	
 6.707e-01  7.314e-01  7.737e-01  7.980e-01  8.105e-01  8.165e-01  8.191e-01  8.198e-01  8.195e-01  8.187e-01  8.176e-01  8.164e-01  8.151e-01  8.139e-01  8.127e-01  8.116e-01  8.106e-01  8.097e-01  8.089e-01  8.081e-01  8.075e-01  8.070e-01  8.066e-01  8.063e-01  8.061e-01  8.059e-01  8.058e-01  8.058e-01  8.058e-01  8.059e-01  8.060e-01  8.061e-01  8.063e-01  8.065e-01  8.068e-01  8.070e-01  8.073e-01  8.076e-01  8.079e-01  8.082e-01  8.086e-01  8.089e-01  8.093e-01  8.096e-01  8.100e-01  8.104e-01  8.109e-01  8.115e-01  8.123e-01  8.132e-01 	
