 8.702e-03  1.876e-02  2.184e-02  2.045e-02  1.847e-02  1.725e-02  1.712e-02  1.811e-02  2.027e-02  2.367e-02  2.844e-02  3.471e-02  4.262e-02  5.230e-02  6.385e-02  7.734e-02  9.281e-02  1.103e-01  1.297e-01  1.512e-01  1.745e-01  1.997e-01  2.267e-01  2.553e-01  2.855e-01  3.172e-01  3.503e-01  3.847e-01  4.201e-01  4.566e-01  4.940e-01  5.322e-01  5.710e-01  6.104e-01  6.503e-01  6.905e-01  7.309e-01  7.715e-01  8.121e-01  8.527e-01  8.931e-01  9.332e-01  9.728e-01  1.012e+00  1.050e+00  1.086e+00  1.121e+00  1.153e+00  1.181e+00  1.203e+00 	
 9.625e-03  2.183e-02  2.543e-02  2.357e-02  2.111e-02  1.966e-02  1.960e-02  2.099e-02  2.392e-02  2.854e-02  3.505e-02  4.369e-02  5.467e-02  6.818e-02  8.436e-02  1.033e-01  1.251e-01  1.496e-01  1.769e-01  2.068e-01  2.392e-01  2.739e-01  3.109e-01  3.499e-01  3.906e-01  4.331e-01  4.769e-01  5.219e-01  5.680e-01  6.149e-01  6.624e-01  7.105e-01  7.589e-01  8.074e-01  8.560e-01  9.045e-01  9.528e-01  1.001e+00  1.049e+00  1.096e+00  1.142e+00  1.188e+00  1.233e+00  1.277e+00  1.320e+00  1.360e+00  1.399e+00  1.434e+00  1.465e+00  1.491e+00 	
 1.095e-02  2.526e-02  2.946e-02  2.727e-02  2.450e-02  2.304e-02  2.336e-02  2.560e-02  2.995e-02  3.670e-02  4.620e-02  5.882e-02  7.488e-02  9.464e-02  1.182e-01  1.458e-01  1.771e-01  2.123e-01  2.510e-01  2.929e-01  3.379e-01  3.856e-01  4.357e-01  4.878e-01  5.416e-01  5.967e-01  6.529e-01  7.098e-01  7.673e-01  8.249e-01  8.826e-01  9.400e-01  9.971e-01  1.054e+00  1.109e+00  1.164e+00  1.218e+00  1.271e+00  1.324e+00  1.374e+00  1.424e+00  1.473e+00  1.520e+00  1.565e+00  1.609e+00  1.650e+00  1.689e+00  1.725e+00  1.756e+00  1.782e+00 	
 1.258e-02  2.917e-02  3.405e-02  3.160e-02  2.861e-02  2.734e-02  2.841e-02  3.212e-02  3.886e-02  4.916e-02  6.360e-02  8.271e-02  1.069e-01  1.365e-01  1.715e-01  2.118e-01  2.571e-01  3.071e-01  3.613e-01  4.192e-01  4.802e-01  5.437e-01  6.092e-01  6.762e-01  7.441e-01  8.126e-01  8.812e-01  9.496e-01  1.017e+00  1.084e+00  1.150e+00  1.215e+00  1.279e+00  1.340e+00  1.401e+00  1.459e+00  1.516e+00  1.571e+00  1.624e+00  1.676e+00  1.725e+00  1.773e+00  1.819e+00  1.863e+00  1.905e+00  1.944e+00  1.981e+00  2.014e+00  2.043e+00  2.066e+00 	
 1.450e-02  3.370e-02  3.937e-02  3.669e-02  3.362e-02  3.288e-02  3.535e-02  4.163e-02  5.248e-02  6.879e-02  9.142e-02  1.211e-01  1.582e-01  2.027e-01  2.544e-01  3.128e-01  3.771e-01  4.465e-01  5.201e-01  5.969e-01  6.760e-01  7.567e-01  8.381e-01  9.197e-01  1.001e+00  1.081e+00  1.160e+00  1.237e+00  1.312e+00  1.385e+00  1.455e+00  1.523e+00  1.589e+00  1.652e+00  1.713e+00  1.771e+00  1.826e+00  1.879e+00  1.930e+00  1.978e+00  2.024e+00  2.068e+00  2.110e+00  2.149e+00  2.186e+00  2.221e+00  2.252e+00  2.281e+00  2.305e+00  2.325e+00 	
 1.675e-02  3.895e-02  4.556e-02  4.276e-02  3.989e-02  4.032e-02  4.540e-02  5.627e-02  7.426e-02  1.007e-01  1.369e-01  1.832e-01  2.397e-01  3.058e-01  3.804e-01  4.623e-01  5.500e-01  6.419e-01  7.367e-01  8.331e-01  9.299e-01  1.026e+00  1.121e+00  1.214e+00  1.304e+00  1.392e+00  1.476e+00  1.556e+00  1.634e+00  1.707e+00  1.777e+00  1.844e+00  1.907e+00  1.966e+00  2.022e+00  2.075e+00  2.126e+00  2.173e+00  2.217e+00  2.259e+00  2.298e+00  2.335e+00  2.370e+00  2.402e+00  2.432e+00  2.460e+00  2.485e+00  2.507e+00  2.526e+00  2.541e+00 	
 1.937e-02  4.506e-02  5.283e-02  5.012e-02  4.803e-02  5.087e-02  6.080e-02  7.983e-02  1.101e-01  1.535e-01  2.108e-01  2.819e-01  3.655e-01  4.599e-01  5.626e-01  6.715e-01  7.841e-01  8.984e-01  1.013e+00  1.126e+00  1.236e+00  1.342e+00  1.445e+00  1.543e+00  1.636e+00  1.724e+00  1.807e+00  1.885e+00  1.958e+00  2.026e+00  2.090e+00  2.150e+00  2.205e+00  2.257e+00  2.305e+00  2.349e+00  2.391e+00  2.429e+00  2.465e+00  2.497e+00  2.528e+00  2.556e+00  2.582e+00  2.606e+00  2.628e+00  2.648e+00  2.666e+00  2.681e+00  2.694e+00  2.705e+00 	
 2.243e-02  5.222e-02  6.147e-02  5.931e-02  5.914e-02  6.669e-02  8.548e-02  1.189e-01  1.697e-01  2.394e-01  3.276e-01  4.321e-01  5.496e-01  6.764e-01  8.089e-01  9.437e-01  1.078e+00  1.210e+00  1.337e+00  1.459e+00  1.575e+00  1.684e+00  1.786e+00  1.881e+00  1.969e+00  2.050e+00  2.125e+00  2.194e+00  2.258e+00  2.316e+00  2.369e+00  2.418e+00  2.462e+00  2.503e+00  2.540e+00  2.573e+00  2.604e+00  2.632e+00  2.657e+00  2.680e+00  2.701e+00  2.720e+00  2.737e+00  2.753e+00  2.767e+00  2.779e+00  2.790e+00  2.799e+00  2.807e+00  2.813e+00 	
 2.603e-02  6.065e-02  7.189e-02  7.121e-02  7.512e-02  9.159e-02  1.262e-01  1.837e-01  2.666e-01  3.740e-01  5.024e-01  6.464e-01  8.001e-01  9.581e-01  1.116e+00  1.270e+00  1.417e+00  1.557e+00  1.687e+00  1.808e+00  1.919e+00  2.021e+00  2.113e+00  2.198e+00  2.274e+00  2.342e+00  2.404e+00  2.460e+00  2.509e+00  2.554e+00  2.594e+00  2.630e+00  2.661e+00  2.690e+00  2.715e+00  2.737e+00  2.757e+00  2.774e+00  2.790e+00  2.804e+00  2.815e+00  2.826e+00  2.835e+00  2.843e+00  2.850e+00  2.855e+00  2.860e+00  2.864e+00  2.868e+00  2.870e+00 	
 3.029e-02  7.067e-02  8.476e-02  8.734e-02  9.932e-02  1.321e-01  1.937e-01  2.887e-01  4.165e-01  5.713e-01  7.447e-01  9.276e-01  1.112e+00  1.293e+00  1.465e+00  1.625e+00  1.773e+00  1.908e+00  2.030e+00  2.139e+00  2.237e+00  2.323e+00  2.400e+00  2.467e+00  2.527e+00  2.579e+00  2.624e+00  2.664e+00  2.699e+00  2.729e+00  2.755e+00  2.778e+00  2.797e+00  2.814e+00  2.828e+00  2.840e+00  2.850e+00  2.859e+00  2.866e+00  2.871e+00  2.876e+00  2.879e+00  2.882e+00  2.884e+00  2.885e+00  2.886e+00  2.886e+00  2.886e+00  2.886e+00  2.887e+00 	
 3.537e-02  8.274e-02  1.011e-01  1.103e-01  1.375e-01  1.984e-01  3.021e-01  4.492e-01  6.317e-01  8.366e-01  1.051e+00  1.262e+00  1.465e+00  1.652e+00  1.823e+00  1.975e+00  2.111e+00  2.229e+00  2.332e+00  2.422e+00  2.499e+00  2.565e+00  2.622e+00  2.670e+00  2.711e+00  2.746e+00  2.775e+00  2.800e+00  2.820e+00  2.837e+00  2.851e+00  2.862e+00  2.871e+00  2.879e+00  2.884e+00  2.888e+00  2.890e+00  2.892e+00  2.893e+00  2.892e+00  2.891e+00  2.890e+00  2.888e+00  2.886e+00  2.883e+00  2.880e+00  2.878e+00  2.875e+00  2.873e+00  2.872e+00 	
 4.151e-02  9.756e-02  1.228e-01  1.447e-01  1.988e-01  3.046e-01  4.673e-01  6.772e-01  9.154e-01  1.162e+00  1.402e+00  1.625e+00  1.826e+00  2.004e+00  2.157e+00  2.289e+00  2.401e+00  2.495e+00  2.574e+00  2.639e+00  2.694e+00  2.738e+00  2.775e+00  2.805e+00  2.829e+00  2.848e+00  2.863e+00  2.875e+00  2.884e+00  2.890e+00  2.894e+00  2.897e+00  2.898e+00  2.898e+00  2.897e+00  2.895e+00  2.893e+00  2.889e+00  2.886e+00  2.881e+00  2.877e+00  2.872e+00  2.867e+00  2.862e+00  2.857e+00  2.853e+00  2.848e+00  2.844e+00  2.841e+00  2.838e+00 	
 4.904e-02  1.162e-01  1.528e-01  1.977e-01  2.961e-01  4.662e-01  7.002e-01  9.724e-01  1.254e+00  1.523e+00  1.767e+00  1.980e+00  2.161e+00  2.313e+00  2.438e+00  2.541e+00  2.624e+00  2.690e+00  2.743e+00  2.785e+00  2.818e+00  2.843e+00  2.863e+00  2.877e+00  2.887e+00  2.894e+00  2.898e+00  2.900e+00  2.901e+00  2.899e+00  2.897e+00  2.894e+00  2.890e+00  2.885e+00  2.880e+00  2.874e+00  2.868e+00  2.862e+00  2.856e+00  2.849e+00  2.843e+00  2.836e+00  2.829e+00  2.823e+00  2.817e+00  2.811e+00  2.805e+00  2.801e+00  2.797e+00  2.794e+00 	
 5.842e-02  1.403e-01  1.961e-01  2.803e-01  4.448e-01  6.950e-01  1.001e+00  1.320e+00  1.622e+00  1.888e+00  2.112e+00  2.296e+00  2.444e+00  2.561e+00  2.653e+00  2.724e+00  2.778e+00  2.818e+00  2.848e+00  2.870e+00  2.885e+00  2.895e+00  2.901e+00  2.903e+00  2.904e+00  2.902e+00  2.898e+00  2.894e+00  2.888e+00  2.882e+00  2.875e+00  2.868e+00  2.861e+00  2.853e+00  2.846e+00  2.838e+00  2.830e+00  2.822e+00  2.814e+00  2.807e+00  2.799e+00  2.792e+00  2.784e+00  2.777e+00  2.770e+00  2.764e+00  2.758e+00  2.753e+00  2.748e+00  2.746e+00 	
 7.038e-02  1.725e-01  2.602e-01  4.063e-01  6.574e-01  9.908e-01  1.351e+00  1.689e+00  1.981e+00  2.219e+00  2.406e+00  2.550e+00  2.658e+00  2.738e+00  2.796e+00  2.838e+00  2.867e+00  2.886e+00  2.898e+00  2.904e+00  2.906e+00  2.905e+00  2.901e+00  2.896e+00  2.890e+00  2.882e+00  2.874e+00  2.865e+00  2.856e+00  2.847e+00  2.838e+00  2.829e+00  2.820e+00  2.811e+00  2.802e+00  2.793e+00  2.784e+00  2.775e+00  2.767e+00  2.759e+00  2.751e+00  2.743e+00  2.735e+00  2.728e+00  2.721e+00  2.714e+00  2.708e+00  2.703e+00  2.699e+00  2.696e+00 	
 8.600e-02  2.171e-01  3.563e-01  5.895e-01  9.371e-01  1.338e+00  1.720e+00  2.044e+00  2.299e+00  2.491e+00  2.632e+00  2.731e+00  2.801e+00  2.848e+00  2.878e+00  2.897e+00  2.906e+00  2.909e+00  2.908e+00  2.904e+00  2.897e+00  2.888e+00  2.879e+00  2.869e+00  2.858e+00  2.847e+00  2.836e+00  2.825e+00  2.815e+00  2.804e+00  2.793e+00  2.783e+00  2.773e+00  2.763e+00  2.754e+00  2.745e+00  2.736e+00  2.727e+00  2.718e+00  2.710e+00  2.702e+00  2.694e+00  2.686e+00  2.679e+00  2.672e+00  2.666e+00  2.660e+00  2.654e+00  2.650e+00  2.647e+00 	
 1.069e-01  2.804e-01  4.976e-01  8.376e-01  1.272e+00  1.706e+00  2.072e+00  2.351e+00  2.552e+00  2.691e+00  2.784e+00  2.844e+00  2.880e+00  2.901e+00  2.910e+00  2.911e+00  2.907e+00  2.900e+00  2.890e+00  2.878e+00  2.866e+00  2.854e+00  2.841e+00  2.828e+00  2.815e+00  2.802e+00  2.790e+00  2.778e+00  2.766e+00  2.755e+00  2.744e+00  2.733e+00  2.723e+00  2.713e+00  2.704e+00  2.694e+00  2.685e+00  2.677e+00  2.668e+00  2.660e+00  2.652e+00  2.645e+00  2.637e+00  2.630e+00  2.624e+00  2.617e+00  2.612e+00  2.606e+00  2.602e+00  2.599e+00 	
 1.357e-01  3.718e-01  6.960e-01  1.146e+00  1.635e+00  2.058e+00  2.374e+00  2.592e+00  2.733e+00  2.821e+00  2.873e+00  2.900e+00  2.912e+00  2.913e+00  2.907e+00  2.897e+00  2.884e+00  2.870e+00  2.855e+00  2.840e+00  2.824e+00  2.809e+00  2.795e+00  2.780e+00  2.767e+00  2.753e+00  2.740e+00  2.728e+00  2.716e+00  2.705e+00  2.694e+00  2.683e+00  2.673e+00  2.663e+00  2.654e+00  2.645e+00  2.636e+00  2.628e+00  2.620e+00  2.612e+00  2.604e+00  2.597e+00  2.590e+00  2.583e+00  2.577e+00  2.571e+00  2.566e+00  2.561e+00  2.557e+00  2.554e+00 	
 1.761e-01  5.026e-01  9.555e-01  1.494e+00  1.989e+00  2.360e+00  2.606e+00  2.757e+00  2.844e+00  2.889e+00  2.909e+00  2.913e+00  2.907e+00  2.895e+00  2.880e+00  2.863e+00  2.845e+00  2.827e+00  2.809e+00  2.792e+00  2.775e+00  2.759e+00  2.744e+00  2.729e+00  2.715e+00  2.702e+00  2.689e+00  2.677e+00  2.665e+00  2.654e+00  2.644e+00  2.633e+00  2.624e+00  2.614e+00  2.605e+00  2.597e+00  2.589e+00  2.581e+00  2.573e+00  2.566e+00  2.558e+00  2.552e+00  2.545e+00  2.539e+00  2.533e+00  2.527e+00  2.522e+00  2.517e+00  2.514e+00  2.511e+00 	
 2.336e-01  6.837e-01  1.267e+00  1.848e+00  2.299e+00  2.592e+00  2.763e+00  2.854e+00  2.896e+00  2.910e+00  2.907e+00  2.895e+00  2.878e+00  2.859e+00  2.838e+00  2.818e+00  2.797e+00  2.778e+00  2.759e+00  2.741e+00  2.724e+00  2.708e+00  2.692e+00  2.678e+00  2.664e+00  2.651e+00  2.639e+00  2.627e+00  2.616e+00  2.605e+00  2.595e+00  2.586e+00  2.576e+00  2.568e+00  2.559e+00  2.551e+00  2.543e+00  2.536e+00  2.529e+00  2.522e+00  2.515e+00  2.509e+00  2.502e+00  2.497e+00  2.491e+00  2.486e+00  2.481e+00  2.477e+00  2.473e+00  2.471e+00 	
 3.157e-01  9.200e-01  1.606e+00  2.171e+00  2.542e+00  2.750e+00  2.854e+00  2.897e+00  2.907e+00  2.899e+00  2.882e+00  2.860e+00  2.837e+00  2.813e+00  2.790e+00  2.768e+00  2.746e+00  2.726e+00  2.707e+00  2.689e+00  2.673e+00  2.657e+00  2.642e+00  2.628e+00  2.615e+00  2.602e+00  2.591e+00  2.580e+00  2.569e+00  2.559e+00  2.550e+00  2.540e+00  2.532e+00  2.524e+00  2.516e+00  2.508e+00  2.501e+00  2.494e+00  2.487e+00  2.481e+00  2.474e+00  2.468e+00  2.463e+00  2.457e+00  2.452e+00  2.447e+00  2.443e+00  2.439e+00  2.435e+00  2.433e+00 	
 4.308e-01  1.205e+00  1.940e+00  2.437e+00  2.712e+00  2.841e+00  2.891e+00  2.900e+00  2.888e+00  2.867e+00  2.841e+00  2.815e+00  2.788e+00  2.763e+00  2.738e+00  2.716e+00  2.694e+00  2.674e+00  2.656e+00  2.639e+00  2.623e+00  2.607e+00  2.593e+00  2.580e+00  2.568e+00  2.556e+00  2.545e+00  2.534e+00  2.525e+00  2.515e+00  2.506e+00  2.498e+00  2.490e+00  2.482e+00  2.475e+00  2.468e+00  2.461e+00  2.455e+00  2.448e+00  2.442e+00  2.437e+00  2.431e+00  2.426e+00  2.421e+00  2.416e+00  2.411e+00  2.407e+00  2.404e+00  2.400e+00  2.398e+00 	
 5.863e-01  1.517e+00  2.236e+00  2.632e+00  2.813e+00  2.879e+00  2.890e+00  2.876e+00  2.851e+00  2.822e+00  2.792e+00  2.763e+00  2.735e+00  2.709e+00  2.685e+00  2.663e+00  2.642e+00  2.623e+00  2.606e+00  2.589e+00  2.574e+00  2.560e+00  2.547e+00  2.534e+00  2.523e+00  2.512e+00  2.501e+00  2.492e+00  2.483e+00  2.474e+00  2.466e+00  2.458e+00  2.450e+00  2.443e+00  2.437e+00  2.430e+00  2.424e+00  2.418e+00  2.412e+00  2.407e+00  2.401e+00  2.396e+00  2.391e+00  2.387e+00  2.382e+00  2.378e+00  2.374e+00  2.371e+00  2.368e+00  2.366e+00 	
 7.838e-01  1.827e+00  2.471e+00  2.757e+00  2.861e+00  2.882e+00  2.867e+00  2.839e+00  2.807e+00  2.773e+00  2.742e+00  2.712e+00  2.684e+00  2.658e+00  2.635e+00  2.614e+00  2.594e+00  2.576e+00  2.559e+00  2.543e+00  2.529e+00  2.516e+00  2.503e+00  2.492e+00  2.481e+00  2.471e+00  2.461e+00  2.452e+00  2.444e+00  2.436e+00  2.428e+00  2.421e+00  2.414e+00  2.408e+00  2.401e+00  2.395e+00  2.390e+00  2.384e+00  2.379e+00  2.374e+00  2.369e+00  2.364e+00  2.360e+00  2.355e+00  2.351e+00  2.347e+00  2.344e+00  2.341e+00  2.338e+00  2.336e+00 	
 1.017e+00  2.102e+00  2.635e+00  2.823e+00  2.869e+00  2.860e+00  2.831e+00  2.795e+00  2.758e+00  2.723e+00  2.691e+00  2.661e+00  2.634e+00  2.610e+00  2.587e+00  2.567e+00  2.548e+00  2.531e+00  2.515e+00  2.501e+00  2.487e+00  2.475e+00  2.464e+00  2.453e+00  2.443e+00  2.433e+00  2.425e+00  2.416e+00  2.408e+00  2.401e+00  2.394e+00  2.387e+00  2.381e+00  2.375e+00  2.369e+00  2.363e+00  2.358e+00  2.353e+00  2.348e+00  2.343e+00  2.339e+00  2.334e+00  2.330e+00  2.326e+00  2.323e+00  2.319e+00  2.316e+00  2.313e+00  2.310e+00  2.309e+00 	
 1.270e+00  2.323e+00  2.734e+00  2.845e+00  2.853e+00  2.825e+00  2.787e+00  2.747e+00  2.709e+00  2.674e+00  2.642e+00  2.613e+00  2.587e+00  2.563e+00  2.542e+00  2.523e+00  2.505e+00  2.489e+00  2.475e+00  2.461e+00  2.449e+00  2.437e+00  2.426e+00  2.416e+00  2.407e+00  2.398e+00  2.390e+00  2.383e+00  2.375e+00  2.368e+00  2.362e+00  2.356e+00  2.350e+00  2.344e+00  2.339e+00  2.334e+00  2.329e+00  2.324e+00  2.320e+00  2.315e+00  2.311e+00  2.307e+00  2.303e+00  2.300e+00  2.296e+00  2.293e+00  2.290e+00  2.287e+00  2.285e+00  2.283e+00 	
 1.527e+00  2.485e+00  2.784e+00  2.839e+00  2.821e+00  2.783e+00  2.739e+00  2.698e+00  2.660e+00  2.625e+00  2.594e+00  2.566e+00  2.542e+00  2.520e+00  2.500e+00  2.481e+00  2.465e+00  2.450e+00  2.436e+00  2.424e+00  2.412e+00  2.402e+00  2.392e+00  2.383e+00  2.374e+00  2.366e+00  2.359e+00  2.351e+00  2.345e+00  2.338e+00  2.332e+00  2.327e+00  2.321e+00  2.316e+00  2.311e+00  2.307e+00  2.302e+00  2.298e+00  2.294e+00  2.290e+00  2.286e+00  2.282e+00  2.278e+00  2.275e+00  2.272e+00  2.269e+00  2.266e+00  2.263e+00  2.261e+00  2.260e+00 	
 1.773e+00  2.599e+00  2.801e+00  2.816e+00  2.782e+00  2.736e+00  2.691e+00  2.649e+00  2.612e+00  2.578e+00  2.549e+00  2.523e+00  2.499e+00  2.478e+00  2.460e+00  2.443e+00  2.428e+00  2.414e+00  2.401e+00  2.390e+00  2.379e+00  2.369e+00  2.360e+00  2.352e+00  2.344e+00  2.336e+00  2.329e+00  2.323e+00  2.317e+00  2.311e+00  2.305e+00  2.300e+00  2.295e+00  2.290e+00  2.286e+00  2.281e+00  2.277e+00  2.273e+00  2.269e+00  2.266e+00  2.262e+00  2.259e+00  2.255e+00  2.252e+00  2.249e+00  2.247e+00  2.244e+00  2.242e+00  2.240e+00  2.238e+00 	
 2.000e+00  2.678e+00  2.801e+00  2.785e+00  2.740e+00  2.690e+00  2.643e+00  2.602e+00  2.566e+00  2.534e+00  2.506e+00  2.481e+00  2.459e+00  2.440e+00  2.423e+00  2.407e+00  2.393e+00  2.380e+00  2.369e+00  2.358e+00  2.348e+00  2.339e+00  2.331e+00  2.323e+00  2.315e+00  2.309e+00  2.302e+00  2.296e+00  2.291e+00  2.285e+00  2.280e+00  2.275e+00  2.271e+00  2.266e+00  2.262e+00  2.258e+00  2.254e+00  2.251e+00  2.247e+00  2.244e+00  2.240e+00  2.237e+00  2.234e+00  2.231e+00  2.229e+00  2.226e+00  2.224e+00  2.222e+00  2.220e+00  2.218e+00 	
 2.199e+00  2.730e+00  2.788e+00  2.751e+00  2.697e+00  2.645e+00  2.598e+00  2.558e+00  2.523e+00  2.492e+00  2.466e+00  2.443e+00  2.423e+00  2.405e+00  2.389e+00  2.374e+00  2.361e+00  2.349e+00  2.338e+00  2.329e+00  2.320e+00  2.311e+00  2.303e+00  2.296e+00  2.290e+00  2.283e+00  2.277e+00  2.272e+00  2.267e+00  2.262e+00  2.257e+00  2.253e+00  2.248e+00  2.244e+00  2.241e+00  2.237e+00  2.233e+00  2.230e+00  2.227e+00  2.224e+00  2.221e+00  2.218e+00  2.215e+00  2.212e+00  2.210e+00  2.207e+00  2.205e+00  2.203e+00  2.201e+00  2.200e+00 	
 2.362e+00  2.756e+00  2.765e+00  2.713e+00  2.654e+00  2.601e+00  2.555e+00  2.516e+00  2.483e+00  2.454e+00  2.430e+00  2.408e+00  2.389e+00  2.372e+00  2.357e+00  2.344e+00  2.332e+00  2.321e+00  2.311e+00  2.302e+00  2.294e+00  2.286e+00  2.279e+00  2.272e+00  2.266e+00  2.260e+00  2.255e+00  2.250e+00  2.245e+00  2.240e+00  2.236e+00  2.232e+00  2.228e+00  2.224e+00  2.221e+00  2.217e+00  2.214e+00  2.211e+00  2.208e+00  2.205e+00  2.202e+00  2.200e+00  2.197e+00  2.194e+00  2.192e+00  2.190e+00  2.188e+00  2.186e+00  2.185e+00  2.183e+00 	
 2.486e+00  2.762e+00  2.734e+00  2.672e+00  2.611e+00  2.558e+00  2.514e+00  2.477e+00  2.445e+00  2.418e+00  2.395e+00  2.375e+00  2.357e+00  2.342e+00  2.328e+00  2.316e+00  2.305e+00  2.295e+00  2.285e+00  2.277e+00  2.269e+00  2.262e+00  2.256e+00  2.250e+00  2.244e+00  2.239e+00  2.234e+00  2.229e+00  2.224e+00  2.220e+00  2.216e+00  2.213e+00  2.209e+00  2.206e+00  2.202e+00  2.199e+00  2.196e+00  2.193e+00  2.190e+00  2.188e+00  2.185e+00  2.183e+00  2.180e+00  2.178e+00  2.176e+00  2.174e+00  2.172e+00  2.170e+00  2.169e+00  2.168e+00 	
 2.574e+00  2.752e+00  2.699e+00  2.631e+00  2.569e+00  2.518e+00  2.475e+00  2.440e+00  2.410e+00  2.385e+00  2.363e+00  2.345e+00  2.328e+00  2.314e+00  2.301e+00  2.290e+00  2.280e+00  2.270e+00  2.262e+00  2.254e+00  2.247e+00  2.241e+00  2.235e+00  2.229e+00  2.224e+00  2.219e+00  2.214e+00  2.210e+00  2.206e+00  2.202e+00  2.198e+00  2.195e+00  2.192e+00  2.188e+00  2.185e+00  2.183e+00  2.180e+00  2.177e+00  2.175e+00  2.172e+00  2.170e+00  2.167e+00  2.165e+00  2.163e+00  2.161e+00  2.159e+00  2.158e+00  2.156e+00  2.155e+00  2.154e+00 	
 2.631e+00  2.731e+00  2.660e+00  2.589e+00  2.529e+00  2.479e+00  2.439e+00  2.405e+00  2.378e+00  2.354e+00  2.334e+00  2.317e+00  2.302e+00  2.289e+00  2.277e+00  2.266e+00  2.257e+00  2.248e+00  2.240e+00  2.233e+00  2.227e+00  2.221e+00  2.215e+00  2.210e+00  2.205e+00  2.201e+00  2.197e+00  2.193e+00  2.189e+00  2.185e+00  2.182e+00  2.179e+00  2.176e+00  2.173e+00  2.170e+00  2.167e+00  2.165e+00  2.162e+00  2.160e+00  2.158e+00  2.155e+00  2.153e+00  2.151e+00  2.149e+00  2.148e+00  2.146e+00  2.144e+00  2.143e+00  2.142e+00  2.141e+00 	
 2.661e+00  2.702e+00  2.620e+00  2.549e+00  2.490e+00  2.443e+00  2.404e+00  2.373e+00  2.347e+00  2.326e+00  2.307e+00  2.291e+00  2.277e+00  2.265e+00  2.254e+00  2.244e+00  2.236e+00  2.228e+00  2.221e+00  2.214e+00  2.208e+00  2.203e+00  2.197e+00  2.193e+00  2.188e+00  2.184e+00  2.180e+00  2.176e+00  2.173e+00  2.170e+00  2.167e+00  2.164e+00  2.161e+00  2.158e+00  2.156e+00  2.153e+00  2.151e+00  2.149e+00  2.146e+00  2.144e+00  2.142e+00  2.140e+00  2.139e+00  2.137e+00  2.135e+00  2.134e+00  2.132e+00  2.131e+00  2.130e+00  2.129e+00 	
 2.671e+00  2.668e+00  2.580e+00  2.510e+00  2.453e+00  2.408e+00  2.373e+00  2.343e+00  2.319e+00  2.299e+00  2.282e+00  2.267e+00  2.254e+00  2.243e+00  2.233e+00  2.224e+00  2.216e+00  2.209e+00  2.202e+00  2.196e+00  2.191e+00  2.186e+00  2.181e+00  2.177e+00  2.173e+00  2.169e+00  2.165e+00  2.162e+00  2.159e+00  2.156e+00  2.153e+00  2.150e+00  2.147e+00  2.145e+00  2.143e+00  2.140e+00  2.138e+00  2.136e+00  2.134e+00  2.132e+00  2.130e+00  2.129e+00  2.127e+00  2.125e+00  2.124e+00  2.122e+00  2.121e+00  2.120e+00  2.118e+00  2.118e+00 	
 2.665e+00  2.631e+00  2.541e+00  2.472e+00  2.418e+00  2.376e+00  2.343e+00  2.316e+00  2.293e+00  2.275e+00  2.259e+00  2.245e+00  2.233e+00  2.223e+00  2.214e+00  2.206e+00  2.198e+00  2.192e+00  2.186e+00  2.180e+00  2.175e+00  2.170e+00  2.166e+00  2.162e+00  2.158e+00  2.155e+00  2.151e+00  2.148e+00  2.145e+00  2.142e+00  2.140e+00  2.137e+00  2.135e+00  2.133e+00  2.131e+00  2.128e+00  2.126e+00  2.125e+00  2.123e+00  2.121e+00  2.119e+00  2.118e+00  2.116e+00  2.114e+00  2.113e+00  2.112e+00  2.110e+00  2.109e+00  2.108e+00  2.107e+00 	
 2.648e+00  2.593e+00  2.503e+00  2.437e+00  2.386e+00  2.347e+00  2.315e+00  2.290e+00  2.270e+00  2.252e+00  2.238e+00  2.225e+00  2.214e+00  2.205e+00  2.196e+00  2.189e+00  2.182e+00  2.176e+00  2.170e+00  2.165e+00  2.160e+00  2.156e+00  2.152e+00  2.148e+00  2.145e+00  2.142e+00  2.139e+00  2.136e+00  2.133e+00  2.130e+00  2.128e+00  2.126e+00  2.124e+00  2.121e+00  2.119e+00  2.118e+00  2.116e+00  2.114e+00  2.112e+00  2.111e+00  2.109e+00  2.108e+00  2.106e+00  2.105e+00  2.103e+00  2.102e+00  2.101e+00  2.100e+00  2.099e+00  2.098e+00 	
 2.623e+00  2.555e+00  2.466e+00  2.404e+00  2.356e+00  2.319e+00  2.290e+00  2.267e+00  2.248e+00  2.232e+00  2.218e+00  2.207e+00  2.197e+00  2.188e+00  2.180e+00  2.173e+00  2.167e+00  2.161e+00  2.156e+00  2.151e+00  2.147e+00  2.143e+00  2.139e+00  2.136e+00  2.133e+00  2.130e+00  2.127e+00  2.124e+00  2.122e+00  2.119e+00  2.117e+00  2.115e+00  2.113e+00  2.111e+00  2.109e+00  2.108e+00  2.106e+00  2.104e+00  2.103e+00  2.101e+00  2.100e+00  2.098e+00  2.097e+00  2.096e+00  2.094e+00  2.093e+00  2.092e+00  2.091e+00  2.090e+00  2.090e+00 	
 2.594e+00  2.518e+00  2.432e+00  2.373e+00  2.328e+00  2.294e+00  2.267e+00  2.245e+00  2.227e+00  2.213e+00  2.200e+00  2.190e+00  2.180e+00  2.172e+00  2.165e+00  2.159e+00  2.153e+00  2.148e+00  2.143e+00  2.139e+00  2.135e+00  2.131e+00  2.128e+00  2.124e+00  2.122e+00  2.119e+00  2.116e+00  2.114e+00  2.111e+00  2.109e+00  2.107e+00  2.105e+00  2.103e+00  2.102e+00  2.100e+00  2.098e+00  2.097e+00  2.095e+00  2.094e+00  2.092e+00  2.091e+00  2.090e+00  2.089e+00  2.087e+00  2.086e+00  2.085e+00  2.084e+00  2.083e+00  2.082e+00  2.082e+00 	
 2.562e+00  2.482e+00  2.400e+00  2.344e+00  2.302e+00  2.270e+00  2.245e+00  2.225e+00  2.209e+00  2.195e+00  2.184e+00  2.174e+00  2.165e+00  2.158e+00  2.151e+00  2.145e+00  2.140e+00  2.135e+00  2.131e+00  2.127e+00  2.123e+00  2.120e+00  2.117e+00  2.114e+00  2.111e+00  2.109e+00  2.106e+00  2.104e+00  2.102e+00  2.100e+00  2.098e+00  2.096e+00  2.095e+00  2.093e+00  2.091e+00  2.090e+00  2.088e+00  2.087e+00  2.086e+00  2.084e+00  2.083e+00  2.082e+00  2.081e+00  2.080e+00  2.079e+00  2.078e+00  2.077e+00  2.076e+00  2.075e+00  2.075e+00 	
 2.529e+00  2.448e+00  2.370e+00  2.317e+00  2.278e+00  2.248e+00  2.225e+00  2.207e+00  2.192e+00  2.179e+00  2.168e+00  2.159e+00  2.152e+00  2.145e+00  2.139e+00  2.133e+00  2.128e+00  2.124e+00  2.120e+00  2.116e+00  2.113e+00  2.110e+00  2.107e+00  2.104e+00  2.102e+00  2.099e+00  2.097e+00  2.095e+00  2.093e+00  2.091e+00  2.090e+00  2.088e+00  2.086e+00  2.085e+00  2.084e+00  2.082e+00  2.081e+00  2.080e+00  2.078e+00  2.077e+00  2.076e+00  2.075e+00  2.074e+00  2.073e+00  2.072e+00  2.071e+00  2.070e+00  2.069e+00  2.069e+00  2.068e+00 	
 2.496e+00  2.416e+00  2.341e+00  2.292e+00  2.256e+00  2.228e+00  2.207e+00  2.190e+00  2.176e+00  2.164e+00  2.154e+00  2.146e+00  2.139e+00  2.133e+00  2.127e+00  2.122e+00  2.117e+00  2.113e+00  2.110e+00  2.106e+00  2.103e+00  2.100e+00  2.098e+00  2.095e+00  2.093e+00  2.091e+00  2.089e+00  2.087e+00  2.085e+00  2.084e+00  2.082e+00  2.080e+00  2.079e+00  2.078e+00  2.076e+00  2.075e+00  2.074e+00  2.073e+00  2.072e+00  2.070e+00  2.069e+00  2.068e+00  2.068e+00  2.067e+00  2.066e+00  2.065e+00  2.064e+00  2.063e+00  2.063e+00  2.062e+00 	
 2.463e+00  2.386e+00  2.315e+00  2.269e+00  2.235e+00  2.210e+00  2.190e+00  2.174e+00  2.161e+00  2.151e+00  2.142e+00  2.134e+00  2.127e+00  2.121e+00  2.116e+00  2.112e+00  2.108e+00  2.104e+00  2.100e+00  2.097e+00  2.095e+00  2.092e+00  2.090e+00  2.087e+00  2.085e+00  2.083e+00  2.081e+00  2.080e+00  2.078e+00  2.076e+00  2.075e+00  2.074e+00  2.072e+00  2.071e+00  2.070e+00  2.069e+00  2.067e+00  2.066e+00  2.065e+00  2.064e+00  2.063e+00  2.063e+00  2.062e+00  2.061e+00  2.060e+00  2.059e+00  2.058e+00  2.058e+00  2.057e+00  2.056e+00 	
 2.432e+00  2.358e+00  2.291e+00  2.248e+00  2.216e+00  2.192e+00  2.174e+00  2.160e+00  2.148e+00  2.138e+00  2.130e+00  2.123e+00  2.117e+00  2.111e+00  2.106e+00  2.102e+00  2.098e+00  2.095e+00  2.092e+00  2.089e+00  2.086e+00  2.084e+00  2.082e+00  2.080e+00  2.078e+00  2.076e+00  2.074e+00  2.073e+00  2.071e+00  2.070e+00  2.068e+00  2.067e+00  2.066e+00  2.065e+00  2.064e+00  2.063e+00  2.062e+00  2.061e+00  2.060e+00  2.059e+00  2.058e+00  2.057e+00  2.056e+00  2.056e+00  2.055e+00  2.054e+00  2.053e+00  2.053e+00  2.052e+00  2.051e+00 	
 2.402e+00  2.332e+00  2.269e+00  2.228e+00  2.199e+00  2.177e+00  2.160e+00  2.146e+00  2.135e+00  2.126e+00  2.119e+00  2.112e+00  2.107e+00  2.102e+00  2.097e+00  2.094e+00  2.090e+00  2.087e+00  2.084e+00  2.081e+00  2.079e+00  2.077e+00  2.075e+00  2.073e+00  2.071e+00  2.069e+00  2.068e+00  2.066e+00  2.065e+00  2.064e+00  2.063e+00  2.061e+00  2.060e+00  2.059e+00  2.058e+00  2.057e+00  2.056e+00  2.055e+00  2.054e+00  2.054e+00  2.053e+00  2.052e+00  2.051e+00  2.051e+00  2.050e+00  2.049e+00  2.049e+00  2.048e+00  2.047e+00  2.046e+00 	
 2.373e+00  2.307e+00  2.248e+00  2.210e+00  2.183e+00  2.162e+00  2.147e+00  2.134e+00  2.124e+00  2.116e+00  2.109e+00  2.103e+00  2.098e+00  2.093e+00  2.089e+00  2.086e+00  2.082e+00  2.080e+00  2.077e+00  2.075e+00  2.072e+00  2.070e+00  2.068e+00  2.067e+00  2.065e+00  2.063e+00  2.062e+00  2.061e+00  2.059e+00  2.058e+00  2.057e+00  2.056e+00  2.055e+00  2.054e+00  2.053e+00  2.052e+00  2.051e+00  2.050e+00  2.050e+00  2.049e+00  2.048e+00  2.048e+00  2.047e+00  2.046e+00  2.046e+00  2.045e+00  2.044e+00  2.044e+00  2.043e+00  2.042e+00 	
 2.343e+00  2.284e+00  2.229e+00  2.194e+00  2.168e+00  2.149e+00  2.135e+00  2.123e+00  2.114e+00  2.106e+00  2.100e+00  2.094e+00  2.090e+00  2.085e+00  2.082e+00  2.078e+00  2.076e+00  2.073e+00  2.070e+00  2.068e+00  2.066e+00  2.064e+00  2.063e+00  2.061e+00  2.059e+00  2.058e+00  2.057e+00  2.056e+00  2.054e+00  2.053e+00  2.052e+00  2.051e+00  2.050e+00  2.049e+00  2.048e+00  2.048e+00  2.047e+00  2.046e+00  2.045e+00  2.045e+00  2.044e+00  2.043e+00  2.043e+00  2.042e+00  2.042e+00  2.041e+00  2.040e+00  2.040e+00  2.039e+00  2.038e+00 	
 2.308e+00  2.260e+00  2.210e+00  2.178e+00  2.154e+00  2.137e+00  2.124e+00  2.113e+00  2.105e+00  2.097e+00  2.092e+00  2.087e+00  2.082e+00  2.078e+00  2.075e+00  2.072e+00  2.069e+00  2.067e+00  2.065e+00  2.063e+00  2.061e+00  2.059e+00  2.057e+00  2.056e+00  2.055e+00  2.053e+00  2.052e+00  2.051e+00  2.050e+00  2.049e+00  2.048e+00  2.047e+00  2.046e+00  2.045e+00  2.045e+00  2.044e+00  2.043e+00  2.042e+00  2.042e+00  2.041e+00  2.041e+00  2.040e+00  2.039e+00  2.039e+00  2.038e+00  2.038e+00  2.037e+00  2.036e+00  2.035e+00  2.034e+00 	
 2.257e+00  2.232e+00  2.189e+00  2.160e+00  2.139e+00  2.123e+00  2.111e+00  2.102e+00  2.094e+00  2.088e+00  2.082e+00  2.078e+00  2.074e+00  2.070e+00  2.067e+00  2.065e+00  2.062e+00  2.060e+00  2.058e+00  2.056e+00  2.054e+00  2.053e+00  2.051e+00  2.050e+00  2.049e+00  2.048e+00  2.046e+00  2.045e+00  2.044e+00  2.044e+00  2.043e+00  2.042e+00  2.041e+00  2.040e+00  2.040e+00  2.039e+00  2.038e+00  2.038e+00  2.037e+00  2.036e+00  2.036e+00  2.035e+00  2.035e+00  2.034e+00  2.033e+00  2.033e+00  2.032e+00  2.031e+00  2.029e+00  2.027e+00 	
