 9.900e-01  9.915e-02  6.294e-02  4.737e-02  3.724e-02  2.950e-02  2.353e-02  1.892e-02  1.540e-02  1.270e-02  1.060e-02  8.967e-03  7.673e-03  6.641e-03  5.804e-03  5.126e-03  4.571e-03  4.110e-03  3.728e-03  3.406e-03  3.134e-03  2.904e-03  2.705e-03  2.536e-03  2.389e-03  2.263e-03  2.152e-03  2.056e-03  1.971e-03  1.894e-03  1.822e-03  1.755e-03  1.689e-03  1.620e-03  1.548e-03  1.470e-03  1.386e-03  1.300e-03  1.219e-03  1.156e-03  1.133e-03  1.187e-03  1.372e-03  1.765e-03  2.475e-03  3.656e-03  5.521e-03  8.371e-03  1.264e-02  1.897e-02 	
 3.463e-01  1.000e-08  1.000e-08  1.000e-08  1.000e-08  1.000e-08  1.000e-08  1.000e-08  1.000e-08  1.000e-08  1.000e-08  1.000e-08  1.000e-08  1.000e-08  1.000e-08  1.000e-08  1.000e-08  1.000e-08  1.000e-08  1.000e-08  1.000e-08  1.000e-08  1.000e-08  1.000e-08  1.000e-08  1.000e-08  1.000e-08  1.000e-08  1.000e-08  1.000e-08  1.000e-08  1.000e-08  1.000e-08  1.000e-08  1.000e-08  1.000e-08  1.000e-08  1.000e-08  1.000e-08  1.000e-08  1.000e-08  1.000e-08  1.000e-08  1.000e-08  1.000e-08  1.000e-08  5.391e-04  2.259e-03  4.849e-03  8.657e-03 	
 1.182e-01  1.000e-08  1.000e-08  1.000e-08  1.000e-08  1.000e-08  1.000e-08  1.000e-08  1.000e-08  1.000e-08  1.000e-08  1.000e-08  1.000e-08  1.000e-08  1.000e-08  1.000e-08  1.000e-08  1.000e-08  1.000e-08  1.000e-08  1.000e-08  1.000e-08  1.000e-08  1.000e-08  1.000e-08  1.000e-08  1.000e-08  1.517e-05  7.671e-05  1.299e-04  1.743e-04  2.089e-04  2.322e-04  2.420e-04  2.363e-04  2.122e-04  1.682e-04  1.038e-04  2.079e-05  1.000e-08  1.000e-08  1.000e-08  1.000e-08  1.000e-08  1.000e-08  4.007e-04  1.145e-03  2.343e-03  4.172e-03  6.895e-03 	
 5.477e-02  1.000e-08  1.000e-08  1.000e-08  1.000e-08  1.000e-08  1.000e-08  1.000e-08  1.000e-08  1.000e-08  1.000e-08  1.000e-08  1.000e-08  1.000e-08  1.000e-08  1.000e-08  1.000e-08  1.000e-08  1.000e-08  1.000e-08  7.499e-05  1.785e-04  2.706e-04  3.531e-04  4.274e-04  4.942e-04  5.546e-04  6.095e-04  6.585e-04  7.024e-04  7.401e-04  7.712e-04  7.937e-04  8.071e-04  8.089e-04  7.969e-04  7.701e-04  7.284e-04  6.722e-04  6.067e-04  5.403e-04  4.881e-04  4.724e-04  5.257e-04  6.925e-04  1.033e-03  1.625e-03  2.576e-03  4.029e-03  6.193e-03 	
 3.740e-02  1.000e-08  1.000e-08  1.000e-08  1.000e-08  1.000e-08  1.000e-08  1.000e-08  1.000e-08  1.000e-08  1.000e-08  1.000e-08  1.000e-08  1.000e-08  1.000e-08  1.000e-08  5.929e-05  2.112e-04  3.453e-04  4.646e-04  5.711e-04  6.676e-04  7.542e-04  8.334e-04  9.057e-04  9.716e-04  1.033e-03  1.089e-03  1.141e-03  1.188e-03  1.231e-03  1.269e-03  1.299e-03  1.323e-03  1.337e-03  1.341e-03  1.333e-03  1.313e-03  1.282e-03  1.244e-03  1.206e-03  1.179e-03  1.182e-03  1.242e-03  1.395e-03  1.691e-03  2.197e-03  2.998e-03  4.221e-03  6.036e-03 	
 3.109e-02  1.000e-08  1.000e-08  1.000e-08  1.000e-08  1.000e-08  1.000e-08  1.000e-08  1.000e-08  1.000e-08  1.000e-08  1.000e-08  1.000e-08  1.000e-08  1.947e-04  3.855e-04  5.536e-04  7.033e-04  8.367e-04  9.559e-04  1.065e-03  1.164e-03  1.255e-03  1.338e-03  1.415e-03  1.488e-03  1.555e-03  1.619e-03  1.679e-03  1.736e-03  1.789e-03  1.837e-03  1.882e-03  1.920e-03  1.951e-03  1.974e-03  1.988e-03  1.994e-03  1.989e-03  1.979e-03  1.972e-03  1.974e-03  2.001e-03  2.077e-03  2.234e-03  2.513e-03  2.972e-03  3.688e-03  4.769e-03  6.368e-03 	
 2.674e-02  1.000e-08  1.000e-08  1.000e-08  1.000e-08  1.000e-08  1.000e-08  1.000e-08  1.000e-08  1.000e-08  1.000e-08  1.000e-08  2.456e-04  4.944e-04  7.125e-04  9.053e-04  1.077e-03  1.230e-03  1.369e-03  1.495e-03  1.610e-03  1.717e-03  1.816e-03  1.908e-03  1.997e-03  2.080e-03  2.160e-03  2.237e-03  2.312e-03  2.385e-03  2.454e-03  2.522e-03  2.587e-03  2.648e-03  2.704e-03  2.755e-03  2.799e-03  2.837e-03  2.870e-03  2.900e-03  2.930e-03  2.971e-03  3.038e-03  3.148e-03  3.329e-03  3.620e-03  4.075e-03  4.762e-03  5.777e-03  7.264e-03 	
 2.254e-02  1.000e-08  1.000e-08  1.000e-08  1.000e-08  1.000e-08  1.000e-08  1.000e-08  1.000e-08  1.000e-08  1.724e-04  5.045e-04  7.936e-04  1.047e-03  1.271e-03  1.472e-03  1.651e-03  1.813e-03  1.962e-03  2.099e-03  2.226e-03  2.347e-03  2.461e-03  2.570e-03  2.676e-03  2.779e-03  2.881e-03  2.981e-03  3.081e-03  3.180e-03  3.281e-03  3.381e-03  3.481e-03  3.581e-03  3.678e-03  3.774e-03  3.867e-03  3.957e-03  4.043e-03  4.134e-03  4.224e-03  4.331e-03  4.458e-03  4.631e-03  4.872e-03  5.216e-03  5.716e-03  6.436e-03  7.470e-03  8.948e-03 	
 1.845e-02  1.000e-08  1.000e-08  1.000e-08  1.000e-08  1.000e-08  1.000e-08  1.000e-08  1.000e-08  3.570e-04  7.472e-04  1.087e-03  1.385e-03  1.648e-03  1.883e-03  2.095e-03  2.287e-03  2.464e-03  2.629e-03  2.786e-03  2.935e-03  3.078e-03  3.217e-03  3.356e-03  3.494e-03  3.631e-03  3.772e-03  3.914e-03  4.060e-03  4.210e-03  4.363e-03  4.522e-03  4.682e-03  4.851e-03  5.020e-03  5.193e-03  5.367e-03  5.544e-03  5.729e-03  5.915e-03  6.110e-03  6.321e-03  6.562e-03  6.846e-03  7.210e-03  7.671e-03  8.284e-03  9.114e-03  1.026e-02  1.184e-02 	
 1.468e-02  1.000e-08  1.000e-08  1.000e-08  1.000e-08  1.000e-08  1.000e-08  1.000e-08  4.976e-04  9.590e-04  1.360e-03  1.712e-03  2.024e-03  2.302e-03  2.554e-03  2.783e-03  2.998e-03  3.200e-03  3.396e-03  3.585e-03  3.772e-03  3.958e-03  4.145e-03  4.337e-03  4.533e-03  4.736e-03  4.946e-03  5.164e-03  5.394e-03  5.634e-03  5.883e-03  6.144e-03  6.417e-03  6.704e-03  7.001e-03  7.310e-03  7.631e-03  7.957e-03  8.303e-03  8.661e-03  9.037e-03  9.439e-03  9.874e-03  1.036e-02  1.093e-02  1.161e-02  1.245e-02  1.352e-02  1.491e-02  1.673e-02 	
 1.133e-02  1.000e-08  1.000e-08  1.000e-08  1.000e-08  1.000e-08  1.000e-08  5.735e-04  1.121e-03  1.598e-03  2.015e-03  2.384e-03  2.716e-03  3.018e-03  3.296e-03  3.564e-03  3.818e-03  4.067e-03  4.317e-03  4.569e-03  4.825e-03  5.091e-03  5.366e-03  5.655e-03  5.957e-03  6.279e-03  6.614e-03  6.972e-03  7.357e-03  7.750e-03  8.176e-03  8.628e-03  9.094e-03  9.595e-03  1.012e-02  1.067e-02  1.124e-02  1.184e-02  1.247e-02  1.312e-02  1.381e-02  1.454e-02  1.531e-02  1.616e-02  1.709e-02  1.816e-02  1.940e-02  2.087e-02  2.266e-02  2.491e-02 	
 8.429e-03  1.000e-08  1.000e-08  1.000e-08  1.000e-08  1.000e-08  5.594e-04  1.210e-03  1.777e-03  2.274e-03  2.716e-03  3.114e-03  3.481e-03  3.827e-03  4.161e-03  4.491e-03  4.822e-03  5.161e-03  5.512e-03  5.880e-03  6.266e-03  6.677e-03  7.112e-03  7.583e-03  8.074e-03  8.608e-03  9.177e-03  9.785e-03  1.043e-02  1.112e-02  1.185e-02  1.263e-02  1.345e-02  1.432e-02  1.524e-02  1.620e-02  1.722e-02  1.828e-02  1.940e-02  2.057e-02  2.179e-02  2.309e-02  2.445e-02  2.590e-02  2.746e-02  2.915e-02  3.103e-02  3.316e-02  3.560e-02  3.847e-02 	
 5.943e-03  1.000e-08  1.000e-08  1.000e-08  1.000e-08  4.280e-04  1.202e-03  1.879e-03  2.474e-03  3.003e-03  3.486e-03  3.939e-03  4.376e-03  4.808e-03  5.247e-03  5.700e-03  6.176e-03  6.678e-03  7.221e-03  7.800e-03  8.427e-03  9.105e-03  9.830e-03  1.062e-02  1.146e-02  1.237e-02  1.335e-02  1.440e-02  1.552e-02  1.671e-02  1.798e-02  1.933e-02  2.075e-02  2.227e-02  2.386e-02  2.555e-02  2.731e-02  2.916e-02  3.109e-02  3.312e-02  3.523e-02  3.745e-02  3.976e-02  4.221e-02  4.474e-02  4.745e-02  5.032e-02  5.340e-02  5.678e-02  6.047e-02 	
 3.823e-03  1.000e-08  1.000e-08  1.000e-08  1.492e-04  1.070e-03  1.882e-03  2.597e-03  3.238e-03  3.830e-03  4.397e-03  4.958e-03  5.530e-03  6.127e-03  6.766e-03  7.447e-03  8.188e-03  9.002e-03  9.892e-03  1.086e-02  1.191e-02  1.306e-02  1.431e-02  1.565e-02  1.711e-02  1.869e-02  2.037e-02  2.218e-02  2.411e-02  2.616e-02  2.835e-02  3.066e-02  3.311e-02  3.568e-02  3.839e-02  4.123e-02  4.420e-02  4.731e-02  5.059e-02  5.394e-02  5.745e-02  6.107e-02  6.482e-02  6.871e-02  7.275e-02  7.686e-02  8.115e-02  8.554e-02  9.008e-02  9.473e-02 	
 2.021e-03  1.000e-08  1.000e-08  1.000e-08  7.846e-04  1.762e-03  2.628e-03  3.408e-03  4.141e-03  4.859e-03  5.591e-03  6.363e-03  7.197e-03  8.107e-03  9.114e-03  1.022e-02  1.145e-02  1.281e-02  1.432e-02  1.597e-02  1.778e-02  1.975e-02  2.190e-02  2.422e-02  2.674e-02  2.943e-02  3.230e-02  3.538e-02  3.865e-02  4.212e-02  4.579e-02  4.963e-02  5.368e-02  5.795e-02  6.235e-02  6.695e-02  7.177e-02  7.672e-02  8.188e-02  8.715e-02  9.263e-02  9.818e-02  1.039e-01  1.097e-01  1.156e-01  1.216e-01  1.275e-01  1.333e-01  1.391e-01  1.446e-01 	
 4.929e-04  1.000e-08  1.000e-08  2.943e-04  1.486e-03  2.540e-03  3.499e-03  4.412e-03  5.331e-03  6.298e-03  7.355e-03  8.522e-03  9.842e-03  1.133e-02  1.299e-02  1.487e-02  1.697e-02  1.929e-02  2.188e-02  2.472e-02  2.781e-02  3.120e-02  3.485e-02  3.879e-02  4.299e-02  4.752e-02  5.232e-02  5.737e-02  6.272e-02  6.829e-02  7.418e-02  8.029e-02  8.662e-02  9.320e-02  9.996e-02  1.070e-01  1.141e-01  1.215e-01  1.290e-01  1.366e-01  1.443e-01  1.522e-01  1.601e-01  1.680e-01  1.757e-01  1.834e-01  1.910e-01  1.981e-01  2.047e-01  2.106e-01 	
 1.000e-08  1.000e-08  1.000e-08  9.947e-04  2.300e-03  3.484e-03  4.626e-03  5.806e-03  7.091e-03  8.541e-03  1.020e-02  1.211e-02  1.431e-02  1.681e-02  1.967e-02  2.288e-02  2.647e-02  3.045e-02  3.484e-02  3.965e-02  4.484e-02  5.051e-02  5.652e-02  6.294e-02  6.978e-02  7.696e-02  8.448e-02  9.235e-02  1.006e-01  1.090e-01  1.177e-01  1.267e-01  1.358e-01  1.451e-01  1.546e-01  1.642e-01  1.739e-01  1.837e-01  1.934e-01  2.032e-01  2.129e-01  2.226e-01  2.321e-01  2.416e-01  2.507e-01  2.595e-01  2.678e-01  2.755e-01  2.822e-01  2.877e-01 	
 1.000e-08  1.000e-08  1.056e-04  1.834e-03  3.316e-03  4.746e-03  6.257e-03  7.953e-03  9.945e-03  1.228e-02  1.503e-02  1.827e-02  2.201e-02  2.630e-02  3.117e-02  3.661e-02  4.269e-02  4.931e-02  5.660e-02  6.443e-02  7.282e-02  8.171e-02  9.115e-02  1.010e-01  1.113e-01  1.219e-01  1.328e-01  1.440e-01  1.555e-01  1.671e-01  1.787e-01  1.905e-01  2.023e-01  2.140e-01  2.256e-01  2.373e-01  2.486e-01  2.600e-01  2.710e-01  2.820e-01  2.925e-01  3.029e-01  3.130e-01  3.227e-01  3.319e-01  3.406e-01  3.485e-01  3.557e-01  3.616e-01  3.661e-01 	
 1.000e-08  1.000e-08  9.342e-04  2.902e-03  4.703e-03  6.618e-03  8.834e-03  1.152e-02  1.479e-02  1.874e-02  2.344e-02  2.895e-02  3.531e-02  4.255e-02  5.066e-02  5.963e-02  6.943e-02  8.001e-02  9.137e-02  1.033e-01  1.159e-01  1.289e-01  1.424e-01  1.562e-01  1.701e-01  1.843e-01  1.985e-01  2.127e-01  2.268e-01  2.408e-01  2.544e-01  2.678e-01  2.810e-01  2.938e-01  3.063e-01  3.183e-01  3.300e-01  3.412e-01  3.520e-01  3.624e-01  3.724e-01  3.820e-01  3.910e-01  3.996e-01  4.076e-01  4.150e-01  4.217e-01  4.275e-01  4.320e-01  4.350e-01 	
 1.000e-08  1.000e-08  2.009e-03  4.373e-03  6.776e-03  9.620e-03  1.318e-02  1.766e-02  2.320e-02  2.991e-02  3.789e-02  4.715e-02  5.763e-02  6.936e-02  8.225e-02  9.616e-02  1.109e-01  1.266e-01  1.428e-01  1.594e-01  1.764e-01  1.935e-01  2.107e-01  2.278e-01  2.445e-01  2.609e-01  2.770e-01  2.927e-01  3.076e-01  3.221e-01  3.360e-01  3.492e-01  3.619e-01  3.739e-01  3.852e-01  3.961e-01  4.062e-01  4.162e-01  4.252e-01  4.339e-01  4.418e-01  4.495e-01  4.566e-01  4.632e-01  4.693e-01  4.751e-01  4.800e-01  4.844e-01  4.877e-01  4.896e-01 	
 1.000e-08  1.000e-08  3.493e-03  6.560e-03  1.010e-02  1.467e-02  2.064e-02  2.825e-02  3.765e-02  4.891e-02  6.195e-02  7.680e-02  9.316e-02  1.109e-01  1.298e-01  1.495e-01  1.699e-01  1.905e-01  2.112e-01  2.317e-01  2.519e-01  2.716e-01  2.906e-01  3.087e-01  3.261e-01  3.427e-01  3.583e-01  3.730e-01  3.868e-01  3.998e-01  4.118e-01  4.232e-01  4.337e-01  4.433e-01  4.525e-01  4.610e-01  4.686e-01  4.762e-01  4.832e-01  4.894e-01  4.954e-01  5.010e-01  5.061e-01  5.107e-01  5.149e-01  5.187e-01  5.223e-01  5.251e-01  5.272e-01  5.285e-01 	
 1.000e-08  1.000e-08  5.677e-03  1.003e-02  1.568e-02  2.336e-02  3.347e-02  4.625e-02  6.168e-02  7.969e-02  9.988e-02  1.219e-01  1.454e-01  1.699e-01  1.947e-01  2.196e-01  2.443e-01  2.681e-01  2.911e-01  3.130e-01  3.338e-01  3.532e-01  3.712e-01  3.880e-01  4.036e-01  4.180e-01  4.310e-01  4.431e-01  4.540e-01  4.644e-01  4.736e-01  4.822e-01  4.900e-01  4.969e-01  5.035e-01  5.096e-01  5.151e-01  5.204e-01  5.246e-01  5.291e-01  5.331e-01  5.370e-01  5.404e-01  5.435e-01  5.461e-01  5.489e-01  5.509e-01  5.529e-01  5.542e-01  5.551e-01 	
 1.000e-08  1.984e-03  9.077e-03  1.580e-02  2.521e-02  3.817e-02  5.498e-02  7.557e-02  9.949e-02  1.262e-01  1.548e-01  1.845e-01  2.145e-01  2.441e-01  2.728e-01  3.002e-01  3.259e-01  3.498e-01  3.718e-01  3.919e-01  4.102e-01  4.268e-01  4.418e-01  4.553e-01  4.675e-01  4.784e-01  4.882e-01  4.971e-01  5.052e-01  5.123e-01  5.186e-01  5.245e-01  5.301e-01  5.345e-01  5.390e-01  5.434e-01  5.468e-01  5.501e-01  5.534e-01  5.561e-01  5.583e-01  5.610e-01  5.632e-01  5.650e-01  5.673e-01  5.689e-01  5.701e-01  5.714e-01  5.724e-01  5.728e-01 	
 1.000e-08  5.284e-03  1.458e-02  2.547e-02  4.122e-02  6.246e-02  8.903e-02  1.200e-01  1.541e-01  1.898e-01  2.258e-01  2.609e-01  2.943e-01  3.256e-01  3.541e-01  3.800e-01  4.032e-01  4.242e-01  4.424e-01  4.587e-01  4.727e-01  4.858e-01  4.965e-01  5.066e-01  5.150e-01  5.228e-01  5.293e-01  5.355e-01  5.407e-01  5.454e-01  5.498e-01  5.537e-01  5.570e-01  5.599e-01  5.628e-01  5.657e-01  5.676e-01  5.701e-01  5.719e-01  5.738e-01  5.752e-01  5.771e-01  5.785e-01  5.797e-01  5.811e-01  5.823e-01  5.828e-01  5.840e-01  5.845e-01  5.848e-01 	
 1.178e-03  1.034e-02  2.355e-02  4.146e-02  6.704e-02  1.001e-01  1.389e-01  1.811e-01  2.244e-01  2.664e-01  3.060e-01  3.420e-01  3.743e-01  4.027e-01  4.272e-01  4.487e-01  4.675e-01  4.832e-01  4.969e-01  5.085e-01  5.189e-01  5.276e-01  5.352e-01  5.416e-01  5.477e-01  5.527e-01  5.573e-01  5.609e-01  5.644e-01  5.676e-01  5.701e-01  5.726e-01  5.747e-01  5.768e-01  5.789e-01  5.803e-01  5.820e-01  5.835e-01  5.845e-01  5.860e-01  5.867e-01  5.877e-01  5.885e-01  5.896e-01  5.903e-01  5.911e-01  5.916e-01  5.922e-01  5.927e-01  5.929e-01 	
 5.747e-03  1.815e-02  3.800e-02  6.678e-02  1.061e-01  1.534e-01  2.046e-01  2.557e-01  3.037e-01  3.468e-01  3.844e-01  4.166e-01  4.437e-01  4.662e-01  4.852e-01  5.012e-01  5.145e-01  5.258e-01  5.351e-01  5.432e-01  5.499e-01  5.558e-01  5.611e-01  5.653e-01  5.692e-01  5.726e-01  5.754e-01  5.777e-01  5.801e-01  5.822e-01  5.839e-01  5.856e-01  5.869e-01  5.881e-01  5.896e-01  5.906e-01  5.917e-01  5.923e-01  5.933e-01  5.941e-01  5.947e-01  5.955e-01  5.963e-01  5.966e-01  5.974e-01  5.978e-01  5.983e-01  5.984e-01  5.989e-01  5.988e-01 	
 1.271e-02  3.018e-02  6.059e-02  1.047e-01  1.606e-01  2.216e-01  2.813e-01  3.351e-01  3.814e-01  4.196e-01  4.509e-01  4.760e-01  4.965e-01  5.130e-01  5.266e-01  5.374e-01  5.468e-01  5.544e-01  5.605e-01  5.657e-01  5.704e-01  5.745e-01  5.777e-01  5.808e-01  5.832e-01  5.855e-01  5.875e-01  5.890e-01  5.908e-01  5.920e-01  5.933e-01  5.942e-01  5.952e-01  5.963e-01  5.969e-01  5.975e-01  5.986e-01  5.989e-01  5.996e-01  5.999e-01  6.007e-01  6.011e-01  6.014e-01  6.018e-01  6.026e-01  6.027e-01  6.028e-01  6.033e-01  6.034e-01  6.037e-01 	
 2.280e-02  4.841e-02  9.427e-02  1.574e-01  2.290e-01  2.984e-01  3.589e-01  4.086e-01  4.475e-01  4.777e-01  5.008e-01  5.188e-01  5.334e-01  5.447e-01  5.538e-01  5.613e-01  5.675e-01  5.725e-01  5.771e-01  5.811e-01  5.839e-01  5.866e-01  5.888e-01  5.910e-01  5.926e-01  5.946e-01  5.954e-01  5.970e-01  5.983e-01  5.989e-01  5.998e-01  6.004e-01  6.011e-01  6.021e-01  6.028e-01  6.031e-01  6.038e-01  6.041e-01  6.045e-01  6.048e-01  6.052e-01  6.056e-01  6.060e-01  6.060e-01  6.064e-01  6.065e-01  6.066e-01  6.072e-01  6.073e-01  6.075e-01 	
 3.692e-02  7.534e-02  1.416e-01  2.236e-01  3.047e-01  3.739e-01  4.277e-01  4.678e-01  4.971e-01  5.187e-01  5.352e-01  5.478e-01  5.574e-01  5.652e-01  5.717e-01  5.768e-01  5.813e-01  5.848e-01  5.880e-01  5.904e-01  5.929e-01  5.952e-01  5.970e-01  5.986e-01  5.995e-01  6.006e-01  6.020e-01  6.028e-01  6.035e-01  6.044e-01  6.050e-01  6.056e-01  6.056e-01  6.062e-01  6.066e-01  6.072e-01  6.076e-01  6.079e-01  6.083e-01  6.087e-01  6.086e-01  6.087e-01  6.091e-01  6.092e-01  6.097e-01  6.101e-01  6.102e-01  6.100e-01  6.106e-01  6.104e-01 	
 5.620e-02  1.136e-01  2.028e-01  2.979e-01  3.785e-01  4.386e-01  4.810e-01  5.108e-01  5.315e-01  5.462e-01  5.577e-01  5.660e-01  5.733e-01  5.788e-01  5.831e-01  5.872e-01  5.902e-01  5.929e-01  5.957e-01  5.975e-01  5.994e-01  6.012e-01  6.024e-01  6.040e-01  6.049e-01  6.058e-01  6.067e-01  6.069e-01  6.075e-01  6.082e-01  6.088e-01  6.095e-01  6.094e-01  6.101e-01  6.104e-01  6.108e-01  6.107e-01  6.111e-01  6.112e-01  6.116e-01  6.120e-01  6.121e-01  6.122e-01  6.126e-01  6.127e-01  6.128e-01  6.129e-01  6.127e-01  6.130e-01  6.128e-01 	
 8.228e-02  1.653e-01  2.742e-01  3.709e-01  4.412e-01  4.883e-01  5.190e-01  5.397e-01  5.539e-01  5.641e-01  5.720e-01  5.783e-01  5.834e-01  5.875e-01  5.915e-01  5.945e-01  5.968e-01  5.992e-01  6.011e-01  6.032e-01  6.044e-01  6.060e-01  6.072e-01  6.081e-01  6.090e-01  6.099e-01  6.101e-01  6.108e-01  6.114e-01  6.121e-01  6.120e-01  6.127e-01  6.130e-01  6.130e-01  6.133e-01  6.137e-01  6.138e-01  6.138e-01  6.139e-01  6.143e-01  6.144e-01  6.147e-01  6.149e-01  6.150e-01  6.151e-01  6.152e-01  6.150e-01  6.151e-01  6.154e-01  6.152e-01 	
 1.173e-01  2.300e-01  3.481e-01  4.342e-01  4.892e-01  5.228e-01  5.438e-01  5.580e-01  5.681e-01  5.758e-01  5.815e-01  5.864e-01  5.902e-01  5.940e-01  5.970e-01  5.996e-01  6.020e-01  6.039e-01  6.056e-01  6.073e-01  6.084e-01  6.096e-01  6.106e-01  6.115e-01  6.121e-01  6.131e-01  6.133e-01  6.137e-01  6.143e-01  6.147e-01  6.149e-01  6.153e-01  6.157e-01  6.156e-01  6.157e-01  6.161e-01  6.165e-01  6.162e-01  6.163e-01  6.167e-01  6.168e-01  6.169e-01  6.170e-01  6.171e-01  6.172e-01  6.170e-01  6.171e-01  6.174e-01  6.172e-01  6.175e-01 	
 1.634e-01  3.038e-01  4.159e-01  4.838e-01  5.226e-01  5.456e-01  5.599e-01  5.699e-01  5.775e-01  5.831e-01  5.878e-01  5.921e-01  5.960e-01  5.989e-01  6.015e-01  6.039e-01  6.056e-01  6.075e-01  6.095e-01  6.107e-01  6.119e-01  6.128e-01  6.137e-01  6.144e-01  6.151e-01  6.157e-01  6.164e-01  6.163e-01  6.170e-01  6.174e-01  6.173e-01  6.177e-01  6.181e-01  6.178e-01  6.182e-01  6.183e-01  6.187e-01  6.183e-01  6.184e-01  6.185e-01  6.186e-01  6.188e-01  6.189e-01  6.190e-01  6.188e-01  6.189e-01  6.192e-01  6.193e-01  6.191e-01  6.194e-01 	
 2.226e-01  3.786e-01  4.712e-01  5.192e-01  5.446e-01  5.598e-01  5.706e-01  5.780e-01  5.840e-01  5.890e-01  5.931e-01  5.968e-01  6.000e-01  6.027e-01  6.051e-01  6.076e-01  6.095e-01  6.110e-01  6.126e-01  6.138e-01  6.148e-01  6.155e-01  6.164e-01  6.171e-01  6.178e-01  6.184e-01  6.188e-01  6.188e-01  6.192e-01  6.196e-01  6.195e-01  6.199e-01  6.200e-01  6.204e-01  6.200e-01  6.202e-01  6.203e-01  6.207e-01  6.208e-01  6.206e-01  6.203e-01  6.204e-01  6.205e-01  6.203e-01  6.209e-01  6.207e-01  6.208e-01  6.206e-01  6.209e-01  6.208e-01 	
 2.944e-01  4.461e-01  5.126e-01  5.431e-01  5.591e-01  5.696e-01  5.776e-01  5.839e-01  5.892e-01  5.935e-01  5.972e-01  6.006e-01  6.036e-01  6.063e-01  6.085e-01  6.107e-01  6.122e-01  6.139e-01  6.148e-01  6.165e-01  6.172e-01  6.181e-01  6.188e-01  6.195e-01  6.199e-01  6.206e-01  6.210e-01  6.209e-01  6.213e-01  6.217e-01  6.218e-01  6.218e-01  6.219e-01  6.220e-01  6.221e-01  6.218e-01  6.219e-01  6.220e-01  6.221e-01  6.222e-01  6.223e-01  6.222e-01  6.223e-01  6.221e-01  6.222e-01  6.220e-01  6.223e-01  6.222e-01  6.220e-01  6.223e-01 	
 3.746e-01  5.006e-01  5.424e-01  5.591e-01  5.693e-01  5.769e-01  5.833e-01  5.890e-01  5.935e-01  5.972e-01  6.010e-01  6.040e-01  6.070e-01  6.094e-01  6.114e-01  6.133e-01  6.149e-01  6.166e-01  6.180e-01  6.189e-01  6.196e-01  6.203e-01  6.210e-01  6.214e-01  6.221e-01  6.225e-01  6.229e-01  6.233e-01  6.230e-01  6.234e-01  6.235e-01  6.236e-01  6.237e-01  6.236e-01  6.238e-01  6.236e-01  6.237e-01  6.238e-01  6.239e-01  6.238e-01  6.239e-01  6.237e-01  6.238e-01  6.236e-01  6.238e-01  6.236e-01  6.234e-01  6.237e-01  6.235e-01  6.238e-01 	
 4.543e-01  5.415e-01  5.624e-01  5.701e-01  5.765e-01  5.825e-01  5.881e-01  5.929e-01  5.972e-01  6.008e-01  6.043e-01  6.074e-01  6.098e-01  6.121e-01  6.140e-01  6.160e-01  6.177e-01  6.187e-01  6.201e-01  6.208e-01  6.215e-01  6.227e-01  6.234e-01  6.238e-01  6.242e-01  6.246e-01  6.245e-01  6.246e-01  6.251e-01  6.252e-01  6.253e-01  6.249e-01  6.251e-01  6.252e-01  6.253e-01  6.254e-01  6.252e-01  6.249e-01  6.250e-01  6.248e-01  6.246e-01  6.248e-01  6.246e-01  6.249e-01  6.250e-01  6.248e-01  6.246e-01  6.249e-01  6.248e-01  6.251e-01 	
 5.246e-01  5.700e-01  5.761e-01  5.781e-01  5.821e-01  5.873e-01  5.923e-01  5.967e-01  6.008e-01  6.042e-01  6.072e-01  6.100e-01  6.125e-01  6.145e-01  6.165e-01  6.182e-01  6.199e-01  6.206e-01  6.220e-01  6.232e-01  6.239e-01  6.243e-01  6.247e-01  6.251e-01  6.255e-01  6.259e-01  6.261e-01  6.265e-01  6.266e-01  6.262e-01  6.264e-01  6.265e-01  6.266e-01  6.267e-01  6.265e-01  6.267e-01  6.263e-01  6.261e-01  6.260e-01  6.261e-01  6.259e-01  6.257e-01  6.258e-01  6.261e-01  6.260e-01  6.258e-01  6.256e-01  6.259e-01  6.257e-01  6.260e-01 	
 5.793e-01  5.901e-01  5.854e-01  5.841e-01  5.872e-01  5.917e-01  5.958e-01  6.000e-01  6.039e-01  6.070e-01  6.098e-01  6.126e-01  6.146e-01  6.166e-01  6.186e-01  6.200e-01  6.215e-01  6.230e-01  6.241e-01  6.248e-01  6.252e-01  6.261e-01  6.265e-01  6.270e-01  6.274e-01  6.275e-01  6.276e-01  6.277e-01  6.282e-01  6.278e-01  6.276e-01  6.277e-01  6.279e-01  6.280e-01  6.278e-01  6.279e-01  6.273e-01  6.271e-01  6.272e-01  6.270e-01  6.269e-01  6.272e-01  6.273e-01  6.271e-01  6.269e-01  6.267e-01  6.266e-01  6.266e-01  6.264e-01  6.267e-01 	
 6.180e-01  6.038e-01  5.927e-01  5.894e-01  5.918e-01  5.955e-01  5.998e-01  6.031e-01  6.065e-01  6.098e-01  6.127e-01  6.152e-01  6.172e-01  6.189e-01  6.207e-01  6.221e-01  6.236e-01  6.248e-01  6.255e-01  6.264e-01  6.268e-01  6.277e-01  6.281e-01  6.285e-01  6.286e-01  6.287e-01  6.289e-01  6.290e-01  6.291e-01  6.288e-01  6.289e-01  6.290e-01  6.288e-01  6.290e-01  6.288e-01  6.286e-01  6.287e-01  6.285e-01  6.284e-01  6.282e-01  6.283e-01  6.281e-01  6.280e-01  6.278e-01  6.276e-01  6.279e-01  6.274e-01  6.272e-01  6.275e-01  6.278e-01 	
 6.432e-01  6.134e-01  5.983e-01  5.938e-01  5.956e-01  5.990e-01  6.026e-01  6.064e-01  6.096e-01  6.122e-01  6.148e-01  6.171e-01  6.188e-01  6.210e-01  6.228e-01  6.239e-01  6.254e-01  6.258e-01  6.270e-01  6.279e-01  6.283e-01  6.287e-01  6.293e-01  6.298e-01  6.299e-01  6.300e-01  6.301e-01  6.303e-01  6.301e-01  6.302e-01  6.299e-01  6.297e-01  6.298e-01  6.296e-01  6.295e-01  6.296e-01  6.294e-01  6.292e-01  6.290e-01  6.289e-01  6.287e-01  6.285e-01  6.283e-01  6.286e-01  6.284e-01  6.283e-01  6.281e-01  6.281e-01  6.279e-01  6.282e-01 	
 6.598e-01  6.205e-01  6.030e-01  5.978e-01  5.991e-01  6.021e-01  6.055e-01  6.088e-01  6.117e-01  6.145e-01  6.168e-01  6.191e-01  6.209e-01  6.223e-01  6.238e-01  6.258e-01  6.267e-01  6.274e-01  6.283e-01  6.292e-01  6.296e-01  6.302e-01  6.306e-01  6.307e-01  6.309e-01  6.310e-01  6.311e-01  6.309e-01  6.311e-01  6.309e-01  6.310e-01  6.308e-01  6.310e-01  6.308e-01  6.306e-01  6.304e-01  6.303e-01  6.301e-01  6.302e-01  6.300e-01  6.295e-01  6.294e-01  6.292e-01  6.290e-01  6.288e-01  6.291e-01  6.286e-01  6.289e-01  6.288e-01  6.291e-01 	
 6.704e-01  6.263e-01  6.072e-01  6.012e-01  6.020e-01  6.047e-01  6.078e-01  6.109e-01  6.135e-01  6.161e-01  6.184e-01  6.209e-01  6.224e-01  6.239e-01  6.254e-01  6.270e-01  6.279e-01  6.291e-01  6.295e-01  6.301e-01  6.306e-01  6.312e-01  6.313e-01  6.314e-01  6.316e-01  6.322e-01  6.323e-01  6.321e-01  6.318e-01  6.316e-01  6.317e-01  6.315e-01  6.313e-01  6.312e-01  6.310e-01  6.308e-01  6.306e-01  6.305e-01  6.303e-01  6.301e-01  6.299e-01  6.302e-01  6.300e-01  6.296e-01  6.294e-01  6.297e-01  6.295e-01  6.290e-01  6.293e-01  6.296e-01 	
 6.778e-01  6.307e-01  6.107e-01  6.048e-01  6.048e-01  6.073e-01  6.104e-01  6.132e-01  6.156e-01  6.182e-01  6.202e-01  6.220e-01  6.239e-01  6.254e-01  6.271e-01  6.283e-01  6.292e-01  6.301e-01  6.310e-01  6.311e-01  6.317e-01  6.319e-01  6.325e-01  6.326e-01  6.327e-01  6.329e-01  6.327e-01  6.328e-01  6.326e-01  6.324e-01  6.326e-01  6.324e-01  6.322e-01  6.320e-01  6.319e-01  6.317e-01  6.315e-01  6.313e-01  6.311e-01  6.307e-01  6.305e-01  6.303e-01  6.306e-01  6.301e-01  6.299e-01  6.302e-01  6.301e-01  6.296e-01  6.299e-01  6.302e-01 	
 6.835e-01  6.344e-01  6.142e-01  6.074e-01  6.074e-01  6.098e-01  6.122e-01  6.147e-01  6.173e-01  6.197e-01  6.217e-01  6.237e-01  6.252e-01  6.264e-01  6.281e-01  6.290e-01  6.299e-01  6.308e-01  6.317e-01  6.323e-01  6.324e-01  6.330e-01  6.332e-01  6.333e-01  6.336e-01  6.337e-01  6.335e-01  6.334e-01  6.335e-01  6.333e-01  6.331e-01  6.330e-01  6.328e-01  6.326e-01  6.324e-01  6.322e-01  6.321e-01  6.319e-01  6.314e-01  6.312e-01  6.310e-01  6.309e-01  6.309e-01  6.307e-01  6.305e-01  6.305e-01  6.303e-01  6.306e-01  6.301e-01  6.304e-01 	
 6.884e-01  6.378e-01  6.167e-01  6.100e-01  6.095e-01  6.117e-01  6.143e-01  6.165e-01  6.188e-01  6.209e-01  6.230e-01  6.249e-01  6.261e-01  6.278e-01  6.290e-01  6.299e-01  6.313e-01  6.319e-01  6.325e-01  6.327e-01  6.333e-01  6.334e-01  6.340e-01  6.339e-01  6.340e-01  6.338e-01  6.344e-01  6.342e-01  6.341e-01  6.339e-01  6.337e-01  6.335e-01  6.333e-01  6.332e-01  6.330e-01  6.328e-01  6.323e-01  6.321e-01  6.320e-01  6.318e-01  6.313e-01  6.316e-01  6.311e-01  6.309e-01  6.308e-01  6.308e-01  6.306e-01  6.309e-01  6.304e-01  6.307e-01 	
 6.923e-01  6.406e-01  6.195e-01  6.120e-01  6.113e-01  6.132e-01  6.153e-01  6.177e-01  6.204e-01  6.221e-01  6.239e-01  6.259e-01  6.276e-01  6.285e-01  6.299e-01  6.308e-01  6.317e-01  6.323e-01  6.329e-01  6.335e-01  6.342e-01  6.343e-01  6.346e-01  6.347e-01  6.345e-01  6.344e-01  6.350e-01  6.348e-01  6.346e-01  6.345e-01  6.343e-01  6.341e-01  6.339e-01  6.334e-01  6.333e-01  6.331e-01  6.329e-01  6.324e-01  6.322e-01  6.320e-01  6.320e-01  6.319e-01  6.314e-01  6.312e-01  6.312e-01  6.310e-01  6.313e-01  6.308e-01  6.311e-01  6.314e-01 	
 6.970e-01  6.439e-01  6.217e-01  6.141e-01  6.129e-01  6.147e-01  6.168e-01  6.189e-01  6.213e-01  6.231e-01  6.251e-01  6.266e-01  6.280e-01  6.296e-01  6.306e-01  6.317e-01  6.326e-01  6.332e-01  6.338e-01  6.344e-01  6.342e-01  6.349e-01  6.352e-01  6.353e-01  6.351e-01  6.349e-01  6.353e-01  6.351e-01  6.349e-01  6.347e-01  6.345e-01  6.344e-01  6.342e-01  6.337e-01  6.335e-01  6.333e-01  6.328e-01  6.327e-01  6.330e-01  6.325e-01  6.323e-01  6.318e-01  6.316e-01  6.316e-01  6.314e-01  6.310e-01  6.313e-01  6.316e-01  6.314e-01  6.317e-01 	
 7.038e-01  6.478e-01  6.249e-01  6.164e-01  6.150e-01  6.162e-01  6.180e-01  6.202e-01  6.222e-01  6.237e-01  6.257e-01  6.274e-01  6.283e-01  6.300e-01  6.311e-01  6.320e-01  6.331e-01  6.338e-01  6.344e-01  6.347e-01  6.348e-01  6.351e-01  6.349e-01  6.356e-01  6.354e-01  6.352e-01  6.355e-01  6.353e-01  6.352e-01  6.350e-01  6.345e-01  6.343e-01  6.341e-01  6.340e-01  6.335e-01  6.333e-01  6.328e-01  6.331e-01  6.326e-01  6.324e-01  6.319e-01  6.318e-01  6.318e-01  6.316e-01  6.311e-01  6.314e-01  6.312e-01  6.315e-01  6.318e-01  6.325e-01 	
 7.186e-01  6.559e-01  6.311e-01  6.222e-01  6.195e-01  6.200e-01  6.215e-01  6.231e-01  6.249e-01  6.264e-01  6.277e-01  6.294e-01  6.308e-01  6.317e-01  6.328e-01  6.337e-01  6.348e-01  6.351e-01  6.357e-01  6.361e-01  6.362e-01  6.365e-01  6.363e-01  6.366e-01  6.365e-01  6.363e-01  6.366e-01  6.364e-01  6.362e-01  6.361e-01  6.356e-01  6.354e-01  6.352e-01  6.347e-01  6.350e-01  6.348e-01  6.344e-01  6.342e-01  6.337e-01  6.335e-01  6.335e-01  6.333e-01  6.328e-01  6.331e-01  6.326e-01  6.330e-01  6.333e-01  6.339e-01  6.345e-01  6.360e-01 	
