 3.766e-01  3.123e-01  2.541e-01  2.100e-01  1.712e-01  1.464e-01  1.340e-01  1.172e-01  9.694e-02  8.005e-02  6.796e-02  6.187e-02  5.735e-02  5.386e-02  4.931e-02  4.389e-02  3.856e-02  3.302e-02  2.729e-02  2.180e-02  1.699e-02  1.327e-02  1.037e-02  8.294e-03  6.675e-03  5.331e-03  4.468e-03  3.767e-03  3.118e-03  2.651e-03  2.203e-03  1.895e-03  1.611e-03  1.410e-03  1.224e-03  1.115e-03  9.880e-04  8.510e-04  8.024e-04  6.829e-04  6.475e-04  6.193e-04  5.923e-04  6.277e-04  6.209e-04  7.432e-04  9.421e-04  1.409e-03  2.618e-03  6.447e-03 	
 4.623e-01  3.836e-01  3.119e-01  2.575e-01  2.097e-01  1.789e-01  1.635e-01  1.429e-01  1.181e-01  9.742e-02  8.260e-02  7.512e-02  6.956e-02  6.530e-02  5.975e-02  5.316e-02  4.669e-02  3.997e-02  3.303e-02  2.637e-02  2.055e-02  1.604e-02  1.253e-02  1.002e-02  8.066e-03  6.441e-03  5.396e-03  4.550e-03  3.766e-03  3.202e-03  2.660e-03  2.288e-03  1.945e-03  1.702e-03  1.478e-03  1.346e-03  1.193e-03  1.027e-03  9.685e-04  8.242e-04  7.814e-04  7.474e-04  7.148e-04  7.575e-04  7.493e-04  8.969e-04  1.137e-03  1.701e-03  3.159e-03  7.781e-03 	
 5.715e-01  4.748e-01  3.858e-01  3.182e-01  2.586e-01  2.200e-01  2.006e-01  1.750e-01  1.445e-01  1.190e-01  1.008e-01  9.148e-02  8.460e-02  7.933e-02  7.253e-02  6.450e-02  5.662e-02  4.846e-02  4.002e-02  3.195e-02  2.489e-02  1.942e-02  1.517e-02  1.212e-02  9.753e-03  7.785e-03  6.521e-03  5.497e-03  4.549e-03  3.867e-03  3.213e-03  2.763e-03  2.349e-03  2.055e-03  1.784e-03  1.624e-03  1.440e-03  1.240e-03  1.169e-03  9.948e-04  9.431e-04  9.021e-04  8.627e-04  9.142e-04  9.043e-04  1.082e-03  1.372e-03  2.053e-03  3.812e-03  9.390e-03 	
 7.130e-01  5.940e-01  4.825e-01  3.973e-01  3.221e-01  2.729e-01  2.480e-01  2.160e-01  1.780e-01  1.463e-01  1.235e-01  1.119e-01  1.033e-01  9.669e-02  8.831e-02  7.846e-02  6.883e-02  5.887e-02  4.860e-02  3.877e-02  3.019e-02  2.354e-02  1.837e-02  1.468e-02  1.180e-02  9.418e-03  7.887e-03  6.646e-03  5.498e-03  4.673e-03  3.881e-03  3.338e-03  2.837e-03  2.481e-03  2.154e-03  1.961e-03  1.738e-03  1.497e-03  1.411e-03  1.201e-03  1.138e-03  1.089e-03  1.041e-03  1.103e-03  1.091e-03  1.306e-03  1.656e-03  2.477e-03  4.601e-03  1.133e-02 	
 8.996e-01  7.535e-01  6.124e-01  5.036e-01  4.070e-01  3.430e-01  3.100e-01  2.693e-01  2.216e-01  1.815e-01  1.527e-01  1.377e-01  1.268e-01  1.184e-01  1.080e-01  9.582e-02  8.396e-02  7.174e-02  5.918e-02  4.719e-02  3.671e-02  2.859e-02  2.230e-02  1.781e-02  1.431e-02  1.141e-02  9.548e-03  8.042e-03  6.651e-03  5.650e-03  4.692e-03  4.034e-03  3.427e-03  2.998e-03  2.602e-03  2.369e-03  2.099e-03  1.807e-03  1.704e-03  1.450e-03  1.374e-03  1.314e-03  1.257e-03  1.332e-03  1.317e-03  1.577e-03  1.999e-03  2.990e-03  5.552e-03  1.368e-02 	
 1.148e+00  9.717e-01  7.922e-01  6.515e-01  5.248e-01  4.389e-01  3.939e-01  3.411e-01  2.797e-01  2.281e-01  1.908e-01  1.713e-01  1.569e-01  1.461e-01  1.329e-01  1.177e-01  1.030e-01  8.787e-02  7.240e-02  5.766e-02  4.481e-02  3.485e-02  2.715e-02  2.165e-02  1.738e-02  1.385e-02  1.158e-02  9.745e-03  8.055e-03  6.839e-03  5.677e-03  4.878e-03  4.144e-03  3.623e-03  3.144e-03  2.862e-03  2.535e-03  2.183e-03  2.057e-03  1.750e-03  1.659e-03  1.587e-03  1.517e-03  1.608e-03  1.590e-03  1.903e-03  2.412e-03  3.608e-03  6.701e-03  1.650e-02 	
 1.472e+00  1.272e+00  1.047e+00  8.643e-01  6.950e-01  5.758e-01  5.120e-01  4.415e-01  3.608e-01  2.923e-01  2.427e-01  2.160e-01  1.967e-01  1.822e-01  1.651e-01  1.459e-01  1.273e-01  1.084e-01  8.918e-02  7.091e-02  5.501e-02  4.271e-02  3.321e-02  2.644e-02  2.119e-02  1.686e-02  1.408e-02  1.184e-02  9.774e-03  8.292e-03  6.878e-03  5.907e-03  5.015e-03  4.383e-03  3.802e-03  3.459e-03  3.064e-03  2.637e-03  2.485e-03  2.114e-03  2.004e-03  1.916e-03  1.832e-03  1.941e-03  1.919e-03  2.297e-03  2.911e-03  4.355e-03  8.087e-03  1.992e-02 	
 1.866e+00  1.671e+00  1.408e+00  1.177e+00  9.496e-01  7.798e-01  6.856e-01  5.886e-01  4.791e-01  3.851e-01  3.164e-01  2.784e-01  2.510e-01  2.309e-01  2.081e-01  1.831e-01  1.592e-01  1.352e-01  1.110e-01  8.803e-02  6.813e-02  5.273e-02  4.089e-02  3.247e-02  2.596e-02  2.061e-02  1.718e-02  1.442e-02  1.189e-02  1.008e-02  8.352e-03  7.167e-03  6.080e-03  5.310e-03  4.603e-03  4.186e-03  3.706e-03  3.189e-03  3.004e-03  2.555e-03  2.421e-03  2.314e-03  2.212e-03  2.343e-03  2.317e-03  2.773e-03  3.514e-03  5.256e-03  9.761e-03  2.404e-02 	
 2.265e+00  2.138e+00  1.884e+00  1.624e+00  1.334e+00  1.092e+00  9.505e-01  8.142e-01  6.614e-01  5.270e-01  4.271e-01  3.699e-01  3.290e-01  2.995e-01  2.679e-01  2.343e-01  2.027e-01  1.714e-01  1.402e-01  1.109e-01  8.549e-02  6.589e-02  5.089e-02  4.026e-02  3.208e-02  2.539e-02  2.111e-02  1.767e-02  1.454e-02  1.230e-02  1.018e-02  8.720e-03  7.389e-03  6.446e-03  5.583e-03  5.073e-03  4.488e-03  3.859e-03  3.634e-03  3.090e-03  2.926e-03  2.797e-03  2.673e-03  2.830e-03  2.799e-03  3.348e-03  4.243e-03  6.345e-03  1.178e-02  2.901e-02 	
 2.552e+00  2.545e+00  2.395e+00  2.185e+00  1.878e+00  1.563e+00  1.358e+00  1.170e+00  9.551e-01  7.561e-01  6.037e-01  5.122e-01  4.475e-01  4.015e-01  3.553e-01  3.082e-01  2.647e-01  2.225e-01  1.811e-01  1.426e-01  1.094e-01  8.383e-02  6.437e-02  5.065e-02  4.015e-02  3.163e-02  2.618e-02  2.184e-02  1.791e-02  1.511e-02  1.247e-02  1.066e-02  9.016e-03  7.852e-03  6.792e-03  6.162e-03  5.446e-03  4.679e-03  4.402e-03  3.741e-03  3.541e-03  3.382e-03  3.231e-03  3.420e-03  3.381e-03  4.044e-03  5.123e-03  7.660e-03  1.422e-02  3.502e-02 	
 2.688e+00  2.756e+00  2.748e+00  2.685e+00  2.493e+00  2.186e+00  1.939e+00  1.714e+00  1.432e+00  1.140e+00  9.004e-01  7.467e-01  6.384e-01  5.625e-01  4.909e-01  4.215e-01  3.585e-01  2.989e-01  2.418e-01  1.892e-01  1.442e-01  1.095e-01  8.342e-02  6.511e-02  5.123e-02  4.010e-02  3.297e-02  2.734e-02  2.232e-02  1.874e-02  1.541e-02  1.313e-02  1.107e-02  9.618e-03  8.300e-03  7.515e-03  6.630e-03  5.689e-03  5.345e-03  4.538e-03  4.291e-03  4.095e-03  3.910e-03  4.136e-03  4.086e-03  4.886e-03  6.188e-03  9.249e-03  1.717e-02  4.227e-02 	
 2.775e+00  2.824e+00  2.856e+00  2.902e+00  2.897e+00  2.758e+00  2.581e+00  2.410e+00  2.136e+00  1.766e+00  1.407e+00  1.148e+00  9.617e-01  8.313e-01  7.147e-01  6.066e-01  5.100e-01  4.211e-01  3.380e-01  2.624e-01  1.982e-01  1.488e-01  1.121e-01  8.647e-02  6.732e-02  5.218e-02  4.249e-02  3.493e-02  2.832e-02  2.361e-02  1.932e-02  1.636e-02  1.374e-02  1.188e-02  1.022e-02  9.220e-03  8.113e-03  6.947e-03  6.512e-03  5.521e-03  5.212e-03  4.968e-03  4.738e-03  5.007e-03  4.944e-03  5.907e-03  7.477e-03  1.117e-02  2.073e-02  5.103e-02 	
 2.853e+00  2.907e+00  2.913e+00  2.929e+00  2.965e+00  2.979e+00  2.958e+00  2.955e+00  2.868e+00  2.599e+00  2.197e+00  1.815e+00  1.513e+00  1.292e+00  1.100e+00  9.263e-01  7.709e-01  6.307e-01  5.024e-01  3.867e-01  2.889e-01  2.137e-01  1.584e-01  1.204e-01  9.232e-02  7.060e-02  5.670e-02  4.603e-02  3.692e-02  3.047e-02  2.473e-02  2.077e-02  1.732e-02  1.489e-02  1.273e-02  1.143e-02  1.001e-02  8.544e-03  7.980e-03  6.750e-03  6.357e-03  6.046e-03  5.756e-03  6.073e-03  5.989e-03  7.148e-03  9.040e-03  1.350e-02  2.504e-02  6.162e-02 	
 2.837e+00  2.911e+00  2.965e+00  2.999e+00  3.001e+00  2.987e+00  2.991e+00  3.058e+00  3.152e+00  3.178e+00  3.028e+00  2.701e+00  2.342e+00  2.035e+00  1.752e+00  1.487e+00  1.239e+00  1.012e+00  8.042e-01  6.155e-01  4.547e-01  3.302e-01  2.400e-01  1.786e-01  1.344e-01  1.009e-01  7.952e-02  6.343e-02  5.014e-02  4.076e-02  3.270e-02  2.713e-02  2.240e-02  1.905e-02  1.616e-02  1.438e-02  1.252e-02  1.063e-02  9.869e-03  8.319e-03  7.801e-03  7.394e-03  7.020e-03  7.388e-03  7.273e-03  8.663e-03  1.094e-02  1.632e-02  3.025e-02  7.442e-02 	
 2.813e+00  2.865e+00  2.897e+00  2.948e+00  3.012e+00  3.048e+00  3.037e+00  3.038e+00  3.077e+00  3.167e+00  3.268e+00  3.255e+00  3.120e+00  2.909e+00  2.655e+00  2.366e+00  2.041e+00  1.709e+00  1.383e+00  1.068e+00  7.860e-01  5.599e-01  3.974e-01  2.882e-01  2.114e-01  1.551e-01  1.193e-01  9.297e-02  7.205e-02  5.742e-02  4.534e-02  3.696e-02  3.007e-02  2.521e-02  2.111e-02  1.855e-02  1.598e-02  1.346e-02  1.239e-02  1.038e-02  9.673e-03  9.116e-03  8.617e-03  9.029e-03  8.862e-03  1.053e-02  1.327e-02  1.976e-02  3.658e-02  8.992e-02 	
 2.758e+00  2.808e+00  2.849e+00  2.883e+00  2.905e+00  2.945e+00  3.003e+00  3.063e+00  3.103e+00  3.119e+00  3.146e+00  3.192e+00  3.251e+00  3.282e+00  3.276e+00  3.207e+00  3.032e+00  2.759e+00  2.404e+00  1.970e+00  1.496e+00  1.059e+00  7.332e-01  5.153e-01  3.662e-01  2.609e-01  1.946e-01  1.475e-01  1.115e-01  8.663e-02  6.700e-02  5.337e-02  4.258e-02  3.498e-02  2.877e-02  2.482e-02  2.107e-02  1.753e-02  1.591e-02  1.322e-02  1.219e-02  1.139e-02  1.069e-02  1.112e-02  1.086e-02  1.284e-02  1.612e-02  2.395e-02  4.426e-02  1.087e-01 	
 2.702e+00  2.748e+00  2.775e+00  2.803e+00  2.837e+00  2.872e+00  2.897e+00  2.926e+00  2.981e+00  3.067e+00  3.151e+00  3.167e+00  3.151e+00  3.159e+00  3.221e+00  3.324e+00  3.422e+00  3.476e+00  3.444e+00  3.264e+00  2.859e+00  2.202e+00  1.535e+00  1.044e+00  7.118e-01  4.879e-01  3.508e-01  2.569e-01  1.886e-01  1.422e-01  1.073e-01  8.308e-02  6.467e-02  5.177e-02  4.159e-02  3.499e-02  2.910e-02  2.380e-02  2.116e-02  1.737e-02  1.576e-02  1.452e-02  1.347e-02  1.386e-02  1.344e-02  1.575e-02  1.968e-02  2.910e-02  5.362e-02  1.315e-01 	
 2.643e+00  2.683e+00  2.707e+00  2.736e+00  2.760e+00  2.781e+00  2.815e+00  2.857e+00  2.885e+00  2.904e+00  2.950e+00  3.045e+00  3.135e+00  3.158e+00  3.144e+00  3.144e+00  3.199e+00  3.321e+00  3.503e+00  3.715e+00  3.877e+00  3.822e+00  3.332e+00  2.434e+00  1.606e+00  1.040e+00  7.102e-01  4.979e-01  3.527e-01  2.568e-01  1.882e-01  1.412e-01  1.069e-01  8.300e-02  6.483e-02  5.287e-02  4.282e-02  3.424e-02  2.959e-02  2.388e-02  2.117e-02  1.910e-02  1.742e-02  1.761e-02  1.687e-02  1.953e-02  2.416e-02  3.549e-02  6.510e-02  1.593e-01 	
 2.586e+00  2.621e+00  2.643e+00  2.669e+00  2.689e+00  2.711e+00  2.743e+00  2.771e+00  2.795e+00  2.827e+00  2.861e+00  2.890e+00  2.923e+00  2.987e+00  3.067e+00  3.123e+00  3.135e+00  3.127e+00  3.155e+00  3.281e+00  3.545e+00  3.914e+00  4.236e+00  4.348e+00  3.890e+00  2.678e+00  1.694e+00  1.103e+00  7.394e-01  5.147e-01  3.645e-01  2.639e-01  1.937e-01  1.456e-01  1.102e-01  8.680e-02  6.816e-02  5.303e-02  4.426e-02  3.493e-02  3.002e-02  2.632e-02  2.342e-02  2.305e-02  2.167e-02  2.458e-02  2.996e-02  4.353e-02  7.926e-02  1.932e-01 	
 2.531e+00  2.562e+00  2.583e+00  2.605e+00  2.623e+00  2.643e+00  2.671e+00  2.698e+00  2.726e+00  2.751e+00  2.774e+00  2.802e+00  2.842e+00  2.876e+00  2.896e+00  2.927e+00  2.985e+00  3.050e+00  3.088e+00  3.090e+00  3.093e+00  3.245e+00  3.604e+00  4.033e+00  4.426e+00  4.756e+00  4.459e+00  3.060e+00  1.854e+00  1.180e+00  7.896e-01  5.456e-01  3.862e-01  2.802e-01  2.053e-01  1.560e-01  1.185e-01  8.949e-02  7.181e-02  5.520e-02  4.569e-02  3.861e-02  3.324e-02  3.151e-02  2.883e-02  3.169e-02  3.774e-02  5.386e-02  9.694e-02  2.350e-01 	
 2.479e+00  2.507e+00  2.526e+00  2.545e+00  2.562e+00  2.580e+00  2.606e+00  2.631e+00  2.655e+00  2.676e+00  2.702e+00  2.734e+00  2.761e+00  2.788e+00  2.822e+00  2.856e+00  2.875e+00  2.887e+00  2.909e+00  2.938e+00  2.979e+00  3.044e+00  3.047e+00  3.199e+00  3.644e+00  4.093e+00  4.495e+00  4.902e+00  5.011e+00  3.534e+00  2.089e+00  1.292e+00  8.582e-01  5.942e-01  4.194e-01  3.069e-01  2.255e-01  1.651e-01  1.273e-01  9.515e-02  7.558e-02  6.124e-02  5.065e-02  4.574e-02  4.033e-02  4.238e-02  4.870e-02  6.757e-02  1.194e-01  2.867e-01 	
 2.431e+00  2.456e+00  2.473e+00  2.491e+00  2.505e+00  2.522e+00  2.545e+00  2.569e+00  2.589e+00  2.608e+00  2.631e+00  2.659e+00  2.687e+00  2.719e+00  2.748e+00  2.773e+00  2.803e+00  2.833e+00  2.853e+00  2.866e+00  2.867e+00  2.827e+00  2.815e+00  2.965e+00  3.027e+00  3.121e+00  3.720e+00  4.066e+00  4.469e+00  4.923e+00  5.412e+00  4.166e+00  2.386e+00  1.452e+00  9.523e-01  6.637e-01  4.692e-01  3.324e-01  2.465e-01  1.790e-01  1.366e-01  1.059e-01  8.390e-02  7.165e-02  6.033e-02  5.969e-02  6.512e-02  8.655e-02  1.485e-01  3.516e-01 	
 2.386e+00  2.409e+00  2.424e+00  2.441e+00  2.454e+00  2.468e+00  2.490e+00  2.511e+00  2.529e+00  2.546e+00  2.566e+00  2.591e+00  2.617e+00  2.645e+00  2.672e+00  2.700e+00  2.728e+00  2.751e+00  2.776e+00  2.809e+00  2.839e+00  2.870e+00  2.868e+00  2.766e+00  2.621e+00  2.823e+00  3.071e+00  2.997e+00  3.753e+00  4.060e+00  4.401e+00  4.842e+00  5.521e+00  4.900e+00  2.796e+00  1.672e+00  1.087e+00  7.316e-01  5.200e-01  3.664e-01  2.689e-01  2.000e-01  1.518e-01  1.223e-01  9.789e-02  9.002e-02  9.165e-02  1.144e-01  1.875e-01  4.341e-01 	
 2.345e+00  2.366e+00  2.380e+00  2.395e+00  2.407e+00  2.420e+00  2.439e+00  2.459e+00  2.475e+00  2.490e+00  2.507e+00  2.530e+00  2.553e+00  2.579e+00  2.604e+00  2.629e+00  2.653e+00  2.674e+00  2.698e+00  2.716e+00  2.737e+00  2.788e+00  2.852e+00  2.903e+00  2.888e+00  2.767e+00  2.460e+00  2.610e+00  3.104e+00  2.941e+00  3.599e+00  4.118e+00  4.314e+00  4.711e+00  5.404e+00  5.503e+00  3.403e+00  1.897e+00  1.220e+00  8.162e-01  5.740e-01  4.099e-01  2.987e-01  2.281e-01  1.734e-01  1.473e-01  1.379e-01  1.580e-01  2.420e-01  5.409e-01 	
 2.308e+00  2.326e+00  2.339e+00  2.353e+00  2.364e+00  2.376e+00  2.393e+00  2.411e+00  2.425e+00  2.439e+00  2.455e+00  2.474e+00  2.496e+00  2.519e+00  2.542e+00  2.564e+00  2.586e+00  2.607e+00  2.627e+00  2.644e+00  2.664e+00  2.683e+00  2.693e+00  2.760e+00  2.874e+00  2.960e+00  2.911e+00  2.787e+00  2.429e+00  2.339e+00  2.996e+00  3.019e+00  3.304e+00  4.301e+00  4.224e+00  4.565e+00  5.155e+00  5.815e+00  3.963e+00  2.176e+00  1.361e+00  9.113e-01  6.355e-01  4.614e-01  3.342e-01  2.631e-01  2.249e-01  2.314e-01  3.220e-01  6.817e-01 	
 2.274e+00  2.291e+00  2.303e+00  2.315e+00  2.325e+00  2.336e+00  2.352e+00  2.368e+00  2.381e+00  2.393e+00  2.407e+00  2.424e+00  2.444e+00  2.465e+00  2.486e+00  2.506e+00  2.526e+00  2.545e+00  2.562e+00  2.578e+00  2.597e+00  2.621e+00  2.646e+00  2.656e+00  2.646e+00  2.711e+00  2.901e+00  2.994e+00  2.980e+00  2.743e+00  2.579e+00  2.061e+00  2.801e+00  3.205e+00  3.050e+00  4.417e+00  4.165e+00  4.442e+00  4.959e+00  5.813e+00  4.502e+00  2.433e+00  1.492e+00  1.008e+00  6.941e-01  5.096e-01  3.987e-01  3.640e-01  4.459e-01  8.701e-01 	
 2.243e+00  2.259e+00  2.269e+00  2.281e+00  2.290e+00  2.300e+00  2.314e+00  2.329e+00  2.340e+00  2.351e+00  2.364e+00  2.380e+00  2.397e+00  2.416e+00  2.435e+00  2.454e+00  2.472e+00  2.489e+00  2.504e+00  2.518e+00  2.534e+00  2.552e+00  2.572e+00  2.604e+00  2.649e+00  2.630e+00  2.607e+00  2.643e+00  2.900e+00  3.018e+00  3.101e+00  2.688e+00  2.738e+00  1.945e+00  2.573e+00  3.270e+00  2.989e+00  4.242e+00  4.211e+00  4.318e+00  4.783e+00  5.597e+00  4.681e+00  2.598e+00  1.565e+00  1.055e+00  7.598e-01  6.148e-01  6.461e-01  1.121e+00 	
 2.216e+00  2.229e+00  2.240e+00  2.250e+00  2.258e+00  2.267e+00  2.280e+00  2.293e+00  2.304e+00  2.314e+00  2.325e+00  2.339e+00  2.355e+00  2.372e+00  2.389e+00  2.406e+00  2.423e+00  2.438e+00  2.452e+00  2.465e+00  2.478e+00  2.494e+00  2.514e+00  2.535e+00  2.546e+00  2.589e+00  2.660e+00  2.630e+00  2.576e+00  2.579e+00  2.831e+00  3.067e+00  3.167e+00  2.730e+00  2.683e+00  2.107e+00  2.144e+00  3.126e+00  3.147e+00  3.834e+00  4.400e+00  4.204e+00  4.632e+00  5.315e+00  4.358e+00  2.423e+00  1.527e+00  1.094e+00  9.723e-01  1.441e+00 	
 2.191e+00  2.203e+00  2.213e+00  2.222e+00  2.230e+00  2.238e+00  2.249e+00  2.262e+00  2.271e+00  2.280e+00  2.290e+00  2.303e+00  2.317e+00  2.333e+00  2.348e+00  2.363e+00  2.378e+00  2.392e+00  2.404e+00  2.416e+00  2.428e+00  2.442e+00  2.458e+00  2.476e+00  2.500e+00  2.527e+00  2.519e+00  2.563e+00  2.665e+00  2.672e+00  2.536e+00  2.514e+00  2.731e+00  3.151e+00  3.118e+00  2.913e+00  2.533e+00  2.443e+00  1.860e+00  2.930e+00  3.335e+00  3.708e+00  4.553e+00  4.105e+00  4.502e+00  4.843e+00  3.316e+00  1.990e+00  1.476e+00  1.803e+00 	
 2.169e+00  2.180e+00  2.188e+00  2.197e+00  2.204e+00  2.211e+00  2.222e+00  2.233e+00  2.242e+00  2.250e+00  2.258e+00  2.270e+00  2.283e+00  2.297e+00  2.311e+00  2.325e+00  2.338e+00  2.351e+00  2.362e+00  2.372e+00  2.383e+00  2.395e+00  2.409e+00  2.426e+00  2.445e+00  2.459e+00  2.487e+00  2.525e+00  2.498e+00  2.530e+00  2.680e+00  2.727e+00  2.487e+00  2.457e+00  2.652e+00  3.145e+00  3.059e+00  3.137e+00  2.395e+00  2.733e+00  1.728e+00  2.905e+00  3.448e+00  3.847e+00  4.482e+00  3.992e+00  4.212e+00  3.392e+00  2.156e+00  2.135e+00 	
 2.149e+00  2.159e+00  2.167e+00  2.175e+00  2.181e+00  2.188e+00  2.197e+00  2.207e+00  2.215e+00  2.222e+00  2.230e+00  2.241e+00  2.252e+00  2.265e+00  2.278e+00  2.290e+00  2.302e+00  2.314e+00  2.324e+00  2.333e+00  2.342e+00  2.353e+00  2.366e+00  2.380e+00  2.397e+00  2.412e+00  2.437e+00  2.448e+00  2.467e+00  2.532e+00  2.498e+00  2.487e+00  2.668e+00  2.713e+00  2.478e+00  2.444e+00  2.625e+00  3.039e+00  3.081e+00  3.270e+00  2.321e+00  2.647e+00  1.826e+00  2.944e+00  3.542e+00  4.314e+00  4.006e+00  3.597e+00  2.772e+00  2.373e+00 	
 2.132e+00  2.141e+00  2.147e+00  2.155e+00  2.160e+00  2.166e+00  2.175e+00  2.184e+00  2.191e+00  2.198e+00  2.205e+00  2.214e+00  2.224e+00  2.236e+00  2.248e+00  2.259e+00  2.270e+00  2.280e+00  2.290e+00  2.298e+00  2.306e+00  2.316e+00  2.327e+00  2.340e+00  2.354e+00  2.369e+00  2.387e+00  2.400e+00  2.428e+00  2.441e+00  2.440e+00  2.545e+00  2.505e+00  2.426e+00  2.599e+00  2.706e+00  2.624e+00  2.407e+00  2.607e+00  2.884e+00  3.173e+00  3.159e+00  2.274e+00  2.545e+00  2.089e+00  3.138e+00  3.852e+00  3.975e+00  3.025e+00  2.540e+00 	
 2.116e+00  2.124e+00  2.130e+00  2.137e+00  2.142e+00  2.147e+00  2.155e+00  2.163e+00  2.170e+00  2.176e+00  2.182e+00  2.190e+00  2.200e+00  2.210e+00  2.221e+00  2.231e+00  2.241e+00  2.250e+00  2.259e+00  2.266e+00  2.274e+00  2.282e+00  2.292e+00  2.303e+00  2.316e+00  2.329e+00  2.344e+00  2.359e+00  2.379e+00  2.391e+00  2.415e+00  2.446e+00  2.407e+00  2.521e+00  2.517e+00  2.409e+00  2.562e+00  2.796e+00  2.690e+00  2.381e+00  2.539e+00  2.841e+00  3.197e+00  3.017e+00  2.181e+00  2.564e+00  2.880e+00  3.491e+00  3.320e+00  2.675e+00 	
 2.102e+00  2.109e+00  2.115e+00  2.121e+00  2.126e+00  2.130e+00  2.137e+00  2.145e+00  2.151e+00  2.156e+00  2.162e+00  2.169e+00  2.178e+00  2.187e+00  2.196e+00  2.206e+00  2.215e+00  2.223e+00  2.231e+00  2.238e+00  2.244e+00  2.252e+00  2.261e+00  2.271e+00  2.282e+00  2.294e+00  2.307e+00  2.321e+00  2.335e+00  2.353e+00  2.366e+00  2.388e+00  2.392e+00  2.457e+00  2.396e+00  2.493e+00  2.547e+00  2.412e+00  2.560e+00  2.843e+00  2.659e+00  2.362e+00  2.557e+00  2.878e+00  3.037e+00  2.778e+00  2.387e+00  3.012e+00  3.166e+00  2.710e+00 	
 2.090e+00  2.096e+00  2.101e+00  2.106e+00  2.111e+00  2.115e+00  2.121e+00  2.128e+00  2.133e+00  2.138e+00  2.144e+00  2.150e+00  2.158e+00  2.166e+00  2.174e+00  2.183e+00  2.191e+00  2.199e+00  2.206e+00  2.212e+00  2.218e+00  2.225e+00  2.233e+00  2.242e+00  2.252e+00  2.262e+00  2.274e+00  2.286e+00  2.300e+00  2.314e+00  2.325e+00  2.349e+00  2.352e+00  2.392e+00  2.370e+00  2.456e+00  2.387e+00  2.486e+00  2.572e+00  2.385e+00  2.500e+00  2.777e+00  2.578e+00  2.394e+00  2.722e+00  2.982e+00  2.650e+00  2.581e+00  2.967e+00  2.709e+00 	
 2.080e+00  2.085e+00  2.089e+00  2.094e+00  2.098e+00  2.102e+00  2.107e+00  2.113e+00  2.118e+00  2.123e+00  2.127e+00  2.133e+00  2.140e+00  2.147e+00  2.155e+00  2.163e+00  2.170e+00  2.177e+00  2.184e+00  2.189e+00  2.195e+00  2.201e+00  2.208e+00  2.216e+00  2.224e+00  2.234e+00  2.244e+00  2.255e+00  2.267e+00  2.279e+00  2.293e+00  2.306e+00  2.317e+00  2.346e+00  2.336e+00  2.394e+00  2.354e+00  2.458e+00  2.390e+00  2.423e+00  2.574e+00  2.364e+00  2.499e+00  2.718e+00  2.473e+00  2.524e+00  2.865e+00  2.659e+00  2.742e+00  2.665e+00 	
 2.070e+00  2.075e+00  2.079e+00  2.083e+00  2.086e+00  2.090e+00  2.095e+00  2.100e+00  2.104e+00  2.109e+00  2.113e+00  2.118e+00  2.124e+00  2.131e+00  2.137e+00  2.144e+00  2.151e+00  2.158e+00  2.163e+00  2.169e+00  2.174e+00  2.179e+00  2.185e+00  2.193e+00  2.200e+00  2.209e+00  2.218e+00  2.228e+00  2.238e+00  2.249e+00  2.261e+00  2.274e+00  2.287e+00  2.295e+00  2.315e+00  2.336e+00  2.332e+00  2.390e+00  2.344e+00  2.443e+00  2.404e+00  2.418e+00  2.542e+00  2.365e+00  2.601e+00  2.584e+00  2.486e+00  2.722e+00  2.625e+00  2.612e+00 	
 2.062e+00  2.066e+00  2.069e+00  2.073e+00  2.076e+00  2.079e+00  2.084e+00  2.088e+00  2.092e+00  2.096e+00  2.100e+00  2.105e+00  2.110e+00  2.116e+00  2.122e+00  2.128e+00  2.134e+00  2.140e+00  2.145e+00  2.150e+00  2.155e+00  2.160e+00  2.165e+00  2.172e+00  2.179e+00  2.186e+00  2.194e+00  2.203e+00  2.212e+00  2.222e+00  2.232e+00  2.244e+00  2.256e+00  2.268e+00  2.278e+00  2.289e+00  2.316e+00  2.322e+00  2.328e+00  2.382e+00  2.346e+00  2.436e+00  2.378e+00  2.459e+00  2.459e+00  2.469e+00  2.569e+00  2.534e+00  2.584e+00  2.559e+00 	
 2.054e+00  2.058e+00  2.061e+00  2.064e+00  2.067e+00  2.070e+00  2.074e+00  2.078e+00  2.082e+00  2.085e+00  2.088e+00  2.093e+00  2.097e+00  2.102e+00  2.108e+00  2.113e+00  2.119e+00  2.124e+00  2.129e+00  2.134e+00  2.138e+00  2.142e+00  2.147e+00  2.153e+00  2.159e+00  2.166e+00  2.173e+00  2.181e+00  2.189e+00  2.198e+00  2.207e+00  2.217e+00  2.227e+00  2.238e+00  2.250e+00  2.260e+00  2.270e+00  2.285e+00  2.313e+00  2.309e+00  2.327e+00  2.377e+00  2.332e+00  2.432e+00  2.365e+00  2.479e+00  2.436e+00  2.498e+00  2.524e+00  2.508e+00 	
 2.048e+00  2.051e+00  2.054e+00  2.057e+00  2.059e+00  2.062e+00  2.065e+00  2.069e+00  2.072e+00  2.075e+00  2.078e+00  2.082e+00  2.086e+00  2.091e+00  2.096e+00  2.100e+00  2.105e+00  2.110e+00  2.115e+00  2.119e+00  2.123e+00  2.127e+00  2.131e+00  2.136e+00  2.142e+00  2.148e+00  2.154e+00  2.161e+00  2.169e+00  2.176e+00  2.184e+00  2.193e+00  2.202e+00  2.212e+00  2.222e+00  2.232e+00  2.243e+00  2.253e+00  2.264e+00  2.285e+00  2.308e+00  2.305e+00  2.314e+00  2.369e+00  2.346e+00  2.377e+00  2.432e+00  2.435e+00  2.458e+00  2.460e+00 	
 2.042e+00  2.045e+00  2.047e+00  2.050e+00  2.052e+00  2.054e+00  2.057e+00  2.061e+00  2.063e+00  2.066e+00  2.069e+00  2.072e+00  2.076e+00  2.080e+00  2.084e+00  2.089e+00  2.093e+00  2.098e+00  2.102e+00  2.105e+00  2.109e+00  2.113e+00  2.117e+00  2.121e+00  2.126e+00  2.132e+00  2.137e+00  2.144e+00  2.150e+00  2.157e+00  2.164e+00  2.172e+00  2.180e+00  2.189e+00  2.198e+00  2.208e+00  2.217e+00  2.227e+00  2.237e+00  2.247e+00  2.260e+00  2.278e+00  2.303e+00  2.312e+00  2.311e+00  2.334e+00  2.369e+00  2.392e+00  2.409e+00  2.415e+00 	
 2.037e+00  2.039e+00  2.041e+00  2.044e+00  2.046e+00  2.048e+00  2.050e+00  2.053e+00  2.056e+00  2.058e+00  2.061e+00  2.064e+00  2.067e+00  2.071e+00  2.075e+00  2.079e+00  2.083e+00  2.086e+00  2.090e+00  2.094e+00  2.097e+00  2.100e+00  2.104e+00  2.108e+00  2.112e+00  2.117e+00  2.122e+00  2.128e+00  2.134e+00  2.140e+00  2.146e+00  2.153e+00  2.160e+00  2.168e+00  2.176e+00  2.185e+00  2.193e+00  2.203e+00  2.213e+00  2.223e+00  2.232e+00  2.243e+00  2.254e+00  2.269e+00  2.285e+00  2.304e+00  2.324e+00  2.344e+00  2.363e+00  2.373e+00 	
 2.032e+00  2.035e+00  2.036e+00  2.038e+00  2.040e+00  2.042e+00  2.044e+00  2.047e+00  2.049e+00  2.051e+00  2.054e+00  2.056e+00  2.059e+00  2.062e+00  2.066e+00  2.069e+00  2.073e+00  2.076e+00  2.080e+00  2.083e+00  2.086e+00  2.089e+00  2.092e+00  2.096e+00  2.100e+00  2.104e+00  2.109e+00  2.114e+00  2.119e+00  2.124e+00  2.130e+00  2.136e+00  2.143e+00  2.150e+00  2.157e+00  2.164e+00  2.172e+00  2.181e+00  2.189e+00  2.199e+00  2.210e+00  2.219e+00  2.228e+00  2.242e+00  2.257e+00  2.273e+00  2.289e+00  2.305e+00  2.322e+00  2.335e+00 	
 2.029e+00  2.030e+00  2.032e+00  2.034e+00  2.035e+00  2.037e+00  2.039e+00  2.041e+00  2.043e+00  2.045e+00  2.047e+00  2.050e+00  2.052e+00  2.055e+00  2.058e+00  2.061e+00  2.064e+00  2.068e+00  2.071e+00  2.073e+00  2.076e+00  2.079e+00  2.082e+00  2.085e+00  2.089e+00  2.092e+00  2.097e+00  2.101e+00  2.106e+00  2.111e+00  2.116e+00  2.121e+00  2.127e+00  2.133e+00  2.140e+00  2.146e+00  2.153e+00  2.161e+00  2.169e+00  2.177e+00  2.186e+00  2.195e+00  2.206e+00  2.215e+00  2.229e+00  2.240e+00  2.255e+00  2.271e+00  2.286e+00  2.300e+00 	
 2.025e+00  2.027e+00  2.028e+00  2.030e+00  2.031e+00  2.033e+00  2.034e+00  2.036e+00  2.038e+00  2.040e+00  2.042e+00  2.044e+00  2.046e+00  2.049e+00  2.051e+00  2.054e+00  2.057e+00  2.060e+00  2.062e+00  2.065e+00  2.067e+00  2.070e+00  2.072e+00  2.075e+00  2.079e+00  2.082e+00  2.086e+00  2.090e+00  2.094e+00  2.098e+00  2.103e+00  2.108e+00  2.113e+00  2.118e+00  2.124e+00  2.130e+00  2.136e+00  2.143e+00  2.150e+00  2.157e+00  2.165e+00  2.174e+00  2.182e+00  2.192e+00  2.202e+00  2.214e+00  2.227e+00  2.241e+00  2.254e+00  2.268e+00 	
 2.022e+00  2.024e+00  2.025e+00  2.026e+00  2.027e+00  2.029e+00  2.030e+00  2.032e+00  2.034e+00  2.035e+00  2.037e+00  2.039e+00  2.041e+00  2.043e+00  2.045e+00  2.048e+00  2.050e+00  2.053e+00  2.055e+00  2.057e+00  2.060e+00  2.062e+00  2.064e+00  2.067e+00  2.070e+00  2.073e+00  2.076e+00  2.080e+00  2.083e+00  2.087e+00  2.091e+00  2.096e+00  2.100e+00  2.105e+00  2.110e+00  2.116e+00  2.121e+00  2.127e+00  2.133e+00  2.140e+00  2.147e+00  2.154e+00  2.162e+00  2.171e+00  2.180e+00  2.190e+00  2.201e+00  2.214e+00  2.226e+00  2.239e+00 	
 2.019e+00  2.021e+00  2.022e+00  2.023e+00  2.024e+00  2.025e+00  2.027e+00  2.028e+00  2.030e+00  2.031e+00  2.032e+00  2.034e+00  2.036e+00  2.038e+00  2.040e+00  2.042e+00  2.044e+00  2.047e+00  2.049e+00  2.051e+00  2.053e+00  2.055e+00  2.057e+00  2.059e+00  2.062e+00  2.065e+00  2.068e+00  2.071e+00  2.074e+00  2.078e+00  2.081e+00  2.085e+00  2.089e+00  2.093e+00  2.098e+00  2.103e+00  2.108e+00  2.113e+00  2.119e+00  2.124e+00  2.131e+00  2.137e+00  2.144e+00  2.152e+00  2.160e+00  2.169e+00  2.179e+00  2.190e+00  2.200e+00  2.213e+00 	
 2.017e+00  2.018e+00  2.019e+00  2.020e+00  2.021e+00  2.022e+00  2.023e+00  2.025e+00  2.026e+00  2.027e+00  2.029e+00  2.030e+00  2.032e+00  2.033e+00  2.035e+00  2.037e+00  2.039e+00  2.041e+00  2.043e+00  2.045e+00  2.047e+00  2.048e+00  2.050e+00  2.053e+00  2.055e+00  2.057e+00  2.060e+00  2.063e+00  2.066e+00  2.069e+00  2.072e+00  2.076e+00  2.079e+00  2.083e+00  2.087e+00  2.091e+00  2.096e+00  2.100e+00  2.105e+00  2.111e+00  2.116e+00  2.122e+00  2.128e+00  2.135e+00  2.142e+00  2.150e+00  2.158e+00  2.168e+00  2.178e+00  2.189e+00 	
 2.015e+00  2.016e+00  2.017e+00  2.018e+00  2.019e+00  2.020e+00  2.021e+00  2.022e+00  2.023e+00  2.024e+00  2.025e+00  2.026e+00  2.028e+00  2.029e+00  2.031e+00  2.033e+00  2.034e+00  2.036e+00  2.038e+00  2.040e+00  2.041e+00  2.043e+00  2.045e+00  2.046e+00  2.049e+00  2.051e+00  2.053e+00  2.056e+00  2.058e+00  2.061e+00  2.064e+00  2.067e+00  2.070e+00  2.074e+00  2.077e+00  2.081e+00  2.085e+00  2.089e+00  2.094e+00  2.098e+00  2.103e+00  2.108e+00  2.114e+00  2.120e+00  2.126e+00  2.133e+00  2.141e+00  2.149e+00  2.158e+00  2.168e+00 	
 2.013e+00  2.014e+00  2.015e+00  2.016e+00  2.016e+00  2.017e+00  2.018e+00  2.019e+00  2.020e+00  2.021e+00  2.022e+00  2.023e+00  2.024e+00  2.026e+00  2.027e+00  2.029e+00  2.030e+00  2.032e+00  2.033e+00  2.035e+00  2.036e+00  2.038e+00  2.039e+00  2.041e+00  2.043e+00  2.045e+00  2.047e+00  2.049e+00  2.052e+00  2.054e+00  2.057e+00  2.059e+00  2.062e+00  2.065e+00  2.069e+00  2.072e+00  2.075e+00  2.079e+00  2.083e+00  2.087e+00  2.092e+00  2.096e+00  2.101e+00  2.106e+00  2.112e+00  2.118e+00  2.125e+00  2.132e+00  2.140e+00  2.149e+00 	
