 5.398e-03  4.974e-03  4.410e-03  3.916e-03  3.421e-03  2.819e-03  2.302e-03  2.023e-03  1.823e-03  1.592e-03  1.341e-03  1.070e-03  8.535e-04  6.896e-04  5.750e-04  4.945e-04  4.285e-04  3.799e-04  3.472e-04  3.246e-04  3.075e-04  2.872e-04  2.679e-04  2.448e-04  2.222e-04  2.025e-04  1.768e-04  1.535e-04  1.356e-04  1.167e-04  1.031e-04  8.754e-05  7.550e-05  6.320e-05  5.329e-05  4.297e-05  3.555e-05  3.009e-05  2.334e-05  2.000e-05  1.536e-05  1.162e-05  8.778e-06  5.940e-06  4.253e-06  2.466e-06  1.315e-06  5.643e-07  1.816e-07  6.789e-08 	
 9.367e-03  8.637e-03  7.663e-03  6.812e-03  5.953e-03  4.914e-03  4.017e-03  3.532e-03  3.185e-03  2.783e-03  2.346e-03  1.873e-03  1.495e-03  1.208e-03  1.008e-03  8.669e-04  7.515e-04  6.663e-04  6.090e-04  5.696e-04  5.395e-04  5.042e-04  4.705e-04  4.300e-04  3.901e-04  3.555e-04  3.105e-04  2.695e-04  2.382e-04  2.049e-04  1.811e-04  1.538e-04  1.326e-04  1.111e-04  9.360e-05  7.550e-05  6.245e-05  5.288e-05  4.101e-05  3.515e-05  2.700e-05  2.041e-05  1.543e-05  1.044e-05  7.475e-06  4.334e-06  2.312e-06  9.914e-07  3.191e-07  1.193e-07 	
 1.615e-02  1.490e-02  1.324e-02  1.178e-02  1.031e-02  8.528e-03  6.982e-03  6.149e-03  5.546e-03  4.851e-03  4.091e-03  3.271e-03  2.614e-03  2.114e-03  1.765e-03  1.518e-03  1.316e-03  1.167e-03  1.067e-03  9.983e-04  9.457e-04  8.840e-04  8.248e-04  7.545e-04  6.847e-04  6.241e-04  5.452e-04  4.733e-04  4.183e-04  3.599e-04  3.180e-04  2.702e-04  2.330e-04  1.951e-04  1.645e-04  1.327e-04  1.097e-04  9.290e-05  7.206e-05  6.177e-05  4.745e-05  3.587e-05  2.711e-05  1.835e-05  1.314e-05  7.621e-06  4.063e-06  1.742e-06  5.609e-07  2.097e-07 	
 2.755e-02  2.547e-02  2.267e-02  2.021e-02  1.773e-02  1.470e-02  1.207e-02  1.064e-02  9.613e-03  8.418e-03  7.117e-03  5.696e-03  4.558e-03  3.691e-03  3.083e-03  2.654e-03  2.302e-03  2.042e-03  1.868e-03  1.748e-03  1.656e-03  1.549e-03  1.446e-03  1.322e-03  1.201e-03  1.095e-03  9.566e-04  8.307e-04  7.344e-04  6.319e-04  5.585e-04  4.744e-04  4.092e-04  3.428e-04  2.890e-04  2.332e-04  1.929e-04  1.632e-04  1.266e-04  1.085e-04  8.340e-05  6.303e-05  4.766e-05  3.225e-05  2.310e-05  1.339e-05  7.140e-06  3.063e-06  9.857e-07  3.686e-07 	
 4.629e-02  4.290e-02  3.830e-02  3.425e-02  3.014e-02  2.510e-02  2.069e-02  1.829e-02  1.653e-02  1.451e-02  1.230e-02  9.878e-03  7.917e-03  6.423e-03  5.369e-03  4.627e-03  4.017e-03  3.565e-03  3.262e-03  3.053e-03  2.894e-03  2.709e-03  2.530e-03  2.315e-03  2.103e-03  1.919e-03  1.677e-03  1.457e-03  1.288e-03  1.109e-03  9.803e-04  8.329e-04  7.188e-04  6.019e-04  5.075e-04  4.094e-04  3.388e-04  2.868e-04  2.224e-04  1.907e-04  1.465e-04  1.108e-04  8.371e-05  5.665e-05  4.058e-05  2.352e-05  1.255e-05  5.381e-06  1.732e-06  6.474e-07 	
 7.593e-02  7.070e-02  6.344e-02  5.696e-02  5.035e-02  4.222e-02  3.502e-02  3.104e-02  2.814e-02  2.477e-02  2.108e-02  1.699e-02  1.367e-02  1.111e-02  9.310e-03  8.032e-03  6.978e-03  6.200e-03  5.677e-03  5.317e-03  5.044e-03  4.726e-03  4.418e-03  4.046e-03  3.679e-03  3.357e-03  2.937e-03  2.553e-03  2.258e-03  1.945e-03  1.719e-03  1.462e-03  1.261e-03  1.057e-03  8.912e-04  7.190e-04  5.951e-04  5.037e-04  3.909e-04  3.351e-04  2.574e-04  1.946e-04  1.471e-04  9.953e-05  7.130e-05  4.134e-05  2.205e-05  9.459e-06  3.045e-06  1.139e-06 	
 1.203e-01  1.128e-01  1.020e-01  9.218e-02  8.203e-02  6.945e-02  5.812e-02  5.176e-02  4.707e-02  4.166e-02  3.565e-02  2.892e-02  2.338e-02  1.908e-02  1.603e-02  1.385e-02  1.206e-02  1.073e-02  9.829e-03  9.215e-03  8.752e-03  8.209e-03  7.684e-03  7.046e-03  6.414e-03  5.860e-03  5.131e-03  4.463e-03  3.952e-03  3.406e-03  3.013e-03  2.562e-03  2.212e-03  1.854e-03  1.564e-03  1.262e-03  1.045e-03  8.846e-04  6.864e-04  5.885e-04  4.521e-04  3.419e-04  2.584e-04  1.749e-04  1.253e-04  7.265e-05  3.876e-05  1.662e-05  5.351e-06  2.000e-06 	
 1.810e-01  1.717e-01  1.571e-01  1.434e-01  1.289e-01  1.106e-01  9.379e-02  8.412e-02  7.689e-02  6.851e-02  5.911e-02  4.839e-02  3.943e-02  3.236e-02  2.730e-02  2.367e-02  2.065e-02  1.840e-02  1.688e-02  1.586e-02  1.508e-02  1.418e-02  1.330e-02  1.222e-02  1.114e-02  1.020e-02  8.941e-03  7.788e-03  6.902e-03  5.951e-03  5.269e-03  4.484e-03  3.873e-03  3.248e-03  2.741e-03  2.214e-03  1.833e-03  1.552e-03  1.205e-03  1.033e-03  7.939e-04  6.006e-04  4.541e-04  3.074e-04  2.201e-04  1.277e-04  6.810e-05  2.921e-05  9.403e-06  3.515e-06 	
 2.535e-01  2.448e-01  2.280e-01  2.113e-01  1.927e-01  1.685e-01  1.454e-01  1.317e-01  1.213e-01  1.091e-01  9.524e-02  7.900e-02  6.509e-02  5.389e-02  4.574e-02  3.983e-02  3.489e-02  3.119e-02  2.868e-02  2.697e-02  2.572e-02  2.425e-02  2.281e-02  2.102e-02  1.922e-02  1.763e-02  1.549e-02  1.352e-02  1.200e-02  1.037e-02  9.186e-03  7.829e-03  6.769e-03  5.682e-03  4.799e-03  3.878e-03  3.212e-03  2.722e-03  2.113e-03  1.813e-03  1.394e-03  1.054e-03  7.972e-04  5.399e-04  3.866e-04  2.243e-04  1.196e-04  5.133e-05  1.653e-05  6.179e-06 	
 3.238e-01  3.204e-01  3.060e-01  2.898e-01  2.696e-01  2.415e-01  2.135e-01  1.961e-01  1.823e-01  1.661e-01  1.473e-01  1.245e-01  1.042e-01  8.734e-02  7.482e-02  6.560e-02  5.780e-02  5.188e-02  4.788e-02  4.515e-02  4.319e-02  4.089e-02  3.863e-02  3.573e-02  3.280e-02  3.020e-02  2.663e-02  2.331e-02  2.075e-02  1.796e-02  1.595e-02  1.361e-02  1.179e-02  9.910e-03  8.379e-03  6.779e-03  5.620e-03  4.766e-03  3.703e-03  3.178e-03  2.444e-03  1.850e-03  1.399e-03  9.478e-04  6.790e-04  3.939e-04  2.102e-04  9.019e-05  2.904e-05  1.086e-05 	
 3.743e-01  3.803e-01  3.742e-01  3.644e-01  3.475e-01  3.204e-01  2.920e-01  2.734e-01  2.575e-01  2.383e-01  2.157e-01  1.867e-01  1.597e-01  1.362e-01  1.183e-01  1.047e-01  9.298e-02  8.400e-02  7.784e-02  7.371e-02  7.081e-02  6.749e-02  6.411e-02  5.967e-02  5.509e-02  5.097e-02  4.519e-02  3.974e-02  3.550e-02  3.085e-02  2.749e-02  2.352e-02  2.043e-02  1.720e-02  1.457e-02  1.181e-02  9.807e-03  8.325e-03  6.476e-03  5.561e-03  4.281e-03  3.243e-03  2.454e-03  1.663e-03  1.192e-03  6.917e-04  3.692e-04  1.585e-04  5.101e-05  1.908e-05 	
 4.025e-01  4.133e-01  4.172e-01  4.180e-01  4.108e-01  3.907e-01  3.675e-01  3.524e-01  3.375e-01  3.180e-01  2.946e-01  2.628e-01  2.310e-01  2.017e-01  1.782e-01  1.598e-01  1.436e-01  1.308e-01  1.220e-01  1.161e-01  1.122e-01  1.078e-01  1.033e-01  9.698e-02  9.027e-02  8.416e-02  7.519e-02  6.660e-02  5.983e-02  5.230e-02  4.677e-02  4.025e-02  3.506e-02  2.965e-02  2.518e-02  2.047e-02  1.704e-02  1.449e-02  1.129e-02  9.709e-03  7.484e-03  5.675e-03  4.299e-03  2.916e-03  2.091e-03  1.214e-03  6.483e-04  2.784e-04  8.964e-05  3.352e-05 	
 4.296e-01  4.333e-01  4.352e-01  4.412e-01  4.456e-01  4.391e-01  4.262e-01  4.188e-01  4.095e-01  3.927e-01  3.714e-01  3.421e-01  3.105e-01  2.793e-01  2.524e-01  2.302e-01  2.099e-01  1.935e-01  1.818e-01  1.742e-01  1.696e-01  1.647e-01  1.596e-01  1.515e-01  1.427e-01  1.344e-01  1.214e-01  1.087e-01  9.848e-02  8.682e-02  7.817e-02  6.773e-02  5.935e-02  5.044e-02  4.307e-02  3.516e-02  2.938e-02  2.506e-02  1.959e-02  1.688e-02  1.304e-02  9.906e-03  7.514e-03  5.104e-03  3.664e-03  2.130e-03  1.138e-03  4.887e-04  1.574e-04  5.889e-05 	
 4.560e-01  4.598e-01  4.564e-01  4.539e-01  4.534e-01  4.542e-01  4.542e-01  4.586e-01  4.616e-01  4.546e-01  4.377e-01  4.124e-01  3.856e-01  3.575e-01  3.318e-01  3.090e-01  2.868e-01  2.679e-01  2.540e-01  2.452e-01  2.409e-01  2.371e-01  2.330e-01  2.247e-01  2.146e-01  2.049e-01  1.880e-01  1.706e-01  1.564e-01  1.397e-01  1.270e-01  1.111e-01  9.823e-02  8.427e-02  7.244e-02  5.962e-02  5.007e-02  4.289e-02  3.372e-02  2.913e-02  2.259e-02  1.722e-02  1.309e-02  8.912e-03  6.407e-03  3.731e-03  1.996e-03  8.579e-04  2.765e-04  1.035e-04 	
 4.735e-01  4.754e-01  4.746e-01  4.746e-01  4.698e-01  4.618e-01  4.578e-01  4.624e-01  4.723e-01  4.828e-01  4.856e-01  4.710e-01  4.493e-01  4.263e-01  4.048e-01  3.847e-01  3.638e-01  3.447e-01  3.295e-01  3.200e-01  3.169e-01  3.167e-01  3.167e-01  3.112e-01  3.028e-01  2.941e-01  2.748e-01  2.541e-01  2.367e-01  2.148e-01  1.978e-01  1.757e-01  1.573e-01  1.366e-01  1.188e-01  9.884e-02  8.379e-02  7.228e-02  5.726e-02  4.974e-02  3.878e-02  2.971e-02  2.268e-02  1.550e-02  1.117e-02  6.519e-03  3.494e-03  1.504e-03  4.852e-04  1.817e-04 	
 4.914e-01  4.929e-01  4.881e-01  4.842e-01  4.802e-01  4.762e-01  4.734e-01  4.715e-01  4.690e-01  4.701e-01  4.806e-01  4.905e-01  4.904e-01  4.802e-01  4.671e-01  4.527e-01  4.351e-01  4.170e-01  4.000e-01  3.868e-01  3.824e-01  3.871e-01  3.951e-01  3.974e-01  3.955e-01  3.922e-01  3.751e-01  3.542e-01  3.362e-01  3.113e-01  2.914e-01  2.640e-01  2.401e-01  2.123e-01  1.874e-01  1.586e-01  1.362e-01  1.187e-01  9.528e-02  8.335e-02  6.563e-02  5.066e-02  3.892e-02  2.678e-02  1.939e-02  1.136e-02  6.111e-03  2.635e-03  8.513e-04  3.189e-04 	
 5.071e-01  5.068e-01  5.022e-01  4.997e-01  4.930e-01  4.830e-01  4.796e-01  4.819e-01  4.815e-01  4.768e-01  4.719e-01  4.712e-01  4.773e-01  4.851e-01  4.918e-01  4.951e-01  4.926e-01  4.852e-01  4.736e-01  4.572e-01  4.399e-01  4.345e-01  4.465e-01  4.610e-01  4.730e-01  4.818e-01  4.729e-01  4.579e-01  4.438e-01  4.204e-01  4.009e-01  3.716e-01  3.448e-01  3.115e-01  2.807e-01  2.428e-01  2.123e-01  1.879e-01  1.536e-01  1.358e-01  1.085e-01  8.485e-02  6.589e-02  4.579e-02  3.336e-02  1.971e-02  1.064e-02  4.609e-03  1.492e-03  5.595e-04 	
 5.214e-01  5.208e-01  5.164e-01  5.129e-01  5.056e-01  4.968e-01  4.934e-01  4.920e-01  4.874e-01  4.808e-01  4.763e-01  4.758e-01  4.735e-01  4.707e-01  4.720e-01  4.796e-01  4.911e-01  5.036e-01  5.148e-01  5.239e-01  5.245e-01  5.062e-01  4.844e-01  4.856e-01  5.089e-01  5.379e-01  5.468e-01  5.456e-01  5.418e-01  5.261e-01  5.121e-01  4.860e-01  4.606e-01  4.266e-01  3.933e-01  3.495e-01  3.127e-01  2.821e-01  2.367e-01  2.123e-01  1.733e-01  1.381e-01  1.089e-01  7.695e-02  5.669e-02  3.387e-02  1.845e-02  8.037e-03  2.611e-03  9.805e-04 	
 5.343e-01  5.338e-01  5.293e-01  5.257e-01  5.191e-01  5.106e-01  5.060e-01  5.057e-01  5.034e-01  4.951e-01  4.836e-01  4.758e-01  4.746e-01  4.770e-01  4.767e-01  4.740e-01  4.717e-01  4.734e-01  4.807e-01  4.959e-01  5.260e-01  5.677e-01  5.873e-01  5.646e-01  5.316e-01  5.407e-01  5.687e-01  5.922e-01  6.090e-01  6.091e-01  6.063e-01  5.897e-01  5.713e-01  5.421e-01  5.122e-01  4.683e-01  4.299e-01  3.968e-01  3.433e-01  3.139e-01  2.635e-01  2.156e-01  1.739e-01  1.259e-01  9.436e-02  5.746e-02  3.173e-02  1.395e-02  4.559e-03  1.717e-03 	
 5.461e-01  5.457e-01  5.410e-01  5.378e-01  5.316e-01  5.234e-01  5.195e-01  5.198e-01  5.171e-01  5.097e-01  5.008e-01  4.925e-01  4.852e-01  4.814e-01  4.806e-01  4.817e-01  4.812e-01  4.776e-01  4.716e-01  4.648e-01  4.611e-01  4.745e-01  5.325e-01  6.118e-01  6.504e-01  6.305e-01  5.834e-01  5.807e-01  6.171e-01  6.455e-01  6.642e-01  6.651e-01  6.595e-01  6.411e-01  6.196e-01  5.825e-01  5.486e-01  5.183e-01  4.638e-01  4.333e-01  3.761e-01  3.181e-01  2.643e-01  1.982e-01  1.522e-01  9.543e-02  5.383e-02  2.405e-02  7.933e-03  2.999e-03 	
 5.568e-01  5.563e-01  5.518e-01  5.490e-01  5.429e-01  5.351e-01  5.316e-01  5.321e-01  5.296e-01  5.235e-01  5.158e-01  5.079e-01  5.017e-01  4.991e-01  4.970e-01  4.941e-01  4.915e-01  4.901e-01  4.866e-01  4.771e-01  4.616e-01  4.504e-01  4.497e-01  4.577e-01  5.270e-01  6.528e-01  7.064e-01  6.883e-01  6.372e-01  6.231e-01  6.586e-01  6.907e-01  7.084e-01  7.082e-01  7.007e-01  6.762e-01  6.519e-01  6.295e-01  5.817e-01  5.552e-01  4.991e-01  4.379e-01  3.771e-01  2.956e-01  2.348e-01  1.535e-01  8.943e-02  4.097e-02  1.372e-02  5.224e-03 	
 5.663e-01  5.659e-01  5.617e-01  5.588e-01  5.534e-01  5.457e-01  5.429e-01  5.433e-01  5.414e-01  5.355e-01  5.280e-01  5.212e-01  5.166e-01  5.139e-01  5.121e-01  5.119e-01  5.110e-01  5.089e-01  5.063e-01  5.022e-01  4.925e-01  4.707e-01  4.403e-01  4.343e-01  4.571e-01  4.645e-01  5.212e-01  6.657e-01  7.478e-01  7.440e-01  6.953e-01  6.640e-01  6.923e-01  7.229e-01  7.408e-01  7.355e-01  7.264e-01  7.161e-01  6.808e-01  6.627e-01  6.151e-01  5.598e-01  5.001e-01  4.122e-01  3.411e-01  2.357e-01  1.441e-01  6.861e-02  2.356e-02  9.056e-03 	
 5.748e-01  5.745e-01  5.706e-01  5.678e-01  5.625e-01  5.556e-01  5.529e-01  5.537e-01  5.520e-01  5.466e-01  5.396e-01  5.331e-01  5.286e-01  5.266e-01  5.256e-01  5.255e-01  5.246e-01  5.242e-01  5.244e-01  5.222e-01  5.191e-01  5.138e-01  4.991e-01  4.719e-01  4.262e-01  4.165e-01  4.783e-01  4.903e-01  5.158e-01  6.702e-01  7.773e-01  7.908e-01  7.487e-01  7.016e-01  7.165e-01  7.406e-01  7.580e-01  7.675e-01  7.496e-01  7.431e-01  7.094e-01  6.663e-01  6.160e-01  5.340e-01  4.616e-01  3.409e-01  2.219e-01  1.118e-01  3.991e-02  1.559e-02 	
 5.824e-01  5.822e-01  5.784e-01  5.759e-01  5.709e-01  5.643e-01  5.621e-01  5.630e-01  5.616e-01  5.565e-01  5.501e-01  5.441e-01  5.401e-01  5.383e-01  5.375e-01  5.376e-01  5.370e-01  5.371e-01  5.361e-01  5.335e-01  5.301e-01  5.268e-01  5.281e-01  5.317e-01  5.166e-01  4.827e-01  4.263e-01  3.963e-01  4.930e-01  5.344e-01  5.310e-01  6.569e-01  7.939e-01  8.230e-01  7.931e-01  7.344e-01  7.282e-01  7.643e-01  7.747e-01  7.880e-01  7.723e-01  7.458e-01  7.104e-01  6.430e-01  5.799e-01  4.593e-01  3.224e-01  1.754e-01  6.629e-02  2.654e-02 	
 5.890e-01  5.892e-01  5.856e-01  5.832e-01  5.785e-01  5.721e-01  5.703e-01  5.715e-01  5.704e-01  5.656e-01  5.593e-01  5.542e-01  5.503e-01  5.490e-01  5.486e-01  5.490e-01  5.488e-01  5.488e-01  5.483e-01  5.465e-01  5.423e-01  5.336e-01  5.252e-01  5.273e-01  5.381e-01  5.574e-01  5.399e-01  5.019e-01  4.488e-01  3.827e-01  4.893e-01  5.828e-01  5.695e-01  6.287e-01  7.950e-01  8.387e-01  8.235e-01  7.752e-01  7.454e-01  7.782e-01  7.910e-01  7.887e-01  7.727e-01  7.262e-01  6.797e-01  5.741e-01  4.363e-01  2.611e-01  1.070e-01  4.446e-02 	
 5.948e-01  5.951e-01  5.916e-01  5.897e-01  5.852e-01  5.792e-01  5.775e-01  5.789e-01  5.780e-01  5.737e-01  5.679e-01  5.632e-01  5.596e-01  5.586e-01  5.585e-01  5.591e-01  5.593e-01  5.595e-01  5.596e-01  5.581e-01  5.546e-01  5.489e-01  5.424e-01  5.318e-01  5.175e-01  5.288e-01  5.496e-01  5.802e-01  5.693e-01  5.291e-01  4.824e-01  3.859e-01  4.651e-01  6.160e-01  6.142e-01  6.095e-01  7.721e-01  8.537e-01  8.453e-01  8.074e-01  7.668e-01  7.767e-01  7.902e-01  7.718e-01  7.483e-01  6.685e-01  5.477e-01  3.634e-01  1.656e-01  7.266e-02 	
 6.000e-01  6.003e-01  5.974e-01  5.954e-01  5.911e-01  5.854e-01  5.841e-01  5.856e-01  5.851e-01  5.810e-01  5.755e-01  5.709e-01  5.680e-01  5.674e-01  5.675e-01  5.682e-01  5.687e-01  5.692e-01  5.697e-01  5.686e-01  5.655e-01  5.597e-01  5.536e-01  5.496e-01  5.455e-01  5.319e-01  5.118e-01  5.264e-01  5.615e-01  6.042e-01  6.034e-01  5.624e-01  5.068e-01  4.156e-01  4.302e-01  6.186e-01  6.506e-01  6.342e-01  7.494e-01  8.578e-01  8.628e-01  8.189e-01  7.734e-01  7.624e-01  7.716e-01  7.270e-01  6.373e-01  4.687e-01  2.422e-01  1.145e-01 	
 6.043e-01  6.052e-01  6.019e-01  6.004e-01  5.964e-01  5.910e-01  5.899e-01  5.918e-01  5.912e-01  5.874e-01  5.823e-01  5.782e-01  5.755e-01  5.751e-01  5.756e-01  5.766e-01  5.772e-01  5.781e-01  5.786e-01  5.778e-01  5.752e-01  5.703e-01  5.649e-01  5.589e-01  5.520e-01  5.498e-01  5.522e-01  5.363e-01  5.155e-01  5.208e-01  5.777e-01  6.199e-01  6.340e-01  5.920e-01  5.314e-01  4.690e-01  4.126e-01  6.144e-01  6.844e-01  6.695e-01  7.284e-01  8.481e-01  8.626e-01  8.112e-01  7.619e-01  7.317e-01  6.849e-01  5.556e-01  3.292e-01  1.710e-01 	
 6.082e-01  6.092e-01  6.062e-01  6.049e-01  6.009e-01  5.958e-01  5.951e-01  5.968e-01  5.967e-01  5.931e-01  5.884e-01  5.845e-01  5.821e-01  5.819e-01  5.827e-01  5.840e-01  5.850e-01  5.860e-01  5.869e-01  5.863e-01  5.840e-01  5.796e-01  5.746e-01  5.692e-01  5.643e-01  5.587e-01  5.494e-01  5.501e-01  5.614e-01  5.456e-01  5.267e-01  5.155e-01  5.946e-01  6.264e-01  6.663e-01  6.165e-01  5.602e-01  5.160e-01  4.157e-01  5.796e-01  7.117e-01  6.904e-01  7.155e-01  8.277e-01  8.447e-01  7.719e-01  6.913e-01  6.009e-01  4.087e-01  2.374e-01 	
 6.115e-01  6.126e-01  6.101e-01  6.087e-01  6.051e-01  6.002e-01  5.994e-01  6.016e-01  6.014e-01  5.981e-01  5.939e-01  5.902e-01  5.880e-01  5.881e-01  5.891e-01  5.905e-01  5.919e-01  5.930e-01  5.941e-01  5.940e-01  5.919e-01  5.879e-01  5.834e-01  5.785e-01  5.740e-01  5.674e-01  5.632e-01  5.610e-01  5.495e-01  5.506e-01  5.687e-01  5.649e-01  5.362e-01  5.202e-01  5.978e-01  6.319e-01  6.831e-01  6.395e-01  5.835e-01  5.366e-01  4.307e-01  5.427e-01  7.165e-01  6.941e-01  7.162e-01  8.020e-01  7.641e-01  6.349e-01  4.636e-01  3.008e-01 	
 6.143e-01  6.156e-01  6.131e-01  6.120e-01  6.086e-01  6.037e-01  6.034e-01  6.057e-01  6.058e-01  6.027e-01  5.985e-01  5.950e-01  5.933e-01  5.936e-01  5.946e-01  5.965e-01  5.980e-01  5.993e-01  6.006e-01  6.006e-01  5.990e-01  5.953e-01  5.910e-01  5.869e-01  5.823e-01  5.766e-01  5.730e-01  5.669e-01  5.622e-01  5.645e-01  5.530e-01  5.496e-01  5.765e-01  5.889e-01  5.458e-01  5.352e-01  5.748e-01  6.525e-01  6.853e-01  6.522e-01  5.981e-01  5.304e-01  4.494e-01  5.313e-01  7.098e-01  6.805e-01  7.041e-01  6.895e-01  5.123e-01  3.488e-01 	
 6.165e-01  6.180e-01  6.160e-01  6.149e-01  6.117e-01  6.071e-01  6.068e-01  6.093e-01  6.096e-01  6.065e-01  6.025e-01  5.995e-01  5.980e-01  5.984e-01  5.996e-01  6.016e-01  6.033e-01  6.050e-01  6.063e-01  6.066e-01  6.052e-01  6.018e-01  5.979e-01  5.941e-01  5.899e-01  5.849e-01  5.811e-01  5.756e-01  5.727e-01  5.678e-01  5.606e-01  5.694e-01  5.610e-01  5.512e-01  5.868e-01  6.008e-01  5.597e-01  5.530e-01  5.697e-01  6.701e-01  6.843e-01  6.529e-01  5.786e-01  5.038e-01  4.675e-01  5.776e-01  6.663e-01  6.210e-01  5.414e-01  3.820e-01 	
 6.186e-01  6.203e-01  6.183e-01  6.174e-01  6.143e-01  6.099e-01  6.098e-01  6.124e-01  6.127e-01  6.099e-01  6.062e-01  6.034e-01  6.018e-01  6.027e-01  6.040e-01  6.062e-01  6.080e-01  6.099e-01  6.114e-01  6.120e-01  6.106e-01  6.077e-01  6.041e-01  6.007e-01  5.967e-01  5.924e-01  5.884e-01  5.841e-01  5.803e-01  5.748e-01  5.719e-01  5.717e-01  5.609e-01  5.749e-01  5.729e-01  5.556e-01  5.839e-01  6.071e-01  5.776e-01  5.546e-01  5.776e-01  6.688e-01  6.722e-01  6.229e-01  5.229e-01  4.734e-01  5.015e-01  5.973e-01  5.324e-01  4.110e-01 	
 6.203e-01  6.223e-01  6.202e-01  6.195e-01  6.164e-01  6.123e-01  6.124e-01  6.150e-01  6.155e-01  6.130e-01  6.092e-01  6.067e-01  6.052e-01  6.063e-01  6.081e-01  6.102e-01  6.122e-01  6.143e-01  6.160e-01  6.166e-01  6.158e-01  6.128e-01  6.095e-01  6.063e-01  6.028e-01  5.986e-01  5.950e-01  5.914e-01  5.870e-01  5.832e-01  5.795e-01  5.761e-01  5.709e-01  5.774e-01  5.628e-01  5.752e-01  5.814e-01  5.614e-01  5.793e-01  6.129e-01  5.950e-01  5.478e-01  5.848e-01  6.527e-01  6.428e-01  5.260e-01  4.338e-01  4.905e-01  5.171e-01  4.351e-01 	
 6.216e-01  6.238e-01  6.220e-01  6.216e-01  6.184e-01  6.143e-01  6.146e-01  6.174e-01  6.182e-01  6.157e-01  6.119e-01  6.095e-01  6.083e-01  6.096e-01  6.116e-01  6.138e-01  6.160e-01  6.181e-01  6.200e-01  6.209e-01  6.201e-01  6.174e-01  6.143e-01  6.113e-01  6.080e-01  6.044e-01  6.009e-01  5.976e-01  5.938e-01  5.902e-01  5.860e-01  5.837e-01  5.776e-01  5.794e-01  5.690e-01  5.803e-01  5.657e-01  5.760e-01  5.866e-01  5.655e-01  5.799e-01  6.117e-01  5.854e-01  5.359e-01  5.925e-01  6.154e-01  5.271e-01  4.281e-01  4.855e-01  4.507e-01 	
 6.225e-01  6.249e-01  6.234e-01  6.229e-01  6.201e-01  6.159e-01  6.164e-01  6.195e-01  6.202e-01  6.177e-01  6.144e-01  6.120e-01  6.110e-01  6.125e-01  6.144e-01  6.168e-01  6.193e-01  6.215e-01  6.234e-01  6.245e-01  6.237e-01  6.213e-01  6.185e-01  6.158e-01  6.130e-01  6.092e-01  6.063e-01  6.031e-01  5.996e-01  5.964e-01  5.934e-01  5.890e-01  5.853e-01  5.844e-01  5.767e-01  5.816e-01  5.695e-01  5.842e-01  5.691e-01  5.756e-01  5.935e-01  5.609e-01  5.803e-01  5.945e-01  5.470e-01  5.349e-01  5.652e-01  4.752e-01  4.585e-01  4.646e-01 	
 6.235e-01  6.259e-01  6.243e-01  6.241e-01  6.216e-01  6.174e-01  6.178e-01  6.211e-01  6.221e-01  6.195e-01  6.163e-01  6.141e-01  6.133e-01  6.147e-01  6.171e-01  6.198e-01  6.221e-01  6.244e-01  6.268e-01  6.276e-01  6.271e-01  6.249e-01  6.223e-01  6.196e-01  6.170e-01  6.135e-01  6.108e-01  6.078e-01  6.048e-01  6.017e-01  5.987e-01  5.953e-01  5.922e-01  5.881e-01  5.855e-01  5.836e-01  5.768e-01  5.844e-01  5.688e-01  5.868e-01  5.740e-01  5.724e-01  5.862e-01  5.489e-01  5.774e-01  5.454e-01  5.116e-01  5.181e-01  4.626e-01  4.778e-01 	
 6.241e-01  6.267e-01  6.255e-01  6.252e-01  6.226e-01  6.188e-01  6.191e-01  6.226e-01  6.236e-01  6.213e-01  6.180e-01  6.158e-01  6.152e-01  6.168e-01  6.191e-01  6.220e-01  6.246e-01  6.271e-01  6.295e-01  6.305e-01  6.300e-01  6.278e-01  6.255e-01  6.230e-01  6.204e-01  6.174e-01  6.149e-01  6.122e-01  6.094e-01  6.064e-01  6.039e-01  6.004e-01  5.976e-01  5.946e-01  5.909e-01  5.874e-01  5.866e-01  5.827e-01  5.777e-01  5.840e-01  5.706e-01  5.822e-01  5.673e-01  5.671e-01  5.613e-01  5.438e-01  5.336e-01  5.039e-01  4.840e-01  4.906e-01 	
 6.249e-01  6.274e-01  6.261e-01  6.262e-01  6.236e-01  6.197e-01  6.203e-01  6.237e-01  6.247e-01  6.226e-01  6.196e-01  6.173e-01  6.170e-01  6.188e-01  6.211e-01  6.242e-01  6.267e-01  6.294e-01  6.318e-01  6.328e-01  6.326e-01  6.307e-01  6.284e-01  6.261e-01  6.237e-01  6.207e-01  6.184e-01  6.158e-01  6.133e-01  6.105e-01  6.082e-01  6.051e-01  6.024e-01  5.996e-01  5.965e-01  5.936e-01  5.899e-01  5.872e-01  5.860e-01  5.807e-01  5.776e-01  5.806e-01  5.664e-01  5.738e-01  5.519e-01  5.560e-01  5.291e-01  5.161e-01  4.979e-01  5.031e-01 	
 6.252e-01  6.280e-01  6.267e-01  6.267e-01  6.244e-01  6.204e-01  6.212e-01  6.246e-01  6.259e-01  6.238e-01  6.208e-01  6.187e-01  6.183e-01  6.200e-01  6.226e-01  6.259e-01  6.287e-01  6.314e-01  6.337e-01  6.350e-01  6.348e-01  6.328e-01  6.308e-01  6.287e-01  6.263e-01  6.235e-01  6.215e-01  6.192e-01  6.165e-01  6.143e-01  6.121e-01  6.093e-01  6.068e-01  6.040e-01  6.011e-01  5.986e-01  5.955e-01  5.918e-01  5.887e-01  5.870e-01  5.853e-01  5.782e-01  5.730e-01  5.740e-01  5.606e-01  5.519e-01  5.442e-01  5.242e-01  5.075e-01  5.149e-01 	
 6.256e-01  6.284e-01  6.273e-01  6.273e-01  6.250e-01  6.213e-01  6.221e-01  6.254e-01  6.270e-01  6.249e-01  6.218e-01  6.200e-01  6.195e-01  6.215e-01  6.242e-01  6.272e-01  6.302e-01  6.329e-01  6.355e-01  6.371e-01  6.368e-01  6.349e-01  6.328e-01  6.310e-01  6.289e-01  6.260e-01  6.241e-01  6.218e-01  6.197e-01  6.173e-01  6.154e-01  6.128e-01  6.105e-01  6.080e-01  6.054e-01  6.030e-01  6.006e-01  5.969e-01  5.939e-01  5.903e-01  5.872e-01  5.840e-01  5.815e-01  5.749e-01  5.657e-01  5.567e-01  5.486e-01  5.348e-01  5.175e-01  5.255e-01 	
 6.258e-01  6.289e-01  6.278e-01  6.278e-01  6.254e-01  6.217e-01  6.227e-01  6.264e-01  6.276e-01  6.257e-01  6.226e-01  6.207e-01  6.205e-01  6.224e-01  6.251e-01  6.284e-01  6.314e-01  6.346e-01  6.371e-01  6.384e-01  6.384e-01  6.368e-01  6.346e-01  6.328e-01  6.309e-01  6.283e-01  6.264e-01  6.243e-01  6.221e-01  6.200e-01  6.183e-01  6.159e-01  6.139e-01  6.115e-01  6.091e-01  6.069e-01  6.047e-01  6.017e-01  5.990e-01  5.956e-01  5.921e-01  5.876e-01  5.834e-01  5.783e-01  5.727e-01  5.648e-01  5.549e-01  5.419e-01  5.262e-01  5.352e-01 	
 6.262e-01  6.289e-01  6.281e-01  6.284e-01  6.260e-01  6.222e-01  6.232e-01  6.268e-01  6.283e-01  6.264e-01  6.233e-01  6.217e-01  6.214e-01  6.235e-01  6.262e-01  6.297e-01  6.326e-01  6.358e-01  6.384e-01  6.399e-01  6.399e-01  6.382e-01  6.364e-01  6.345e-01  6.326e-01  6.302e-01  6.282e-01  6.263e-01  6.244e-01  6.225e-01  6.208e-01  6.186e-01  6.165e-01  6.144e-01  6.122e-01  6.105e-01  6.083e-01  6.053e-01  6.029e-01  5.998e-01  5.968e-01  5.927e-01  5.886e-01  5.838e-01  5.784e-01  5.712e-01  5.615e-01  5.492e-01  5.343e-01  5.436e-01 	
 6.260e-01  6.294e-01  6.282e-01  6.285e-01  6.263e-01  6.226e-01  6.235e-01  6.274e-01  6.288e-01  6.269e-01  6.240e-01  6.221e-01  6.221e-01  6.242e-01  6.271e-01  6.306e-01  6.338e-01  6.366e-01  6.394e-01  6.413e-01  6.413e-01  6.395e-01  6.376e-01  6.360e-01  6.340e-01  6.319e-01  6.299e-01  6.283e-01  6.263e-01  6.243e-01  6.228e-01  6.209e-01  6.190e-01  6.171e-01  6.149e-01  6.134e-01  6.114e-01  6.086e-01  6.062e-01  6.035e-01  6.006e-01  5.971e-01  5.932e-01  5.887e-01  5.834e-01  5.761e-01  5.672e-01  5.555e-01  5.412e-01  5.511e-01 	
 6.263e-01  6.293e-01  6.284e-01  6.286e-01  6.265e-01  6.227e-01  6.239e-01  6.277e-01  6.292e-01  6.273e-01  6.243e-01  6.226e-01  6.226e-01  6.246e-01  6.278e-01  6.312e-01  6.344e-01  6.375e-01  6.406e-01  6.421e-01  6.424e-01  6.407e-01  6.390e-01  6.374e-01  6.354e-01  6.332e-01  6.314e-01  6.297e-01  6.280e-01  6.263e-01  6.247e-01  6.227e-01  6.211e-01  6.194e-01  6.174e-01  6.158e-01  6.141e-01  6.115e-01  6.093e-01  6.069e-01  6.041e-01  6.005e-01  5.972e-01  5.930e-01  5.876e-01  5.807e-01  5.722e-01  5.609e-01  5.473e-01  5.577e-01 	
 6.263e-01  6.293e-01  6.284e-01  6.289e-01  6.268e-01  6.229e-01  6.241e-01  6.279e-01  6.293e-01  6.277e-01  6.247e-01  6.230e-01  6.229e-01  6.252e-01  6.283e-01  6.317e-01  6.352e-01  6.382e-01  6.413e-01  6.432e-01  6.431e-01  6.416e-01  6.400e-01  6.383e-01  6.365e-01  6.343e-01  6.328e-01  6.310e-01  6.295e-01  6.278e-01  6.265e-01  6.244e-01  6.230e-01  6.213e-01  6.195e-01  6.179e-01  6.163e-01  6.140e-01  6.120e-01  6.095e-01  6.070e-01  6.039e-01  6.006e-01  5.964e-01  5.914e-01  5.849e-01  5.768e-01  5.657e-01  5.525e-01  5.634e-01 	
 6.265e-01  6.294e-01  6.285e-01  6.290e-01  6.268e-01  6.233e-01  6.241e-01  6.282e-01  6.296e-01  6.279e-01  6.252e-01  6.235e-01  6.233e-01  6.256e-01  6.287e-01  6.323e-01  6.357e-01  6.388e-01  6.419e-01  6.437e-01  6.439e-01  6.424e-01  6.407e-01  6.393e-01  6.375e-01  6.352e-01  6.337e-01  6.322e-01  6.306e-01  6.288e-01  6.278e-01  6.259e-01  6.245e-01  6.230e-01  6.212e-01  6.198e-01  6.182e-01  6.160e-01  6.140e-01  6.121e-01  6.094e-01  6.065e-01  6.034e-01  5.995e-01  5.947e-01  5.884e-01  5.804e-01  5.699e-01  5.572e-01  5.684e-01 	
 6.264e-01  6.296e-01  6.287e-01  6.291e-01  6.269e-01  6.234e-01  6.245e-01  6.282e-01  6.299e-01  6.282e-01  6.252e-01  6.237e-01  6.235e-01  6.261e-01  6.291e-01  6.328e-01  6.361e-01  6.394e-01  6.425e-01  6.443e-01  6.445e-01  6.433e-01  6.416e-01  6.398e-01  6.383e-01  6.363e-01  6.347e-01  6.331e-01  6.315e-01  6.300e-01  6.289e-01  6.270e-01  6.258e-01  6.243e-01  6.227e-01  6.215e-01  6.198e-01  6.180e-01  6.162e-01  6.138e-01  6.117e-01  6.088e-01  6.059e-01  6.021e-01  5.975e-01  5.914e-01  5.840e-01  5.736e-01  5.610e-01  5.727e-01 	
 6.263e-01  6.295e-01  6.286e-01  6.290e-01  6.268e-01  6.232e-01  6.243e-01  6.283e-01  6.300e-01  6.283e-01  6.256e-01  6.240e-01  6.238e-01  6.263e-01  6.294e-01  6.330e-01  6.366e-01  6.399e-01  6.429e-01  6.447e-01  6.452e-01  6.437e-01  6.419e-01  6.407e-01  6.388e-01  6.368e-01  6.355e-01  6.339e-01  6.326e-01  6.310e-01  6.298e-01  6.281e-01  6.269e-01  6.253e-01  6.240e-01  6.228e-01  6.213e-01  6.194e-01  6.176e-01  6.158e-01  6.136e-01  6.109e-01  6.079e-01  6.044e-01  6.000e-01  5.941e-01  5.866e-01  5.767e-01  5.644e-01  5.763e-01 	
 6.264e-01  6.295e-01  6.286e-01  6.290e-01  6.271e-01  6.235e-01  6.245e-01  6.285e-01  6.302e-01  6.285e-01  6.257e-01  6.241e-01  6.242e-01  6.264e-01  6.297e-01  6.333e-01  6.369e-01  6.402e-01  6.435e-01  6.452e-01  6.457e-01  6.441e-01  6.427e-01  6.412e-01  6.395e-01  6.375e-01  6.361e-01  6.348e-01  6.331e-01  6.317e-01  6.305e-01  6.291e-01  6.279e-01  6.265e-01  6.248e-01  6.239e-01  6.227e-01  6.207e-01  6.191e-01  6.172e-01  6.150e-01  6.125e-01  6.098e-01  6.065e-01  6.020e-01  5.963e-01  5.890e-01  5.793e-01  5.673e-01  5.794e-01 	
