 6.025e-03  5.567e-03  5.247e-03  4.892e-03  4.579e-03  4.110e-03  3.566e-03  3.208e-03  2.964e-03  2.694e-03  2.383e-03  2.048e-03  1.761e-03  1.524e-03  1.338e-03  1.193e-03  1.068e-03  9.680e-04  8.877e-04  8.143e-04  7.373e-04  6.507e-04  5.670e-04  4.901e-04  4.211e-04  3.592e-04  3.069e-04  2.619e-04  2.234e-04  1.903e-04  1.628e-04  1.384e-04  1.181e-04  1.007e-04  8.579e-05  7.330e-05  6.253e-05  5.308e-05  4.517e-05  3.839e-05  3.256e-05  2.746e-05  2.317e-05  1.943e-05  1.617e-05  1.328e-05  1.077e-05  8.490e-06  6.369e-06  4.332e-06 	
 8.755e-03  8.081e-03  7.616e-03  7.101e-03  6.651e-03  5.972e-03  5.183e-03  4.663e-03  4.310e-03  3.919e-03  3.468e-03  2.981e-03  2.564e-03  2.218e-03  1.947e-03  1.736e-03  1.555e-03  1.409e-03  1.293e-03  1.186e-03  1.074e-03  9.477e-04  8.258e-04  7.138e-04  6.132e-04  5.231e-04  4.470e-04  3.815e-04  3.254e-04  2.772e-04  2.371e-04  2.016e-04  1.721e-04  1.467e-04  1.249e-04  1.068e-04  9.107e-05  7.730e-05  6.578e-05  5.590e-05  4.742e-05  4.000e-05  3.374e-05  2.829e-05  2.355e-05  1.935e-05  1.568e-05  1.236e-05  9.276e-06  6.309e-06 	
 1.272e-02  1.172e-02  1.104e-02  1.030e-02  9.650e-03  8.672e-03  7.529e-03  6.775e-03  6.264e-03  5.699e-03  5.045e-03  4.337e-03  3.730e-03  3.227e-03  2.834e-03  2.527e-03  2.264e-03  2.052e-03  1.882e-03  1.727e-03  1.564e-03  1.380e-03  1.203e-03  1.040e-03  8.932e-04  7.619e-04  6.510e-04  5.556e-04  4.739e-04  4.037e-04  3.453e-04  2.936e-04  2.506e-04  2.136e-04  1.820e-04  1.555e-04  1.326e-04  1.126e-04  9.581e-05  8.141e-05  6.905e-05  5.825e-05  4.914e-05  4.121e-05  3.430e-05  2.817e-05  2.283e-05  1.801e-05  1.351e-05  9.188e-06 	
 1.850e-02  1.700e-02  1.600e-02  1.491e-02  1.399e-02  1.258e-02  1.093e-02  9.833e-03  9.097e-03  8.282e-03  7.336e-03  6.309e-03  5.427e-03  4.695e-03  4.123e-03  3.677e-03  3.295e-03  2.986e-03  2.740e-03  2.514e-03  2.277e-03  2.010e-03  1.752e-03  1.514e-03  1.301e-03  1.110e-03  9.481e-04  8.092e-04  6.902e-04  5.880e-04  5.029e-04  4.276e-04  3.649e-04  3.111e-04  2.650e-04  2.264e-04  1.932e-04  1.640e-04  1.395e-04  1.186e-04  1.006e-04  8.483e-05  7.156e-05  6.001e-05  4.995e-05  4.103e-05  3.325e-05  2.622e-05  1.967e-05  1.338e-05 	
 2.696e-02  2.467e-02  2.316e-02  2.158e-02  2.025e-02  1.823e-02  1.584e-02  1.426e-02  1.320e-02  1.203e-02  1.066e-02  9.172e-03  7.891e-03  6.828e-03  5.996e-03  5.349e-03  4.794e-03  4.346e-03  3.988e-03  3.661e-03  3.317e-03  2.928e-03  2.552e-03  2.206e-03  1.895e-03  1.616e-03  1.381e-03  1.179e-03  1.005e-03  8.564e-04  7.324e-04  6.227e-04  5.315e-04  4.531e-04  3.859e-04  3.298e-04  2.813e-04  2.388e-04  2.032e-04  1.727e-04  1.465e-04  1.235e-04  1.042e-04  8.740e-05  7.275e-05  5.975e-05  4.843e-05  3.819e-05  2.865e-05  1.949e-05 	
 3.950e-02  3.588e-02  3.356e-02  3.120e-02  2.928e-02  2.640e-02  2.294e-02  2.064e-02  1.913e-02  1.746e-02  1.549e-02  1.333e-02  1.147e-02  9.925e-03  8.717e-03  7.777e-03  6.973e-03  6.323e-03  5.804e-03  5.330e-03  4.831e-03  4.265e-03  3.717e-03  3.213e-03  2.760e-03  2.355e-03  2.012e-03  1.717e-03  1.464e-03  1.247e-03  1.067e-03  9.070e-04  7.741e-04  6.599e-04  5.621e-04  4.803e-04  4.097e-04  3.477e-04  2.959e-04  2.515e-04  2.133e-04  1.799e-04  1.518e-04  1.273e-04  1.059e-04  8.702e-05  7.053e-05  5.562e-05  4.173e-05  2.838e-05 	
 5.850e-02  5.255e-02  4.877e-02  4.514e-02  4.233e-02  3.820e-02  3.318e-02  2.986e-02  2.769e-02  2.531e-02  2.248e-02  1.936e-02  1.666e-02  1.442e-02  1.267e-02  1.130e-02  1.014e-02  9.196e-03  8.446e-03  7.761e-03  7.036e-03  6.214e-03  5.416e-03  4.682e-03  4.022e-03  3.430e-03  2.930e-03  2.501e-03  2.133e-03  1.817e-03  1.554e-03  1.321e-03  1.127e-03  9.612e-04  8.186e-04  6.995e-04  5.967e-04  5.065e-04  4.310e-04  3.663e-04  3.106e-04  2.620e-04  2.211e-04  1.854e-04  1.543e-04  1.267e-04  1.027e-04  8.100e-05  6.077e-05  4.133e-05 	
 8.827e-02  7.800e-02  7.147e-02  6.561e-02  6.131e-02  5.534e-02  4.802e-02  4.315e-02  4.004e-02  3.667e-02  3.262e-02  2.810e-02  2.419e-02  2.093e-02  1.839e-02  1.642e-02  1.473e-02  1.337e-02  1.229e-02  1.130e-02  1.025e-02  9.056e-03  7.893e-03  6.823e-03  5.861e-03  4.998e-03  4.270e-03  3.644e-03  3.107e-03  2.647e-03  2.263e-03  1.924e-03  1.642e-03  1.400e-03  1.192e-03  1.019e-03  8.690e-04  7.376e-04  6.277e-04  5.334e-04  4.524e-04  3.816e-04  3.219e-04  2.700e-04  2.247e-04  1.846e-04  1.496e-04  1.180e-04  8.850e-05  6.019e-05 	
 1.364e-01  1.182e-01  1.063e-01  9.627e-02  8.932e-02  8.049e-02  6.966e-02  6.239e-02  5.788e-02  5.312e-02  4.734e-02  4.079e-02  3.511e-02  3.037e-02  2.668e-02  2.382e-02  2.138e-02  1.942e-02  1.787e-02  1.645e-02  1.494e-02  1.320e-02  1.151e-02  9.948e-03  8.544e-03  7.285e-03  6.222e-03  5.309e-03  4.527e-03  3.856e-03  3.297e-03  2.803e-03  2.392e-03  2.039e-03  1.737e-03  1.484e-03  1.266e-03  1.074e-03  9.142e-04  7.768e-04  6.589e-04  5.558e-04  4.688e-04  3.931e-04  3.272e-04  2.688e-04  2.178e-04  1.718e-04  1.289e-04  8.765e-05 	
 2.144e-01  1.825e-01  1.610e-01  1.433e-01  1.314e-01  1.180e-01  1.017e-01  9.047e-02  8.377e-02  7.705e-02  6.881e-02  5.927e-02  5.098e-02  4.406e-02  3.870e-02  3.455e-02  3.103e-02  2.821e-02  2.598e-02  2.395e-02  2.178e-02  1.926e-02  1.679e-02  1.451e-02  1.246e-02  1.062e-02  9.071e-03  7.739e-03  6.597e-03  5.618e-03  4.804e-03  4.084e-03  3.485e-03  2.970e-03  2.530e-03  2.161e-03  1.844e-03  1.565e-03  1.331e-03  1.131e-03  9.596e-04  8.094e-04  6.828e-04  5.726e-04  4.766e-04  3.915e-04  3.172e-04  2.502e-04  1.877e-04  1.276e-04 	
 3.326e-01  2.814e-01  2.443e-01  2.142e-01  1.941e-01  1.743e-01  1.496e-01  1.319e-01  1.215e-01  1.121e-01  1.004e-01  8.640e-02  7.420e-02  6.399e-02  5.613e-02  5.010e-02  4.500e-02  4.095e-02  3.778e-02  3.490e-02  3.178e-02  2.813e-02  2.453e-02  2.119e-02  1.819e-02  1.550e-02  1.323e-02  1.129e-02  9.618e-03  8.189e-03  7.001e-03  5.950e-03  5.077e-03  4.327e-03  3.685e-03  3.148e-03  2.685e-03  2.279e-03  1.939e-03  1.648e-03  1.398e-03  1.179e-03  9.944e-04  8.338e-04  6.941e-04  5.701e-04  4.620e-04  3.643e-04  2.733e-04  1.859e-04 	
 4.809e-01  4.180e-01  3.620e-01  3.138e-01  2.803e-01  2.533e-01  2.191e-01  1.916e-01  1.755e-01  1.629e-01  1.471e-01  1.267e-01  1.085e-01  9.322e-02  8.154e-02  7.268e-02  6.527e-02  5.944e-02  5.496e-02  5.091e-02  4.648e-02  4.117e-02  3.590e-02  3.100e-02  2.660e-02  2.265e-02  1.932e-02  1.647e-02  1.403e-02  1.194e-02  1.021e-02  8.673e-03  7.399e-03  6.305e-03  5.369e-03  4.586e-03  3.912e-03  3.320e-03  2.825e-03  2.400e-03  2.035e-03  1.717e-03  1.448e-03  1.214e-03  1.011e-03  8.302e-04  6.728e-04  5.305e-04  3.980e-04  2.707e-04 	
 5.947e-01  5.554e-01  5.059e-01  4.467e-01  3.931e-01  3.518e-01  3.086e-01  2.693e-01  2.448e-01  2.302e-01  2.131e-01  1.859e-01  1.594e-01  1.364e-01  1.188e-01  1.056e-01  9.469e-02  8.630e-02  8.002e-02  7.444e-02  6.820e-02  6.050e-02  5.274e-02  4.550e-02  3.898e-02  3.315e-02  2.825e-02  2.406e-02  2.049e-02  1.743e-02  1.489e-02  1.265e-02  1.079e-02  9.190e-03  7.824e-03  6.683e-03  5.699e-03  4.836e-03  4.115e-03  3.496e-03  2.965e-03  2.500e-03  2.109e-03  1.769e-03  1.472e-03  1.209e-03  9.798e-04  7.726e-04  5.796e-04  3.942e-04 	
 6.517e-01  6.253e-01  6.043e-01  5.743e-01  5.325e-01  4.804e-01  4.229e-01  3.664e-01  3.239e-01  3.006e-01  2.865e-01  2.618e-01  2.304e-01  1.981e-01  1.724e-01  1.529e-01  1.370e-01  1.251e-01  1.165e-01  1.092e-01  1.007e-01  8.952e-02  7.800e-02  6.715e-02  5.740e-02  4.871e-02  4.144e-02  3.524e-02  2.997e-02  2.547e-02  2.174e-02  1.846e-02  1.573e-02  1.340e-02  1.141e-02  9.740e-03  8.305e-03  7.046e-03  5.994e-03  5.093e-03  4.318e-03  3.642e-03  3.072e-03  2.576e-03  2.144e-03  1.761e-03  1.427e-03  1.125e-03  8.440e-04  5.740e-04 	
 7.053e-01  6.792e-01  6.541e-01  6.304e-01  6.141e-01  5.964e-01  5.586e-01  5.027e-01  4.412e-01  3.889e-01  3.544e-01  3.301e-01  3.042e-01  2.709e-01  2.400e-01  2.144e-01  1.935e-01  1.778e-01  1.675e-01  1.596e-01  1.496e-01  1.340e-01  1.167e-01  1.002e-01  8.525e-02  7.204e-02  6.108e-02  5.180e-02  4.396e-02  3.730e-02  3.181e-02  2.697e-02  2.298e-02  1.956e-02  1.664e-02  1.420e-02  1.211e-02  1.027e-02  8.735e-03  7.420e-03  6.291e-03  5.305e-03  4.474e-03  3.751e-03  3.122e-03  2.564e-03  2.078e-03  1.638e-03  1.229e-03  8.357e-04 	
 7.382e-01  7.190e-01  7.051e-01  6.855e-01  6.629e-01  6.436e-01  6.244e-01  6.006e-01  5.717e-01  5.301e-01  4.737e-01  4.185e-01  3.749e-01  3.364e-01  3.021e-01  2.726e-01  2.491e-01  2.323e-01  2.236e-01  2.222e-01  2.190e-01  2.027e-01  1.782e-01  1.523e-01  1.287e-01  1.079e-01  9.089e-02  7.671e-02  6.484e-02  5.485e-02  4.667e-02  3.950e-02  3.361e-02  2.858e-02  2.429e-02  2.073e-02  1.766e-02  1.497e-02  1.273e-02  1.081e-02  9.166e-03  7.728e-03  6.517e-03  5.463e-03  4.546e-03  3.733e-03  3.025e-03  2.385e-03  1.789e-03  1.217e-03 	
 7.647e-01  7.493e-01  7.362e-01  7.203e-01  7.092e-01  6.990e-01  6.767e-01  6.459e-01  6.203e-01  6.049e-01  5.911e-01  5.596e-01  5.050e-01  4.422e-01  3.842e-01  3.346e-01  2.959e-01  2.670e-01  2.500e-01  2.516e-01  2.724e-01  2.885e-01  2.735e-01  2.380e-01  1.999e-01  1.656e-01  1.378e-01  1.152e-01  9.665e-02  8.129e-02  6.889e-02  5.811e-02  4.932e-02  4.187e-02  3.553e-02  3.029e-02  2.579e-02  2.185e-02  1.857e-02  1.576e-02  1.336e-02  1.126e-02  9.494e-03  7.957e-03  6.621e-03  5.436e-03  4.404e-03  3.472e-03  2.605e-03  1.771e-03 	
 7.841e-01  7.705e-01  7.607e-01  7.497e-01  7.406e-01  7.312e-01  7.168e-01  6.985e-01  6.782e-01  6.553e-01  6.317e-01  6.154e-01  6.024e-01  5.758e-01  5.283e-01  4.647e-01  3.980e-01  3.381e-01  2.891e-01  2.550e-01  2.437e-01  2.741e-01  3.324e-01  3.526e-01  3.187e-01  2.650e-01  2.168e-01  1.780e-01  1.471e-01  1.224e-01  1.029e-01  8.620e-02  7.283e-02  6.161e-02  5.215e-02  4.437e-02  3.772e-02  3.192e-02  2.711e-02  2.300e-02  1.948e-02  1.641e-02  1.383e-02  1.159e-02  9.642e-03  7.915e-03  6.412e-03  5.055e-03  3.791e-03  2.578e-03 	
 7.983e-01  7.865e-01  7.792e-01  7.702e-01  7.633e-01  7.586e-01  7.481e-01  7.302e-01  7.135e-01  7.024e-01  6.914e-01  6.727e-01  6.456e-01  6.200e-01  5.998e-01  5.772e-01  5.425e-01  4.889e-01  4.221e-01  3.546e-01  2.946e-01  2.503e-01  2.365e-01  2.785e-01  3.694e-01  4.064e-01  3.553e-01  2.894e-01  2.338e-01  1.901e-01  1.572e-01  1.300e-01  1.089e-01  9.147e-02  7.705e-02  6.532e-02  5.538e-02  4.676e-02  3.965e-02  3.360e-02  2.843e-02  2.394e-02  2.016e-02  1.689e-02  1.404e-02  1.153e-02  9.334e-03  7.356e-03  5.518e-03  3.751e-03 	
 8.089e-01  7.985e-01  7.928e-01  7.854e-01  7.806e-01  7.783e-01  7.696e-01  7.549e-01  7.430e-01  7.344e-01  7.252e-01  7.138e-01  7.006e-01  6.808e-01  6.524e-01  6.210e-01  5.946e-01  5.717e-01  5.448e-01  5.073e-01  4.567e-01  3.943e-01  3.177e-01  2.508e-01  2.214e-01  2.659e-01  3.844e-01  4.414e-01  3.900e-01  3.136e-01  2.523e-01  2.033e-01  1.670e-01  1.384e-01  1.153e-01  9.710e-02  8.188e-02  6.885e-02  5.821e-02  4.921e-02  4.158e-02  3.496e-02  2.942e-02  2.462e-02  2.046e-02  1.678e-02  1.359e-02  1.070e-02  8.028e-03  5.458e-03 	
 8.168e-01  8.074e-01  8.029e-01  7.967e-01  7.935e-01  7.927e-01  7.857e-01  7.733e-01  7.633e-01  7.566e-01  7.517e-01  7.452e-01  7.339e-01  7.171e-01  6.998e-01  6.803e-01  6.553e-01  6.253e-01  5.958e-01  5.692e-01  5.414e-01  5.125e-01  4.813e-01  4.399e-01  3.512e-01  2.567e-01  2.133e-01  2.402e-01  3.678e-01  4.666e-01  4.255e-01  3.399e-01  2.705e-01  2.178e-01  1.777e-01  1.473e-01  1.228e-01  1.024e-01  8.609e-02  7.246e-02  6.102e-02  5.118e-02  4.299e-02  3.593e-02  2.983e-02  2.444e-02  1.977e-02  1.557e-02  1.168e-02  7.938e-03 	
 8.227e-01  8.140e-01  8.104e-01  8.052e-01  8.031e-01  8.035e-01  7.979e-01  7.870e-01  7.785e-01  7.738e-01  7.707e-01  7.658e-01  7.577e-01  7.461e-01  7.314e-01  7.132e-01  6.956e-01  6.778e-01  6.562e-01  6.323e-01  6.093e-01  5.821e-01  5.404e-01  4.924e-01  4.676e-01  4.643e-01  3.897e-01  2.740e-01  2.127e-01  2.181e-01  3.273e-01  4.741e-01  4.566e-01  3.686e-01  2.906e-01  2.336e-01  1.902e-01  1.557e-01  1.293e-01  1.079e-01  9.025e-02  7.532e-02  6.306e-02  5.256e-02  4.354e-02  3.563e-02  2.879e-02  2.265e-02  1.698e-02  1.155e-02 	
 8.271e-01  8.190e-01  8.161e-01  8.116e-01  8.103e-01  8.116e-01  8.070e-01  7.973e-01  7.900e-01  7.868e-01  7.852e-01  7.819e-01  7.758e-01  7.660e-01  7.533e-01  7.394e-01  7.251e-01  7.079e-01  6.902e-01  6.755e-01  6.606e-01  6.470e-01  6.306e-01  5.998e-01  5.465e-01  4.507e-01  4.231e-01  4.505e-01  4.312e-01  2.950e-01  2.198e-01  2.031e-01  2.866e-01  4.565e-01  4.834e-01  3.991e-01  3.148e-01  2.487e-01  2.010e-01  1.644e-01  1.357e-01  1.121e-01  9.319e-02  7.728e-02  6.376e-02  5.202e-02  4.195e-02  3.296e-02  2.469e-02  1.679e-02 	
 8.304e-01  8.226e-01  8.202e-01  8.163e-01  8.157e-01  8.177e-01  8.138e-01  8.050e-01  7.986e-01  7.965e-01  7.960e-01  7.942e-01  7.895e-01  7.813e-01  7.707e-01  7.588e-01  7.461e-01  7.321e-01  7.183e-01  7.035e-01  6.877e-01  6.782e-01  6.699e-01  6.618e-01  6.489e-01  6.061e-01  5.565e-01  4.292e-01  3.669e-01  4.036e-01  4.559e-01  3.220e-01  2.354e-01  2.003e-01  2.517e-01  4.159e-01  5.007e-01  4.275e-01  3.356e-01  2.644e-01  2.118e-01  1.711e-01  1.401e-01  1.149e-01  9.404e-02  7.628e-02  6.126e-02  4.800e-02  3.591e-02  2.445e-02 	
 8.327e-01  8.253e-01  8.233e-01  8.198e-01  8.198e-01  8.223e-01  8.189e-01  8.108e-01  8.051e-01  8.038e-01  8.042e-01  8.033e-01  7.999e-01  7.927e-01  7.838e-01  7.733e-01  7.626e-01  7.509e-01  7.391e-01  7.273e-01  7.173e-01  7.080e-01  6.904e-01  6.764e-01  6.752e-01  6.687e-01  6.694e-01  6.024e-01  5.625e-01  4.255e-01  3.053e-01  3.429e-01  4.434e-01  3.604e-01  2.564e-01  2.099e-01  2.271e-01  3.751e-01  5.045e-01  4.545e-01  3.564e-01  2.762e-01  2.188e-01  1.753e-01  1.410e-01  1.130e-01  8.998e-02  7.012e-02  5.232e-02  3.566e-02 	
 8.344e-01  8.272e-01  8.256e-01  8.224e-01  8.227e-01  8.257e-01  8.228e-01  8.151e-01  8.099e-01  8.093e-01  8.104e-01  8.102e-01  8.076e-01  8.014e-01  7.935e-01  7.842e-01  7.748e-01  7.647e-01  7.544e-01  7.447e-01  7.371e-01  7.317e-01  7.268e-01  7.154e-01  6.938e-01  6.617e-01  6.801e-01  6.633e-01  6.896e-01  5.977e-01  5.502e-01  4.478e-01  2.581e-01  2.923e-01  3.981e-01  4.113e-01  2.832e-01  2.249e-01  2.261e-01  3.382e-01  4.986e-01  4.710e-01  3.689e-01  2.831e-01  2.195e-01  1.713e-01  1.340e-01  1.032e-01  7.658e-02  5.229e-02 	
 8.356e-01  8.285e-01  8.271e-01  8.242e-01  8.249e-01  8.282e-01  8.256e-01  8.182e-01  8.135e-01  8.134e-01  8.151e-01  8.155e-01  8.135e-01  8.079e-01  8.008e-01  7.924e-01  7.840e-01  7.751e-01  7.660e-01  7.579e-01  7.516e-01  7.469e-01  7.418e-01  7.385e-01  7.389e-01  7.227e-01  6.953e-01  6.423e-01  6.766e-01  6.560e-01  6.919e-01  6.164e-01  5.171e-01  4.779e-01  2.574e-01  2.570e-01  3.400e-01  4.380e-01  3.107e-01  2.454e-01  2.335e-01  3.329e-01  4.947e-01  4.770e-01  3.676e-01  2.736e-01  2.061e-01  1.548e-01  1.133e-01  7.742e-02 	
 8.364e-01  8.295e-01  8.283e-01  8.255e-01  8.265e-01  8.301e-01  8.277e-01  8.206e-01  8.162e-01  8.165e-01  8.186e-01  8.194e-01  8.179e-01  8.129e-01  8.063e-01  7.986e-01  7.909e-01  7.829e-01  7.747e-01  7.677e-01  7.625e-01  7.595e-01  7.568e-01  7.528e-01  7.449e-01  7.438e-01  7.484e-01  7.368e-01  6.863e-01  6.270e-01  6.466e-01  6.605e-01  6.713e-01  6.634e-01  4.865e-01  4.847e-01  3.090e-01  2.166e-01  3.020e-01  4.358e-01  3.411e-01  2.739e-01  2.602e-01  3.555e-01  5.048e-01  4.575e-01  3.366e-01  2.411e-01  1.711e-01  1.166e-01 	
 8.369e-01  8.300e-01  8.290e-01  8.264e-01  8.275e-01  8.314e-01  8.292e-01  8.223e-01  8.181e-01  8.187e-01  8.211e-01  8.223e-01  8.212e-01  8.166e-01  8.105e-01  8.032e-01  7.961e-01  7.887e-01  7.812e-01  7.751e-01  7.708e-01  7.688e-01  7.669e-01  7.643e-01  7.629e-01  7.606e-01  7.466e-01  7.423e-01  7.544e-01  7.543e-01  6.658e-01  6.260e-01  5.987e-01  6.809e-01  6.428e-01  7.065e-01  5.066e-01  4.513e-01  3.454e-01  1.886e-01  2.760e-01  4.310e-01  3.805e-01  3.094e-01  3.075e-01  4.298e-01  5.062e-01  3.907e-01  2.669e-01  1.793e-01 	
 8.372e-01  8.304e-01  8.294e-01  8.270e-01  8.283e-01  8.323e-01  8.302e-01  8.235e-01  8.195e-01  8.204e-01  8.230e-01  8.245e-01  8.236e-01  8.193e-01  8.135e-01  8.067e-01  8.000e-01  7.931e-01  7.862e-01  7.806e-01  7.771e-01  7.758e-01  7.748e-01  7.733e-01  7.720e-01  7.695e-01  7.690e-01  7.672e-01  7.462e-01  7.370e-01  7.623e-01  7.565e-01  6.594e-01  6.232e-01  5.566e-01  6.891e-01  6.322e-01  7.122e-01  5.404e-01  4.061e-01  3.642e-01  2.136e-01  2.894e-01  4.507e-01  4.216e-01  3.619e-01  4.119e-01  5.089e-01  4.118e-01  2.779e-01 	
 8.373e-01  8.305e-01  8.297e-01  8.273e-01  8.287e-01  8.329e-01  8.309e-01  8.243e-01  8.205e-01  8.215e-01  8.244e-01  8.261e-01  8.254e-01  8.213e-01  8.158e-01  8.092e-01  8.029e-01  7.963e-01  7.898e-01  7.848e-01  7.817e-01  7.811e-01  7.808e-01  7.800e-01  7.793e-01  7.789e-01  7.781e-01  7.736e-01  7.718e-01  7.740e-01  7.497e-01  7.322e-01  7.586e-01  7.427e-01  6.868e-01  6.005e-01  5.569e-01  6.658e-01  6.474e-01  6.876e-01  5.851e-01  3.825e-01  3.713e-01  2.783e-01  3.513e-01  5.256e-01  4.793e-01  4.769e-01  5.258e-01  4.129e-01 	
 8.373e-01  8.305e-01  8.297e-01  8.274e-01  8.290e-01  8.332e-01  8.314e-01  8.248e-01  8.211e-01  8.223e-01  8.254e-01  8.272e-01  8.267e-01  8.228e-01  8.175e-01  8.111e-01  8.050e-01  7.987e-01  7.925e-01  7.879e-01  7.852e-01  7.851e-01  7.852e-01  7.850e-01  7.849e-01  7.853e-01  7.847e-01  7.831e-01  7.829e-01  7.780e-01  7.726e-01  7.823e-01  7.564e-01  7.195e-01  7.341e-01  7.489e-01  7.309e-01  5.578e-01  5.833e-01  6.245e-01  6.769e-01  6.756e-01  6.118e-01  3.873e-01  3.983e-01  3.733e-01  5.270e-01  6.140e-01  5.914e-01  5.533e-01 	
 8.372e-01  8.304e-01  8.297e-01  8.274e-01  8.290e-01  8.334e-01  8.316e-01  8.251e-01  8.215e-01  8.228e-01  8.260e-01  8.280e-01  8.276e-01  8.238e-01  8.186e-01  8.124e-01  8.065e-01  8.004e-01  7.945e-01  7.901e-01  7.878e-01  7.880e-01  7.886e-01  7.888e-01  7.892e-01  7.901e-01  7.900e-01  7.896e-01  7.892e-01  7.876e-01  7.857e-01  7.817e-01  7.696e-01  7.814e-01  7.565e-01  7.050e-01  7.223e-01  7.706e-01  7.312e-01  5.455e-01  5.979e-01  6.234e-01  7.100e-01  6.862e-01  5.863e-01  4.302e-01  5.332e-01  5.967e-01  6.906e-01  6.518e-01 	
 8.370e-01  8.302e-01  8.295e-01  8.273e-01  8.290e-01  8.334e-01  8.317e-01  8.252e-01  8.217e-01  8.231e-01  8.264e-01  8.285e-01  8.282e-01  8.245e-01  8.194e-01  8.133e-01  8.075e-01  8.016e-01  7.959e-01  7.917e-01  7.897e-01  7.902e-01  7.911e-01  7.917e-01  7.924e-01  7.937e-01  7.940e-01  7.943e-01  7.940e-01  7.943e-01  7.921e-01  7.918e-01  7.878e-01  7.853e-01  7.654e-01  7.751e-01  7.611e-01  7.010e-01  7.337e-01  7.816e-01  7.138e-01  5.708e-01  6.261e-01  6.669e-01  7.315e-01  7.120e-01  5.493e-01  6.582e-01  7.194e-01  7.087e-01 	
 8.367e-01  8.300e-01  8.293e-01  8.272e-01  8.289e-01  8.334e-01  8.317e-01  8.252e-01  8.217e-01  8.232e-01  8.266e-01  8.288e-01  8.286e-01  8.249e-01  8.199e-01  8.139e-01  8.082e-01  8.025e-01  7.969e-01  7.929e-01  7.911e-01  7.918e-01  7.929e-01  7.938e-01  7.948e-01  7.965e-01  7.971e-01  7.976e-01  7.981e-01  7.986e-01  7.972e-01  7.987e-01  7.948e-01  7.955e-01  7.876e-01  7.914e-01  7.715e-01  7.776e-01  7.736e-01  7.125e-01  7.378e-01  7.821e-01  7.062e-01  6.110e-01  6.902e-01  7.622e-01  7.402e-01  7.038e-01  7.617e-01  7.579e-01 	
 8.365e-01  8.297e-01  8.291e-01  8.269e-01  8.287e-01  8.333e-01  8.316e-01  8.251e-01  8.217e-01  8.232e-01  8.267e-01  8.289e-01  8.288e-01  8.252e-01  8.202e-01  8.143e-01  8.087e-01  8.030e-01  7.975e-01  7.936e-01  7.920e-01  7.929e-01  7.943e-01  7.953e-01  7.966e-01  7.985e-01  7.994e-01  8.002e-01  8.010e-01  8.017e-01  8.018e-01  8.021e-01  8.011e-01  8.024e-01  7.963e-01  8.000e-01  7.888e-01  7.904e-01  7.758e-01  7.778e-01  7.826e-01  7.277e-01  7.555e-01  7.905e-01  7.042e-01  6.883e-01  7.873e-01  8.005e-01  7.955e-01  7.891e-01 	
 8.362e-01  8.294e-01  8.288e-01  8.267e-01  8.285e-01  8.331e-01  8.314e-01  8.249e-01  8.215e-01  8.231e-01  8.267e-01  8.289e-01  8.288e-01  8.253e-01  8.204e-01  8.144e-01  8.089e-01  8.033e-01  7.979e-01  7.941e-01  7.926e-01  7.937e-01  7.952e-01  7.964e-01  7.978e-01  7.999e-01  8.011e-01  8.021e-01  8.032e-01  8.041e-01  8.044e-01  8.054e-01  8.056e-01  8.048e-01  8.051e-01  8.048e-01  8.006e-01  8.009e-01  7.938e-01  7.915e-01  7.757e-01  7.835e-01  7.861e-01  7.507e-01  7.965e-01  7.903e-01  7.627e-01  8.318e-01  8.290e-01  8.130e-01 	
 8.359e-01  8.291e-01  8.285e-01  8.264e-01  8.282e-01  8.328e-01  8.312e-01  8.247e-01  8.213e-01  8.230e-01  8.265e-01  8.288e-01  8.288e-01  8.253e-01  8.204e-01  8.145e-01  8.089e-01  8.034e-01  7.980e-01  7.944e-01  7.930e-01  7.942e-01  7.958e-01  7.971e-01  7.987e-01  8.010e-01  8.023e-01  8.035e-01  8.048e-01  8.060e-01  8.064e-01  8.077e-01  8.082e-01  8.087e-01  8.088e-01  8.079e-01  8.093e-01  8.068e-01  8.042e-01  8.050e-01  7.960e-01  8.020e-01  7.844e-01  8.021e-01  7.900e-01  8.015e-01  8.215e-01  8.242e-01  8.528e-01  8.311e-01 	
 8.356e-01  8.288e-01  8.282e-01  8.261e-01  8.279e-01  8.326e-01  8.309e-01  8.244e-01  8.211e-01  8.228e-01  8.264e-01  8.287e-01  8.287e-01  8.252e-01  8.203e-01  8.144e-01  8.089e-01  8.034e-01  7.981e-01  7.945e-01  7.931e-01  7.944e-01  7.962e-01  7.976e-01  7.993e-01  8.017e-01  8.031e-01  8.045e-01  8.059e-01  8.073e-01  8.080e-01  8.094e-01  8.101e-01  8.109e-01  8.117e-01  8.115e-01  8.114e-01  8.118e-01  8.137e-01  8.090e-01  8.097e-01  8.130e-01  8.029e-01  8.150e-01  8.051e-01  8.237e-01  8.269e-01  8.450e-01  8.634e-01  8.446e-01 	
 8.353e-01  8.285e-01  8.279e-01  8.258e-01  8.277e-01  8.323e-01  8.307e-01  8.242e-01  8.208e-01  8.225e-01  8.262e-01  8.285e-01  8.285e-01  8.250e-01  8.201e-01  8.142e-01  8.088e-01  8.032e-01  7.980e-01  7.944e-01  7.932e-01  7.945e-01  7.963e-01  7.979e-01  7.997e-01  8.022e-01  8.037e-01  8.052e-01  8.067e-01  8.082e-01  8.091e-01  8.106e-01  8.116e-01  8.125e-01  8.135e-01  8.138e-01  8.142e-01  8.151e-01  8.156e-01  8.163e-01  8.185e-01  8.168e-01  8.164e-01  8.241e-01  8.197e-01  8.294e-01  8.421e-01  8.547e-01  8.704e-01  8.547e-01 	
 8.351e-01  8.282e-01  8.276e-01  8.255e-01  8.274e-01  8.321e-01  8.304e-01  8.239e-01  8.205e-01  8.223e-01  8.259e-01  8.283e-01  8.283e-01  8.248e-01  8.199e-01  8.140e-01  8.086e-01  8.031e-01  7.978e-01  7.943e-01  7.931e-01  7.945e-01  7.964e-01  7.980e-01  7.999e-01  8.024e-01  8.040e-01  8.056e-01  8.073e-01  8.089e-01  8.098e-01  8.115e-01  8.126e-01  8.137e-01  8.149e-01  8.155e-01  8.163e-01  8.176e-01  8.184e-01  8.191e-01  8.204e-01  8.225e-01  8.254e-01  8.280e-01  8.284e-01  8.369e-01  8.478e-01  8.608e-01  8.774e-01  8.622e-01 	
 8.348e-01  8.279e-01  8.274e-01  8.252e-01  8.271e-01  8.318e-01  8.302e-01  8.236e-01  8.203e-01  8.220e-01  8.257e-01  8.281e-01  8.281e-01  8.246e-01  8.197e-01  8.138e-01  8.083e-01  8.028e-01  7.976e-01  7.941e-01  7.929e-01  7.944e-01  7.963e-01  7.980e-01  7.999e-01  8.025e-01  8.042e-01  8.059e-01  8.076e-01  8.093e-01  8.103e-01  8.122e-01  8.133e-01  8.145e-01  8.159e-01  8.166e-01  8.175e-01  8.194e-01  8.206e-01  8.217e-01  8.230e-01  8.252e-01  8.272e-01  8.307e-01  8.350e-01  8.424e-01  8.520e-01  8.653e-01  8.825e-01  8.679e-01 	
 8.345e-01  8.277e-01  8.271e-01  8.250e-01  8.269e-01  8.316e-01  8.299e-01  8.234e-01  8.200e-01  8.218e-01  8.255e-01  8.278e-01  8.278e-01  8.243e-01  8.194e-01  8.135e-01  8.081e-01  8.026e-01  7.973e-01  7.939e-01  7.927e-01  7.942e-01  7.962e-01  7.979e-01  7.999e-01  8.026e-01  8.043e-01  8.060e-01  8.078e-01  8.095e-01  8.106e-01  8.125e-01  8.138e-01  8.151e-01  8.166e-01  8.174e-01  8.185e-01  8.204e-01  8.217e-01  8.233e-01  8.252e-01  8.276e-01  8.300e-01  8.336e-01  8.386e-01  8.460e-01  8.553e-01  8.688e-01  8.864e-01  8.723e-01 	
 8.343e-01  8.274e-01  8.268e-01  8.247e-01  8.266e-01  8.313e-01  8.297e-01  8.231e-01  8.197e-01  8.215e-01  8.252e-01  8.276e-01  8.276e-01  8.241e-01  8.192e-01  8.133e-01  8.078e-01  8.023e-01  7.971e-01  7.936e-01  7.925e-01  7.940e-01  7.960e-01  7.978e-01  7.998e-01  8.025e-01  8.042e-01  8.060e-01  8.078e-01  8.096e-01  8.108e-01  8.128e-01  8.141e-01  8.155e-01  8.170e-01  8.179e-01  8.191e-01  8.211e-01  8.226e-01  8.243e-01  8.263e-01  8.291e-01  8.320e-01  8.355e-01  8.408e-01  8.480e-01  8.576e-01  8.715e-01  8.894e-01  8.756e-01 	
 8.341e-01  8.272e-01  8.266e-01  8.245e-01  8.264e-01  8.311e-01  8.294e-01  8.228e-01  8.195e-01  8.212e-01  8.250e-01  8.274e-01  8.274e-01  8.238e-01  8.189e-01  8.130e-01  8.075e-01  8.020e-01  7.968e-01  7.933e-01  7.922e-01  7.938e-01  7.958e-01  7.976e-01  7.996e-01  8.023e-01  8.041e-01  8.059e-01  8.078e-01  8.096e-01  8.108e-01  8.129e-01  8.142e-01  8.157e-01  8.173e-01  8.183e-01  8.195e-01  8.216e-01  8.232e-01  8.251e-01  8.271e-01  8.301e-01  8.330e-01  8.370e-01  8.422e-01  8.496e-01  8.595e-01  8.735e-01  8.917e-01  8.781e-01 	
 8.339e-01  8.270e-01  8.264e-01  8.243e-01  8.262e-01  8.309e-01  8.292e-01  8.226e-01  8.192e-01  8.210e-01  8.247e-01  8.271e-01  8.271e-01  8.236e-01  8.186e-01  8.127e-01  8.072e-01  8.017e-01  7.965e-01  7.930e-01  7.919e-01  7.935e-01  7.956e-01  7.973e-01  7.994e-01  8.021e-01  8.040e-01  8.058e-01  8.077e-01  8.096e-01  8.108e-01  8.128e-01  8.142e-01  8.158e-01  8.174e-01  8.185e-01  8.198e-01  8.220e-01  8.236e-01  8.255e-01  8.277e-01  8.308e-01  8.338e-01  8.378e-01  8.432e-01  8.509e-01  8.608e-01  8.751e-01  8.934e-01  8.799e-01 	
 8.337e-01  8.268e-01  8.262e-01  8.240e-01  8.259e-01  8.307e-01  8.290e-01  8.224e-01  8.190e-01  8.208e-01  8.245e-01  8.269e-01  8.269e-01  8.233e-01  8.184e-01  8.125e-01  8.069e-01  8.014e-01  7.962e-01  7.927e-01  7.917e-01  7.932e-01  7.953e-01  7.971e-01  7.991e-01  8.019e-01  8.038e-01  8.056e-01  8.075e-01  8.094e-01  8.107e-01  8.128e-01  8.142e-01  8.157e-01  8.174e-01  8.185e-01  8.199e-01  8.221e-01  8.238e-01  8.258e-01  8.281e-01  8.312e-01  8.344e-01  8.385e-01  8.440e-01  8.517e-01  8.619e-01  8.763e-01  8.947e-01  8.813e-01 	
 8.335e-01  8.266e-01  8.260e-01  8.239e-01  8.258e-01  8.305e-01  8.288e-01  8.222e-01  8.188e-01  8.206e-01  8.243e-01  8.267e-01  8.267e-01  8.231e-01  8.181e-01  8.122e-01  8.067e-01  8.011e-01  7.959e-01  7.925e-01  7.914e-01  7.930e-01  7.950e-01  7.968e-01  7.989e-01  8.017e-01  8.036e-01  8.054e-01  8.073e-01  8.093e-01  8.105e-01  8.126e-01  8.141e-01  8.157e-01  8.174e-01  8.185e-01  8.199e-01  8.222e-01  8.239e-01  8.260e-01  8.283e-01  8.315e-01  8.347e-01  8.389e-01  8.445e-01  8.524e-01  8.626e-01  8.771e-01  8.958e-01  8.824e-01 	
 8.334e-01  8.264e-01  8.258e-01  8.237e-01  8.256e-01  8.303e-01  8.286e-01  8.220e-01  8.186e-01  8.203e-01  8.241e-01  8.265e-01  8.265e-01  8.229e-01  8.179e-01  8.120e-01  8.064e-01  8.009e-01  7.956e-01  7.922e-01  7.911e-01  7.927e-01  7.948e-01  7.966e-01  7.987e-01  8.015e-01  8.033e-01  8.052e-01  8.071e-01  8.091e-01  8.103e-01  8.125e-01  8.139e-01  8.155e-01  8.173e-01  8.184e-01  8.199e-01  8.222e-01  8.239e-01  8.260e-01  8.284e-01  8.316e-01  8.349e-01  8.392e-01  8.448e-01  8.528e-01  8.631e-01  8.778e-01  8.965e-01  8.831e-01 	
 8.332e-01  8.263e-01  8.257e-01  8.235e-01  8.254e-01  8.302e-01  8.284e-01  8.218e-01  8.184e-01  8.202e-01  8.239e-01  8.263e-01  8.263e-01  8.227e-01  8.177e-01  8.117e-01  8.062e-01  8.006e-01  7.954e-01  7.919e-01  7.908e-01  7.924e-01  7.945e-01  7.963e-01  7.984e-01  8.012e-01  8.031e-01  8.049e-01  8.069e-01  8.088e-01  8.101e-01  8.123e-01  8.137e-01  8.154e-01  8.171e-01  8.183e-01  8.197e-01  8.221e-01  8.239e-01  8.260e-01  8.284e-01  8.317e-01  8.350e-01  8.393e-01  8.450e-01  8.530e-01  8.635e-01  8.782e-01  8.970e-01  8.836e-01 	
