1.000000000000000056e-01
1.010674486756558133e-01
1.021462918180632423e-01
1.032366510573066998e-01
1.043386493218093347e-01
1.054524108521921466e-01
1.065780612152810308e-01
1.077157273182632186e-01
1.088655374229950401e-01
1.100276211604623855e-01
1.112021095453953612e-01
1.123891349910390303e-01
1.135888313240819014e-01
1.148013337997437350e-01
1.160267791170243312e-01
1.172653054341151330e-01
1.185170523839753354e-01
1.197821610900743766e-01
1.210607741823023220e-01
1.223530358130500151e-01
1.236590916734610912e-01
1.249790890098574636e-01
1.263131766403399192e-01
1.276615049715660311e-01
1.290242260157072884e-01
1.304014934075871379e-01
1.317934624220018502e-01
1.332002899912264893e-01
1.346221347227075371e-01
1.360591569169446458e-01
1.375115185855630695e-01
1.389793834695789154e-01
1.404629170578595432e-01
1.419622866057811683e-01
1.434776611540853342e-01
1.450092115479365840e-01
1.465571104561839699e-01
1.481215323908279258e-01
1.497026537266949453e-01
1.513006527213222041e-01
1.529157095350545670e-01
1.545480062513561736e-01
1.561977268973387956e-01
1.578650574645089344e-01
1.595501859297371317e-01
1.612533022764504886e-01
1.629745985160517829e-01
1.647142687095667912e-01
1.664725089895232046e-01
1.682495175820628852e-01
1.700454948292899338e-01
1.718606432118576222e-01
1.736951673717961331e-01
1.755492741355845210e-01
1.774231725374682545e-01
1.793170738430260314e-01
1.812311915729881706e-01
1.831657415273092726e-01
1.851209418094977299e-01
1.870970128512048358e-01
1.890941774370765993e-01
1.911126607298709312e-01
1.931526902958425607e-01
1.952144961303991511e-01
1.972983106840312806e-01
1.994043688885192567e-01
2.015329081834196234e-01
2.036841685428342485e-01
2.058583925024652650e-01
2.080558251869591702e-01
2.102767143375421921e-01
2.125213103399508918e-01
2.147898662526610825e-01
2.170826378354180075e-01
2.193998835780709145e-01
2.217418647297154932e-01
2.241088453281473436e-01
2.265010922296301910e-01
2.289188751389813758e-01
2.313624666399786700e-01
2.338321422260917493e-01
2.363281803315417651e-01
2.388508623626923455e-01
2.414004727297754671e-01
2.439772988789563057e-01
2.465816313247405633e-01
2.492137636827270464e-01
2.518739927027103809e-01
2.545626183021368893e-01
2.572799435999177931e-01
2.600262749506032089e-01
2.628019219789206606e-01
2.656071976146826552e-01
2.684424181280670729e-01
2.713079031652736450e-01
2.742039757845609604e-01
2.771309624926688309e-01
2.800891932816290675e-01
2.830790016659689434e-01
2.861007247203120607e-01
2.891547031173807292e-01
2.922412811664036880e-01
2.953608068519341101e-01
2.985136318730814975e-01
3.017001116831627416e-01
3.049206055297767892e-01
3.081754764953061332e-01
3.114650915378513463e-01
3.147898215326023208e-01
3.181500413136513772e-01
3.215461297162524601e-01
3.249784696195311962e-01
3.284474479896513643e-01
3.319534559234422200e-01
3.354968886924907800e-01
3.390781457877053429e-01
3.426976309643544605e-01
3.463557522875873040e-01
3.500529221784389744e-01
3.537895574603272530e-01
3.575660794060461223e-01
3.613829137852603290e-01
3.652404909125075982e-01
3.691392456957120483e-01
3.730796176852167467e-01
3.770620511233393479e-01
3.810869949944561963e-01
3.851549030756211134e-01
3.892662339877252520e-01
3.934214512472025138e-01
3.976210233182867482e-01
4.018654236658270040e-01
4.061551308086664425e-01
4.104906283735916817e-01
4.148724051498569043e-01
4.193009551442906102e-01
4.237767776369905093e-01
4.283003772376134388e-01
4.328722639422653007e-01
4.374929531909984570e-01
4.421629659259232459e-01
4.468828286499399449e-01
4.516530734860970675e-01
4.564742382375833185e-01
4.613468664483603709e-01
4.662715074644429580e-01
4.712487164958326646e-01
4.762790546791125790e-01
4.813630891407107981e-01
4.865013930608391712e-01
4.916945457381143303e-01
4.969431326548677808e-01
5.022477455431546556e-01
5.076089824514662396e-01
5.130274478121544801e-01
5.185037525095762545e-01
5.240385139489655009e-01
5.296323561260400936e-01
5.352859096973523467e-01
5.409998120513890285e-01
5.467747073804319902e-01
5.526112467531852923e-01
5.585100881881773782e-01
5.644718967279463984e-01
5.704973445140181232e-01
5.765871108626845487e-01
5.827418823415905225e-01
5.889623528471377156e-01
5.952492236827158223e-01
6.016032036377684244e-01
6.080250090677028485e-01
6.145153639746523400e-01
6.210750000891013256e-01
6.277046569523817565e-01
6.344050820000499691e-01
6.411770306461528346e-01
6.480212663683944108e-01
6.549385607942118659e-01
6.619296937877691134e-01
6.689954535378793699e-01
6.761366366468670730e-01
6.833540482203777078e-01
6.906485019581467544e-01
6.980208202457358624e-01
7.054718342472507953e-01
7.130023839990478063e-01
7.206133185044402145e-01
7.283054958294153947e-01
7.360797831993750595e-01
7.439370570969069396e-01
7.518782033606008497e-01
7.599041172849184678e-01
7.680157037211303717e-01
7.762138771793302139e-01
7.844995619315378033e-01
7.928736921159018625e-01
8.013372118420163392e-01
8.098910752973611515e-01
8.185362468548776915e-01
8.272737011816930774e-01
8.361044233490058097e-01
8.450294089431444888e-01
8.540496641778103637e-01
8.631662060075195875e-01
8.723800622422553941e-01
8.816922716633456281e-01
8.911038841405759525e-01
9.006159607505521691e-01
9.102295738963288585e-01
9.199458074283127784e-01
9.297657567664576739e-01
9.396905290237627106e-01
9.497212431310899650e-01
9.598590299633146250e-01
9.701050324668210045e-01
9.804604057883586909e-01
9.909263174052761469e-01
1.001503947257143645e+00
1.012194487878780746e+00
1.022999144534704419e+00
1.033919135355010344e+00
1.044955691472709391e+00
1.056110057162525484e+00
1.067383489981174716e+00
1.078777260909147495e+00
1.090292654493998148e+00
1.101930968995167071e+00
1.113693516530347871e+00
1.125581623223415484e+00
1.137596629353939237e+00
1.149739889508283541e+00
1.162012772732326171e+00
1.174416662685808799e+00
1.186952957798329766e+00
1.199623071427005527e+00
1.212428432015815183e+00
1.225370483256642551e+00
1.238450684252042855e+00
1.251670509679742249e+00
1.265031449958892829e+00
1.278535011418108658e+00
1.292182716465287040e+00
1.305976103759249218e+00
1.319916728383209170e+00
1.334006162020095365e+00
1.348245993129745690e+00
1.362637827127992418e+00
1.377183286567655429e+00
1.391884011321474990e+00
1.406741658766990977e+00
1.421757903973397852e+00
1.436934439890394488e+00
1.452272977539046828e+00
1.467775246204694461e+00
1.483442993631911122e+00
1.499277986221543957e+00
1.515282009229864890e+00
1.531456866969839847e+00
1.547804383014549368e+00
1.564326400402781481e+00
1.581024781846815275e+00
1.597901409942429352e+00
1.614958187381146049e+00
1.632197037164741182e+00
1.649619902822049733e+00
1.667228748628078350e+00
1.685025559825461761e+00
1.703012342848281291e+00
1.721191125548270362e+00
1.739563957423440721e+00
1.758132909849144054e+00
1.776900076311597632e+00
1.795867572643912835e+00
1.815037537264632572e+00
1.834412131418819758e+00
1.853993539421720405e+00
1.873783968905021746e+00
1.893785651065749365e+00
1.914000840917811530e+00
1.934431817546229615e+00
1.955080884364091665e+00
1.975950369372236004e+00
1.997042625421715956e+00
2.018360030479063205e+00
2.039904987894378241e+00
2.061679926672293384e+00
2.083687301745819731e+00
2.105929594253113990e+00
2.128409311817212490e+00
2.151128988828740152e+00
2.174091186731641034e+00
2.197298494311958450e+00
2.220753527989696607e+00
2.244458932113802430e+00
2.268417379260291078e+00
2.292631570533551155e+00
2.317104235870878437e+00
2.341838134350247014e+00
2.366836054501371578e+00
2.392100814620091942e+00
2.417635263086105990e+00
2.443442278684106572e+00
2.469524770928335222e+00
2.495885680390601991e+00
2.522527979031814471e+00
2.549454670537036893e+00
2.576668790654129904e+00
2.604173407536005236e+00
2.631971622086529017e+00
2.660066568310128776e+00
2.688461413665119704e+00
2.717159359420805220e+00
2.746163641018400714e+00
2.775477528435792873e+00
2.805104326556205674e+00
2.835047375540795223e+00
2.865310051205220088e+00
2.895895765400243071e+00
2.926807966396382188e+00
2.958050139272669021e+00
2.989625806309569978e+00
3.021538527386085971e+00
3.053791900381098934e+00
3.086389561579002905e+00
3.119335186079656985e+00
3.152632488212730344e+00
3.186285221956453473e+00
3.220297181360844530e+00
3.254672200975462282e+00
3.289414156281712742e+00
3.324526964129776552e+00
3.360014583180201964e+00
3.395881014350201177e+00
3.432130301264729511e+00
3.468766530712363405e+00
3.505793833106044755e+00
3.543216382948758181e+00
3.581038399304164344e+00
3.619264146272262561e+00
3.657897933470133367e+00
3.696944116517801859e+00
3.736407097529306665e+00
3.776291325608994498e+00
3.816601297353113154e+00
3.857341557356771755e+00
3.898516698726297580e+00
3.940131363597072056e+00
3.982190243656890338e+00
4.024698080674900424e+00
4.067659667036210180e+00
4.111079846282176042e+00
4.154963513656467988e+00
4.199315616656975614e+00
4.244141155593588621e+00
4.289445184151935209e+00
4.335232809963149414e+00
4.381509195179697613e+00
4.428279557057380522e+00
4.475549168543528467e+00
4.523323358871471633e+00
4.571607514161375008e+00
4.620407078027471748e+00
4.669727552191783815e+00
4.719574497104392030e+00
4.769953532570322174e+00
4.820870338383141274e+00
4.872330654965298713e+00
4.924340284015298330e+00
4.976905089161804518e+00
5.030030996624708983e+00
5.083723995883256741e+00
5.137990140351311297e+00
5.192835548059817619e+00
5.248266402346566828e+00
5.304288952553307013e+00
5.360909514730294312e+00
5.418134472348389075e+00
5.475970277018722854e+00
5.534423449220065017e+00
5.593500579033952036e+00
5.653208326887650514e+00
5.713553424305076511e+00
5.774542674665711139e+00
5.836182953971610132e+00
5.898481211622630838e+00
5.961444471199903283e+00
6.025079831257682983e+00
6.089394466123652094e+00
6.154395626707747091e+00
6.220090641319657720e+00
6.286486916495018562e+00
6.353591937830421088e+00
6.421413270827366127e+00
6.489958561745199361e+00
6.559235538463159543e+00
6.629252011351632667e+00
6.700015874152692064e+00
6.771535104870064714e+00
6.843817766668571778e+00
6.916872008783172099e+00
6.990706067437735705e+00
7.065328266773590826e+00
7.140747019788000749e+00
7.216970829282663757e+00
7.294008288822307229e+00
7.371868083703565944e+00
7.450558991934157049e+00
7.530089885222513324e+00
7.610469729978013298e+00
7.691707588321849975e+00
7.773812619108709576e+00
7.856794078959353556e+00
7.940661323304209596e+00
8.025423807438134105e+00
8.111091087586402182e+00
8.197672821982079583e+00
8.285178771954923249e+00
8.373618803031872559e+00
8.463002886049302731e+00
8.553341098277153165e+00
8.644643624555037320e+00
8.736920758440513524e+00
8.830182903369589553e+00
8.924440573829594214e+00
9.019704396544629077e+00
9.115985111673612806e+00
9.213293574021154342e+00
9.311640754261329533e+00
9.411037740174519328e+00
9.511495737897480041e+00
9.613026073186730969e+00
9.715640192695410349e+00
9.819349665263821691e+00
9.924166183223693594e+00
1.003010156371639638e+01
1.013716775002522041e+01
1.024537681292187230e+01
1.035474095202736500e+01
1.046527249718737096e+01
1.057698390986236880e+01
1.068988778453252309e+01
1.080399685011760802e+01
1.091932397141208355e+01
1.103588215053549071e+01
1.115368452839832791e+01
1.127274438618354324e+01
1.139307514684392508e+01
1.151469037661538231e+01
1.163760378654643013e+01
1.176182923404399006e+01
1.188738072443569038e+01
1.201427241254884315e+01
1.214251860430627694e+01
1.227213375833921738e+01
1.240313248761732012e+01
1.253552956109622585e+01
1.266933990538259103e+01
1.280457860641693024e+01
1.294126091117443522e+01
1.307940222938393049e+01
1.321901813526519831e+01
1.336012436928478841e+01
1.350273683993068907e+01
1.364687162550581867e+01
1.379254497594072859e+01
1.393977331462563996e+01
1.408857324026203450e+01
1.423896152873400922e+01
1.439095513499962209e+01
1.454457119500241191e+01
1.469982702760328230e+01
1.485674013653312819e+01
1.501532821236617643e+01
1.517560913451445259e+01
1.533760097324352856e+01
1.550132199170979064e+01
1.566679064801945565e+01
1.583402559730950721e+01
1.600304569385098930e+01
1.617386999317459839e+01
1.634651775421903253e+01
1.652100844150228554e+01
1.669736172731608548e+01
1.687559749394378272e+01
1.705573583590188846e+01
1.723779706220559760e+01
1.742180169865834571e+01
1.760777049016605744e+01
1.779572440307584813e+01
1.798568462753983965e+01
1.817767257990414365e+01
1.837170990512338165e+01
1.856781847920096595e+01
1.876602041165537216e+01
1.896633804801288647e+01
1.916879397232680660e+01
1.937341100972359698e+01
1.958021222897625080e+01
1.978922094510505403e+01
2.000046072200618141e+01
