1.000000000000000056e-01
1.114191907998595688e-01
1.241423607849550942e-01
1.383184138264391683e-01
1.541132574126195809e-01
1.717117443244453312e-01
1.913198360346207438e-01
2.131670131493925702e-01
2.375089611032834280e-01
2.646305625384315907e-01
2.948492313894368055e-01
3.285186276937159811e-01
3.660327966031416969e-01
4.078307800373163206e-01
4.544017549503330256e-01
5.062907583460218852e-01
5.641050660436099928e-01
6.285212998468036050e-01
7.002933462940675868e-01
7.802611796661084176e-01
8.693606925094163884e-01
9.686346487260470983e-01
1.079244887417623699e+00
1.202485920309572132e+00
1.339800081891169059e+00
1.492794409578996007e+00
1.663259451458458882e+00
1.853190221717198494e+00
2.064809549019425372e+00
2.300594091075672587e+00
2.563303319865898988e+00
2.856011816740521514e+00
3.182145255360656400e+00
3.545520493598966816e+00
3.950390243611156649e+00
4.401492842868152344e+00
4.904107708637428509e+00
5.464117124917356350e+00
6.088075084939471360e+00
6.783283994927423954e+00
7.557880136804520532e+00
8.420928890050912941e+00
9.382530827126325690e+00
1.045393992413152517e+01
1.164769527017079476e+01
1.297776781685781167e+01
1.445972388542758580e+01
1.611090734503742539e+01
1.795064259435583409e+01
2.000046072200618141e+01
