 1.000e-08  1.586e-08  4.681e-08  1.033e-07  1.932e-07  3.241e-07  5.036e-07  7.395e-07  1.039e-06  1.411e-06  1.862e-06  2.399e-06  3.031e-06  3.766e-06  4.610e-06  5.571e-06  6.658e-06  7.877e-06  9.237e-06  1.074e-05  1.241e-05  1.423e-05  1.623e-05  1.841e-05  2.077e-05  2.332e-05  2.608e-05  2.905e-05  3.223e-05  3.563e-05  3.927e-05  4.315e-05  4.727e-05  5.165e-05  5.629e-05  6.120e-05  6.639e-05  7.186e-05  7.762e-05  8.367e-05  9.002e-05  9.667e-05  1.036e-04  1.108e-04  1.183e-04  1.260e-04  1.338e-04  1.416e-04  1.493e-04  1.565e-04 	
 1.000e-08  2.603e-08  7.831e-08  1.745e-07  3.281e-07  5.528e-07  8.619e-07  1.269e-06  1.787e-06  2.430e-06  3.212e-06  4.145e-06  5.243e-06  6.519e-06  7.988e-06  9.662e-06  1.156e-05  1.368e-05  1.605e-05  1.868e-05  2.159e-05  2.478e-05  2.827e-05  3.207e-05  3.620e-05  4.067e-05  4.549e-05  5.068e-05  5.626e-05  6.222e-05  6.860e-05  7.540e-05  8.263e-05  9.032e-05  9.846e-05  1.071e-04  1.162e-04  1.258e-04  1.360e-04  1.467e-04  1.579e-04  1.697e-04  1.820e-04  1.948e-04  2.081e-04  2.218e-04  2.357e-04  2.497e-04  2.635e-04  2.765e-04 	
 1.000e-08  4.493e-08  1.364e-07  3.050e-07  5.749e-07  9.698e-07  1.513e-06  2.230e-06  3.142e-06  4.273e-06  5.648e-06  7.289e-06  9.221e-06  1.147e-05  1.405e-05  1.700e-05  2.033e-05  2.406e-05  2.823e-05  3.286e-05  3.797e-05  4.357e-05  4.971e-05  5.639e-05  6.365e-05  7.151e-05  7.999e-05  8.911e-05  9.891e-05  1.094e-04  1.206e-04  1.325e-04  1.452e-04  1.587e-04  1.730e-04  1.882e-04  2.042e-04  2.211e-04  2.389e-04  2.577e-04  2.774e-04  2.980e-04  3.196e-04  3.421e-04  3.655e-04  3.895e-04  4.140e-04  4.387e-04  4.629e-04  4.861e-04 	
 1.423e-08  7.886e-08  2.402e-07  5.374e-07  1.013e-06  1.708e-06  2.665e-06  3.925e-06  5.529e-06  7.518e-06  9.935e-06  1.282e-05  1.622e-05  2.016e-05  2.470e-05  2.988e-05  3.572e-05  4.229e-05  4.962e-05  5.774e-05  6.671e-05  7.656e-05  8.733e-05  9.907e-05  1.118e-04  1.256e-04  1.405e-04  1.565e-04  1.737e-04  1.921e-04  2.118e-04  2.328e-04  2.551e-04  2.788e-04  3.039e-04  3.305e-04  3.586e-04  3.883e-04  4.195e-04  4.525e-04  4.870e-04  5.233e-04  5.612e-04  6.008e-04  6.418e-04  6.840e-04  7.270e-04  7.702e-04  8.128e-04  8.534e-04 	
 2.494e-08  1.391e-07  4.235e-07  9.466e-07  1.783e-06  3.005e-06  4.687e-06  6.900e-06  9.717e-06  1.321e-05  1.746e-05  2.252e-05  2.848e-05  3.541e-05  4.338e-05  5.247e-05  6.274e-05  7.426e-05  8.712e-05  1.014e-04  1.171e-04  1.344e-04  1.533e-04  1.739e-04  1.963e-04  2.205e-04  2.467e-04  2.748e-04  3.050e-04  3.373e-04  3.718e-04  4.086e-04  4.478e-04  4.894e-04  5.335e-04  5.802e-04  6.295e-04  6.816e-04  7.365e-04  7.943e-04  8.551e-04  9.187e-04  9.853e-04  1.055e-03  1.127e-03  1.201e-03  1.276e-03  1.352e-03  1.427e-03  1.497e-03 	
 4.384e-08  2.453e-07  7.458e-07  1.666e-06  3.135e-06  5.282e-06  8.235e-06  1.212e-05  1.707e-05  2.320e-05  3.065e-05  3.955e-05  5.001e-05  6.217e-05  7.617e-05  9.211e-05  1.101e-04  1.304e-04  1.529e-04  1.780e-04  2.056e-04  2.360e-04  2.692e-04  3.053e-04  3.446e-04  3.871e-04  4.330e-04  4.824e-04  5.354e-04  5.921e-04  6.527e-04  7.173e-04  7.861e-04  8.591e-04  9.365e-04  1.018e-03  1.105e-03  1.196e-03  1.293e-03  1.394e-03  1.501e-03  1.613e-03  1.730e-03  1.851e-03  1.978e-03  2.107e-03  2.240e-03  2.372e-03  2.503e-03  2.626e-03 	
 7.707e-08  4.322e-07  1.312e-06  2.928e-06  5.509e-06  9.279e-06  1.446e-05  2.128e-05  2.997e-05  4.074e-05  5.381e-05  6.942e-05  8.779e-05  1.091e-04  1.337e-04  1.617e-04  1.933e-04  2.288e-04  2.685e-04  3.124e-04  3.609e-04  4.142e-04  4.724e-04  5.359e-04  6.049e-04  6.795e-04  7.600e-04  8.467e-04  9.396e-04  1.039e-03  1.146e-03  1.259e-03  1.380e-03  1.508e-03  1.644e-03  1.787e-03  1.939e-03  2.100e-03  2.269e-03  2.447e-03  2.634e-03  2.830e-03  3.035e-03  3.249e-03  3.470e-03  3.698e-03  3.929e-03  4.162e-03  4.389e-03  4.604e-03 	
 1.355e-07  7.610e-07  2.307e-06  5.145e-06  9.677e-06  1.630e-05  2.540e-05  3.737e-05  5.261e-05  7.151e-05  9.446e-05  1.219e-04  1.541e-04  1.916e-04  2.347e-04  2.838e-04  3.393e-04  4.016e-04  4.712e-04  5.483e-04  6.334e-04  7.269e-04  8.292e-04  9.406e-04  1.062e-03  1.193e-03  1.334e-03  1.486e-03  1.649e-03  1.824e-03  2.010e-03  2.209e-03  2.421e-03  2.646e-03  2.884e-03  3.136e-03  3.403e-03  3.684e-03  3.981e-03  4.293e-03  4.621e-03  4.965e-03  5.325e-03  5.699e-03  6.087e-03  6.485e-03  6.891e-03  7.296e-03  7.692e-03  8.063e-03 	
 2.381e-07  1.339e-06  4.054e-06  9.038e-06  1.700e-05  2.862e-05  4.459e-05  6.561e-05  9.235e-05  1.255e-04  1.658e-04  2.139e-04  2.705e-04  3.362e-04  4.119e-04  4.980e-04  5.955e-04  7.049e-04  8.269e-04  9.622e-04  1.112e-03  1.276e-03  1.455e-03  1.651e-03  1.863e-03  2.093e-03  2.341e-03  2.607e-03  2.894e-03  3.200e-03  3.527e-03  3.876e-03  4.247e-03  4.641e-03  5.059e-03  5.501e-03  5.969e-03  6.462e-03  6.982e-03  7.529e-03  8.103e-03  8.706e-03  9.336e-03  9.991e-03  1.067e-02  1.137e-02  1.207e-02  1.278e-02  1.346e-02  1.411e-02 	
 4.183e-07  2.355e-06  7.123e-06  1.588e-05  2.985e-05  5.024e-05  7.828e-05  1.152e-04  1.621e-04  2.203e-04  2.910e-04  3.754e-04  4.747e-04  5.901e-04  7.228e-04  8.741e-04  1.045e-03  1.237e-03  1.451e-03  1.689e-03  1.951e-03  2.239e-03  2.553e-03  2.896e-03  3.269e-03  3.672e-03  4.107e-03  4.574e-03  5.076e-03  5.613e-03  6.187e-03  6.798e-03  7.448e-03  8.139e-03  8.870e-03  9.644e-03  1.046e-02  1.133e-02  1.224e-02  1.319e-02  1.420e-02  1.525e-02  1.635e-02  1.750e-02  1.868e-02  1.989e-02  2.112e-02  2.235e-02  2.353e-02  2.463e-02 	
 7.350e-07  4.141e-06  1.251e-05  2.788e-05  5.240e-05  8.821e-05  1.374e-04  2.021e-04  2.845e-04  3.867e-04  5.107e-04  6.588e-04  8.331e-04  1.036e-03  1.268e-03  1.534e-03  1.834e-03  2.171e-03  2.546e-03  2.963e-03  3.423e-03  3.928e-03  4.480e-03  5.081e-03  5.734e-03  6.440e-03  7.202e-03  8.021e-03  8.900e-03  9.840e-03  1.084e-02  1.191e-02  1.305e-02  1.426e-02  1.554e-02  1.689e-02  1.832e-02  1.982e-02  2.141e-02  2.308e-02  2.483e-02  2.666e-02  2.858e-02  3.057e-02  3.263e-02  3.473e-02  3.685e-02  3.896e-02  4.099e-02  4.284e-02 	
 1.291e-06  7.280e-06  2.198e-05  4.896e-05  9.200e-05  1.548e-04  2.412e-04  3.548e-04  4.993e-04  6.786e-04  8.963e-04  1.156e-03  1.462e-03  1.817e-03  2.226e-03  2.691e-03  3.218e-03  3.808e-03  4.467e-03  5.198e-03  6.003e-03  6.888e-03  7.855e-03  8.909e-03  1.005e-02  1.129e-02  1.262e-02  1.405e-02  1.559e-02  1.723e-02  1.898e-02  2.085e-02  2.283e-02  2.493e-02  2.716e-02  2.951e-02  3.199e-02  3.461e-02  3.737e-02  4.026e-02  4.329e-02  4.647e-02  4.978e-02  5.321e-02  5.675e-02  6.036e-02  6.400e-02  6.758e-02  7.100e-02  7.409e-02 	
 2.268e-06  1.279e-05  3.860e-05  8.595e-05  1.615e-04  2.717e-04  4.232e-04  6.225e-04  8.762e-04  1.191e-03  1.573e-03  2.028e-03  2.565e-03  3.188e-03  3.905e-03  4.721e-03  5.644e-03  6.679e-03  7.833e-03  9.112e-03  1.052e-02  1.207e-02  1.376e-02  1.560e-02  1.760e-02  1.975e-02  2.208e-02  2.457e-02  2.725e-02  3.010e-02  3.315e-02  3.639e-02  3.982e-02  4.346e-02  4.731e-02  5.137e-02  5.566e-02  6.016e-02  6.490e-02  6.986e-02  7.506e-02  8.049e-02  8.614e-02  9.198e-02  9.799e-02  1.041e-01  1.102e-01  1.162e-01  1.218e-01  1.268e-01 	
 3.985e-06  2.248e-05  6.777e-05  1.509e-04  2.834e-04  4.768e-04  7.426e-04  1.092e-03  1.537e-03  2.089e-03  2.759e-03  3.558e-03  4.498e-03  5.591e-03  6.846e-03  8.276e-03  9.891e-03  1.170e-02  1.372e-02  1.596e-02  1.842e-02  2.112e-02  2.406e-02  2.727e-02  3.074e-02  3.448e-02  3.851e-02  4.283e-02  4.745e-02  5.238e-02  5.763e-02  6.320e-02  6.909e-02  7.533e-02  8.190e-02  8.883e-02  9.610e-02  1.037e-01  1.118e-01  1.201e-01  1.289e-01  1.380e-01  1.474e-01  1.571e-01  1.670e-01  1.771e-01  1.871e-01  1.967e-01  2.057e-01  2.135e-01 	
 6.998e-06  3.949e-05  1.190e-04  2.647e-04  4.971e-04  8.363e-04  1.302e-03  1.915e-03  2.696e-03  3.663e-03  4.837e-03  6.238e-03  7.884e-03  9.797e-03  1.199e-02  1.449e-02  1.731e-02  2.047e-02  2.399e-02  2.788e-02  3.216e-02  3.684e-02  4.195e-02  4.748e-02  5.347e-02  5.992e-02  6.684e-02  7.424e-02  8.213e-02  9.053e-02  9.944e-02  1.089e-01  1.188e-01  1.293e-01  1.403e-01  1.518e-01  1.639e-01  1.765e-01  1.897e-01  2.034e-01  2.176e-01  2.323e-01  2.475e-01  2.631e-01  2.788e-01  2.946e-01  3.102e-01  3.250e-01  3.386e-01  3.500e-01 	
 1.229e-05  6.935e-05  2.087e-04  4.643e-04  8.718e-04  1.466e-03  2.283e-03  3.358e-03  4.725e-03  6.419e-03  8.475e-03  1.093e-02  1.380e-02  1.714e-02  2.097e-02  2.533e-02  3.023e-02  3.572e-02  4.181e-02  4.853e-02  5.590e-02  6.396e-02  7.271e-02  8.217e-02  9.236e-02  1.033e-01  1.150e-01  1.274e-01  1.406e-01  1.546e-01  1.694e-01  1.849e-01  2.012e-01  2.182e-01  2.360e-01  2.546e-01  2.738e-01  2.938e-01  3.145e-01  3.358e-01  3.578e-01  3.804e-01  4.034e-01  4.267e-01  4.502e-01  4.734e-01  4.959e-01  5.170e-01  5.358e-01  5.510e-01 	
 2.157e-05  1.217e-04  3.660e-04  8.140e-04  1.528e-03  2.570e-03  4.001e-03  5.883e-03  8.276e-03  1.124e-02  1.483e-02  1.911e-02  2.412e-02  2.993e-02  3.658e-02  4.411e-02  5.258e-02  6.202e-02  7.246e-02  8.394e-02  9.648e-02  1.101e-01  1.248e-01  1.407e-01  1.577e-01  1.757e-01  1.949e-01  2.152e-01  2.366e-01  2.591e-01  2.825e-01  3.070e-01  3.324e-01  3.588e-01  3.860e-01  4.140e-01  4.428e-01  4.724e-01  5.026e-01  5.334e-01  5.647e-01  5.964e-01  6.283e-01  6.603e-01  6.919e-01  7.227e-01  7.521e-01  7.790e-01  8.022e-01  8.200e-01 	
 3.785e-05  2.135e-04  6.415e-04  1.426e-03  2.677e-03  4.501e-03  7.006e-03  1.030e-02  1.448e-02  1.965e-02  2.590e-02  3.333e-02  4.202e-02  5.204e-02  6.347e-02  7.637e-02  9.080e-02  1.068e-01  1.244e-01  1.436e-01  1.644e-01  1.869e-01  2.110e-01  2.366e-01  2.638e-01  2.925e-01  3.226e-01  3.540e-01  3.867e-01  4.206e-01  4.556e-01  4.916e-01  5.284e-01  5.659e-01  6.041e-01  6.429e-01  6.820e-01  7.215e-01  7.612e-01  8.010e-01  8.408e-01  8.803e-01  9.195e-01  9.580e-01  9.953e-01  1.031e+00  1.064e+00  1.094e+00  1.119e+00  1.137e+00 	
 6.638e-05  3.742e-04  1.123e-03  2.497e-03  4.685e-03  7.875e-03  1.225e-02  1.799e-02  2.527e-02  3.424e-02  4.506e-02  5.786e-02  7.275e-02  8.983e-02  1.092e-01  1.309e-01  1.549e-01  1.813e-01  2.101e-01  2.411e-01  2.744e-01  3.098e-01  3.472e-01  3.865e-01  4.274e-01  4.700e-01  5.138e-01  5.589e-01  6.049e-01  6.516e-01  6.988e-01  7.465e-01  7.942e-01  8.420e-01  8.895e-01  9.367e-01  9.834e-01  1.030e+00  1.075e+00  1.119e+00  1.163e+00  1.205e+00  1.247e+00  1.286e+00  1.324e+00  1.359e+00  1.391e+00  1.419e+00  1.442e+00  1.457e+00 	
 1.163e-04  6.552e-04  1.965e-03  4.366e-03  8.189e-03  1.376e-02  2.138e-02  3.135e-02  4.394e-02  5.938e-02  7.788e-02  9.961e-02  1.247e-01  1.532e-01  1.851e-01  2.204e-01  2.590e-01  3.007e-01  3.454e-01  3.929e-01  4.428e-01  4.948e-01  5.486e-01  6.039e-01  6.602e-01  7.173e-01  7.748e-01  8.324e-01  8.897e-01  9.465e-01  1.003e+00  1.058e+00  1.111e+00  1.164e+00  1.215e+00  1.264e+00  1.311e+00  1.357e+00  1.401e+00  1.443e+00  1.484e+00  1.522e+00  1.559e+00  1.593e+00  1.626e+00  1.655e+00  1.681e+00  1.704e+00  1.721e+00  1.732e+00 	
 2.035e-04  1.146e-03  3.433e-03  7.623e-03  1.429e-02  2.397e-02  3.717e-02  5.435e-02  7.589e-02  1.021e-01  1.331e-01  1.692e-01  2.102e-01  2.560e-01  3.064e-01  3.610e-01  4.195e-01  4.813e-01  5.459e-01  6.126e-01  6.808e-01  7.499e-01  8.194e-01  8.886e-01  9.571e-01  1.024e+00  1.090e+00  1.154e+00  1.216e+00  1.275e+00  1.332e+00  1.386e+00  1.437e+00  1.486e+00  1.532e+00  1.576e+00  1.617e+00  1.655e+00  1.691e+00  1.725e+00  1.757e+00  1.787e+00  1.815e+00  1.840e+00  1.864e+00  1.885e+00  1.903e+00  1.918e+00  1.930e+00  1.936e+00 	
 3.555e-04  1.999e-03  5.986e-03  1.328e-02  2.485e-02  4.158e-02  6.424e-02  9.344e-02  1.296e-01  1.730e-01  2.235e-01  2.810e-01  3.449e-01  4.145e-01  4.890e-01  5.674e-01  6.486e-01  7.315e-01  8.152e-01  8.987e-01  9.810e-01  1.061e+00  1.139e+00  1.214e+00  1.286e+00  1.353e+00  1.417e+00  1.477e+00  1.534e+00  1.586e+00  1.635e+00  1.680e+00  1.722e+00  1.760e+00  1.796e+00  1.828e+00  1.858e+00  1.886e+00  1.912e+00  1.935e+00  1.957e+00  1.976e+00  1.994e+00  2.011e+00  2.026e+00  2.039e+00  2.050e+00  2.059e+00  2.065e+00  2.068e+00 	
 6.198e-04  3.481e-03  1.041e-02  2.305e-02  4.300e-02  7.161e-02  1.099e-01  1.584e-01  2.174e-01  2.864e-01  3.647e-01  4.508e-01  5.433e-01  6.404e-01  7.402e-01  8.409e-01  9.408e-01  1.039e+00  1.133e+00  1.223e+00  1.308e+00  1.388e+00  1.462e+00  1.531e+00  1.594e+00  1.652e+00  1.705e+00  1.753e+00  1.796e+00  1.836e+00  1.871e+00  1.903e+00  1.932e+00  1.959e+00  1.982e+00  2.004e+00  2.023e+00  2.040e+00  2.056e+00  2.070e+00  2.082e+00  2.094e+00  2.104e+00  2.114e+00  2.122e+00  2.129e+00  2.135e+00  2.139e+00  2.142e+00  2.143e+00 	
 1.078e-03  6.045e-03  1.804e-02  3.982e-02  7.385e-02  1.219e-01  1.850e-01  2.628e-01  3.545e-01  4.578e-01  5.702e-01  6.884e-01  8.093e-01  9.299e-01  1.048e+00  1.160e+00  1.267e+00  1.365e+00  1.456e+00  1.539e+00  1.614e+00  1.682e+00  1.742e+00  1.795e+00  1.843e+00  1.885e+00  1.923e+00  1.956e+00  1.985e+00  2.011e+00  2.033e+00  2.053e+00  2.071e+00  2.086e+00  2.100e+00  2.112e+00  2.123e+00  2.132e+00  2.141e+00  2.148e+00  2.154e+00  2.160e+00  2.165e+00  2.170e+00  2.173e+00  2.176e+00  2.179e+00  2.181e+00  2.181e+00  2.181e+00 	
 1.870e-03  1.046e-02  3.112e-02  6.826e-02  1.253e-01  2.039e-01  3.036e-01  4.219e-01  5.546e-01  6.964e-01  8.418e-01  9.858e-01  1.124e+00  1.254e+00  1.373e+00  1.481e+00  1.578e+00  1.663e+00  1.737e+00  1.802e+00  1.859e+00  1.907e+00  1.949e+00  1.986e+00  2.017e+00  2.044e+00  2.067e+00  2.086e+00  2.103e+00  2.118e+00  2.131e+00  2.141e+00  2.150e+00  2.158e+00  2.165e+00  2.171e+00  2.176e+00  2.180e+00  2.184e+00  2.186e+00  2.189e+00  2.191e+00  2.193e+00  2.194e+00  2.195e+00  2.196e+00  2.196e+00  2.196e+00  2.196e+00  2.194e+00 	
 3.234e-03  1.805e-02  5.333e-02  1.157e-01  2.088e-01  3.321e-01  4.806e-01  6.466e-01  8.206e-01  9.937e-01  1.159e+00  1.311e+00  1.447e+00  1.566e+00  1.670e+00  1.758e+00  1.832e+00  1.895e+00  1.948e+00  1.992e+00  2.029e+00  2.059e+00  2.085e+00  2.106e+00  2.124e+00  2.139e+00  2.151e+00  2.161e+00  2.170e+00  2.177e+00  2.182e+00  2.187e+00  2.191e+00  2.194e+00  2.196e+00  2.198e+00  2.199e+00  2.200e+00  2.201e+00  2.202e+00  2.202e+00  2.202e+00  2.202e+00  2.201e+00  2.201e+00  2.200e+00  2.199e+00  2.198e+00  2.197e+00  2.195e+00 	
 5.581e-03  3.099e-02  9.060e-02  1.929e-01  3.387e-01  5.203e-01  7.237e-01  9.329e-01  1.134e+00  1.318e+00  1.479e+00  1.616e+00  1.731e+00  1.825e+00  1.902e+00  1.964e+00  2.014e+00  2.054e+00  2.086e+00  2.112e+00  2.133e+00  2.150e+00  2.163e+00  2.174e+00  2.182e+00  2.189e+00  2.194e+00  2.198e+00  2.201e+00  2.203e+00  2.205e+00  2.206e+00  2.206e+00  2.207e+00  2.206e+00  2.206e+00  2.205e+00  2.205e+00  2.204e+00  2.203e+00  2.201e+00  2.200e+00  2.199e+00  2.198e+00  2.196e+00  2.195e+00  2.194e+00  2.192e+00  2.190e+00  2.188e+00 	
 9.616e-03  5.298e-02  1.520e-01  3.138e-01  5.289e-01  7.741e-01  1.023e+00  1.254e+00  1.455e+00  1.623e+00  1.757e+00  1.864e+00  1.947e+00  2.011e+00  2.060e+00  2.098e+00  2.127e+00  2.149e+00  2.166e+00  2.179e+00  2.189e+00  2.197e+00  2.202e+00  2.206e+00  2.209e+00  2.210e+00  2.211e+00  2.212e+00  2.211e+00  2.211e+00  2.210e+00  2.209e+00  2.208e+00  2.206e+00  2.205e+00  2.203e+00  2.201e+00  2.200e+00  2.198e+00  2.196e+00  2.194e+00  2.192e+00  2.191e+00  2.189e+00  2.187e+00  2.185e+00  2.184e+00  2.182e+00  2.180e+00  2.177e+00 	
 1.656e-02  8.995e-02  2.501e-01  4.930e-01  7.847e-01  1.081e+00  1.347e+00  1.567e+00  1.740e+00  1.871e+00  1.968e+00  2.039e+00  2.091e+00  2.129e+00  2.156e+00  2.176e+00  2.190e+00  2.200e+00  2.207e+00  2.212e+00  2.215e+00  2.217e+00  2.217e+00  2.217e+00  2.217e+00  2.215e+00  2.214e+00  2.212e+00  2.210e+00  2.208e+00  2.206e+00  2.204e+00  2.202e+00  2.199e+00  2.197e+00  2.195e+00  2.193e+00  2.190e+00  2.188e+00  2.186e+00  2.184e+00  2.182e+00  2.180e+00  2.178e+00  2.176e+00  2.174e+00  2.172e+00  2.170e+00  2.168e+00  2.166e+00 	
 2.849e-02  1.512e-01  4.003e-01  7.387e-01  1.094e+00  1.406e+00  1.651e+00  1.832e+00  1.959e+00  2.047e+00  2.107e+00  2.148e+00  2.176e+00  2.195e+00  2.207e+00  2.215e+00  2.220e+00  2.222e+00  2.223e+00  2.223e+00  2.222e+00  2.220e+00  2.218e+00  2.216e+00  2.213e+00  2.211e+00  2.208e+00  2.205e+00  2.202e+00  2.200e+00  2.197e+00  2.194e+00  2.191e+00  2.189e+00  2.186e+00  2.184e+00  2.181e+00  2.179e+00  2.176e+00  2.174e+00  2.172e+00  2.170e+00  2.168e+00  2.166e+00  2.164e+00  2.162e+00  2.160e+00  2.158e+00  2.156e+00  2.153e+00 	
 4.899e-02  2.498e-01  6.156e-01  1.042e+00  1.421e+00  1.705e+00  1.899e+00  2.026e+00  2.107e+00  2.158e+00  2.189e+00  2.209e+00  2.220e+00  2.227e+00  2.229e+00  2.230e+00  2.229e+00  2.227e+00  2.225e+00  2.222e+00  2.218e+00  2.215e+00  2.212e+00  2.208e+00  2.205e+00  2.201e+00  2.198e+00  2.194e+00  2.191e+00  2.188e+00  2.185e+00  2.182e+00  2.179e+00  2.176e+00  2.174e+00  2.171e+00  2.169e+00  2.166e+00  2.164e+00  2.162e+00  2.160e+00  2.158e+00  2.156e+00  2.154e+00  2.152e+00  2.150e+00  2.148e+00  2.146e+00  2.144e+00  2.141e+00 	
 8.398e-02  4.020e-01  8.971e-01  1.373e+00  1.721e+00  1.943e+00  2.074e+00  2.151e+00  2.194e+00  2.218e+00  2.230e+00  2.236e+00  2.237e+00  2.236e+00  2.234e+00  2.230e+00  2.226e+00  2.222e+00  2.218e+00  2.213e+00  2.209e+00  2.205e+00  2.201e+00  2.197e+00  2.193e+00  2.189e+00  2.185e+00  2.182e+00  2.179e+00  2.175e+00  2.172e+00  2.169e+00  2.167e+00  2.164e+00  2.161e+00  2.159e+00  2.156e+00  2.154e+00  2.152e+00  2.150e+00  2.148e+00  2.146e+00  2.144e+00  2.142e+00  2.140e+00  2.138e+00  2.136e+00  2.134e+00  2.132e+00  2.129e+00 	
 1.429e-01  6.213e-01  1.224e+00  1.683e+00  1.958e+00  2.106e+00  2.183e+00  2.220e+00  2.238e+00  2.245e+00  2.245e+00  2.243e+00  2.239e+00  2.234e+00  2.228e+00  2.223e+00  2.217e+00  2.212e+00  2.207e+00  2.202e+00  2.197e+00  2.192e+00  2.188e+00  2.184e+00  2.180e+00  2.176e+00  2.172e+00  2.169e+00  2.166e+00  2.162e+00  2.159e+00  2.157e+00  2.154e+00  2.151e+00  2.149e+00  2.146e+00  2.144e+00  2.142e+00  2.140e+00  2.138e+00  2.136e+00  2.134e+00  2.132e+00  2.130e+00  2.129e+00  2.127e+00  2.125e+00  2.123e+00  2.121e+00  2.118e+00 	
 2.394e-01  9.088e-01  1.553e+00  1.935e+00  2.121e+00  2.204e+00  2.240e+00  2.252e+00  2.254e+00  2.251e+00  2.245e+00  2.238e+00  2.231e+00  2.224e+00  2.217e+00  2.211e+00  2.205e+00  2.199e+00  2.193e+00  2.188e+00  2.183e+00  2.179e+00  2.174e+00  2.170e+00  2.166e+00  2.163e+00  2.159e+00  2.156e+00  2.153e+00  2.150e+00  2.147e+00  2.144e+00  2.142e+00  2.139e+00  2.137e+00  2.134e+00  2.132e+00  2.130e+00  2.128e+00  2.126e+00  2.125e+00  2.123e+00  2.121e+00  2.120e+00  2.118e+00  2.116e+00  2.115e+00  2.113e+00  2.110e+00  2.108e+00 	
 3.906e-01  1.242e+00  1.839e+00  2.112e+00  2.218e+00  2.254e+00  2.263e+00  2.261e+00  2.254e+00  2.245e+00  2.236e+00  2.227e+00  2.219e+00  2.211e+00  2.204e+00  2.197e+00  2.191e+00  2.185e+00  2.179e+00  2.174e+00  2.169e+00  2.165e+00  2.161e+00  2.157e+00  2.153e+00  2.150e+00  2.146e+00  2.143e+00  2.140e+00  2.137e+00  2.135e+00  2.132e+00  2.130e+00  2.128e+00  2.125e+00  2.123e+00  2.121e+00  2.119e+00  2.118e+00  2.116e+00  2.114e+00  2.113e+00  2.111e+00  2.110e+00  2.108e+00  2.107e+00  2.105e+00  2.103e+00  2.101e+00  2.098e+00 	
 6.111e-01  1.578e+00  2.055e+00  2.220e+00  2.267e+00  2.273e+00  2.267e+00  2.257e+00  2.245e+00  2.234e+00  2.224e+00  2.214e+00  2.205e+00  2.197e+00  2.190e+00  2.183e+00  2.177e+00  2.171e+00  2.166e+00  2.161e+00  2.156e+00  2.152e+00  2.148e+00  2.144e+00  2.141e+00  2.138e+00  2.135e+00  2.132e+00  2.129e+00  2.126e+00  2.124e+00  2.121e+00  2.119e+00  2.117e+00  2.115e+00  2.113e+00  2.111e+00  2.110e+00  2.108e+00  2.106e+00  2.105e+00  2.103e+00  2.102e+00  2.101e+00  2.099e+00  2.098e+00  2.096e+00  2.094e+00  2.092e+00  2.089e+00 	
 9.024e-01  1.869e+00  2.195e+00  2.275e+00  2.284e+00  2.274e+00  2.260e+00  2.245e+00  2.232e+00  2.220e+00  2.209e+00  2.199e+00  2.190e+00  2.182e+00  2.175e+00  2.169e+00  2.163e+00  2.158e+00  2.153e+00  2.148e+00  2.144e+00  2.140e+00  2.136e+00  2.133e+00  2.129e+00  2.126e+00  2.124e+00  2.121e+00  2.118e+00  2.116e+00  2.114e+00  2.111e+00  2.109e+00  2.107e+00  2.105e+00  2.104e+00  2.102e+00  2.100e+00  2.099e+00  2.097e+00  2.096e+00  2.095e+00  2.093e+00  2.092e+00  2.091e+00  2.090e+00  2.088e+00  2.086e+00  2.084e+00  2.081e+00 	
 1.241e+00  2.089e+00  2.272e+00  2.296e+00  2.283e+00  2.265e+00  2.247e+00  2.231e+00  2.217e+00  2.205e+00  2.194e+00  2.184e+00  2.176e+00  2.169e+00  2.162e+00  2.156e+00  2.150e+00  2.145e+00  2.140e+00  2.136e+00  2.132e+00  2.128e+00  2.125e+00  2.122e+00  2.119e+00  2.116e+00  2.113e+00  2.111e+00  2.108e+00  2.106e+00  2.104e+00  2.102e+00  2.100e+00  2.098e+00  2.097e+00  2.095e+00  2.093e+00  2.092e+00  2.091e+00  2.089e+00  2.088e+00  2.087e+00  2.086e+00  2.084e+00  2.083e+00  2.082e+00  2.080e+00  2.079e+00  2.076e+00  2.073e+00 	
 1.578e+00  2.233e+00  2.307e+00  2.296e+00  2.273e+00  2.250e+00  2.231e+00  2.215e+00  2.201e+00  2.189e+00  2.179e+00  2.170e+00  2.162e+00  2.155e+00  2.149e+00  2.143e+00  2.138e+00  2.133e+00  2.129e+00  2.125e+00  2.121e+00  2.118e+00  2.114e+00  2.112e+00  2.109e+00  2.106e+00  2.104e+00  2.101e+00  2.099e+00  2.097e+00  2.095e+00  2.093e+00  2.092e+00  2.090e+00  2.088e+00  2.087e+00  2.085e+00  2.084e+00  2.083e+00  2.082e+00  2.080e+00  2.079e+00  2.078e+00  2.077e+00  2.076e+00  2.075e+00  2.073e+00  2.072e+00  2.069e+00  2.066e+00 	
 1.866e+00  2.315e+00  2.315e+00  2.286e+00  2.258e+00  2.234e+00  2.215e+00  2.199e+00  2.186e+00  2.175e+00  2.165e+00  2.156e+00  2.149e+00  2.142e+00  2.137e+00  2.131e+00  2.126e+00  2.122e+00  2.118e+00  2.114e+00  2.111e+00  2.108e+00  2.105e+00  2.102e+00  2.100e+00  2.097e+00  2.095e+00  2.093e+00  2.091e+00  2.089e+00  2.087e+00  2.085e+00  2.084e+00  2.082e+00  2.081e+00  2.079e+00  2.078e+00  2.077e+00  2.076e+00  2.075e+00  2.074e+00  2.073e+00  2.072e+00  2.071e+00  2.070e+00  2.069e+00  2.067e+00  2.065e+00  2.063e+00  2.060e+00 	
 2.077e+00  2.353e+00  2.307e+00  2.270e+00  2.240e+00  2.217e+00  2.198e+00  2.183e+00  2.171e+00  2.160e+00  2.151e+00  2.143e+00  2.137e+00  2.131e+00  2.125e+00  2.120e+00  2.116e+00  2.112e+00  2.108e+00  2.105e+00  2.102e+00  2.099e+00  2.096e+00  2.094e+00  2.091e+00  2.089e+00  2.087e+00  2.085e+00  2.083e+00  2.081e+00  2.080e+00  2.078e+00  2.077e+00  2.075e+00  2.074e+00  2.073e+00  2.072e+00  2.070e+00  2.069e+00  2.068e+00  2.067e+00  2.067e+00  2.066e+00  2.065e+00  2.064e+00  2.063e+00  2.061e+00  2.060e+00  2.057e+00  2.054e+00 	
 2.211e+00  2.363e+00  2.292e+00  2.252e+00  2.223e+00  2.200e+00  2.183e+00  2.169e+00  2.157e+00  2.147e+00  2.139e+00  2.132e+00  2.125e+00  2.120e+00  2.115e+00  2.110e+00  2.106e+00  2.102e+00  2.099e+00  2.096e+00  2.093e+00  2.090e+00  2.088e+00  2.086e+00  2.083e+00  2.081e+00  2.079e+00  2.078e+00  2.076e+00  2.074e+00  2.073e+00  2.071e+00  2.070e+00  2.069e+00  2.068e+00  2.066e+00  2.065e+00  2.064e+00  2.063e+00  2.063e+00  2.062e+00  2.061e+00  2.060e+00  2.059e+00  2.058e+00  2.057e+00  2.056e+00  2.054e+00  2.052e+00  2.048e+00 	
 2.285e+00  2.357e+00  2.274e+00  2.234e+00  2.205e+00  2.184e+00  2.168e+00  2.155e+00  2.144e+00  2.135e+00  2.127e+00  2.121e+00  2.115e+00  2.110e+00  2.105e+00  2.101e+00  2.097e+00  2.094e+00  2.091e+00  2.088e+00  2.085e+00  2.083e+00  2.081e+00  2.078e+00  2.076e+00  2.075e+00  2.073e+00  2.071e+00  2.070e+00  2.068e+00  2.067e+00  2.065e+00  2.064e+00  2.063e+00  2.062e+00  2.061e+00  2.060e+00  2.059e+00  2.058e+00  2.057e+00  2.057e+00  2.056e+00  2.055e+00  2.054e+00  2.054e+00  2.053e+00  2.051e+00  2.049e+00  2.047e+00  2.043e+00 	
 2.318e+00  2.343e+00  2.255e+00  2.216e+00  2.189e+00  2.170e+00  2.154e+00  2.142e+00  2.132e+00  2.124e+00  2.117e+00  2.110e+00  2.105e+00  2.100e+00  2.096e+00  2.092e+00  2.089e+00  2.086e+00  2.083e+00  2.080e+00  2.078e+00  2.076e+00  2.073e+00  2.072e+00  2.070e+00  2.068e+00  2.066e+00  2.065e+00  2.064e+00  2.062e+00  2.061e+00  2.060e+00  2.059e+00  2.058e+00  2.057e+00  2.056e+00  2.055e+00  2.054e+00  2.053e+00  2.052e+00  2.052e+00  2.051e+00  2.051e+00  2.050e+00  2.049e+00  2.048e+00  2.047e+00  2.045e+00  2.042e+00  2.038e+00 	
 2.325e+00  2.325e+00  2.237e+00  2.200e+00  2.175e+00  2.156e+00  2.142e+00  2.131e+00  2.121e+00  2.114e+00  2.107e+00  2.101e+00  2.096e+00  2.092e+00  2.088e+00  2.084e+00  2.081e+00  2.078e+00  2.076e+00  2.073e+00  2.071e+00  2.069e+00  2.067e+00  2.065e+00  2.064e+00  2.062e+00  2.061e+00  2.059e+00  2.058e+00  2.057e+00  2.056e+00  2.055e+00  2.054e+00  2.053e+00  2.052e+00  2.051e+00  2.050e+00  2.049e+00  2.049e+00  2.048e+00  2.047e+00  2.047e+00  2.046e+00  2.046e+00  2.045e+00  2.044e+00  2.043e+00  2.041e+00  2.038e+00  2.033e+00 	
 2.317e+00  2.307e+00  2.220e+00  2.185e+00  2.161e+00  2.144e+00  2.131e+00  2.120e+00  2.111e+00  2.104e+00  2.098e+00  2.093e+00  2.088e+00  2.084e+00  2.080e+00  2.077e+00  2.074e+00  2.072e+00  2.069e+00  2.067e+00  2.065e+00  2.063e+00  2.061e+00  2.060e+00  2.058e+00  2.057e+00  2.056e+00  2.054e+00  2.053e+00  2.052e+00  2.051e+00  2.050e+00  2.049e+00  2.048e+00  2.047e+00  2.047e+00  2.046e+00  2.045e+00  2.045e+00  2.044e+00  2.044e+00  2.043e+00  2.043e+00  2.042e+00  2.041e+00  2.040e+00  2.039e+00  2.037e+00  2.033e+00  2.029e+00 	
 2.298e+00  2.288e+00  2.206e+00  2.172e+00  2.149e+00  2.133e+00  2.120e+00  2.111e+00  2.103e+00  2.096e+00  2.090e+00  2.085e+00  2.081e+00  2.077e+00  2.074e+00  2.071e+00  2.068e+00  2.066e+00  2.064e+00  2.062e+00  2.060e+00  2.058e+00  2.056e+00  2.055e+00  2.053e+00  2.052e+00  2.051e+00  2.050e+00  2.049e+00  2.048e+00  2.047e+00  2.046e+00  2.045e+00  2.044e+00  2.043e+00  2.043e+00  2.042e+00  2.041e+00  2.041e+00  2.041e+00  2.040e+00  2.040e+00  2.039e+00  2.039e+00  2.038e+00  2.037e+00  2.036e+00  2.033e+00  2.029e+00  2.024e+00 	
 2.266e+00  2.267e+00  2.192e+00  2.160e+00  2.139e+00  2.124e+00  2.112e+00  2.103e+00  2.095e+00  2.089e+00  2.084e+00  2.079e+00  2.075e+00  2.072e+00  2.069e+00  2.066e+00  2.063e+00  2.061e+00  2.059e+00  2.057e+00  2.055e+00  2.054e+00  2.052e+00  2.051e+00  2.049e+00  2.048e+00  2.047e+00  2.046e+00  2.045e+00  2.044e+00  2.043e+00  2.042e+00  2.042e+00  2.041e+00  2.040e+00  2.040e+00  2.039e+00  2.039e+00  2.038e+00  2.038e+00  2.037e+00  2.037e+00  2.037e+00  2.037e+00  2.036e+00  2.035e+00  2.033e+00  2.030e+00  2.026e+00  2.019e+00 	
 2.201e+00  2.234e+00  2.173e+00  2.145e+00  2.127e+00  2.113e+00  2.103e+00  2.095e+00  2.088e+00  2.083e+00  2.078e+00  2.074e+00  2.070e+00  2.067e+00  2.064e+00  2.062e+00  2.059e+00  2.057e+00  2.056e+00  2.054e+00  2.052e+00  2.051e+00  2.049e+00  2.048e+00  2.047e+00  2.046e+00  2.045e+00  2.044e+00  2.043e+00  2.042e+00  2.041e+00  2.041e+00  2.040e+00  2.039e+00  2.039e+00  2.038e+00  2.038e+00  2.038e+00  2.037e+00  2.037e+00  2.037e+00  2.037e+00  2.037e+00  2.036e+00  2.036e+00  2.034e+00  2.031e+00  2.027e+00  2.021e+00  2.012e+00 	
 2.051e+00  2.168e+00  2.131e+00  2.112e+00  2.098e+00  2.088e+00  2.080e+00  2.074e+00  2.069e+00  2.065e+00  2.061e+00  2.058e+00  2.055e+00  2.052e+00  2.050e+00  2.048e+00  2.046e+00  2.044e+00  2.043e+00  2.041e+00  2.040e+00  2.039e+00  2.038e+00  2.037e+00  2.036e+00  2.035e+00  2.034e+00  2.033e+00  2.032e+00  2.031e+00  2.031e+00  2.030e+00  2.029e+00  2.029e+00  2.028e+00  2.028e+00  2.027e+00  2.027e+00  2.026e+00  2.026e+00  2.025e+00  2.024e+00  2.024e+00  2.022e+00  2.020e+00  2.018e+00  2.013e+00  2.006e+00  1.996e+00  1.980e+00 	
