 1.000e-08  1.000e-08  1.000e-08  1.000e-08  1.000e-08  1.000e-08  1.000e-08  1.000e-08  1.000e-08  1.000e-08  1.000e-08  1.000e-08  5.170e-02  2.628e-01  4.207e-01  5.391e-01  6.294e-01  6.991e-01  7.541e-01  7.984e-01  8.345e-01  8.644e-01  8.892e-01  9.100e-01  9.276e-01  9.423e-01  9.547e-01  9.650e-01  9.735e-01  9.801e-01  9.860e-01  9.906e-01  9.943e-01  9.972e-01  9.992e-01  9.900e-01  9.900e-01  9.900e-01  9.900e-01  9.900e-01  9.900e-01  9.900e-01  9.900e-01  9.900e-01  9.900e-01  9.900e-01  9.900e-01  9.900e-01  9.900e-01  9.900e-01 	
 1.000e-08  1.000e-08  1.000e-08  1.000e-08  1.000e-08  1.000e-08  1.000e-08  1.691e-01  3.629e-01  5.310e-01  6.563e-01  7.432e-01  8.018e-01  8.419e-01  8.713e-01  8.919e-01  9.087e-01  9.225e-01  9.345e-01  9.443e-01  9.533e-01  9.608e-01  9.674e-01  9.730e-01  9.780e-01  9.814e-01  9.841e-01  9.864e-01  9.882e-01  9.892e-01  9.902e-01  9.906e-01  9.907e-01  9.906e-01  9.903e-01  9.898e-01  9.893e-01  9.883e-01  9.877e-01  9.866e-01  9.857e-01  9.846e-01  9.834e-01  9.826e-01  9.818e-01  9.814e-01  9.818e-01  9.835e-01  9.860e-01  9.919e-01 	
 1.000e-08  1.000e-08  1.000e-08  1.000e-08  1.000e-08  2.865e-02  1.569e-01  3.319e-01  5.038e-01  6.404e-01  7.379e-01  8.049e-01  8.509e-01  8.841e-01  9.084e-01  9.275e-01  9.424e-01  9.541e-01  9.635e-01  9.711e-01  9.770e-01  9.817e-01  9.848e-01  9.873e-01  9.887e-01  9.904e-01  9.909e-01  9.911e-01  9.913e-01  9.909e-01  9.905e-01  9.902e-01  9.895e-01  9.889e-01  9.884e-01  9.876e-01  9.870e-01  9.863e-01  9.855e-01  9.849e-01  9.841e-01  9.828e-01  9.820e-01  9.812e-01  9.805e-01  9.791e-01  9.792e-01  9.785e-01  9.785e-01  9.797e-01 	
 1.000e-08  1.000e-08  1.000e-08  1.000e-08  1.000e-08  3.106e-02  1.967e-01  3.968e-01  5.721e-01  7.012e-01  7.892e-01  8.494e-01  8.917e-01  9.209e-01  9.425e-01  9.583e-01  9.700e-01  9.783e-01  9.840e-01  9.878e-01  9.907e-01  9.913e-01  9.922e-01  9.920e-01  9.912e-01  9.908e-01  9.900e-01  9.889e-01  9.881e-01  9.871e-01  9.864e-01  9.854e-01  9.848e-01  9.841e-01  9.835e-01  9.831e-01  9.832e-01  9.816e-01  9.811e-01  9.805e-01  9.800e-01  9.796e-01  9.792e-01  9.787e-01  9.777e-01  9.767e-01  9.758e-01  9.748e-01  9.738e-01  9.727e-01 	
 1.000e-08  1.000e-08  1.000e-08  1.000e-08  1.000e-08  8.634e-02  2.955e-01  5.067e-01  6.698e-01  7.813e-01  8.553e-01  9.045e-01  9.378e-01  9.606e-01  9.759e-01  9.858e-01  9.916e-01  9.947e-01  9.963e-01  9.961e-01  9.953e-01  9.937e-01  9.920e-01  9.905e-01  9.886e-01  9.869e-01  9.855e-01  9.841e-01  9.828e-01  9.818e-01  9.808e-01  9.801e-01  9.789e-01  9.786e-01  9.784e-01  9.775e-01  9.773e-01  9.771e-01  9.763e-01  9.761e-01  9.760e-01  9.758e-01  9.750e-01  9.743e-01  9.741e-01  9.733e-01  9.721e-01  9.709e-01  9.692e-01  9.674e-01 	
 1.000e-08  1.000e-08  1.000e-08  1.000e-08  1.000e-08  1.844e-01  4.225e-01  6.264e-01  7.685e-01  8.600e-01  9.180e-01  9.553e-01  9.787e-01  9.927e-01  9.900e-01  9.900e-01  9.900e-01  9.900e-01  9.900e-01  9.982e-01  9.952e-01  9.924e-01  9.895e-01  9.872e-01  9.849e-01  9.828e-01  9.812e-01  9.794e-01  9.785e-01  9.769e-01  9.762e-01  9.756e-01  9.751e-01  9.739e-01  9.740e-01  9.735e-01  9.735e-01  9.730e-01  9.725e-01  9.724e-01  9.719e-01  9.717e-01  9.711e-01  9.710e-01  9.704e-01  9.697e-01  9.686e-01  9.675e-01  9.656e-01  9.636e-01 	
 1.000e-08  1.000e-08  1.000e-08  1.000e-08  6.991e-02  3.073e-01  5.562e-01  7.405e-01  8.583e-01  9.295e-01  9.716e-01  9.957e-01  9.900e-01  9.900e-01  9.900e-01  9.900e-01  9.900e-01  9.900e-01  9.900e-01  9.981e-01  9.946e-01  9.912e-01  9.883e-01  9.864e-01  9.833e-01  9.816e-01  9.800e-01  9.787e-01  9.775e-01  9.758e-01  9.754e-01  9.744e-01  9.740e-01  9.731e-01  9.727e-01  9.722e-01  9.718e-01  9.713e-01  9.712e-01  9.706e-01  9.705e-01  9.702e-01  9.700e-01  9.694e-01  9.687e-01  9.684e-01  9.669e-01  9.658e-01  9.643e-01  9.617e-01 	
 1.000e-08  1.000e-08  1.000e-08  1.000e-08  1.664e-01  4.462e-01  6.880e-01  8.450e-01  9.358e-01  9.853e-01  9.900e-01  9.900e-01  9.900e-01  9.900e-01  9.900e-01  9.900e-01  9.900e-01  9.900e-01  9.900e-01  9.963e-01  9.933e-01  9.898e-01  9.869e-01  9.845e-01  9.824e-01  9.806e-01  9.789e-01  9.774e-01  9.760e-01  9.752e-01  9.743e-01  9.735e-01  9.726e-01  9.717e-01  9.709e-01  9.704e-01  9.699e-01  9.693e-01  9.691e-01  9.689e-01  9.682e-01  9.675e-01  9.676e-01  9.665e-01  9.661e-01  9.657e-01  9.645e-01  9.631e-01  9.612e-01  9.587e-01 	
 1.000e-08  1.000e-08  1.000e-08  3.416e-02  2.902e-01  5.937e-01  8.108e-01  9.332e-01  9.945e-01  9.900e-01  9.900e-01  9.900e-01  9.900e-01  9.900e-01  9.900e-01  9.900e-01  9.900e-01  9.900e-01  9.966e-01  9.931e-01  9.903e-01  9.873e-01  9.847e-01  9.819e-01  9.799e-01  9.785e-01  9.768e-01  9.751e-01  9.739e-01  9.731e-01  9.718e-01  9.706e-01  9.698e-01  9.689e-01  9.683e-01  9.674e-01  9.664e-01  9.658e-01  9.654e-01  9.647e-01  9.640e-01  9.636e-01  9.628e-01  9.623e-01  9.618e-01  9.606e-01  9.598e-01  9.582e-01  9.567e-01  9.545e-01 	
 1.000e-08  1.000e-08  1.000e-08  1.138e-01  4.381e-01  7.379e-01  9.139e-01  9.971e-01  9.900e-01  9.900e-01  9.900e-01  9.900e-01  9.900e-01  9.900e-01  9.900e-01  9.900e-01  9.900e-01  9.972e-01  9.930e-01  9.901e-01  9.870e-01  9.849e-01  9.824e-01  9.806e-01  9.789e-01  9.772e-01  9.756e-01  9.740e-01  9.727e-01  9.715e-01  9.702e-01  9.689e-01  9.676e-01  9.670e-01  9.660e-01  9.649e-01  9.638e-01  9.630e-01  9.619e-01  9.614e-01  9.605e-01  9.596e-01  9.591e-01  9.581e-01  9.572e-01  9.563e-01  9.553e-01  9.540e-01  9.524e-01  9.504e-01 	
 1.000e-08  1.000e-08  1.000e-08  2.276e-01  5.997e-01  8.641e-01  9.880e-01  9.900e-01  9.900e-01  9.900e-01  9.900e-01  9.900e-01  9.900e-01  9.900e-01  9.900e-01  9.993e-01  9.957e-01  9.923e-01  9.898e-01  9.872e-01  9.852e-01  9.830e-01  9.808e-01  9.788e-01  9.772e-01  9.755e-01  9.739e-01  9.723e-01  9.706e-01  9.689e-01  9.679e-01  9.665e-01  9.647e-01  9.636e-01  9.624e-01  9.613e-01  9.597e-01  9.588e-01  9.579e-01  9.569e-01  9.556e-01  9.546e-01  9.536e-01  9.529e-01  9.518e-01  9.511e-01  9.497e-01  9.484e-01  9.470e-01  9.450e-01 	
 1.000e-08  1.000e-08  3.726e-02  3.756e-01  7.554e-01  9.582e-01  9.900e-01  9.900e-01  9.900e-01  9.900e-01  9.900e-01  9.900e-01  9.900e-01  9.900e-01  9.988e-01  9.957e-01  9.927e-01  9.904e-01  9.880e-01  9.861e-01  9.840e-01  9.822e-01  9.802e-01  9.785e-01  9.764e-01  9.747e-01  9.730e-01  9.712e-01  9.691e-01  9.673e-01  9.658e-01  9.643e-01  9.627e-01  9.608e-01  9.595e-01  9.582e-01  9.569e-01  9.555e-01  9.544e-01  9.530e-01  9.519e-01  9.508e-01  9.497e-01  9.489e-01  9.475e-01  9.466e-01  9.452e-01  9.441e-01  9.426e-01  9.406e-01 	
 1.000e-08  1.000e-08  1.190e-01  5.452e-01  8.841e-01  9.900e-01  9.900e-01  9.900e-01  9.900e-01  9.900e-01  9.900e-01  9.900e-01  9.900e-01  9.974e-01  9.947e-01  9.924e-01  9.908e-01  9.889e-01  9.871e-01  9.853e-01  9.835e-01  9.818e-01  9.797e-01  9.776e-01  9.758e-01  9.736e-01  9.714e-01  9.699e-01  9.677e-01  9.657e-01  9.638e-01  9.618e-01  9.601e-01  9.584e-01  9.570e-01  9.552e-01  9.537e-01  9.523e-01  9.508e-01  9.496e-01  9.484e-01  9.472e-01  9.460e-01  9.452e-01  9.436e-01  9.428e-01  9.416e-01  9.404e-01  9.389e-01  9.371e-01 	
 1.000e-08  1.000e-08  2.398e-01  7.118e-01  9.729e-01  9.900e-01  9.900e-01  9.900e-01  9.900e-01  9.900e-01  9.900e-01  9.900e-01  9.971e-01  9.947e-01  9.934e-01  9.918e-01  9.903e-01  9.888e-01  9.873e-01  9.855e-01  9.837e-01  9.815e-01  9.796e-01  9.778e-01  9.755e-01  9.732e-01  9.713e-01  9.686e-01  9.666e-01  9.645e-01  9.624e-01  9.603e-01  9.585e-01  9.567e-01  9.545e-01  9.530e-01  9.515e-01  9.496e-01  9.484e-01  9.468e-01  9.459e-01  9.443e-01  9.430e-01  9.421e-01  9.409e-01  9.396e-01  9.384e-01  9.371e-01  9.356e-01  9.338e-01 	
 1.000e-08  1.224e-02  3.945e-01  8.495e-01  9.900e-01  9.900e-01  9.900e-01  9.900e-01  9.900e-01  9.900e-01  9.985e-01  9.960e-01  9.942e-01  9.934e-01  9.922e-01  9.911e-01  9.903e-01  9.887e-01  9.872e-01  9.856e-01  9.837e-01  9.815e-01  9.795e-01  9.769e-01  9.745e-01  9.722e-01  9.697e-01  9.673e-01  9.652e-01  9.630e-01  9.605e-01  9.583e-01  9.561e-01  9.542e-01  9.519e-01  9.503e-01  9.487e-01  9.471e-01  9.451e-01  9.438e-01  9.422e-01  9.412e-01  9.395e-01  9.386e-01  9.369e-01  9.357e-01  9.344e-01  9.331e-01  9.315e-01  9.296e-01 	
 1.000e-08  7.624e-02  5.629e-01  9.426e-01  9.900e-01  9.900e-01  9.900e-01  9.900e-01  9.900e-01  9.972e-01  9.949e-01  9.937e-01  9.933e-01  9.929e-01  9.921e-01  9.912e-01  9.903e-01  9.890e-01  9.874e-01  9.855e-01  9.832e-01  9.812e-01  9.788e-01  9.764e-01  9.736e-01  9.708e-01  9.683e-01  9.658e-01  9.632e-01  9.606e-01  9.580e-01  9.557e-01  9.530e-01  9.507e-01  9.487e-01  9.471e-01  9.450e-01  9.430e-01  9.413e-01  9.396e-01  9.379e-01  9.366e-01  9.349e-01  9.339e-01  9.326e-01  9.309e-01  9.295e-01  9.279e-01  9.266e-01  9.247e-01 	
 2.731e-03  1.744e-01  7.166e-01  9.926e-01  9.900e-01  9.900e-01  9.900e-01  9.990e-01  9.955e-01  9.935e-01  9.932e-01  9.932e-01  9.927e-01  9.926e-01  9.923e-01  9.914e-01  9.901e-01  9.888e-01  9.868e-01  9.848e-01  9.824e-01  9.800e-01  9.772e-01  9.743e-01  9.718e-01  9.686e-01  9.660e-01  9.630e-01  9.597e-01  9.573e-01  9.546e-01  9.519e-01  9.492e-01  9.468e-01  9.443e-01  9.419e-01  9.398e-01  9.381e-01  9.360e-01  9.342e-01  9.325e-01  9.311e-01  9.297e-01  9.280e-01  9.266e-01  9.252e-01  9.235e-01  9.221e-01  9.205e-01  9.188e-01 	
 3.851e-02  3.046e-01  8.336e-01  9.900e-01  9.900e-01  9.900e-01  9.969e-01  9.934e-01  9.922e-01  9.920e-01  9.923e-01  9.929e-01  9.933e-01  9.931e-01  9.924e-01  9.914e-01  9.901e-01  9.884e-01  9.863e-01  9.842e-01  9.814e-01  9.786e-01  9.754e-01  9.724e-01  9.695e-01  9.661e-01  9.631e-01  9.597e-01  9.566e-01  9.535e-01  9.503e-01  9.475e-01  9.451e-01  9.422e-01  9.398e-01  9.372e-01  9.347e-01  9.326e-01  9.308e-01  9.286e-01  9.268e-01  9.250e-01  9.233e-01  9.218e-01  9.204e-01  9.186e-01  9.172e-01  9.159e-01  9.142e-01  9.125e-01 	
 9.291e-02  4.533e-01  9.084e-01  9.900e-01  9.900e-01  9.948e-01  9.905e-01  9.896e-01  9.907e-01  9.914e-01  9.923e-01  9.931e-01  9.931e-01  9.928e-01  9.921e-01  9.910e-01  9.896e-01  9.875e-01  9.854e-01  9.825e-01  9.800e-01  9.767e-01  9.734e-01  9.703e-01  9.666e-01  9.631e-01  9.596e-01  9.561e-01  9.529e-01  9.494e-01  9.461e-01  9.429e-01  9.400e-01  9.371e-01  9.342e-01  9.316e-01  9.294e-01  9.272e-01  9.246e-01  9.224e-01  9.206e-01  9.187e-01  9.172e-01  9.150e-01  9.136e-01  9.122e-01  9.104e-01  9.086e-01  9.072e-01  9.051e-01 	
 1.688e-01  5.987e-01  9.473e-01  9.975e-01  9.917e-01  9.868e-01  9.870e-01  9.876e-01  9.895e-01  9.910e-01  9.917e-01  9.924e-01  9.921e-01  9.917e-01  9.909e-01  9.895e-01  9.877e-01  9.855e-01  9.833e-01  9.803e-01  9.770e-01  9.736e-01  9.705e-01  9.666e-01  9.628e-01  9.589e-01  9.553e-01  9.513e-01  9.480e-01  9.443e-01  9.406e-01  9.373e-01  9.343e-01  9.310e-01  9.280e-01  9.253e-01  9.227e-01  9.201e-01  9.178e-01  9.156e-01  9.133e-01  9.110e-01  9.092e-01  9.077e-01  9.058e-01  9.040e-01  9.025e-01  9.007e-01  8.990e-01  8.972e-01 	
 2.656e-01  7.194e-01  9.624e-01  9.868e-01  9.825e-01  9.825e-01  9.848e-01  9.871e-01  9.894e-01  9.907e-01  9.917e-01  9.920e-01  9.919e-01  9.912e-01  9.900e-01  9.886e-01  9.863e-01  9.841e-01  9.814e-01  9.784e-01  9.750e-01  9.715e-01  9.676e-01  9.636e-01  9.597e-01  9.553e-01  9.512e-01  9.471e-01  9.434e-01  9.393e-01  9.355e-01  9.321e-01  9.283e-01  9.249e-01  9.222e-01  9.188e-01  9.161e-01  9.130e-01  9.107e-01  9.080e-01  9.057e-01  9.038e-01  9.015e-01  9.000e-01  8.977e-01  8.958e-01  8.943e-01  8.929e-01  8.911e-01  8.889e-01 	
 3.767e-01  8.052e-01  9.637e-01  9.762e-01  9.767e-01  9.800e-01  9.837e-01  9.867e-01  9.891e-01  9.903e-01  9.909e-01  9.912e-01  9.911e-01  9.903e-01  9.888e-01  9.872e-01  9.853e-01  9.826e-01  9.796e-01  9.764e-01  9.725e-01  9.686e-01  9.646e-01  9.606e-01  9.561e-01  9.513e-01  9.471e-01  9.430e-01  9.388e-01  9.342e-01  9.303e-01  9.265e-01  9.222e-01  9.187e-01  9.156e-01  9.121e-01  9.089e-01  9.058e-01  9.031e-01  9.007e-01  8.980e-01  8.960e-01  8.937e-01  8.918e-01  8.894e-01  8.879e-01  8.860e-01  8.838e-01  8.823e-01  8.805e-01 	
 4.898e-01  8.571e-01  9.578e-01  9.677e-01  9.729e-01  9.788e-01  9.830e-01  9.860e-01  9.880e-01  9.892e-01  9.897e-01  9.899e-01  9.895e-01  9.886e-01  9.874e-01  9.854e-01  9.831e-01  9.803e-01  9.772e-01  9.736e-01  9.700e-01  9.652e-01  9.611e-01  9.566e-01  9.517e-01  9.471e-01  9.425e-01  9.374e-01  9.327e-01  9.281e-01  9.241e-01  9.198e-01  9.155e-01  9.119e-01  9.079e-01  9.047e-01  9.011e-01  8.979e-01  8.948e-01  8.920e-01  8.896e-01  8.868e-01  8.848e-01  8.828e-01  8.805e-01  8.786e-01  8.766e-01  8.747e-01  8.729e-01  8.707e-01 	
 5.876e-01  8.813e-01  9.486e-01  9.611e-01  9.698e-01  9.769e-01  9.813e-01  9.842e-01  9.860e-01  9.876e-01  9.877e-01  9.879e-01  9.881e-01  9.872e-01  9.856e-01  9.840e-01  9.812e-01  9.788e-01  9.751e-01  9.711e-01  9.666e-01  9.621e-01  9.575e-01  9.526e-01  9.471e-01  9.421e-01  9.373e-01  9.322e-01  9.271e-01  9.223e-01  9.175e-01  9.131e-01  9.086e-01  9.046e-01  9.006e-01  8.966e-01  8.929e-01  8.897e-01  8.864e-01  8.836e-01  8.804e-01  8.780e-01  8.755e-01  8.731e-01  8.707e-01  8.688e-01  8.668e-01  8.649e-01  8.630e-01  8.612e-01 	
 6.593e-01  8.878e-01  9.390e-01  9.551e-01  9.665e-01  9.739e-01  9.784e-01  9.818e-01  9.840e-01  9.851e-01  9.856e-01  9.862e-01  9.860e-01  9.851e-01  9.838e-01  9.817e-01  9.792e-01  9.764e-01  9.723e-01  9.681e-01  9.636e-01  9.590e-01  9.535e-01  9.484e-01  9.429e-01  9.373e-01  9.318e-01  9.265e-01  9.213e-01  9.160e-01  9.111e-01  9.058e-01  9.013e-01  8.964e-01  8.927e-01  8.886e-01  8.845e-01  8.808e-01  8.776e-01  8.743e-01  8.714e-01  8.685e-01  8.661e-01  8.637e-01  8.612e-01  8.588e-01  8.568e-01  8.549e-01  8.530e-01  8.511e-01 	
 7.069e-01  8.850e-01  9.297e-01  9.500e-01  9.627e-01  9.706e-01  9.756e-01  9.786e-01  9.815e-01  9.826e-01  9.838e-01  9.843e-01  9.842e-01  9.836e-01  9.819e-01  9.798e-01  9.772e-01  9.735e-01  9.697e-01  9.655e-01  9.605e-01  9.554e-01  9.498e-01  9.443e-01  9.386e-01  9.322e-01  9.265e-01  9.208e-01  9.150e-01  9.093e-01  9.039e-01  8.989e-01  8.940e-01  8.890e-01  8.844e-01  8.802e-01  8.765e-01  8.724e-01  8.686e-01  8.653e-01  8.620e-01  8.591e-01  8.566e-01  8.537e-01  8.513e-01  8.488e-01  8.468e-01  8.444e-01  8.425e-01  8.406e-01 	
 7.375e-01  8.780e-01  9.220e-01  9.447e-01  9.580e-01  9.663e-01  9.719e-01  9.756e-01  9.785e-01  9.800e-01  9.816e-01  9.821e-01  9.823e-01  9.817e-01  9.799e-01  9.778e-01  9.748e-01  9.714e-01  9.672e-01  9.621e-01  9.569e-01  9.513e-01  9.457e-01  9.400e-01  9.335e-01  9.273e-01  9.212e-01  9.149e-01  9.087e-01  9.025e-01  8.970e-01  8.916e-01  8.861e-01  8.811e-01  8.760e-01  8.718e-01  8.672e-01  8.634e-01  8.596e-01  8.558e-01  8.525e-01  8.491e-01  8.462e-01  8.437e-01  8.412e-01  8.383e-01  8.359e-01  8.339e-01  8.316e-01  8.296e-01 	
 7.519e-01  8.681e-01  9.133e-01  9.378e-01  9.518e-01  9.606e-01  9.669e-01  9.710e-01  9.746e-01  9.769e-01  9.785e-01  9.798e-01  9.799e-01  9.790e-01  9.776e-01  9.754e-01  9.723e-01  9.685e-01  9.637e-01  9.590e-01  9.537e-01  9.476e-01  9.415e-01  9.349e-01  9.283e-01  9.216e-01  9.153e-01  9.082e-01  9.023e-01  8.960e-01  8.897e-01  8.841e-01  8.786e-01  8.727e-01  8.679e-01  8.628e-01  8.586e-01  8.543e-01  8.501e-01  8.462e-01  8.429e-01  8.395e-01  8.361e-01  8.332e-01  8.307e-01  8.278e-01  8.253e-01  8.229e-01  8.213e-01  8.190e-01 	
 7.568e-01  8.574e-01  9.042e-01  9.299e-01  9.452e-01  9.547e-01  9.621e-01  9.670e-01  9.710e-01  9.737e-01  9.761e-01  9.770e-01  9.772e-01  9.765e-01  9.751e-01  9.725e-01  9.694e-01  9.654e-01  9.607e-01  9.554e-01  9.497e-01  9.435e-01  9.369e-01  9.302e-01  9.230e-01  9.159e-01  9.091e-01  9.023e-01  8.955e-01  8.891e-01  8.827e-01  8.762e-01  8.702e-01  8.646e-01  8.595e-01  8.543e-01  8.495e-01  8.448e-01  8.405e-01  8.367e-01  8.328e-01  8.298e-01  8.260e-01  8.231e-01  8.205e-01  8.176e-01  8.147e-01  8.126e-01  8.107e-01  8.083e-01 	
 7.582e-01  8.468e-01  8.951e-01  9.220e-01  9.382e-01  9.492e-01  9.571e-01  9.632e-01  9.681e-01  9.712e-01  9.732e-01  9.745e-01  9.751e-01  9.741e-01  9.726e-01  9.699e-01  9.668e-01  9.628e-01  9.575e-01  9.522e-01  9.460e-01  9.393e-01  9.326e-01  9.254e-01  9.182e-01  9.109e-01  9.036e-01  8.959e-01  8.894e-01  8.821e-01  8.756e-01  8.691e-01  8.626e-01  8.570e-01  8.513e-01  8.461e-01  8.409e-01  8.361e-01  8.314e-01  8.275e-01  8.232e-01  8.202e-01  8.163e-01  8.133e-01  8.103e-01  8.074e-01  8.045e-01  8.020e-01  8.000e-01  7.976e-01 	
 7.565e-01  8.356e-01  8.846e-01  9.129e-01  9.310e-01  9.435e-01  9.527e-01  9.593e-01  9.647e-01  9.682e-01  9.707e-01  9.721e-01  9.726e-01  9.720e-01  9.701e-01  9.678e-01  9.638e-01  9.597e-01  9.544e-01  9.490e-01  9.423e-01  9.351e-01  9.279e-01  9.206e-01  9.129e-01  9.055e-01  8.977e-01  8.899e-01  8.830e-01  8.756e-01  8.686e-01  8.620e-01  8.550e-01  8.493e-01  8.436e-01  8.379e-01  8.327e-01  8.274e-01  8.230e-01  8.187e-01  8.144e-01  8.105e-01  8.070e-01  8.036e-01  8.002e-01  7.976e-01  7.947e-01  7.922e-01  7.902e-01  7.878e-01 	
 7.546e-01  8.257e-01  8.746e-01  9.042e-01  9.239e-01  9.378e-01  9.479e-01  9.554e-01  9.608e-01  9.648e-01  9.677e-01  9.691e-01  9.701e-01  9.691e-01  9.676e-01  9.648e-01  9.612e-01  9.566e-01  9.512e-01  9.449e-01  9.385e-01  9.312e-01  9.235e-01  9.157e-01  9.079e-01  9.001e-01  8.922e-01  8.844e-01  8.765e-01  8.690e-01  8.619e-01  8.549e-01  8.483e-01  8.417e-01  8.359e-01  8.298e-01  8.244e-01  8.192e-01  8.144e-01  8.100e-01  8.056e-01  8.017e-01  7.982e-01  7.948e-01  7.917e-01  7.883e-01  7.858e-01  7.833e-01  7.804e-01  7.780e-01 	
 7.499e-01  8.147e-01  8.644e-01  8.954e-01  9.169e-01  9.318e-01  9.429e-01  9.509e-01  9.572e-01  9.617e-01  9.643e-01  9.665e-01  9.667e-01  9.665e-01  9.646e-01  9.618e-01  9.581e-01  9.535e-01  9.476e-01  9.412e-01  9.343e-01  9.270e-01  9.192e-01  9.109e-01  9.030e-01  8.946e-01  8.863e-01  8.783e-01  8.708e-01  8.629e-01  8.553e-01  8.482e-01  8.416e-01  8.349e-01  8.287e-01  8.225e-01  8.171e-01  8.114e-01  8.065e-01  8.021e-01  7.977e-01  7.933e-01  7.898e-01  7.864e-01  7.829e-01  7.795e-01  7.770e-01  7.744e-01  7.715e-01  7.696e-01 	
 7.454e-01  8.046e-01  8.547e-01  8.875e-01  9.102e-01  9.261e-01  9.386e-01  9.468e-01  9.532e-01  9.582e-01  9.617e-01  9.635e-01  9.641e-01  9.635e-01  9.615e-01  9.587e-01  9.545e-01  9.499e-01  9.439e-01  9.375e-01  9.305e-01  9.227e-01  9.148e-01  9.065e-01  8.981e-01  8.896e-01  8.812e-01  8.728e-01  8.652e-01  8.571e-01  8.492e-01  8.420e-01  8.349e-01  8.281e-01  8.219e-01  8.156e-01  8.103e-01  8.045e-01  7.996e-01  7.947e-01  7.903e-01  7.859e-01  7.824e-01  7.785e-01  7.750e-01  7.720e-01  7.686e-01  7.660e-01  7.636e-01  7.611e-01 	
 7.395e-01  7.950e-01  8.454e-01  8.799e-01  9.037e-01  9.208e-01  9.335e-01  9.430e-01  9.496e-01  9.547e-01  9.586e-01  9.605e-01  9.615e-01  9.608e-01  9.584e-01  9.556e-01  9.514e-01  9.467e-01  9.407e-01  9.337e-01  9.263e-01  9.184e-01  9.104e-01  9.020e-01  8.931e-01  8.846e-01  8.761e-01  8.676e-01  8.596e-01  8.515e-01  8.434e-01  8.358e-01  8.290e-01  8.223e-01  8.156e-01  8.093e-01  8.034e-01  7.977e-01  7.927e-01  7.879e-01  7.834e-01  7.790e-01  7.751e-01  7.711e-01  7.676e-01  7.646e-01  7.612e-01  7.586e-01  7.561e-01  7.541e-01 	
 7.334e-01  7.856e-01  8.363e-01  8.717e-01  8.968e-01  9.150e-01  9.283e-01  9.380e-01  9.455e-01  9.506e-01  9.546e-01  9.569e-01  9.576e-01  9.569e-01  9.553e-01  9.520e-01  9.478e-01  9.426e-01  9.365e-01  9.300e-01  9.220e-01  9.145e-01  9.060e-01  8.976e-01  8.886e-01  8.797e-01  8.711e-01  8.626e-01  8.544e-01  8.459e-01  8.382e-01  8.305e-01  8.233e-01  8.165e-01  8.097e-01  8.035e-01  7.972e-01  7.922e-01  7.869e-01  7.820e-01  7.770e-01  7.726e-01  7.686e-01  7.651e-01  7.612e-01  7.581e-01  7.547e-01  7.521e-01  7.496e-01  7.472e-01 	
 7.274e-01  7.765e-01  8.270e-01  8.631e-01  8.893e-01  9.087e-01  9.226e-01  9.333e-01  9.409e-01  9.465e-01  9.506e-01  9.529e-01  9.540e-01  9.533e-01  9.518e-01  9.484e-01  9.441e-01  9.385e-01  9.328e-01  9.258e-01  9.182e-01  9.102e-01  9.012e-01  8.927e-01  8.837e-01  8.751e-01  8.665e-01  8.575e-01  8.489e-01  8.407e-01  8.330e-01  8.253e-01  8.180e-01  8.108e-01  8.044e-01  7.981e-01  7.923e-01  7.864e-01  7.810e-01  7.761e-01  7.716e-01  7.672e-01  7.628e-01  7.592e-01  7.553e-01  7.523e-01  7.488e-01  7.458e-01  7.437e-01  7.413e-01 	
 7.211e-01  7.673e-01  8.167e-01  8.542e-01  8.818e-01  9.014e-01  9.165e-01  9.277e-01  9.358e-01  9.420e-01  9.461e-01  9.489e-01  9.495e-01  9.493e-01  9.473e-01  9.443e-01  9.400e-01  9.348e-01  9.286e-01  9.215e-01  9.139e-01  9.054e-01  8.973e-01  8.883e-01  8.797e-01  8.706e-01  8.616e-01  8.533e-01  8.447e-01  8.361e-01  8.283e-01  8.205e-01  8.133e-01  8.060e-01  7.996e-01  7.933e-01  7.874e-01  7.811e-01  7.757e-01  7.708e-01  7.663e-01  7.619e-01  7.578e-01  7.535e-01  7.504e-01  7.469e-01  7.434e-01  7.408e-01  7.379e-01  7.359e-01 	
 7.151e-01  7.571e-01  8.067e-01  8.449e-01  8.729e-01  8.945e-01  9.102e-01  9.216e-01  9.303e-01  9.365e-01  9.410e-01  9.443e-01  9.455e-01  9.448e-01  9.432e-01  9.402e-01  9.359e-01  9.302e-01  9.244e-01  9.173e-01  9.096e-01  9.011e-01  8.925e-01  8.838e-01  8.748e-01  8.657e-01  8.570e-01  8.483e-01  8.396e-01  8.318e-01  8.236e-01  8.159e-01  8.085e-01  8.017e-01  7.949e-01  7.885e-01  7.822e-01  7.768e-01  7.713e-01  7.660e-01  7.615e-01  7.570e-01  7.530e-01  7.490e-01  7.451e-01  7.425e-01  7.390e-01  7.360e-01  7.335e-01  7.314e-01 	
 7.094e-01  7.479e-01  7.962e-01  8.347e-01  8.644e-01  8.863e-01  9.026e-01  9.150e-01  9.242e-01  9.310e-01  9.360e-01  9.389e-01  9.404e-01  9.407e-01  9.386e-01  9.356e-01  9.318e-01  9.260e-01  9.198e-01  9.126e-01  9.049e-01  8.968e-01  8.881e-01  8.790e-01  8.703e-01  8.612e-01  8.525e-01  8.442e-01  8.355e-01  8.272e-01  8.195e-01  8.117e-01  8.044e-01  7.970e-01  7.907e-01  7.842e-01  7.779e-01  7.725e-01  7.671e-01  7.621e-01  7.572e-01  7.531e-01  7.487e-01  7.447e-01  7.412e-01  7.378e-01  7.347e-01  7.317e-01  7.292e-01  7.271e-01 	
 7.040e-01  7.376e-01  7.851e-01  8.239e-01  8.545e-01  8.775e-01  8.949e-01  9.079e-01  9.176e-01  9.249e-01  9.304e-01  9.338e-01  9.349e-01  9.352e-01  9.340e-01  9.310e-01  9.267e-01  9.213e-01  9.151e-01  9.079e-01  9.006e-01  8.924e-01  8.837e-01  8.751e-01  8.659e-01  8.571e-01  8.485e-01  8.397e-01  8.314e-01  8.232e-01  8.149e-01  8.075e-01  8.002e-01  7.933e-01  7.865e-01  7.801e-01  7.742e-01  7.687e-01  7.633e-01  7.583e-01  7.534e-01  7.489e-01  7.449e-01  7.410e-01  7.375e-01  7.343e-01  7.310e-01  7.279e-01  7.254e-01  7.233e-01 	
 6.995e-01  7.279e-01  7.736e-01  8.134e-01  8.445e-01  8.683e-01  8.863e-01  8.999e-01  9.106e-01  9.183e-01  9.239e-01  9.278e-01  9.298e-01  9.301e-01  9.285e-01  9.255e-01  9.220e-01  9.167e-01  9.104e-01  9.031e-01  8.958e-01  8.876e-01  8.789e-01  8.707e-01  8.619e-01  8.527e-01  8.440e-01  8.356e-01  8.274e-01  8.191e-01  8.108e-01  8.035e-01  7.961e-01  7.892e-01  7.828e-01  7.764e-01  7.705e-01  7.650e-01  7.596e-01  7.546e-01  7.501e-01  7.457e-01  7.412e-01  7.377e-01  7.342e-01  7.307e-01  7.276e-01  7.251e-01  7.222e-01  7.201e-01 	
 6.948e-01  7.180e-01  7.621e-01  8.017e-01  8.339e-01  8.585e-01  8.776e-01  8.917e-01  9.030e-01  9.113e-01  9.169e-01  9.212e-01  9.233e-01  9.241e-01  9.229e-01  9.204e-01  9.169e-01  9.115e-01  9.056e-01  8.984e-01  8.906e-01  8.829e-01  8.746e-01  8.663e-01  8.571e-01  8.483e-01  8.396e-01  8.317e-01  8.229e-01  8.151e-01  8.072e-01  7.998e-01  7.925e-01  7.860e-01  7.792e-01  7.728e-01  7.673e-01  7.614e-01  7.564e-01  7.515e-01  7.465e-01  7.425e-01  7.380e-01  7.345e-01  7.310e-01  7.274e-01  7.249e-01  7.215e-01  7.189e-01  7.169e-01 	
 6.910e-01  7.086e-01  7.505e-01  7.902e-01  8.225e-01  8.486e-01  8.679e-01  8.827e-01  8.949e-01  9.033e-01  9.099e-01  9.142e-01  9.168e-01  9.180e-01  9.168e-01  9.147e-01  9.108e-01  9.063e-01  9.000e-01  8.932e-01  8.859e-01  8.780e-01  8.702e-01  8.615e-01  8.527e-01  8.444e-01  8.356e-01  8.272e-01  8.194e-01  8.111e-01  8.037e-01  7.962e-01  7.889e-01  7.820e-01  7.760e-01  7.696e-01  7.637e-01  7.582e-01  7.533e-01  7.483e-01  7.438e-01  7.393e-01  7.353e-01  7.318e-01  7.282e-01  7.248e-01  7.218e-01  7.192e-01  7.167e-01  7.142e-01 	
 6.873e-01  6.996e-01  7.386e-01  7.779e-01  8.110e-01  8.374e-01  8.577e-01  8.735e-01  8.854e-01  8.952e-01  9.023e-01  9.072e-01  9.097e-01  9.109e-01  9.107e-01  9.082e-01  9.051e-01  9.007e-01  8.948e-01  8.884e-01  8.811e-01  8.733e-01  8.650e-01  8.571e-01  8.487e-01  8.404e-01  8.316e-01  8.233e-01  8.154e-01  8.075e-01  8.001e-01  7.927e-01  7.854e-01  7.790e-01  7.729e-01  7.665e-01  7.610e-01  7.556e-01  7.506e-01  7.456e-01  7.408e-01  7.367e-01  7.327e-01  7.292e-01  7.256e-01  7.222e-01  7.192e-01  7.166e-01  7.141e-01  7.121e-01 	
 6.841e-01  6.909e-01  7.275e-01  7.660e-01  7.990e-01  8.260e-01  8.475e-01  8.634e-01  8.768e-01  8.866e-01  8.938e-01  8.991e-01  9.027e-01  9.043e-01  9.037e-01  9.021e-01  8.995e-01  8.950e-01  8.896e-01  8.832e-01  8.758e-01  8.685e-01  8.607e-01  8.523e-01  8.440e-01  8.361e-01  8.277e-01  8.194e-01  8.119e-01  8.041e-01  7.962e-01  7.888e-01  7.823e-01  7.759e-01  7.695e-01  7.635e-01  7.580e-01  7.526e-01  7.476e-01  7.427e-01  7.382e-01  7.341e-01  7.306e-01  7.262e-01  7.231e-01  7.201e-01  7.171e-01  7.146e-01  7.120e-01  7.104e-01 	
 6.809e-01  6.830e-01  7.160e-01  7.532e-01  7.865e-01  8.146e-01  8.363e-01  8.532e-01  8.667e-01  8.771e-01  8.852e-01  8.911e-01  8.951e-01  8.972e-01  8.975e-01  8.954e-01  8.929e-01  8.889e-01  8.839e-01  8.775e-01  8.711e-01  8.637e-01  8.558e-01  8.484e-01  8.396e-01  8.317e-01  8.234e-01  8.159e-01  8.081e-01  8.002e-01  7.928e-01  7.863e-01  7.793e-01  7.729e-01  7.669e-01  7.610e-01  7.551e-01  7.496e-01  7.451e-01  7.406e-01  7.361e-01  7.317e-01  7.281e-01  7.246e-01  7.211e-01  7.181e-01  7.155e-01  7.125e-01  7.104e-01  7.083e-01 	
 6.790e-01  6.756e-01  7.054e-01  7.412e-01  7.744e-01  8.023e-01  8.246e-01  8.425e-01  8.565e-01  8.675e-01  8.761e-01  8.825e-01  8.865e-01  8.892e-01  8.900e-01  8.888e-01  8.863e-01  8.827e-01  8.778e-01  8.723e-01  8.659e-01  8.589e-01  8.515e-01  8.437e-01  8.358e-01  8.279e-01  8.200e-01  8.121e-01  8.042e-01  7.968e-01  7.899e-01  7.829e-01  7.760e-01  7.700e-01  7.636e-01  7.581e-01  7.526e-01  7.472e-01  7.427e-01  7.381e-01  7.341e-01  7.297e-01  7.261e-01  7.222e-01  7.191e-01  7.160e-01  7.131e-01  7.110e-01  7.089e-01  7.073e-01 	
 6.802e-01  6.706e-01  6.960e-01  7.301e-01  7.622e-01  7.904e-01  8.132e-01  8.314e-01  8.459e-01  8.578e-01  8.670e-01  8.739e-01  8.789e-01  8.816e-01  8.828e-01  8.822e-01  8.801e-01  8.766e-01  8.721e-01  8.666e-01  8.607e-01  8.537e-01  8.468e-01  8.389e-01  8.315e-01  8.236e-01  8.157e-01  8.083e-01  8.009e-01  7.935e-01  7.865e-01  7.796e-01  7.731e-01  7.671e-01  7.611e-01  7.556e-01  7.498e-01  7.447e-01  7.402e-01  7.353e-01  7.312e-01  7.273e-01  7.237e-01  7.202e-01  7.167e-01  7.141e-01  7.112e-01  7.091e-01  7.075e-01  7.059e-01 	
 6.866e-01  6.710e-01  6.918e-01  7.228e-01  7.540e-01  7.807e-01  8.032e-01  8.214e-01  8.361e-01  8.481e-01  8.578e-01  8.647e-01  8.698e-01  8.729e-01  8.742e-01  8.745e-01  8.725e-01  8.698e-01  8.658e-01  8.608e-01  8.544e-01  8.484e-01  8.415e-01  8.346e-01  8.271e-01  8.197e-01  8.123e-01  8.049e-01  7.975e-01  7.905e-01  7.840e-01  7.776e-01  7.711e-01  7.651e-01  7.596e-01  7.537e-01  7.486e-01  7.441e-01  7.392e-01  7.346e-01  7.307e-01  7.266e-01  7.236e-01  7.201e-01  7.170e-01  7.141e-01  7.120e-01  7.099e-01  7.086e-01  7.083e-01 	
