 4.510e-02  8.257e-02  2.574e-01  4.156e-01  5.251e-01  6.190e-01  9.900e-01  9.900e-01  4.418e-01  3.117e-01  1.169e-01  7.353e-02  4.647e-02  3.042e-02  2.145e-02  1.342e-02  1.226e-02  1.367e-02  1.548e-02  2.035e-02  2.340e-02  5.230e-02  9.900e-01  9.998e-01  9.900e-01  9.900e-01  9.900e-01  9.900e-01  1.080e-02  9.900e-01  9.999e-01  5.424e-03  4.314e-03  9.900e-01  9.900e-01  2.167e-03  9.999e-01  9.900e-01  9.998e-01  8.567e-04  3.399e-04  1.793e-04  1.419e-04  8.401e-05  8.828e-05  7.278e-05  8.113e-05  5.352e-05  2.442e-05  1.252e-05 	
 7.506e-02  1.343e-01  3.752e-01  5.525e-01  6.580e-01  7.391e-01  9.900e-01  9.999e-01  5.806e-01  4.422e-01  1.883e-01  1.221e-01  7.872e-02  5.213e-02  3.703e-02  2.330e-02  2.134e-02  2.375e-02  2.687e-02  3.518e-02  4.036e-02  8.836e-02  9.999e-01  9.900e-01  9.998e-01  9.998e-01  9.900e-01  9.900e-01  1.883e-02  9.900e-01  9.900e-01  9.491e-03  7.556e-03  9.900e-01  9.900e-01  3.800e-03  9.900e-01  9.900e-01  9.999e-01  1.504e-03  5.971e-04  3.150e-04  2.494e-04  1.476e-04  1.552e-04  1.279e-04  1.426e-04  9.405e-05  4.293e-05  2.200e-05 	
 1.213e-01  2.098e-01  5.081e-01  6.811e-01  7.694e-01  8.312e-01  9.900e-01  9.900e-01  7.072e-01  5.808e-01  2.886e-01  1.958e-01  1.302e-01  8.791e-02  6.316e-02  4.015e-02  3.682e-02  4.095e-02  4.622e-02  6.015e-02  6.878e-02  1.454e-01  9.900e-01  9.900e-01  9.900e-01  9.900e-01  9.900e-01  9.998e-01  3.261e-02  9.900e-01  9.900e-01  1.656e-02  1.320e-02  9.900e-01  9.900e-01  6.660e-03  9.900e-01  9.900e-01  9.900e-01  2.641e-03  1.049e-03  5.534e-04  4.382e-04  2.594e-04  2.726e-04  2.248e-04  2.505e-04  1.653e-04  7.544e-05  3.865e-05 	
 1.878e-01  3.096e-01  6.378e-01  7.856e-01  8.520e-01  8.950e-01  9.900e-01  9.900e-01  8.076e-01  7.071e-01  4.146e-01  2.983e-01  2.073e-01  1.443e-01  1.056e-01  6.828e-02  6.279e-02  6.965e-02  7.833e-02  1.010e-01  1.147e-01  2.300e-01  9.900e-01  9.996e-01  9.900e-01  9.900e-01  9.900e-01  9.900e-01  5.593e-02  9.998e-01  9.900e-01  2.874e-02  2.297e-02  9.900e-01  9.900e-01  1.164e-02  9.999e-01  9.900e-01  9.999e-01  4.632e-03  1.842e-03  9.723e-04  7.698e-04  4.559e-04  4.790e-04  3.949e-04  4.401e-04  2.904e-04  1.325e-04  6.794e-05 	
 2.750e-01  4.266e-01  7.475e-01  8.612e-01  9.076e-01  9.360e-01  9.900e-01  9.900e-01  8.794e-01  8.074e-01  5.519e-01  4.255e-01  3.134e-01  2.275e-01  1.710e-01  1.136e-01  1.050e-01  1.159e-01  1.296e-01  1.645e-01  1.852e-01  3.439e-01  9.900e-01  9.900e-01  9.900e-01  9.900e-01  9.900e-01  9.900e-01  9.423e-02  9.900e-01  9.900e-01  4.940e-02  3.967e-02  9.900e-01  9.900e-01  2.028e-02  9.900e-01  9.900e-01  9.900e-01  8.110e-03  3.232e-03  1.707e-03  1.352e-03  8.008e-04  8.415e-04  6.937e-04  7.733e-04  5.103e-04  2.329e-04  1.194e-04 	
 3.754e-01  5.455e-01  8.299e-01  9.123e-01  9.432e-01  9.610e-01  9.900e-01  9.900e-01  9.261e-01  8.787e-01  6.807e-01  5.624e-01  4.423e-01  3.390e-01  2.645e-01  1.828e-01  1.700e-01  1.865e-01  2.067e-01  2.563e-01  2.848e-01  4.786e-01  9.900e-01  9.900e-01  9.900e-01  9.998e-01  9.999e-01  9.997e-01  1.545e-01  9.900e-01  9.900e-01  8.365e-02  6.766e-02  9.900e-01  9.998e-01  3.509e-02  9.900e-01  9.900e-01  9.900e-01  1.416e-02  5.666e-03  2.996e-03  2.374e-03  1.406e-03  1.478e-03  1.219e-03  1.358e-03  8.964e-04  4.093e-04  2.098e-04 	
 4.737e-01  6.498e-01  8.867e-01  9.444e-01  9.649e-01  9.765e-01  9.900e-01  9.900e-01  9.553e-01  9.254e-01  7.857e-01  6.893e-01  5.786e-01  4.707e-01  3.845e-01  2.802e-01  2.631e-01  2.857e-01  3.128e-01  3.761e-01  4.105e-01  6.165e-01  9.900e-01  9.999e-01  9.900e-01  9.900e-01  9.900e-01  9.900e-01  2.428e-01  9.900e-01  9.998e-01  1.382e-01  1.130e-01  9.900e-01  9.900e-01  6.005e-02  9.998e-01  9.900e-01  9.900e-01  2.462e-02  9.913e-03  5.253e-03  4.163e-03  2.470e-03  2.594e-03  2.139e-03  2.384e-03  1.574e-03  7.191e-04  3.687e-04 	
 5.473e-01  7.253e-01  9.219e-01  9.638e-01  9.778e-01  9.855e-01  9.900e-01  9.900e-01  9.729e-01  9.548e-01  8.620e-01  7.914e-01  7.024e-01  6.051e-01  5.192e-01  4.028e-01  3.825e-01  4.101e-01  4.420e-01  5.122e-01  5.486e-01  7.374e-01  9.900e-01  9.900e-01  9.900e-01  9.900e-01  9.900e-01  9.900e-01  3.598e-01  9.900e-01  9.900e-01  2.196e-01  1.828e-01  9.900e-01  9.900e-01  1.009e-01  9.900e-01  9.999e-01  9.900e-01  4.247e-02  1.729e-02  9.190e-03  7.293e-03  4.330e-03  4.550e-03  3.753e-03  4.182e-03  2.763e-03  1.263e-03  6.478e-04 	
 5.703e-01  7.586e-01  9.417e-01  9.751e-01  9.854e-01  9.905e-01  9.900e-01  9.900e-01  9.835e-01  9.722e-01  9.131e-01  8.652e-01  8.007e-01  7.236e-01  6.493e-01  5.372e-01  5.168e-01  5.461e-01  5.788e-01  6.461e-01  6.792e-01  8.307e-01  9.900e-01  9.900e-01  9.900e-01  9.900e-01  9.900e-01  9.900e-01  4.963e-01  9.900e-01  9.900e-01  3.304e-01  2.819e-01  9.900e-01  9.900e-01  1.646e-01  9.900e-01  9.900e-01  9.900e-01  7.227e-02  2.998e-02  1.603e-02  1.274e-02  7.582e-03  7.968e-03  6.577e-03  7.326e-03  4.845e-03  2.217e-03  1.138e-03 	
 6.085e-01  7.310e-01  9.444e-01  9.804e-01  9.896e-01  9.937e-01  9.900e-01  9.997e-01  9.899e-01  9.829e-01  9.454e-01  9.144e-01  8.705e-01  8.157e-01  7.587e-01  6.645e-01  6.471e-01  6.737e-01  7.032e-01  7.592e-01  7.856e-01  8.947e-01  9.900e-01  9.998e-01  9.900e-01  9.900e-01  9.900e-01  9.900e-01  6.329e-01  9.900e-01  9.900e-01  4.639e-01  4.076e-01  9.900e-01  9.900e-01  2.568e-01  9.998e-01  9.900e-01  9.998e-01  1.203e-01  5.150e-02  2.783e-02  2.217e-02  1.324e-02  1.391e-02  1.150e-02  1.280e-02  8.482e-03  3.890e-03  1.997e-03 	
 6.917e-01  8.220e-01  9.344e-01  9.780e-01  9.903e-01  9.951e-01  9.900e-01  9.900e-01  9.932e-01  9.889e-01  9.652e-01  9.455e-01  9.170e-01  8.800e-01  8.402e-01  7.692e-01  7.562e-01  7.788e-01  8.021e-01  8.441e-01  8.633e-01  9.362e-01  9.900e-01  9.900e-01  9.900e-01  9.900e-01  9.900e-01  9.900e-01  7.507e-01  9.900e-01  9.900e-01  6.023e-01  5.465e-01  9.900e-01  9.900e-01  3.774e-01  9.900e-01  9.900e-01  9.900e-01  1.936e-01  8.700e-02  4.788e-02  3.828e-02  2.303e-02  2.419e-02  2.002e-02  2.227e-02  1.480e-02  6.816e-03  3.505e-03 	
 5.156e-01  7.757e-01  9.673e-01  9.830e-01  9.889e-01  9.945e-01  9.998e-01  9.900e-01  9.950e-01  9.923e-01  9.766e-01  9.642e-01  9.462e-01  9.222e-01  8.958e-01  8.463e-01  8.378e-01  8.551e-01  8.725e-01  9.020e-01  9.147e-01  9.617e-01  9.900e-01  9.900e-01  9.900e-01  9.900e-01  9.900e-01  9.900e-01  8.397e-01  9.900e-01  9.900e-01  7.258e-01  6.782e-01  9.900e-01  9.999e-01  5.150e-01  9.900e-01  9.900e-01  9.900e-01  2.965e-01  1.433e-01  8.109e-02  6.532e-02  3.975e-02  4.170e-02  3.465e-02  3.849e-02  2.573e-02  1.191e-02  6.140e-03 	
 4.788e-01  6.564e-01  8.838e-01  9.862e-01  9.943e-01  9.958e-01  9.900e-01  9.999e-01  9.951e-01  9.934e-01  9.826e-01  9.748e-01  9.634e-01  9.479e-01  9.312e-01  8.980e-01  8.937e-01  9.066e-01  9.190e-01  9.390e-01  9.477e-01  9.768e-01  9.900e-01  9.997e-01  9.900e-01  9.900e-01  9.999e-01  9.900e-01  9.010e-01  9.900e-01  9.997e-01  8.222e-01  7.863e-01  9.900e-01  9.900e-01  6.501e-01  9.900e-01  9.998e-01  9.998e-01  4.248e-01  2.268e-01  1.341e-01  1.093e-01  6.774e-02  7.097e-02  5.927e-02  6.566e-02  4.432e-02  2.073e-02  1.074e-02 	
 4.252e-01  4.201e-01  9.147e-01  9.672e-01  9.836e-01  9.965e-01  9.900e-01  9.900e-01  9.951e-01  9.930e-01  9.827e-01  9.782e-01  9.718e-01  9.624e-01  9.522e-01  9.308e-01  9.292e-01  9.391e-01  9.484e-01  9.618e-01  9.677e-01  9.860e-01  9.900e-01  9.900e-01  9.998e-01  9.997e-01  9.900e-01  9.900e-01  9.402e-01  9.999e-01  9.900e-01  8.892e-01  8.647e-01  9.900e-01  9.900e-01  7.644e-01  9.900e-01  9.900e-01  9.900e-01  5.641e-01  3.395e-01  2.135e-01  1.770e-01  1.130e-01  1.182e-01  9.958e-02  1.098e-01  7.529e-02  3.584e-02  1.870e-02 	
 5.199e-01  5.474e-01  7.392e-01  9.021e-01  9.869e-01  9.925e-01  9.900e-01  9.900e-01  9.972e-01  9.955e-01  9.838e-01  9.757e-01  9.707e-01  9.662e-01  9.615e-01  9.484e-01  9.498e-01  9.587e-01  9.660e-01  9.752e-01  9.793e-01  9.917e-01  9.900e-01  9.900e-01  9.999e-01  9.900e-01  9.998e-01  9.997e-01  9.637e-01  9.900e-01  9.900e-01  9.326e-01  9.173e-01  9.900e-01  9.900e-01  8.497e-01  9.900e-01  9.900e-01  9.900e-01  6.934e-01  4.735e-01  3.221e-01  2.737e-01  1.826e-01  1.903e-01  1.624e-01  1.779e-01  1.250e-01  6.126e-02  3.238e-02 	
 5.432e-01  6.790e-01  8.338e-01  9.180e-01  9.489e-01  9.768e-01  9.900e-01  9.999e-01  9.915e-01  9.942e-01  9.896e-01  9.857e-01  9.760e-01  9.636e-01  9.587e-01  9.508e-01  9.576e-01  9.684e-01  9.756e-01  9.832e-01  9.866e-01  9.945e-01  9.900e-01  9.900e-01  9.900e-01  9.900e-01  9.900e-01  9.900e-01  9.783e-01  9.998e-01  9.997e-01  9.596e-01  9.501e-01  9.900e-01  9.900e-01  9.074e-01  9.900e-01  9.997e-01  9.900e-01  7.978e-01  6.109e-01  4.537e-01  3.973e-01  2.811e-01  2.916e-01  2.537e-01  2.750e-01  2.004e-01  1.027e-01  5.546e-02 	
 5.128e-01  5.826e-01  8.473e-01  8.716e-01  9.589e-01  9.780e-01  9.900e-01  9.900e-01  9.933e-01  9.921e-01  9.733e-01  9.742e-01  9.809e-01  9.787e-01  9.707e-01  9.518e-01  9.534e-01  9.677e-01  9.784e-01  9.867e-01  9.902e-01  9.963e-01  9.900e-01  9.900e-01  9.998e-01  9.900e-01  9.900e-01  9.900e-01  9.870e-01  9.900e-01  9.900e-01  9.759e-01  9.698e-01  9.900e-01  9.900e-01  9.441e-01  9.999e-01  9.900e-01  9.999e-01  8.730e-01  7.320e-01  5.915e-01  5.349e-01  4.058e-01  4.186e-01  3.729e-01  3.991e-01  3.051e-01  1.671e-01  9.335e-02 	
 5.417e-01  5.521e-01  7.999e-01  9.578e-01  9.729e-01  9.538e-01  9.900e-01  9.900e-01  9.825e-01  9.778e-01  9.705e-01  9.737e-01  9.622e-01  9.491e-01  9.686e-01  9.692e-01  9.709e-01  9.726e-01  9.762e-01  9.858e-01  9.907e-01  9.969e-01  9.900e-01  9.900e-01  9.900e-01  9.900e-01  9.999e-01  9.998e-01  9.921e-01  9.900e-01  9.900e-01  9.854e-01  9.821e-01  9.998e-01  9.999e-01  9.666e-01  9.900e-01  9.900e-01  9.900e-01  9.223e-01  8.258e-01  7.155e-01  6.668e-01  5.434e-01  5.567e-01  5.094e-01  5.373e-01  4.344e-01  2.600e-01  1.528e-01 	
 5.438e-01  5.863e-01  8.343e-01  9.091e-01  9.700e-01  9.896e-01  9.900e-01  9.900e-01  9.762e-01  9.538e-01  9.451e-01  9.300e-01  9.238e-01  9.573e-01  9.531e-01  9.254e-01  9.538e-01  9.790e-01  9.862e-01  9.897e-01  9.907e-01  9.966e-01  9.900e-01  9.900e-01  9.900e-01  9.900e-01  9.900e-01  9.900e-01  9.949e-01  9.900e-01  9.900e-01  9.910e-01  9.890e-01  9.900e-01  9.900e-01  9.800e-01  9.900e-01  9.900e-01  9.900e-01  9.532e-01  8.909e-01  8.129e-01  7.762e-01  6.740e-01  6.859e-01  6.441e-01  6.693e-01  5.731e-01  3.804e-01  2.399e-01 	
 5.569e-01  5.772e-01  7.826e-01  8.903e-01  9.286e-01  9.763e-01  9.900e-01  9.900e-01  9.784e-01  9.841e-01  9.211e-01  9.000e-01  9.021e-01  8.897e-01  8.753e-01  9.274e-01  9.493e-01  9.577e-01  9.677e-01  9.895e-01  9.944e-01  9.978e-01  9.900e-01  9.900e-01  9.900e-01  9.900e-01  9.900e-01  9.900e-01  9.963e-01  9.900e-01  9.900e-01  9.942e-01  9.934e-01  9.900e-01  9.900e-01  9.877e-01  9.900e-01  9.900e-01  9.900e-01  9.718e-01  9.333e-01  8.818e-01  8.565e-01  7.810e-01  7.908e-01  7.584e-01  7.787e-01  6.999e-01  5.170e-01  3.552e-01 	
 5.660e-01  5.622e-01  7.975e-01  8.832e-01  9.548e-01  9.601e-01  9.900e-01  9.900e-01  9.844e-01  9.802e-01  8.713e-01  9.457e-01  8.919e-01  8.430e-01  7.794e-01  8.535e-01  8.765e-01  9.249e-01  9.729e-01  9.835e-01  9.848e-01  9.967e-01  9.900e-01  9.999e-01  9.900e-01  9.900e-01  9.999e-01  9.900e-01  9.965e-01  9.900e-01  9.900e-01  9.961e-01  9.955e-01  9.900e-01  9.900e-01  9.927e-01  9.900e-01  9.900e-01  9.900e-01  9.831e-01  9.591e-01  9.270e-01  9.107e-01  8.597e-01  8.666e-01  8.440e-01  8.588e-01  8.019e-01  6.502e-01  4.893e-01 	
 5.741e-01  5.679e-01  7.540e-01  8.914e-01  9.367e-01  9.680e-01  9.900e-01  9.900e-01  9.799e-01  9.696e-01  9.391e-01  9.293e-01  9.415e-01  8.798e-01  8.665e-01  7.954e-01  8.133e-01  8.960e-01  9.277e-01  9.513e-01  9.866e-01  9.963e-01  9.900e-01  9.900e-01  9.900e-01  9.900e-01  9.900e-01  9.900e-01  9.965e-01  9.900e-01  9.900e-01  9.969e-01  9.967e-01  9.900e-01  9.900e-01  9.950e-01  9.900e-01  9.900e-01  9.998e-01  9.897e-01  9.751e-01  9.548e-01  9.448e-01  9.117e-01  9.172e-01  9.028e-01  9.126e-01  8.745e-01  7.626e-01  6.240e-01 	
 5.813e-01  5.746e-01  7.175e-01  8.593e-01  9.345e-01  9.735e-01  9.900e-01  9.999e-01  9.786e-01  9.740e-01  9.199e-01  8.825e-01  8.759e-01  9.145e-01  9.159e-01  8.627e-01  8.972e-01  8.808e-01  8.942e-01  9.137e-01  9.696e-01  9.899e-01  9.900e-01  9.900e-01  9.900e-01  9.900e-01  9.900e-01  9.900e-01  9.979e-01  9.900e-01  9.900e-01  9.964e-01  9.968e-01  9.999e-01  9.900e-01  9.965e-01  9.900e-01  9.900e-01  9.900e-01  9.935e-01  9.842e-01  9.719e-01  9.659e-01  9.453e-01  9.490e-01  9.400e-01  9.469e-01  9.227e-01  8.465e-01  7.407e-01 	
 5.879e-01  5.844e-01  7.162e-01  8.650e-01  9.278e-01  9.487e-01  9.999e-01  9.900e-01  9.758e-01  9.592e-01  9.127e-01  9.096e-01  8.700e-01  8.247e-01  8.694e-01  8.604e-01  8.420e-01  9.327e-01  9.241e-01  9.360e-01  9.532e-01  9.823e-01  9.900e-01  9.900e-01  9.900e-01  9.900e-01  9.900e-01  9.900e-01  9.959e-01  9.999e-01  9.900e-01  9.977e-01  9.969e-01  9.900e-01  9.900e-01  9.967e-01  9.900e-01  9.900e-01  9.900e-01  9.957e-01  9.898e-01  9.819e-01  9.784e-01  9.655e-01  9.683e-01  9.629e-01  9.675e-01  9.525e-01  9.033e-01  8.295e-01 	
 5.937e-01  5.883e-01  7.032e-01  8.432e-01  9.055e-01  9.388e-01  9.900e-01  9.900e-01  9.633e-01  9.555e-01  9.091e-01  8.867e-01  8.825e-01  8.743e-01  8.627e-01  8.125e-01  8.077e-01  8.492e-01  9.426e-01  9.706e-01  9.694e-01  9.918e-01  9.900e-01  9.998e-01  9.998e-01  9.998e-01  9.900e-01  9.999e-01  9.963e-01  9.900e-01  9.900e-01  9.969e-01  9.979e-01  9.900e-01  9.900e-01  9.966e-01  9.900e-01  9.998e-01  9.900e-01  9.966e-01  9.928e-01  9.878e-01  9.858e-01  9.777e-01  9.800e-01  9.770e-01  9.799e-01  9.708e-01  9.399e-01  8.913e-01 	
 5.988e-01  5.941e-01  6.722e-01  8.038e-01  9.084e-01  9.541e-01  9.900e-01  9.998e-01  9.651e-01  9.563e-01  8.778e-01  8.820e-01  8.540e-01  7.603e-01  7.788e-01  7.985e-01  8.323e-01  8.559e-01  8.571e-01  9.520e-01  9.711e-01  9.632e-01  9.900e-01  9.900e-01  9.999e-01  9.999e-01  9.997e-01  9.998e-01  9.897e-01  9.900e-01  9.999e-01  9.963e-01  9.953e-01  9.900e-01  9.900e-01  9.980e-01  9.900e-01  9.900e-01  9.900e-01  9.966e-01  9.938e-01  9.899e-01  9.895e-01  9.845e-01  9.866e-01  9.851e-01  9.870e-01  9.815e-01  9.624e-01  9.314e-01 	
 6.033e-01  5.988e-01  6.535e-01  7.981e-01  8.880e-01  9.426e-01  9.900e-01  9.998e-01  9.462e-01  9.438e-01  8.527e-01  8.673e-01  8.196e-01  8.072e-01  8.257e-01  7.940e-01  8.075e-01  8.578e-01  9.023e-01  9.450e-01  9.592e-01  9.831e-01  9.900e-01  9.999e-01  9.900e-01  9.900e-01  9.900e-01  9.900e-01  9.839e-01  9.900e-01  9.998e-01  9.902e-01  9.944e-01  9.999e-01  9.900e-01  9.949e-01  9.900e-01  9.900e-01  9.900e-01  9.972e-01  9.932e-01  9.897e-01  9.903e-01  9.872e-01  9.899e-01  9.894e-01  9.914e-01  9.879e-01  9.759e-01  9.563e-01 	
 6.072e-01  6.029e-01  6.398e-01  7.822e-01  8.834e-01  9.301e-01  9.999e-01  9.900e-01  9.343e-01  9.372e-01  8.168e-01  8.338e-01  7.890e-01  7.846e-01  7.899e-01  7.178e-01  8.137e-01  8.298e-01  8.199e-01  9.128e-01  9.523e-01  9.842e-01  9.900e-01  9.900e-01  9.900e-01  9.900e-01  9.900e-01  9.900e-01  9.901e-01  9.900e-01  9.900e-01  9.774e-01  9.895e-01  9.900e-01  9.900e-01  9.960e-01  9.900e-01  9.900e-01  9.900e-01  9.978e-01  9.959e-01  9.927e-01  9.905e-01  9.861e-01  9.902e-01  9.904e-01  9.933e-01  9.914e-01  9.835e-01  9.707e-01 	
 6.104e-01  6.064e-01  6.304e-01  7.632e-01  8.486e-01  9.197e-01  9.900e-01  9.900e-01  9.275e-01  9.228e-01  8.273e-01  8.228e-01  7.754e-01  7.897e-01  7.597e-01  7.302e-01  7.702e-01  8.171e-01  8.661e-01  9.304e-01  9.532e-01  9.720e-01  9.900e-01  9.900e-01  9.900e-01  9.900e-01  9.900e-01  9.900e-01  9.224e-01  9.998e-01  9.900e-01  9.905e-01  9.842e-01  9.996e-01  9.900e-01  9.897e-01  9.900e-01  9.900e-01  9.999e-01  9.959e-01  9.904e-01  9.920e-01  9.938e-01  9.912e-01  9.914e-01  9.901e-01  9.931e-01  9.920e-01  9.866e-01  9.785e-01 	
 6.135e-01  6.095e-01  6.165e-01  7.419e-01  8.383e-01  9.093e-01  9.900e-01  9.998e-01  9.269e-01  9.209e-01  8.045e-01  7.835e-01  7.701e-01  7.432e-01  7.421e-01  7.224e-01  7.570e-01  7.915e-01  8.458e-01  8.852e-01  9.257e-01  9.819e-01  9.900e-01  9.900e-01  9.900e-01  9.900e-01  9.900e-01  9.998e-01  9.744e-01  9.900e-01  9.999e-01  9.895e-01  9.676e-01  9.900e-01  9.998e-01  9.824e-01  9.999e-01  9.900e-01  9.900e-01  9.912e-01  9.922e-01  9.886e-01  9.855e-01  9.865e-01  9.934e-01  9.940e-01  9.947e-01  9.921e-01  9.860e-01  9.800e-01 	
 6.159e-01  6.122e-01  6.135e-01  7.050e-01  8.182e-01  8.946e-01  9.998e-01  9.900e-01  9.216e-01  9.101e-01  8.127e-01  7.811e-01  7.271e-01  7.186e-01  7.147e-01  6.813e-01  7.245e-01  7.766e-01  8.587e-01  8.976e-01  9.327e-01  9.673e-01  9.998e-01  9.900e-01  9.998e-01  9.999e-01  9.900e-01  9.900e-01  9.837e-01  9.999e-01  9.900e-01  9.868e-01  9.878e-01  9.900e-01  9.900e-01  9.803e-01  9.900e-01  9.900e-01  9.900e-01  9.882e-01  9.807e-01  9.695e-01  9.858e-01  9.854e-01  9.873e-01  9.877e-01  9.951e-01  9.951e-01  9.903e-01  9.814e-01 	
 6.182e-01  6.145e-01  6.115e-01  6.914e-01  7.980e-01  8.837e-01  9.900e-01  9.900e-01  9.055e-01  8.775e-01  7.738e-01  7.400e-01  7.137e-01  6.876e-01  6.976e-01  6.816e-01  6.890e-01  7.673e-01  7.986e-01  8.864e-01  9.289e-01  9.745e-01  9.900e-01  9.900e-01  9.900e-01  9.900e-01  9.900e-01  9.900e-01  9.776e-01  9.998e-01  9.998e-01  9.863e-01  9.826e-01  9.900e-01  9.900e-01  9.917e-01  9.900e-01  9.900e-01  9.900e-01  9.845e-01  9.658e-01  9.311e-01  9.706e-01  9.657e-01  9.788e-01  9.892e-01  9.923e-01  9.888e-01  9.884e-01  9.872e-01 	
 6.201e-01  6.166e-01  6.112e-01  6.672e-01  7.775e-01  8.636e-01  9.900e-01  9.900e-01  8.853e-01  8.628e-01  7.564e-01  7.325e-01  7.003e-01  6.726e-01  6.727e-01  6.548e-01  6.791e-01  7.202e-01  7.834e-01  8.632e-01  8.929e-01  9.689e-01  9.900e-01  9.900e-01  9.900e-01  9.998e-01  9.900e-01  9.900e-01  9.778e-01  9.900e-01  9.900e-01  9.781e-01  9.832e-01  9.900e-01  9.900e-01  9.836e-01  9.900e-01  9.998e-01  9.900e-01  9.928e-01  9.675e-01  9.601e-01  9.522e-01  9.367e-01  9.680e-01  9.749e-01  9.799e-01  9.905e-01  9.856e-01  9.738e-01 	
 6.215e-01  6.183e-01  6.116e-01  6.506e-01  7.502e-01  8.451e-01  9.900e-01  9.998e-01  8.775e-01  8.569e-01  7.239e-01  7.059e-01  6.725e-01  6.616e-01  6.586e-01  6.364e-01  6.614e-01  7.102e-01  7.542e-01  8.410e-01  8.850e-01  9.524e-01  9.900e-01  9.998e-01  9.900e-01  9.900e-01  9.900e-01  9.999e-01  9.799e-01  9.998e-01  9.900e-01  9.769e-01  9.784e-01  9.998e-01  9.900e-01  9.873e-01  9.998e-01  9.900e-01  9.998e-01  9.843e-01  9.835e-01  9.768e-01  9.665e-01  9.631e-01  9.558e-01  9.545e-01  9.690e-01  9.787e-01  9.660e-01  9.721e-01 	
 6.230e-01  6.195e-01  6.127e-01  6.359e-01  7.204e-01  8.199e-01  9.999e-01  9.998e-01  8.520e-01  8.229e-01  7.025e-01  6.721e-01  6.579e-01  6.380e-01  6.384e-01  6.150e-01  6.287e-01  6.745e-01  7.402e-01  8.194e-01  8.811e-01  9.530e-01  9.900e-01  9.999e-01  9.900e-01  9.900e-01  9.900e-01  9.999e-01  9.699e-01  9.900e-01  9.999e-01  9.763e-01  9.718e-01  9.999e-01  9.900e-01  9.741e-01  9.900e-01  9.900e-01  9.900e-01  9.798e-01  9.600e-01  9.673e-01  9.708e-01  9.353e-01  9.753e-01  9.651e-01  9.328e-01  9.610e-01  9.211e-01  9.473e-01 	
 6.241e-01  6.208e-01  6.139e-01  6.275e-01  7.048e-01  8.008e-01  9.900e-01  9.900e-01  8.339e-01  8.029e-01  6.835e-01  6.599e-01  6.408e-01  6.280e-01  6.190e-01  6.090e-01  6.183e-01  6.601e-01  7.265e-01  8.051e-01  8.656e-01  9.445e-01  9.900e-01  9.900e-01  9.900e-01  9.999e-01  9.900e-01  9.900e-01  9.699e-01  9.900e-01  9.900e-01  9.338e-01  9.656e-01  9.999e-01  9.900e-01  9.788e-01  9.900e-01  9.900e-01  9.900e-01  9.854e-01  9.729e-01  9.594e-01  9.569e-01  9.385e-01  9.164e-01  9.653e-01  9.853e-01  9.626e-01  9.515e-01  9.103e-01 	
 6.253e-01  6.217e-01  6.150e-01  6.197e-01  6.805e-01  7.735e-01  9.900e-01  9.900e-01  8.150e-01  7.850e-01  6.635e-01  6.420e-01  6.239e-01  6.114e-01  6.075e-01  5.999e-01  6.115e-01  6.396e-01  7.021e-01  7.826e-01  8.301e-01  9.352e-01  9.998e-01  9.900e-01  9.900e-01  9.900e-01  9.900e-01  9.900e-01  9.517e-01  9.900e-01  9.900e-01  9.617e-01  9.498e-01  9.900e-01  9.900e-01  9.740e-01  9.900e-01  9.998e-01  9.900e-01  9.695e-01  9.324e-01  9.250e-01  9.484e-01  9.298e-01  9.078e-01  9.396e-01  9.740e-01  9.808e-01  9.618e-01  9.236e-01 	
 6.260e-01  6.227e-01  6.156e-01  6.154e-01  6.598e-01  7.528e-01  9.999e-01  9.900e-01  7.873e-01  7.565e-01  6.432e-01  6.238e-01  6.119e-01  6.068e-01  6.010e-01  5.953e-01  6.006e-01  6.261e-01  6.781e-01  7.521e-01  8.168e-01  9.134e-01  9.999e-01  9.900e-01  9.900e-01  9.999e-01  9.900e-01  9.900e-01  9.432e-01  9.900e-01  9.900e-01  9.662e-01  9.529e-01  9.900e-01  9.999e-01  9.660e-01  9.998e-01  9.900e-01  9.900e-01  9.738e-01  9.451e-01  9.451e-01  9.484e-01  9.251e-01  9.256e-01  9.390e-01  9.570e-01  9.645e-01  9.581e-01  9.465e-01 	
 6.265e-01  6.234e-01  6.163e-01  6.131e-01  6.451e-01  7.229e-01  9.998e-01  9.998e-01  7.642e-01  7.320e-01  6.293e-01  6.144e-01  6.053e-01  5.995e-01  5.978e-01  5.951e-01  5.973e-01  6.133e-01  6.522e-01  7.267e-01  7.834e-01  9.151e-01  9.900e-01  9.999e-01  9.999e-01  9.900e-01  9.900e-01  9.900e-01  9.450e-01  9.998e-01  9.998e-01  9.483e-01  9.518e-01  9.900e-01  9.900e-01  9.688e-01  9.900e-01  9.900e-01  9.999e-01  9.697e-01  9.398e-01  9.210e-01  9.280e-01  9.343e-01  9.170e-01  9.315e-01  9.697e-01  9.693e-01  9.450e-01  9.181e-01 	
 6.271e-01  6.240e-01  6.171e-01  6.125e-01  6.308e-01  7.011e-01  9.900e-01  9.900e-01  7.391e-01  7.084e-01  6.167e-01  6.064e-01  6.008e-01  5.976e-01  5.970e-01  5.944e-01  5.962e-01  6.069e-01  6.356e-01  7.044e-01  7.695e-01  8.963e-01  9.900e-01  9.900e-01  9.900e-01  9.900e-01  9.900e-01  9.900e-01  9.322e-01  9.900e-01  9.900e-01  9.406e-01  9.503e-01  9.900e-01  9.900e-01  9.485e-01  9.900e-01  9.900e-01  9.900e-01  9.646e-01  9.488e-01  9.213e-01  9.296e-01  8.928e-01  9.350e-01  9.325e-01  9.664e-01  9.387e-01  9.189e-01  9.109e-01 	
 6.275e-01  6.244e-01  6.175e-01  6.124e-01  6.222e-01  6.793e-01  9.900e-01  9.900e-01  7.179e-01  6.845e-01  6.087e-01  6.027e-01  5.988e-01  5.972e-01  5.962e-01  5.950e-01  5.950e-01  6.012e-01  6.220e-01  6.784e-01  7.429e-01  8.782e-01  9.900e-01  9.998e-01  9.998e-01  9.999e-01  9.998e-01  9.900e-01  9.181e-01  9.998e-01  9.900e-01  9.362e-01  9.412e-01  9.900e-01  9.900e-01  9.456e-01  9.900e-01  9.900e-01  9.900e-01  9.574e-01  9.252e-01  9.050e-01  9.286e-01  8.974e-01  9.341e-01  9.376e-01  9.353e-01  9.566e-01  8.869e-01  8.968e-01 	
 6.280e-01  6.249e-01  6.179e-01  6.125e-01  6.159e-01  6.609e-01  9.900e-01  9.900e-01  6.905e-01  6.637e-01  6.045e-01  6.002e-01  5.983e-01  5.970e-01  5.964e-01  5.958e-01  5.957e-01  5.985e-01  6.127e-01  6.581e-01  7.155e-01  8.574e-01  9.900e-01  9.999e-01  9.900e-01  9.900e-01  9.900e-01  9.900e-01  8.996e-01  9.999e-01  9.900e-01  9.250e-01  9.211e-01  9.998e-01  9.900e-01  9.340e-01  9.998e-01  9.999e-01  9.900e-01  9.477e-01  9.121e-01  8.810e-01  8.777e-01  8.848e-01  9.156e-01  9.031e-01  9.280e-01  9.258e-01  9.081e-01  8.857e-01 	
 6.283e-01  6.251e-01  6.184e-01  6.129e-01  6.128e-01  6.442e-01  9.999e-01  9.900e-01  6.697e-01  6.453e-01  6.021e-01  5.997e-01  5.985e-01  5.975e-01  5.970e-01  5.965e-01  5.964e-01  5.976e-01  6.042e-01  6.404e-01  6.897e-01  8.416e-01  9.900e-01  9.900e-01  9.998e-01  9.900e-01  9.998e-01  9.900e-01  8.939e-01  9.900e-01  9.998e-01  9.060e-01  9.123e-01  9.900e-01  9.900e-01  9.301e-01  9.900e-01  9.999e-01  9.999e-01  9.503e-01  8.988e-01  8.776e-01  8.802e-01  8.544e-01  8.845e-01  9.175e-01  9.222e-01  9.251e-01  8.933e-01  8.719e-01 	
 6.286e-01  6.255e-01  6.184e-01  6.132e-01  6.110e-01  6.305e-01  9.900e-01  9.900e-01  6.506e-01  6.300e-01  6.009e-01  5.996e-01  5.986e-01  5.982e-01  5.976e-01  5.975e-01  5.972e-01  5.971e-01  6.012e-01  6.275e-01  6.687e-01  8.202e-01  9.900e-01  9.900e-01  9.900e-01  9.900e-01  9.998e-01  9.900e-01  8.757e-01  9.900e-01  9.900e-01  8.981e-01  8.991e-01  9.900e-01  9.998e-01  9.245e-01  9.900e-01  9.998e-01  9.998e-01  9.322e-01  8.898e-01  8.600e-01  8.683e-01  8.327e-01  8.944e-01  8.792e-01  9.112e-01  9.307e-01  8.509e-01  8.626e-01 	
 6.288e-01  6.256e-01  6.187e-01  6.135e-01  6.103e-01  6.208e-01  9.999e-01  9.900e-01  6.353e-01  6.190e-01  6.008e-01  5.999e-01  5.992e-01  5.987e-01  5.983e-01  5.979e-01  5.979e-01  5.976e-01  5.991e-01  6.154e-01  6.490e-01  8.006e-01  9.998e-01  9.900e-01  9.900e-01  9.900e-01  9.999e-01  9.900e-01  8.603e-01  9.900e-01  9.900e-01  8.739e-01  8.818e-01  9.900e-01  9.999e-01  9.039e-01  9.998e-01  9.900e-01  9.900e-01  9.187e-01  8.848e-01  8.412e-01  8.507e-01  8.191e-01  8.598e-01  8.738e-01  9.166e-01  8.888e-01  8.548e-01  8.167e-01 	
 6.290e-01  6.257e-01  6.189e-01  6.136e-01  6.103e-01  6.149e-01  9.900e-01  9.900e-01  6.230e-01  6.113e-01  6.011e-01  6.003e-01  5.996e-01  5.990e-01  5.986e-01  5.984e-01  5.984e-01  5.980e-01  5.981e-01  6.075e-01  6.321e-01  7.724e-01  9.998e-01  9.999e-01  9.900e-01  9.900e-01  9.900e-01  9.900e-01  8.400e-01  9.998e-01  9.900e-01  8.640e-01  8.701e-01  9.900e-01  9.998e-01  8.929e-01  9.900e-01  9.999e-01  9.998e-01  9.109e-01  8.587e-01  8.200e-01  8.188e-01  8.089e-01  8.536e-01  8.556e-01  9.091e-01  8.979e-01  8.390e-01  7.809e-01 	
 6.289e-01  6.257e-01  6.191e-01  6.137e-01  6.101e-01  6.110e-01  9.900e-01  9.998e-01  6.139e-01  6.067e-01  6.013e-01  6.004e-01  5.997e-01  5.995e-01  5.990e-01  5.988e-01  5.987e-01  5.985e-01  5.984e-01  6.028e-01  6.201e-01  7.487e-01  9.900e-01  9.900e-01  9.900e-01  9.900e-01  9.900e-01  9.900e-01  8.183e-01  9.900e-01  9.999e-01  8.479e-01  8.503e-01  9.999e-01  9.900e-01  8.711e-01  9.999e-01  9.900e-01  9.900e-01  8.985e-01  8.295e-01  8.017e-01  8.055e-01  7.752e-01  8.162e-01  8.394e-01  8.774e-01  8.731e-01  8.202e-01  7.829e-01 	
 6.289e-01  6.260e-01  6.190e-01  6.137e-01  6.103e-01  6.091e-01  9.900e-01  9.900e-01  6.085e-01  6.041e-01  6.013e-01  6.007e-01  6.000e-01  5.997e-01  5.992e-01  5.989e-01  5.991e-01  5.989e-01  5.986e-01  6.003e-01  6.107e-01  7.221e-01  9.999e-01  9.900e-01  9.900e-01  9.900e-01  9.998e-01  9.900e-01  7.932e-01  9.900e-01  9.900e-01  8.201e-01  8.313e-01  9.900e-01  9.900e-01  8.583e-01  9.900e-01  9.900e-01  9.998e-01  8.858e-01  8.207e-01  7.764e-01  7.842e-01  7.492e-01  8.035e-01  8.163e-01  8.658e-01  8.500e-01  7.923e-01  7.561e-01 	
 6.290e-01  6.260e-01  6.191e-01  6.137e-01  6.102e-01  6.082e-01  9.900e-01  9.900e-01  6.055e-01  6.028e-01  6.014e-01  6.008e-01  6.003e-01  5.997e-01  5.995e-01  5.994e-01  5.993e-01  5.991e-01  5.990e-01  5.993e-01  6.049e-01  6.965e-01  9.900e-01  9.900e-01  9.900e-01  9.900e-01  9.900e-01  9.900e-01  7.680e-01  9.900e-01  9.998e-01  7.962e-01  8.093e-01  9.900e-01  9.900e-01  8.341e-01  9.900e-01  9.900e-01  9.900e-01  8.667e-01  7.956e-01  7.472e-01  7.552e-01  7.232e-01  7.785e-01  7.983e-01  8.425e-01  8.373e-01  7.712e-01  7.283e-01 	
 6.291e-01  6.261e-01  6.191e-01  6.137e-01  6.103e-01  6.082e-01  9.999e-01  9.900e-01  6.042e-01  6.025e-01  6.015e-01  6.009e-01  6.004e-01  6.000e-01  5.995e-01  5.994e-01  5.996e-01  5.993e-01  5.992e-01  5.991e-01  6.016e-01  6.745e-01  9.900e-01  9.900e-01  9.900e-01  9.900e-01  9.900e-01  9.900e-01  7.417e-01  9.998e-01  9.900e-01  7.702e-01  7.818e-01  9.900e-01  9.998e-01  8.119e-01  9.900e-01  9.900e-01  9.998e-01  8.440e-01  7.649e-01  7.216e-01  7.343e-01  6.987e-01  7.494e-01  7.665e-01  8.306e-01  8.058e-01  7.396e-01  7.038e-01 	
