 2.067e-03  5.234e-04  7.485e-04  1.168e-03  1.763e-03  2.513e-03  3.408e-03  4.446e-03  5.623e-03  6.940e-03  8.396e-03  9.992e-03  1.173e-02  1.361e-02  1.563e-02  1.780e-02  2.013e-02  2.261e-02  2.525e-02  2.805e-02  3.102e-02  3.415e-02  3.746e-02  4.094e-02  4.458e-02  4.839e-02  5.235e-02  5.647e-02  6.073e-02  6.512e-02  6.963e-02  7.426e-02  7.897e-02  8.377e-02  8.864e-02  9.357e-02  9.853e-02  1.035e-01  1.085e-01  1.136e-01  1.186e-01  1.236e-01  1.285e-01  1.335e-01  1.383e-01  1.432e-01  1.480e-01  1.528e-01  1.576e-01  1.624e-01 	
 7.216e-04  1.005e-04  6.697e-04  1.337e-03  2.178e-03  3.193e-03  4.382e-03  5.746e-03  7.287e-03  9.006e-03  1.091e-02  1.299e-02  1.526e-02  1.772e-02  2.038e-02  2.324e-02  2.631e-02  2.959e-02  3.310e-02  3.682e-02  4.077e-02  4.493e-02  4.932e-02  5.391e-02  5.869e-02  6.367e-02  6.881e-02  7.410e-02  7.952e-02  8.506e-02  9.069e-02  9.639e-02  1.021e-01  1.079e-01  1.137e-01  1.195e-01  1.253e-01  1.310e-01  1.366e-01  1.422e-01  1.478e-01  1.532e-01  1.585e-01  1.637e-01  1.688e-01  1.737e-01  1.785e-01  1.831e-01  1.874e-01  1.915e-01 	
 3.121e-04  1.048e-04  9.230e-04  1.831e-03  2.955e-03  4.306e-03  5.885e-03  7.697e-03  9.745e-03  1.203e-02  1.457e-02  1.736e-02  2.040e-02  2.372e-02  2.732e-02  3.120e-02  3.538e-02  3.985e-02  4.461e-02  4.966e-02  5.499e-02  6.057e-02  6.640e-02  7.244e-02  7.868e-02  8.507e-02  9.159e-02  9.821e-02  1.049e-01  1.116e-01  1.184e-01  1.251e-01  1.317e-01  1.383e-01  1.448e-01  1.512e-01  1.575e-01  1.636e-01  1.696e-01  1.754e-01  1.811e-01  1.866e-01  1.919e-01  1.970e-01  2.019e-01  2.065e-01  2.110e-01  2.151e-01  2.190e-01  2.224e-01 	
 2.287e-04  2.788e-04  1.327e-03  2.516e-03  3.998e-03  5.781e-03  7.872e-03  1.027e-02  1.300e-02  1.605e-02  1.944e-02  2.319e-02  2.731e-02  3.180e-02  3.669e-02  4.197e-02  4.763e-02  5.367e-02  6.006e-02  6.677e-02  7.378e-02  8.103e-02  8.849e-02  9.611e-02  1.038e-01  1.116e-01  1.195e-01  1.272e-01  1.350e-01  1.426e-01  1.501e-01  1.575e-01  1.646e-01  1.716e-01  1.784e-01  1.849e-01  1.912e-01  1.972e-01  2.031e-01  2.086e-01  2.139e-01  2.190e-01  2.238e-01  2.284e-01  2.328e-01  2.368e-01  2.407e-01  2.442e-01  2.475e-01  2.504e-01 	
 2.621e-04  5.370e-04  1.851e-03  3.405e-03  5.357e-03  7.715e-03  1.049e-02  1.368e-02  1.732e-02  2.141e-02  2.598e-02  3.106e-02  3.665e-02  4.276e-02  4.938e-02  5.649e-02  6.405e-02  7.202e-02  8.035e-02  8.896e-02  9.779e-02  1.068e-01  1.158e-01  1.249e-01  1.339e-01  1.428e-01  1.515e-01  1.601e-01  1.684e-01  1.765e-01  1.842e-01  1.916e-01  1.988e-01  2.056e-01  2.120e-01  2.181e-01  2.239e-01  2.294e-01  2.346e-01  2.394e-01  2.440e-01  2.483e-01  2.523e-01  2.561e-01  2.596e-01  2.629e-01  2.660e-01  2.688e-01  2.714e-01  2.738e-01 	
 3.452e-04  8.650e-04  2.522e-03  4.565e-03  7.145e-03  1.027e-02  1.396e-02  1.823e-02  2.311e-02  2.865e-02  3.485e-02  4.175e-02  4.932e-02  5.754e-02  6.635e-02  7.569e-02  8.546e-02  9.556e-02  1.059e-01  1.163e-01  1.268e-01  1.372e-01  1.475e-01  1.575e-01  1.673e-01  1.767e-01  1.858e-01  1.944e-01  2.026e-01  2.104e-01  2.178e-01  2.247e-01  2.311e-01  2.372e-01  2.428e-01  2.480e-01  2.529e-01  2.574e-01  2.616e-01  2.655e-01  2.690e-01  2.724e-01  2.754e-01  2.783e-01  2.809e-01  2.834e-01  2.857e-01  2.878e-01  2.899e-01  2.918e-01 	
 4.634e-04  1.280e-03  3.397e-03  6.094e-03  9.514e-03  1.367e-02  1.860e-02  2.436e-02  3.097e-02  3.849e-02  4.690e-02  5.619e-02  6.627e-02  7.704e-02  8.836e-02  1.001e-01  1.120e-01  1.241e-01  1.361e-01  1.480e-01  1.595e-01  1.707e-01  1.814e-01  1.917e-01  2.014e-01  2.106e-01  2.191e-01  2.271e-01  2.346e-01  2.414e-01  2.478e-01  2.536e-01  2.589e-01  2.638e-01  2.682e-01  2.723e-01  2.760e-01  2.794e-01  2.824e-01  2.852e-01  2.878e-01  2.901e-01  2.923e-01  2.943e-01  2.962e-01  2.980e-01  2.997e-01  3.014e-01  3.031e-01  3.048e-01 	
 6.215e-04  1.814e-03  4.552e-03  8.123e-03  1.267e-02  1.823e-02  2.488e-02  3.268e-02  4.166e-02  5.183e-02  6.308e-02  7.529e-02  8.825e-02  1.017e-01  1.155e-01  1.294e-01  1.431e-01  1.565e-01  1.695e-01  1.819e-01  1.937e-01  2.048e-01  2.151e-01  2.247e-01  2.336e-01  2.417e-01  2.491e-01  2.558e-01  2.619e-01  2.674e-01  2.723e-01  2.768e-01  2.808e-01  2.843e-01  2.875e-01  2.904e-01  2.930e-01  2.953e-01  2.974e-01  2.993e-01  3.011e-01  3.027e-01  3.043e-01  3.057e-01  3.072e-01  3.086e-01  3.100e-01  3.116e-01  3.132e-01  3.150e-01 	
 8.332e-04  2.512e-03  6.082e-03  1.083e-02  1.690e-02  2.440e-02  3.341e-02  4.399e-02  5.610e-02  6.957e-02  8.416e-02  9.952e-02  1.153e-01  1.312e-01  1.469e-01  1.622e-01  1.768e-01  1.906e-01  2.035e-01  2.155e-01  2.265e-01  2.365e-01  2.456e-01  2.538e-01  2.611e-01  2.676e-01  2.734e-01  2.785e-01  2.831e-01  2.871e-01  2.906e-01  2.937e-01  2.964e-01  2.989e-01  3.011e-01  3.030e-01  3.048e-01  3.065e-01  3.080e-01  3.095e-01  3.109e-01  3.123e-01  3.136e-01  3.150e-01  3.164e-01  3.178e-01  3.194e-01  3.210e-01  3.228e-01  3.248e-01 	
 1.118e-03  3.434e-03  8.119e-03  1.445e-02  2.262e-02  3.278e-02  4.501e-02  5.921e-02  7.513e-02  9.232e-02  1.103e-01  1.285e-01  1.465e-01  1.639e-01  1.804e-01  1.959e-01  2.101e-01  2.231e-01  2.348e-01  2.453e-01  2.546e-01  2.628e-01  2.700e-01  2.763e-01  2.817e-01  2.865e-01  2.906e-01  2.942e-01  2.973e-01  3.001e-01  3.025e-01  3.047e-01  3.066e-01  3.085e-01  3.102e-01  3.118e-01  3.134e-01  3.149e-01  3.165e-01  3.180e-01  3.196e-01  3.212e-01  3.228e-01  3.245e-01  3.263e-01  3.282e-01  3.301e-01  3.322e-01  3.344e-01  3.368e-01 	
 1.503e-03  4.659e-03  1.084e-02  1.933e-02  3.041e-02  4.419e-02  6.059e-02  7.916e-02  9.923e-02  1.200e-01  1.408e-01  1.609e-01  1.798e-01  1.974e-01  2.134e-01  2.276e-01  2.403e-01  2.513e-01  2.609e-01  2.692e-01  2.762e-01  2.823e-01  2.874e-01  2.918e-01  2.956e-01  2.989e-01  3.017e-01  3.043e-01  3.066e-01  3.087e-01  3.108e-01  3.127e-01  3.146e-01  3.165e-01  3.183e-01  3.202e-01  3.222e-01  3.242e-01  3.262e-01  3.283e-01  3.305e-01  3.327e-01  3.350e-01  3.374e-01  3.398e-01  3.423e-01  3.448e-01  3.474e-01  3.500e-01  3.528e-01 	
 2.023e-03  6.294e-03  1.452e-02  2.598e-02  4.101e-02  5.954e-02  8.096e-02  1.042e-01  1.282e-01  1.518e-01  1.741e-01  1.946e-01  2.131e-01  2.293e-01  2.434e-01  2.554e-01  2.655e-01  2.740e-01  2.810e-01  2.869e-01  2.918e-01  2.960e-01  2.995e-01  3.026e-01  3.054e-01  3.079e-01  3.103e-01  3.126e-01  3.148e-01  3.171e-01  3.194e-01  3.218e-01  3.242e-01  3.267e-01  3.292e-01  3.318e-01  3.345e-01  3.373e-01  3.401e-01  3.430e-01  3.459e-01  3.488e-01  3.518e-01  3.548e-01  3.579e-01  3.609e-01  3.640e-01  3.670e-01  3.700e-01  3.730e-01 	
 2.727e-03  8.491e-03  1.949e-02  3.505e-02  5.533e-02  7.963e-02  1.064e-01  1.340e-01  1.608e-01  1.856e-01  2.078e-01  2.270e-01  2.434e-01  2.570e-01  2.681e-01  2.772e-01  2.845e-01  2.904e-01  2.952e-01  2.992e-01  3.027e-01  3.058e-01  3.086e-01  3.113e-01  3.140e-01  3.167e-01  3.195e-01  3.223e-01  3.253e-01  3.283e-01  3.315e-01  3.348e-01  3.381e-01  3.415e-01  3.450e-01  3.485e-01  3.521e-01  3.556e-01  3.592e-01  3.628e-01  3.664e-01  3.700e-01  3.736e-01  3.772e-01  3.807e-01  3.841e-01  3.875e-01  3.908e-01  3.940e-01  3.971e-01 	
 3.680e-03  1.146e-02  2.629e-02  4.736e-02  7.419e-02  1.048e-01  1.365e-01  1.670e-01  1.946e-01  2.186e-01  2.387e-01  2.550e-01  2.680e-01  2.782e-01  2.861e-01  2.923e-01  2.972e-01  3.012e-01  3.046e-01  3.077e-01  3.107e-01  3.137e-01  3.168e-01  3.201e-01  3.234e-01  3.270e-01  3.308e-01  3.346e-01  3.387e-01  3.428e-01  3.470e-01  3.512e-01  3.555e-01  3.599e-01  3.642e-01  3.685e-01  3.728e-01  3.770e-01  3.813e-01  3.854e-01  3.895e-01  3.936e-01  3.975e-01  4.014e-01  4.052e-01  4.089e-01  4.125e-01  4.160e-01  4.192e-01  4.223e-01 	
 4.976e-03  1.551e-02  3.556e-02  6.377e-02  9.801e-02  1.344e-01  1.695e-01  2.007e-01  2.270e-01  2.481e-01  2.645e-01  2.770e-01  2.862e-01  2.931e-01  2.984e-01  3.025e-01  3.060e-01  3.093e-01  3.125e-01  3.158e-01  3.194e-01  3.232e-01  3.273e-01  3.316e-01  3.362e-01  3.410e-01  3.459e-01  3.509e-01  3.560e-01  3.611e-01  3.663e-01  3.714e-01  3.765e-01  3.815e-01  3.864e-01  3.913e-01  3.961e-01  4.008e-01  4.054e-01  4.098e-01  4.142e-01  4.185e-01  4.226e-01  4.267e-01  4.306e-01  4.344e-01  4.380e-01  4.415e-01  4.448e-01  4.478e-01 	
 6.743e-03  2.104e-02  4.811e-02  8.491e-02  1.265e-01  1.672e-01  2.030e-01  2.324e-01  2.551e-01  2.720e-01  2.841e-01  2.926e-01  2.987e-01  3.033e-01  3.071e-01  3.105e-01  3.140e-01  3.177e-01  3.218e-01  3.262e-01  3.310e-01  3.361e-01  3.415e-01  3.472e-01  3.530e-01  3.589e-01  3.649e-01  3.709e-01  3.769e-01  3.828e-01  3.886e-01  3.944e-01  4.000e-01  4.055e-01  4.108e-01  4.160e-01  4.211e-01  4.260e-01  4.307e-01  4.353e-01  4.398e-01  4.442e-01  4.484e-01  4.524e-01  4.564e-01  4.601e-01  4.637e-01  4.672e-01  4.704e-01  4.734e-01 	
 9.159e-03  2.860e-02  6.472e-02  1.109e-01  1.584e-01  2.006e-01  2.344e-01  2.596e-01  2.774e-01  2.895e-01  2.977e-01  3.034e-01  3.078e-01  3.117e-01  3.155e-01  3.197e-01  3.243e-01  3.293e-01  3.349e-01  3.408e-01  3.471e-01  3.536e-01  3.604e-01  3.672e-01  3.740e-01  3.809e-01  3.877e-01  3.944e-01  4.010e-01  4.074e-01  4.136e-01  4.197e-01  4.256e-01  4.313e-01  4.368e-01  4.421e-01  4.473e-01  4.522e-01  4.570e-01  4.616e-01  4.660e-01  4.703e-01  4.744e-01  4.784e-01  4.822e-01  4.859e-01  4.893e-01  4.926e-01  4.957e-01  4.985e-01 	
 1.246e-02  3.888e-02  8.594e-02  1.409e-01  1.916e-01  2.320e-01  2.611e-01  2.807e-01  2.933e-01  3.014e-01  3.070e-01  3.114e-01  3.157e-01  3.202e-01  3.252e-01  3.308e-01  3.370e-01  3.438e-01  3.509e-01  3.583e-01  3.659e-01  3.735e-01  3.813e-01  3.890e-01  3.966e-01  4.041e-01  4.114e-01  4.185e-01  4.254e-01  4.321e-01  4.386e-01  4.448e-01  4.508e-01  4.566e-01  4.622e-01  4.675e-01  4.726e-01  4.775e-01  4.822e-01  4.868e-01  4.911e-01  4.953e-01  4.993e-01  5.031e-01  5.068e-01  5.103e-01  5.136e-01  5.168e-01  5.197e-01  5.224e-01 	
 1.698e-02  5.261e-02  1.118e-01  1.733e-01  2.235e-01  2.590e-01  2.818e-01  2.955e-01  3.038e-01  3.095e-01  3.142e-01  3.189e-01  3.242e-01  3.303e-01  3.370e-01  3.443e-01  3.521e-01  3.602e-01  3.686e-01  3.771e-01  3.856e-01  3.941e-01  4.025e-01  4.107e-01  4.188e-01  4.266e-01  4.342e-01  4.416e-01  4.487e-01  4.555e-01  4.621e-01  4.684e-01  4.744e-01  4.802e-01  4.857e-01  4.910e-01  4.961e-01  5.009e-01  5.055e-01  5.099e-01  5.142e-01  5.182e-01  5.221e-01  5.258e-01  5.294e-01  5.327e-01  5.360e-01  5.390e-01  5.418e-01  5.444e-01 	
 2.313e-02  7.047e-02  1.413e-01  2.057e-01  2.517e-01  2.801e-01  2.963e-01  3.055e-01  3.116e-01  3.169e-01  3.225e-01  3.288e-01  3.360e-01  3.439e-01  3.524e-01  3.613e-01  3.704e-01  3.797e-01  3.890e-01  3.982e-01  4.073e-01  4.162e-01  4.250e-01  4.335e-01  4.418e-01  4.498e-01  4.575e-01  4.649e-01  4.720e-01  4.789e-01  4.854e-01  4.917e-01  4.977e-01  5.034e-01  5.088e-01  5.140e-01  5.189e-01  5.237e-01  5.282e-01  5.324e-01  5.365e-01  5.404e-01  5.442e-01  5.477e-01  5.511e-01  5.544e-01  5.574e-01  5.603e-01  5.631e-01  5.656e-01 	
 3.143e-02  9.278e-02  1.730e-01  2.357e-01  2.744e-01  2.952e-01  3.063e-01  3.134e-01  3.196e-01  3.264e-01  3.342e-01  3.428e-01  3.521e-01  3.619e-01  3.719e-01  3.820e-01  3.921e-01  4.021e-01  4.120e-01  4.216e-01  4.310e-01  4.402e-01  4.491e-01  4.577e-01  4.660e-01  4.739e-01  4.816e-01  4.890e-01  4.960e-01  5.028e-01  5.092e-01  5.154e-01  5.212e-01  5.268e-01  5.321e-01  5.371e-01  5.419e-01  5.464e-01  5.508e-01  5.549e-01  5.588e-01  5.625e-01  5.661e-01  5.695e-01  5.727e-01  5.757e-01  5.786e-01  5.813e-01  5.839e-01  5.863e-01 	
 4.246e-02  1.193e-01  2.048e-01  2.615e-01  2.915e-01  3.062e-01  3.150e-01  3.225e-01  3.308e-01  3.402e-01  3.505e-01  3.613e-01  3.724e-01  3.836e-01  3.946e-01  4.054e-01  4.160e-01  4.263e-01  4.363e-01  4.460e-01  4.555e-01  4.646e-01  4.734e-01  4.818e-01  4.900e-01  4.978e-01  5.053e-01  5.125e-01  5.194e-01  5.260e-01  5.322e-01  5.382e-01  5.438e-01  5.492e-01  5.543e-01  5.592e-01  5.638e-01  5.681e-01  5.722e-01  5.762e-01  5.799e-01  5.834e-01  5.868e-01  5.900e-01  5.930e-01  5.959e-01  5.986e-01  6.012e-01  6.036e-01  6.058e-01 	
 5.671e-02  1.489e-01  2.345e-01  2.821e-01  3.042e-01  3.156e-01  3.247e-01  3.346e-01  3.456e-01  3.576e-01  3.699e-01  3.823e-01  3.944e-01  4.062e-01  4.175e-01  4.285e-01  4.391e-01  4.493e-01  4.591e-01  4.687e-01  4.779e-01  4.868e-01  4.953e-01  5.036e-01  5.116e-01  5.192e-01  5.265e-01  5.336e-01  5.403e-01  5.467e-01  5.527e-01  5.585e-01  5.640e-01  5.693e-01  5.742e-01  5.789e-01  5.834e-01  5.876e-01  5.916e-01  5.954e-01  5.989e-01  6.023e-01  6.056e-01  6.086e-01  6.115e-01  6.142e-01  6.168e-01  6.193e-01  6.216e-01  6.238e-01 	
 7.413e-02  1.799e-01  2.604e-01  2.981e-01  3.149e-01  3.261e-01  3.376e-01  3.504e-01  3.642e-01  3.781e-01  3.917e-01  4.048e-01  4.173e-01  4.291e-01  4.404e-01  4.512e-01  4.615e-01  4.715e-01  4.811e-01  4.903e-01  4.993e-01  5.079e-01  5.163e-01  5.243e-01  5.321e-01  5.395e-01  5.467e-01  5.535e-01  5.601e-01  5.663e-01  5.723e-01  5.779e-01  5.833e-01  5.884e-01  5.932e-01  5.978e-01  6.021e-01  6.062e-01  6.100e-01  6.137e-01  6.171e-01  6.204e-01  6.235e-01  6.264e-01  6.292e-01  6.318e-01  6.343e-01  6.366e-01  6.388e-01  6.408e-01 	
 9.386e-02  2.098e-01  2.816e-01  3.110e-01  3.259e-01  3.393e-01  3.540e-01  3.696e-01  3.853e-01  4.003e-01  4.145e-01  4.278e-01  4.401e-01  4.517e-01  4.627e-01  4.731e-01  4.830e-01  4.926e-01  5.018e-01  5.107e-01  5.194e-01  5.277e-01  5.358e-01  5.436e-01  5.512e-01  5.584e-01  5.654e-01  5.721e-01  5.785e-01  5.846e-01  5.904e-01  5.959e-01  6.012e-01  6.061e-01  6.108e-01  6.153e-01  6.195e-01  6.235e-01  6.272e-01  6.307e-01  6.341e-01  6.372e-01  6.402e-01  6.430e-01  6.457e-01  6.482e-01  6.505e-01  6.528e-01  6.549e-01  6.569e-01 	
 1.163e-01  2.374e-01  2.989e-01  3.232e-01  3.394e-01  3.561e-01  3.738e-01  3.913e-01  4.080e-01  4.234e-01  4.375e-01  4.504e-01  4.624e-01  4.735e-01  4.839e-01  4.938e-01  5.033e-01  5.124e-01  5.213e-01  5.298e-01  5.381e-01  5.462e-01  5.541e-01  5.617e-01  5.690e-01  5.761e-01  5.829e-01  5.894e-01  5.957e-01  6.016e-01  6.073e-01  6.128e-01  6.179e-01  6.228e-01  6.274e-01  6.317e-01  6.358e-01  6.397e-01  6.434e-01  6.468e-01  6.500e-01  6.531e-01  6.560e-01  6.587e-01  6.612e-01  6.637e-01  6.659e-01  6.681e-01  6.701e-01  6.720e-01 	
 1.418e-01  2.626e-01  3.148e-01  3.378e-01  3.571e-01  3.770e-01  3.967e-01  4.151e-01  4.318e-01  4.469e-01  4.604e-01  4.727e-01  4.839e-01  4.943e-01  5.041e-01  5.134e-01  5.224e-01  5.310e-01  5.395e-01  5.476e-01  5.556e-01  5.634e-01  5.710e-01  5.784e-01  5.856e-01  5.925e-01  5.991e-01  6.055e-01  6.117e-01  6.175e-01  6.231e-01  6.285e-01  6.335e-01  6.383e-01  6.428e-01  6.471e-01  6.511e-01  6.549e-01  6.585e-01  6.619e-01  6.650e-01  6.680e-01  6.708e-01  6.734e-01  6.759e-01  6.782e-01  6.804e-01  6.825e-01  6.845e-01  6.863e-01 	
 1.692e-01  2.857e-01  3.316e-01  3.563e-01  3.789e-01  4.010e-01  4.214e-01  4.397e-01  4.558e-01  4.700e-01  4.826e-01  4.939e-01  5.043e-01  5.139e-01  5.230e-01  5.316e-01  5.400e-01  5.482e-01  5.562e-01  5.640e-01  5.717e-01  5.792e-01  5.865e-01  5.937e-01  6.007e-01  6.075e-01  6.140e-01  6.203e-01  6.263e-01  6.321e-01  6.376e-01  6.429e-01  6.479e-01  6.526e-01  6.570e-01  6.613e-01  6.652e-01  6.690e-01  6.725e-01  6.758e-01  6.789e-01  6.818e-01  6.845e-01  6.871e-01  6.895e-01  6.918e-01  6.939e-01  6.959e-01  6.978e-01  6.996e-01 	
 1.962e-01  3.073e-01  3.508e-01  3.783e-01  4.034e-01  4.262e-01  4.463e-01  4.638e-01  4.788e-01  4.919e-01  5.035e-01  5.139e-01  5.234e-01  5.322e-01  5.406e-01  5.487e-01  5.565e-01  5.642e-01  5.718e-01  5.793e-01  5.867e-01  5.940e-01  6.012e-01  6.081e-01  6.150e-01  6.216e-01  6.280e-01  6.342e-01  6.402e-01  6.459e-01  6.513e-01  6.565e-01  6.614e-01  6.661e-01  6.705e-01  6.747e-01  6.786e-01  6.823e-01  6.857e-01  6.890e-01  6.920e-01  6.949e-01  6.975e-01  7.000e-01  7.024e-01  7.046e-01  7.067e-01  7.086e-01  7.104e-01  7.122e-01 	
 2.252e-01  3.307e-01  3.740e-01  4.036e-01  4.294e-01  4.516e-01  4.705e-01  4.866e-01  5.003e-01  5.122e-01  5.227e-01  5.321e-01  5.407e-01  5.488e-01  5.565e-01  5.641e-01  5.714e-01  5.787e-01  5.860e-01  5.932e-01  6.003e-01  6.074e-01  6.143e-01  6.212e-01  6.279e-01  6.344e-01  6.407e-01  6.468e-01  6.527e-01  6.583e-01  6.637e-01  6.689e-01  6.737e-01  6.783e-01  6.827e-01  6.868e-01  6.907e-01  6.943e-01  6.978e-01  7.010e-01  7.040e-01  7.068e-01  7.094e-01  7.119e-01  7.142e-01  7.163e-01  7.184e-01  7.203e-01  7.221e-01  7.237e-01 	
 2.578e-01  3.592e-01  4.026e-01  4.323e-01  4.569e-01  4.773e-01  4.944e-01  5.087e-01  5.209e-01  5.314e-01  5.407e-01  5.491e-01  5.568e-01  5.642e-01  5.713e-01  5.783e-01  5.852e-01  5.921e-01  5.990e-01  6.059e-01  6.128e-01  6.197e-01  6.265e-01  6.332e-01  6.398e-01  6.462e-01  6.524e-01  6.584e-01  6.643e-01  6.698e-01  6.752e-01  6.802e-01  6.851e-01  6.896e-01  6.940e-01  6.980e-01  7.019e-01  7.055e-01  7.089e-01  7.120e-01  7.150e-01  7.178e-01  7.204e-01  7.228e-01  7.250e-01  7.272e-01  7.291e-01  7.310e-01  7.327e-01  7.344e-01 	
 2.943e-01  3.928e-01  4.351e-01  4.629e-01  4.850e-01  5.029e-01  5.176e-01  5.300e-01  5.405e-01  5.496e-01  5.577e-01  5.650e-01  5.719e-01  5.785e-01  5.850e-01  5.915e-01  5.979e-01  6.045e-01  6.111e-01  6.177e-01  6.244e-01  6.310e-01  6.377e-01  6.442e-01  6.507e-01  6.570e-01  6.631e-01  6.691e-01  6.748e-01  6.803e-01  6.856e-01  6.906e-01  6.954e-01  6.999e-01  7.042e-01  7.082e-01  7.120e-01  7.156e-01  7.189e-01  7.221e-01  7.250e-01  7.277e-01  7.303e-01  7.327e-01  7.349e-01  7.370e-01  7.389e-01  7.408e-01  7.425e-01  7.441e-01 	
 3.342e-01  4.304e-01  4.700e-01  4.942e-01  5.127e-01  5.276e-01  5.398e-01  5.501e-01  5.589e-01  5.667e-01  5.736e-01  5.800e-01  5.860e-01  5.919e-01  5.978e-01  6.037e-01  6.098e-01  6.160e-01  6.222e-01  6.286e-01  6.350e-01  6.415e-01  6.480e-01  6.544e-01  6.607e-01  6.669e-01  6.729e-01  6.788e-01  6.844e-01  6.899e-01  6.951e-01  7.000e-01  7.048e-01  7.092e-01  7.135e-01  7.175e-01  7.212e-01  7.247e-01  7.281e-01  7.312e-01  7.340e-01  7.367e-01  7.393e-01  7.416e-01  7.438e-01  7.459e-01  7.478e-01  7.496e-01  7.513e-01  7.529e-01 	
 3.724e-01  4.676e-01  5.036e-01  5.237e-01  5.385e-01  5.503e-01  5.601e-01  5.684e-01  5.756e-01  5.821e-01  5.879e-01  5.934e-01  5.987e-01  6.040e-01  6.093e-01  6.148e-01  6.205e-01  6.263e-01  6.323e-01  6.384e-01  6.447e-01  6.510e-01  6.572e-01  6.635e-01  6.697e-01  6.758e-01  6.817e-01  6.875e-01  6.931e-01  6.984e-01  7.036e-01  7.085e-01  7.131e-01  7.176e-01  7.217e-01  7.257e-01  7.294e-01  7.329e-01  7.362e-01  7.392e-01  7.421e-01  7.448e-01  7.473e-01  7.496e-01  7.517e-01  7.538e-01  7.556e-01  7.574e-01  7.591e-01  7.607e-01 	
 4.081e-01  5.028e-01  5.348e-01  5.507e-01  5.619e-01  5.709e-01  5.784e-01  5.850e-01  5.908e-01  5.960e-01  6.009e-01  6.055e-01  6.102e-01  6.149e-01  6.197e-01  6.248e-01  6.301e-01  6.356e-01  6.414e-01  6.473e-01  6.533e-01  6.595e-01  6.656e-01  6.718e-01  6.778e-01  6.838e-01  6.896e-01  6.953e-01  7.008e-01  7.061e-01  7.112e-01  7.160e-01  7.206e-01  7.250e-01  7.291e-01  7.330e-01  7.367e-01  7.401e-01  7.434e-01  7.464e-01  7.492e-01  7.518e-01  7.543e-01  7.566e-01  7.587e-01  7.607e-01  7.626e-01  7.643e-01  7.660e-01  7.675e-01 	
 4.420e-01  5.358e-01  5.637e-01  5.756e-01  5.835e-01  5.899e-01  5.955e-01  6.004e-01  6.049e-01  6.091e-01  6.130e-01  6.169e-01  6.209e-01  6.251e-01  6.295e-01  6.342e-01  6.392e-01  6.445e-01  6.500e-01  6.557e-01  6.615e-01  6.675e-01  6.735e-01  6.795e-01  6.854e-01  6.913e-01  6.970e-01  7.026e-01  7.080e-01  7.132e-01  7.182e-01  7.229e-01  7.275e-01  7.318e-01  7.358e-01  7.397e-01  7.433e-01  7.467e-01  7.499e-01  7.528e-01  7.556e-01  7.582e-01  7.606e-01  7.629e-01  7.650e-01  7.670e-01  7.688e-01  7.705e-01  7.721e-01  7.737e-01 	
 4.760e-01  5.676e-01  5.912e-01  5.990e-01  6.037e-01  6.076e-01  6.112e-01  6.146e-01  6.179e-01  6.210e-01  6.241e-01  6.274e-01  6.308e-01  6.344e-01  6.384e-01  6.428e-01  6.475e-01  6.525e-01  6.577e-01  6.633e-01  6.689e-01  6.747e-01  6.806e-01  6.864e-01  6.923e-01  6.980e-01  7.036e-01  7.091e-01  7.144e-01  7.195e-01  7.244e-01  7.291e-01  7.335e-01  7.378e-01  7.418e-01  7.455e-01  7.491e-01  7.524e-01  7.556e-01  7.585e-01  7.612e-01  7.638e-01  7.662e-01  7.684e-01  7.705e-01  7.724e-01  7.742e-01  7.759e-01  7.775e-01  7.790e-01 	
 5.083e-01  5.969e-01  6.165e-01  6.207e-01  6.225e-01  6.241e-01  6.259e-01  6.279e-01  6.300e-01  6.321e-01  6.345e-01  6.370e-01  6.399e-01  6.431e-01  6.467e-01  6.507e-01  6.551e-01  6.599e-01  6.649e-01  6.703e-01  6.758e-01  6.814e-01  6.871e-01  6.928e-01  6.985e-01  7.041e-01  7.096e-01  7.150e-01  7.202e-01  7.252e-01  7.300e-01  7.346e-01  7.390e-01  7.431e-01  7.471e-01  7.508e-01  7.543e-01  7.576e-01  7.606e-01  7.635e-01  7.662e-01  7.687e-01  7.711e-01  7.732e-01  7.753e-01  7.772e-01  7.790e-01  7.806e-01  7.822e-01  7.837e-01 	
 5.393e-01  6.242e-01  6.399e-01  6.408e-01  6.400e-01  6.395e-01  6.396e-01  6.402e-01  6.412e-01  6.426e-01  6.442e-01  6.461e-01  6.485e-01  6.513e-01  6.545e-01  6.582e-01  6.624e-01  6.669e-01  6.717e-01  6.769e-01  6.822e-01  6.877e-01  6.932e-01  6.988e-01  7.044e-01  7.098e-01  7.152e-01  7.205e-01  7.256e-01  7.305e-01  7.352e-01  7.397e-01  7.440e-01  7.480e-01  7.519e-01  7.555e-01  7.589e-01  7.622e-01  7.652e-01  7.680e-01  7.706e-01  7.731e-01  7.754e-01  7.776e-01  7.796e-01  7.814e-01  7.832e-01  7.848e-01  7.864e-01  7.879e-01 	
 5.691e-01  6.495e-01  6.617e-01  6.596e-01  6.563e-01  6.538e-01  6.524e-01  6.518e-01  6.518e-01  6.522e-01  6.532e-01  6.546e-01  6.564e-01  6.588e-01  6.617e-01  6.651e-01  6.690e-01  6.733e-01  6.779e-01  6.828e-01  6.880e-01  6.933e-01  6.987e-01  7.042e-01  7.096e-01  7.149e-01  7.202e-01  7.253e-01  7.303e-01  7.351e-01  7.397e-01  7.441e-01  7.483e-01  7.523e-01  7.561e-01  7.597e-01  7.630e-01  7.662e-01  7.691e-01  7.719e-01  7.745e-01  7.769e-01  7.791e-01  7.813e-01  7.832e-01  7.850e-01  7.868e-01  7.884e-01  7.899e-01  7.914e-01 	
 5.963e-01  6.724e-01  6.815e-01  6.769e-01  6.714e-01  6.672e-01  6.643e-01  6.626e-01  6.617e-01  6.614e-01  6.617e-01  6.626e-01  6.640e-01  6.660e-01  6.685e-01  6.716e-01  6.753e-01  6.793e-01  6.838e-01  6.885e-01  6.935e-01  6.986e-01  7.039e-01  7.092e-01  7.145e-01  7.197e-01  7.248e-01  7.298e-01  7.347e-01  7.394e-01  7.439e-01  7.482e-01  7.523e-01  7.562e-01  7.599e-01  7.634e-01  7.667e-01  7.698e-01  7.727e-01  7.754e-01  7.779e-01  7.803e-01  7.825e-01  7.846e-01  7.865e-01  7.883e-01  7.899e-01  7.915e-01  7.931e-01  7.945e-01 	
 6.214e-01  6.932e-01  6.998e-01  6.930e-01  6.856e-01  6.798e-01  6.757e-01  6.729e-01  6.711e-01  6.702e-01  6.699e-01  6.702e-01  6.712e-01  6.728e-01  6.751e-01  6.779e-01  6.813e-01  6.851e-01  6.893e-01  6.939e-01  6.987e-01  7.037e-01  7.088e-01  7.139e-01  7.191e-01  7.241e-01  7.292e-01  7.340e-01  7.388e-01  7.434e-01  7.478e-01  7.520e-01  7.560e-01  7.598e-01  7.634e-01  7.668e-01  7.700e-01  7.730e-01  7.759e-01  7.785e-01  7.810e-01  7.833e-01  7.855e-01  7.875e-01  7.894e-01  7.911e-01  7.928e-01  7.943e-01  7.958e-01  7.973e-01 	
 6.436e-01  7.119e-01  7.166e-01  7.080e-01  6.989e-01  6.918e-01  6.865e-01  6.827e-01  6.802e-01  6.786e-01  6.777e-01  6.776e-01  6.782e-01  6.794e-01  6.814e-01  6.839e-01  6.870e-01  6.906e-01  6.946e-01  6.990e-01  7.036e-01  7.084e-01  7.134e-01  7.184e-01  7.233e-01  7.283e-01  7.332e-01  7.379e-01  7.426e-01  7.470e-01  7.513e-01  7.554e-01  7.593e-01  7.630e-01  7.666e-01  7.699e-01  7.730e-01  7.760e-01  7.787e-01  7.813e-01  7.837e-01  7.860e-01  7.881e-01  7.901e-01  7.919e-01  7.936e-01  7.952e-01  7.967e-01  7.982e-01  7.996e-01 	
 6.634e-01  7.287e-01  7.321e-01  7.220e-01  7.116e-01  7.032e-01  6.968e-01  6.922e-01  6.889e-01  6.867e-01  6.853e-01  6.847e-01  6.849e-01  6.858e-01  6.874e-01  6.897e-01  6.925e-01  6.959e-01  6.997e-01  7.039e-01  7.083e-01  7.129e-01  7.177e-01  7.225e-01  7.274e-01  7.322e-01  7.369e-01  7.415e-01  7.460e-01  7.504e-01  7.546e-01  7.586e-01  7.624e-01  7.660e-01  7.694e-01  7.727e-01  7.757e-01  7.786e-01  7.813e-01  7.838e-01  7.862e-01  7.884e-01  7.904e-01  7.923e-01  7.941e-01  7.958e-01  7.974e-01  7.989e-01  8.003e-01  8.017e-01 	
 6.807e-01  7.436e-01  7.463e-01  7.352e-01  7.236e-01  7.141e-01  7.067e-01  7.013e-01  6.973e-01  6.945e-01  6.926e-01  6.916e-01  6.913e-01  6.919e-01  6.932e-01  6.952e-01  6.978e-01  7.009e-01  7.045e-01  7.085e-01  7.127e-01  7.172e-01  7.218e-01  7.264e-01  7.311e-01  7.358e-01  7.404e-01  7.449e-01  7.493e-01  7.535e-01  7.576e-01  7.615e-01  7.652e-01  7.687e-01  7.720e-01  7.752e-01  7.782e-01  7.810e-01  7.836e-01  7.861e-01  7.884e-01  7.905e-01  7.925e-01  7.944e-01  7.961e-01  7.977e-01  7.993e-01  8.007e-01  8.022e-01  8.035e-01 	
 6.956e-01  7.568e-01  7.593e-01  7.476e-01  7.351e-01  7.246e-01  7.164e-01  7.102e-01  7.056e-01  7.021e-01  6.998e-01  6.983e-01  6.977e-01  6.979e-01  6.989e-01  7.006e-01  7.029e-01  7.058e-01  7.091e-01  7.129e-01  7.169e-01  7.212e-01  7.256e-01  7.301e-01  7.346e-01  7.392e-01  7.436e-01  7.480e-01  7.522e-01  7.563e-01  7.603e-01  7.641e-01  7.677e-01  7.711e-01  7.744e-01  7.775e-01  7.804e-01  7.831e-01  7.857e-01  7.881e-01  7.903e-01  7.924e-01  7.943e-01  7.961e-01  7.978e-01  7.994e-01  8.009e-01  8.023e-01  8.037e-01  8.051e-01 	
 7.085e-01  7.684e-01  7.712e-01  7.592e-01  7.460e-01  7.346e-01  7.257e-01  7.188e-01  7.136e-01  7.096e-01  7.067e-01  7.048e-01  7.038e-01  7.037e-01  7.044e-01  7.057e-01  7.078e-01  7.104e-01  7.136e-01  7.171e-01  7.209e-01  7.250e-01  7.293e-01  7.336e-01  7.380e-01  7.423e-01  7.467e-01  7.509e-01  7.550e-01  7.590e-01  7.628e-01  7.665e-01  7.700e-01  7.734e-01  7.766e-01  7.796e-01  7.824e-01  7.850e-01  7.875e-01  7.898e-01  7.920e-01  7.940e-01  7.959e-01  7.977e-01  7.993e-01  8.009e-01  8.023e-01  8.037e-01  8.051e-01  8.065e-01 	
 7.198e-01  7.784e-01  7.819e-01  7.700e-01  7.563e-01  7.443e-01  7.347e-01  7.271e-01  7.213e-01  7.169e-01  7.135e-01  7.112e-01  7.098e-01  7.093e-01  7.097e-01  7.108e-01  7.125e-01  7.149e-01  7.178e-01  7.211e-01  7.248e-01  7.287e-01  7.327e-01  7.369e-01  7.411e-01  7.453e-01  7.495e-01  7.536e-01  7.576e-01  7.615e-01  7.652e-01  7.688e-01  7.722e-01  7.755e-01  7.786e-01  7.815e-01  7.842e-01  7.868e-01  7.892e-01  7.915e-01  7.936e-01  7.955e-01  7.974e-01  7.991e-01  8.007e-01  8.022e-01  8.036e-01  8.050e-01  8.064e-01  8.077e-01 	
 7.301e-01  7.869e-01  7.912e-01  7.798e-01  7.660e-01  7.536e-01  7.434e-01  7.353e-01  7.289e-01  7.240e-01  7.202e-01  7.174e-01  7.156e-01  7.148e-01  7.148e-01  7.156e-01  7.170e-01  7.192e-01  7.218e-01  7.249e-01  7.283e-01  7.320e-01  7.359e-01  7.399e-01  7.439e-01  7.480e-01  7.520e-01  7.560e-01  7.599e-01  7.637e-01  7.673e-01  7.708e-01  7.741e-01  7.773e-01  7.803e-01  7.831e-01  7.858e-01  7.883e-01  7.906e-01  7.928e-01  7.949e-01  7.968e-01  7.985e-01  8.002e-01  8.018e-01  8.032e-01  8.047e-01  8.061e-01  8.074e-01  8.089e-01 	
 7.403e-01  7.934e-01  7.987e-01  7.883e-01  7.749e-01  7.626e-01  7.523e-01  7.439e-01  7.373e-01  7.320e-01  7.279e-01  7.248e-01  7.227e-01  7.216e-01  7.213e-01  7.218e-01  7.230e-01  7.248e-01  7.271e-01  7.299e-01  7.331e-01  7.365e-01  7.401e-01  7.438e-01  7.477e-01  7.515e-01  7.553e-01  7.591e-01  7.628e-01  7.664e-01  7.698e-01  7.732e-01  7.764e-01  7.794e-01  7.823e-01  7.850e-01  7.876e-01  7.900e-01  7.923e-01  7.944e-01  7.964e-01  7.983e-01  8.000e-01  8.017e-01  8.032e-01  8.047e-01  8.062e-01  8.076e-01  8.092e-01  8.108e-01 	
