 1.162e-02  9.394e-03  5.725e-03  3.549e-03  2.385e-03  1.782e-03  1.507e-03  1.457e-03  1.587e-03  1.893e-03  2.390e-03  3.107e-03  4.083e-03  5.365e-03  7.003e-03  9.057e-03  1.159e-02  1.469e-02  1.842e-02  2.287e-02  2.816e-02  3.437e-02  4.162e-02  5.002e-02  5.967e-02  7.070e-02  8.319e-02  9.725e-02  1.130e-01  1.304e-01  1.496e-01  1.706e-01  1.934e-01  2.181e-01  2.446e-01  2.729e-01  3.030e-01  3.347e-01  3.681e-01  4.029e-01  4.392e-01  4.768e-01  5.153e-01  5.547e-01  5.944e-01  6.340e-01  6.727e-01  7.094e-01  7.425e-01  7.698e-01 	
 1.341e-02  1.104e-02  6.657e-03  4.089e-03  2.750e-03  2.090e-03  1.841e-03  1.884e-03  2.187e-03  2.761e-03  3.649e-03  4.911e-03  6.620e-03  8.862e-03  1.173e-02  1.535e-02  1.982e-02  2.530e-02  3.192e-02  3.985e-02  4.923e-02  6.025e-02  7.305e-02  8.779e-02  1.046e-01  1.236e-01  1.449e-01  1.686e-01  1.946e-01  2.231e-01  2.540e-01  2.872e-01  3.228e-01  3.606e-01  4.005e-01  4.424e-01  4.861e-01  5.317e-01  5.787e-01  6.273e-01  6.770e-01  7.277e-01  7.792e-01  8.310e-01  8.827e-01  9.336e-01  9.827e-01  1.029e+00  1.071e+00  1.105e+00 	
 1.545e-02  1.280e-02  7.701e-03  4.749e-03  3.260e-03  2.595e-03  2.453e-03  2.722e-03  3.394e-03  4.527e-03  6.212e-03  8.568e-03  1.174e-02  1.588e-02  2.119e-02  2.785e-02  3.611e-02  4.619e-02  5.834e-02  7.277e-02  8.973e-02  1.094e-01  1.320e-01  1.575e-01  1.862e-01  2.179e-01  2.528e-01  2.908e-01  3.317e-01  3.755e-01  4.220e-01  4.709e-01  5.222e-01  5.755e-01  6.306e-01  6.874e-01  7.455e-01  8.048e-01  8.650e-01  9.258e-01  9.871e-01  1.049e+00  1.110e+00  1.171e+00  1.230e+00  1.289e+00  1.344e+00  1.396e+00  1.442e+00  1.480e+00 	
 1.779e-02  1.477e-02  8.892e-03  5.542e-03  3.933e-03  3.336e-03  3.432e-03  4.141e-03  5.518e-03  7.700e-03  1.088e-02  1.527e-02  2.115e-02  2.883e-02  3.863e-02  5.090e-02  6.600e-02  8.426e-02  1.060e-01  1.315e-01  1.608e-01  1.943e-01  2.317e-01  2.733e-01  3.188e-01  3.680e-01  4.208e-01  4.769e-01  5.359e-01  5.976e-01  6.615e-01  7.274e-01  7.948e-01  8.634e-01  9.330e-01  1.003e+00  1.073e+00  1.144e+00  1.214e+00  1.284e+00  1.353e+00  1.421e+00  1.487e+00  1.552e+00  1.615e+00  1.676e+00  1.733e+00  1.785e+00  1.832e+00  1.870e+00 	
 2.049e-02  1.701e-02  1.027e-02  6.510e-03  4.839e-03  4.444e-03  5.018e-03  6.564e-03  9.262e-03  1.340e-02  1.935e-02  2.753e-02  3.844e-02  5.259e-02  7.050e-02  9.268e-02  1.196e-01  1.515e-01  1.886e-01  2.311e-01  2.789e-01  3.319e-01  3.897e-01  4.520e-01  5.185e-01  5.885e-01  6.616e-01  7.372e-01  8.149e-01  8.941e-01  9.743e-01  1.055e+00  1.136e+00  1.216e+00  1.296e+00  1.375e+00  1.453e+00  1.529e+00  1.604e+00  1.676e+00  1.747e+00  1.815e+00  1.881e+00  1.945e+00  2.005e+00  2.062e+00  2.115e+00  2.164e+00  2.206e+00  2.241e+00 	
 2.358e-02  1.958e-02  1.188e-02  7.727e-03  6.114e-03  6.171e-03  7.674e-03  1.080e-02  1.598e-02  2.378e-02  3.489e-02  5.007e-02  7.008e-02  9.570e-02  1.275e-01  1.661e-01  2.116e-01  2.642e-01  3.236e-01  3.894e-01  4.613e-01  5.384e-01  6.201e-01  7.055e-01  7.940e-01  8.847e-01  9.768e-01  1.070e+00  1.162e+00  1.255e+00  1.346e+00  1.436e+00  1.524e+00  1.610e+00  1.693e+00  1.774e+00  1.851e+00  1.926e+00  1.998e+00  2.066e+00  2.132e+00  2.194e+00  2.253e+00  2.309e+00  2.361e+00  2.409e+00  2.454e+00  2.494e+00  2.529e+00  2.557e+00 	
 2.715e-02  2.255e-02  1.380e-02  9.313e-03  7.993e-03  8.975e-03  1.225e-02  1.838e-02  2.822e-02  4.284e-02  6.341e-02  9.107e-02  1.268e-01  1.714e-01  2.252e-01  2.882e-01  3.601e-01  4.401e-01  5.274e-01  6.210e-01  7.195e-01  8.218e-01  9.268e-01  1.033e+00  1.140e+00  1.247e+00  1.352e+00  1.455e+00  1.556e+00  1.654e+00  1.748e+00  1.839e+00  1.925e+00  2.008e+00  2.086e+00  2.161e+00  2.231e+00  2.297e+00  2.359e+00  2.417e+00  2.471e+00  2.521e+00  2.568e+00  2.612e+00  2.652e+00  2.688e+00  2.722e+00  2.751e+00  2.776e+00  2.797e+00 	
 3.126e-02  2.597e-02  1.612e-02  1.147e-02  1.089e-02  1.368e-02  2.035e-02  3.213e-02  5.064e-02  7.766e-02  1.148e-01  1.634e-01  2.241e-01  2.970e-01  3.815e-01  4.765e-01  5.805e-01  6.920e-01  8.089e-01  9.296e-01  1.052e+00  1.175e+00  1.298e+00  1.418e+00  1.535e+00  1.648e+00  1.757e+00  1.861e+00  1.960e+00  2.053e+00  2.141e+00  2.223e+00  2.300e+00  2.371e+00  2.438e+00  2.499e+00  2.555e+00  2.607e+00  2.654e+00  2.697e+00  2.737e+00  2.773e+00  2.805e+00  2.835e+00  2.861e+00  2.884e+00  2.905e+00  2.924e+00  2.940e+00  2.953e+00 	
 3.599e-02  2.996e-02  1.899e-02  1.453e-02  1.553e-02  2.183e-02  3.493e-02  5.722e-02  9.137e-02  1.397e-01  2.038e-01  2.841e-01  3.800e-01  4.899e-01  6.115e-01  7.422e-01  8.792e-01  1.020e+00  1.162e+00  1.303e+00  1.441e+00  1.575e+00  1.704e+00  1.827e+00  1.943e+00  2.051e+00  2.153e+00  2.247e+00  2.334e+00  2.413e+00  2.486e+00  2.553e+00  2.613e+00  2.667e+00  2.716e+00  2.760e+00  2.800e+00  2.835e+00  2.865e+00  2.893e+00  2.917e+00  2.938e+00  2.956e+00  2.972e+00  2.985e+00  2.997e+00  3.007e+00  3.016e+00  3.024e+00  3.031e+00 	
 4.144e-02  3.461e-02  2.268e-02  1.908e-02  2.326e-02  3.625e-02  6.132e-02  1.024e-01  1.630e-01  2.449e-01  3.481e-01  4.706e-01  6.093e-01  7.602e-01  9.192e-01  1.082e+00  1.245e+00  1.406e+00  1.562e+00  1.711e+00  1.852e+00  1.983e+00  2.106e+00  2.218e+00  2.321e+00  2.414e+00  2.498e+00  2.574e+00  2.641e+00  2.701e+00  2.754e+00  2.801e+00  2.842e+00  2.877e+00  2.908e+00  2.934e+00  2.957e+00  2.976e+00  2.992e+00  3.004e+00  3.015e+00  3.023e+00  3.029e+00  3.034e+00  3.038e+00  3.040e+00  3.042e+00  3.043e+00  3.045e+00  3.047e+00 	
 4.774e-02  4.012e-02  2.759e-02  2.616e-02  3.650e-02  6.202e-02  1.084e-01  1.809e-01  2.818e-01  4.100e-01  5.619e-01  7.318e-01  9.133e-01  1.100e+00  1.288e+00  1.471e+00  1.646e+00  1.812e+00  1.965e+00  2.107e+00  2.235e+00  2.351e+00  2.454e+00  2.546e+00  2.627e+00  2.697e+00  2.758e+00  2.811e+00  2.856e+00  2.895e+00  2.927e+00  2.954e+00  2.977e+00  2.995e+00  3.009e+00  3.020e+00  3.029e+00  3.035e+00  3.038e+00  3.040e+00  3.041e+00  3.040e+00  3.038e+00  3.035e+00  3.031e+00  3.027e+00  3.024e+00  3.021e+00  3.018e+00  3.018e+00 	
 5.502e-02  4.674e-02  3.441e-02  3.759e-02  5.964e-02  1.077e-01  1.896e-01  3.091e-01  4.640e-01  6.474e-01  8.504e-01  1.063e+00  1.278e+00  1.487e+00  1.687e+00  1.872e+00  2.042e+00  2.194e+00  2.331e+00  2.450e+00  2.555e+00  2.645e+00  2.722e+00  2.787e+00  2.842e+00  2.887e+00  2.925e+00  2.955e+00  2.980e+00  2.999e+00  3.013e+00  3.024e+00  3.031e+00  3.036e+00  3.038e+00  3.038e+00  3.036e+00  3.033e+00  3.028e+00  3.023e+00  3.017e+00  3.010e+00  3.003e+00  2.995e+00  2.988e+00  2.980e+00  2.974e+00  2.968e+00  2.964e+00  2.962e+00 	
 6.347e-02  5.486e-02  4.434e-02  5.668e-02  1.002e-01  1.863e-01  3.220e-01  5.040e-01  7.215e-01  9.602e-01  1.206e+00  1.449e+00  1.679e+00  1.891e+00  2.082e+00  2.251e+00  2.398e+00  2.524e+00  2.631e+00  2.720e+00  2.794e+00  2.854e+00  2.903e+00  2.942e+00  2.972e+00  2.995e+00  3.012e+00  3.023e+00  3.031e+00  3.035e+00  3.036e+00  3.035e+00  3.031e+00  3.026e+00  3.020e+00  3.013e+00  3.005e+00  2.996e+00  2.987e+00  2.977e+00  2.967e+00  2.957e+00  2.947e+00  2.937e+00  2.928e+00  2.919e+00  2.910e+00  2.903e+00  2.898e+00  2.895e+00 	
 7.333e-02  6.513e-02  5.942e-02  8.913e-02  1.698e-01  3.147e-01  5.219e-01  7.750e-01  1.052e+00  1.334e+00  1.604e+00  1.852e+00  2.073e+00  2.266e+00  2.429e+00  2.566e+00  2.678e+00  2.769e+00  2.841e+00  2.898e+00  2.941e+00  2.974e+00  2.997e+00  3.013e+00  3.023e+00  3.028e+00  3.029e+00  3.028e+00  3.023e+00  3.017e+00  3.009e+00  3.001e+00  2.991e+00  2.980e+00  2.970e+00  2.959e+00  2.947e+00  2.936e+00  2.924e+00  2.913e+00  2.901e+00  2.890e+00  2.879e+00  2.868e+00  2.858e+00  2.848e+00  2.840e+00  2.832e+00  2.827e+00  2.824e+00 	
 8.490e-02  7.856e-02  8.322e-02  1.442e-01  2.844e-01  5.092e-01  7.979e-01  1.117e+00  1.437e+00  1.737e+00  2.004e+00  2.233e+00  2.425e+00  2.580e+00  2.704e+00  2.801e+00  2.874e+00  2.929e+00  2.969e+00  2.996e+00  3.014e+00  3.024e+00  3.028e+00  3.028e+00  3.024e+00  3.017e+00  3.008e+00  2.998e+00  2.986e+00  2.974e+00  2.962e+00  2.949e+00  2.936e+00  2.923e+00  2.910e+00  2.897e+00  2.884e+00  2.871e+00  2.859e+00  2.847e+00  2.835e+00  2.823e+00  2.812e+00  2.801e+00  2.791e+00  2.782e+00  2.773e+00  2.766e+00  2.760e+00  2.757e+00 	
 9.864e-02  9.680e-02  1.217e-01  2.352e-01  4.604e-01  7.792e-01  1.144e+00  1.509e+00  1.842e+00  2.130e+00  2.368e+00  2.557e+00  2.703e+00  2.813e+00  2.894e+00  2.951e+00  2.989e+00  3.013e+00  3.026e+00  3.032e+00  3.031e+00  3.025e+00  3.016e+00  3.005e+00  2.992e+00  2.979e+00  2.964e+00  2.949e+00  2.934e+00  2.919e+00  2.904e+00  2.889e+00  2.875e+00  2.861e+00  2.847e+00  2.833e+00  2.820e+00  2.807e+00  2.795e+00  2.783e+00  2.771e+00  2.760e+00  2.749e+00  2.738e+00  2.728e+00  2.719e+00  2.711e+00  2.704e+00  2.698e+00  2.695e+00 	
 1.152e-01  1.225e-01  1.842e-01  3.782e-01  7.096e-01  1.120e+00  1.537e+00  1.912e+00  2.226e+00  2.474e+00  2.662e+00  2.799e+00  2.896e+00  2.961e+00  3.002e+00  3.026e+00  3.037e+00  3.038e+00  3.033e+00  3.023e+00  3.010e+00  2.995e+00  2.979e+00  2.962e+00  2.944e+00  2.927e+00  2.909e+00  2.892e+00  2.876e+00  2.859e+00  2.843e+00  2.828e+00  2.813e+00  2.799e+00  2.785e+00  2.772e+00  2.759e+00  2.746e+00  2.734e+00  2.722e+00  2.711e+00  2.700e+00  2.689e+00  2.679e+00  2.670e+00  2.661e+00  2.653e+00  2.646e+00  2.641e+00  2.637e+00 	
 1.354e-01  1.602e-01  2.837e-01  5.876e-01  1.031e+00  1.508e+00  1.938e+00  2.286e+00  2.550e+00  2.739e+00  2.868e+00  2.952e+00  3.002e+00  3.029e+00  3.040e+00  3.039e+00  3.030e+00  3.017e+00  3.000e+00  2.981e+00  2.962e+00  2.942e+00  2.922e+00  2.902e+00  2.882e+00  2.864e+00  2.845e+00  2.828e+00  2.811e+00  2.794e+00  2.779e+00  2.764e+00  2.749e+00  2.735e+00  2.722e+00  2.709e+00  2.697e+00  2.685e+00  2.673e+00  2.662e+00  2.652e+00  2.641e+00  2.632e+00  2.622e+00  2.613e+00  2.605e+00  2.598e+00  2.591e+00  2.586e+00  2.582e+00 	
 1.608e-01  2.169e-01  4.346e-01  8.691e-01  1.406e+00  1.907e+00  2.306e+00  2.595e+00  2.789e+00  2.913e+00  2.985e+00  3.022e+00  3.036e+00  3.035e+00  3.024e+00  3.007e+00  2.986e+00  2.964e+00  2.941e+00  2.918e+00  2.895e+00  2.873e+00  2.852e+00  2.831e+00  2.812e+00  2.793e+00  2.775e+00  2.758e+00  2.741e+00  2.726e+00  2.711e+00  2.697e+00  2.683e+00  2.670e+00  2.658e+00  2.646e+00  2.634e+00  2.623e+00  2.613e+00  2.603e+00  2.593e+00  2.583e+00  2.574e+00  2.566e+00  2.558e+00  2.550e+00  2.544e+00  2.538e+00  2.533e+00  2.530e+00 	
 1.933e-01  3.025e-01  6.491e-01  1.214e+00  1.802e+00  2.276e+00  2.606e+00  2.817e+00  2.939e+00  3.002e+00  3.028e+00  3.030e+00  3.019e+00  2.999e+00  2.975e+00  2.949e+00  2.922e+00  2.896e+00  2.870e+00  2.845e+00  2.822e+00  2.800e+00  2.778e+00  2.758e+00  2.740e+00  2.722e+00  2.705e+00  2.689e+00  2.673e+00  2.659e+00  2.645e+00  2.632e+00  2.619e+00  2.608e+00  2.596e+00  2.585e+00  2.575e+00  2.565e+00  2.555e+00  2.546e+00  2.537e+00  2.529e+00  2.521e+00  2.513e+00  2.506e+00  2.499e+00  2.493e+00  2.488e+00  2.484e+00  2.481e+00 	
 2.363e-01  4.298e-01  9.302e-01  1.595e+00  2.177e+00  2.578e+00  2.820e+00  2.950e+00  3.009e+00  3.026e+00  3.019e+00  2.999e+00  2.972e+00  2.943e+00  2.913e+00  2.883e+00  2.855e+00  2.828e+00  2.802e+00  2.778e+00  2.755e+00  2.734e+00  2.714e+00  2.695e+00  2.677e+00  2.661e+00  2.645e+00  2.630e+00  2.616e+00  2.603e+00  2.590e+00  2.578e+00  2.567e+00  2.556e+00  2.545e+00  2.536e+00  2.526e+00  2.517e+00  2.508e+00  2.500e+00  2.492e+00  2.484e+00  2.477e+00  2.469e+00  2.463e+00  2.457e+00  2.451e+00  2.446e+00  2.442e+00  2.440e+00 	
 2.949e-01  6.109e-01  1.268e+00  1.977e+00  2.494e+00  2.796e+00  2.947e+00  3.008e+00  3.019e+00  3.005e+00  2.978e+00  2.946e+00  2.912e+00  2.879e+00  2.848e+00  2.818e+00  2.789e+00  2.763e+00  2.739e+00  2.716e+00  2.695e+00  2.675e+00  2.656e+00  2.638e+00  2.622e+00  2.607e+00  2.592e+00  2.578e+00  2.565e+00  2.553e+00  2.541e+00  2.530e+00  2.520e+00  2.510e+00  2.500e+00  2.491e+00  2.482e+00  2.474e+00  2.466e+00  2.458e+00  2.451e+00  2.443e+00  2.437e+00  2.430e+00  2.424e+00  2.418e+00  2.413e+00  2.409e+00  2.405e+00  2.402e+00 	
 3.775e-01  8.530e-01  1.636e+00  2.320e+00  2.730e+00  2.926e+00  2.999e+00  3.009e+00  2.988e+00  2.955e+00  2.918e+00  2.880e+00  2.844e+00  2.810e+00  2.778e+00  2.749e+00  2.722e+00  2.697e+00  2.674e+00  2.652e+00  2.632e+00  2.614e+00  2.596e+00  2.580e+00  2.565e+00  2.551e+00  2.537e+00  2.525e+00  2.513e+00  2.502e+00  2.491e+00  2.481e+00  2.472e+00  2.462e+00  2.454e+00  2.445e+00  2.438e+00  2.430e+00  2.423e+00  2.416e+00  2.409e+00  2.403e+00  2.396e+00  2.390e+00  2.385e+00  2.380e+00  2.375e+00  2.371e+00  2.368e+00  2.366e+00 	
 4.961e-01  1.154e+00  2.002e+00  2.594e+00  2.881e+00  2.983e+00  2.998e+00  2.974e+00  2.936e+00  2.893e+00  2.852e+00  2.813e+00  2.776e+00  2.743e+00  2.713e+00  2.685e+00  2.660e+00  2.636e+00  2.615e+00  2.595e+00  2.577e+00  2.560e+00  2.544e+00  2.529e+00  2.516e+00  2.503e+00  2.490e+00  2.479e+00  2.468e+00  2.458e+00  2.448e+00  2.439e+00  2.430e+00  2.422e+00  2.414e+00  2.407e+00  2.400e+00  2.393e+00  2.386e+00  2.380e+00  2.374e+00  2.368e+00  2.362e+00  2.357e+00  2.352e+00  2.347e+00  2.343e+00  2.339e+00  2.336e+00  2.334e+00 	
 6.634e-01  1.497e+00  2.329e+00  2.787e+00  2.956e+00  2.987e+00  2.963e+00  2.919e+00  2.872e+00  2.827e+00  2.785e+00  2.746e+00  2.711e+00  2.680e+00  2.651e+00  2.626e+00  2.602e+00  2.580e+00  2.561e+00  2.543e+00  2.526e+00  2.510e+00  2.496e+00  2.482e+00  2.470e+00  2.458e+00  2.447e+00  2.436e+00  2.426e+00  2.417e+00  2.408e+00  2.400e+00  2.392e+00  2.385e+00  2.377e+00  2.370e+00  2.364e+00  2.358e+00  2.352e+00  2.346e+00  2.340e+00  2.335e+00  2.330e+00  2.325e+00  2.320e+00  2.316e+00  2.312e+00  2.309e+00  2.306e+00  2.304e+00 	
 8.832e-01  1.852e+00  2.590e+00  2.900e+00  2.973e+00  2.955e+00  2.909e+00  2.857e+00  2.806e+00  2.761e+00  2.720e+00  2.683e+00  2.651e+00  2.621e+00  2.595e+00  2.571e+00  2.549e+00  2.530e+00  2.512e+00  2.495e+00  2.480e+00  2.465e+00  2.452e+00  2.440e+00  2.428e+00  2.418e+00  2.408e+00  2.398e+00  2.389e+00  2.381e+00  2.373e+00  2.365e+00  2.358e+00  2.351e+00  2.345e+00  2.338e+00  2.332e+00  2.327e+00  2.321e+00  2.316e+00  2.311e+00  2.306e+00  2.301e+00  2.297e+00  2.293e+00  2.289e+00  2.285e+00  2.282e+00  2.280e+00  2.278e+00 	
 1.148e+00  2.181e+00  2.769e+00  2.946e+00  2.951e+00  2.904e+00  2.846e+00  2.791e+00  2.741e+00  2.698e+00  2.659e+00  2.625e+00  2.594e+00  2.567e+00  2.543e+00  2.521e+00  2.501e+00  2.483e+00  2.467e+00  2.452e+00  2.438e+00  2.425e+00  2.413e+00  2.401e+00  2.391e+00  2.381e+00  2.372e+00  2.363e+00  2.355e+00  2.348e+00  2.340e+00  2.333e+00  2.327e+00  2.321e+00  2.315e+00  2.309e+00  2.304e+00  2.298e+00  2.293e+00  2.289e+00  2.284e+00  2.280e+00  2.275e+00  2.271e+00  2.267e+00  2.264e+00  2.261e+00  2.258e+00  2.256e+00  2.254e+00 	
 1.451e+00  2.456e+00  2.872e+00  2.943e+00  2.905e+00  2.843e+00  2.781e+00  2.727e+00  2.679e+00  2.638e+00  2.602e+00  2.570e+00  2.542e+00  2.518e+00  2.495e+00  2.475e+00  2.457e+00  2.441e+00  2.426e+00  2.412e+00  2.399e+00  2.387e+00  2.376e+00  2.366e+00  2.357e+00  2.348e+00  2.339e+00  2.332e+00  2.324e+00  2.317e+00  2.311e+00  2.304e+00  2.298e+00  2.293e+00  2.287e+00  2.282e+00  2.277e+00  2.272e+00  2.268e+00  2.263e+00  2.259e+00  2.255e+00  2.251e+00  2.248e+00  2.244e+00  2.241e+00  2.238e+00  2.236e+00  2.233e+00  2.232e+00 	
 1.768e+00  2.658e+00  2.912e+00  2.909e+00  2.846e+00  2.779e+00  2.718e+00  2.666e+00  2.621e+00  2.583e+00  2.549e+00  2.520e+00  2.495e+00  2.472e+00  2.452e+00  2.434e+00  2.417e+00  2.402e+00  2.389e+00  2.376e+00  2.364e+00  2.354e+00  2.344e+00  2.334e+00  2.326e+00  2.318e+00  2.310e+00  2.303e+00  2.296e+00  2.290e+00  2.284e+00  2.278e+00  2.273e+00  2.268e+00  2.263e+00  2.258e+00  2.253e+00  2.249e+00  2.245e+00  2.241e+00  2.237e+00  2.233e+00  2.230e+00  2.227e+00  2.223e+00  2.220e+00  2.218e+00  2.215e+00  2.213e+00  2.212e+00 	
 2.072e+00  2.788e+00  2.907e+00  2.858e+00  2.784e+00  2.716e+00  2.658e+00  2.609e+00  2.567e+00  2.532e+00  2.501e+00  2.475e+00  2.451e+00  2.431e+00  2.412e+00  2.396e+00  2.381e+00  2.367e+00  2.355e+00  2.343e+00  2.333e+00  2.323e+00  2.314e+00  2.305e+00  2.297e+00  2.290e+00  2.283e+00  2.277e+00  2.270e+00  2.265e+00  2.259e+00  2.254e+00  2.249e+00  2.244e+00  2.240e+00  2.235e+00  2.231e+00  2.227e+00  2.224e+00  2.220e+00  2.217e+00  2.213e+00  2.210e+00  2.207e+00  2.204e+00  2.201e+00  2.199e+00  2.197e+00  2.195e+00  2.194e+00 	
 2.345e+00  2.859e+00  2.877e+00  2.802e+00  2.724e+00  2.657e+00  2.602e+00  2.557e+00  2.518e+00  2.486e+00  2.458e+00  2.434e+00  2.412e+00  2.393e+00  2.377e+00  2.361e+00  2.348e+00  2.335e+00  2.324e+00  2.313e+00  2.304e+00  2.295e+00  2.287e+00  2.279e+00  2.272e+00  2.265e+00  2.259e+00  2.253e+00  2.247e+00  2.242e+00  2.237e+00  2.232e+00  2.228e+00  2.223e+00  2.219e+00  2.215e+00  2.211e+00  2.208e+00  2.204e+00  2.201e+00  2.198e+00  2.195e+00  2.192e+00  2.189e+00  2.187e+00  2.184e+00  2.182e+00  2.180e+00  2.178e+00  2.177e+00 	
 2.559e+00  2.880e+00  2.832e+00  2.744e+00  2.666e+00  2.603e+00  2.551e+00  2.509e+00  2.474e+00  2.444e+00  2.418e+00  2.396e+00  2.376e+00  2.359e+00  2.344e+00  2.330e+00  2.317e+00  2.306e+00  2.295e+00  2.286e+00  2.277e+00  2.269e+00  2.262e+00  2.255e+00  2.248e+00  2.242e+00  2.236e+00  2.231e+00  2.226e+00  2.221e+00  2.216e+00  2.212e+00  2.208e+00  2.204e+00  2.200e+00  2.197e+00  2.193e+00  2.190e+00  2.187e+00  2.184e+00  2.181e+00  2.178e+00  2.175e+00  2.173e+00  2.170e+00  2.168e+00  2.166e+00  2.164e+00  2.163e+00  2.162e+00 	
 2.715e+00  2.871e+00  2.780e+00  2.687e+00  2.611e+00  2.552e+00  2.504e+00  2.465e+00  2.432e+00  2.405e+00  2.382e+00  2.361e+00  2.344e+00  2.328e+00  2.314e+00  2.301e+00  2.290e+00  2.279e+00  2.270e+00  2.261e+00  2.253e+00  2.246e+00  2.239e+00  2.233e+00  2.227e+00  2.221e+00  2.216e+00  2.211e+00  2.206e+00  2.202e+00  2.198e+00  2.194e+00  2.190e+00  2.186e+00  2.183e+00  2.180e+00  2.176e+00  2.174e+00  2.171e+00  2.168e+00  2.165e+00  2.163e+00  2.160e+00  2.158e+00  2.156e+00  2.154e+00  2.152e+00  2.150e+00  2.149e+00  2.148e+00 	
 2.808e+00  2.841e+00  2.726e+00  2.632e+00  2.560e+00  2.505e+00  2.460e+00  2.425e+00  2.395e+00  2.370e+00  2.348e+00  2.330e+00  2.314e+00  2.299e+00  2.287e+00  2.275e+00  2.265e+00  2.255e+00  2.247e+00  2.239e+00  2.231e+00  2.225e+00  2.218e+00  2.213e+00  2.207e+00  2.202e+00  2.197e+00  2.193e+00  2.188e+00  2.184e+00  2.181e+00  2.177e+00  2.174e+00  2.170e+00  2.167e+00  2.164e+00  2.161e+00  2.159e+00  2.156e+00  2.153e+00  2.151e+00  2.149e+00  2.146e+00  2.144e+00  2.142e+00  2.140e+00  2.139e+00  2.137e+00  2.136e+00  2.135e+00 	
 2.852e+00  2.800e+00  2.672e+00  2.581e+00  2.514e+00  2.462e+00  2.421e+00  2.388e+00  2.361e+00  2.338e+00  2.318e+00  2.301e+00  2.286e+00  2.273e+00  2.262e+00  2.251e+00  2.242e+00  2.233e+00  2.225e+00  2.218e+00  2.211e+00  2.205e+00  2.199e+00  2.194e+00  2.189e+00  2.184e+00  2.180e+00  2.176e+00  2.172e+00  2.168e+00  2.165e+00  2.162e+00  2.158e+00  2.155e+00  2.153e+00  2.150e+00  2.147e+00  2.145e+00  2.142e+00  2.140e+00  2.138e+00  2.136e+00  2.134e+00  2.132e+00  2.130e+00  2.128e+00  2.127e+00  2.125e+00  2.124e+00  2.123e+00 	
 2.858e+00  2.752e+00  2.621e+00  2.534e+00  2.471e+00  2.423e+00  2.385e+00  2.355e+00  2.330e+00  2.309e+00  2.291e+00  2.275e+00  2.262e+00  2.250e+00  2.239e+00  2.230e+00  2.221e+00  2.213e+00  2.206e+00  2.199e+00  2.193e+00  2.187e+00  2.182e+00  2.177e+00  2.173e+00  2.169e+00  2.165e+00  2.161e+00  2.157e+00  2.154e+00  2.151e+00  2.148e+00  2.145e+00  2.142e+00  2.139e+00  2.137e+00  2.135e+00  2.132e+00  2.130e+00  2.128e+00  2.126e+00  2.124e+00  2.122e+00  2.120e+00  2.119e+00  2.117e+00  2.116e+00  2.114e+00  2.113e+00  2.112e+00 	
 2.839e+00  2.702e+00  2.572e+00  2.490e+00  2.431e+00  2.387e+00  2.352e+00  2.324e+00  2.301e+00  2.282e+00  2.266e+00  2.252e+00  2.239e+00  2.228e+00  2.218e+00  2.210e+00  2.202e+00  2.195e+00  2.188e+00  2.182e+00  2.176e+00  2.171e+00  2.167e+00  2.162e+00  2.158e+00  2.154e+00  2.150e+00  2.147e+00  2.144e+00  2.141e+00  2.138e+00  2.135e+00  2.132e+00  2.130e+00  2.127e+00  2.125e+00  2.123e+00  2.121e+00  2.119e+00  2.117e+00  2.115e+00  2.113e+00  2.112e+00  2.110e+00  2.109e+00  2.107e+00  2.106e+00  2.105e+00  2.103e+00  2.103e+00 	
 2.804e+00  2.651e+00  2.526e+00  2.449e+00  2.394e+00  2.354e+00  2.322e+00  2.296e+00  2.275e+00  2.258e+00  2.243e+00  2.230e+00  2.219e+00  2.209e+00  2.200e+00  2.192e+00  2.185e+00  2.178e+00  2.172e+00  2.166e+00  2.161e+00  2.157e+00  2.152e+00  2.148e+00  2.144e+00  2.141e+00  2.138e+00  2.134e+00  2.131e+00  2.129e+00  2.126e+00  2.123e+00  2.121e+00  2.119e+00  2.116e+00  2.114e+00  2.112e+00  2.111e+00  2.109e+00  2.107e+00  2.105e+00  2.104e+00  2.102e+00  2.101e+00  2.099e+00  2.098e+00  2.097e+00  2.095e+00  2.095e+00  2.094e+00 	
 2.759e+00  2.602e+00  2.483e+00  2.411e+00  2.361e+00  2.323e+00  2.294e+00  2.271e+00  2.252e+00  2.236e+00  2.222e+00  2.210e+00  2.200e+00  2.191e+00  2.183e+00  2.175e+00  2.169e+00  2.163e+00  2.157e+00  2.152e+00  2.147e+00  2.143e+00  2.139e+00  2.135e+00  2.132e+00  2.129e+00  2.126e+00  2.123e+00  2.120e+00  2.117e+00  2.115e+00  2.113e+00  2.110e+00  2.108e+00  2.106e+00  2.104e+00  2.103e+00  2.101e+00  2.099e+00  2.098e+00  2.096e+00  2.095e+00  2.093e+00  2.092e+00  2.091e+00  2.089e+00  2.088e+00  2.087e+00  2.086e+00  2.085e+00 	
 2.712e+00  2.555e+00  2.443e+00  2.377e+00  2.330e+00  2.296e+00  2.269e+00  2.248e+00  2.230e+00  2.216e+00  2.203e+00  2.192e+00  2.183e+00  2.174e+00  2.167e+00  2.160e+00  2.154e+00  2.149e+00  2.144e+00  2.139e+00  2.135e+00  2.131e+00  2.127e+00  2.124e+00  2.121e+00  2.118e+00  2.115e+00  2.112e+00  2.110e+00  2.107e+00  2.105e+00  2.103e+00  2.101e+00  2.099e+00  2.097e+00  2.095e+00  2.094e+00  2.092e+00  2.091e+00  2.089e+00  2.088e+00  2.086e+00  2.085e+00  2.084e+00  2.083e+00  2.082e+00  2.081e+00  2.080e+00  2.079e+00  2.078e+00 	
 2.662e+00  2.511e+00  2.406e+00  2.345e+00  2.302e+00  2.270e+00  2.246e+00  2.226e+00  2.210e+00  2.197e+00  2.185e+00  2.175e+00  2.167e+00  2.159e+00  2.152e+00  2.146e+00  2.141e+00  2.136e+00  2.131e+00  2.127e+00  2.123e+00  2.119e+00  2.116e+00  2.113e+00  2.110e+00  2.107e+00  2.105e+00  2.102e+00  2.100e+00  2.098e+00  2.096e+00  2.094e+00  2.092e+00  2.090e+00  2.089e+00  2.087e+00  2.086e+00  2.084e+00  2.083e+00  2.081e+00  2.080e+00  2.079e+00  2.078e+00  2.077e+00  2.076e+00  2.074e+00  2.074e+00  2.073e+00  2.072e+00  2.071e+00 	
 2.616e+00  2.470e+00  2.372e+00  2.315e+00  2.276e+00  2.247e+00  2.225e+00  2.207e+00  2.192e+00  2.180e+00  2.169e+00  2.160e+00  2.152e+00  2.145e+00  2.139e+00  2.134e+00  2.128e+00  2.124e+00  2.120e+00  2.116e+00  2.112e+00  2.109e+00  2.106e+00  2.103e+00  2.100e+00  2.098e+00  2.096e+00  2.093e+00  2.091e+00  2.089e+00  2.088e+00  2.086e+00  2.084e+00  2.083e+00  2.081e+00  2.080e+00  2.078e+00  2.077e+00  2.076e+00  2.074e+00  2.073e+00  2.072e+00  2.071e+00  2.070e+00  2.069e+00  2.068e+00  2.067e+00  2.066e+00  2.066e+00  2.065e+00 	
 2.572e+00  2.433e+00  2.341e+00  2.289e+00  2.252e+00  2.226e+00  2.205e+00  2.189e+00  2.175e+00  2.164e+00  2.155e+00  2.146e+00  2.139e+00  2.133e+00  2.127e+00  2.122e+00  2.117e+00  2.113e+00  2.109e+00  2.106e+00  2.103e+00  2.100e+00  2.097e+00  2.094e+00  2.092e+00  2.090e+00  2.088e+00  2.085e+00  2.084e+00  2.082e+00  2.080e+00  2.078e+00  2.077e+00  2.075e+00  2.074e+00  2.073e+00  2.071e+00  2.070e+00  2.069e+00  2.068e+00  2.067e+00  2.066e+00  2.065e+00  2.064e+00  2.063e+00  2.062e+00  2.061e+00  2.061e+00  2.060e+00  2.059e+00 	
 2.531e+00  2.399e+00  2.313e+00  2.264e+00  2.231e+00  2.206e+00  2.188e+00  2.173e+00  2.160e+00  2.150e+00  2.141e+00  2.134e+00  2.127e+00  2.121e+00  2.116e+00  2.111e+00  2.107e+00  2.103e+00  2.100e+00  2.097e+00  2.094e+00  2.091e+00  2.088e+00  2.086e+00  2.084e+00  2.082e+00  2.080e+00  2.078e+00  2.076e+00  2.075e+00  2.073e+00  2.071e+00  2.070e+00  2.069e+00  2.067e+00  2.066e+00  2.065e+00  2.064e+00  2.063e+00  2.062e+00  2.061e+00  2.060e+00  2.059e+00  2.058e+00  2.057e+00  2.057e+00  2.056e+00  2.055e+00  2.054e+00  2.054e+00 	
 2.491e+00  2.367e+00  2.288e+00  2.242e+00  2.212e+00  2.189e+00  2.172e+00  2.158e+00  2.147e+00  2.137e+00  2.129e+00  2.122e+00  2.116e+00  2.111e+00  2.106e+00  2.102e+00  2.098e+00  2.094e+00  2.091e+00  2.088e+00  2.085e+00  2.083e+00  2.081e+00  2.078e+00  2.076e+00  2.074e+00  2.073e+00  2.071e+00  2.069e+00  2.068e+00  2.066e+00  2.065e+00  2.064e+00  2.063e+00  2.061e+00  2.060e+00  2.059e+00  2.058e+00  2.057e+00  2.056e+00  2.056e+00  2.055e+00  2.054e+00  2.053e+00  2.052e+00  2.052e+00  2.051e+00  2.050e+00  2.050e+00  2.049e+00 	
 2.453e+00  2.339e+00  2.264e+00  2.222e+00  2.194e+00  2.173e+00  2.157e+00  2.145e+00  2.134e+00  2.125e+00  2.118e+00  2.112e+00  2.106e+00  2.101e+00  2.097e+00  2.093e+00  2.089e+00  2.086e+00  2.083e+00  2.080e+00  2.078e+00  2.076e+00  2.074e+00  2.072e+00  2.070e+00  2.068e+00  2.066e+00  2.065e+00  2.063e+00  2.062e+00  2.061e+00  2.060e+00  2.058e+00  2.057e+00  2.056e+00  2.055e+00  2.054e+00  2.053e+00  2.052e+00  2.052e+00  2.051e+00  2.050e+00  2.049e+00  2.049e+00  2.048e+00  2.047e+00  2.047e+00  2.046e+00  2.045e+00  2.044e+00 	
 2.416e+00  2.312e+00  2.243e+00  2.204e+00  2.178e+00  2.158e+00  2.144e+00  2.132e+00  2.123e+00  2.115e+00  2.108e+00  2.102e+00  2.097e+00  2.092e+00  2.088e+00  2.085e+00  2.082e+00  2.079e+00  2.076e+00  2.074e+00  2.071e+00  2.069e+00  2.067e+00  2.065e+00  2.064e+00  2.062e+00  2.061e+00  2.059e+00  2.058e+00  2.057e+00  2.056e+00  2.054e+00  2.053e+00  2.052e+00  2.051e+00  2.050e+00  2.050e+00  2.049e+00  2.048e+00  2.047e+00  2.046e+00  2.046e+00  2.045e+00  2.044e+00  2.044e+00  2.043e+00  2.042e+00  2.042e+00  2.041e+00  2.040e+00 	
 2.380e+00  2.287e+00  2.223e+00  2.187e+00  2.163e+00  2.145e+00  2.132e+00  2.121e+00  2.112e+00  2.105e+00  2.099e+00  2.093e+00  2.089e+00  2.085e+00  2.081e+00  2.078e+00  2.075e+00  2.072e+00  2.070e+00  2.067e+00  2.065e+00  2.063e+00  2.061e+00  2.060e+00  2.058e+00  2.057e+00  2.055e+00  2.054e+00  2.053e+00  2.052e+00  2.051e+00  2.050e+00  2.049e+00  2.048e+00  2.047e+00  2.046e+00  2.045e+00  2.045e+00  2.044e+00  2.043e+00  2.042e+00  2.042e+00  2.041e+00  2.041e+00  2.040e+00  2.039e+00  2.039e+00  2.038e+00  2.037e+00  2.036e+00 	
 2.342e+00  2.262e+00  2.204e+00  2.171e+00  2.149e+00  2.133e+00  2.120e+00  2.111e+00  2.103e+00  2.096e+00  2.090e+00  2.085e+00  2.081e+00  2.077e+00  2.074e+00  2.071e+00  2.068e+00  2.066e+00  2.064e+00  2.062e+00  2.060e+00  2.058e+00  2.056e+00  2.055e+00  2.053e+00  2.052e+00  2.051e+00  2.050e+00  2.049e+00  2.048e+00  2.047e+00  2.046e+00  2.045e+00  2.044e+00  2.043e+00  2.042e+00  2.042e+00  2.041e+00  2.040e+00  2.040e+00  2.039e+00  2.039e+00  2.038e+00  2.037e+00  2.037e+00  2.036e+00  2.036e+00  2.035e+00  2.034e+00  2.033e+00 	
 2.291e+00  2.234e+00  2.184e+00  2.154e+00  2.134e+00  2.120e+00  2.109e+00  2.100e+00  2.093e+00  2.087e+00  2.081e+00  2.077e+00  2.073e+00  2.070e+00  2.067e+00  2.064e+00  2.062e+00  2.059e+00  2.057e+00  2.055e+00  2.054e+00  2.052e+00  2.051e+00  2.049e+00  2.048e+00  2.047e+00  2.046e+00  2.045e+00  2.044e+00  2.043e+00  2.042e+00  2.041e+00  2.040e+00  2.039e+00  2.038e+00  2.038e+00  2.037e+00  2.036e+00  2.036e+00  2.035e+00  2.035e+00  2.034e+00  2.033e+00  2.033e+00  2.032e+00  2.032e+00  2.031e+00  2.030e+00  2.028e+00  2.026e+00 	
