-5.904e-04 -2.006e-04 -1.517e-04 -1.209e-04 -1.014e-04 -8.789e-05 -7.788e-05 -7.012e-05 -6.391e-05 -5.882e-05 -5.455e-05 -5.093e-05 -4.780e-05 -4.508e-05 -4.269e-05 -4.057e-05 -3.867e-05 -3.697e-05 -3.543e-05 -3.403e-05 -3.276e-05 -3.159e-05 -3.052e-05 -2.953e-05 -2.862e-05 -2.778e-05 -2.699e-05 -2.627e-05 -2.559e-05 -2.496e-05 -2.438e-05 -2.385e-05 -2.336e-05 -2.292e-05 -2.253e-05 -2.221e-05 -2.194e-05 -2.174e-05 -2.161e-05 -2.155e-05 -2.152e-05 -2.151e-05 -2.144e-05 -2.122e-05 -2.068e-05 -1.962e-05 -1.774e-05 -1.464e-05 -9.760e-06 -2.346e-06 	
-2.149e-04  4.061e-06  1.370e-06  7.822e-06  1.125e-05  1.301e-05  1.389e-05  1.429e-05  1.440e-05  1.434e-05  1.416e-05  1.393e-05  1.365e-05  1.335e-05  1.304e-05  1.272e-05  1.240e-05  1.208e-05  1.177e-05  1.146e-05  1.116e-05  1.086e-05  1.057e-05  1.028e-05  1.000e-05  9.723e-06  9.448e-06  9.174e-06  8.900e-06  8.623e-06  8.339e-06  8.041e-06  7.722e-06  7.371e-06  6.974e-06  6.515e-06  5.976e-06  5.344e-06  4.610e-06  3.780e-06  2.886e-06  2.004e-06  1.271e-06  9.172e-07  1.297e-06  2.936e-06  6.588e-06  1.332e-05  2.464e-05  4.268e-05 	
-9.305e-05  5.800e-05  2.930e-05  2.433e-05  2.064e-05  1.767e-05  1.530e-05  1.338e-05  1.181e-05  1.049e-05  9.383e-06  8.435e-06  7.616e-06  6.903e-06  6.277e-06  5.722e-06  5.228e-06  4.784e-06  4.383e-06  4.019e-06  3.685e-06  3.377e-06  3.092e-06  2.826e-06  2.576e-06  2.340e-06  2.115e-06  1.898e-06  1.686e-06  1.474e-06  1.257e-06  1.027e-06  7.723e-07  4.791e-07  1.294e-07 -2.977e-07 -8.240e-07 -1.468e-06 -2.239e-06 -3.123e-06 -4.074e-06 -4.986e-06 -5.669e-06 -5.812e-06 -4.944e-06 -2.379e-06  2.853e-06  1.211e-05  2.727e-05  5.100e-05 	
-5.833e-05  6.082e-05  2.244e-05  1.541e-05  1.126e-05  8.480e-06  6.557e-06  5.179e-06  4.157e-06  3.378e-06  2.771e-06  2.287e-06  1.894e-06  1.570e-06  1.299e-06  1.069e-06  8.705e-07  6.970e-07  5.432e-07  4.049e-07  2.788e-07  1.621e-07  5.254e-08 -5.176e-08 -1.525e-07 -2.513e-07 -3.498e-07 -4.500e-07 -5.549e-07 -6.686e-07 -7.971e-07 -9.494e-07 -1.138e-06 -1.379e-06 -1.695e-06 -2.108e-06 -2.646e-06 -3.331e-06 -4.173e-06 -5.159e-06 -6.233e-06 -7.273e-06 -8.055e-06 -8.218e-06 -7.211e-06 -4.233e-06  1.849e-06  1.261e-05  3.024e-05  5.784e-05 	
-5.198e-05  5.011e-05  1.173e-05  6.649e-06  4.131e-06  2.627e-06  1.698e-06  1.096e-06  6.884e-07  3.999e-07  1.878e-07  2.645e-08 -1.005e-07 -2.036e-07 -2.901e-07 -3.649e-07 -4.315e-07 -4.927e-07 -5.504e-07 -6.061e-07 -6.611e-07 -7.165e-07 -7.731e-07 -8.317e-07 -8.931e-07 -9.581e-07 -1.028e-06 -1.104e-06 -1.189e-06 -1.288e-06 -1.406e-06 -1.554e-06 -1.746e-06 -2.000e-06 -2.340e-06 -2.794e-06 -3.391e-06 -4.158e-06 -5.106e-06 -6.222e-06 -7.442e-06 -8.628e-06 -9.530e-06 -9.739e-06 -8.633e-06 -5.305e-06  1.522e-06  1.363e-05  3.350e-05  6.461e-05 	
-5.357e-05  3.850e-05  4.217e-06  1.570e-06  4.934e-07 -9.880e-08 -4.229e-07 -6.071e-07 -7.183e-07 -7.901e-07 -8.401e-07 -8.778e-07 -9.087e-07 -9.360e-07 -9.618e-07 -9.875e-07 -1.014e-06 -1.042e-06 -1.073e-06 -1.106e-06 -1.143e-06 -1.183e-06 -1.228e-06 -1.278e-06 -1.333e-06 -1.394e-06 -1.462e-06 -1.539e-06 -1.626e-06 -1.729e-06 -1.856e-06 -2.016e-06 -2.226e-06 -2.507e-06 -2.884e-06 -3.390e-06 -4.057e-06 -4.915e-06 -5.977e-06 -7.227e-06 -8.598e-06 -9.934e-06 -1.096e-05 -1.121e-05 -1.000e-05 -6.323e-06  1.257e-06  1.472e-05  3.684e-05  7.150e-05 	
-5.655e-05  2.904e-05 -2.712e-07 -1.178e-06 -1.404e-06 -1.521e-06 -1.556e-06 -1.553e-06 -1.535e-06 -1.515e-06 -1.496e-06 -1.480e-06 -1.468e-06 -1.461e-06 -1.459e-06 -1.461e-06 -1.468e-06 -1.480e-06 -1.496e-06 -1.518e-06 -1.546e-06 -1.579e-06 -1.618e-06 -1.663e-06 -1.715e-06 -1.774e-06 -1.841e-06 -1.918e-06 -2.008e-06 -2.117e-06 -2.251e-06 -2.424e-06 -2.652e-06 -2.959e-06 -3.375e-06 -3.933e-06 -4.671e-06 -5.621e-06 -6.799e-06 -8.187e-06 -9.711e-06 -1.120e-05 -1.234e-05 -1.264e-05 -1.132e-05 -7.257e-06  1.118e-06  1.601e-05  4.049e-05  7.887e-05 	
-5.920e-05  2.167e-05 -3.064e-06 -2.931e-06 -2.696e-06 -2.559e-06 -2.437e-06 -2.326e-06 -2.230e-06 -2.149e-06 -2.082e-06 -2.027e-06 -1.983e-06 -1.948e-06 -1.923e-06 -1.905e-06 -1.896e-06 -1.894e-06 -1.899e-06 -1.911e-06 -1.931e-06 -1.957e-06 -1.991e-06 -2.032e-06 -2.081e-06 -2.139e-06 -2.207e-06 -2.286e-06 -2.380e-06 -2.496e-06 -2.640e-06 -2.827e-06 -3.076e-06 -3.413e-06 -3.869e-06 -4.484e-06 -5.299e-06 -6.348e-06 -7.651e-06 -9.188e-06 -1.088e-05 -1.253e-05 -1.380e-05 -1.414e-05 -1.269e-05 -8.223e-06  1.011e-06  1.745e-05  4.447e-05  8.685e-05 	
-6.140e-05  1.561e-05 -5.141e-06 -4.386e-06 -3.860e-06 -3.542e-06 -3.295e-06 -3.092e-06 -2.925e-06 -2.787e-06 -2.674e-06 -2.581e-06 -2.505e-06 -2.443e-06 -2.395e-06 -2.359e-06 -2.333e-06 -2.317e-06 -2.311e-06 -2.314e-06 -2.326e-06 -2.346e-06 -2.375e-06 -2.414e-06 -2.462e-06 -2.520e-06 -2.589e-06 -2.672e-06 -2.772e-06 -2.895e-06 -3.052e-06 -3.256e-06 -3.528e-06 -3.898e-06 -4.400e-06 -5.078e-06 -5.977e-06 -7.136e-06 -8.576e-06 -1.028e-05 -1.214e-05 -1.397e-05 -1.539e-05 -1.577e-05 -1.419e-05 -9.272e-06  9.055e-07  1.903e-05  4.885e-05  9.563e-05 	
-6.337e-05  1.014e-05 -7.041e-06 -5.847e-06 -5.075e-06 -4.584e-06 -4.211e-06 -3.913e-06 -3.671e-06 -3.473e-06 -3.311e-06 -3.177e-06 -3.067e-06 -2.977e-06 -2.905e-06 -2.849e-06 -2.806e-06 -2.776e-06 -2.757e-06 -2.750e-06 -2.753e-06 -2.768e-06 -2.793e-06 -2.828e-06 -2.875e-06 -2.934e-06 -3.005e-06 -3.093e-06 -3.199e-06 -3.332e-06 -3.501e-06 -3.724e-06 -4.022e-06 -4.428e-06 -4.982e-06 -5.730e-06 -6.722e-06 -8.003e-06 -9.595e-06 -1.148e-05 -1.354e-05 -1.557e-05 -1.714e-05 -1.757e-05 -1.584e-05 -1.043e-05  7.987e-07  2.080e-05  5.372e-05  1.054e-04 	
-6.541e-05  4.692e-06 -9.047e-06 -7.459e-06 -6.431e-06 -5.752e-06 -5.239e-06 -4.834e-06 -4.509e-06 -4.245e-06 -4.028e-06 -3.849e-06 -3.702e-06 -3.580e-06 -3.481e-06 -3.401e-06 -3.338e-06 -3.291e-06 -3.258e-06 -3.239e-06 -3.232e-06 -3.239e-06 -3.258e-06 -3.289e-06 -3.334e-06 -3.392e-06 -3.464e-06 -3.555e-06 -3.667e-06 -3.808e-06 -3.990e-06 -4.231e-06 -4.556e-06 -5.001e-06 -5.609e-06 -6.432e-06 -7.527e-06 -8.941e-06 -1.070e-05 -1.278e-05 -1.507e-05 -1.731e-05 -1.905e-05 -1.954e-05 -1.764e-05 -1.166e-05  7.413e-07  2.285e-05  5.925e-05  1.164e-04 	
-6.771e-05 -1.144e-06 -1.133e-05 -9.322e-06 -8.002e-06 -7.105e-06 -6.432e-06 -5.906e-06 -5.485e-06 -5.144e-06 -4.864e-06 -4.633e-06 -4.442e-06 -4.283e-06 -4.153e-06 -4.046e-06 -3.961e-06 -3.895e-06 -3.847e-06 -3.814e-06 -3.798e-06 -3.796e-06 -3.809e-06 -3.837e-06 -3.881e-06 -3.939e-06 -4.015e-06 -4.111e-06 -4.231e-06 -4.384e-06 -4.583e-06 -4.848e-06 -5.207e-06 -5.698e-06 -6.371e-06 -7.284e-06 -8.498e-06 -1.007e-05 -1.202e-05 -1.433e-05 -1.688e-05 -1.937e-05 -2.132e-05 -2.187e-05 -1.977e-05 -1.317e-05  5.617e-07  2.506e-05  6.539e-05  1.287e-04 	
-7.045e-05 -7.735e-06 -1.402e-05 -1.154e-05 -9.871e-06 -8.719e-06 -7.857e-06 -7.186e-06 -6.651e-06 -6.218e-06 -5.864e-06 -5.570e-06 -5.327e-06 -5.125e-06 -4.957e-06 -4.820e-06 -4.708e-06 -4.620e-06 -4.553e-06 -4.505e-06 -4.477e-06 -4.466e-06 -4.473e-06 -4.498e-06 -4.540e-06 -4.601e-06 -4.681e-06 -4.785e-06 -4.916e-06 -5.085e-06 -5.305e-06 -5.599e-06 -5.998e-06 -6.546e-06 -7.296e-06 -8.315e-06 -9.669e-06 -1.142e-05 -1.360e-05 -1.618e-05 -1.902e-05 -2.181e-05 -2.399e-05 -2.463e-05 -2.232e-05 -1.500e-05  2.436e-07  2.746e-05  7.230e-05  1.427e-04 	
-7.379e-05 -1.545e-05 -1.726e-05 -1.422e-05 -1.215e-05 -1.069e-05 -9.595e-06 -8.748e-06 -8.075e-06 -7.531e-06 -7.084e-06 -6.714e-06 -6.406e-06 -6.150e-06 -5.935e-06 -5.758e-06 -5.612e-06 -5.495e-06 -5.404e-06 -5.336e-06 -5.291e-06 -5.268e-06 -5.265e-06 -5.283e-06 -5.322e-06 -5.382e-06 -5.464e-06 -5.574e-06 -5.715e-06 -5.898e-06 -6.140e-06 -6.464e-06 -6.907e-06 -7.516e-06 -8.352e-06 -9.488e-06 -1.100e-05 -1.296e-05 -1.539e-05 -1.828e-05 -2.146e-05 -2.458e-05 -2.703e-05 -2.776e-05 -2.521e-05 -1.706e-05 -7.639e-08  3.027e-05  8.030e-05  1.589e-04 	
-7.791e-05 -2.473e-05 -2.125e-05 -1.756e-05 -1.497e-05 -1.313e-05 -1.176e-05 -1.069e-05 -9.847e-06 -9.163e-06 -8.601e-06 -8.135e-06 -7.746e-06 -7.419e-06 -7.146e-06 -6.918e-06 -6.729e-06 -6.574e-06 -6.452e-06 -6.358e-06 -6.291e-06 -6.250e-06 -6.233e-06 -6.241e-06 -6.274e-06 -6.331e-06 -6.415e-06 -6.529e-06 -6.680e-06 -6.879e-06 -7.144e-06 -7.503e-06 -7.995e-06 -8.674e-06 -9.608e-06 -1.088e-05 -1.258e-05 -1.477e-05 -1.751e-05 -2.075e-05 -2.432e-05 -2.784e-05 -3.060e-05 -3.144e-05 -2.860e-05 -1.950e-05 -4.894e-07  3.351e-05  8.956e-05  1.776e-04 	
-8.303e-05 -3.612e-05 -2.622e-05 -2.176e-05 -1.854e-05 -1.622e-05 -1.449e-05 -1.315e-05 -1.209e-05 -1.123e-05 -1.052e-05 -9.929e-06 -9.436e-06 -9.021e-06 -8.671e-06 -8.377e-06 -8.132e-06 -7.929e-06 -7.765e-06 -7.636e-06 -7.540e-06 -7.474e-06 -7.439e-06 -7.433e-06 -7.455e-06 -7.507e-06 -7.590e-06 -7.708e-06 -7.869e-06 -8.085e-06 -8.376e-06 -8.773e-06 -9.322e-06 -1.008e-05 -1.113e-05 -1.256e-05 -1.447e-05 -1.695e-05 -2.004e-05 -2.369e-05 -2.773e-05 -3.171e-05 -3.485e-05 -3.582e-05 -3.265e-05 -2.243e-05 -1.047e-06  3.722e-05  1.003e-04  1.996e-04 	
-8.953e-05 -5.041e-05 -3.248e-05 -2.714e-05 -2.314e-05 -2.021e-05 -1.802e-05 -1.632e-05 -1.498e-05 -1.388e-05 -1.298e-05 -1.223e-05 -1.161e-05 -1.107e-05 -1.062e-05 -1.024e-05 -9.925e-06 -9.658e-06 -9.439e-06 -9.262e-06 -9.126e-06 -9.028e-06 -8.965e-06 -8.938e-06 -8.945e-06 -8.987e-06 -9.066e-06 -9.186e-06 -9.356e-06 -9.590e-06 -9.910e-06 -1.035e-05 -1.097e-05 -1.182e-05 -1.301e-05 -1.463e-05 -1.679e-05 -1.960e-05 -2.310e-05 -2.726e-05 -3.185e-05 -3.638e-05 -3.996e-05 -4.110e-05 -3.754e-05 -2.600e-05 -1.806e-06  4.153e-05  1.130e-04  2.255e-04 	
-9.807e-05 -6.874e-05 -4.044e-05 -3.413e-05 -2.916e-05 -2.544e-05 -2.264e-05 -2.048e-05 -1.876e-05 -1.736e-05 -1.621e-05 -1.525e-05 -1.444e-05 -1.376e-05 -1.317e-05 -1.268e-05 -1.226e-05 -1.190e-05 -1.161e-05 -1.137e-05 -1.118e-05 -1.103e-05 -1.093e-05 -1.087e-05 -1.086e-05 -1.088e-05 -1.095e-05 -1.107e-05 -1.125e-05 -1.150e-05 -1.185e-05 -1.234e-05 -1.303e-05 -1.400e-05 -1.535e-05 -1.719e-05 -1.966e-05 -2.286e-05 -2.687e-05 -3.162e-05 -3.688e-05 -4.208e-05 -4.619e-05 -4.753e-05 -4.352e-05 -3.040e-05 -2.848e-06  4.655e-05  1.281e-04  2.564e-04 	
-1.099e-04 -9.293e-05 -5.067e-05 -4.335e-05 -3.718e-05 -3.243e-05 -2.883e-05 -2.604e-05 -2.382e-05 -2.201e-05 -2.052e-05 -1.927e-05 -1.822e-05 -1.732e-05 -1.656e-05 -1.591e-05 -1.535e-05 -1.488e-05 -1.448e-05 -1.415e-05 -1.388e-05 -1.367e-05 -1.351e-05 -1.341e-05 -1.336e-05 -1.336e-05 -1.341e-05 -1.352e-05 -1.370e-05 -1.397e-05 -1.435e-05 -1.490e-05 -1.568e-05 -1.678e-05 -1.832e-05 -2.043e-05 -2.327e-05 -2.696e-05 -3.157e-05 -3.705e-05 -4.312e-05 -4.913e-05 -5.390e-05 -5.550e-05 -5.094e-05 -3.592e-05 -4.297e-06  5.245e-05  1.462e-04  2.937e-04 	
-1.274e-04 -1.261e-04 -6.402e-05 -5.560e-05 -4.803e-05 -4.195e-05 -3.728e-05 -3.363e-05 -3.072e-05 -2.836e-05 -2.640e-05 -2.475e-05 -2.336e-05 -2.218e-05 -2.116e-05 -2.029e-05 -1.954e-05 -1.890e-05 -1.836e-05 -1.790e-05 -1.752e-05 -1.721e-05 -1.698e-05 -1.680e-05 -1.670e-05 -1.665e-05 -1.667e-05 -1.677e-05 -1.694e-05 -1.722e-05 -1.764e-05 -1.826e-05 -1.914e-05 -2.040e-05 -2.217e-05 -2.461e-05 -2.790e-05 -3.218e-05 -3.755e-05 -4.393e-05 -5.100e-05 -5.802e-05 -6.361e-05 -6.552e-05 -6.032e-05 -4.296e-05 -6.342e-06  5.945e-05  1.682e-04  3.394e-04 	
-1.555e-04 -1.742e-04 -8.208e-05 -7.199e-05 -6.284e-05 -5.515e-05 -4.907e-05 -4.426e-05 -4.039e-05 -3.723e-05 -3.461e-05 -3.241e-05 -3.054e-05 -2.894e-05 -2.757e-05 -2.639e-05 -2.537e-05 -2.449e-05 -2.373e-05 -2.309e-05 -2.255e-05 -2.210e-05 -2.174e-05 -2.147e-05 -2.127e-05 -2.116e-05 -2.113e-05 -2.118e-05 -2.134e-05 -2.163e-05 -2.208e-05 -2.276e-05 -2.377e-05 -2.522e-05 -2.727e-05 -3.012e-05 -3.397e-05 -3.899e-05 -4.529e-05 -5.280e-05 -6.114e-05 -6.942e-05 -7.605e-05 -7.839e-05 -7.238e-05 -5.213e-05 -9.276e-06  6.781e-05  1.953e-04  3.961e-04 	
-2.032e-04 -2.483e-04 -1.085e-04 -9.425e-05 -8.316e-05 -7.360e-05 -6.579e-05 -5.945e-05 -5.427e-05 -4.999e-05 -4.642e-05 -4.341e-05 -4.085e-05 -3.865e-05 -3.676e-05 -3.512e-05 -3.370e-05 -3.246e-05 -3.140e-05 -3.048e-05 -2.969e-05 -2.903e-05 -2.849e-05 -2.805e-05 -2.772e-05 -2.749e-05 -2.737e-05 -2.736e-05 -2.748e-05 -2.775e-05 -2.823e-05 -2.898e-05 -3.013e-05 -3.181e-05 -3.421e-05 -3.757e-05 -4.212e-05 -4.809e-05 -5.559e-05 -6.454e-05 -7.449e-05 -8.441e-05 -9.238e-05 -9.527e-05 -8.827e-05 -6.435e-05 -1.358e-05  7.788e-05  2.293e-04  4.678e-04 	
-2.871e-04 -3.708e-04 -1.532e-04 -1.263e-04 -1.114e-04 -9.948e-05 -8.965e-05 -8.146e-05 -7.459e-05 -6.881e-05 -6.391e-05 -5.974e-05 -5.616e-05 -5.307e-05 -5.039e-05 -4.806e-05 -4.603e-05 -4.426e-05 -4.271e-05 -4.137e-05 -4.021e-05 -3.921e-05 -3.837e-05 -3.768e-05 -3.713e-05 -3.671e-05 -3.643e-05 -3.630e-05 -3.633e-05 -3.655e-05 -3.703e-05 -3.786e-05 -3.916e-05 -4.111e-05 -4.396e-05 -4.796e-05 -5.342e-05 -6.061e-05 -6.967e-05 -8.050e-05 -9.257e-05 -1.046e-04 -1.144e-04 -1.180e-04 -1.098e-04 -8.111e-05 -2.006e-05  9.010e-05  2.726e-04  5.603e-04 	
-4.339e-04 -5.853e-04 -2.435e-04 -1.805e-04 -1.535e-04 -1.366e-04 -1.238e-04 -1.134e-04 -1.045e-04 -9.688e-05 -9.029e-05 -8.456e-05 -7.957e-05 -7.520e-05 -7.137e-05 -6.800e-05 -6.504e-05 -6.243e-05 -6.013e-05 -5.812e-05 -5.635e-05 -5.482e-05 -5.350e-05 -5.238e-05 -5.146e-05 -5.071e-05 -5.016e-05 -4.979e-05 -4.964e-05 -4.975e-05 -5.018e-05 -5.105e-05 -5.251e-05 -5.480e-05 -5.819e-05 -6.303e-05 -6.968e-05 -7.848e-05 -8.962e-05 -1.030e-04 -1.179e-04 -1.329e-04 -1.450e-04 -1.497e-04 -1.398e-04 -1.049e-04 -3.014e-05  1.050e-04  3.291e-04  6.825e-04 	
-6.796e-04 -9.708e-04 -4.494e-04 -2.982e-04 -2.322e-04 -1.976e-04 -1.761e-04 -1.608e-04 -1.488e-04 -1.388e-04 -1.301e-04 -1.225e-04 -1.158e-04 -1.098e-04 -1.044e-04 -9.965e-05 -9.537e-05 -9.154e-05 -8.812e-05 -8.506e-05 -8.235e-05 -7.995e-05 -7.784e-05 -7.601e-05 -7.444e-05 -7.313e-05 -7.207e-05 -7.128e-05 -7.077e-05 -7.060e-05 -7.086e-05 -7.169e-05 -7.330e-05 -7.596e-05 -8.004e-05 -8.597e-05 -9.422e-05 -1.052e-04 -1.192e-04 -1.361e-04 -1.550e-04 -1.740e-04 -1.895e-04 -1.958e-04 -1.837e-04 -1.401e-04 -4.652e-05  1.231e-04  4.047e-04  8.489e-04 	
-1.053e-03 -1.651e-03 -9.288e-04 -6.028e-04 -4.322e-04 -3.381e-04 -2.827e-04 -2.476e-04 -2.237e-04 -2.061e-04 -1.925e-04 -1.813e-04 -1.719e-04 -1.636e-04 -1.564e-04 -1.498e-04 -1.440e-04 -1.386e-04 -1.338e-04 -1.294e-04 -1.254e-04 -1.218e-04 -1.186e-04 -1.157e-04 -1.131e-04 -1.109e-04 -1.090e-04 -1.075e-04 -1.063e-04 -1.056e-04 -1.055e-04 -1.062e-04 -1.078e-04 -1.109e-04 -1.158e-04 -1.232e-04 -1.336e-04 -1.477e-04 -1.658e-04 -1.877e-04 -2.123e-04 -2.372e-04 -2.577e-04 -2.663e-04 -2.512e-04 -1.954e-04 -7.464e-05  1.446e-04  5.090e-04  1.084e-03 	
-1.512e-03 -2.747e-03 -1.964e-03 -1.395e-03 -1.014e-03 -7.667e-04 -6.042e-04 -4.952e-04 -4.201e-04 -3.670e-04 -3.285e-04 -2.997e-04 -2.776e-04 -2.601e-04 -2.460e-04 -2.344e-04 -2.245e-04 -2.159e-04 -2.085e-04 -2.019e-04 -1.961e-04 -1.908e-04 -1.861e-04 -1.819e-04 -1.782e-04 -1.748e-04 -1.719e-04 -1.695e-04 -1.675e-04 -1.661e-04 -1.655e-04 -1.658e-04 -1.676e-04 -1.712e-04 -1.774e-04 -1.870e-04 -2.007e-04 -2.195e-04 -2.438e-04 -2.734e-04 -3.070e-04 -3.411e-04 -3.695e-04 -3.819e-04 -3.625e-04 -2.881e-04 -1.263e-04  1.684e-04  6.587e-04  1.433e-03 	
-1.771e-03 -4.140e-03 -3.824e-03 -3.179e-03 -2.563e-03 -2.064e-03 -1.677e-03 -1.380e-03 -1.151e-03 -9.750e-04 -8.377e-04 -7.302e-04 -6.451e-04 -5.772e-04 -5.225e-04 -4.781e-04 -4.417e-04 -4.116e-04 -3.866e-04 -3.656e-04 -3.478e-04 -3.327e-04 -3.199e-04 -3.089e-04 -2.994e-04 -2.913e-04 -2.844e-04 -2.786e-04 -2.739e-04 -2.703e-04 -2.680e-04 -2.673e-04 -2.688e-04 -2.732e-04 -2.814e-04 -2.946e-04 -3.141e-04 -3.412e-04 -3.764e-04 -4.197e-04 -4.690e-04 -5.195e-04 -5.623e-04 -5.826e-04 -5.577e-04 -4.544e-04 -2.262e-04  1.913e-04  8.875e-04  1.987e-03 	
-8.722e-04 -4.679e-03 -5.871e-03 -5.981e-03 -5.609e-03 -5.091e-03 -4.556e-03 -4.055e-03 -3.603e-03 -3.205e-03 -2.858e-03 -2.557e-03 -2.297e-03 -2.071e-03 -1.874e-03 -1.704e-03 -1.555e-03 -1.424e-03 -1.310e-03 -1.209e-03 -1.119e-03 -1.040e-03 -9.698e-04 -9.072e-04 -8.512e-04 -8.013e-04 -7.567e-04 -7.169e-04 -6.816e-04 -6.506e-04 -6.241e-04 -6.023e-04 -5.860e-04 -5.763e-04 -5.747e-04 -5.830e-04 -6.035e-04 -6.379e-04 -6.875e-04 -7.521e-04 -8.283e-04 -9.086e-04 -9.788e-04 -1.015e-03 -9.823e-04 -8.281e-04 -4.802e-04  1.610e-04  1.232e-03  2.923e-03 	
 3.855e-03 -1.332e-04 -3.567e-03 -5.939e-03 -7.303e-03 -8.025e-03 -8.342e-03 -8.406e-03 -8.312e-03 -8.122e-03 -7.876e-03 -7.599e-03 -7.309e-03 -7.016e-03 -6.728e-03 -6.447e-03 -6.176e-03 -5.916e-03 -5.668e-03 -5.432e-03 -5.206e-03 -4.991e-03 -4.786e-03 -4.591e-03 -4.404e-03 -4.226e-03 -4.057e-03 -3.895e-03 -3.741e-03 -3.596e-03 -3.459e-03 -3.333e-03 -3.218e-03 -3.118e-03 -3.034e-03 -2.972e-03 -2.935e-03 -2.927e-03 -2.949e-03 -3.000e-03 -3.073e-03 -3.152e-03 -3.209e-03 -3.200e-03 -3.057e-03 -2.687e-03 -1.962e-03 -7.103e-04  1.298e-03  4.380e-03 	
 1.943e-02  2.143e-02  1.875e-02  1.476e-02  1.087e-02  7.400e-03  4.403e-03  1.857e-03 -2.948e-04 -2.112e-03 -3.649e-03 -4.953e-03 -6.065e-03 -7.016e-03 -7.834e-03 -8.542e-03 -9.156e-03 -9.691e-03 -1.016e-02 -1.057e-02 -1.093e-02 -1.124e-02 -1.152e-02 -1.176e-02 -1.197e-02 -1.215e-02 -1.231e-02 -1.244e-02 -1.256e-02 -1.265e-02 -1.273e-02 -1.280e-02 -1.286e-02 -1.292e-02 -1.298e-02 -1.306e-02 -1.314e-02 -1.324e-02 -1.335e-02 -1.345e-02 -1.351e-02 -1.349e-02 -1.329e-02 -1.279e-02 -1.182e-02 -1.017e-02 -7.541e-03 -3.592e-03  2.133e-03  1.025e-02 	
 6.466e-02  8.995e-02  1.006e-01  1.056e-01  1.077e-01  1.080e-01  1.072e-01  1.058e-01  1.039e-01  1.018e-01  9.969e-02  9.758e-02  9.555e-02  9.362e-02  9.182e-02  9.015e-02  8.859e-02  8.714e-02  8.578e-02  8.451e-02  8.330e-02  8.214e-02  8.103e-02  7.995e-02  7.890e-02  7.786e-02  7.683e-02  7.582e-02  7.481e-02  7.380e-02  7.280e-02  7.180e-02  7.080e-02  6.979e-02  6.879e-02  6.778e-02  6.677e-02  6.576e-02  6.476e-02  6.380e-02  6.289e-02  6.213e-02  6.160e-02  6.153e-02  6.221e-02  6.419e-02  6.826e-02  7.568e-02  8.835e-02  1.091e-01 	
 1.923e-01  2.827e-01  3.311e-01  3.654e-01  3.920e-01  4.134e-01  4.311e-01  4.461e-01  4.591e-01  4.706e-01  4.811e-01  4.909e-01  5.002e-01  5.094e-01  5.184e-01  5.274e-01  5.364e-01  5.454e-01  5.544e-01  5.633e-01  5.721e-01  5.808e-01  5.893e-01  5.975e-01  6.055e-01  6.132e-01  6.205e-01  6.275e-01  6.342e-01  6.404e-01  6.463e-01  6.519e-01  6.571e-01  6.619e-01  6.664e-01  6.706e-01  6.746e-01  6.782e-01  6.816e-01  6.847e-01  6.876e-01  6.901e-01  6.923e-01  6.938e-01  6.944e-01  6.936e-01  6.905e-01  6.839e-01  6.719e-01  6.517e-01 	
 2.737e-01  3.892e-01  4.463e-01  4.846e-01  5.130e-01  5.349e-01  5.522e-01  5.663e-01  5.780e-01  5.880e-01  5.969e-01  6.050e-01  6.128e-01  6.204e-01  6.280e-01  6.357e-01  6.435e-01  6.513e-01  6.592e-01  6.671e-01  6.750e-01  6.827e-01  6.902e-01  6.975e-01  7.046e-01  7.113e-01  7.178e-01  7.238e-01  7.295e-01  7.348e-01  7.398e-01  7.443e-01  7.485e-01  7.524e-01  7.559e-01  7.592e-01  7.621e-01  7.648e-01  7.673e-01  7.695e-01  7.715e-01  7.732e-01  7.746e-01  7.755e-01  7.758e-01  7.752e-01  7.734e-01  7.701e-01  7.648e-01  7.568e-01 	
 3.342e-01  4.575e-01  5.091e-01  5.392e-01  5.596e-01  5.746e-01  5.860e-01  5.951e-01  6.026e-01  6.090e-01  6.148e-01  6.204e-01  6.259e-01  6.316e-01  6.376e-01  6.439e-01  6.504e-01  6.571e-01  6.641e-01  6.711e-01  6.782e-01  6.852e-01  6.921e-01  6.989e-01  7.054e-01  7.117e-01  7.177e-01  7.234e-01  7.287e-01  7.337e-01  7.384e-01  7.426e-01  7.466e-01  7.502e-01  7.536e-01  7.566e-01  7.594e-01  7.620e-01  7.643e-01  7.665e-01  7.684e-01  7.702e-01  7.718e-01  7.731e-01  7.741e-01  7.747e-01  7.748e-01  7.741e-01  7.723e-01  7.691e-01 	
 3.844e-01  5.092e-01  5.512e-01  5.715e-01  5.844e-01  5.939e-01  6.013e-01  6.075e-01  6.128e-01  6.176e-01  6.221e-01  6.268e-01  6.316e-01  6.368e-01  6.424e-01  6.484e-01  6.547e-01  6.613e-01  6.682e-01  6.752e-01  6.822e-01  6.892e-01  6.961e-01  7.029e-01  7.094e-01  7.158e-01  7.218e-01  7.275e-01  7.328e-01  7.379e-01  7.425e-01  7.469e-01  7.509e-01  7.545e-01  7.579e-01  7.610e-01  7.638e-01  7.663e-01  7.686e-01  7.708e-01  7.727e-01  7.744e-01  7.760e-01  7.773e-01  7.784e-01  7.792e-01  7.796e-01  7.793e-01  7.783e-01  7.762e-01 	
 4.282e-01  5.521e-01  5.854e-01  5.979e-01  6.052e-01  6.107e-01  6.155e-01  6.197e-01  6.235e-01  6.273e-01  6.310e-01  6.350e-01  6.394e-01  6.443e-01  6.496e-01  6.554e-01  6.615e-01  6.680e-01  6.748e-01  6.816e-01  6.886e-01  6.955e-01  7.024e-01  7.091e-01  7.156e-01  7.218e-01  7.278e-01  7.334e-01  7.388e-01  7.437e-01  7.483e-01  7.526e-01  7.566e-01  7.602e-01  7.635e-01  7.665e-01  7.693e-01  7.718e-01  7.741e-01  7.762e-01  7.780e-01  7.797e-01  7.812e-01  7.826e-01  7.836e-01  7.844e-01  7.848e-01  7.846e-01  7.837e-01  7.818e-01 	
 4.633e-01  5.858e-01  6.142e-01  6.222e-01  6.260e-01  6.288e-01  6.315e-01  6.340e-01  6.365e-01  6.391e-01  6.420e-01  6.452e-01  6.490e-01  6.533e-01  6.582e-01  6.636e-01  6.694e-01  6.757e-01  6.822e-01  6.888e-01  6.956e-01  7.023e-01  7.090e-01  7.156e-01  7.219e-01  7.280e-01  7.338e-01  7.394e-01  7.446e-01  7.494e-01  7.539e-01  7.581e-01  7.620e-01  7.655e-01  7.688e-01  7.717e-01  7.745e-01  7.769e-01  7.792e-01  7.812e-01  7.831e-01  7.848e-01  7.862e-01  7.875e-01  7.886e-01  7.893e-01  7.896e-01  7.893e-01  7.881e-01  7.859e-01 	
 4.852e-01  6.053e-01  6.325e-01  6.400e-01  6.433e-01  6.457e-01  6.477e-01  6.497e-01  6.516e-01  6.536e-01  6.559e-01  6.586e-01  6.619e-01  6.658e-01  6.703e-01  6.753e-01  6.808e-01  6.867e-01  6.929e-01  6.993e-01  7.058e-01  7.123e-01  7.187e-01  7.249e-01  7.310e-01  7.369e-01  7.425e-01  7.478e-01  7.527e-01  7.574e-01  7.617e-01  7.657e-01  7.694e-01  7.728e-01  7.758e-01  7.787e-01  7.813e-01  7.836e-01  7.858e-01  7.878e-01  7.896e-01  7.912e-01  7.927e-01  7.939e-01  7.948e-01  7.952e-01  7.951e-01  7.942e-01  7.922e-01  7.887e-01 	
 4.784e-01  5.905e-01  6.162e-01  6.258e-01  6.320e-01  6.373e-01  6.421e-01  6.465e-01  6.505e-01  6.544e-01  6.583e-01  6.625e-01  6.670e-01  6.720e-01  6.775e-01  6.834e-01  6.897e-01  6.963e-01  7.031e-01  7.100e-01  7.170e-01  7.239e-01  7.308e-01  7.374e-01  7.438e-01  7.499e-01  7.557e-01  7.612e-01  7.664e-01  7.712e-01  7.757e-01  7.798e-01  7.836e-01  7.870e-01  7.902e-01  7.931e-01  7.958e-01  7.982e-01  8.004e-01  8.024e-01  8.042e-01  8.056e-01  8.068e-01  8.074e-01  8.074e-01  8.065e-01  8.044e-01  8.007e-01  7.948e-01  7.861e-01 	
 4.002e-01  4.880e-01  5.040e-01  5.091e-01  5.135e-01  5.184e-01  5.237e-01  5.292e-01  5.347e-01  5.402e-01  5.459e-01  5.518e-01  5.581e-01  5.647e-01  5.717e-01  5.791e-01  5.868e-01  5.946e-01  6.027e-01  6.107e-01  6.188e-01  6.268e-01  6.346e-01  6.423e-01  6.497e-01  6.568e-01  6.637e-01  6.702e-01  6.764e-01  6.822e-01  6.877e-01  6.929e-01  6.977e-01  7.022e-01  7.064e-01  7.103e-01  7.140e-01  7.174e-01  7.206e-01  7.235e-01  7.261e-01  7.285e-01  7.304e-01  7.316e-01  7.320e-01  7.307e-01  7.271e-01  7.198e-01  7.067e-01  6.847e-01 	
 1.376e-01  1.616e-01  1.590e-01  1.519e-01  1.449e-01  1.385e-01  1.328e-01  1.275e-01  1.228e-01  1.184e-01  1.145e-01  1.109e-01  1.077e-01  1.048e-01  1.022e-01  9.984e-02  9.770e-02  9.576e-02  9.396e-02  9.230e-02  9.074e-02  8.926e-02  8.786e-02  8.650e-02  8.519e-02  8.392e-02  8.268e-02  8.145e-02  8.025e-02  7.907e-02  7.789e-02  7.673e-02  7.558e-02  7.444e-02  7.330e-02  7.217e-02  7.105e-02  6.994e-02  6.884e-02  6.778e-02  6.679e-02  6.595e-02  6.536e-02  6.525e-02  6.592e-02  6.794e-02  7.214e-02  7.985e-02  9.302e-02  1.146e-01 	
 4.420e-02  4.347e-02  3.335e-02  2.382e-02  1.645e-02  1.083e-02  6.473e-03  3.049e-03  3.127e-04 -1.904e-03 -3.719e-03 -5.220e-03 -6.472e-03 -7.525e-03 -8.418e-03 -9.181e-03 -9.836e-03 -1.040e-02 -1.089e-02 -1.132e-02 -1.169e-02 -1.202e-02 -1.230e-02 -1.254e-02 -1.275e-02 -1.293e-02 -1.308e-02 -1.321e-02 -1.332e-02 -1.341e-02 -1.348e-02 -1.354e-02 -1.359e-02 -1.364e-02 -1.370e-02 -1.376e-02 -1.384e-02 -1.393e-02 -1.403e-02 -1.413e-02 -1.418e-02 -1.414e-02 -1.392e-02 -1.339e-02 -1.237e-02 -1.063e-02 -7.884e-03 -3.765e-03  2.196e-03  1.064e-02 	
 1.137e-02  4.429e-03 -2.826e-03 -6.866e-03 -8.781e-03 -9.599e-03 -9.844e-03 -9.780e-03 -9.549e-03 -9.229e-03 -8.866e-03 -8.488e-03 -8.110e-03 -7.740e-03 -7.385e-03 -7.047e-03 -6.726e-03 -6.421e-03 -6.134e-03 -5.862e-03 -5.604e-03 -5.360e-03 -5.129e-03 -4.909e-03 -4.701e-03 -4.502e-03 -4.314e-03 -4.134e-03 -3.964e-03 -3.804e-03 -3.653e-03 -3.513e-03 -3.386e-03 -3.274e-03 -3.181e-03 -3.109e-03 -3.064e-03 -3.049e-03 -3.066e-03 -3.112e-03 -3.182e-03 -3.258e-03 -3.311e-03 -3.296e-03 -3.143e-03 -2.757e-03 -2.005e-03 -7.122e-04  1.359e-03  4.534e-03 	
 7.350e-04 -5.243e-03 -7.793e-03 -7.846e-03 -7.127e-03 -6.273e-03 -5.472e-03 -4.768e-03 -4.166e-03 -3.655e-03 -3.222e-03 -2.855e-03 -2.542e-03 -2.276e-03 -2.048e-03 -1.851e-03 -1.681e-03 -1.533e-03 -1.403e-03 -1.290e-03 -1.190e-03 -1.101e-03 -1.022e-03 -9.523e-04 -8.898e-04 -8.338e-04 -7.837e-04 -7.388e-04 -6.988e-04 -6.633e-04 -6.325e-04 -6.067e-04 -5.865e-04 -5.731e-04 -5.680e-04 -5.730e-04 -5.905e-04 -6.222e-04 -6.694e-04 -7.318e-04 -8.062e-04 -8.847e-04 -9.527e-04 -9.863e-04 -9.489e-04 -7.876e-04 -4.283e-04  2.306e-04  1.328e-03  3.059e-03 	
-1.922e-03 -5.522e-03 -5.322e-03 -4.230e-03 -3.256e-03 -2.524e-03 -1.988e-03 -1.596e-03 -1.305e-03 -1.087e-03 -9.218e-04 -7.942e-04 -6.948e-04 -6.163e-04 -5.537e-04 -5.031e-04 -4.618e-04 -4.278e-04 -3.993e-04 -3.754e-04 -3.550e-04 -3.375e-04 -3.224e-04 -3.092e-04 -2.977e-04 -2.875e-04 -2.784e-04 -2.705e-04 -2.635e-04 -2.576e-04 -2.529e-04 -2.498e-04 -2.488e-04 -2.505e-04 -2.560e-04 -2.665e-04 -2.832e-04 -3.074e-04 -3.398e-04 -3.802e-04 -4.265e-04 -4.739e-04 -5.134e-04 -5.297e-04 -5.000e-04 -3.905e-04 -1.541e-04  2.747e-04  9.866e-04  2.108e-03 	
-2.016e-03 -3.779e-03 -2.679e-03 -1.759e-03 -1.192e-03 -8.524e-04 -6.439e-04 -5.116e-04 -4.247e-04 -3.655e-04 -3.239e-04 -2.935e-04 -2.706e-04 -2.526e-04 -2.381e-04 -2.260e-04 -2.156e-04 -2.065e-04 -1.982e-04 -1.907e-04 -1.837e-04 -1.772e-04 -1.710e-04 -1.651e-04 -1.595e-04 -1.542e-04 -1.490e-04 -1.442e-04 -1.396e-04 -1.353e-04 -1.317e-04 -1.288e-04 -1.270e-04 -1.270e-04 -1.293e-04 -1.347e-04 -1.441e-04 -1.583e-04 -1.777e-04 -2.022e-04 -2.303e-04 -2.587e-04 -2.811e-04 -2.871e-04 -2.607e-04 -1.788e-04 -8.712e-06  2.952e-04  7.958e-04  1.582e-03 	
-1.623e-03 -2.297e-03 -1.159e-03 -6.145e-04 -3.655e-04 -2.464e-04 -1.861e-04 -1.535e-04 -1.347e-04 -1.229e-04 -1.149e-04 -1.088e-04 -1.039e-04 -9.952e-05 -9.551e-05 -9.169e-05 -8.798e-05 -8.431e-05 -8.065e-05 -7.698e-05 -7.330e-05 -6.958e-05 -6.581e-05 -6.200e-05 -5.814e-05 -5.423e-05 -5.026e-05 -4.626e-05 -4.227e-05 -3.835e-05 -3.461e-05 -3.124e-05 -2.848e-05 -2.671e-05 -2.638e-05 -2.805e-05 -3.232e-05 -3.973e-05 -5.059e-05 -6.473e-05 -8.110e-05 -9.722e-05 -1.085e-04 -1.075e-04 -8.266e-05 -1.711e-05  1.129e-04  3.404e-04  7.114e-04  1.290e-03 	
-1.642e-03 -1.728e-03 -7.367e-04 -3.813e-04 -2.291e-04 -1.504e-04 -1.031e-04 -7.140e-05 -4.853e-05 -3.119e-05 -1.758e-05 -6.609e-06  2.432e-06  1.003e-05  1.655e-05  2.225e-05  2.733e-05  3.196e-05  3.626e-05  4.033e-05  4.425e-05  4.810e-05  5.193e-05  5.579e-05  5.971e-05  6.372e-05  6.783e-05  7.207e-05  7.641e-05  8.081e-05  8.521e-05  8.949e-05  9.346e-05  9.686e-05  9.939e-05  1.006e-04  1.002e-04  9.769e-05  9.290e-05  8.597e-05  7.769e-05  6.985e-05  6.577e-05  7.094e-05  9.377e-05  1.466e-04  2.468e-04  4.189e-04  6.968e-04  1.128e-03 	
-2.938e-03 -2.696e-03 -1.745e-03 -1.387e-03 -1.191e-03 -1.056e-03 -9.520e-04 -8.672e-04 -7.964e-04 -7.362e-04 -6.844e-04 -6.391e-04 -5.992e-04 -5.637e-04 -5.318e-04 -5.028e-04 -4.763e-04 -4.518e-04 -4.290e-04 -4.077e-04 -3.876e-04 -3.686e-04 -3.503e-04 -3.328e-04 -3.158e-04 -2.993e-04 -2.831e-04 -2.672e-04 -2.516e-04 -2.361e-04 -2.208e-04 -2.056e-04 -1.907e-04 -1.760e-04 -1.617e-04 -1.479e-04 -1.347e-04 -1.222e-04 -1.103e-04 -9.873e-05 -8.680e-05 -7.323e-05 -5.580e-05 -3.100e-05  6.463e-06  6.431e-05  1.535e-04  2.897e-04  4.945e-04  7.993e-04 	
